[ 1316.407048] 5693 1500 1500 1500 1500 67 46 0 67 52 0 67 42 0 67 44 0 13969 1208750 15704 72610 1132500 81504
[ 1316.607055] 5694 1500 1500 1500 1500 67 46 0 67 52 0 67 42 0 67 44 0 13969 1208750 15704 72610 1132500 81504
[ 1316.807050] 5695 1500 1500 1500 1500 67 46 0 67 52 0 67 42 0 67 44 0 13969 1210000 15730 72610 1132500 81504
[ 1317.007024] 5696 1500 1500 1500 1500 67 46 0 67 52 0 67 42 0 67 44 0 13969 1208750 15704 72884 1132500 81504
[ 1317.207013] 5697 1500 1500 1500 1500 67 46 0 67 52 0 67 42 0 67 44 0 13969 1208750 15704 69870 1132500 78108
[ 1317.407013] 5698 1500 1500 1500 1500 67 46 0 67 52 0 67 42 0 67 44 0 13969 1208750 15704 69870 1132500 78108
[ 1317.607013] 5699 1500 1500 1500 1500 67 46 0 67 52 0 67 42 0 67 44 0 13969 1208750 15704 67952 1132500 75844
[ 1317.807013] 5700 1500 1500 1500 1500 67 46 0 67 52 0 67 42 0 67 44 0 13969 1208750 15704 66034 1132500 74712
[ 1318.007001] 5701 1500 1500 1500 1500 67 46 0 67 52 0 67 42 0 67 44 0 13725 1208750 15704 69870 1132500 78108
[ 1318.207015] 5702 1500 1500 1500 1500 67 46 0 67 52 0 67 42 0 67 44 0 13725 1208750 15704 69870 1132500 78108
[ 1318.407012] 5703 1500 1500 1500 1500 67 46 0 67 52 0 67 42 0 67 44 0 13969 1208750 15704 69048 1132500 78108
[ 1318.607015] 5704 1500 1500 1500 1500 67 46 0 67 52 0 67 42 0 67 44 0 13969 1208750 15704 77816 1132500 87164
[ 1318.807015] 5705 1500 1500 1500 1500 67 46 0 67 52 0 67 42 0 67 44 0 13969 1210000 15730 64938 1132500 72448
[ 1319.007025] 5706 1500 1500 1500 1500 67 46 0 67 52 0 67 42 0 67 44 0 13969 1210000 15730 64938 1132500 72448
[ 1319.207015] 5707 1500 1500 1500 1500 67 46 0 67 52 0 67 42 0 67 44 0 13969 1208750 15704 65486 1132500 73580
[ 1319.407014] 5708 1500 1500 1500 1500 67 46 0 67 52 0 67 42 0 67 44 0 13969 1208750 15704 68774 1132500 76976
[ 1319.607014] 5709 1500 1500 1500 1500 67 46 0 67 52 0 67 42 0 67 44 0 13969 1208750 15704 66034 1132500 74712
[ 1319.807051] 5710 1500 1500 1500 1500 67 46 0 67 52 0 67 42 0 67 44 0 13969 1208750 15704 66034 1132500 74712
[ 1320.007024] 5711 1500 1500 1500 1500 67 46 0 67 52 0 67 42 0 67 44 0 13969 1208750 15704 69322 1132500 78108
[ 1320.207015] 5712 1500 1500 1500 1500 67 46 0 67 52 0 67 42 0 67 44 0 13969 1208750 15704 70966 1132500 79240
[ 1320.407015] 5713 1500 1500 1500 1500 67 46 0 67 52 0 67 42 0 67 44 0 13969 1210000 15730 69870 1132500 78108
[ 1320.607021] 5714 1500 1500 1500 1500 67 46 0 67 52 0 67 42 0 67 44 0 13969 1210000 15730 69870 1132500 78108
[ 1320.807017] 5715 1500 1500 1500 1500 67 46 0 67 52 0 67 42 0 67 44 0 13969 1208750 15704 71240 1132500 80372
[ 1321.007027] 5716 1500 1500 1500 1500 67 46 0 67 52 0 67 42 0 67 44 0 13969 1210000 15730 83570 1132500 93956
[ 1321.207015] 5717 1500 1500 1500 1500 67 46 0 67 52 0 67 42 0 67 44 0 13969 1208750 15704 69596 1132500 78108
[ 1321.406999] 5718 1500 1500 1500 1500 67 46 0 67 52 0 67 42 0 67 44 0 13969 1208750 15704 69596 1132500 78108
[ 1321.607015] 5719 1500 1500 1500 1500 67 46 0 67 52 0 67 42 0 67 44 0 13969 1210000 15730 69596 1132500 78108
[ 1321.807015] 5720 1500 1500 1500 1500 67 46 0 67 52 0 67 42 0 67 44 0 13969 1208750 15704 70966 1132500 79240
[ 1322.007025] 5721 1500 1500 1500 1500 67 46 0 67 52 0 67 42 0 67 44 0 13725 1210000 15730 70692 1132500 79240
[ 1322.207014] 5722 1500 1500 1500 1500 67 46 0 67 52 0 67 42 0 67 44 0 13725 1210000 15730 72336 1132500 81504
[ 1322.407015] 5723 1500 1500 1500 1500 67 46 0 67 52 0 67 42 0 67 44 0 13725 1210000 15730 72336 1132500 81504
[ 1322.607015] 5724 1500 1500 1500 1500 67 46 0 67 52 0 67 42 0 67 44 0 13969 1208750 15704 71514 1132500 80372
[ 1322.807015] 5725 1500 1500 1500 1500 67 46 0 67 52 0 67 42 0 67 44 0 13725 1208750 15704 65760 1132500 73580
[ 1323.007025] 5726 1500 1500 1500 1500 67 46 0 67 52 0 67 42 0 67 44 0 13725 1208750 15704 69322 1132500 78108
[ 1323.207015] 5727 1500 1500 1500 1500 67 46 0 67 52 0 67 42 0 67 44 0 13725 1208750 15704 69322 1132500 78108
[ 1323.407015] 5728 1500 1500 1500 1500 67 46 0 67 52 0 67 42 0 67 44 0 13969 1208750 15704 65760 1132500 73580
[ 1323.607016] 5729 1500 1500 1500 1500 67 46 0 67 52 0 67 42 0 67 44 0 13969 1208750 15704 65760 1132500 73580
[ 1323.807015] 5730 1500 1500 1500 1500 67 46 0 67 52 0 67 42 0 67 44 0 14274 1208750 16912 75076 1132500 84900
[ 1324.007025] 5731 1500 1500 1500 1500 67 46 0 67 52 0 67 42 0 67 44 0 14274 1208750 16912 75076 1132500 84900
[ 1324.207012] 5732 1500 1500 1500 1500 67 46 0 67 52 0 67 42 0 67 44 0 13969 1208750 15704 70144 1132500 79240
[ 1324.407015] 5733 1500 1500 1500 1500 67 46 0 67 52 0 67 42 0 67 44 0 13725 1210000 15730 72884 1132500 81504
[ 1324.607015] 5734 1500 1500 1500 1500 67 46 0 67 52 0 67 42 0 67 44 0 13725 1210000 15730 71514 1132500 80372
[ 1324.807015] 5735 1500 1500 1500 1500 67 46 0 67 52 0 67 42 0 67 44 0 13725 1210000 15730 71514 1132500 80372
[ 1325.007025] 5736 1500 1500 1500 1500 67 46 0 67 52 0 67 42 0 67 44 0 13969 1210000 15730 68500 1132500 76976
[ 1325.207015] 5737 1500 1500 1500 1500 67 46 0 67 52 0 67 42 0 67 44 0 13969 1210000 15730 66308 1132500 74712
[ 1325.407015] 5738 1500 1500 1500 1500 67 46 0 67 52 0 67 42 0 67 44 0 13969 1208750 15704 76446 1132500 86032
[ 1325.607015] 5739 1500 1500 1500 1500 67 46 0 67 52 0 67 42 0 67 44 0 13969 1208750 15704 76446 1132500 86032
[ 1325.807015] 5740 1500 1500 1500 1500 67 46 0 67 52 0 67 42 0 67 44 0 13969 1208750 15704 69870 1132500 78108
[ 1326.007025] 5741 1500 1500 1500 1500 67 46 0 67 52 0 67 42 0 67 44 0 14274 1208750 16912 72884 1132500 81504
[ 1326.207015] 5742 1500 1500 1500 1500 67 46 0 67 52 0 67 42 0 67 44 0 13725 1210000 15730 72336 1132500 81504
[ 1326.407016] 5743 1500 1500 1500 1500 67 46 0 67 52 0 67 42 0 67 44 0 13725 1210000 15730 72336 1132500 81504
[ 1326.607013] 5744 1500 1500 1500 1500 67 46 0 67 52 0 67 42 0 67 44 0 13969 1210000 15730 69322 1132500 78108
[ 1326.807017] 5745 1500 1500 1500 1500 67 46 0 67 52 0 67 42 0 67 44 0 13969 1210000 15730 68774 1132500 76976
[ 1327.007026] 5746 1500 1500 1500 1500 67 46 0 67 52 0 67 42 0 67 44 0 13969 1208750 15704 67678 1132500 75844
[ 1327.207016] 5747 1500 1500 1500 1500 67 46 0 67 52 0 67 42 0 67 44 0 13969 1208750 15704 67678 1132500 75844
[ 1327.407015] 5748 1500 1500 1500 1500 67 46 0 67 52 0 67 42 0 67 44 0 13969 1208750 15704 74528 1132500 83768
[ 1327.607015] 5749 1500 1500 1500 1500 67 46 0 67 52 0 67 42 0 67 44 0 13969 1208750 15704 71514 1132500 80372
[ 1327.807014] 5750 1500 1500 1500 1500 67 46 0 67 52 0 67 42 0 67 44 0 14274 1210000 16940 69596 1132500 78108
[ 1328.007002] 5751 1500 1500 1500 1500 67 46 0 67 52 0 67 42 0 67 44 0 13969 1208750 15704 75350 1132500 84900
[ 1328.207015] 5752 1500 1500 1500 1500 67 46 0 67 52 0 67 42 0 67 44 0 13969 1208750 15704 75350 1132500 84900
[ 1328.407015] 5753 1500 1500 1500 1500 67 46 0 67 52 0 67 42 0 67 44 0 13969 1210000 15730 69596 1132500 78108
[ 1328.607015] 5754 1500 1500 1500 1500 67 46 0 67 52 0 67 42 0 67 44 0 13969 1208750 15704 72062 1132500 81504
[ 1328.807011] 5755 1500 1500 1500 1500 67 46 0 67 52 0 67 42 0 67 44 0 13725 1208750 15704 70692 1132500 79240
[ 1329.007026] 5756 1500 1500 1500 1500 67 46 0 67 52 0 67 42 0 67 44 0 13725 1208750 15704 70692 1132500 79240
[ 1329.207016] 5757 1500 1500 1500 1500 67 46 0 67 52 0 67 42 0 67 44 0 13969 1210000 15730 70144 1132500 79240
[ 1329.407015] 5758 1500 1500 1500 1500 67 46 0 67 52 0 67 42 0 67 44 0 13725 1210000 15730 70692 1132500 79240
[ 1329.607017] 5759 1500 1500 1500 1500 67 46 0 67 52 0 67 42 0 67 44 0 13969 1208750 15704 74254 1132500 83768
[ 1329.807017] 5760 1500 1500 1500 1500 67 46 0 67 52 0 67 42 0 67 44 0 13969 1208750 15704 74254 1132500 83768
[ 1330.007025] 5761 1500 1500 1500 1500 67 46 0 67 52 0 67 42 0 67 44 0 13969 1210000 15730 80282 1132500 90560
[ 1330.207016] 5762 1500 1500 1500 1500 67 46 0 67 52 0 67 42 0 67 44 0 13969 1210000 15730 76172 1132500 86032
[ 1330.407015] 5763 1500 1500 1500 1500 67 46 0 67 52 0 67 42 0 67 44 0 13969 1208750 15704 74254 1132500 83768
[ 1330.607016] 5764 1500 1500 1500 1500 67 46 0 67 52 0 67 42 0 67 44 0 13969 1208750 15704 74254 1132500 83768
[ 1330.807051] 5765 1500 1500 1500 1500 67 46 0 67 52 0 67 42 0 67 44 0 13969 1208750 15704 68774 1132500 76976
[ 1331.007036] 5766 1500 1500 1500 1500 68 46 0 68 52 0 68 42 0 68 44 0 14274 1208750 16912 66856 1132500 74712
[ 1331.207022] 5767 1500 1500 1500 1500 68 46 0 68 52 0 68 42 0 68 44 0 13969 1208750 15704 959274 1137500 1090383
[ 1331.407025] 5768 1500 1500 1500 1500 68 46 0 68 52 0 68 42 0 68 44 0 13969 1208750 15704 959274 1137500 1090383
[ 1331.607026] 5769 1500 1500 1500 1500 68 46 0 68 52 0 68 42 0 68 44 0 13725 1208750 15704 1018184 1137500 1157466
[ 1331.807026] 5770 1500 1500 1500 1500 68 46 0 68 52 0 68 42 0 68 44 0 13969 1208750 15704 1021198 1137500 1160877
[ 1332.007034] 5771 1500 1500 1500 1500 69 46 0 69 52 0 69 42 0 69 44 0 13969 1208750 15704 1023390 1137500 1163151
[ 1332.207025] 5772 1500 1500 1500 1500 69 46 0 69 52 0 69 42 0 69 44 0 13969 1208750 15704 1023390 1137500 1163151
[ 1332.407025] 5773 1500 1500 1500 1500 69 46 0 69 52 0 69 42 0 69 44 0 14274 1208750 16912 1025034 1137500 1165425
[ 1332.607027] 5774 1500 1500 1500 1500 69 46 0 69 52 0 69 42 0 69 44 0 13969 1208750 15704 1023116 1137500 1163151
[ 1332.807025] 5775 1500 1500 1500 1500 69 46 0 69 52 0 69 42 0 69 44 0 13969 1208750 15704 1024212 1137500 1164288
[ 1333.007036] 5776 1500 1500 1500 1500 70 46 0 70 52 0 70 42 0 70 44 0 13969 1208750 15704 1024212 1137500 1164288
[ 1333.207025] 5777 1500 1500 1500 1500 70 46 0 70 52 0 70 42 0 70 44 0 13969 1208750 15704 1023390 1137500 1163151
[ 1333.407071] 5778 1500 1500 1500 1500 70 46 0 70 52 0 70 42 0 70 44 0 14274 1208750 16912 1024212 1137500 1164288
[ 1333.607014] 5779 1500 1500 1500 1500 70 46 0 70 52 0 70 42 0 70 44 0 13969 1208750 15704 911324 1136250 1034896
[ 1333.806998] 5780 1500 1500 1500 1500 70 46 0 70 52 0 70 42 0 70 44 0 13969 1208750 15704 911324 1136250 1034896
[ 1334.007024] 5781 1500 1500 1500 1500 69 46 0 69 52 0 69 42 0 69 44 0 14274 1208750 16912 84392 1132500 95088
[ 1334.207015] 5782 1500 1500 1500 1500 69 46 0 69 52 0 69 42 0 69 44 0 14274 1208750 16912 81104 1132500 91692
[ 1334.407016] 5783 1500 1500 1500 1500 69 46 0 69 52 0 69 42 0 69 44 0 14274 1208750 16912 78638 1132500 88296
[ 1334.606993] 5784 1500 1500 1500 1500 69 46 0 69 52 0 69 42 0 69 44 0 14274 1208750 16912 127410 1132500 143764
[ 1334.807015] 5785 1500 1500 1500 1500 69 46 0 69 52 0 69 42 0 69 44 0 14274 1208750 16912 127410 1132500 143764
[ 1335.007025] 5786 1500 1500 1500 1500 69 46 0 69 52 0 69 42 0 69 44 0 13969 1210000 15730 75076 1132500 84900
[ 1335.207015] 5787 1500 1500 1500 1500 69 46 0 69 52 0 69 42 0 69 44 0 14274 1210000 16940 73706 1132500 82636
[ 1335.407015] 5788 1500 1500 1500 1500 69 46 0 69 52 0 69 42 0 69 44 0 13969 1210000 15730 71788 1132500 80372
[ 1335.607017] 5789 1500 1500 1500 1500 69 46 0 69 52 0 69 42 0 69 44 0 13969 1210000 15730 71788 1132500 80372
[ 1335.807015] 5790 1500 1500 1500 1500 69 46 0 69 52 0 69 42 0 69 44 0 14274 1208750 16912 75350 1132500 84900
[ 1336.007025] 5791 1500 1500 1500 1500 69 46 0 69 52 0 69 42 0 69 44 0 13969 1208750 15704 75076 1132500 84900
[ 1336.207015] 5792 1500 1500 1500 1500 69 46 0 69 52 0 69 42 0 69 44 0 13969 1208750 15704 71788 1132500 80372
[ 1336.407016] 5793 1500 1500 1500 1500 69 46 0 69 52 0 69 42 0 69 44 0 13969 1208750 15704 71788 1132500 80372
[ 1336.607015] 5794 1500 1500 1500 1500 69 46 0 69 52 0 69 42 0 69 44 0 14274 1208750 16912 69322 1132500 78108
[ 1336.807015] 5795 1500 1500 1500 1500 69 46 0 69 52 0 69 42 0 69 44 0 14274 1208750 16912 67952 1132500 75844
[ 1337.007020] 5796 1500 1500 1500 1500 68 46 0 68 52 0 68 42 0 68 44 0 13969 1208750 15704 66856 1132500 74712
[ 1337.207015] 5797 1500 1500 1500 1500 68 46 0 68 52 0 68 42 0 68 44 0 13969 1208750 15704 66856 1132500 74712
[ 1337.407015] 5798 1500 1500 1500 1500 68 46 0 68 52 0 68 42 0 68 44 0 13969 1208750 15704 68774 1132500 76976
[ 1337.607015] 5799 1500 1500 1500 1500 68 46 0 68 52 0 68 42 0 68 44 0 13969 1208750 15704 70144 1132500 79240
[ 1337.807015] 5800 1500 1500 1500 1500 68 46 0 68 52 0 68 42 0 68 44 0 14274 1210000 16940 70418 1132500 79240
[ 1338.007024] 5801 1500 1500 1500 1500 68 46 0 68 52 0 68 42 0 68 44 0 14274 1210000 16940 70418 1132500 79240
[ 1338.207015] 5802 1500 1500 1500 1500 68 46 0 68 52 0 68 42 0 68 44 0 13969 1208750 15704 67952 1132500 75844
[ 1338.407015] 5803 1500 1500 1500 1500 68 46 0 68 52 0 68 42 0 68 44 0 13969 1210000 15730 68774 1132500 76976
