 8300.080001 39355 800 800 800 800 73 46 0 73 52 0 73 42 0 73 44 0 14518 1208750 16912 503338 907500 456221
 8300.279953 39356 800 800 800 800 73 46 0 73 52 0 73 42 0 73 44 0 14518 1208750 16912 503338 907500 456221
 8300.484872 39357 800 800 800 800 73 46 0 73 52 0 73 42 0 73 44 0 14518 1210000 16940 478404 907500 433546
 8300.685056 39358 800 800 800 800 73 46 0 73 52 0 73 42 0 73 44 0 14274 1210000 16940 475664 907500 430825
 8300.884947 39359 800 800 800 800 73 46 0 73 52 0 73 42 0 73 44 0 14518 1210000 16940 507722 908750 460356
 8301.084963 39360 800 800 800 800 73 46 0 73 52 0 73 42 0 73 44 0 14518 1210000 16940 507722 908750 460356
 8301.284944 39361 800 800 800 800 73 46 0 73 52 0 73 42 0 73 44 0 14518 1210000 16940 516764 908750 468528
 8301.484944 39362 800 800 800 800 73 46 0 73 52 0 73 42 0 73 44 0 14274 1210000 16940 516490 908750 468528
 8301.684944 39363 800 800 800 800 73 46 0 73 52 0 73 42 0 73 44 0 14518 1210000 16940 515668 908750 467620
 8301.884943 39364 800 800 800 800 73 46 0 73 52 0 73 42 0 73 44 0 14518 1210000 16940 515668 908750 467620
 8302.084960 39365 800 800 800 800 73 46 0 73 52 0 73 42 0 73 44 0 14274 1210000 16940 516216 908750 468528
 8302.284944 39366 800 800 800 800 73 46 0 73 52 0 73 42 0 73 44 0 14518 1210000 16940 516490 908750 468528
 8302.484937 39367 800 800 800 800 73 46 0 73 52 0 73 42 0 73 44 0 14274 1210000 16940 517860 908750 469436
 8302.684926 39368 800 800 800 800 73 46 0 73 52 0 73 42 0 73 44 0 14274 1210000 16940 517860 908750 469436
 8302.884944 39369 800 800 800 800 73 46 0 73 52 0 73 42 0 73 44 0 14274 1210000 16940 519230 907500 470733
 8303.084961 39370 800 800 800 800 73 46 0 73 52 0 73 42 0 73 44 0 14518 1210000 16940 518956 908750 470344
 8303.284944 39371 800 800 800 800 73 46 0 73 52 0 73 42 0 73 44 0 14274 1210000 16940 518956 908750 470344
 8303.484918 39372 800 800 800 800 73 46 0 73 52 0 73 42 0 73 44 0 14518 1210000 16940 521696 908750 473068
 8303.684947 39373 800 800 800 800 73 46 0 73 52 0 73 42 0 73 44 0 14518 1210000 16940 521696 908750 473068
 8303.884946 39374 800 800 800 800 73 46 0 73 52 0 73 42 0 73 44 0 14518 1210000 16940 518956 908750 470344
 8304.084961 39375 800 800 800 800 73 46 0 73 52 0 73 42 0 73 44 0 14274 1210000 16940 520326 907500 471640
 8304.284944 39376 800 800 800 800 73 46 0 73 52 0 73 42 0 73 44 0 14518 1208750 16912 518956 908750 470344
 8304.484945 39377 800 800 800 800 73 46 0 73 52 0 73 42 0 73 44 0 14518 1208750 16912 518956 908750 470344
 8304.684944 39378 800 800 800 800 73 46 0 73 52 0 73 42 0 73 44 0 14274 1210000 16940 521422 908750 473068
 8304.884938 39379 800 800 800 800 73 46 0 73 52 0 73 42 0 73 44 0 14274 1210000 16940 520874 908750 472160
 8305.084999 39380 800 800 800 800 73 46 0 73 52 0 73 42 0 73 44 0 14274 1210000 16940 520874 908750 472160
 8305.284945 39381 800 800 800 800 73 46 0 73 52 0 73 42 0 73 44 0 14274 1210000 16940 520874 908750 472160
 8305.484945 39382 800 800 800 800 73 46 0 73 52 0 73 42 0 73 44 0 14518 1208750 16912 518956 908750 470344
 8305.684945 39383 800 800 800 800 73 46 0 73 52 0 73 42 0 73 44 0 14518 1210000 16940 519504 908750 471252
 8305.884944 39384 800 800 800 800 73 46 0 73 52 0 73 42 0 73 44 0 14518 1210000 16940 518134 907500 469826
 8306.084961 39385 800 800 800 800 73 46 0 73 52 0 73 42 0 73 44 0 14518 1210000 16940 518134 907500 469826
 8306.284945 39386 800 800 800 800 73 46 0 73 52 0 73 42 0 73 44 0 14518 1208750 16912 517312 908750 469436
 8306.484945 39387 800 800 800 800 73 46 0 73 52 0 73 42 0 73 44 0 14274 1210000 16940 520052 908750 472160
 8306.684947 39388 800 800 800 800 73 46 0 73 52 0 73 42 0 73 44 0 14518 1210000 16940 518956 908750 470344
 8306.884945 39389 800 800 800 800 73 46 0 73 52 0 73 42 0 73 44 0 14518 1210000 16940 518956 908750 470344
 8307.084961 39390 800 800 800 800 73 46 0 73 52 0 73 42 0 73 44 0 14274 1210000 16940 518956 908750 470344
 8307.284938 39391 800 800 800 800 73 46 0 73 52 0 73 42 0 73 44 0 14518 1210000 16940 516490 908750 468528
 8307.484945 39392 800 800 800 800 73 46 0 73 52 0 73 42 0 73 44 0 14518 1208750 16912 515942 908750 467620
 8307.684945 39393 800 800 800 800 73 46 0 73 52 0 73 42 0 73 44 0 14518 1208750 16912 515942 908750 467620
 8307.884945 39394 800 800 800 800 73 46 0 73 52 0 73 42 0 73 44 0 14518 1210000 16940 515942 908750 467620
 8308.084960 39395 800 800 800 800 73 46 0 73 52 0 73 42 0 73 44 0 14518 1210000 16940 516216 908750 468528
 8308.284944 39396 800 800 800 800 73 46 0 73 52 0 73 42 0 73 44 0 14274 1210000 16940 517038 908750 469436
 8308.484944 39397 800 800 800 800 73 46 0 73 52 0 73 42 0 73 44 0 14274 1210000 16940 517038 908750 469436
 8308.684945 39398 800 800 800 800 73 46 0 73 52 0 73 42 0 73 44 0 14518 1210000 16940 518408 908750 470344
 8308.884944 39399 800 800 800 800 73 46 0 73 52 0 73 42 0 73 44 0 14518 1210000 16940 518134 908750 470344
 8309.084961 39400 800 800 800 800 73 46 0 73 52 0 73 42 0 73 44 0 14518 1208750 16912 518134 908750 470344
 8309.284926 39401 800 800 800 800 73 46 0 73 52 0 73 42 0 73 44 0 14518 1208750 16912 518134 908750 470344
 8309.484944 39402 800 800 800 800 73 46 0 73 52 0 73 42 0 73 44 0 14518 1210000 16940 517038 908750 469436
 8309.684940 39403 800 800 800 800 73 46 0 73 52 0 73 42 0 73 44 0 14518 1210000 16940 517038 908750 469436
 8309.884944 39404 800 800 800 800 73 46 0 73 52 0 73 42 0 73 44 0 14274 1210000 16940 516764 908750 468528
 8310.084962 39405 800 800 800 800 73 46 0 73 52 0 73 42 0 73 44 0 14518 1210000 16940 519504 908750 471252
 8310.284944 39406 800 800 800 800 73 46 0 73 52 0 73 42 0 73 44 0 14518 1210000 16940 519504 908750 471252
 8310.484943 39407 800 800 800 800 73 46 0 73 52 0 73 42 0 73 44 0 14518 1210000 16940 518682 908750 470344
 8310.684944 39408 800 800 800 800 73 46 0 73 52 0 73 42 0 73 44 0 14274 1210000 16940 518134 908750 470344
 8310.884944 39409 800 800 800 800 73 46 0 73 52 0 73 42 0 73 44 0 14518 1210000 16940 518408 908750 470344
 8311.084963 39410 800 800 800 800 73 46 0 73 52 0 73 42 0 73 44 0 14518 1210000 16940 518408 908750 470344
 8311.284945 39411 800 800 800 800 73 46 0 73 52 0 73 42 0 73 44 0 14518 1210000 16940 516764 908750 468528
 8311.484945 39412 800 800 800 800 73 46 0 73 52 0 73 42 0 73 44 0 14274 1208750 16912 515668 908750 467620
 8311.684945 39413 800 800 800 800 73 46 0 73 52 0 73 42 0 73 44 0 14518 1210000 16940 516216 908750 468528
 8311.884943 39414 800 800 800 800 73 46 0 73 52 0 73 42 0 73 44 0 14518 1210000 16940 516216 908750 468528
 8312.084954 39415 800 800 800 800 73 46 0 73 52 0 73 42 0 73 44 0 14518 1210000 16940 518956 908750 470344
 8312.284945 39416 800 800 800 800 73 46 0 73 52 0 73 42 0 73 44 0 14518 1210000 16940 518682 908750 470344
 8312.484944 39417 800 800 800 800 73 46 0 73 52 0 73 42 0 73 44 0 14518 1208750 16912 518408 908750 470344
 8312.684947 39418 800 800 800 800 73 46 0 73 52 0 73 42 0 73 44 0 14518 1208750 16912 518408 908750 470344
 8312.884944 39419 800 800 800 800 73 46 0 73 52 0 73 42 0 73 44 0 14518 1210000 16940 518956 908750 470344
 8313.084961 39420 800 800 800 800 73 46 0 73 52 0 73 42 0 73 44 0 14274 1208750 16912 517586 908750 469436
 8313.284945 39421 800 800 800 800 73 46 0 73 52 0 73 42 0 73 44 0 14518 1210000 16940 518408 908750 470344
 8313.484944 39422 800 800 800 800 73 46 0 73 52 0 73 42 0 73 44 0 14518 1210000 16940 518408 908750 470344
 8313.684945 39423 800 800 800 800 73 46 0 73 52 0 73 42 0 73 44 0 14274 1210000 16940 519230 908750 471252
 8313.884945 39424 800 800 800 800 73 46 0 73 52 0 73 42 0 73 44 0 14274 1210000 16940 518956 908750 470344
 8314.084962 39425 800 800 800 800 73 46 0 73 52 0 73 42 0 73 44 0 14274 1210000 16940 519778 908750 471252
 8314.284946 39426 800 800 800 800 73 46 0 73 52 0 73 42 0 73 44 0 14274 1210000 16940 519778 908750 471252
 8314.484939 39427 800 800 800 800 73 46 0 73 52 0 73 42 0 73 44 0 14518 1210000 16940 520874 908750 472160
 8314.684945 39428 800 800 800 800 73 46 0 73 52 0 73 42 0 73 44 0 14518 1210000 16940 519230 908750 471252
 8314.884945 39429 800 800 800 800 73 46 0 73 52 0 73 42 0 73 44 0 14518 1210000 16940 518956 908750 470344
 8315.084961 39430 800 800 800 800 73 46 0 73 52 0 73 42 0 73 44 0 14518 1210000 16940 518956 908750 470344
 8315.284944 39431 800 800 800 800 73 46 0 73 52 0 73 42 0 73 44 0 14518 1208750 16912 518956 908750 470344
 8315.484945 39432 800 800 800 800 73 46 0 73 52 0 73 42 0 73 44 0 14274 1210000 16940 518408 908750 470344
 8315.684947 39433 800 800 800 800 73 46 0 73 52 0 73 42 0 73 44 0 14274 1210000 16940 516764 908750 468528
 8315.884919 39434 800 800 800 800 73 46 0 73 52 0 73 42 0 73 44 0 14518 1210000 16940 519778 907500 470733
 8316.084961 39435 800 800 800 800 73 46 0 73 52 0 73 42 0 73 44 0 14518 1210000 16940 519778 907500 470733
 8316.284945 39436 800 800 800 800 73 46 0 73 52 0 73 42 0 73 44 0 14518 1210000 16940 520600 908750 472160
 8316.484945 39437 800 800 800 800 73 46 0 73 52 0 73 42 0 73 44 0 14518 1210000 16940 520052 908750 472160
 8316.684937 39438 800 800 800 800 73 46 0 73 52 0 73 42 0 73 44 0 14518 1210000 16940 517312 908750 469436
 8316.884944 39439 800 800 800 800 73 46 0 73 52 0 73 42 0 73 44 0 14518 1210000 16940 517312 908750 469436
 8317.084960 39440 800 800 800 800 73 46 0 73 52 0 73 42 0 73 44 0 14274 1208750 16912 517586 908750 469436
 8317.284945 39441 800 800 800 800 73 46 0 73 52 0 73 42 0 73 44 0 14518 1210000 16940 516490 907500 468012
 8317.484944 39442 800 800 800 800 73 46 0 73 52 0 73 42 0 73 44 0 14274 1210000 16940 516216 908750 468528
 8317.684945 39443 800 800 800 800 73 46 0 73 52 0 73 42 0 73 44 0 14274 1210000 16940 516216 908750 468528
 8317.884945 39444 800 800 800 800 73 46 0 73 52 0 73 42 0 73 44 0 14518 1208750 16912 518408 908750 470344
 8318.084961 39445 800 800 800 800 73 46 0 73 52 0 73 42 0 73 44 0 14518 1210000 16940 519778 908750 471252
 8318.284944 39446 800 800 800 800 73 46 0 73 52 0 73 42 0 73 44 0 14518 1208750 16912 518956 908750 470344
 8318.484944 39447 800 800 800 800 73 46 0 73 52 0 73 42 0 73 44 0 14518 1208750 16912 518956 908750 470344
 8318.684947 39448 800 800 800 800 73 46 0 73 52 0 73 42 0 73 44 0 14762 1208750 16912 518134 908750 470344
 8318.884945 39449 800 800 800 800 73 46 0 73 52 0 73 42 0 73 44 0 14274 1210000 16940 517586 908750 469436
 8319.084938 39450 800 800 800 800 73 46 0 73 52 0 73 42 0 73 44 0 14518 1210000 16940 518134 908750 470344
 8319.284945 39451 800 800 800 800 73 46 0 73 52 0 73 42 0 73 44 0 14518 1210000 16940 518134 908750 470344
 8319.484945 39452 800 800 800 800 73 46 0 73 52 0 73 42 0 73 44 0 14518 1210000 16940 517038 908750 469436
 8319.684945 39453 800 800 800 800 73 46 0 73 52 0 73 42 0 73 44 0 14518 1208750 16912 518956 908750 470344
 8319.884943 39454 800 800 800 800 73 46 0 73 52 0 73 42 0 73 44 0 14274 1210000 16940 518134 908750 470344
 8320.084961 39455 800 800 800 800 73 46 0 73 52 0 73 42 0 73 44 0 14274 1210000 16940 518134 908750 470344
 8320.284945 39456 800 800 800 800 73 46 0 73 52 0 73 42 0 73 44 0 14518 1208750 16912 518956 908750 470344
 8320.484944 39457 800 800 800 800 73 46 0 73 52 0 73 42 0 73 44 0 14274 1210000 16940 517586 908750 469436
 8320.684945 39458 800 800 800 800 73 46 0 73 52 0 73 42 0 73 44 0 14518 1208750 16912 515668 908750 467620
 8320.884945 39459 800 800 800 800 73 46 0 73 52 0 73 42 0 73 44 0 14518 1208750 16912 515668 908750 467620
 8321.084960 39460 800 800 800 800 73 46 0 73 52 0 73 42 0 73 44 0 14518 1208750 16912 516216 908750 468528
 8321.284945 39461 800 800 800 800 73 46 0 73 52 0 73 42 0 73 44 0 14518 1210000 16940 517038 908750 469436
 8321.484937 39462 800 800 800 800 73 46 0 73 52 0 73 42 0 73 44 0 14518 1208750 16912 518408 908750 470344
 8321.684929 39463 800 800 800 800 73 46 0 73 52 0 73 42 0 73 44 0 14518 1208750 16912 518408 908750 470344
 8321.884945 39464 800 800 800 800 73 46 0 73 52 0 73 42 0 73 44 0 14518 1208750 16912 518956 907500 469826
 8322.084961 39465 800 800 800 800 73 46 0 73 52 0 73 42 0 73 44 0 14274 1210000 16940 518134 907500 469826
 8322.284945 39466 800 800 800 800 73 46 0 73 52 0 73 42 0 73 44 0 14274 1210000 16940 519778 908750 471252
 8322.484920 39467 800 800 800 800 73 46 0 73 52 0 73 42 0 73 44 0 14274 1208750 16912 518408 908750 470344
 8322.684945 39468 800 800 800 800 73 46 0 73 52 0 73 42 0 73 44 0 14274 1208750 16912 518408 908750 470344
 8322.884944 39469 800 800 800 800 73 46 0 73 52 0 73 42 0 73 44 0 14518 1208750 16912 518682 908750 470344
 8323.084960 39470 800 800 800 800 73 46 0 73 52 0 73 42 0 73 44 0 14518 1208750 16912 519230 908750 471252
 8323.284945 39471 800 800 800 800 73 46 0 73 52 0 73 42 0 73 44 0 14518 1208750 16912 520600 908750 472160
 8323.484944 39472 800 800 800 800 73 46 0 73 52 0 73 42 0 73 44 0 14518 1208750 16912 520600 908750 472160
 8323.684945 39473 800 800 800 800 73 46 0 73 52 0 73 42 0 73 44 0 14274 1210000 16940 520600 907500 471640
 8323.884938 39474 800 800 800 800 73 46 0 73 52 0 73 42 0 73 44 0 14274 1210000 16940 521148 907500 472547
 8324.084960 39475 800 800 800 800 73 46 0 73 52 0 73 42 0 73 44 0 14518 1208750 16912 521422 908750 473068
 8324.284945 39476 800 800 800 800 73 46 0 73 52 0 73 42 0 73 44 0 14518 1208750 16912 521422 908750 473068
 8324.484945 39477 800 800 800 800 73 46 0 73 52 0 73 42 0 73 44 0 14518 1208750 16912 519230 908750 471252
 8324.684948 39478 800 800 800 800 73 46 0 73 52 0 73 42 0 73 44 0 14518 1210000 16940 519504 908750 471252
 8324.884945 39479 800 800 800 800 73 46 0 73 52 0 73 42 0 73 44 0 14518 1208750 16912 525258 908750 476700
 8325.084962 39480 800 800 800 800 73 46 0 73 52 0 73 42 0 73 44 0 14518 1208750 16912 525258 908750 476700
 8325.284944 39481 800 800 800 800 73 46 0 73 52 0 73 42 0 73 44 0 14518 1208750 16912 518956 908750 470344
 8325.484945 39482 800 800 800 800 73 46 0 73 52 0 73 42 0 73 44 0 14518 1210000 16940 519504 908750 471252
 8325.684945 39483 800 800 800 800 73 46 0 73 52 0 73 42 0 73 44 0 14274 1208750 16912 519778 908750 471252
 8325.884945 39484 800 800 800 800 73 46 0 73 52 0 73 42 0 73 44 0 14274 1208750 16912 519778 908750 471252
 8326.084962 39485 800 800 800 800 73 46 0 73 52 0 73 42 0 73 44 0 14518 1208750 16912 518956 908750 470344
 8326.284938 39486 800 800 800 800 73 46 0 73 52 0 73 42 0 73 44 0 14274 1208750 16912 516764 908750 468528
 8326.484944 39487 800 800 800 800 73 46 0 73 52 0 73 42 0 73 44 0 14518 1208750 16912 515942 908750 467620
 8326.684945 39488 800 800 800 800 73 46 0 73 52 0 73 42 0 73 44 0 14518 1208750 16912 515942 908750 467620
 8326.884944 39489 800 800 800 800 73 46 0 73 52 0 73 42 0 73 44 0 14518 1210000 16940 516216 908750 468528
 8327.084961 39490 800 800 800 800 73 46 0 73 52 0 73 42 0 73 44 0 14518 1210000 16940 516764 908750 468528
 8327.284945 39491 800 800 800 800 73 46 0 73 52 0 73 42 0 73 44 0 14518 1208750 16912 517586 908750 469436
 8327.484945 39492 800 800 800 800 73 46 0 73 52 0 73 42 0 73 44 0 14518 1208750 16912 517586 908750 469436
 8327.684947 39493 800 800 800 800 73 46 0 73 52 0 73 42 0 73 44 0 14518 1208750 16912 517038 908750 469436
 8327.884944 39494 800 800 800 800 73 46 0 73 52 0 73 42 0 73 44 0 14274 1208750 16912 518956 908750 470344
 8328.084960 39495 800 800 800 800 73 46 0 73 52 0 73 42 0 73 44 0 14518 1208750 16912 518134 908750 470344
 8328.284927 39496 800 800 800 800 73 46 0 73 52 0 73 42 0 73 44 0 14518 1208750 16912 518134 908750 470344
 8328.484945 39497 800 800 800 800 73 46 0 73 52 0 73 42 0 73 44 0 14518 1208750 16912 516764 908750 468528
 8328.684937 39498 800 800 800 800 73 46 0 73 52 0 73 42 0 73 44 0 14518 1208750 16912 516490 908750 468528
 8328.884945 39499 800 800 800 800 73 46 0 73 52 0 73 42 0 73 44 0 14518 1208750 16912 516216 907500 468012
 8329.084961 39500 800 800 800 800 73 46 0 73 52 0 73 42 0 73 44 0 14518 1208750 16912 517586 907500 468919
 8329.284944 39501 800 800 800 800 73 46 0 73 52 0 73 42 0 73 44 0 14518 1208750 16912 517586 907500 468919
 8329.484945 39502 800 800 800 800 73 46 0 73 52 0 73 42 0 73 44 0 14518 1210000 16940 518956 908750 470344
 8329.684945 39503 800 800 800 800 73 46 0 73 52 0 73 42 0 73 44 0 14518 1208750 16912 527998 908750 478516
 8329.884945 39504 800 800 800 800 73 46 0 73 52 0 73 42 0 73 44 0 14274 1210000 16940 518956 908750 470344
 8330.084963 39505 800 800 800 800 73 46 0 73 52 0 73 42 0 73 44 0 14274 1210000 16940 518956 908750 470344
 8330.284944 39506 800 800 800 800 73 46 0 73 52 0 73 42 0 73 44 0 14274 1208750 16912 517312 908750 469436
 8330.484944 39507 800 800 800 800 73 46 0 73 52 0 73 42 0 73 44 0 14518 1210000 16940 516490 908750 468528
 8330.684946 39508 800 800 800 800 73 46 0 73 52 0 73 42 0 73 44 0 14518 1208750 16912 517038 908750 469436
 8330.884944 39509 800 800 800 800 73 46 0 73 52 0 73 42 0 73 44 0 14518 1208750 16912 517038 908750 469436
 8331.084956 39510 800 800 800 800 73 46 0 73 52 0 73 42 0 73 44 0 14762 1208750 16912 520600 908750 472160
 8331.284943 39511 800 800 800 800 73 46 0 73 52 0 73 42 0 73 44 0 14274 1210000 16940 519504 907500 470733
 8331.484945 39512 800 800 800 800 73 46 0 73 52 0 73 42 0 73 44 0 14518 1208750 16912 519504 908750 471252
 8331.684945 39513 800 800 800 800 73 46 0 73 52 0 73 42 0 73 44 0 14518 1208750 16912 519504 908750 471252
 8331.884946 39514 800 800 800 800 73 46 0 73 52 0 73 42 0 73 44 0 14518 1210000 16940 520326 908750 472160
 8332.084960 39515 800 800 800 800 73 46 0 73 52 0 73 42 0 73 44 0 14274 1208750 16912 518134 908750 470344
 8332.284945 39516 800 800 800 800 73 46 0 73 52 0 73 42 0 73 44 0 14274 1208750 16912 518682 908750 470344
 8332.484944 39517 800 800 800 800 73 46 0 73 52 0 73 42 0 73 44 0 14274 1208750 16912 518682 908750 470344
 8332.684944 39518 800 800 800 800 73 46 0 73 52 0 73 42 0 73 44 0 14518 1208750 16912 519778 908750 471252
 8332.884943 39519 800 800 800 800 73 46 0 73 52 0 73 42 0 73 44 0 14274 1208750 16912 520600 908750 472160
 8333.084961 39520 800 800 800 800 73 46 0 73 52 0 73 42 0 73 44 0 14518 1208750 16912 520052 908750 472160
 8333.284944 39521 800 800 800 800 73 46 0 73 52 0 73 42 0 73 44 0 14518 1208750 16912 520052 908750 472160
 8333.484938 39522 800 800 800 800 73 46 0 73 52 0 73 42 0 73 44 0 14274 1210000 16940 521148 908750 473068
 8333.684946 39523 800 800 800 800 73 46 0 73 52 0 73 42 0 73 44 0 14518 1208750 16912 521148 908750 473068
 8333.884946 39524 800 800 800 800 73 46 0 73 52 0 73 42 0 73 44 0 14518 1210000 16940 520874 908750 472160
 8334.084961 39525 800 800 800 800 73 46 0 73 52 0 73 42 0 73 44 0 14518 1210000 16940 520874 908750 472160
 8334.284945 39526 800 800 800 800 73 46 0 73 52 0 73 42 0 73 44 0 14518 1210000 16940 519230 908750 471252
 8334.484938 39527 800 800 800 800 73 46 0 73 52 0 73 42 0 73 44 0 14518 1208750 16912 519230 907500 470733
 8334.684945 39528 800 800 800 800 73 46 0 73 52 0 73 42 0 73 44 0 14518 1210000 16940 518682 908750 470344
 8334.884919 39529 800 800 800 800 73 46 0 73 52 0 73 42 0 73 44 0 14518 1210000 16940 540602 908750 490320
 8335.084961 39530 800 800 800 800 73 46 0 73 52 0 73 42 0 73 44 0 14518 1210000 16940 540602 908750 490320
 8335.284945 39531 800 800 800 800 73 46 0 73 52 0 73 42 0 73 44 0 14762 1208750 16912 520326 908750 472160
 8335.484945 39532 800 800 800 800 73 46 0 73 52 0 73 42 0 73 44 0 14518 1210000 16940 518682 908750 470344
 8335.684936 39533 800 800 800 800 73 46 0 73 52 0 73 42 0 73 44 0 14518 1208750 16912 516490 908750 468528
 8335.884945 39534 800 800 800 800 73 46 0 73 52 0 73 42 0 73 44 0 14518 1208750 16912 516490 908750 468528
 8336.084961 39535 800 800 800 800 73 46 0 73 52 0 73 42 0 73 44 0 14518 1208750 16912 516216 908750 468528
 8336.284945 39536 800 800 800 800 73 46 0 73 52 0 73 42 0 73 44 0 14518 1210000 16940 517860 908750 469436
 8336.484945 39537 800 800 800 800 73 46 0 73 52 0 73 42 0 73 44 0 14518 1208750 16912 517586 908750 469436
 8336.684940 39538 800 800 800 800 73 46 0 73 52 0 73 42 0 73 44 0 14518 1208750 16912 517586 908750 469436
 8336.884944 39539 800 800 800 800 73 46 0 73 52 0 73 42 0 73 44 0 14518 1210000 16940 518682 908750 470344
 8337.084960 39540 800 800 800 800 73 46 0 73 52 0 73 42 0 73 44 0 14274 1208750 16912 518956 908750 470344
 8337.284945 39541 800 800 800 800 73 46 0 73 52 0 73 42 0 73 44 0 14518 1210000 16940 517860 908750 469436
 8337.484944 39542 800 800 800 800 73 46 0 73 52 0 73 42 0 73 44 0 14518 1210000 16940 517860 908750 469436
 8337.684945 39543 800 800 800 800 73 46 0 73 52 0 73 42 0 73 44 0 14518 1208750 16912 516490 908750 468528
 8337.884945 39544 800 800 800 800 73 46 0 73 52 0 73 42 0 73 44 0 14518 1208750 16912 516764 908750 468528
 8338.084961 39545 800 800 800 800 73 46 0 73 52 0 73 42 0 73 44 0 14518 1208750 16912 516764 908750 468528
 8338.284945 39546 800 800 800 800 73 46 0 73 52 0 73 42 0 73 44 0 14518 1208750 16912 516764 908750 468528
 8338.484945 39547 800 800 800 800 73 46 0 73 52 0 73 42 0 73 44 0 14274 1208750 16912 516764 908750 468528
 8338.684945 39548 800 800 800 800 73 46 0 73 52 0 73 42 0 73 44 0 14518 1208750 16912 518956 907500 469826
 8338.884945 39549 800 800 800 800 73 46 0 73 52 0 73 42 0 73 44 0 14274 1208750 16912 518956 907500 469826
 8339.084961 39550 800 800 800 800 73 46 0 73 52 0 73 42 0 73 44 0 14274 1208750 16912 518956 907500 469826
 8339.284938 39551 800 800 800 800 73 46 0 73 52 0 73 42 0 73 44 0 14274 1210000 16940 518682 908750 470344
 8339.484945 39552 800 800 800 800 73 46 0 73 52 0 73 42 0 73 44 0 14274 1208750 16912 526902 908750 477608
 8339.684948 39553 800 800 800 800 73 46 0 73 52 0 73 42 0 73 44 0 14518 1208750 16912 516216 907500 468012
 8339.884944 39554 800 800 800 800 73 46 0 73 52 0 73 42 0 73 44 0 14518 1208750 16912 516216 907500 468012
 8340.084963 39555 800 800 800 800 73 46 0 73 52 0 73 42 0 73 44 0 14518 1208750 16912 516490 908750 468528
 8340.284945 39556 800 800 800 800 73 46 0 73 52 0 73 42 0 73 44 0 14518 1210000 16940 514846 908750 466712
 8340.484943 39557 800 800 800 800 73 46 0 73 52 0 73 42 0 73 44 0 14274 1210000 16940 517312 908750 469436
 8340.684926 39558 800 800 800 800 73 46 0 73 52 0 73 42 0 73 44 0 14274 1210000 16940 517312 908750 469436
 8340.884945 39559 800 800 800 800 73 46 0 73 52 0 73 42 0 73 44 0 14518 1210000 16940 517586 908750 469436
 8341.084961 39560 800 800 800 800 73 46 0 73 52 0 73 42 0 73 44 0 14518 1208750 16912 518134 907500 469826
 8341.284944 39561 800 800 800 800 73 46 0 73 52 0 73 42 0 73 44 0 14274 1210000 16940 518134 907500 469826
 8341.484911 39562 800 800 800 800 73 46 0 73 52 0 73 42 0 73 44 0 14518 1210000 16940 516764 908750 468528
 8341.684945 39563 800 800 800 800 73 46 0 73 52 0 73 42 0 73 44 0 14518 1210000 16940 516764 908750 468528
 8341.884945 39564 800 800 800 800 73 46 0 73 52 0 73 42 0 73 44 0 14762 1208750 16912 516764 908750 468528
 8342.084961 39565 800 800 800 800 73 46 0 73 52 0 73 42 0 73 44 0 14274 1208750 16912 518134 908750 470344
 8342.284945 39566 800 800 800 800 73 46 0 73 52 0 73 42 0 73 44 0 14518 1208750 16912 518682 908750 470344
 8342.484944 39567 800 800 800 800 73 46 0 73 52 0 73 42 0 73 44 0 14518 1208750 16912 518682 908750 470344
 8342.684947 39568 800 800 800 800 73 46 0 73 52 0 73 42 0 73 44 0 14518 1208750 16912 518956 908750 470344
 8342.884937 39569 800 800 800 800 73 46 0 73 52 0 73 42 0 73 44 0 14518 1208750 16912 519504 908750 471252
 8343.084963 39570 800 800 800 800 73 46 0 73 52 0 73 42 0 73 44 0 14274 1208750 16912 521970 908750 473068
 8343.284944 39571 800 800 800 800 73 46 0 73 52 0 73 42 0 73 44 0 14274 1208750 16912 521970 908750 473068
 8343.484944 39572 800 800 800 800 73 46 0 73 52 0 73 42 0 73 44 0 14518 1208750 16912 518682 908750 470344
 8343.684944 39573 800 800 800 800 73 46 0 73 52 0 73 42 0 73 44 0 14274 1208750 16912 519778 908750 471252
 8343.884938 39574 800 800 800 800 73 46 0 73 52 0 73 42 0 73 44 0 14274 1208750 16912 520052 908750 472160
 8344.084961 39575 800 800 800 800 73 46 0 73 52 0 73 42 0 73 44 0 14274 1208750 16912 520052 908750 472160
 8344.284945 39576 800 800 800 800 73 46 0 73 52 0 73 42 0 73 44 0 14518 1210000 16940 520874 908750 472160
 8344.484945 39577 800 800 800 800 73 46 0 73 52 0 73 42 0 73 44 0 14274 1210000 16940 521696 908750 473068
 8344.684945 39578 800 800 800 800 73 46 0 73 52 0 73 42 0 73 44 0 14518 1210000 16940 520600 908750 472160
 8344.884945 39579 800 800 800 800 73 46 0 73 52 0 73 42 0 73 44 0 14518 1210000 16940 520600 908750 472160
 8345.084960 39580 800 800 800 800 73 46 0 73 52 0 73 42 0 73 44 0 14274 1208750 16912 521422 907500 472547
 8345.284943 39581 800 800 800 800 73 46 0 73 52 0 73 42 0 73 44 0 14518 1208750 16912 517860 908750 469436
 8345.484944 39582 800 800 800 800 73 46 0 73 52 0 73 42 0 73 44 0 14518 1208750 16912 516764 908750 468528
 8345.684946 39583 800 800 800 800 73 46 0 73 52 0 73 42 0 73 44 0 14518 1208750 16912 516764 908750 468528
 8345.884945 39584 800 800 800 800 73 46 0 73 52 0 73 42 0 73 44 0 14518 1208750 16912 517586 907500 468919
 8346.084963 39585 800 800 800 800 73 46 0 73 52 0 73 42 0 73 44 0 14518 1210000 16940 516490 908750 468528
 8346.284938 39586 800 800 800 800 73 46 0 73 52 0 73 42 0 73 44 0 14518 1208750 16912 518134 908750 470344
 8346.484945 39587 800 800 800 800 73 46 0 73 52 0 73 42 0 73 44 0 14518 1208750 16912 518134 908750 470344
 8346.684943 39588 800 800 800 800 73 46 0 73 52 0 73 42 0 73 44 0 14518 1208750 16912 517586 908750 469436
 8346.884944 39589 800 800 800 800 73 46 0 73 52 0 73 42 0 73 44 0 14518 1208750 16912 517312 908750 469436
 8347.084961 39590 800 800 800 800 73 46 0 73 52 0 73 42 0 73 44 0 14518 1210000 16940 515668 907500 467105
 8347.284925 39591 800 800 800 800 73 46 0 73 52 0 73 42 0 73 44 0 14518 1210000 16940 515668 907500 467105
 8347.484945 39592 800 800 800 800 73 46 0 73 52 0 73 42 0 73 44 0 14274 1208750 16912 516764 908750 468528
 8347.684945 39593 800 800 800 800 73 46 0 73 52 0 73 42 0 73 44 0 14274 1208750 16912 516490 908750 468528
 8347.884945 39594 800 800 800 800 73 46 0 73 52 0 73 42 0 73 44 0 14518 1210000 16940 516764 907500 468012
 8348.084960 39595 800 800 800 800 73 46 0 73 52 0 73 42 0 73 44 0 14518 1208750 16912 518408 907500 469826
 8348.284945 39596 800 800 800 800 73 46 0 73 52 0 73 42 0 73 44 0 14518 1208750 16912 518408 907500 469826
 8348.484945 39597 800 800 800 800 73 46 0 73 52 0 73 42 0 73 44 0 14518 1208750 16912 518682 907500 469826
 8348.684938 39598 800 800 800 800 73 46 0 73 52 0 73 42 0 73 44 0 14274 1208750 16912 517860 908750 469436
 8348.884944 39599 800 800 800 800 73 46 0 73 52 0 73 42 0 73 44 0 14518 1210000 16940 517860 908750 469436
 8349.084961 39600 800 800 800 800 73 46 0 73 52 0 73 42 0 73 44 0 14518 1210000 16940 517860 908750 469436
 8349.284945 39601 800 800 800 800 73 46 0 73 52 0 73 42 0 73 44 0 14274 1210000 16940 516764 907500 468012
 8349.484945 39602 800 800 800 800 73 46 0 73 52 0 73 42 0 73 44 0 14274 1210000 16940 517312 908750 469436
 8349.684944 39603 800 800 800 800 73 46 0 73 52 0 73 42 0 73 44 0 14518 1210000 16940 516216 908750 468528
 8349.884920 39604 800 800 800 800 73 46 0 73 52 0 73 42 0 73 44 0 14518 1210000 16940 516216 908750 468528
 8350.084937 39605 800 800 800 800 73 46 0 73 52 0 73 42 0 73 44 0 14518 1210000 16940 518956 908750 470344
 8350.284920 39606 800 800 800 800 73 46 0 73 52 0 73 42 0 73 44 0 14518 1210000 16940 518956 908750 470344
 8350.484920 39607 800 800 800 800 73 46 0 73 52 0 73 42 0 73 44 0 14274 1210000 16940 519504 908750 471252
 8350.684918 39608 800 800 800 800 73 46 0 73 52 0 73 42 0 73 44 0 14274 1210000 16940 519504 908750 471252
 8350.884919 39609 800 800 800 800 73 46 0 73 52 0 73 42 0 73 44 0 14518 1210000 16940 519504 908750 471252
 8351.084929 39610 800 800 800 800 73 46 0 73 52 0 73 42 0 73 44 0 14274 1210000 16940 518408 908750 470344
 8351.284919 39611 800 800 800 800 73 46 0 73 52 0 73 42 0 73 44 0 14518 1210000 16940 518956 908750 470344
 8351.484919 39612 800 800 800 800 73 46 0 73 52 0 73 42 0 73 44 0 14518 1210000 16940 518956 908750 470344
 8351.684922 39613 800 800 800 800 73 46 0 73 52 0 73 42 0 73 44 0 14518 1210000 16940 518134 908750 470344
 8351.884919 39614 800 800 800 800 73 46 0 73 52 0 73 42 0 73 44 0 14518 1210000 16940 519230 907500 470733
 8352.084937 39615 800 800 800 800 73 46 0 73 52 0 73 42 0 73 44 0 14518 1210000 16940 521970 908750 473068
 8352.284867 39616 800 800 800 800 73 46 0 73 52 0 73 42 0 73 44 0 14518 1210000 16940 521970 908750 473068
 8352.484867 39617 800 800 800 800 73 46 0 73 52 0 73 42 0 73 44 0 14274 1210000 16940 520600 908750 472160
 8352.684868 39618 800 800 800 800 73 46 0 73 52 0 73 42 0 73 44 0 14518 1210000 16940 520052 908750 472160
 8352.884926 39619 800 800 800 800 73 46 0 73 52 0 73 42 0 73 44 0 14518 1210000 16940 518682 908750 470344
 8353.084942 39620 800 800 800 800 73 46 0 73 52 0 73 42 0 73 44 0 14518 1210000 16940 518682 908750 470344
 8353.284927 39621 800 800 800 800 73 46 0 73 52 0 73 42 0 73 44 0 14518 1210000 16940 518682 908750 470344
 8353.484921 39622 800 800 800 800 73 46 0 73 52 0 73 42 0 73 44 0 14518 1210000 16940 517312 908750 469436
 8353.684926 39623 800 800 800 800 73 46 0 73 52 0 73 42 0 73 44 0 14518 1208750 16912 519778 907500 470733
 8353.884919 39624 800 800 800 800 73 46 0 73 52 0 73 42 0 73 44 0 14274 1208750 16912 520874 908750 472160
 8354.084943 39625 800 800 800 800 73 46 0 73 52 0 73 42 0 73 44 0 14274 1208750 16912 520874 908750 472160
 8354.284926 39626 800 800 800 800 73 46 0 73 52 0 73 42 0 73 44 0 14274 1210000 16940 519230 908750 471252
 8354.484927 39627 800 800 800 800 73 46 0 73 52 0 73 42 0 73 44 0 14518 1208750 16912 519504 908750 471252
 8354.684929 39628 800 800 800 800 73 46 0 73 52 0 73 42 0 73 44 0 14518 1210000 16940 516764 908750 468528
 8354.884926 39629 800 800 800 800 73 46 0 73 52 0 73 42 0 73 44 0 14518 1210000 16940 516764 908750 468528
 8355.084943 39630 800 800 800 800 73 46 0 73 52 0 73 42 0 73 44 0 14518 1210000 16940 515668 908750 467620
 8355.284926 39631 800 800 800 800 73 46 0 73 52 0 73 42 0 73 44 0 14518 1210000 16940 515942 908750 467620
 8355.484925 39632 800 800 800 800 73 46 0 73 52 0 73 42 0 73 44 0 14518 1210000 16940 516216 908750 468528
 8355.684926 39633 800 800 800 800 73 46 0 73 52 0 73 42 0 73 44 0 14518 1210000 16940 516216 908750 468528
 8355.884920 39634 800 800 800 800 73 46 0 73 52 0 73 42 0 73 44 0 14518 1210000 16940 517312 908750 469436
 8356.084961 39635 800 800 800 800 73 46 0 73 52 0 73 42 0 73 44 0 14518 1210000 16940 516764 908750 468528
 8356.284945 39636 800 800 800 800 73 46 0 73 52 0 73 42 0 73 44 0 14518 1210000 16940 518408 908750 470344
 8356.484945 39637 800 800 800 800 73 46 0 73 52 0 73 42 0 73 44 0 14518 1210000 16940 518408 908750 470344
 8356.684945 39638 800 800 800 800 73 46 0 73 52 0 73 42 0 73 44 0 14518 1208750 16912 515942 908750 467620
 8356.884944 39639 800 800 800 800 73 46 0 73 52 0 73 42 0 73 44 0 14518 1210000 16940 516764 908750 468528
 8357.084961 39640 800 800 800 800 73 46 0 73 52 0 73 42 0 73 44 0 14518 1210000 16940 517038 908750 469436
 8357.284945 39641 800 800 800 800 73 46 0 73 52 0 73 42 0 73 44 0 14518 1210000 16940 517038 908750 469436
 8357.484945 39642 800 800 800 800 73 46 0 73 52 0 73 42 0 73 44 0 14518 1210000 16940 517586 907500 468919
 8357.684949 39643 800 800 800 800 73 46 0 73 52 0 73 42 0 73 44 0 14518 1208750 16912 518682 908750 470344
 8357.884945 39644 800 800 800 800 73 46 0 73 52 0 73 42 0 73 44 0 14518 1210000 16940 518956 907500 469826
 8358.084961 39645 800 800 800 800 73 46 0 73 52 0 73 42 0 73 44 0 14518 1210000 16940 518956 907500 469826
 8358.284937 39646 800 800 800 800 73 46 0 73 52 0 73 42 0 73 44 0 14274 1210000 16940 518956 908750 470344
 8358.484945 39647 800 800 800 800 73 46 0 73 52 0 73 42 0 73 44 0 14518 1210000 16940 517860 908750 469436
 8358.684944 39648 800 800 800 800 73 46 0 73 52 0 73 42 0 73 44 0 14518 1210000 16940 517038 908750 469436
 8358.884945 39649 800 800 800 800 73 46 0 73 52 0 73 42 0 73 44 0 14518 1210000 16940 517038 908750 469436
 8359.084962 39650 800 800 800 800 73 46 0 73 52 0 73 42 0 73 44 0 14518 1210000 16940 518956 908750 470344
 8359.284944 39651 800 800 800 800 73 46 0 73 52 0 73 42 0 73 44 0 14518 1210000 16940 517312 908750 469436
 8359.484944 39652 800 800 800 800 73 46 0 73 52 0 73 42 0 73 44 0 14518 1210000 16940 518956 908750 470344
 8359.684927 39653 800 800 800 800 73 46 0 73 52 0 73 42 0 73 44 0 14518 1210000 16940 518956 908750 470344
 8359.884944 39654 800 800 800 800 73 46 0 73 52 0 73 42 0 73 44 0 14518 1210000 16940 519230 908750 471252
 8360.084961 39655 800 800 800 800 73 46 0 73 52 0 73 42 0 73 44 0 14274 1210000 16940 518956 908750 470344
 8360.284944 39656 800 800 800 800 73 46 0 73 52 0 73 42 0 73 44 0 14518 1210000 16940 518682 908750 470344
 8360.484910 39657 800 800 800 800 73 46 0 73 52 0 73 42 0 73 44 0 14518 1210000 16940 517586 908750 469436
 8360.684948 39658 800 800 800 800 73 46 0 73 52 0 73 42 0 73 44 0 14518 1210000 16940 517586 908750 469436
 8360.884943 39659 800 800 800 800 73 46 0 73 52 0 73 42 0 73 44 0 14274 1210000 16940 518134 908750 470344
 8361.084961 39660 800 800 800 800 73 46 0 73 52 0 73 42 0 73 44 0 14518 1210000 16940 518134 908750 470344
 8361.284944 39661 800 800 800 800 73 46 0 73 52 0 73 42 0 73 44 0 14518 1210000 16940 518682 908750 470344
 8361.484945 39662 800 800 800 800 73 46 0 73 52 0 73 42 0 73 44 0 14518 1210000 16940 518682 908750 470344
 8361.684945 39663 800 800 800 800 73 46 0 73 52 0 73 42 0 73 44 0 14518 1210000 16940 520326 908750 472160
 8361.884945 39664 800 800 800 800 73 46 0 73 52 0 73 42 0 73 44 0 14518 1208750 16912 520874 908750 472160
 8362.084961 39665 800 800 800 800 73 46 0 73 52 0 73 42 0 73 44 0 14518 1210000 16940 519504 908750 471252
 8362.284944 39666 800 800 800 800 73 46 0 73 52 0 73 42 0 73 44 0 14518 1210000 16940 519504 908750 471252
 8362.484945 39667 800 800 800 800 73 46 0 73 52 0 73 42 0 73 44 0 14518 1210000 16940 519504 908750 471252
 8362.684945 39668 800 800 800 800 73 46 0 73 52 0 73 42 0 73 44 0 14274 1210000 16940 518956 907500 469826
 8362.884933 39669 800 800 800 800 73 46 0 73 52 0 73 42 0 73 44 0 14274 1210000 16940 311538 907500 282077
 8363.084956 39670 800 800 800 800 73 46 0 73 52 0 73 42 0 73 44 0 14274 1210000 16940 311538 907500 282077
 8363.284939 39671 800 800 800 800 73 46 0 73 52 0 73 42 0 73 44 0 14518 1210000 16940 41100 907500 37187
 8363.484939 39672 800 800 800 800 73 46 0 73 52 0 73 42 0 73 44 0 14274 1210000 16940 39456 907500 35373
