 4551.673861 22238 1500 1500 1500 1500 77 46 0 77 52 0 77 42 0 77 44 0 15250 1210000 18150 80830 1132500 90560
 4551.873807 22239 1500 1500 1500 1500 77 46 0 77 52 0 77 42 0 77 44 0 15250 1210000 18150 80830 1132500 90560
 4552.073805 22240 1500 1500 1500 1500 76 46 0 76 52 0 76 42 0 76 44 0 15250 1210000 18150 77542 1132500 87164
 4552.273810 22241 1500 1500 1500 1500 76 46 0 76 52 0 76 42 0 76 44 0 15494 1210000 18150 76172 1132500 86032
 4552.473805 22242 1500 1500 1500 1500 76 46 0 76 52 0 76 42 0 76 44 0 15250 1210000 18150 81378 1132500 91692
 4552.673810 22243 1500 1500 1500 1500 76 46 0 76 52 0 76 42 0 76 44 0 15250 1210000 18150 81378 1132500 91692
 4552.873807 22244 1500 1500 1500 1500 76 46 0 76 52 0 76 42 0 76 44 0 15006 1210000 18150 80556 1132500 90560
 4553.073803 22245 1500 1500 1500 1500 75 46 0 75 52 0 75 42 0 75 44 0 15006 1210000 18150 76720 1132500 86032
 4553.273805 22246 1500 1500 1500 1500 75 46 0 75 52 0 75 42 0 75 44 0 15006 1210000 18150 76994 1132500 86032
 4553.473851 22247 1500 1500 1500 1500 75 46 0 75 52 0 75 42 0 75 44 0 15006 1210000 18150 76994 1132500 86032
 4553.673805 22248 1500 1500 1500 1500 75 46 0 75 52 0 75 42 0 75 44 0 15250 1210000 18150 72610 1132500 81504
 4553.873805 22249 1500 1500 1500 1500 75 46 0 75 52 0 75 42 0 75 44 0 15250 1210000 18150 309072 1133750 350097
 4554.073804 22250 1500 1500 1500 1500 74 46 0 74 52 0 74 42 0 74 44 0 15006 1210000 18150 76994 1132500 86032
 4554.273761 22251 1500 1500 1500 1500 74 46 0 74 52 0 74 42 0 74 44 0 15006 1210000 18150 76994 1132500 86032
 4554.473842 22252 1500 1500 1500 1500 74 46 0 74 52 0 74 42 0 74 44 0 15006 1210000 18150 80282 1132500 90560
 4554.673827 22253 1500 1500 1500 1500 74 46 0 74 52 0 74 42 0 74 44 0 15250 1210000 18150 739800 1136250 839504
 4554.878840 22254 1500 1500 1500 1500 74 46 0 74 52 0 74 42 0 74 44 0 15250 1208750 18120 1214642 1138750 1381532
 4555.078924 22255 1500 1500 1500 1500 77 46 0 77 52 0 77 42 0 77 44 0 15250 1208750 18120 1214642 1138750 1381532
 4555.278843 22256 1500 1500 1500 1500 77 46 0 77 52 0 77 42 0 77 44 0 15250 1210000 18150 1070518 1137500 1216590
 4555.478871 22257 1500 1500 1500 1500 77 46 0 77 52 0 77 42 0 77 44 0 15006 1210000 18150 1006676 1137500 1143822
 4555.678879 22258 1400 1400 1400 1400 80 46 0 80 52 0 80 42 0 80 44 0 15006 1208750 18120 1160938 1138750 1320080
 4555.878843 22259 1400 1400 1400 1400 80 46 0 80 52 0 80 42 0 80 44 0 15006 1208750 18120 1160938 1138750 1320080
 4556.078885 22260 1400 1400 1400 1400 76 46 0 76 52 0 76 42 0 76 44 0 15006 1210000 18150 646092 1115000 720290
 4556.278807 22261 1400 1400 1400 1400 76 46 0 76 52 0 76 42 0 76 44 0 15250 1210000 18150 209884 1096250 229064
 4556.478808 22262 1400 1400 1400 1400 76 46 0 76 52 0 76 42 0 76 44 0 15006 1210000 18150 139192 1095000 152205
 4556.678730 22263 1400 1400 1400 1400 76 46 0 76 52 0 76 42 0 76 44 0 15006 1210000 18150 77816 1095000 84315
 4556.878834 22264 1400 1400 1400 1400 76 46 0 76 52 0 76 42 0 76 44 0 15006 1210000 18150 77816 1095000 84315
 4557.078825 22265 1400 1400 1400 1400 76 46 0 76 52 0 76 42 0 76 44 0 15250 1210000 18150 716510 1098750 786168
 4557.283836 22266 1400 1400 1400 1400 76 46 0 76 52 0 76 42 0 76 44 0 15006 1210000 18150 1066408 1100000 1172600
 4557.483729 22267 1400 1400 1400 1400 76 46 0 76 52 0 76 42 0 76 44 0 15006 1208750 18120 1020376 1100000 1122000
 4557.683728 22268 1400 1400 1400 1400 76 46 0 76 52 0 76 42 0 76 44 0 15006 1208750 18120 1020376 1100000 1122000
 4557.883728 22269 1400 1400 1400 1400 76 46 0 76 52 0 76 42 0 76 44 0 15250 1208750 18120 1129702 1100000 1241900
 4558.083728 22270 1400 1400 1400 1400 77 46 0 77 52 0 77 42 0 77 44 0 15250 1208750 18120 1118194 1101250 1230918
 4558.283727 22271 1400 1400 1400 1400 77 46 0 77 52 0 77 42 0 77 44 0 15250 1210000 18150 1115180 1100000 1226500
 4558.483728 22272 1400 1400 1400 1400 77 46 0 77 52 0 77 42 0 77 44 0 15250 1210000 18150 1115180 1100000 1226500
 4558.683730 22273 1400 1400 1400 1400 77 46 0 77 52 0 77 42 0 77 44 0 15250 1208750 18120 1114906 1101250 1226514
 4558.883727 22274 1400 1400 1400 1400 77 46 0 77 52 0 77 42 0 77 44 0 15250 1210000 18150 1117920 1101250 1229817
 4559.083728 22275 1400 1400 1400 1400 78 46 0 78 52 0 78 42 0 78 44 0 15494 1208750 18120 1117920 1100000 1228700
 4559.283728 22276 1400 1400 1400 1400 78 46 0 78 52 0 78 42 0 78 44 0 15494 1208750 18120 1117920 1100000 1228700
 4559.483728 22277 1400 1400 1400 1400 78 46 0 78 52 0 78 42 0 78 44 0 15494 1210000 18150 1116824 1101250 1228716
 4559.683727 22278 1400 1400 1400 1400 78 46 0 78 52 0 78 42 0 78 44 0 15494 1210000 18150 1118742 1100000 1229800
 4559.883727 22279 1400 1400 1400 1400 78 46 0 78 52 0 78 42 0 78 44 0 15494 1210000 18150 1119290 1101250 1232019
 4560.083730 22280 1400 1400 1400 1400 78 46 0 78 52 0 78 42 0 78 44 0 15494 1210000 18150 1119290 1101250 1232019
 4560.283735 22281 1400 1400 1400 1400 78 46 0 78 52 0 78 42 0 78 44 0 15494 1210000 18150 1116824 1101250 1228716
 4560.483728 22282 1400 1400 1400 1400 78 46 0 78 52 0 78 42 0 78 44 0 15250 1210000 18150 1119016 1100000 1230900
 4560.683727 22283 1400 1400 1400 1400 78 46 0 78 52 0 78 42 0 78 44 0 15250 1210000 18150 1119016 1100000 1230900
 4560.883728 22284 1400 1400 1400 1400 78 46 0 78 52 0 78 42 0 78 44 0 15250 1210000 18150 1119016 1100000 1230900
 4561.083727 22285 1400 1400 1400 1400 78 46 0 78 52 0 78 42 0 78 44 0 15250 1210000 18150 1121756 1101250 1234221
 4561.283730 22286 1400 1400 1400 1400 78 46 0 78 52 0 78 42 0 78 44 0 15494 1210000 18150 1121482 1100000 1233100
 4561.483728 22287 1400 1400 1400 1400 78 46 0 78 52 0 78 42 0 78 44 0 15250 1210000 18150 1120934 1101250 1233120
 4561.683728 22288 1400 1400 1400 1400 78 46 0 78 52 0 78 42 0 78 44 0 15250 1210000 18150 1120934 1101250 1233120
 4561.883728 22289 1400 1400 1400 1400 78 46 0 78 52 0 78 42 0 78 44 0 15494 1210000 18150 1123126 1101250 1236423
 4562.083738 22290 1400 1400 1400 1400 79 46 0 79 52 0 79 42 0 79 44 0 15494 1210000 18150 1119838 1101250 1232019
 4562.283728 22291 1400 1400 1400 1400 79 46 0 79 52 0 79 42 0 79 44 0 15494 1210000 18150 1119838 1100000 1230900
 4562.483729 22292 1400 1400 1400 1400 79 46 0 79 52 0 79 42 0 79 44 0 15494 1210000 18150 1121208 1101250 1234221
 4562.683728 22293 1400 1400 1400 1400 79 46 0 79 52 0 79 42 0 79 44 0 15494 1210000 18150 1121208 1101250 1234221
 4562.883728 22294 1400 1400 1400 1400 79 46 0 79 52 0 79 42 0 79 44 0 15494 1210000 18150 1122304 1101250 1235322
 4563.083728 22295 1400 1400 1400 1400 79 46 0 79 52 0 79 42 0 79 44 0 15250 1210000 18150 1122304 1101250 1235322
 4563.283729 22296 1400 1400 1400 1400 79 46 0 79 52 0 79 42 0 79 44 0 15250 1210000 18150 1122030 1101250 1235322
 4563.483728 22297 1400 1400 1400 1400 79 46 0 79 52 0 79 42 0 79 44 0 15250 1210000 18150 1122030 1101250 1235322
 4563.683728 22298 1400 1400 1400 1400 79 46 0 79 52 0 79 42 0 79 44 0 15494 1210000 18150 1120112 1101250 1233120
 4563.883731 22299 1400 1400 1400 1400 79 46 0 79 52 0 79 42 0 79 44 0 15250 1210000 18150 1119290 1101250 1232019
 4564.083729 22300 1400 1400 1400 1400 79 46 0 79 52 0 79 42 0 79 44 0 15494 1210000 18150 1120112 1101250 1233120
 4564.283728 22301 1400 1400 1400 1400 79 46 0 79 52 0 79 42 0 79 44 0 15494 1210000 18150 1120112 1101250 1233120
 4564.483728 22302 1400 1400 1400 1400 79 46 0 79 52 0 79 42 0 79 44 0 15494 1210000 18150 1119838 1101250 1232019
 4564.683728 22303 1400 1400 1400 1400 79 46 0 79 52 0 79 42 0 79 44 0 15494 1210000 18150 1120660 1101250 1233120
 4564.883728 22304 1400 1400 1400 1400 79 46 0 79 52 0 79 42 0 79 44 0 15494 1210000 18150 1121208 1101250 1234221
 4565.083728 22305 1400 1400 1400 1400 79 46 0 79 52 0 79 42 0 79 44 0 15494 1210000 18150 1121208 1101250 1234221
 4565.283728 22306 1400 1400 1400 1400 79 46 0 79 52 0 79 42 0 79 44 0 15494 1210000 18150 1121208 1101250 1234221
 4565.483728 22307 1400 1400 1400 1400 79 46 0 79 52 0 79 42 0 79 44 0 15250 1210000 18150 1119564 1101250 1232019
 4565.683728 22308 1400 1400 1400 1400 79 46 0 79 52 0 79 42 0 79 44 0 15494 1210000 18150 1119838 1101250 1232019
 4565.883728 22309 1400 1400 1400 1400 79 46 0 79 52 0 79 42 0 79 44 0 15494 1210000 18150 1119838 1101250 1232019
 4566.083728 22310 1400 1400 1400 1400 79 46 0 79 52 0 79 42 0 79 44 0 15494 1210000 18150 1119564 1101250 1232019
 4566.283729 22311 1400 1400 1400 1400 79 46 0 79 52 0 79 42 0 79 44 0 15494 1210000 18150 1121756 1101250 1234221
 4566.483731 22312 1400 1400 1400 1400 79 46 0 79 52 0 79 42 0 79 44 0 15494 1210000 18150 1123400 1101250 1236423
 4566.683728 22313 1400 1400 1400 1400 79 46 0 79 52 0 79 42 0 79 44 0 15494 1210000 18150 1123400 1101250 1236423
 4566.883728 22314 1400 1400 1400 1400 79 46 0 79 52 0 79 42 0 79 44 0 15494 1210000 18150 1124222 1101250 1237524
 4567.083728 22315 1400 1400 1400 1400 79 46 0 79 52 0 79 42 0 79 44 0 15494 1210000 18150 1123674 1101250 1236423
 4567.283728 22316 1400 1400 1400 1400 79 46 0 79 52 0 79 42 0 79 44 0 15494 1210000 18150 1122304 1101250 1235322
 4567.483728 22317 1400 1400 1400 1400 79 46 0 79 52 0 79 42 0 79 44 0 15494 1210000 18150 1122304 1101250 1235322
 4567.683728 22318 1400 1400 1400 1400 79 46 0 79 52 0 79 42 0 79 44 0 15494 1210000 18150 1121208 1100000 1233100
 4567.883728 22319 1400 1400 1400 1400 79 46 0 79 52 0 79 42 0 79 44 0 15738 1210000 18150 1122852 1101250 1235322
 4568.083729 22320 1400 1400 1400 1400 79 46 0 79 52 0 79 42 0 79 44 0 15738 1210000 18150 1122304 1101250 1235322
 4568.283729 22321 1400 1400 1400 1400 79 46 0 79 52 0 79 42 0 79 44 0 15738 1210000 18150 1123674 1100000 1235300
 4568.483728 22322 1400 1400 1400 1400 79 46 0 79 52 0 79 42 0 79 44 0 15738 1210000 18150 1123674 1100000 1235300
 4568.683728 22323 1400 1400 1400 1400 79 46 0 79 52 0 79 42 0 79 44 0 15494 1210000 18150 1124496 1100000 1236400
 4568.883728 22324 1400 1400 1400 1400 79 46 0 79 52 0 79 42 0 79 44 0 15738 1210000 18150 1121756 1101250 1234221
 4569.083731 22325 1400 1400 1400 1400 79 46 0 79 52 0 79 42 0 79 44 0 15494 1210000 18150 1120660 1101250 1233120
 4569.283729 22326 1400 1400 1400 1400 79 46 0 79 52 0 79 42 0 79 44 0 15494 1210000 18150 1120660 1101250 1233120
 4569.483727 22327 1400 1400 1400 1400 79 46 0 79 52 0 79 42 0 79 44 0 15738 1210000 18150 1120386 1101250 1233120
 4569.683728 22328 1400 1400 1400 1400 79 46 0 79 52 0 79 42 0 79 44 0 15738 1210000 18150 1121756 1101250 1234221
 4569.883728 22329 1400 1400 1400 1400 79 46 0 79 52 0 79 42 0 79 44 0 15982 1210000 18150 1114906 1100000 1225400
 4570.083728 22330 1400 1400 1400 1400 79 46 0 79 52 0 79 42 0 79 44 0 15982 1210000 18150 1114906 1100000 1225400
 4570.283728 22331 1400 1400 1400 1400 79 46 0 79 52 0 79 42 0 79 44 0 15494 1210000 18150 1121756 1101250 1234221
 4570.483728 22332 1400 1400 1400 1400 79 46 0 79 52 0 79 42 0 79 44 0 15738 1210000 18150 1122030 1101250 1235322
 4570.683728 22333 1400 1400 1400 1400 79 46 0 79 52 0 79 42 0 79 44 0 15494 1210000 18150 1123126 1101250 1236423
 4570.883728 22334 1400 1400 1400 1400 79 46 0 79 52 0 79 42 0 79 44 0 15494 1210000 18150 1123126 1101250 1236423
 4571.083728 22335 1400 1400 1400 1400 79 46 0 79 52 0 79 42 0 79 44 0 15738 1210000 18150 1120112 1101250 1233120
 4571.283728 22336 1400 1400 1400 1400 79 46 0 79 52 0 79 42 0 79 44 0 15738 1210000 18150 1120386 1101250 1233120
 4571.483728 22337 1400 1400 1400 1400 79 46 0 79 52 0 79 42 0 79 44 0 15738 1210000 18150 1121482 1101250 1234221
 4571.683731 22338 1400 1400 1400 1400 79 46 0 79 52 0 79 42 0 79 44 0 15738 1210000 18150 1121482 1101250 1234221
 4571.883728 22339 1400 1400 1400 1400 79 46 0 79 52 0 79 42 0 79 44 0 15494 1210000 18150 1121756 1101250 1234221
 4572.083730 22340 1400 1400 1400 1400 79 46 0 79 52 0 79 42 0 79 44 0 15738 1210000 18150 1123948 1100000 1235300
 4572.283729 22341 1400 1400 1400 1400 79 46 0 79 52 0 79 42 0 79 44 0 15250 1210000 18150 1124496 1100000 1236400
 4572.483728 22342 1400 1400 1400 1400 79 46 0 79 52 0 79 42 0 79 44 0 15250 1210000 18150 1124496 1100000 1236400
 4572.683728 22343 1400 1400 1400 1400 79 46 0 79 52 0 79 42 0 79 44 0 15494 1210000 18150 1124496 1101250 1237524
 4572.883728 22344 1400 1400 1400 1400 79 46 0 79 52 0 79 42 0 79 44 0 15494 1210000 18150 1122304 1101250 1235322
 4573.083728 22345 1400 1400 1400 1400 79 46 0 79 52 0 79 42 0 79 44 0 15494 1208750 18120 1121756 1101250 1234221
 4573.283728 22346 1400 1400 1400 1400 79 46 0 79 52 0 79 42 0 79 44 0 15494 1208750 18120 1121756 1101250 1234221
 4573.483728 22347 1400 1400 1400 1400 79 46 0 79 52 0 79 42 0 79 44 0 15494 1210000 18150 1122304 1100000 1234200
 4573.683728 22348 1400 1400 1400 1400 79 46 0 79 52 0 79 42 0 79 44 0 15738 1210000 18150 1121756 1101250 1234221
 4573.883728 22349 1400 1400 1400 1400 79 46 0 79 52 0 79 42 0 79 44 0 15738 1210000 18150 1123400 1101250 1236423
 4574.083728 22350 1400 1400 1400 1400 79 46 0 79 52 0 79 42 0 79 44 0 15738 1210000 18150 1123400 1101250 1236423
 4574.283731 22351 1400 1400 1400 1400 79 46 0 79 52 0 79 42 0 79 44 0 15738 1208750 18120 1121756 1101250 1234221
 4574.483728 22352 1400 1400 1400 1400 79 46 0 79 52 0 79 42 0 79 44 0 15494 1208750 18120 1122030 1100000 1234200
 4574.683728 22353 1400 1400 1400 1400 79 46 0 79 52 0 79 42 0 79 44 0 15494 1208750 18120 1120386 1101250 1233120
 4574.883728 22354 1400 1400 1400 1400 79 46 0 79 52 0 79 42 0 79 44 0 15494 1210000 18150 1110796 1100000 1221000
 4575.083728 22355 1400 1400 1400 1400 79 46 0 79 52 0 79 42 0 79 44 0 15494 1210000 18150 1110796 1100000 1221000
 4575.283729 22356 1400 1400 1400 1400 79 46 0 79 52 0 79 42 0 79 44 0 15738 1210000 18150 1120386 1100000 1232000
 4575.483728 22357 1400 1400 1400 1400 79 46 0 79 52 0 79 42 0 79 44 0 15250 1210000 18150 1121482 1101250 1234221
 4575.683728 22358 1400 1400 1400 1400 79 46 0 79 52 0 79 42 0 79 44 0 15494 1208750 18120 1123400 1101250 1236423
 4575.883728 22359 1400 1400 1400 1400 79 46 0 79 52 0 79 42 0 79 44 0 15494 1208750 18120 1123400 1101250 1236423
 4576.083730 22360 1400 1400 1400 1400 79 46 0 79 52 0 79 42 0 79 44 0 15738 1210000 18150 1121756 1101250 1234221
 4576.283728 22361 1400 1400 1400 1400 79 46 0 79 52 0 79 42 0 79 44 0 15494 1208750 18120 1122578 1101250 1235322
 4576.483728 22362 1400 1400 1400 1400 79 46 0 79 52 0 79 42 0 79 44 0 15738 1208750 18120 1121756 1101250 1234221
 4576.683728 22363 1400 1400 1400 1400 79 46 0 79 52 0 79 42 0 79 44 0 15738 1208750 18120 1121756 1101250 1234221
 4576.883731 22364 1400 1400 1400 1400 79 46 0 79 52 0 79 42 0 79 44 0 15494 1208750 18120 1122304 1101250 1235322
 4577.083728 22365 1400 1400 1400 1400 79 46 0 79 52 0 79 42 0 79 44 0 15494 1208750 18120 1121756 1101250 1234221
 4577.283727 22366 1400 1400 1400 1400 79 46 0 79 52 0 79 42 0 79 44 0 15738 1210000 18150 1121756 1101250 1234221
 4577.483728 22367 1400 1400 1400 1400 79 46 0 79 52 0 79 42 0 79 44 0 15738 1210000 18150 1121756 1101250 1234221
 4577.683728 22368 1400 1400 1400 1400 79 46 0 79 52 0 79 42 0 79 44 0 15738 1208750 18120 1121756 1101250 1234221
 4577.883728 22369 1400 1400 1400 1400 79 46 0 79 52 0 79 42 0 79 44 0 15738 1210000 18150 1124496 1100000 1236400
 4578.083727 22370 1400 1400 1400 1400 79 46 0 79 52 0 79 42 0 79 44 0 15738 1208750 18120 1124222 1101250 1237524
 4578.283729 22371 1400 1400 1400 1400 79 46 0 79 52 0 79 42 0 79 44 0 15738 1208750 18120 1124222 1101250 1237524
 4578.483727 22372 1400 1400 1400 1400 79 46 0 79 52 0 79 42 0 79 44 0 15494 1208750 18120 1123126 1100000 1235300
 4578.683728 22373 1400 1400 1400 1400 79 46 0 79 52 0 79 42 0 79 44 0 15494 1210000 18150 1121756 1101250 1234221
 4578.883727 22374 1400 1400 1400 1400 79 46 0 79 52 0 79 42 0 79 44 0 15494 1210000 18150 1124496 1101250 1237524
 4579.083727 22375 1400 1400 1400 1400 79 46 0 79 52 0 79 42 0 79 44 0 15494 1210000 18150 1124496 1101250 1237524
 4579.283727 22376 1400 1400 1400 1400 79 46 0 79 52 0 79 42 0 79 44 0 15494 1210000 18150 1122304 1101250 1235322
 4579.483731 22377 1400 1400 1400 1400 79 46 0 79 52 0 79 42 0 79 44 0 15738 1210000 18150 1123948 1100000 1235300
 4579.683727 22378 1400 1400 1400 1400 79 46 0 79 52 0 79 42 0 79 44 0 15738 1208750 18120 1122304 1101250 1235322
 4579.883727 22379 1400 1400 1400 1400 79 46 0 79 52 0 79 42 0 79 44 0 15738 1208750 18120 1122304 1101250 1235322
 4580.083730 22380 1400 1400 1400 1400 79 46 0 79 52 0 79 42 0 79 44 0 15494 1210000 18150 1122852 1101250 1235322
 4580.283728 22381 1400 1400 1400 1400 79 46 0 79 52 0 79 42 0 79 44 0 15738 1210000 18150 1120660 1101250 1233120
 4580.483728 22382 1400 1400 1400 1400 79 46 0 79 52 0 79 42 0 79 44 0 15738 1208750 18120 1123400 1101250 1236423
 4580.683730 22383 1400 1400 1400 1400 79 46 0 79 52 0 79 42 0 79 44 0 15494 1210000 18150 1120934 1101250 1233120
 4580.883727 22384 1400 1400 1400 1400 79 46 0 79 52 0 79 42 0 79 44 0 15494 1210000 18150 1120934 1101250 1233120
 4581.083739 22385 1400 1400 1400 1400 79 46 0 79 52 0 79 42 0 79 44 0 15494 1208750 18120 1120660 1100000 1232000
 4581.283729 22386 1400 1400 1400 1400 79 46 0 79 52 0 79 42 0 79 44 0 15494 1210000 18150 1122030 1100000 1234200
 4581.483727 22387 1400 1400 1400 1400 79 46 0 79 52 0 79 42 0 79 44 0 15738 1210000 18150 1121756 1100000 1233100
 4581.683728 22388 1400 1400 1400 1400 79 46 0 79 52 0 79 42 0 79 44 0 15738 1210000 18150 1121756 1100000 1233100
 4581.883728 22389 1400 1400 1400 1400 79 46 0 79 52 0 79 42 0 79 44 0 15494 1208750 18120 1122852 1101250 1235322
 4582.083738 22390 1400 1400 1400 1400 79 46 0 79 52 0 79 42 0 79 44 0 15738 1210000 18150 1121756 1101250 1234221
 4582.283728 22391 1400 1400 1400 1400 79 46 0 79 52 0 79 42 0 79 44 0 15494 1208750 18120 1122304 1101250 1235322
 4582.483728 22392 1400 1400 1400 1400 79 46 0 79 52 0 79 42 0 79 44 0 15494 1208750 18120 1122304 1101250 1235322
 4582.683728 22393 1400 1400 1400 1400 79 46 0 79 52 0 79 42 0 79 44 0 15494 1208750 18120 1121208 1101250 1234221
 4582.883728 22394 1400 1400 1400 1400 79 46 0 79 52 0 79 42 0 79 44 0 15738 1208750 18120 1122578 1100000 1234200
 4583.083728 22395 1400 1400 1400 1400 79 46 0 79 52 0 79 42 0 79 44 0 15494 1210000 18150 1124496 1101250 1237524
 4583.283728 22396 1400 1400 1400 1400 79 46 0 79 52 0 79 42 0 79 44 0 15494 1210000 18150 1124496 1101250 1237524
 4583.483728 22397 1400 1400 1400 1400 79 46 0 79 52 0 79 42 0 79 44 0 15494 1210000 18150 1122578 1101250 1235322
 4583.683727 22398 1400 1400 1400 1400 79 46 0 79 52 0 79 42 0 79 44 0 15738 1210000 18150 1123948 1101250 1236423
 4583.883727 22399 1400 1400 1400 1400 79 46 0 79 52 0 79 42 0 79 44 0 15738 1210000 18150 1122304 1101250 1235322
 4584.083730 22400 1400 1400 1400 1400 79 46 0 79 52 0 79 42 0 79 44 0 15738 1210000 18150 1122304 1101250 1235322
 4584.283729 22401 1400 1400 1400 1400 79 46 0 79 52 0 79 42 0 79 44 0 15494 1210000 18150 1121756 1101250 1234221
 4584.483727 22402 1400 1400 1400 1400 79 46 0 79 52 0 79 42 0 79 44 0 15738 1210000 18150 1122852 1100000 1234200
 4584.683731 22403 1400 1400 1400 1400 79 46 0 79 52 0 79 42 0 79 44 0 15250 1210000 18150 1124222 1101250 1237524
 4584.883728 22404 1400 1400 1400 1400 79 46 0 79 52 0 79 42 0 79 44 0 15250 1210000 18150 1124222 1101250 1237524
 4585.083727 22405 1400 1400 1400 1400 79 46 0 79 52 0 79 42 0 79 44 0 15494 1210000 18150 1122030 1101250 1235322
 4585.283727 22406 1400 1400 1400 1400 79 46 0 79 52 0 79 42 0 79 44 0 15982 1210000 18150 1121756 1101250 1234221
 4585.483728 22407 1400 1400 1400 1400 79 46 0 79 52 0 79 42 0 79 44 0 15494 1210000 18150 1121756 1100000 1233100
 4585.683727 22408 1400 1400 1400 1400 79 46 0 79 52 0 79 42 0 79 44 0 15494 1210000 18150 1121756 1100000 1233100
 4585.883727 22409 1400 1400 1400 1400 79 46 0 79 52 0 79 42 0 79 44 0 15494 1210000 18150 1121756 1101250 1234221
 4586.083727 22410 1400 1400 1400 1400 79 46 0 79 52 0 79 42 0 79 44 0 15738 1210000 18150 1120386 1100000 1232000
 4586.283728 22411 1400 1400 1400 1400 79 46 0 79 52 0 79 42 0 79 44 0 15738 1210000 18150 1119564 1101250 1232019
 4586.483728 22412 1400 1400 1400 1400 79 46 0 79 52 0 79 42 0 79 44 0 15738 1210000 18150 1119564 1101250 1232019
 4586.683727 22413 1400 1400 1400 1400 79 46 0 79 52 0 79 42 0 79 44 0 15494 1210000 18150 1119564 1101250 1232019
 4586.883727 22414 1400 1400 1400 1400 79 46 0 79 52 0 79 42 0 79 44 0 15738 1208750 18120 1122304 1101250 1235322
 4587.083728 22415 1400 1400 1400 1400 79 46 0 79 52 0 79 42 0 79 44 0 15250 1208750 18120 1120934 1101250 1233120
 4587.283732 22416 1400 1400 1400 1400 79 46 0 79 52 0 79 42 0 79 44 0 15494 1210000 18150 1122578 1100000 1234200
 4587.483727 22417 1400 1400 1400 1400 79 46 0 79 52 0 79 42 0 79 44 0 15494 1210000 18150 1122578 1100000 1234200
 4587.683727 22418 1400 1400 1400 1400 79 46 0 79 52 0 79 42 0 79 44 0 15738 1210000 18150 1120660 1101250 1233120
 4587.883728 22419 1400 1400 1400 1400 79 46 0 79 52 0 79 42 0 79 44 0 15494 1210000 18150 1122030 1101250 1235322
 4588.083730 22420 1400 1400 1400 1400 79 46 0 79 52 0 79 42 0 79 44 0 15738 1208750 18120 1121208 1100000 1233100
 4588.283728 22421 1400 1400 1400 1400 79 46 0 79 52 0 79 42 0 79 44 0 15738 1208750 18120 1121208 1100000 1233100
 4588.483728 22422 1400 1400 1400 1400 79 46 0 79 52 0 79 42 0 79 44 0 15494 1210000 18150 1122578 1100000 1234200
 4588.683728 22423 1400 1400 1400 1400 79 46 0 79 52 0 79 42 0 79 44 0 15738 1208750 18120 1121756 1101250 1234221
 4588.883728 22424 1400 1400 1400 1400 79 46 0 79 52 0 79 42 0 79 44 0 15494 1210000 18150 1123126 1100000 1235300
 4589.083728 22425 1400 1400 1400 1400 79 46 0 79 52 0 79 42 0 79 44 0 15494 1210000 18150 1123126 1100000 1235300
 4589.283728 22426 1400 1400 1400 1400 79 46 0 79 52 0 79 42 0 79 44 0 15494 1208750 18120 1122578 1101250 1235322
 4589.483728 22427 1400 1400 1400 1400 79 46 0 79 52 0 79 42 0 79 44 0 15494 1210000 18150 1120386 1101250 1233120
 4589.683728 22428 1400 1400 1400 1400 79 46 0 79 52 0 79 42 0 79 44 0 15494 1208750 18120 1120386 1101250 1233120
 4589.883731 22429 1400 1400 1400 1400 79 46 0 79 52 0 79 42 0 79 44 0 15494 1208750 18120 1120386 1101250 1233120
 4590.083727 22430 1400 1400 1400 1400 79 46 0 79 52 0 79 42 0 79 44 0 15494 1210000 18150 1120112 1101250 1233120
 4590.283729 22431 1400 1400 1400 1400 79 46 0 79 52 0 79 42 0 79 44 0 15250 1208750 18120 1112988 1101250 1224312
 4590.483728 22432 1400 1400 1400 1400 79 46 0 79 52 0 79 42 0 79 44 0 15494 1208750 18120 1120934 1100000 1232000
 4590.683728 22433 1400 1400 1400 1400 79 46 0 79 52 0 79 42 0 79 44 0 15494 1208750 18120 1120934 1100000 1232000
 4590.883727 22434 1400 1400 1400 1400 79 46 0 79 52 0 79 42 0 79 44 0 15494 1208750 18120 1120660 1101250 1233120
 4591.083727 22435 1400 1400 1400 1400 79 46 0 79 52 0 79 42 0 79 44 0 15738 1210000 18150 1120386 1101250 1233120
 4591.283727 22436 1400 1400 1400 1400 79 46 0 79 52 0 79 42 0 79 44 0 15982 1210000 18150 1118742 1101250 1230918
 4591.483727 22437 1400 1400 1400 1400 79 46 0 79 52 0 79 42 0 79 44 0 15982 1210000 18150 1118742 1101250 1230918
 4591.683728 22438 1400 1400 1400 1400 79 46 0 79 52 0 79 42 0 79 44 0 15494 1208750 18120 1118742 1101250 1230918
 4591.883728 22439 1400 1400 1400 1400 79 46 0 79 52 0 79 42 0 79 44 0 15494 1208750 18120 1119016 1101250 1232019
 4592.083738 22440 1400 1400 1400 1400 79 46 0 79 52 0 79 42 0 79 44 0 15738 1210000 18150 1119564 1101250 1232019
 4592.283728 22441 1400 1400 1400 1400 79 46 0 79 52 0 79 42 0 79 44 0 15738 1210000 18150 1119564 1101250 1232019
 4592.483731 22442 1400 1400 1400 1400 79 46 0 79 52 0 79 42 0 79 44 0 15982 1210000 18150 1121208 1100000 1233100
 4592.683728 22443 1400 1400 1400 1400 79 46 0 79 52 0 79 42 0 79 44 0 15494 1208750 18120 1120934 1100000 1232000
 4592.883782 22444 1400 1400 1400 1400 79 46 0 79 52 0 79 42 0 79 44 0 15738 1208750 18120 1122578 1101250 1235322
 4593.083785 22445 1400 1400 1400 1400 79 46 0 79 52 0 79 42 0 79 44 0 15738 1210000 18150 707468 1098750 776286
