 5372.323855 26341 1300 1300 1300 1300 74 46 0 74 52 0 74 42 0 74 44 0 14762 1210000 16940 60554 1057500 63420
 5372.523852 26342 1300 1300 1300 1300 74 46 0 74 52 0 74 42 0 74 44 0 14762 1210000 16940 60554 1057500 63420
 5372.723849 26343 1300 1300 1300 1300 74 46 0 74 52 0 74 42 0 74 44 0 15006 1210000 18150 61102 1057500 64477
 5372.923956 26344 1300 1300 1300 1300 74 46 0 74 52 0 74 42 0 74 44 0 14762 1210000 16940 59732 1057500 62363
 5373.123810 26345 1300 1300 1300 1300 74 46 0 74 52 0 74 42 0 74 44 0 14762 1210000 16940 253450 1058750 267674
 5373.323808 26346 1300 1300 1300 1300 74 46 0 74 52 0 74 42 0 74 44 0 14762 1210000 16940 253450 1058750 267674
 5373.523808 26347 1300 1300 1300 1300 74 46 0 74 52 0 74 42 0 74 44 0 15006 1210000 18150 65760 1057500 68705
 5373.723808 26348 1300 1300 1300 1300 74 46 0 74 52 0 74 42 0 74 44 0 14762 1210000 16940 64390 1057500 67648
 5373.923810 26349 1300 1300 1300 1300 74 46 0 74 52 0 74 42 0 74 44 0 15006 1210000 18150 66034 1057500 69762
 5374.123817 26350 1300 1300 1300 1300 74 46 0 74 52 0 74 42 0 74 44 0 15006 1210000 18150 66034 1057500 69762
 5374.323845 26351 1300 1300 1300 1300 74 46 0 74 52 0 74 42 0 74 44 0 15006 1210000 18150 470458 1060000 498200
 5374.528818 26352 1300 1300 1300 1300 74 46 0 74 52 0 74 42 0 74 44 0 15006 1210000 18150 951328 1061250 1009011
 5374.728808 26353 1300 1300 1300 1300 74 46 0 74 52 0 74 42 0 74 44 0 14762 1208750 16912 894610 1061250 948534
 5374.928838 26354 1300 1300 1300 1300 74 46 0 74 52 0 74 42 0 74 44 0 14762 1210000 16940 668012 1060000 708080
 5375.128843 26355 1300 1300 1300 1300 76 46 0 76 52 0 76 42 0 76 44 0 14762 1210000 16940 668012 1060000 708080
 5375.328912 26356 1300 1300 1300 1300 76 46 0 76 52 0 76 42 0 76 44 0 15006 1208750 18120 966398 1062500 1025892
 5375.528892 26357 1200 1200 1200 1200 76 46 0 76 52 0 76 42 0 76 44 0 15006 1208750 18120 901734 1061250 955961
 5375.728929 26358 1200 1200 1200 1200 76 46 0 76 52 0 76 42 0 76 44 0 14762 1210000 16940 480870 1036250 497280
 5375.928813 26359 1200 1200 1200 1200 76 46 0 76 52 0 76 42 0 76 44 0 14762 1210000 16940 480870 1036250 497280
 5376.128813 26360 1200 1200 1200 1200 75 46 0 75 52 0 75 42 0 75 44 0 15006 1210000 18150 161934 1021250 164381
 5376.328813 26361 1200 1200 1200 1200 75 46 0 75 52 0 75 42 0 75 44 0 14762 1210000 16940 55348 1020000 56100
 5376.528808 26362 1200 1200 1200 1200 75 46 0 75 52 0 75 42 0 75 44 0 14762 1210000 16940 57266 1020000 58140
 5376.728963 26363 1200 1200 1200 1200 75 46 0 75 52 0 75 42 0 75 44 0 14762 1210000 16940 57266 1020000 58140
 5376.928847 26364 1200 1200 1200 1200 75 46 0 75 52 0 75 42 0 75 44 0 15006 1210000 18150 570194 1022500 582540
 5377.133932 26365 1200 1200 1200 1200 80 46 0 80 52 0 80 42 0 80 44 0 14762 1210000 16940 855154 1023750 874665
 5377.333767 26366 1200 1200 1200 1200 80 46 0 80 52 0 80 42 0 80 44 0 15250 1210000 18150 808848 1022500 825776
 5377.533731 26367 1200 1200 1200 1200 80 46 0 80 52 0 80 42 0 80 44 0 15250 1210000 18150 808848 1022500 825776
 5377.733731 26368 1200 1200 1200 1200 80 46 0 80 52 0 80 42 0 80 44 0 15006 1210000 18150 842550 1023750 861366
 5377.933730 26369 1200 1200 1200 1200 80 46 0 80 52 0 80 42 0 80 44 0 15006 1210000 18150 872964 1023750 892056
 5378.133730 26370 1200 1200 1200 1200 76 46 0 76 52 0 76 42 0 76 44 0 15006 1208750 18120 872416 1023750 892056
 5378.333729 26371 1200 1200 1200 1200 76 46 0 76 52 0 76 42 0 76 44 0 15006 1208750 18120 872416 1023750 892056
 5378.533730 26372 1200 1200 1200 1200 76 46 0 76 52 0 76 42 0 76 44 0 15006 1210000 18150 872416 1023750 892056
 5378.733730 26373 1200 1200 1200 1200 76 46 0 76 52 0 76 42 0 76 44 0 15250 1210000 18150 872142 1023750 892056
 5378.933730 26374 1200 1200 1200 1200 76 46 0 76 52 0 76 42 0 76 44 0 15250 1210000 18150 871594 1023750 891033
 5379.133730 26375 1200 1200 1200 1200 76 46 0 76 52 0 76 42 0 76 44 0 15250 1210000 18150 871594 1023750 891033
 5379.333730 26376 1200 1200 1200 1200 76 46 0 76 52 0 76 42 0 76 44 0 15250 1210000 18150 871594 1023750 891033
 5379.533730 26377 1200 1200 1200 1200 76 46 0 76 52 0 76 42 0 76 44 0 15250 1210000 18150 872142 1023750 892056
 5379.733796 26378 1200 1200 1200 1200 76 46 0 76 52 0 76 42 0 76 44 0 15006 1210000 18150 873512 1023750 893079
 5379.933847 26379 1200 1200 1200 1200 76 46 0 76 52 0 76 42 0 76 44 0 15006 1210000 18150 873512 1023750 893079
 5380.133821 26380 1200 1200 1200 1200 76 46 0 76 52 0 76 42 0 76 44 0 15250 1210000 18150 874608 1023750 894102
 5380.333816 26381 1200 1200 1200 1200 76 46 0 76 52 0 76 42 0 76 44 0 15250 1210000 18150 877074 1023750 897171
 5380.533822 26382 1200 1200 1200 1200 76 46 0 76 52 0 76 42 0 76 44 0 15006 1210000 18150 878718 1023750 898194
 5380.733799 26383 1200 1200 1200 1200 76 46 0 76 52 0 76 42 0 76 44 0 15006 1208750 18120 879266 1023750 899217
 5380.933820 26384 1200 1200 1200 1200 76 46 0 76 52 0 76 42 0 76 44 0 15006 1208750 18120 879266 1023750 899217
 5381.133834 26385 1200 1200 1200 1200 77 46 0 77 52 0 77 42 0 77 44 0 15006 1210000 18150 878992 1023750 898194
 5381.333816 26386 1200 1200 1200 1200 77 46 0 77 52 0 77 42 0 77 44 0 15250 1210000 18150 877074 1023750 897171
 5381.533821 26387 1200 1200 1200 1200 77 46 0 77 52 0 77 42 0 77 44 0 15250 1208750 18120 876526 1023750 896148
 5381.733820 26388 1200 1200 1200 1200 77 46 0 77 52 0 77 42 0 77 44 0 15250 1208750 18120 876526 1023750 896148
 5381.933820 26389 1200 1200 1200 1200 77 46 0 77 52 0 77 42 0 77 44 0 15250 1210000 18150 877348 1023750 897171
 5382.133832 26390 1200 1200 1200 1200 77 46 0 77 52 0 77 42 0 77 44 0 15006 1210000 18150 876526 1023750 896148
 5382.333820 26391 1200 1200 1200 1200 77 46 0 77 52 0 77 42 0 77 44 0 15250 1210000 18150 877622 1023750 897171
 5382.533821 26392 1200 1200 1200 1200 77 46 0 77 52 0 77 42 0 77 44 0 15250 1210000 18150 877622 1023750 897171
 5382.733821 26393 1200 1200 1200 1200 77 46 0 77 52 0 77 42 0 77 44 0 15250 1210000 18150 877348 1023750 897171
 5382.933821 26394 1200 1200 1200 1200 77 46 0 77 52 0 77 42 0 77 44 0 15250 1210000 18150 878170 1023750 898194
 5383.133831 26395 1200 1200 1200 1200 77 46 0 77 52 0 77 42 0 77 44 0 15250 1210000 18150 876800 1023750 896148
 5383.333819 26396 1200 1200 1200 1200 77 46 0 77 52 0 77 42 0 77 44 0 15250 1210000 18150 876800 1023750 896148
 5383.533820 26397 1200 1200 1200 1200 77 46 0 77 52 0 77 42 0 77 44 0 15250 1210000 18150 876252 1023750 896148
 5383.733820 26398 1200 1200 1200 1200 77 46 0 77 52 0 77 42 0 77 44 0 15250 1210000 18150 875704 1023750 895125
 5383.933820 26399 1200 1200 1200 1200 77 46 0 77 52 0 77 42 0 77 44 0 15494 1210000 18150 874608 1023750 894102
 5384.133832 26400 1200 1200 1200 1200 77 46 0 77 52 0 77 42 0 77 44 0 15494 1210000 18150 874608 1023750 894102
 5384.333820 26401 1200 1200 1200 1200 77 46 0 77 52 0 77 42 0 77 44 0 15250 1208750 18120 876526 1023750 896148
 5384.533820 26402 1200 1200 1200 1200 77 46 0 77 52 0 77 42 0 77 44 0 15250 1210000 18150 877622 1023750 897171
 5384.733817 26403 1200 1200 1200 1200 77 46 0 77 52 0 77 42 0 77 44 0 15250 1210000 18150 878170 1023750 898194
 5384.933821 26404 1200 1200 1200 1200 77 46 0 77 52 0 77 42 0 77 44 0 15250 1210000 18150 878170 1023750 898194
 5385.133832 26405 1200 1200 1200 1200 77 46 0 77 52 0 77 42 0 77 44 0 15250 1210000 18150 877348 1023750 897171
 5385.333820 26406 1200 1200 1200 1200 77 46 0 77 52 0 77 42 0 77 44 0 15250 1210000 18150 876526 1023750 896148
 5385.533821 26407 1200 1200 1200 1200 77 46 0 77 52 0 77 42 0 77 44 0 15250 1210000 18150 877348 1023750 897171
 5385.733820 26408 1200 1200 1200 1200 77 46 0 77 52 0 77 42 0 77 44 0 15250 1210000 18150 877348 1023750 897171
 5385.933816 26409 1200 1200 1200 1200 77 46 0 77 52 0 77 42 0 77 44 0 15250 1210000 18150 877348 1023750 897171
 5386.133832 26410 1200 1200 1200 1200 77 46 0 77 52 0 77 42 0 77 44 0 15494 1210000 18150 879540 1023750 899217
 5386.333819 26411 1200 1200 1200 1200 77 46 0 77 52 0 77 42 0 77 44 0 15250 1210000 18150 879814 1023750 899217
 5386.533820 26412 1200 1200 1200 1200 77 46 0 77 52 0 77 42 0 77 44 0 15250 1210000 18150 879814 1023750 899217
 5386.733820 26413 1200 1200 1200 1200 77 46 0 77 52 0 77 42 0 77 44 0 15250 1210000 18150 879266 1023750 899217
 5386.933820 26414 1200 1200 1200 1200 77 46 0 77 52 0 77 42 0 77 44 0 15250 1210000 18150 879540 1023750 899217
 5387.133832 26415 1200 1200 1200 1200 77 46 0 77 52 0 77 42 0 77 44 0 15250 1208750 18120 877348 1023750 897171
 5387.333820 26416 1200 1200 1200 1200 77 46 0 77 52 0 77 42 0 77 44 0 15250 1210000 18150 877348 1023750 897171
 5387.533820 26417 1200 1200 1200 1200 77 46 0 77 52 0 77 42 0 77 44 0 15250 1210000 18150 877348 1023750 897171
 5387.733821 26418 1200 1200 1200 1200 77 46 0 77 52 0 77 42 0 77 44 0 15250 1208750 18120 877896 1023750 897171
 5387.933821 26419 1200 1200 1200 1200 77 46 0 77 52 0 77 42 0 77 44 0 15250 1210000 18150 878718 1023750 898194
 5388.133832 26420 1200 1200 1200 1200 77 46 0 77 52 0 77 42 0 77 44 0 15250 1210000 18150 878992 1023750 898194
 5388.333820 26421 1200 1200 1200 1200 77 46 0 77 52 0 77 42 0 77 44 0 15250 1210000 18150 878992 1023750 898194
 5388.533822 26422 1200 1200 1200 1200 77 46 0 77 52 0 77 42 0 77 44 0 15250 1210000 18150 880088 1023750 900240
 5388.733820 26423 1200 1200 1200 1200 77 46 0 77 52 0 77 42 0 77 44 0 15250 1210000 18150 880088 1023750 900240
 5388.933821 26424 1200 1200 1200 1200 77 46 0 77 52 0 77 42 0 77 44 0 15250 1210000 18150 878718 1023750 898194
 5389.133832 26425 1200 1200 1200 1200 77 46 0 77 52 0 77 42 0 77 44 0 15250 1210000 18150 878718 1023750 898194
 5389.333815 26426 1200 1200 1200 1200 77 46 0 77 52 0 77 42 0 77 44 0 15494 1210000 18150 876252 1023750 896148
 5389.533820 26427 1200 1200 1200 1200 77 46 0 77 52 0 77 42 0 77 44 0 15494 1210000 18150 877348 1023750 897171
 5389.733820 26428 1200 1200 1200 1200 77 46 0 77 52 0 77 42 0 77 44 0 15250 1210000 18150 879814 1023750 899217
 5389.933820 26429 1200 1200 1200 1200 77 46 0 77 52 0 77 42 0 77 44 0 15250 1210000 18150 879814 1023750 899217
 5390.133811 26430 1200 1200 1200 1200 77 46 0 77 52 0 77 42 0 77 44 0 15250 1210000 18150 878992 1023750 898194
 5390.333794 26431 1200 1200 1200 1200 77 46 0 77 52 0 77 42 0 77 44 0 15494 1210000 18150 878992 1023750 898194
 5390.533799 26432 1200 1200 1200 1200 77 46 0 77 52 0 77 42 0 77 44 0 15250 1210000 18150 879540 1023750 899217
 5390.733799 26433 1200 1200 1200 1200 77 46 0 77 52 0 77 42 0 77 44 0 15250 1210000 18150 879540 1023750 899217
 5390.933799 26434 1200 1200 1200 1200 77 46 0 77 52 0 77 42 0 77 44 0 15250 1210000 18150 876800 1023750 896148
 5391.133809 26435 1200 1200 1200 1200 77 46 0 77 52 0 77 42 0 77 44 0 15250 1210000 18150 879540 1023750 899217
 5391.333798 26436 1200 1200 1200 1200 77 46 0 77 52 0 77 42 0 77 44 0 15250 1208750 18120 878170 1023750 898194
 5391.533799 26437 1200 1200 1200 1200 77 46 0 77 52 0 77 42 0 77 44 0 15250 1208750 18120 878170 1023750 898194
 5391.733798 26438 1200 1200 1200 1200 77 46 0 77 52 0 77 42 0 77 44 0 15250 1210000 18150 880362 1023750 900240
 5391.933799 26439 1200 1200 1200 1200 77 46 0 77 52 0 77 42 0 77 44 0 15738 1210000 18150 882280 1023750 902286
 5392.133810 26440 1200 1200 1200 1200 77 46 0 77 52 0 77 42 0 77 44 0 15250 1210000 18150 880910 1023750 900240
 5392.333798 26441 1200 1200 1200 1200 77 46 0 77 52 0 77 42 0 77 44 0 15250 1210000 18150 880910 1023750 900240
 5392.533799 26442 1200 1200 1200 1200 77 46 0 77 52 0 77 42 0 77 44 0 15250 1210000 18150 880362 1023750 900240
 5392.733748 26443 1200 1200 1200 1200 77 46 0 77 52 0 77 42 0 77 44 0 15494 1210000 18150 879540 1023750 899217
 5392.933752 26444 1200 1200 1200 1200 77 46 0 77 52 0 77 42 0 77 44 0 15494 1210000 18150 878992 1023750 898194
 5393.133759 26445 1200 1200 1200 1200 77 46 0 77 52 0 77 42 0 77 44 0 15494 1210000 18150 875704 1023750 895125
 5393.333833 26446 1200 1200 1200 1200 77 46 0 77 52 0 77 42 0 77 44 0 15494 1210000 18150 875704 1023750 895125
 5393.533803 26447 1200 1200 1200 1200 77 46 0 77 52 0 77 42 0 77 44 0 15494 1210000 18150 878170 1023750 898194
 5393.733803 26448 1200 1200 1200 1200 77 46 0 77 52 0 77 42 0 77 44 0 15250 1210000 18150 878992 1023750 898194
 5393.933803 26449 1200 1200 1200 1200 77 46 0 77 52 0 77 42 0 77 44 0 15250 1210000 18150 880362 1023750 900240
 5394.133814 26450 1200 1200 1200 1200 77 46 0 77 52 0 77 42 0 77 44 0 15250 1210000 18150 880362 1023750 900240
 5394.333803 26451 1200 1200 1200 1200 77 46 0 77 52 0 77 42 0 77 44 0 15494 1210000 18150 878444 1023750 898194
 5394.533804 26452 1200 1200 1200 1200 77 46 0 77 52 0 77 42 0 77 44 0 15250 1210000 18150 876252 1023750 896148
 5394.733798 26453 1200 1200 1200 1200 77 46 0 77 52 0 77 42 0 77 44 0 15250 1210000 18150 876252 1023750 896148
 5394.933803 26454 1200 1200 1200 1200 77 46 0 77 52 0 77 42 0 77 44 0 15250 1210000 18150 876252 1023750 896148
 5395.133815 26455 1200 1200 1200 1200 78 46 0 78 52 0 78 42 0 78 44 0 15494 1210000 18150 877348 1023750 897171
 5395.333803 26456 1200 1200 1200 1200 78 46 0 78 52 0 78 42 0 78 44 0 15494 1210000 18150 878718 1023750 898194
 5395.533804 26457 1200 1200 1200 1200 78 46 0 78 52 0 78 42 0 78 44 0 15494 1210000 18150 880362 1023750 900240
 5395.733804 26458 1200 1200 1200 1200 78 46 0 78 52 0 78 42 0 78 44 0 15494 1210000 18150 880362 1023750 900240
 5395.933803 26459 1200 1200 1200 1200 78 46 0 78 52 0 78 42 0 78 44 0 15250 1210000 18150 880636 1023750 900240
 5396.133815 26460 1200 1200 1200 1200 77 46 0 77 52 0 77 42 0 77 44 0 15494 1210000 18150 878992 1023750 898194
 5396.333803 26461 1200 1200 1200 1200 77 46 0 77 52 0 77 42 0 77 44 0 15250 1210000 18150 877896 1023750 897171
 5396.533803 26462 1200 1200 1200 1200 77 46 0 77 52 0 77 42 0 77 44 0 15250 1210000 18150 877896 1023750 897171
 5396.733816 26463 1200 1200 1200 1200 77 46 0 77 52 0 77 42 0 77 44 0 15250 1210000 18150 878718 1023750 898194
 5396.933821 26464 1200 1200 1200 1200 77 46 0 77 52 0 77 42 0 77 44 0 15494 1210000 18150 877348 1023750 897171
 5397.133815 26465 1200 1200 1200 1200 77 46 0 77 52 0 77 42 0 77 44 0 15494 1210000 18150 880910 1023750 900240
 5397.333821 26466 1200 1200 1200 1200 77 46 0 77 52 0 77 42 0 77 44 0 15494 1210000 18150 880910 1023750 900240
 5397.533821 26467 1200 1200 1200 1200 77 46 0 77 52 0 77 42 0 77 44 0 15494 1210000 18150 881458 1023750 901263
 5397.733822 26468 1200 1200 1200 1200 77 46 0 77 52 0 77 42 0 77 44 0 15494 1210000 18150 880910 1023750 900240
 5397.933821 26469 1200 1200 1200 1200 77 46 0 77 52 0 77 42 0 77 44 0 15494 1210000 18150 880088 1023750 900240
 5398.133832 26470 1200 1200 1200 1200 78 46 0 78 52 0 78 42 0 78 44 0 15494 1210000 18150 880088 1023750 900240
 5398.333819 26471 1200 1200 1200 1200 78 46 0 78 52 0 78 42 0 78 44 0 15250 1210000 18150 878992 1023750 898194
 5398.533820 26472 1200 1200 1200 1200 78 46 0 78 52 0 78 42 0 78 44 0 15250 1210000 18150 877074 1023750 897171
 5398.733820 26473 1200 1200 1200 1200 78 46 0 78 52 0 78 42 0 78 44 0 15250 1210000 18150 878170 1023750 898194
 5398.933820 26474 1200 1200 1200 1200 78 46 0 78 52 0 78 42 0 78 44 0 15250 1210000 18150 878170 1023750 898194
 5399.133832 26475 1200 1200 1200 1200 78 46 0 78 52 0 78 42 0 78 44 0 15494 1210000 18150 880088 1023750 900240
 5399.333816 26476 1200 1200 1200 1200 78 46 0 78 52 0 78 42 0 78 44 0 15250 1210000 18150 879814 1023750 899217
 5399.533821 26477 1200 1200 1200 1200 78 46 0 78 52 0 78 42 0 78 44 0 15494 1210000 18150 880088 1023750 900240
 5399.733820 26478 1200 1200 1200 1200 78 46 0 78 52 0 78 42 0 78 44 0 15494 1210000 18150 880088 1023750 900240
 5399.933816 26479 1200 1200 1200 1200 78 46 0 78 52 0 78 42 0 78 44 0 15494 1210000 18150 880088 1023750 900240
 5400.133831 26480 1200 1200 1200 1200 77 46 0 77 52 0 77 42 0 77 44 0 15494 1210000 18150 865292 1023750 884895
 5400.333820 26481 1200 1200 1200 1200 77 46 0 77 52 0 77 42 0 77 44 0 15250 1210000 18150 877074 1023750 897171
 5400.533821 26482 1200 1200 1200 1200 77 46 0 77 52 0 77 42 0 77 44 0 15494 1210000 18150 878718 1023750 898194
 5400.733821 26483 1200 1200 1200 1200 77 46 0 77 52 0 77 42 0 77 44 0 15494 1210000 18150 878718 1023750 898194
 5400.933820 26484 1200 1200 1200 1200 77 46 0 77 52 0 77 42 0 77 44 0 15494 1210000 18150 881732 1023750 901263
 5401.133832 26485 1200 1200 1200 1200 78 46 0 78 52 0 78 42 0 78 44 0 15494 1210000 18150 881458 1023750 901263
 5401.333819 26486 1200 1200 1200 1200 78 46 0 78 52 0 78 42 0 78 44 0 15250 1210000 18150 882006 1023750 902286
 5401.533821 26487 1200 1200 1200 1200 78 46 0 78 52 0 78 42 0 78 44 0 15250 1210000 18150 882006 1023750 902286
 5401.733816 26488 1200 1200 1200 1200 78 46 0 78 52 0 78 42 0 78 44 0 15494 1210000 18150 880636 1023750 900240
 5401.933820 26489 1200 1200 1200 1200 78 46 0 78 52 0 78 42 0 78 44 0 15250 1210000 18150 879540 1023750 899217
 5402.133832 26490 1200 1200 1200 1200 78 46 0 78 52 0 78 42 0 78 44 0 15250 1210000 18150 879266 1023750 899217
 5402.333821 26491 1200 1200 1200 1200 78 46 0 78 52 0 78 42 0 78 44 0 15250 1210000 18150 879266 1023750 899217
 5402.533820 26492 1200 1200 1200 1200 77 46 0 77 52 0 77 42 0 77 44 0 15494 1210000 18150 877348 1023750 897171
 5402.733815 26493 1200 1200 1200 1200 77 46 0 77 52 0 77 42 0 77 44 0 15494 1210000 18150 880910 1023750 900240
 5402.933821 26494 1200 1200 1200 1200 77 46 0 77 52 0 77 42 0 77 44 0 15250 1210000 18150 882006 1023750 902286
 5403.133832 26495 1200 1200 1200 1200 78 46 0 78 52 0 78 42 0 78 44 0 15250 1210000 18150 882006 1023750 902286
 5403.333820 26496 1200 1200 1200 1200 78 46 0 78 52 0 78 42 0 78 44 0 15250 1210000 18150 880362 1023750 900240
 5403.533821 26497 1200 1200 1200 1200 78 46 0 78 52 0 78 42 0 78 44 0 15494 1210000 18150 877348 1023750 897171
 5403.733821 26498 1200 1200 1200 1200 78 46 0 78 52 0 78 42 0 78 44 0 15494 1210000 18150 877348 1023750 897171
 5403.933822 26499 1200 1200 1200 1200 78 46 0 78 52 0 78 42 0 78 44 0 15494 1210000 18150 877348 1023750 897171
 5404.133832 26500 1200 1200 1200 1200 78 46 0 78 52 0 78 42 0 78 44 0 15494 1210000 18150 876252 1023750 896148
 5404.333815 26501 1200 1200 1200 1200 78 46 0 78 52 0 78 42 0 78 44 0 15250 1210000 18150 877074 1023750 897171
 5404.533821 26502 1200 1200 1200 1200 78 46 0 78 52 0 78 42 0 78 44 0 15250 1210000 18150 881458 1023750 901263
 5404.733821 26503 1200 1200 1200 1200 78 46 0 78 52 0 78 42 0 78 44 0 15250 1210000 18150 881458 1023750 901263
 5404.933825 26504 1200 1200 1200 1200 78 46 0 78 52 0 78 42 0 78 44 0 15250 1210000 18150 879540 1023750 899217
 5405.133819 26505 1200 1200 1200 1200 78 46 0 78 52 0 78 42 0 78 44 0 15494 1210000 18150 878444 1023750 898194
 5405.333822 26506 1200 1200 1200 1200 78 46 0 78 52 0 78 42 0 78 44 0 15250 1210000 18150 871868 1023750 891033
 5405.533803 26507 1200 1200 1200 1200 78 46 0 78 52 0 78 42 0 78 44 0 15494 1210000 18150 876252 1023750 896148
 5405.733823 26508 1200 1200 1200 1200 78 46 0 78 52 0 78 42 0 78 44 0 15494 1210000 18150 876252 1023750 896148
 5405.933824 26509 1200 1200 1200 1200 78 46 0 78 52 0 78 42 0 78 44 0 15494 1210000 18150 875978 1023750 895125
 5406.133836 26510 1200 1200 1200 1200 78 46 0 78 52 0 78 42 0 78 44 0 15250 1210000 18150 877074 1023750 897171
 5406.333822 26511 1200 1200 1200 1200 78 46 0 78 52 0 78 42 0 78 44 0 15250 1210000 18150 880910 1023750 900240
 5406.533820 26512 1200 1200 1200 1200 78 46 0 78 52 0 78 42 0 78 44 0 15250 1210000 18150 880910 1023750 900240
 5406.733825 26513 1200 1200 1200 1200 78 46 0 78 52 0 78 42 0 78 44 0 15250 1210000 18150 880362 1023750 900240
 5406.933823 26514 1200 1200 1200 1200 78 46 0 78 52 0 78 42 0 78 44 0 15250 1210000 18150 880088 1023750 900240
 5407.133818 26515 1200 1200 1200 1200 78 46 0 78 52 0 78 42 0 78 44 0 15250 1210000 18150 877896 1023750 897171
 5407.333821 26516 1200 1200 1200 1200 78 46 0 78 52 0 78 42 0 78 44 0 15250 1210000 18150 877896 1023750 897171
 5407.533824 26517 1200 1200 1200 1200 78 46 0 78 52 0 78 42 0 78 44 0 15494 1210000 18150 878992 1023750 898194
 5407.733823 26518 1200 1200 1200 1200 78 46 0 78 52 0 78 42 0 78 44 0 15494 1210000 18150 880088 1023750 900240
 5407.933824 26519 1200 1200 1200 1200 78 46 0 78 52 0 78 42 0 78 44 0 15250 1210000 18150 879814 1023750 899217
 5408.133835 26520 1200 1200 1200 1200 78 46 0 78 52 0 78 42 0 78 44 0 15250 1210000 18150 879814 1023750 899217
 5408.333822 26521 1200 1200 1200 1200 78 46 0 78 52 0 78 42 0 78 44 0 15250 1210000 18150 882006 1023750 902286
 5408.533823 26522 1200 1200 1200 1200 78 46 0 78 52 0 78 42 0 78 44 0 15494 1210000 18150 882828 1023750 902286
 5408.733823 26523 1200 1200 1200 1200 78 46 0 78 52 0 78 42 0 78 44 0 15738 1210000 18150 880636 1023750 900240
 5408.933823 26524 1200 1200 1200 1200 78 46 0 78 52 0 78 42 0 78 44 0 15738 1210000 18150 880636 1023750 900240
 5409.133834 26525 1200 1200 1200 1200 78 46 0 78 52 0 78 42 0 78 44 0 15494 1210000 18150 877074 1023750 897171
 5409.333823 26526 1200 1200 1200 1200 78 46 0 78 52 0 78 42 0 78 44 0 15250 1210000 18150 877348 1023750 897171
 5409.533818 26527 1200 1200 1200 1200 78 46 0 78 52 0 78 42 0 78 44 0 15494 1210000 18150 877348 1023750 897171
 5409.733823 26528 1200 1200 1200 1200 78 46 0 78 52 0 78 42 0 78 44 0 15494 1210000 18150 877348 1023750 897171
 5409.933825 26529 1200 1200 1200 1200 78 46 0 78 52 0 78 42 0 78 44 0 15494 1210000 18150 879266 1023750 899217
 5410.133836 26530 1200 1200 1200 1200 78 46 0 78 52 0 78 42 0 78 44 0 15250 1210000 18150 877074 1023750 897171
 5410.333820 26531 1200 1200 1200 1200 78 46 0 78 52 0 78 42 0 78 44 0 15494 1210000 18150 879814 1023750 899217
 5410.533820 26532 1200 1200 1200 1200 78 46 0 78 52 0 78 42 0 78 44 0 15494 1210000 18150 879814 1023750 899217
 5410.733820 26533 1200 1200 1200 1200 78 46 0 78 52 0 78 42 0 78 44 0 15250 1210000 18150 881184 1023750 901263
 5410.933820 26534 1200 1200 1200 1200 78 46 0 78 52 0 78 42 0 78 44 0 15494 1210000 18150 878992 1023750 898194
 5411.133832 26535 1200 1200 1200 1200 78 46 0 78 52 0 78 42 0 78 44 0 15494 1210000 18150 877622 1023750 897171
 5411.333820 26536 1200 1200 1200 1200 78 46 0 78 52 0 78 42 0 78 44 0 15494 1210000 18150 877622 1023750 897171
 5411.533821 26537 1200 1200 1200 1200 78 46 0 78 52 0 78 42 0 78 44 0 15250 1210000 18150 876526 1023750 896148
 5411.733816 26538 1200 1200 1200 1200 78 46 0 78 52 0 78 42 0 78 44 0 15494 1210000 18150 880910 1023750 900240
 5411.933820 26539 1200 1200 1200 1200 78 46 0 78 52 0 78 42 0 78 44 0 15494 1210000 18150 881184 1023750 901263
 5412.133831 26540 1200 1200 1200 1200 78 46 0 78 52 0 78 42 0 78 44 0 15494 1210000 18150 880910 1023750 900240
 5412.333821 26541 1200 1200 1200 1200 78 46 0 78 52 0 78 42 0 78 44 0 15494 1210000 18150 880910 1023750 900240
 5412.533821 26542 1200 1200 1200 1200 78 46 0 78 52 0 78 42 0 78 44 0 15250 1210000 18150 880910 1023750 900240
 5412.733821 26543 1200 1200 1200 1200 78 46 0 78 52 0 78 42 0 78 44 0 15250 1210000 18150 879540 1023750 899217
 5412.933820 26544 1200 1200 1200 1200 78 46 0 78 52 0 78 42 0 78 44 0 15250 1210000 18150 877896 1023750 897171
 5413.133831 26545 1200 1200 1200 1200 78 46 0 78 52 0 78 42 0 78 44 0 15250 1210000 18150 877896 1023750 897171
 5413.333819 26546 1200 1200 1200 1200 78 46 0 78 52 0 78 42 0 78 44 0 15494 1210000 18150 877896 1023750 897171
 5413.533821 26547 1200 1200 1200 1200 78 46 0 78 52 0 78 42 0 78 44 0 15494 1210000 18150 881458 1023750 901263
 5413.733821 26548 1200 1200 1200 1200 78 46 0 78 52 0 78 42 0 78 44 0 15494 1210000 18150 880088 1023750 900240
 5413.933820 26549 1200 1200 1200 1200 78 46 0 78 52 0 78 42 0 78 44 0 15494 1210000 18150 880088 1023750 900240
 5414.133829 26550 1200 1200 1200 1200 78 46 0 78 52 0 78 42 0 78 44 0 15494 1210000 18150 879266 1023750 899217
 5414.333820 26551 1200 1200 1200 1200 78 46 0 78 52 0 78 42 0 78 44 0 15494 1210000 18150 878992 1023750 898194
 5414.533820 26552 1200 1200 1200 1200 78 46 0 78 52 0 78 42 0 78 44 0 15494 1210000 18150 876526 1023750 896148
 5414.733820 26553 1200 1200 1200 1200 78 46 0 78 52 0 78 42 0 78 44 0 15494 1210000 18150 876526 1023750 896148
 5414.933821 26554 1200 1200 1200 1200 78 46 0 78 52 0 78 42 0 78 44 0 15494 1210000 18150 876526 1023750 896148
 5415.133832 26555 1200 1200 1200 1200 78 46 0 78 52 0 78 42 0 78 44 0 15494 1210000 18150 876252 1023750 896148
 5415.333820 26556 1200 1200 1200 1200 78 46 0 78 52 0 78 42 0 78 44 0 15494 1210000 18150 878718 1023750 898194
 5415.533821 26557 1200 1200 1200 1200 78 46 0 78 52 0 78 42 0 78 44 0 15494 1210000 18150 878718 1023750 898194
 5415.733820 26558 1200 1200 1200 1200 78 46 0 78 52 0 78 42 0 78 44 0 15250 1210000 18150 879266 1023750 899217
 5415.933820 26559 1200 1200 1200 1200 78 46 0 78 52 0 78 42 0 78 44 0 15494 1210000 18150 880088 1023750 900240
 5416.133816 26560 1200 1200 1200 1200 78 46 0 78 52 0 78 42 0 78 44 0 15494 1210000 18150 878992 1023750 898194
 5416.333819 26561 1200 1200 1200 1200 78 46 0 78 52 0 78 42 0 78 44 0 15494 1210000 18150 878992 1023750 898194
 5416.533821 26562 1200 1200 1200 1200 78 46 0 78 52 0 78 42 0 78 44 0 15494 1210000 18150 877622 1023750 897171
 5416.733821 26563 1200 1200 1200 1200 78 46 0 78 52 0 78 42 0 78 44 0 15250 1210000 18150 877622 1023750 897171
 5416.933820 26564 1200 1200 1200 1200 78 46 0 78 52 0 78 42 0 78 44 0 15250 1210000 18150 877622 1023750 897171
 5417.133832 26565 1200 1200 1200 1200 78 46 0 78 52 0 78 42 0 78 44 0 15250 1210000 18150 877622 1023750 897171
 5417.333820 26566 1200 1200 1200 1200 78 46 0 78 52 0 78 42 0 78 44 0 15250 1210000 18150 880088 1023750 900240
 5417.533820 26567 1200 1200 1200 1200 78 46 0 78 52 0 78 42 0 78 44 0 15250 1210000 18150 881184 1023750 901263
 5417.733821 26568 1200 1200 1200 1200 78 46 0 78 52 0 78 42 0 78 44 0 15494 1210000 18150 880362 1023750 900240
 5417.933800 26569 1200 1200 1200 1200 78 46 0 78 52 0 78 42 0 78 44 0 15494 1210000 18150 880362 1023750 900240
 5418.133833 26570 1200 1200 1200 1200 78 46 0 78 52 0 78 42 0 78 44 0 15494 1210000 18150 880362 1023750 900240
 5418.333822 26571 1200 1200 1200 1200 78 46 0 78 52 0 78 42 0 78 44 0 15494 1210000 18150 880636 1023750 900240
 5418.533816 26572 1200 1200 1200 1200 78 46 0 78 52 0 78 42 0 78 44 0 15494 1210000 18150 878992 1023750 898194
 5418.733840 26573 1200 1200 1200 1200 78 46 0 78 52 0 78 42 0 78 44 0 15250 1210000 18150 877896 1023750 897171
 5418.933815 26574 1200 1200 1200 1200 78 46 0 78 52 0 78 42 0 78 44 0 15250 1210000 18150 877896 1023750 897171
 5419.133899 26575 1200 1200 1200 1200 77 46 0 77 52 0 77 42 0 77 44 0 15250 1210000 18150 882280 1023750 902286
