 6320.393870 31081 1100 1100 1100 1100 74 46 0 74 52 0 74 42 0 74 44 0 14762 1210000 16940 54252 995000 53730
 6320.593816 31082 1100 1100 1100 1100 74 46 0 74 52 0 74 42 0 74 44 0 14762 1210000 16940 54252 995000 53730
 6320.793812 31083 1100 1100 1100 1100 74 46 0 74 52 0 74 42 0 74 44 0 14518 1210000 16940 52882 995000 51740
 6320.993816 31084 1100 1100 1100 1100 74 46 0 74 52 0 74 42 0 74 44 0 15006 1210000 18150 55348 995000 54725
 6321.193816 31085 1100 1100 1100 1100 73 46 0 73 52 0 73 42 0 73 44 0 14762 1210000 16940 52608 995000 51740
 6321.393816 31086 1100 1100 1100 1100 73 46 0 73 52 0 73 42 0 73 44 0 14762 1210000 16940 52608 995000 51740
 6321.593952 31087 1100 1100 1100 1100 73 46 0 73 52 0 73 42 0 73 44 0 14762 1210000 16940 53156 995000 52735
 6321.793812 31088 1100 1100 1100 1100 73 46 0 73 52 0 73 42 0 73 44 0 14518 1210000 16940 52334 995000 51740
 6321.993816 31089 1100 1100 1100 1100 73 46 0 73 52 0 73 42 0 73 44 0 14762 1210000 16940 241668 996250 240036
 6322.193815 31090 1100 1100 1100 1100 73 46 0 73 52 0 73 42 0 73 44 0 14762 1210000 16940 241668 996250 240036
 6322.393815 31091 1100 1100 1100 1100 73 46 0 73 52 0 73 42 0 73 44 0 14762 1210000 16940 59184 995000 58705
 6322.598847 31092 1100 1100 1100 1100 73 46 0 73 52 0 73 42 0 73 44 0 14518 1210000 16940 52882 995000 51740
 6322.799007 31093 1100 1100 1100 1100 73 46 0 73 52 0 73 42 0 73 44 0 14762 1210000 16940 51512 995000 50745
 6322.998864 31094 1100 1100 1100 1100 74 46 0 74 52 0 74 42 0 74 44 0 14762 1210000 16940 51512 995000 50745
 6323.198832 31095 1100 1100 1100 1100 74 46 0 74 52 0 74 42 0 74 44 0 14762 1208750 16912 516490 997500 514452
 6323.398920 31096 1100 1100 1100 1100 74 46 0 74 52 0 74 42 0 74 44 0 14762 1210000 16940 752952 998750 750496
 6323.598742 31097 1100 1100 1100 1100 74 46 0 74 52 0 74 42 0 74 44 0 14762 1210000 16940 721168 997500 718837
 6323.798807 31098 1100 1100 1100 1100 74 46 0 74 52 0 74 42 0 74 44 0 14518 1210000 16940 468266 997500 466596
 6323.998853 31099 1100 1100 1100 1100 74 46 0 74 52 0 74 42 0 74 44 0 14518 1210000 16940 468266 997500 466596
 6324.198864 31100 1100 1100 1100 1100 75 46 0 75 52 0 75 42 0 75 44 0 14762 1210000 16940 788572 997500 785636
 6324.398942 31101 1000 1000 1000 1000 75 46 0 75 52 0 75 42 0 75 44 0 14762 1210000 16940 740896 997500 737780
 6324.598830 31102 1000 1000 1000 1000 75 46 0 75 52 0 75 42 0 75 44 0 15006 1210000 18150 663354 997500 661011
 6324.798857 31103 1000 1000 1000 1000 75 46 0 75 52 0 75 42 0 75 44 0 15006 1210000 18150 663354 997500 661011
 6324.998903 31104 1000 1000 1000 1000 75 46 0 75 52 0 75 42 0 75 44 0 15006 1210000 18150 283590 958750 271114
 6325.198867 31105 1000 1000 1000 1000 74 46 0 74 52 0 74 42 0 74 44 0 14762 1210000 16940 59184 957500 56463
 6325.398884 31106 1000 1000 1000 1000 74 46 0 74 52 0 74 42 0 74 44 0 14762 1210000 16940 41648 957500 39237
 6325.599343 31107 1000 1000 1000 1000 74 46 0 74 52 0 74 42 0 74 44 0 14762 1210000 16940 41648 957500 39237
 6325.798849 31108 1000 1000 1000 1000 74 46 0 74 52 0 74 42 0 74 44 0 14762 1210000 16940 154262 957500 147378
 6325.998854 31109 1000 1000 1000 1000 74 46 0 74 52 0 74 42 0 74 44 0 14762 1210000 16940 520052 958750 498160
 6326.198919 31110 1000 1000 1000 1000 74 46 0 74 52 0 74 42 0 74 44 0 14762 1210000 16940 656504 960000 629760
 6326.398922 31111 1000 1000 1000 1000 74 46 0 74 52 0 74 42 0 74 44 0 14762 1210000 16940 656504 960000 629760
 6326.598822 31112 1000 1000 1000 1000 74 46 0 74 52 0 74 42 0 74 44 0 14762 1210000 16940 637324 958750 610246
 6326.798827 31113 1000 1000 1000 1000 74 46 0 74 52 0 74 42 0 74 44 0 14762 1210000 16940 621980 960000 596160
 6326.998863 31114 1000 1000 1000 1000 75 46 0 75 52 0 75 42 0 75 44 0 14762 1210000 16940 692672 960000 664320
 6327.198827 31115 1000 1000 1000 1000 75 46 0 75 52 0 75 42 0 75 44 0 14762 1210000 16940 692672 960000 664320
 6327.398827 31116 1000 1000 1000 1000 75 46 0 75 52 0 75 42 0 75 44 0 14762 1210000 16940 683904 960000 655680
 6327.598827 31117 1000 1000 1000 1000 75 46 0 75 52 0 75 42 0 75 44 0 14518 1210000 16940 684726 960000 656640
 6327.798827 31118 1000 1000 1000 1000 75 46 0 75 52 0 75 42 0 75 44 0 14762 1210000 16940 686918 960000 658560
 6327.998858 31119 1000 1000 1000 1000 75 46 0 75 52 0 75 42 0 75 44 0 14762 1210000 16940 686918 960000 658560
 6328.198826 31120 1000 1000 1000 1000 75 46 0 75 52 0 75 42 0 75 44 0 14518 1210000 16940 688836 960000 660480
 6328.398827 31121 1000 1000 1000 1000 75 46 0 75 52 0 75 42 0 75 44 0 14762 1210000 16940 685822 960000 657600
 6328.598826 31122 1000 1000 1000 1000 75 46 0 75 52 0 75 42 0 75 44 0 14518 1210000 16940 686370 960000 658560
 6328.798827 31123 1000 1000 1000 1000 75 46 0 75 52 0 75 42 0 75 44 0 14518 1210000 16940 686370 960000 658560
 6328.998836 31124 1000 1000 1000 1000 75 46 0 75 52 0 75 42 0 75 44 0 14762 1210000 16940 686918 960000 658560
 6329.198826 31125 1000 1000 1000 1000 75 46 0 75 52 0 75 42 0 75 44 0 14762 1210000 16940 686370 960000 658560
 6329.398882 31126 1000 1000 1000 1000 75 46 0 75 52 0 75 42 0 75 44 0 14762 1210000 16940 685822 960000 657600
 6329.598810 31127 1000 1000 1000 1000 75 46 0 75 52 0 75 42 0 75 44 0 14762 1210000 16940 685822 960000 657600
 6329.798827 31128 1000 1000 1000 1000 75 46 0 75 52 0 75 42 0 75 44 0 14762 1210000 16940 688288 960000 660480
 6329.998858 31129 1000 1000 1000 1000 75 46 0 75 52 0 75 42 0 75 44 0 15006 1210000 18150 689110 960000 661440
 6330.198827 31130 1000 1000 1000 1000 75 46 0 75 52 0 75 42 0 75 44 0 14762 1208750 16912 688014 960000 660480
 6330.398822 31131 1000 1000 1000 1000 75 46 0 75 52 0 75 42 0 75 44 0 14762 1210000 16940 687192 960000 659520
 6330.598828 31132 1000 1000 1000 1000 75 46 0 75 52 0 75 42 0 75 44 0 14762 1210000 16940 687192 960000 659520
 6330.798826 31133 1000 1000 1000 1000 75 46 0 75 52 0 75 42 0 75 44 0 15006 1208750 18120 686644 960000 658560
 6330.998857 31134 1000 1000 1000 1000 75 46 0 75 52 0 75 42 0 75 44 0 14762 1210000 16940 686918 960000 658560
 6331.198822 31135 1000 1000 1000 1000 75 46 0 75 52 0 75 42 0 75 44 0 14762 1210000 16940 687740 960000 659520
 6331.398821 31136 1000 1000 1000 1000 75 46 0 75 52 0 75 42 0 75 44 0 14762 1210000 16940 687740 960000 659520
 6331.598827 31137 1000 1000 1000 1000 75 46 0 75 52 0 75 42 0 75 44 0 14762 1210000 16940 688014 960000 660480
 6331.798827 31138 1000 1000 1000 1000 75 46 0 75 52 0 75 42 0 75 44 0 14762 1210000 16940 688836 960000 660480
 6331.998857 31139 1000 1000 1000 1000 75 46 0 75 52 0 75 42 0 75 44 0 14762 1210000 16940 689384 960000 661440
 6332.198827 31140 1000 1000 1000 1000 75 46 0 75 52 0 75 42 0 75 44 0 14762 1210000 16940 689384 960000 661440
 6332.398883 31141 1000 1000 1000 1000 75 46 0 75 52 0 75 42 0 75 44 0 14762 1210000 16940 689658 960000 661440
 6332.598827 31142 1000 1000 1000 1000 75 46 0 75 52 0 75 42 0 75 44 0 14762 1210000 16940 686370 960000 658560
 6332.798826 31143 1000 1000 1000 1000 75 46 0 75 52 0 75 42 0 75 44 0 14762 1210000 16940 688562 960000 660480
 6332.998840 31144 1000 1000 1000 1000 75 46 0 75 52 0 75 42 0 75 44 0 14762 1210000 16940 688562 960000 660480
 6333.198826 31145 1000 1000 1000 1000 75 46 0 75 52 0 75 42 0 75 44 0 15006 1210000 18150 686644 960000 658560
 6333.398827 31146 1000 1000 1000 1000 75 46 0 75 52 0 75 42 0 75 44 0 14762 1210000 16940 686096 960000 658560
 6333.598822 31147 1000 1000 1000 1000 75 46 0 75 52 0 75 42 0 75 44 0 14518 1210000 16940 688014 960000 660480
 6333.798827 31148 1000 1000 1000 1000 75 46 0 75 52 0 75 42 0 75 44 0 14518 1210000 16940 688014 960000 660480
 6333.998858 31149 1000 1000 1000 1000 75 46 0 75 52 0 75 42 0 75 44 0 15006 1210000 18150 688562 960000 660480
 6334.198826 31150 1000 1000 1000 1000 75 46 0 75 52 0 75 42 0 75 44 0 14762 1210000 16940 687466 960000 659520
 6334.398827 31151 1000 1000 1000 1000 75 46 0 75 52 0 75 42 0 75 44 0 15006 1210000 18150 685548 960000 657600
 6334.598827 31152 1000 1000 1000 1000 75 46 0 75 52 0 75 42 0 75 44 0 15006 1210000 18150 685548 960000 657600
 6334.798799 31153 1000 1000 1000 1000 75 46 0 75 52 0 75 42 0 75 44 0 14762 1208750 16912 685548 960000 657600
 6334.998853 31154 1000 1000 1000 1000 75 46 0 75 52 0 75 42 0 75 44 0 14762 1210000 16940 685548 960000 657600
 6335.198826 31155 1000 1000 1000 1000 75 46 0 75 52 0 75 42 0 75 44 0 14762 1210000 16940 704180 960000 675840
 6335.398882 31156 1000 1000 1000 1000 75 46 0 75 52 0 75 42 0 75 44 0 14762 1210000 16940 704180 960000 675840
 6335.598826 31157 1000 1000 1000 1000 75 46 0 75 52 0 75 42 0 75 44 0 14762 1210000 16940 687192 960000 659520
 6335.798828 31158 1000 1000 1000 1000 75 46 0 75 52 0 75 42 0 75 44 0 15006 1208750 18120 688014 960000 660480
 6335.998852 31159 1000 1000 1000 1000 75 46 0 75 52 0 75 42 0 75 44 0 15006 1210000 18150 689658 960000 661440
 6336.198805 31160 1000 1000 1000 1000 75 46 0 75 52 0 75 42 0 75 44 0 15006 1210000 18150 685822 960000 657600
 6336.398827 31161 1000 1000 1000 1000 75 46 0 75 52 0 75 42 0 75 44 0 15006 1210000 18150 685822 960000 657600
 6336.598827 31162 1000 1000 1000 1000 75 46 0 75 52 0 75 42 0 75 44 0 14762 1210000 16940 683630 960000 655680
 6336.798827 31163 1000 1000 1000 1000 75 46 0 75 52 0 75 42 0 75 44 0 14518 1210000 16940 684178 960000 656640
 6336.998835 31164 1000 1000 1000 1000 75 46 0 75 52 0 75 42 0 75 44 0 15006 1210000 18150 685000 960000 657600
 6337.198822 31165 1000 1000 1000 1000 75 46 0 75 52 0 75 42 0 75 44 0 15006 1210000 18150 685000 960000 657600
 6337.398827 31166 1000 1000 1000 1000 75 46 0 75 52 0 75 42 0 75 44 0 14762 1210000 16940 686644 960000 658560
 6337.598827 31167 1000 1000 1000 1000 75 46 0 75 52 0 75 42 0 75 44 0 14762 1208750 16912 686644 960000 658560
 6337.798826 31168 1000 1000 1000 1000 75 46 0 75 52 0 75 42 0 75 44 0 15006 1210000 18150 687740 960000 659520
 6337.998858 31169 1000 1000 1000 1000 75 46 0 75 52 0 75 42 0 75 44 0 15006 1210000 18150 687740 960000 659520
 6338.198827 31170 1000 1000 1000 1000 75 46 0 75 52 0 75 42 0 75 44 0 14762 1210000 16940 685548 960000 657600
 6338.398875 31171 1000 1000 1000 1000 75 46 0 75 52 0 75 42 0 75 44 0 14762 1210000 16940 683356 960000 655680
 6338.598827 31172 1000 1000 1000 1000 75 46 0 75 52 0 75 42 0 75 44 0 15006 1210000 18150 684452 960000 656640
 6338.798827 31173 1000 1000 1000 1000 75 46 0 75 52 0 75 42 0 75 44 0 15006 1210000 18150 684452 960000 656640
 6338.998859 31174 1000 1000 1000 1000 75 46 0 75 52 0 75 42 0 75 44 0 14762 1210000 16940 685000 960000 657600
 6339.198826 31175 1000 1000 1000 1000 75 46 0 75 52 0 75 42 0 75 44 0 14762 1210000 16940 687740 960000 659520
 6339.398821 31176 1000 1000 1000 1000 75 46 0 75 52 0 75 42 0 75 44 0 14762 1210000 16940 685274 960000 657600
 6339.598827 31177 1000 1000 1000 1000 75 46 0 75 52 0 75 42 0 75 44 0 14762 1210000 16940 685274 960000 657600
 6339.798827 31178 1000 1000 1000 1000 75 46 0 75 52 0 75 42 0 75 44 0 14762 1210000 16940 687192 960000 659520
 6339.998858 31179 1000 1000 1000 1000 75 46 0 75 52 0 75 42 0 75 44 0 15006 1210000 18150 688288 960000 660480
 6340.198822 31180 1000 1000 1000 1000 75 46 0 75 52 0 75 42 0 75 44 0 14762 1210000 16940 685000 960000 657600
 6340.398827 31181 1000 1000 1000 1000 75 46 0 75 52 0 75 42 0 75 44 0 14762 1210000 16940 685000 960000 657600
 6340.598826 31182 1000 1000 1000 1000 75 46 0 75 52 0 75 42 0 75 44 0 14762 1210000 16940 685822 960000 657600
 6340.798827 31183 1000 1000 1000 1000 75 46 0 75 52 0 75 42 0 75 44 0 14762 1210000 16940 687466 960000 659520
 6340.998841 31184 1000 1000 1000 1000 75 46 0 75 52 0 75 42 0 75 44 0 15006 1208750 18120 688836 960000 660480
 6341.198826 31185 1000 1000 1000 1000 75 46 0 75 52 0 75 42 0 75 44 0 15006 1208750 18120 688836 960000 660480
 6341.398876 31186 1000 1000 1000 1000 75 46 0 75 52 0 75 42 0 75 44 0 14762 1208750 16912 688836 960000 660480
 6341.598826 31187 1000 1000 1000 1000 75 46 0 75 52 0 75 42 0 75 44 0 15006 1210000 18150 690480 960000 662400
 6341.798821 31188 1000 1000 1000 1000 75 46 0 75 52 0 75 42 0 75 44 0 14762 1210000 16940 688288 960000 660480
 6341.998839 31189 1000 1000 1000 1000 75 46 0 75 52 0 75 42 0 75 44 0 14762 1210000 16940 688288 960000 660480
 6342.198826 31190 1000 1000 1000 1000 75 46 0 75 52 0 75 42 0 75 44 0 14762 1210000 16940 685822 960000 657600
 6342.398826 31191 1000 1000 1000 1000 75 46 0 75 52 0 75 42 0 75 44 0 14762 1210000 16940 686370 960000 658560
 6342.598826 31192 1000 1000 1000 1000 75 46 0 75 52 0 75 42 0 75 44 0 14762 1210000 16940 685822 960000 657600
 6342.798805 31193 1000 1000 1000 1000 75 46 0 75 52 0 75 42 0 75 44 0 15006 1208750 18120 686096 960000 658560
 6342.998857 31194 1000 1000 1000 1000 75 46 0 75 52 0 75 42 0 75 44 0 15006 1208750 18120 686096 960000 658560
 6343.198826 31195 1000 1000 1000 1000 75 46 0 75 52 0 75 42 0 75 44 0 14762 1208750 16912 686918 960000 658560
 6343.398826 31196 1000 1000 1000 1000 75 46 0 75 52 0 75 42 0 75 44 0 15006 1208750 18120 685822 960000 657600
 6343.598827 31197 1000 1000 1000 1000 75 46 0 75 52 0 75 42 0 75 44 0 15006 1208750 18120 685548 960000 657600
 6343.798826 31198 1000 1000 1000 1000 75 46 0 75 52 0 75 42 0 75 44 0 15006 1208750 18120 685548 960000 657600
 6343.998856 31199 1000 1000 1000 1000 75 46 0 75 52 0 75 42 0 75 44 0 14762 1210000 16940 683630 960000 655680
 6344.198821 31200 1000 1000 1000 1000 75 46 0 75 52 0 75 42 0 75 44 0 14762 1210000 16940 682808 960000 654720
 6344.398883 31201 1000 1000 1000 1000 75 46 0 75 52 0 75 42 0 75 44 0 14762 1210000 16940 683356 960000 655680
 6344.598826 31202 1000 1000 1000 1000 75 46 0 75 52 0 75 42 0 75 44 0 14762 1210000 16940 683356 960000 655680
 6344.798827 31203 1000 1000 1000 1000 75 46 0 75 52 0 75 42 0 75 44 0 14762 1210000 16940 684452 960000 656640
 6344.998840 31204 1000 1000 1000 1000 75 46 0 75 52 0 75 42 0 75 44 0 14518 1210000 16940 686644 960000 658560
 6345.198826 31205 1000 1000 1000 1000 75 46 0 75 52 0 75 42 0 75 44 0 14762 1210000 16940 685000 960000 657600
 6345.398826 31206 1000 1000 1000 1000 75 46 0 75 52 0 75 42 0 75 44 0 14762 1210000 16940 685000 960000 657600
 6345.598827 31207 1000 1000 1000 1000 75 46 0 75 52 0 75 42 0 75 44 0 14762 1210000 16940 685000 960000 657600
 6345.798826 31208 1000 1000 1000 1000 75 46 0 75 52 0 75 42 0 75 44 0 14762 1210000 16940 684452 960000 656640
 6345.998858 31209 1000 1000 1000 1000 75 46 0 75 52 0 75 42 0 75 44 0 14762 1210000 16940 685548 960000 657600
 6346.198826 31210 1000 1000 1000 1000 75 46 0 75 52 0 75 42 0 75 44 0 14762 1210000 16940 685548 960000 657600
 6346.398822 31211 1000 1000 1000 1000 75 46 0 75 52 0 75 42 0 75 44 0 14762 1210000 16940 684178 960000 656640
 6346.598826 31212 1000 1000 1000 1000 75 46 0 75 52 0 75 42 0 75 44 0 15006 1210000 18150 684452 960000 656640
 6346.798826 31213 1000 1000 1000 1000 75 46 0 75 52 0 75 42 0 75 44 0 14762 1210000 16940 687466 960000 659520
 6346.998857 31214 1000 1000 1000 1000 75 46 0 75 52 0 75 42 0 75 44 0 14762 1210000 16940 687466 960000 659520
 6347.198826 31215 1000 1000 1000 1000 75 46 0 75 52 0 75 42 0 75 44 0 15006 1210000 18150 686918 960000 658560
 6347.398877 31216 1000 1000 1000 1000 75 46 0 75 52 0 75 42 0 75 44 0 15006 1210000 18150 687192 960000 659520
 6347.598826 31217 1000 1000 1000 1000 75 46 0 75 52 0 75 42 0 75 44 0 14762 1210000 16940 688836 960000 660480
 6347.798825 31218 1000 1000 1000 1000 75 46 0 75 52 0 75 42 0 75 44 0 14762 1210000 16940 688836 960000 660480
 6347.998857 31219 1000 1000 1000 1000 75 46 0 75 52 0 75 42 0 75 44 0 14762 1210000 16940 687192 960000 659520
 6348.198826 31220 1000 1000 1000 1000 75 46 0 75 52 0 75 42 0 75 44 0 15006 1210000 18150 685548 960000 657600
 6348.398826 31221 1000 1000 1000 1000 75 46 0 75 52 0 75 42 0 75 44 0 15006 1210000 18150 686370 960000 658560
 6348.598809 31222 1000 1000 1000 1000 75 46 0 75 52 0 75 42 0 75 44 0 15006 1210000 18150 686370 960000 658560
 6348.798826 31223 1000 1000 1000 1000 75 46 0 75 52 0 75 42 0 75 44 0 15006 1210000 18150 689110 960000 661440
 6348.998834 31224 1000 1000 1000 1000 75 46 0 75 52 0 75 42 0 75 44 0 15006 1210000 18150 689658 960000 661440
 6349.198826 31225 1000 1000 1000 1000 75 46 0 75 52 0 75 42 0 75 44 0 15006 1210000 18150 688288 960000 660480
 6349.398826 31226 1000 1000 1000 1000 75 46 0 75 52 0 75 42 0 75 44 0 15006 1210000 18150 688288 960000 660480
 6349.598826 31227 1000 1000 1000 1000 75 46 0 75 52 0 75 42 0 75 44 0 15006 1210000 18150 688288 960000 660480
 6349.798826 31228 1000 1000 1000 1000 75 46 0 75 52 0 75 42 0 75 44 0 14518 1210000 16940 687740 960000 659520
 6349.998852 31229 1000 1000 1000 1000 75 46 0 75 52 0 75 42 0 75 44 0 14518 1210000 16940 686644 960000 658560
 6350.198827 31230 1000 1000 1000 1000 75 46 0 75 52 0 75 42 0 75 44 0 14518 1210000 16940 689658 960000 661440
 6350.398874 31231 1000 1000 1000 1000 75 46 0 75 52 0 75 42 0 75 44 0 14518 1210000 16940 689658 960000 661440
 6350.598827 31232 1000 1000 1000 1000 75 46 0 75 52 0 75 42 0 75 44 0 14518 1210000 16940 688014 960000 660480
 6350.798826 31233 1000 1000 1000 1000 75 46 0 75 52 0 75 42 0 75 44 0 14762 1208750 16912 690206 960000 662400
 6350.998857 31234 1000 1000 1000 1000 75 46 0 75 52 0 75 42 0 75 44 0 14762 1210000 16940 689384 960000 661440
 6351.198827 31235 1000 1000 1000 1000 75 46 0 75 52 0 75 42 0 75 44 0 14762 1210000 16940 689384 960000 661440
 6351.398827 31236 1000 1000 1000 1000 75 46 0 75 52 0 75 42 0 75 44 0 15006 1208750 18120 688836 960000 660480
 6351.598826 31237 1000 1000 1000 1000 75 46 0 75 52 0 75 42 0 75 44 0 15006 1210000 18150 685274 960000 657600
 6351.798826 31238 1000 1000 1000 1000 75 46 0 75 52 0 75 42 0 75 44 0 14762 1210000 16940 686370 960000 658560
 6351.998857 31239 1000 1000 1000 1000 75 46 0 75 52 0 75 42 0 75 44 0 14762 1210000 16940 686370 960000 658560
 6352.198826 31240 1000 1000 1000 1000 75 46 0 75 52 0 75 42 0 75 44 0 15006 1210000 18150 685822 960000 657600
 6352.398822 31241 1000 1000 1000 1000 75 46 0 75 52 0 75 42 0 75 44 0 14762 1210000 16940 686096 960000 658560
 6352.598826 31242 1000 1000 1000 1000 75 46 0 75 52 0 75 42 0 75 44 0 14762 1210000 16940 686644 960000 658560
 6352.798821 31243 1000 1000 1000 1000 75 46 0 75 52 0 75 42 0 75 44 0 14762 1210000 16940 686644 960000 658560
 6352.998840 31244 1000 1000 1000 1000 75 46 0 75 52 0 75 42 0 75 44 0 14762 1210000 16940 687192 960000 659520
 6353.198825 31245 1000 1000 1000 1000 75 46 0 75 52 0 75 42 0 75 44 0 14762 1208750 16912 686370 960000 658560
 6353.398874 31246 1000 1000 1000 1000 75 46 0 75 52 0 75 42 0 75 44 0 14762 1210000 16940 690754 960000 662400
 6353.598826 31247 1000 1000 1000 1000 75 46 0 75 52 0 75 42 0 75 44 0 14762 1210000 16940 690754 960000 662400
 6353.798828 31248 1000 1000 1000 1000 75 46 0 75 52 0 75 42 0 75 44 0 14518 1210000 16940 681712 960000 653760
 6353.998858 31249 1000 1000 1000 1000 75 46 0 75 52 0 75 42 0 75 44 0 15006 1210000 18150 683904 960000 655680
 6354.198826 31250 1000 1000 1000 1000 75 46 0 75 52 0 75 42 0 75 44 0 15006 1210000 18150 683904 960000 655680
 6354.398826 31251 1000 1000 1000 1000 75 46 0 75 52 0 75 42 0 75 44 0 15006 1210000 18150 683904 960000 655680
 6354.598826 31252 1000 1000 1000 1000 75 46 0 75 52 0 75 42 0 75 44 0 14518 1210000 16940 684452 960000 656640
 6354.798821 31253 1000 1000 1000 1000 75 46 0 75 52 0 75 42 0 75 44 0 15006 1210000 18150 685274 960000 657600
 6354.998857 31254 1000 1000 1000 1000 75 46 0 75 52 0 75 42 0 75 44 0 14762 1210000 16940 686370 960000 658560
 6355.198805 31255 1000 1000 1000 1000 75 46 0 75 52 0 75 42 0 75 44 0 14762 1208750 16912 695412 960000 667200
 6355.398826 31256 1000 1000 1000 1000 75 46 0 75 52 0 75 42 0 75 44 0 14762 1208750 16912 695412 960000 667200
 6355.598826 31257 1000 1000 1000 1000 75 46 0 75 52 0 75 42 0 75 44 0 14762 1208750 16912 682808 960000 654720
 6355.798826 31258 1000 1000 1000 1000 75 46 0 75 52 0 75 42 0 75 44 0 15006 1210000 18150 683630 960000 655680
 6355.998857 31259 1000 1000 1000 1000 75 46 0 75 52 0 75 42 0 75 44 0 14762 1210000 16940 685000 960000 657600
 6356.198826 31260 1000 1000 1000 1000 75 46 0 75 52 0 75 42 0 75 44 0 14762 1210000 16940 685000 960000 657600
 6356.398876 31261 1000 1000 1000 1000 75 46 0 75 52 0 75 42 0 75 44 0 14762 1210000 16940 689658 960000 661440
 6356.598826 31262 1000 1000 1000 1000 75 46 0 75 52 0 75 42 0 75 44 0 14518 1210000 16940 688836 960000 660480
 6356.798826 31263 1000 1000 1000 1000 75 46 0 75 52 0 75 42 0 75 44 0 14762 1210000 16940 688562 960000 660480
 6356.998840 31264 1000 1000 1000 1000 75 46 0 75 52 0 75 42 0 75 44 0 14762 1210000 16940 688562 960000 660480
 6357.198821 31265 1000 1000 1000 1000 75 46 0 75 52 0 75 42 0 75 44 0 15006 1210000 18150 685822 960000 657600
 6357.398826 31266 1000 1000 1000 1000 75 46 0 75 52 0 75 42 0 75 44 0 14762 1210000 16940 686096 960000 658560
 6357.598826 31267 1000 1000 1000 1000 75 46 0 75 52 0 75 42 0 75 44 0 15006 1210000 18150 683904 960000 655680
 6357.798827 31268 1000 1000 1000 1000 75 46 0 75 52 0 75 42 0 75 44 0 15006 1210000 18150 683904 960000 655680
 6357.998857 31269 1000 1000 1000 1000 75 46 0 75 52 0 75 42 0 75 44 0 14762 1210000 16940 685274 960000 657600
 6358.198826 31270 1000 1000 1000 1000 75 46 0 75 52 0 75 42 0 75 44 0 14762 1210000 16940 687192 960000 659520
 6358.398827 31271 1000 1000 1000 1000 75 46 0 75 52 0 75 42 0 75 44 0 14762 1210000 16940 686096 960000 658560
 6358.598827 31272 1000 1000 1000 1000 75 46 0 75 52 0 75 42 0 75 44 0 14762 1210000 16940 686096 960000 658560
 6358.798826 31273 1000 1000 1000 1000 75 46 0 75 52 0 75 42 0 75 44 0 15006 1210000 18150 686644 960000 658560
 6358.998857 31274 1000 1000 1000 1000 75 46 0 75 52 0 75 42 0 75 44 0 15006 1210000 18150 685548 960000 657600
 6359.198825 31275 1000 1000 1000 1000 75 46 0 75 52 0 75 42 0 75 44 0 14762 1210000 16940 683904 960000 655680
 6359.398874 31276 1000 1000 1000 1000 75 46 0 75 52 0 75 42 0 75 44 0 14762 1210000 16940 683904 960000 655680
 6359.598822 31277 1000 1000 1000 1000 75 46 0 75 52 0 75 42 0 75 44 0 15006 1210000 18150 691028 960000 663360
 6359.798827 31278 1000 1000 1000 1000 75 46 0 75 52 0 75 42 0 75 44 0 14762 1210000 16940 686370 960000 658560
 6359.998857 31279 1000 1000 1000 1000 75 46 0 75 52 0 75 42 0 75 44 0 14762 1210000 16940 686918 960000 658560
 6360.198827 31280 1000 1000 1000 1000 75 46 0 75 52 0 75 42 0 75 44 0 14762 1210000 16940 686918 960000 658560
 6360.398827 31281 1000 1000 1000 1000 75 46 0 75 52 0 75 42 0 75 44 0 15006 1210000 18150 686644 960000 658560
 6360.598826 31282 1000 1000 1000 1000 75 46 0 75 52 0 75 42 0 75 44 0 14762 1210000 16940 686370 960000 658560
 6360.798827 31283 1000 1000 1000 1000 75 46 0 75 52 0 75 42 0 75 44 0 15006 1208750 18120 686096 960000 658560
 6360.998840 31284 1000 1000 1000 1000 75 46 0 75 52 0 75 42 0 75 44 0 15006 1208750 18120 686096 960000 658560
 6361.198827 31285 1000 1000 1000 1000 75 46 0 75 52 0 75 42 0 75 44 0 14762 1210000 16940 685000 960000 657600
 6361.398826 31286 1000 1000 1000 1000 75 46 0 75 52 0 75 42 0 75 44 0 14762 1210000 16940 685274 960000 657600
 6361.598827 31287 1000 1000 1000 1000 75 46 0 75 52 0 75 42 0 75 44 0 14762 1210000 16940 684178 960000 656640
 6361.798798 31288 1000 1000 1000 1000 75 46 0 75 52 0 75 42 0 75 44 0 14762 1210000 16940 687192 960000 659520
 6361.998852 31289 1000 1000 1000 1000 75 46 0 75 52 0 75 42 0 75 44 0 14762 1210000 16940 687192 960000 659520
 6362.198827 31290 1000 1000 1000 1000 75 46 0 75 52 0 75 42 0 75 44 0 14762 1210000 16940 688836 960000 660480
 6362.398876 31291 1000 1000 1000 1000 75 46 0 75 52 0 75 42 0 75 44 0 14518 1210000 16940 685822 960000 657600
 6362.598827 31292 1000 1000 1000 1000 75 46 0 75 52 0 75 42 0 75 44 0 14762 1210000 16940 686918 960000 658560
 6362.798827 31293 1000 1000 1000 1000 75 46 0 75 52 0 75 42 0 75 44 0 14762 1210000 16940 686918 960000 658560
 6362.998857 31294 1000 1000 1000 1000 75 46 0 75 52 0 75 42 0 75 44 0 15006 1210000 18150 686370 960000 658560
 6363.198827 31295 1000 1000 1000 1000 75 46 0 75 52 0 75 42 0 75 44 0 14518 1208750 16912 683904 960000 655680
 6363.398827 31296 1000 1000 1000 1000 75 46 0 75 52 0 75 42 0 75 44 0 15006 1210000 18150 683904 960000 655680
 6363.598828 31297 1000 1000 1000 1000 75 46 0 75 52 0 75 42 0 75 44 0 15006 1210000 18150 683904 960000 655680
 6363.798826 31298 1000 1000 1000 1000 75 46 0 75 52 0 75 42 0 75 44 0 14762 1210000 16940 684178 960000 656640
 6363.998857 31299 1000 1000 1000 1000 75 46 0 75 52 0 75 42 0 75 44 0 14518 1210000 16940 686644 960000 658560
 6364.198821 31300 1000 1000 1000 1000 75 46 0 75 52 0 75 42 0 75 44 0 15006 1210000 18150 685822 960000 657600
 6364.398827 31301 1000 1000 1000 1000 75 46 0 75 52 0 75 42 0 75 44 0 15006 1210000 18150 685822 960000 657600
 6364.598826 31302 1000 1000 1000 1000 75 46 0 75 52 0 75 42 0 75 44 0 14762 1210000 16940 685548 960000 657600
 6364.798826 31303 1000 1000 1000 1000 75 46 0 75 52 0 75 42 0 75 44 0 14762 1210000 16940 683356 960000 655680
 6364.998839 31304 1000 1000 1000 1000 74 46 0 74 52 0 74 42 0 74 44 0 14762 1210000 16940 683356 960000 655680
 6365.198827 31305 1000 1000 1000 1000 74 46 0 74 52 0 74 42 0 74 44 0 14762 1210000 16940 683356 960000 655680
 6365.398875 31306 1000 1000 1000 1000 74 46 0 74 52 0 74 42 0 74 44 0 14762 1210000 16940 684726 960000 656640
 6365.598827 31307 1000 1000 1000 1000 74 46 0 74 52 0 74 42 0 74 44 0 14762 1210000 16940 683082 960000 655680
 6365.798827 31308 1000 1000 1000 1000 74 46 0 74 52 0 74 42 0 74 44 0 14762 1210000 16940 688014 960000 660480
 6365.998858 31309 1000 1000 1000 1000 75 46 0 75 52 0 75 42 0 75 44 0 14762 1210000 16940 688014 960000 660480
 6366.198827 31310 1000 1000 1000 1000 75 46 0 75 52 0 75 42 0 75 44 0 14762 1210000 16940 686096 960000 658560
 6366.398827 31311 1000 1000 1000 1000 75 46 0 75 52 0 75 42 0 75 44 0 14762 1210000 16940 686096 960000 658560
 6366.598827 31312 1000 1000 1000 1000 75 46 0 75 52 0 75 42 0 75 44 0 15006 1210000 18150 684726 960000 656640
 6366.798827 31313 1000 1000 1000 1000 75 46 0 75 52 0 75 42 0 75 44 0 15006 1210000 18150 684726 960000 656640
 6366.998858 31314 1000 1000 1000 1000 75 46 0 75 52 0 75 42 0 75 44 0 14762 1210000 16940 684178 960000 656640
 6367.198827 31315 1000 1000 1000 1000 75 46 0 75 52 0 75 42 0 75 44 0 15006 1210000 18150 684726 960000 656640
 6367.398805 31316 1000 1000 1000 1000 75 46 0 75 52 0 75 42 0 75 44 0 15006 1210000 18150 685548 960000 657600
 6367.599114 31317 1000 1000 1000 1000 74 46 0 74 52 0 74 42 0 74 44 0 14762 1210000 16940 686918 960000 658560
 6367.798800 31318 1000 1000 1000 1000 74 46 0 74 52 0 74 42 0 74 44 0 14762 1210000 16940 686918 960000 658560
 6367.998836 31319 1000 1000 1000 1000 75 46 0 75 52 0 75 42 0 75 44 0 14762 1208750 16912 686644 960000 658560
 6368.198804 31320 1000 1000 1000 1000 75 46 0 75 52 0 75 42 0 75 44 0 14762 1208750 16912 689384 960000 661440
 6368.398847 31321 1000 1000 1000 1000 75 46 0 75 52 0 75 42 0 75 44 0 14762 1210000 16940 687740 960000 659520
 6368.598804 31322 1000 1000 1000 1000 75 46 0 75 52 0 75 42 0 75 44 0 14762 1210000 16940 687740 960000 659520
 6368.798804 31323 1000 1000 1000 1000 75 46 0 75 52 0 75 42 0 75 44 0 14762 1210000 16940 688562 960000 660480
 6368.998836 31324 1000 1000 1000 1000 74 46 0 74 52 0 74 42 0 74 44 0 14518 1210000 16940 686918 960000 658560
 6369.198805 31325 1000 1000 1000 1000 74 46 0 74 52 0 74 42 0 74 44 0 14762 1208750 16912 686096 960000 658560
 6369.398804 31326 1000 1000 1000 1000 74 46 0 74 52 0 74 42 0 74 44 0 14762 1208750 16912 686096 960000 658560
 6369.598805 31327 1000 1000 1000 1000 74 46 0 74 52 0 74 42 0 74 44 0 14762 1210000 16940 687466 960000 659520
 6369.798750 31328 1000 1000 1000 1000 74 46 0 74 52 0 74 42 0 74 44 0 14762 1208750 16912 688288 960000 660480
 6369.998831 31329 1000 1000 1000 1000 75 46 0 75 52 0 75 42 0 75 44 0 15006 1210000 18150 715688 960000 686400
 6370.198805 31330 1000 1000 1000 1000 75 46 0 75 52 0 75 42 0 75 44 0 15006 1210000 18150 715688 960000 686400
 6370.398804 31331 1000 1000 1000 1000 75 46 0 75 52 0 75 42 0 75 44 0 15006 1210000 18150 686644 960000 658560
 6370.598804 31332 1000 1000 1000 1000 75 46 0 75 52 0 75 42 0 75 44 0 14518 1210000 16940 685274 960000 657600
 6370.798804 31333 1000 1000 1000 1000 75 46 0 75 52 0 75 42 0 75 44 0 14762 1210000 16940 687192 960000 659520
 6370.998835 31334 1000 1000 1000 1000 74 46 0 74 52 0 74 42 0 74 44 0 14762 1210000 16940 687192 960000 659520
 6371.198804 31335 1000 1000 1000 1000 74 46 0 74 52 0 74 42 0 74 44 0 14762 1210000 16940 684452 960000 656640
 6371.398854 31336 1000 1000 1000 1000 74 46 0 74 52 0 74 42 0 74 44 0 14762 1210000 16940 683904 960000 655680
 6371.598803 31337 1000 1000 1000 1000 74 46 0 74 52 0 74 42 0 74 44 0 14762 1210000 16940 685822 960000 657600
 6371.798804 31338 1000 1000 1000 1000 74 46 0 74 52 0 74 42 0 74 44 0 14762 1210000 16940 685822 960000 657600
 6371.998785 31339 1000 1000 1000 1000 74 46 0 74 52 0 74 42 0 74 44 0 14762 1210000 16940 685548 960000 657600
 6372.198756 31340 1000 1000 1000 1000 74 46 0 74 52 0 74 42 0 74 44 0 14762 1210000 16940 684178 960000 656640
 6372.398751 31341 1000 1000 1000 1000 74 46 0 74 52 0 74 42 0 74 44 0 15006 1210000 18150 682534 960000 654720
 6372.598756 31342 1000 1000 1000 1000 74 46 0 74 52 0 74 42 0 74 44 0 15006 1210000 18150 682534 960000 654720
 6372.798810 31343 1000 1000 1000 1000 74 46 0 74 52 0 74 42 0 74 44 0 14762 1208750 16912 682260 960000 654720
 6372.998840 31344 1000 1000 1000 1000 74 46 0 74 52 0 74 42 0 74 44 0 14518 1210000 16940 683356 960000 655680
 6373.198809 31345 1000 1000 1000 1000 74 46 0 74 52 0 74 42 0 74 44 0 14762 1210000 16940 682808 960000 654720
 6373.398763 31346 1000 1000 1000 1000 74 46 0 74 52 0 74 42 0 74 44 0 14762 1210000 16940 682808 960000 654720
 6373.598763 31347 1000 1000 1000 1000 74 46 0 74 52 0 74 42 0 74 44 0 14518 1208750 16912 684178 960000 656640
 6373.798763 31348 1000 1000 1000 1000 74 46 0 74 52 0 74 42 0 74 44 0 14518 1210000 16940 685548 960000 657600
 6373.998794 31349 1000 1000 1000 1000 74 46 0 74 52 0 74 42 0 74 44 0 15006 1210000 18150 685000 960000 657600
 6374.198756 31350 1000 1000 1000 1000 74 46 0 74 52 0 74 42 0 74 44 0 14762 1210000 16940 684178 960000 656640
 6374.398804 31351 1000 1000 1000 1000 74 46 0 74 52 0 74 42 0 74 44 0 14762 1210000 16940 684178 960000 656640
 6374.598762 31352 1000 1000 1000 1000 74 46 0 74 52 0 74 42 0 74 44 0 14762 1208750 16912 686644 960000 658560
 6374.798746 31353 1000 1000 1000 1000 74 46 0 74 52 0 74 42 0 74 44 0 14518 1210000 16940 684726 960000 656640
 6374.998849 31354 1000 1000 1000 1000 74 46 0 74 52 0 74 42 0 74 44 0 14762 1210000 16940 685000 960000 657600
 6375.198809 31355 1000 1000 1000 1000 74 46 0 74 52 0 74 42 0 74 44 0 14762 1210000 16940 685000 960000 657600
 6375.398809 31356 1000 1000 1000 1000 74 46 0 74 52 0 74 42 0 74 44 0 14518 1210000 16940 687192 960000 659520
 6375.598809 31357 1000 1000 1000 1000 74 46 0 74 52 0 74 42 0 74 44 0 14762 1210000 16940 686096 960000 658560
 6375.798809 31358 1000 1000 1000 1000 74 46 0 74 52 0 74 42 0 74 44 0 14518 1210000 16940 687466 960000 659520
 6375.998840 31359 1000 1000 1000 1000 74 46 0 74 52 0 74 42 0 74 44 0 14518 1210000 16940 687466 960000 659520
 6376.198804 31360 1000 1000 1000 1000 74 46 0 74 52 0 74 42 0 74 44 0 15006 1210000 18150 687740 960000 659520
 6376.398803 31361 1000 1000 1000 1000 74 46 0 74 52 0 74 42 0 74 44 0 14762 1210000 16940 209884 957500 200013
 6376.598804 31362 1000 1000 1000 1000 74 46 0 74 52 0 74 42 0 74 44 0 14762 1210000 16940 46854 957500 44022
 6376.798803 31363 1000 1000 1000 1000 74 46 0 74 52 0 74 42 0 74 44 0 14762 1210000 16940 46854 957500 44022
 6376.998836 31364 1000 1000 1000 1000 73 46 0 73 52 0 73 42 0 73 44 0 14762 1210000 16940 46580 957500 44022
 6377.198800 31365 1000 1000 1000 1000 73 46 0 73 52 0 73 42 0 73 44 0 14762 1210000 16940 46306 957500 44022
