23866.199933 117185 1000 1000 1000 1000 75 46 0 75 52 0 75 42 0 75 44 0 10736 1085000 10850 455662 958750 435890
23866.399940 117186 1000 1000 1000 1000 75 46 0 75 52 0 75 42 0 75 44 0 10736 1085000 10850 455662 958750 435890
23866.600075 117187 1000 1000 1000 1000 75 46 0 75 52 0 75 42 0 75 44 0 10736 1085000 10850 663902 960000 636480
23866.800028 117188 500 500 500 500 75 46 0 75 52 0 75 42 0 75 44 0 10980 1085000 10850 628830 958750 601624
23866.999922 117189 500 500 500 500 75 46 0 75 52 0 75 42 0 75 44 0 10980 1085000 10850 512380 958750 490496
23867.199918 117190 500 500 500 500 75 46 0 75 52 0 75 42 0 75 44 0 32269 1086250 34752 7946 958750 6706
23867.399928 117191 500 500 500 500 75 46 0 75 52 0 75 42 0 75 44 0 32269 1086250 34752 7946 958750 6706
23867.599915 117192 500 500 500 500 75 46 0 75 52 0 75 42 0 75 44 0 41480 1085000 44485 7672 958750 6706
23867.799983 117193 500 500 500 500 75 46 0 75 52 0 75 42 0 75 44 0 16775 1085000 17360 7672 958750 6706
23867.999981 117194 500 500 500 500 74 46 0 74 52 0 74 42 0 74 44 0 17019 1085000 18445 7672 958750 6706
23868.200012 117195 500 500 500 500 74 46 0 74 52 0 74 42 0 74 44 0 17019 1085000 18445 7672 958750 6706
23868.399944 117196 500 500 500 500 74 46 0 74 52 0 74 42 0 74 44 0 114253 1083750 123462 7398 958750 6706
23868.599971 117197 500 500 500 500 74 46 0 74 52 0 74 42 0 74 44 0 116266 1083750 125628 7398 958750 6706
23868.799951 117198 500 500 500 500 74 46 0 74 52 0 74 42 0 74 44 0 114985 1083750 123462 7398 958750 6706
23868.999913 117199 500 500 500 500 74 46 0 74 52 0 74 42 0 74 44 0 114985 1083750 123462 7398 958750 6706
23869.199838 117200 500 500 500 500 74 46 0 74 52 0 74 42 0 74 44 0 114985 1083750 123462 7398 958750 6706
23869.399835 117201 500 500 500 500 74 46 0 74 52 0 74 42 0 74 44 0 105774 1083750 113715 7398 958750 6706
23869.599831 117202 500 500 500 500 74 46 0 74 52 0 74 42 0 74 44 0 104737 1083750 112632 7398 958750 6706
23869.799831 117203 500 500 500 500 74 46 0 74 52 0 74 42 0 74 44 0 104737 1083750 112632 7398 958750 6706
23869.999831 117204 500 500 500 500 74 46 0 74 52 0 74 42 0 74 44 0 100223 1083750 108300 7398 958750 6706
23870.199830 117205 500 500 500 500 74 46 0 74 52 0 74 42 0 74 44 0 100223 1083750 108300 7398 958750 6706
23870.399831 117206 500 500 500 500 74 46 0 74 52 0 74 42 0 74 44 0 100223 1083750 108300 7398 958750 6706
23870.599831 117207 500 500 500 500 74 46 0 74 52 0 74 42 0 74 44 0 100223 1083750 108300 7398 958750 6706
23870.799831 117208 500 500 500 500 74 46 0 74 52 0 74 42 0 74 44 0 100223 1083750 108300 7398 958750 6706
23870.999831 117209 500 500 500 500 74 46 0 74 52 0 74 42 0 74 44 0 100467 1083750 108300 7398 958750 6706
23871.199830 117210 500 500 500 500 74 46 0 74 52 0 74 42 0 74 44 0 100223 1083750 108300 7398 958750 6706
23871.399832 117211 500 500 500 500 74 46 0 74 52 0 74 42 0 74 44 0 100223 1083750 108300 7398 958750 6706
23871.599831 117212 500 500 500 500 74 46 0 74 52 0 74 42 0 74 44 0 99979 1083750 107217 7398 958750 6706
23871.799832 117213 500 500 500 500 74 46 0 74 52 0 74 42 0 74 44 0 99979 1083750 107217 7398 958750 6706
23871.999831 117214 500 500 500 500 74 46 0 74 52 0 74 42 0 74 44 0 99979 1083750 107217 7398 958750 6706
23872.199832 117215 500 500 500 500 74 46 0 74 52 0 74 42 0 74 44 0 99979 1083750 107217 7398 958750 6706
23872.399832 117216 500 500 500 500 74 46 0 74 52 0 74 42 0 74 44 0 99979 1083750 107217 7398 958750 6706
23872.599831 117217 500 500 500 500 74 46 0 74 52 0 74 42 0 74 44 0 101260 1083750 109383 7398 958750 6706
23872.799830 117218 500 500 500 500 74 46 0 74 52 0 74 42 0 74 44 0 100467 1083750 108300 7398 958750 6706
23872.999831 117219 500 500 500 500 74 46 0 74 52 0 74 42 0 74 44 0 100467 1083750 108300 7398 958750 6706
23873.199831 117220 500 500 500 500 74 46 0 74 52 0 74 42 0 74 44 0 100223 1083750 108300 7398 958750 6706
23873.399832 117221 500 500 500 500 74 46 0 74 52 0 74 42 0 74 44 0 100772 1083750 108300 7398 958750 6706
23873.599831 117222 500 500 500 500 74 46 0 74 52 0 74 42 0 74 44 0 99979 1083750 107217 7398 958750 6706
23873.799831 117223 500 500 500 500 74 46 0 74 52 0 74 42 0 74 44 0 99979 1083750 107217 7398 958750 6706
23873.999831 117224 500 500 500 500 74 46 0 74 52 0 74 42 0 74 44 0 99979 1083750 107217 7398 958750 6706
23874.199831 117225 500 500 500 500 74 46 0 74 52 0 74 42 0 74 44 0 100223 1083750 108300 7398 958750 6706
23874.399832 117226 500 500 500 500 74 46 0 74 52 0 74 42 0 74 44 0 99979 1083750 107217 7398 958750 6706
23874.599831 117227 500 500 500 500 74 46 0 74 52 0 74 42 0 74 44 0 100223 1083750 108300 7398 958750 6706
23874.799831 117228 500 500 500 500 74 46 0 74 52 0 74 42 0 74 44 0 100223 1083750 108300 7398 958750 6706
23874.999831 117229 500 500 500 500 73 46 0 73 52 0 73 42 0 73 44 0 99979 1083750 107217 7398 958750 6706
23875.199831 117230 500 500 500 500 74 46 0 74 52 0 74 42 0 74 44 0 100223 1083750 108300 7398 958750 6706
23875.399832 117231 500 500 500 500 74 46 0 74 52 0 74 42 0 74 44 0 100467 1083750 108300 7398 958750 6706
23875.599831 117232 500 500 500 500 74 46 0 74 52 0 74 42 0 74 44 0 100467 1083750 108300 7398 958750 6706
23875.799831 117233 500 500 500 500 74 46 0 74 52 0 74 42 0 74 44 0 100223 1083750 108300 7124 958750 6706
23875.999831 117234 500 500 500 500 74 46 0 74 52 0 74 42 0 74 44 0 100467 1083750 108300 7398 958750 6706
23876.199830 117235 500 500 500 500 74 46 0 74 52 0 74 42 0 74 44 0 100772 1083750 108300 7398 958750 6706
23876.399835 117236 500 500 500 500 74 46 0 74 52 0 74 42 0 74 44 0 100772 1083750 108300 7398 958750 6706
23876.599831 117237 500 500 500 500 74 46 0 74 52 0 74 42 0 74 44 0 100467 1083750 108300 7124 958750 6706
23876.799831 117238 500 500 500 500 74 46 0 74 52 0 74 42 0 74 44 0 99979 1083750 107217 7398 958750 6706
23876.999833 117239 500 500 500 500 73 46 0 73 52 0 73 42 0 73 44 0 100223 1083750 108300 7398 958750 6706
23877.199831 117240 500 500 500 500 73 46 0 73 52 0 73 42 0 73 44 0 100223 1083750 108300 7398 958750 6706
23877.399832 117241 500 500 500 500 73 46 0 73 52 0 73 42 0 73 44 0 100467 1083750 108300 7398 958750 6706
23877.599831 117242 500 500 500 500 73 46 0 73 52 0 73 42 0 73 44 0 100223 1083750 108300 7398 958750 6706
23877.799831 117243 500 500 500 500 73 46 0 73 52 0 73 42 0 73 44 0 100467 1083750 108300 7398 958750 6706
23877.999832 117244 500 500 500 500 73 46 0 73 52 0 73 42 0 73 44 0 100467 1083750 108300 7398 958750 6706
23878.199832 117245 500 500 500 500 73 46 0 73 52 0 73 42 0 73 44 0 100772 1083750 108300 7398 958750 6706
23878.399832 117246 500 500 500 500 73 46 0 73 52 0 73 42 0 73 44 0 100772 1083750 108300 7398 958750 6706
23878.599832 117247 500 500 500 500 73 46 0 73 52 0 73 42 0 73 44 0 99979 1083750 107217 7398 958750 6706
23878.799831 117248 500 500 500 500 73 46 0 73 52 0 73 42 0 73 44 0 99979 1083750 107217 7398 958750 6706
23878.999831 117249 500 500 500 500 73 46 0 73 52 0 73 42 0 73 44 0 99735 1083750 107217 7398 958750 6706
23879.199831 117250 500 500 500 500 73 46 0 73 52 0 73 42 0 73 44 0 99979 1083750 107217 7398 958750 6706
23879.399832 117251 500 500 500 500 73 46 0 73 52 0 73 42 0 73 44 0 100223 1083750 108300 7398 958750 6706
23879.599834 117252 500 500 500 500 73 46 0 73 52 0 73 42 0 73 44 0 99491 1083750 107217 7398 958750 6706
23879.799831 117253 500 500 500 500 73 46 0 73 52 0 73 42 0 73 44 0 99491 1083750 107217 7398 958750 6706
23879.999832 117254 500 500 500 500 73 46 0 73 52 0 73 42 0 73 44 0 99735 1083750 107217 7398 958750 6706
23880.199831 117255 500 500 500 500 73 46 0 73 52 0 73 42 0 73 44 0 99735 1083750 107217 7124 958750 6706
23880.399832 117256 500 500 500 500 73 46 0 73 52 0 73 42 0 73 44 0 99735 1083750 107217 7398 958750 6706
23880.599831 117257 500 500 500 500 73 46 0 73 52 0 73 42 0 73 44 0 99735 1083750 107217 7398 958750 6706
23880.799831 117258 500 500 500 500 73 46 0 73 52 0 73 42 0 73 44 0 99735 1083750 107217 7124 958750 6706
23880.999835 117259 500 500 500 500 73 46 0 73 52 0 73 42 0 73 44 0 99979 1083750 107217 7398 958750 6706
23881.199830 117260 500 500 500 500 73 46 0 73 52 0 73 42 0 73 44 0 100223 1083750 108300 7398 958750 6706
23881.399832 117261 500 500 500 500 73 46 0 73 52 0 73 42 0 73 44 0 100223 1083750 108300 7398 958750 6706
23881.599831 117262 500 500 500 500 73 46 0 73 52 0 73 42 0 73 44 0 99735 1083750 107217 7398 958750 6706
23881.799830 117263 500 500 500 500 73 46 0 73 52 0 73 42 0 73 44 0 99979 1083750 107217 7124 958750 6706
23881.999830 117264 500 500 500 500 73 46 0 73 52 0 73 42 0 73 44 0 99491 1083750 107217 7398 958750 6706
23882.199832 117265 500 500 500 500 73 46 0 73 52 0 73 42 0 73 44 0 99491 1083750 107217 7398 958750 6706
23882.399832 117266 500 500 500 500 73 46 0 73 52 0 73 42 0 73 44 0 99979 1083750 107217 7398 958750 6706
23882.599831 117267 500 500 500 500 73 46 0 73 52 0 73 42 0 73 44 0 99979 1083750 107217 7398 958750 6706
23882.799830 117268 500 500 500 500 73 46 0 73 52 0 73 42 0 73 44 0 99979 1083750 107217 7398 958750 6706
23882.999831 117269 500 500 500 500 73 46 0 73 52 0 73 42 0 73 44 0 99979 1083750 107217 7398 958750 6706
23883.199830 117270 500 500 500 500 73 46 0 73 52 0 73 42 0 73 44 0 99979 1083750 107217 7398 958750 6706
23883.399832 117271 500 500 500 500 73 46 0 73 52 0 73 42 0 73 44 0 100223 1083750 108300 7398 958750 6706
23883.599830 117272 500 500 500 500 73 46 0 73 52 0 73 42 0 73 44 0 100223 1083750 108300 7124 958750 6706
23883.799831 117273 500 500 500 500 73 46 0 73 52 0 73 42 0 73 44 0 100223 1083750 108300 7124 958750 6706
23883.999831 117274 500 500 500 500 73 46 0 73 52 0 73 42 0 73 44 0 100223 1083750 108300 7124 958750 6706
23884.199832 117275 500 500 500 500 73 46 0 73 52 0 73 42 0 73 44 0 100467 1083750 108300 7398 958750 6706
23884.399833 117276 500 500 500 500 73 46 0 73 52 0 73 42 0 73 44 0 100467 1083750 108300 7398 958750 6706
23884.599831 117277 500 500 500 500 73 46 0 73 52 0 73 42 0 73 44 0 100467 1083750 108300 7398 958750 6706
23884.799832 117278 500 500 500 500 73 46 0 73 52 0 73 42 0 73 44 0 100223 1083750 108300 7398 958750 6706
23884.999831 117279 500 500 500 500 73 46 0 73 52 0 73 42 0 73 44 0 99979 1083750 107217 7398 958750 6706
23885.199830 117280 500 500 500 500 73 46 0 73 52 0 73 42 0 73 44 0 99979 1083750 107217 7398 958750 6706
23885.399833 117281 500 500 500 500 73 46 0 73 52 0 73 42 0 73 44 0 99979 1083750 107217 7398 958750 6706
23885.599832 117282 500 500 500 500 73 46 0 73 52 0 73 42 0 73 44 0 99979 1083750 107217 7398 958750 6706
23885.799831 117283 500 500 500 500 73 46 0 73 52 0 73 42 0 73 44 0 102480 1083750 110466 7398 958750 6706
23885.999831 117284 500 500 500 500 73 46 0 73 52 0 73 42 0 73 44 0 100467 1083750 108300 7124 958750 6706
23886.199830 117285 500 500 500 500 73 46 0 73 52 0 73 42 0 73 44 0 100223 1083750 108300 7398 958750 6706
23886.399834 117286 500 500 500 500 73 46 0 73 52 0 73 42 0 73 44 0 100223 1083750 108300 7398 958750 6706
23886.599830 117287 500 500 500 500 73 46 0 73 52 0 73 42 0 73 44 0 100223 1083750 108300 7398 958750 6706
23886.799831 117288 500 500 500 500 73 46 0 73 52 0 73 42 0 73 44 0 100223 1083750 108300 7398 958750 6706
23886.999831 117289 500 500 500 500 73 46 0 73 52 0 73 42 0 73 44 0 100223 1083750 108300 7124 958750 6706
23887.199832 117290 500 500 500 500 73 46 0 73 52 0 73 42 0 73 44 0 100223 1083750 108300 7124 958750 6706
23887.399835 117291 500 500 500 500 73 46 0 73 52 0 73 42 0 73 44 0 99979 1083750 107217 7398 958750 6706
23887.599830 117292 500 500 500 500 73 46 0 73 52 0 73 42 0 73 44 0 100223 1083750 108300 7398 958750 6706
23887.799830 117293 500 500 500 500 73 46 0 73 52 0 73 42 0 73 44 0 99979 1083750 107217 7398 958750 6706
23887.999831 117294 500 500 500 500 73 46 0 73 52 0 73 42 0 73 44 0 99979 1083750 107217 7398 958750 6706
23888.199831 117295 500 500 500 500 73 46 0 73 52 0 73 42 0 73 44 0 100223 1083750 108300 7398 958750 6706
23888.399832 117296 500 500 500 500 73 46 0 73 52 0 73 42 0 73 44 0 100223 1083750 108300 7398 958750 6706
23888.599830 117297 500 500 500 500 73 46 0 73 52 0 73 42 0 73 44 0 100467 1083750 108300 7398 958750 6706
23888.799831 117298 500 500 500 500 73 46 0 73 52 0 73 42 0 73 44 0 100467 1083750 108300 7398 958750 6706
23888.999831 117299 500 500 500 500 73 46 0 73 52 0 73 42 0 73 44 0 99735 1083750 107217 7398 958750 6706
23889.199831 117300 500 500 500 500 73 46 0 73 52 0 73 42 0 73 44 0 100223 1083750 108300 7398 958750 6706
23889.399832 117301 500 500 500 500 73 46 0 73 52 0 73 42 0 73 44 0 100223 1083750 108300 7124 958750 6706
23889.599831 117302 500 500 500 500 73 46 0 73 52 0 73 42 0 73 44 0 100223 1083750 108300 7124 958750 6706
23889.799831 117303 500 500 500 500 73 46 0 73 52 0 73 42 0 73 44 0 100223 1083750 108300 7398 958750 6706
23889.999832 117304 500 500 500 500 73 46 0 73 52 0 73 42 0 73 44 0 100467 1083750 108300 7398 958750 6706
23890.199831 117305 500 500 500 500 73 46 0 73 52 0 73 42 0 73 44 0 100223 1083750 108300 7398 958750 6706
23890.399832 117306 500 500 500 500 73 46 0 73 52 0 73 42 0 73 44 0 100223 1083750 108300 7398 958750 6706
23890.599831 117307 500 500 500 500 73 46 0 73 52 0 73 42 0 73 44 0 100223 1083750 108300 7398 958750 6706
23890.799831 117308 500 500 500 500 73 46 0 73 52 0 73 42 0 73 44 0 100467 1083750 108300 7398 958750 6706
23890.999831 117309 500 500 500 500 73 46 0 73 52 0 73 42 0 73 44 0 100467 1083750 108300 7398 958750 6706
23891.199831 117310 500 500 500 500 73 46 0 73 52 0 73 42 0 73 44 0 100467 1083750 108300 7398 958750 6706
23891.399833 117311 500 500 500 500 73 46 0 73 52 0 73 42 0 73 44 0 99979 1083750 107217 7398 958750 6706
23891.599830 117312 500 500 500 500 73 46 0 73 52 0 73 42 0 73 44 0 99979 1083750 107217 7398 958750 6706
23891.799831 117313 500 500 500 500 73 46 0 73 52 0 73 42 0 73 44 0 100223 1083750 108300 7398 958750 6706
23891.999833 117314 500 500 500 500 73 46 0 73 52 0 73 42 0 73 44 0 99735 1083750 107217 7124 958750 6706
23892.199831 117315 500 500 500 500 73 46 0 73 52 0 73 42 0 73 44 0 99735 1083750 107217 7124 958750 6706
23892.399833 117316 500 500 500 500 73 46 0 73 52 0 73 42 0 73 44 0 99491 1083750 107217 7124 958750 6706
23892.599832 117317 500 500 500 500 73 46 0 73 52 0 73 42 0 73 44 0 99979 1083750 107217 7398 958750 6706
23892.799831 117318 500 500 500 500 73 46 0 73 52 0 73 42 0 73 44 0 99735 1083750 107217 7398 958750 6706
23892.999831 117319 500 500 500 500 73 46 0 73 52 0 73 42 0 73 44 0 99735 1083750 107217 7398 958750 6706
23893.199832 117320 500 500 500 500 73 46 0 73 52 0 73 42 0 73 44 0 99735 1083750 107217 7398 958750 6706
23893.399832 117321 500 500 500 500 73 46 0 73 52 0 73 42 0 73 44 0 99979 1083750 107217 7398 958750 6706
23893.599831 117322 500 500 500 500 73 46 0 73 52 0 73 42 0 73 44 0 100223 1083750 108300 7124 958750 6706
23893.799831 117323 500 500 500 500 73 46 0 73 52 0 73 42 0 73 44 0 100223 1083750 108300 7124 958750 6706
23893.999831 117324 500 500 500 500 73 46 0 73 52 0 73 42 0 73 44 0 99979 1083750 107217 7398 958750 6706
23894.199831 117325 500 500 500 500 73 46 0 73 52 0 73 42 0 73 44 0 100467 1083750 108300 7398 958750 6706
23894.399832 117326 500 500 500 500 73 46 0 73 52 0 73 42 0 73 44 0 99735 1083750 107217 7398 958750 6706
23894.599831 117327 500 500 500 500 73 46 0 73 52 0 73 42 0 73 44 0 99735 1083750 107217 7398 958750 6706
23894.799831 117328 500 500 500 500 73 46 0 73 52 0 73 42 0 73 44 0 99979 1083750 107217 7124 958750 6706
23894.999831 117329 500 500 500 500 73 46 0 73 52 0 73 42 0 73 44 0 99979 1083750 107217 7124 958750 6706
23895.199832 117330 500 500 500 500 73 46 0 73 52 0 73 42 0 73 44 0 100223 1083750 108300 7124 958750 6706
23895.399832 117331 500 500 500 500 73 46 0 73 52 0 73 42 0 73 44 0 100223 1083750 108300 7124 958750 6706
23895.599832 117332 500 500 500 500 73 46 0 73 52 0 73 42 0 73 44 0 100223 1083750 108300 7398 958750 6706
23895.799831 117333 500 500 500 500 73 46 0 73 52 0 73 42 0 73 44 0 101260 1083750 109383 7398 958750 6706
23895.999831 117334 500 500 500 500 73 46 0 73 52 0 73 42 0 73 44 0 100223 1083750 108300 7124 958750 6706
23896.199832 117335 500 500 500 500 73 46 0 73 52 0 73 42 0 73 44 0 100223 1083750 108300 7124 958750 6706
23896.399833 117336 500 500 500 500 73 46 0 73 52 0 73 42 0 73 44 0 99979 1083750 107217 7398 958750 6706
23896.599831 117337 500 500 500 500 73 46 0 73 52 0 73 42 0 73 44 0 100223 1083750 108300 7398 958750 6706
23896.799831 117338 500 500 500 500 73 46 0 73 52 0 73 42 0 73 44 0 100223 1083750 108300 7398 958750 6706
23896.999831 117339 500 500 500 500 73 46 0 73 52 0 73 42 0 73 44 0 100223 1083750 108300 7398 958750 6706
23897.199831 117340 500 500 500 500 73 46 0 73 52 0 73 42 0 73 44 0 100223 1083750 108300 7398 958750 6706
23897.399833 117341 500 500 500 500 73 46 0 73 52 0 73 42 0 73 44 0 99979 1083750 107217 7398 958750 6706
23897.599830 117342 500 500 500 500 73 46 0 73 52 0 73 42 0 73 44 0 100223 1083750 108300 7398 958750 6706
23897.799832 117343 500 500 500 500 73 46 0 73 52 0 73 42 0 73 44 0 100223 1083750 108300 7398 958750 6706
23897.999831 117344 500 500 500 500 73 46 0 73 52 0 73 42 0 73 44 0 99979 1083750 107217 7398 958750 6706
23898.199831 117345 500 500 500 500 73 46 0 73 52 0 73 42 0 73 44 0 99979 1083750 107217 7398 958750 6706
23898.399834 117346 500 500 500 500 73 46 0 73 52 0 73 42 0 73 44 0 99979 1083750 107217 7398 958750 6706
23898.599831 117347 500 500 500 500 73 46 0 73 52 0 73 42 0 73 44 0 99979 1083750 107217 7398 958750 6706
23898.799831 117348 500 500 500 500 73 46 0 73 52 0 73 42 0 73 44 0 99979 1083750 107217 7398 958750 6706
23898.999831 117349 500 500 500 500 73 46 0 73 52 0 73 42 0 73 44 0 99979 1083750 107217 7398 958750 6706
23899.199831 117350 500 500 500 500 73 46 0 73 52 0 73 42 0 73 44 0 100467 1083750 108300 7124 958750 6706
23899.399834 117351 500 500 500 500 73 46 0 73 52 0 73 42 0 73 44 0 100223 1083750 108300 7124 958750 6706
23899.599831 117352 500 500 500 500 73 46 0 73 52 0 73 42 0 73 44 0 100223 1083750 108300 7124 958750 6706
23899.799831 117353 500 500 500 500 73 46 0 73 52 0 73 42 0 73 44 0 99979 1083750 107217 7398 958750 6706
23899.999831 117354 500 500 500 500 73 46 0 73 52 0 73 42 0 73 44 0 99979 1083750 107217 7398 958750 6706
23900.199831 117355 500 500 500 500 73 46 0 73 52 0 73 42 0 73 44 0 100467 1083750 108300 7398 958750 6706
23900.399835 117356 500 500 500 500 73 46 0 73 52 0 73 42 0 73 44 0 100467 1083750 108300 7398 958750 6706
23900.599831 117357 500 500 500 500 73 46 0 73 52 0 73 42 0 73 44 0 99979 1083750 107217 7398 958750 6706
23900.799830 117358 500 500 500 500 73 46 0 73 52 0 73 42 0 73 44 0 101748 1083750 109383 7398 958750 6706
23900.999830 117359 500 500 500 500 73 46 0 73 52 0 73 42 0 73 44 0 100467 1083750 108300 7398 958750 6706
23901.199831 117360 500 500 500 500 73 46 0 73 52 0 73 42 0 73 44 0 100467 1083750 108300 7398 958750 6706
23901.399833 117361 500 500 500 500 73 46 0 73 52 0 73 42 0 73 44 0 100467 1083750 108300 7398 958750 6706
23901.599830 117362 500 500 500 500 73 46 0 73 52 0 73 42 0 73 44 0 100223 1083750 108300 7124 958750 6706
23901.799830 117363 500 500 500 500 73 46 0 73 52 0 73 42 0 73 44 0 100467 1083750 108300 7124 958750 6706
23901.999831 117364 500 500 500 500 73 46 0 73 52 0 73 42 0 73 44 0 100467 1083750 108300 7124 958750 6706
23902.199832 117365 500 500 500 500 73 46 0 73 52 0 73 42 0 73 44 0 100223 1083750 108300 7398 958750 6706
23902.399834 117366 500 500 500 500 73 46 0 73 52 0 73 42 0 73 44 0 100772 1083750 108300 7398 958750 6706
23902.599830 117367 500 500 500 500 73 46 0 73 52 0 73 42 0 73 44 0 100772 1083750 108300 7398 958750 6706
23902.799831 117368 500 500 500 500 73 46 0 73 52 0 73 42 0 73 44 0 100772 1083750 108300 7398 958750 6706
23902.999832 117369 500 500 500 500 73 46 0 73 52 0 73 42 0 73 44 0 100223 1083750 108300 7124 958750 6706
23903.199831 117370 500 500 500 500 73 46 0 73 52 0 73 42 0 73 44 0 99735 1083750 107217 7398 958750 6706
23903.399833 117371 500 500 500 500 73 46 0 73 52 0 73 42 0 73 44 0 100772 1083750 108300 7398 958750 6706
23903.599831 117372 500 500 500 500 73 46 0 73 52 0 73 42 0 73 44 0 100772 1083750 108300 7398 958750 6706
23903.799831 117373 500 500 500 500 73 46 0 73 52 0 73 42 0 73 44 0 99979 1083750 107217 7398 958750 6706
23903.999831 117374 500 500 500 500 73 46 0 73 52 0 73 42 0 73 44 0 100223 1083750 108300 7398 958750 6706
23904.199830 117375 500 500 500 500 73 46 0 73 52 0 73 42 0 73 44 0 99979 1083750 107217 7398 958750 6706
23904.399835 117376 500 500 500 500 73 46 0 73 52 0 73 42 0 73 44 0 99979 1083750 107217 7398 958750 6706
23904.599831 117377 500 500 500 500 73 46 0 73 52 0 73 42 0 73 44 0 99979 1083750 107217 7398 958750 6706
23904.799831 117378 500 500 500 500 73 46 0 73 52 0 73 42 0 73 44 0 100467 1083750 108300 7398 958750 6706
23904.999831 117379 500 500 500 500 73 46 0 73 52 0 73 42 0 73 44 0 100467 1083750 108300 7398 958750 6706
23905.199831 117380 500 500 500 500 73 46 0 73 52 0 73 42 0 73 44 0 99735 1083750 107217 7124 958750 6706
23905.399835 117381 500 500 500 500 73 46 0 73 52 0 73 42 0 73 44 0 99735 1083750 107217 7124 958750 6706
23905.599832 117382 500 500 500 500 73 46 0 73 52 0 73 42 0 73 44 0 99979 1083750 107217 7398 958750 6706
23905.799830 117383 500 500 500 500 73 46 0 73 52 0 73 42 0 73 44 0 99735 1083750 107217 7398 958750 6706
23905.999831 117384 500 500 500 500 73 46 0 73 52 0 73 42 0 73 44 0 99979 1083750 107217 7398 958750 6706
23906.199831 117385 500 500 500 500 73 46 0 73 52 0 73 42 0 73 44 0 99979 1083750 107217 7398 958750 6706
23906.399896 117386 500 500 500 500 73 46 0 73 52 0 73 42 0 73 44 0 99735 1083750 107217 7124 958750 6706
23906.599913 117387 500 500 500 500 73 46 0 73 52 0 73 42 0 73 44 0 99979 1083750 107217 7398 958750 6706
23906.799912 117388 500 500 500 500 73 46 0 73 52 0 73 42 0 73 44 0 99979 1083750 107217 7398 958750 6706
23906.999912 117389 500 500 500 500 73 46 0 73 52 0 73 42 0 73 44 0 99979 1083750 107217 7398 958750 6706
23907.199912 117390 500 500 500 500 73 46 0 73 52 0 73 42 0 73 44 0 100467 1083750 108300 7398 958750 6706
23907.399911 117391 500 500 500 500 73 46 0 73 52 0 73 42 0 73 44 0 100467 1083750 108300 7398 958750 6706
23907.599912 117392 500 500 500 500 73 46 0 73 52 0 73 42 0 73 44 0 99979 1083750 107217 7398 958750 6706
23907.799912 117393 500 500 500 500 73 46 0 73 52 0 73 42 0 73 44 0 99979 1083750 107217 7398 958750 6706
23907.999912 117394 500 500 500 500 73 46 0 73 52 0 73 42 0 73 44 0 100223 1083750 108300 7398 958750 6706
23908.199913 117395 500 500 500 500 73 46 0 73 52 0 73 42 0 73 44 0 100772 1083750 108300 7398 958750 6706
23908.399906 117396 500 500 500 500 73 46 0 73 52 0 73 42 0 73 44 0 100772 1083750 108300 7398 958750 6706
23908.599914 117397 500 500 500 500 73 46 0 73 52 0 73 42 0 73 44 0 100772 1083750 108300 7398 958750 6706
23908.799912 117398 500 500 500 500 73 46 0 73 52 0 73 42 0 73 44 0 100467 1083750 108300 7398 958750 6706
23908.999895 117399 500 500 500 500 73 46 0 73 52 0 73 42 0 73 44 0 100223 1083750 108300 7398 958750 6706
23909.199912 117400 500 500 500 500 73 46 0 73 52 0 73 42 0 73 44 0 99735 1083750 107217 7124 958750 6706
23909.399912 117401 500 500 500 500 73 46 0 73 52 0 73 42 0 73 44 0 99735 1083750 107217 7124 958750 6706
23909.599906 117402 500 500 500 500 73 46 0 73 52 0 73 42 0 73 44 0 99979 1083750 107217 7398 958750 6706
23909.799912 117403 500 500 500 500 73 46 0 73 52 0 73 42 0 73 44 0 100467 1083750 108300 7398 958750 6706
23909.999912 117404 500 500 500 500 73 46 0 73 52 0 73 42 0 73 44 0 100223 1083750 108300 7124 958750 6706
23910.199912 117405 500 500 500 500 73 46 0 73 52 0 73 42 0 73 44 0 100223 1083750 108300 7124 958750 6706
23910.399912 117406 500 500 500 500 73 46 0 73 52 0 73 42 0 73 44 0 100467 1083750 108300 7398 958750 6706
23910.599915 117407 500 500 500 500 73 46 0 73 52 0 73 42 0 73 44 0 100467 1083750 108300 7398 958750 6706
23910.799912 117408 500 500 500 500 73 46 0 73 52 0 73 42 0 73 44 0 100772 1083750 108300 7398 958750 6706
23910.999912 117409 500 500 500 500 73 46 0 73 52 0 73 42 0 73 44 0 100223 1083750 108300 7398 958750 6706
23911.199913 117410 500 500 500 500 73 46 0 73 52 0 73 42 0 73 44 0 100223 1083750 108300 7398 958750 6706
23911.399912 117411 500 500 500 500 73 46 0 73 52 0 73 42 0 73 44 0 100223 1083750 108300 7398 958750 6706
23911.599912 117412 500 500 500 500 73 46 0 73 52 0 73 42 0 73 44 0 100223 1083750 108300 7124 958750 6706
23911.799912 117413 500 500 500 500 73 46 0 73 52 0 73 42 0 73 44 0 100223 1083750 108300 7398 958750 6706
23911.999912 117414 500 500 500 500 73 46 0 73 52 0 73 42 0 73 44 0 100223 1083750 108300 7398 958750 6706
23912.199912 117415 500 500 500 500 73 46 0 73 52 0 73 42 0 73 44 0 101016 1083750 109383 7398 958750 6706
23912.399911 117416 500 500 500 500 73 46 0 73 52 0 73 42 0 73 44 0 100467 1083750 108300 7398 958750 6706
23912.599912 117417 500 500 500 500 73 46 0 73 52 0 73 42 0 73 44 0 100467 1083750 108300 7398 958750 6706
23912.799913 117418 500 500 500 500 73 46 0 73 52 0 73 42 0 73 44 0 100467 1083750 108300 7398 958750 6706
23912.999889 117419 500 500 500 500 73 46 0 73 52 0 73 42 0 73 44 0 100467 1083750 108300 7398 958750 6706
23913.199912 117420 500 500 500 500 73 46 0 73 52 0 73 42 0 73 44 0 100467 1083750 108300 7398 958750 6706
23913.399911 117421 500 500 500 500 73 46 0 73 52 0 73 42 0 73 44 0 100223 1083750 108300 7398 958750 6706
23913.599913 117422 500 500 500 500 73 46 0 73 52 0 73 42 0 73 44 0 100223 1083750 108300 7398 958750 6706
23913.799912 117423 500 500 500 500 73 46 0 73 52 0 73 42 0 73 44 0 101260 1083750 109383 7398 958750 6706
23913.999906 117424 500 500 500 500 73 46 0 73 52 0 73 42 0 73 44 0 100772 1083750 108300 7398 958750 6706
23914.199913 117425 500 500 500 500 73 46 0 73 52 0 73 42 0 73 44 0 101016 1083750 109383 7398 958750 6706
23914.399911 117426 500 500 500 500 73 46 0 73 52 0 73 42 0 73 44 0 101016 1083750 109383 7398 958750 6706
23914.599912 117427 500 500 500 500 73 46 0 73 52 0 73 42 0 73 44 0 100772 1083750 108300 7398 958750 6706
23914.799912 117428 500 500 500 500 73 46 0 73 52 0 73 42 0 73 44 0 101016 1083750 109383 7398 958750 6706
23914.999912 117429 500 500 500 500 73 46 0 73 52 0 73 42 0 73 44 0 100467 1083750 108300 7398 958750 6706
23915.199912 117430 500 500 500 500 73 46 0 73 52 0 73 42 0 73 44 0 100467 1083750 108300 7398 958750 6706
23915.399911 117431 500 500 500 500 73 46 0 73 52 0 73 42 0 73 44 0 100223 1083750 108300 7398 958750 6706
23915.599912 117432 500 500 500 500 73 46 0 73 52 0 73 42 0 73 44 0 100223 1083750 108300 7398 958750 6706
23915.799912 117433 500 500 500 500 73 46 0 73 52 0 73 42 0 73 44 0 100223 1083750 108300 7398 958750 6706
23915.999912 117434 500 500 500 500 73 46 0 73 52 0 73 42 0 73 44 0 100223 1083750 108300 7398 958750 6706
23916.199912 117435 500 500 500 500 73 46 0 73 52 0 73 42 0 73 44 0 100467 1083750 108300 7124 958750 6706
23916.399911 117436 500 500 500 500 73 46 0 73 52 0 73 42 0 73 44 0 99979 1083750 107217 7398 958750 6706
23916.599912 117437 500 500 500 500 73 46 0 73 52 0 73 42 0 73 44 0 100223 1083750 108300 7398 958750 6706
23916.799916 117438 500 500 500 500 73 46 0 73 52 0 73 42 0 73 44 0 100223 1083750 108300 7398 958750 6706
23916.999896 117439 500 500 500 500 73 46 0 73 52 0 73 42 0 73 44 0 100223 1083750 108300 7398 958750 6706
23917.199912 117440 500 500 500 500 73 46 0 73 52 0 73 42 0 73 44 0 100467 1083750 108300 7398 958750 6706
23917.399906 117441 500 500 500 500 73 46 0 73 52 0 73 42 0 73 44 0 100467 1083750 108300 7398 958750 6706
23917.599912 117442 500 500 500 500 73 46 0 73 52 0 73 42 0 73 44 0 100467 1083750 108300 7398 958750 6706
23917.799912 117443 500 500 500 500 73 46 0 73 52 0 73 42 0 73 44 0 100467 1083750 108300 7398 958750 6706
23917.999913 117444 500 500 500 500 73 46 0 73 52 0 73 42 0 73 44 0 99979 1083750 107217 7398 958750 6706
23918.199913 117445 500 500 500 500 73 46 0 73 52 0 73 42 0 73 44 0 99735 1083750 107217 7398 958750 6706
23918.399911 117446 500 500 500 500 73 46 0 73 52 0 73 42 0 73 44 0 100223 1083750 108300 7124 958750 6706
23918.599912 117447 500 500 500 500 73 46 0 73 52 0 73 42 0 73 44 0 100223 1083750 108300 7124 958750 6706
23918.799912 117448 500 500 500 500 73 46 0 73 52 0 73 42 0 73 44 0 99979 1083750 107217 7398 958750 6706
23918.999915 117449 500 500 500 500 73 46 0 73 52 0 73 42 0 73 44 0 99979 1083750 107217 7124 958750 6706
23919.199912 117450 500 500 500 500 73 46 0 73 52 0 73 42 0 73 44 0 99979 1083750 107217 7124 958750 6706
23919.399911 117451 500 500 500 500 73 46 0 73 52 0 73 42 0 73 44 0 99979 1083750 107217 7124 958750 6706
23919.599912 117452 500 500 500 500 73 46 0 73 52 0 73 42 0 73 44 0 100223 1083750 108300 7398 958750 6706
23919.799912 117453 500 500 500 500 73 46 0 73 52 0 73 42 0 73 44 0 100223 1083750 108300 7398 958750 6706
23919.999912 117454 500 500 500 500 73 46 0 73 52 0 73 42 0 73 44 0 99735 1083750 107217 7124 958750 6706
23920.199913 117455 500 500 500 500 73 46 0 73 52 0 73 42 0 73 44 0 99735 1083750 107217 7124 958750 6706
23920.399912 117456 500 500 500 500 73 46 0 73 52 0 73 42 0 73 44 0 100223 1083750 108300 7398 958750 6706
23920.599907 117457 500 500 500 500 73 46 0 73 52 0 73 42 0 73 44 0 100223 1083750 108300 7398 958750 6706
23920.799907 117458 500 500 500 500 73 46 0 73 52 0 73 42 0 73 44 0 105225 1083750 113715 7398 958750 6706
23920.999896 117459 500 500 500 500 73 46 0 73 52 0 73 42 0 73 44 0 105225 1083750 113715 7398 958750 6706
23921.199912 117460 500 500 500 500 73 46 0 73 52 0 73 42 0 73 44 0 101016 1083750 109383 7398 958750 6706
23921.399911 117461 500 500 500 500 73 46 0 73 52 0 73 42 0 73 44 0 100772 1083750 108300 7398 958750 6706
23921.599913 117462 500 500 500 500 73 46 0 73 52 0 73 42 0 73 44 0 99735 1083750 107217 7398 958750 6706
23921.799912 117463 500 500 500 500 73 46 0 73 52 0 73 42 0 73 44 0 99735 1083750 107217 7398 958750 6706
23921.999907 117464 500 500 500 500 73 46 0 73 52 0 73 42 0 73 44 0 100467 1083750 108300 7398 958750 6706
23922.199912 117465 500 500 500 500 73 46 0 73 52 0 73 42 0 73 44 0 100223 1083750 108300 7398 958750 6706
23922.399912 117466 500 500 500 500 73 46 0 73 52 0 73 42 0 73 44 0 100467 1083750 108300 7398 958750 6706
23922.599915 117467 500 500 500 500 73 46 0 73 52 0 73 42 0 73 44 0 100467 1083750 108300 7398 958750 6706
23922.799913 117468 500 500 500 500 73 46 0 73 52 0 73 42 0 73 44 0 100223 1083750 108300 7398 958750 6706
23922.999913 117469 500 500 500 500 73 46 0 73 52 0 73 42 0 73 44 0 100467 1083750 108300 7398 958750 6706
23923.199912 117470 500 500 500 500 73 46 0 73 52 0 73 42 0 73 44 0 100772 1083750 108300 7398 958750 6706
23923.399913 117471 500 500 500 500 73 46 0 73 52 0 73 42 0 73 44 0 100772 1083750 108300 7398 958750 6706
23923.599913 117472 500 500 500 500 73 46 0 73 52 0 73 42 0 73 44 0 100772 1083750 108300 7398 958750 6706
23923.799912 117473 500 500 500 500 73 46 0 73 52 0 73 42 0 73 44 0 100772 1083750 108300 7398 958750 6706
23923.999912 117474 500 500 500 500 73 46 0 73 52 0 73 42 0 73 44 0 100223 1083750 108300 7398 958750 6706
23924.199912 117475 500 500 500 500 73 46 0 73 52 0 73 42 0 73 44 0 100467 1083750 108300 7398 958750 6706
23924.399912 117476 500 500 500 500 73 46 0 73 52 0 73 42 0 73 44 0 100467 1083750 108300 7398 958750 6706
23924.599913 117477 500 500 500 500 73 46 0 73 52 0 73 42 0 73 44 0 100223 1083750 108300 7398 958750 6706
23924.799914 117478 500 500 500 500 73 46 0 73 52 0 73 42 0 73 44 0 100467 1083750 108300 7398 958750 6706
23924.999921 117479 500 500 500 500 73 46 0 73 52 0 73 42 0 73 44 0 99979 1083750 107217 7398 958750 6706
23925.199912 117480 500 500 500 500 73 46 0 73 52 0 73 42 0 73 44 0 99979 1083750 107217 7398 958750 6706
23925.399906 117481 500 500 500 500 73 46 0 73 52 0 73 42 0 73 44 0 100467 1083750 108300 7398 958750 6706
23925.599912 117482 500 500 500 500 73 46 0 73 52 0 73 42 0 73 44 0 100772 1083750 108300 7398 958750 6706
23925.799912 117483 500 500 500 500 73 46 0 73 52 0 73 42 0 73 44 0 101016 1083750 109383 7398 958750 6706
23925.999912 117484 500 500 500 500 73 46 0 73 52 0 73 42 0 73 44 0 101016 1083750 109383 7398 958750 6706
23926.199913 117485 500 500 500 500 73 46 0 73 52 0 73 42 0 73 44 0 100772 1083750 108300 7398 958750 6706
23926.399907 117486 500 500 500 500 73 46 0 73 52 0 73 42 0 73 44 0 100772 1083750 108300 7124 958750 6706
23926.599913 117487 500 500 500 500 73 46 0 73 52 0 73 42 0 73 44 0 100467 1083750 108300 7398 958750 6706
23926.799913 117488 500 500 500 500 73 46 0 73 52 0 73 42 0 73 44 0 100467 1083750 108300 7398 958750 6706
23926.999912 117489 500 500 500 500 73 46 0 73 52 0 73 42 0 73 44 0 100223 1083750 108300 7398 958750 6706
23927.199912 117490 500 500 500 500 73 46 0 73 52 0 73 42 0 73 44 0 99979 1083750 107217 7398 958750 6706
23927.399912 117491 500 500 500 500 73 46 0 73 52 0 73 42 0 73 44 0 100223 1083750 108300 7124 958750 6706
23927.599912 117492 500 500 500 500 73 46 0 73 52 0 73 42 0 73 44 0 100223 1083750 108300 7124 958750 6706
23927.799912 117493 500 500 500 500 73 46 0 73 52 0 73 42 0 73 44 0 100772 1083750 108300 7398 958750 6706
23927.999911 117494 500 500 500 500 73 46 0 73 52 0 73 42 0 73 44 0 100772 1083750 108300 7398 958750 6706
23928.199912 117495 500 500 500 500 73 46 0 73 52 0 73 42 0 73 44 0 100772 1083750 108300 7398 958750 6706
23928.399913 117496 500 500 500 500 73 46 0 73 52 0 73 42 0 73 44 0 100772 1083750 108300 7398 958750 6706
23928.599912 117497 500 500 500 500 73 46 0 73 52 0 73 42 0 73 44 0 100223 1083750 108300 7398 958750 6706
23928.799912 117498 500 500 500 500 73 46 0 73 52 0 73 42 0 73 44 0 100223 1083750 108300 7398 958750 6706
23928.999895 117499 500 500 500 500 73 46 0 73 52 0 73 42 0 73 44 0 99735 1083750 107217 7398 958750 6706
23929.199891 117500 500 500 500 500 73 46 0 73 52 0 73 42 0 73 44 0 100223 1083750 108300 7398 958750 6706
23929.399912 117501 500 500 500 500 73 46 0 73 52 0 73 42 0 73 44 0 100223 1083750 108300 7398 958750 6706
23929.599913 117502 500 500 500 500 73 46 0 73 52 0 73 42 0 73 44 0 100223 1083750 108300 7398 958750 6706
23929.799906 117503 500 500 500 500 73 46 0 73 52 0 73 42 0 73 44 0 100223 1083750 108300 7398 958750 6706
23929.999912 117504 500 500 500 500 73 46 0 73 52 0 73 42 0 73 44 0 100467 1083750 108300 7398 958750 6706
23930.199912 117505 500 500 500 500 73 46 0 73 52 0 73 42 0 73 44 0 100467 1083750 108300 7398 958750 6706
23930.399912 117506 500 500 500 500 73 46 0 73 52 0 73 42 0 73 44 0 100467 1083750 108300 7398 958750 6706
23930.599912 117507 500 500 500 500 73 46 0 73 52 0 73 42 0 73 44 0 100223 1083750 108300 7398 958750 6706
23930.799907 117508 500 500 500 500 73 46 0 73 52 0 73 42 0 73 44 0 100467 1083750 108300 7398 958750 6706
23930.999914 117509 500 500 500 500 73 46 0 73 52 0 73 42 0 73 44 0 100467 1083750 108300 7398 958750 6706
23931.199912 117510 500 500 500 500 73 46 0 73 52 0 73 42 0 73 44 0 100467 1083750 108300 7398 958750 6706
23931.399912 117511 500 500 500 500 73 46 0 73 52 0 73 42 0 73 44 0 100223 1083750 108300 7124 958750 6706
23931.599912 117512 500 500 500 500 73 46 0 73 52 0 73 42 0 73 44 0 100467 1083750 108300 7124 958750 6706
23931.799912 117513 500 500 500 500 73 46 0 73 52 0 73 42 0 73 44 0 100467 1083750 108300 7124 958750 6706
23931.999911 117514 500 500 500 500 73 46 0 73 52 0 73 42 0 73 44 0 100467 1083750 108300 7124 958750 6706
23932.199912 117515 500 500 500 500 73 46 0 73 52 0 73 42 0 73 44 0 100467 1083750 108300 7398 958750 6706
23932.399912 117516 500 500 500 500 73 46 0 73 52 0 73 42 0 73 44 0 100467 1083750 108300 7398 958750 6706
23932.599913 117517 500 500 500 500 73 46 0 73 52 0 73 42 0 73 44 0 100467 1083750 108300 7398 958750 6706
23932.799912 117518 500 500 500 500 73 46 0 73 52 0 73 42 0 73 44 0 101016 1083750 109383 7398 958750 6706
23932.999896 117519 500 500 500 500 73 46 0 73 52 0 73 42 0 73 44 0 100772 1083750 108300 7124 958750 6706
23933.199938 117520 500 500 500 500 73 46 0 73 52 0 73 42 0 73 44 0 101016 1083750 109383 7398 958750 6706
23933.399912 117521 500 500 500 500 73 46 0 73 52 0 73 42 0 73 44 0 101016 1083750 109383 7398 958750 6706
23933.599912 117522 500 500 500 500 73 46 0 73 52 0 73 42 0 73 44 0 100223 1083750 108300 7398 958750 6706
23933.799912 117523 500 500 500 500 73 46 0 73 52 0 73 42 0 73 44 0 101016 1083750 109383 7398 958750 6706
23933.999912 117524 500 500 500 500 73 46 0 73 52 0 73 42 0 73 44 0 100467 1083750 108300 7398 958750 6706
23934.199912 117525 500 500 500 500 73 46 0 73 52 0 73 42 0 73 44 0 100467 1083750 108300 7398 958750 6706
23934.399906 117526 500 500 500 500 73 46 0 73 52 0 73 42 0 73 44 0 100223 1083750 108300 7398 958750 6706
23934.599912 117527 500 500 500 500 73 46 0 73 52 0 73 42 0 73 44 0 100223 1083750 108300 7124 958750 6706
23934.799912 117528 500 500 500 500 73 46 0 73 52 0 73 42 0 73 44 0 100772 1083750 108300 7398 958750 6706
23934.999912 117529 500 500 500 500 73 46 0 73 52 0 73 42 0 73 44 0 100772 1083750 108300 7398 958750 6706
23935.199913 117530 500 500 500 500 73 46 0 73 52 0 73 42 0 73 44 0 100467 1083750 108300 7398 958750 6706
23935.399906 117531 500 500 500 500 73 46 0 73 52 0 73 42 0 73 44 0 100467 1083750 108300 7398 958750 6706
23935.599912 117532 500 500 500 500 73 46 0 73 52 0 73 42 0 73 44 0 100772 1083750 108300 7398 958750 6706
23935.799913 117533 500 500 500 500 73 46 0 73 52 0 73 42 0 73 44 0 100223 1083750 108300 7398 958750 6706
23935.999912 117534 500 500 500 500 73 46 0 73 52 0 73 42 0 73 44 0 100223 1083750 108300 7398 958750 6706
23936.199911 117535 500 500 500 500 73 46 0 73 52 0 73 42 0 73 44 0 100223 1083750 108300 7398 958750 6706
23936.399912 117536 500 500 500 500 73 46 0 73 52 0 73 42 0 73 44 0 100467 1083750 108300 7398 958750 6706
23936.599913 117537 500 500 500 500 73 46 0 73 52 0 73 42 0 73 44 0 100467 1083750 108300 7398 958750 6706
23936.799912 117538 500 500 500 500 73 46 0 73 52 0 73 42 0 73 44 0 100467 1083750 108300 7398 958750 6706
23936.999896 117539 500 500 500 500 73 46 0 73 52 0 73 42 0 73 44 0 99979 1083750 107217 7398 958750 6706
23937.199912 117540 500 500 500 500 73 46 0 73 52 0 73 42 0 73 44 0 99735 1083750 107217 7398 958750 6706
23937.399912 117541 500 500 500 500 73 46 0 73 52 0 73 42 0 73 44 0 99735 1083750 107217 7398 958750 6706
23937.599911 117542 500 500 500 500 73 46 0 73 52 0 73 42 0 73 44 0 99735 1083750 107217 7398 958750 6706
23937.799911 117543 500 500 500 500 73 46 0 73 52 0 73 42 0 73 44 0 100223 1083750 108300 7398 958750 6706
23937.999911 117544 500 500 500 500 73 46 0 73 52 0 73 42 0 73 44 0 100223 1083750 108300 7124 958750 6706
23938.199912 117545 500 500 500 500 73 46 0 73 52 0 73 42 0 73 44 0 100467 1083750 108300 7398 958750 6706
23938.399912 117546 500 500 500 500 73 46 0 73 52 0 73 42 0 73 44 0 100467 1083750 108300 7398 958750 6706
23938.599912 117547 500 500 500 500 73 46 0 73 52 0 73 42 0 73 44 0 101016 1083750 109383 7398 958750 6706
23938.799906 117548 500 500 500 500 73 46 0 73 52 0 73 42 0 73 44 0 100467 1083750 108300 7398 958750 6706
23938.999912 117549 500 500 500 500 73 46 0 73 52 0 73 42 0 73 44 0 100467 1083750 108300 7398 958750 6706
23939.199912 117550 500 500 500 500 73 46 0 73 52 0 73 42 0 73 44 0 100467 1083750 108300 7398 958750 6706
23939.399912 117551 500 500 500 500 73 46 0 73 52 0 73 42 0 73 44 0 101992 1083750 109383 7398 958750 6706
23939.599911 117552 500 500 500 500 73 46 0 73 52 0 73 42 0 73 44 0 100223 1083750 108300 7398 958750 6706
23939.799911 117553 500 500 500 500 73 46 0 73 52 0 73 42 0 73 44 0 101016 1083750 109383 7398 958750 6706
23939.999911 117554 500 500 500 500 73 46 0 73 52 0 73 42 0 73 44 0 101016 1083750 109383 7398 958750 6706
23940.199911 117555 500 500 500 500 73 46 0 73 52 0 73 42 0 73 44 0 100467 1083750 108300 7398 958750 6706
23940.399912 117556 500 500 500 500 73 46 0 73 52 0 73 42 0 73 44 0 101016 1083750 109383 7398 958750 6706
23940.599911 117557 500 500 500 500 73 46 0 73 52 0 73 42 0 73 44 0 101016 1083750 109383 7398 958750 6706
23940.799911 117558 500 500 500 500 73 46 0 73 52 0 73 42 0 73 44 0 101016 1083750 109383 7398 958750 6706
23940.999894 117559 500 500 500 500 73 46 0 73 52 0 73 42 0 73 44 0 100223 1083750 108300 7398 958750 6706
23941.199912 117560 500 500 500 500 73 46 0 73 52 0 73 42 0 73 44 0 100467 1083750 108300 7398 958750 6706
23941.399937 117561 500 500 500 500 73 46 0 73 52 0 73 42 0 73 44 0 100223 1083750 108300 7124 958750 6706
23941.599890 117562 500 500 500 500 73 46 0 73 52 0 73 42 0 73 44 0 100223 1083750 108300 7398 958750 6706
23941.799911 117563 500 500 500 500 73 46 0 73 52 0 73 42 0 73 44 0 100223 1083750 108300 7398 958750 6706
23941.999912 117564 500 500 500 500 73 46 0 73 52 0 73 42 0 73 44 0 101260 1083750 109383 7398 958750 6706
23942.199905 117565 500 500 500 500 73 46 0 73 52 0 73 42 0 73 44 0 100772 1083750 108300 7398 958750 6706
23942.399911 117566 500 500 500 500 73 46 0 73 52 0 73 42 0 73 44 0 99979 1083750 107217 7398 958750 6706
23942.599911 117567 500 500 500 500 73 46 0 73 52 0 73 42 0 73 44 0 99979 1083750 107217 7398 958750 6706
23942.799911 117568 500 500 500 500 73 46 0 73 52 0 73 42 0 73 44 0 100223 1083750 108300 7124 958750 6706
23942.999911 117569 500 500 500 500 74 46 0 74 52 0 74 42 0 74 44 0 100467 1083750 108300 7398 958750 6706
23943.199905 117570 500 500 500 500 74 46 0 74 52 0 74 42 0 74 44 0 100223 1083750 108300 7124 958750 6706
23943.399911 117571 500 500 500 500 74 46 0 74 52 0 74 42 0 74 44 0 100223 1083750 108300 7124 958750 6706
23943.599911 117572 500 500 500 500 73 46 0 73 52 0 73 42 0 73 44 0 100467 1083750 108300 7398 958750 6706
23943.799913 117573 500 500 500 500 73 46 0 73 52 0 73 42 0 73 44 0 100467 1083750 108300 7398 958750 6706
23943.999912 117574 500 500 500 500 73 46 0 73 52 0 73 42 0 73 44 0 100772 1083750 108300 7398 958750 6706
23944.199913 117575 500 500 500 500 73 46 0 73 52 0 73 42 0 73 44 0 100772 1083750 108300 7398 958750 6706
23944.399913 117576 500 500 500 500 73 46 0 73 52 0 73 42 0 73 44 0 100772 1083750 108300 7398 958750 6706
23944.599912 117577 500 500 500 500 73 46 0 73 52 0 73 42 0 73 44 0 100467 1083750 108300 7398 958750 6706
23944.799913 117578 500 500 500 500 73 46 0 73 52 0 73 42 0 73 44 0 99979 1083750 107217 7398 958750 6706
23944.999895 117579 500 500 500 500 73 46 0 73 52 0 73 42 0 73 44 0 99979 1083750 107217 7398 958750 6706
23945.199911 117580 500 500 500 500 73 46 0 73 52 0 73 42 0 73 44 0 100467 1083750 108300 7124 958750 6706
23945.399912 117581 500 500 500 500 73 46 0 73 52 0 73 42 0 73 44 0 99979 1083750 107217 7398 958750 6706
23945.599912 117582 500 500 500 500 73 46 0 73 52 0 73 42 0 73 44 0 100467 1083750 108300 7398 958750 6706
23945.799911 117583 500 500 500 500 73 46 0 73 52 0 73 42 0 73 44 0 100467 1083750 108300 7398 958750 6706
23945.999912 117584 500 500 500 500 73 46 0 73 52 0 73 42 0 73 44 0 100467 1083750 108300 7398 958750 6706
23946.199911 117585 500 500 500 500 73 46 0 73 52 0 73 42 0 73 44 0 100223 1083750 108300 7398 958750 6706
23946.399911 117586 500 500 500 500 73 46 0 73 52 0 73 42 0 73 44 0 100223 1083750 108300 7398 958750 6706
23946.599911 117587 500 500 500 500 73 46 0 73 52 0 73 42 0 73 44 0 100223 1083750 108300 7398 958750 6706
23946.799906 117588 500 500 500 500 73 46 0 73 52 0 73 42 0 73 44 0 100467 1083750 108300 7398 958750 6706
23946.999911 117589 500 500 500 500 73 46 0 73 52 0 73 42 0 73 44 0 100772 1083750 108300 7398 958750 6706
23947.199913 117590 500 500 500 500 73 46 0 73 52 0 73 42 0 73 44 0 100467 1083750 108300 7398 958750 6706
23947.399912 117591 500 500 500 500 73 46 0 73 52 0 73 42 0 73 44 0 100467 1083750 108300 7398 958750 6706
23947.599938 117592 500 500 500 500 73 46 0 73 52 0 73 42 0 73 44 0 100772 1083750 108300 7398 958750 6706
23947.799906 117593 500 500 500 500 73 46 0 73 52 0 73 42 0 73 44 0 100223 1083750 108300 7398 958750 6706
23947.999912 117594 500 500 500 500 73 46 0 73 52 0 73 42 0 73 44 0 100223 1083750 108300 7124 958750 6706
23948.199912 117595 500 500 500 500 73 46 0 73 52 0 73 42 0 73 44 0 100223 1083750 108300 7398 958750 6706
23948.399912 117596 500 500 500 500 73 46 0 73 52 0 73 42 0 73 44 0 100223 1083750 108300 7398 958750 6706
23948.599912 117597 500 500 500 500 73 46 0 73 52 0 73 42 0 73 44 0 100223 1083750 108300 7398 958750 6706
23948.799912 117598 500 500 500 500 73 46 0 73 52 0 73 42 0 73 44 0 100467 1083750 108300 7398 958750 6706
23948.999895 117599 500 500 500 500 74 46 0 74 52 0 74 42 0 74 44 0 100772 1083750 108300 7398 958750 6706
23949.199912 117600 500 500 500 500 74 46 0 74 52 0 74 42 0 74 44 0 100772 1083750 108300 7398 958750 6706
23949.399912 117601 500 500 500 500 74 46 0 74 52 0 74 42 0 74 44 0 100467 1083750 108300 7398 958750 6706
23949.599911 117602 500 500 500 500 74 46 0 74 52 0 74 42 0 74 44 0 100223 1083750 108300 7398 958750 6706
23949.799912 117603 500 500 500 500 73 46 0 73 52 0 73 42 0 73 44 0 100223 1083750 108300 7398 958750 6706
23949.999913 117604 500 500 500 500 73 46 0 73 52 0 73 42 0 73 44 0 100223 1083750 108300 7398 958750 6706
23950.199912 117605 500 500 500 500 73 46 0 73 52 0 73 42 0 73 44 0 100223 1083750 108300 7398 958750 6706
23950.399913 117606 500 500 500 500 73 46 0 73 52 0 73 42 0 73 44 0 100223 1083750 108300 7398 958750 6706
23950.599912 117607 500 500 500 500 73 46 0 73 52 0 73 42 0 73 44 0 100772 1083750 108300 7398 958750 6706
23950.799912 117608 500 500 500 500 73 46 0 73 52 0 73 42 0 73 44 0 100772 1083750 108300 7398 958750 6706
23950.999912 117609 500 500 500 500 73 46 0 73 52 0 73 42 0 73 44 0 101016 1083750 109383 7398 958750 6706
23951.199906 117610 500 500 500 500 73 46 0 73 52 0 73 42 0 73 44 0 100467 1083750 108300 7398 958750 6706
23951.399911 117611 500 500 500 500 73 46 0 73 52 0 73 42 0 73 44 0 100772 1083750 108300 7398 958750 6706
23951.599911 117612 500 500 500 500 73 46 0 73 52 0 73 42 0 73 44 0 100772 1083750 108300 7398 958750 6706
23951.799911 117613 500 500 500 500 73 46 0 73 52 0 73 42 0 73 44 0 100772 1083750 108300 7398 958750 6706
23951.999912 117614 500 500 500 500 73 46 0 73 52 0 73 42 0 73 44 0 100467 1083750 108300 7398 958750 6706
23952.199905 117615 500 500 500 500 73 46 0 73 52 0 73 42 0 73 44 0 101016 1083750 109383 7398 958750 6706
23952.399911 117616 500 500 500 500 73 46 0 73 52 0 73 42 0 73 44 0 101016 1083750 109383 7398 958750 6706
23952.599911 117617 500 500 500 500 73 46 0 73 52 0 73 42 0 73 44 0 101016 1083750 109383 7398 958750 6706
23952.799911 117618 500 500 500 500 73 46 0 73 52 0 73 42 0 73 44 0 101016 1083750 109383 7398 958750 6706
23952.999895 117619 500 500 500 500 73 46 0 73 52 0 73 42 0 73 44 0 100223 1083750 108300 7398 958750 6706
23953.199912 117620 500 500 500 500 73 46 0 73 52 0 73 42 0 73 44 0 100223 1083750 108300 7398 958750 6706
23953.399911 117621 500 500 500 500 73 46 0 73 52 0 73 42 0 73 44 0 100772 1083750 108300 7398 958750 6706
23953.599911 117622 500 500 500 500 73 46 0 73 52 0 73 42 0 73 44 0 100467 1083750 108300 7398 958750 6706
23953.799937 117623 500 500 500 500 73 46 0 73 52 0 73 42 0 73 44 0 100223 1083750 108300 7398 958750 6706
23953.999890 117624 500 500 500 500 74 46 0 74 52 0 74 42 0 74 44 0 100772 1083750 108300 7398 958750 6706
23954.199912 117625 500 500 500 500 74 46 0 74 52 0 74 42 0 74 44 0 100772 1083750 108300 7398 958750 6706
23954.399912 117626 500 500 500 500 74 46 0 74 52 0 74 42 0 74 44 0 100772 1083750 108300 7398 958750 6706
23954.599911 117627 500 500 500 500 74 46 0 74 52 0 74 42 0 74 44 0 100467 1083750 108300 7398 958750 6706
23954.799911 117628 500 500 500 500 74 46 0 74 52 0 74 42 0 74 44 0 101016 1083750 109383 7398 958750 6706
23954.999912 117629 500 500 500 500 73 46 0 73 52 0 73 42 0 73 44 0 101016 1083750 109383 7398 958750 6706
23955.199912 117630 500 500 500 500 73 46 0 73 52 0 73 42 0 73 44 0 100467 1083750 108300 7398 958750 6706
23955.399911 117631 500 500 500 500 73 46 0 73 52 0 73 42 0 73 44 0 100467 1083750 108300 7398 958750 6706
23955.599906 117632 500 500 500 500 73 46 0 73 52 0 73 42 0 73 44 0 100772 1083750 108300 7398 958750 6706
23955.799911 117633 500 500 500 500 73 46 0 73 52 0 73 42 0 73 44 0 100772 1083750 108300 7398 958750 6706
23955.999913 117634 500 500 500 500 74 46 0 74 52 0 74 42 0 74 44 0 102724 1083750 110466 7398 958750 6706
23956.199912 117635 500 500 500 500 74 46 0 74 52 0 74 42 0 74 44 0 100223 1083750 108300 7398 958750 6706
23956.399912 117636 500 500 500 500 74 46 0 74 52 0 74 42 0 74 44 0 100772 1083750 108300 7398 958750 6706
23956.599912 117637 500 500 500 500 74 46 0 74 52 0 74 42 0 74 44 0 100772 1083750 108300 7398 958750 6706
23956.799906 117638 500 500 500 500 74 46 0 74 52 0 74 42 0 74 44 0 99979 1083750 107217 7398 958750 6706
23956.999895 117639 500 500 500 500 73 46 0 73 52 0 73 42 0 73 44 0 100223 1083750 108300 7398 958750 6706
23957.199911 117640 500 500 500 500 73 46 0 73 52 0 73 42 0 73 44 0 100772 1083750 108300 7398 958750 6706
23957.399912 117641 500 500 500 500 73 46 0 73 52 0 73 42 0 73 44 0 100772 1083750 108300 7398 958750 6706
23957.599912 117642 500 500 500 500 73 46 0 73 52 0 73 42 0 73 44 0 101016 1083750 109383 7398 958750 6706
23957.799911 117643 500 500 500 500 73 46 0 73 52 0 73 42 0 73 44 0 101016 1083750 109383 7398 958750 6706
23957.999912 117644 500 500 500 500 74 46 0 74 52 0 74 42 0 74 44 0 101016 1083750 109383 7124 958750 6706
23958.199911 117645 500 500 500 500 74 46 0 74 52 0 74 42 0 74 44 0 101016 1083750 109383 7124 958750 6706
23958.399912 117646 500 500 500 500 74 46 0 74 52 0 74 42 0 74 44 0 100467 1083750 108300 7398 958750 6706
23958.599912 117647 500 500 500 500 74 46 0 74 52 0 74 42 0 74 44 0 100223 1083750 108300 7398 958750 6706
23958.799911 117648 500 500 500 500 74 46 0 74 52 0 74 42 0 74 44 0 100772 1083750 108300 7124 958750 6706
23958.999912 117649 500 500 500 500 73 46 0 73 52 0 73 42 0 73 44 0 100772 1083750 108300 7124 958750 6706
23959.199913 117650 500 500 500 500 73 46 0 73 52 0 73 42 0 73 44 0 100467 1083750 108300 7398 958750 6706
23959.399912 117651 500 500 500 500 73 46 0 73 52 0 73 42 0 73 44 0 101016 1083750 109383 7398 958750 6706
23959.599912 117652 500 500 500 500 73 46 0 73 52 0 73 42 0 73 44 0 100467 1083750 108300 7398 958750 6706
23959.799911 117653 500 500 500 500 73 46 0 73 52 0 73 42 0 73 44 0 100467 1083750 108300 7398 958750 6706
23959.999912 117654 500 500 500 500 73 46 0 73 52 0 73 42 0 73 44 0 100467 1083750 108300 7398 958750 6706
23960.199906 117655 500 500 500 500 73 46 0 73 52 0 73 42 0 73 44 0 100223 1083750 108300 7398 958750 6706
23960.399912 117656 500 500 500 500 73 46 0 73 52 0 73 42 0 73 44 0 100467 1083750 108300 7398 958750 6706
23960.599911 117657 500 500 500 500 73 46 0 73 52 0 73 42 0 73 44 0 99979 1083750 107217 7398 958750 6706
23960.799911 117658 500 500 500 500 73 46 0 73 52 0 73 42 0 73 44 0 99979 1083750 107217 7398 958750 6706
23960.999894 117659 500 500 500 500 74 46 0 74 52 0 74 42 0 74 44 0 100467 1083750 108300 7398 958750 6706
23961.199906 117660 500 500 500 500 74 46 0 74 52 0 74 42 0 74 44 0 100467 1083750 108300 7398 958750 6706
23961.399912 117661 500 500 500 500 74 46 0 74 52 0 74 42 0 74 44 0 99735 1083750 107217 7398 958750 6706
23961.599912 117662 500 500 500 500 74 46 0 74 52 0 74 42 0 74 44 0 99735 1083750 107217 7398 958750 6706
23961.799912 117663 500 500 500 500 74 46 0 74 52 0 74 42 0 74 44 0 100223 1083750 108300 7398 958750 6706
23961.999937 117664 500 500 500 500 74 46 0 74 52 0 74 42 0 74 44 0 99979 1083750 107217 7398 958750 6706
23962.199911 117665 500 500 500 500 74 46 0 74 52 0 74 42 0 74 44 0 99979 1083750 107217 7398 958750 6706
23962.399911 117666 500 500 500 500 74 46 0 74 52 0 74 42 0 74 44 0 99979 1083750 107217 7398 958750 6706
23962.599911 117667 500 500 500 500 74 46 0 74 52 0 74 42 0 74 44 0 100467 1083750 108300 7398 958750 6706
23962.799913 117668 500 500 500 500 74 46 0 74 52 0 74 42 0 74 44 0 100772 1083750 108300 7398 958750 6706
23962.999911 117669 500 500 500 500 74 46 0 74 52 0 74 42 0 74 44 0 100772 1083750 108300 7398 958750 6706
23963.199911 117670 500 500 500 500 74 46 0 74 52 0 74 42 0 74 44 0 100772 1083750 108300 7398 958750 6706
23963.399911 117671 500 500 500 500 74 46 0 74 52 0 74 42 0 74 44 0 100772 1083750 108300 7398 958750 6706
23963.599911 117672 500 500 500 500 74 46 0 74 52 0 74 42 0 74 44 0 99979 1083750 107217 7398 958750 6706
23963.799911 117673 500 500 500 500 74 46 0 74 52 0 74 42 0 74 44 0 100467 1083750 108300 7398 958750 6706
23963.999911 117674 500 500 500 500 74 46 0 74 52 0 74 42 0 74 44 0 100467 1083750 108300 7398 958750 6706
23964.199911 117675 500 500 500 500 73 46 0 73 52 0 73 42 0 73 44 0 100223 1083750 108300 7398 958750 6706
23964.399912 117676 500 500 500 500 73 46 0 73 52 0 73 42 0 73 44 0 100467 1083750 108300 7398 958750 6706
23964.599906 117677 500 500 500 500 73 46 0 73 52 0 73 42 0 73 44 0 100223 1083750 108300 7398 958750 6706
23964.799912 117678 500 500 500 500 73 46 0 73 52 0 73 42 0 73 44 0 100223 1083750 108300 7398 958750 6706
23964.999895 117679 500 500 500 500 74 46 0 74 52 0 74 42 0 74 44 0 100467 1083750 108300 7398 958750 6706
23965.199912 117680 500 500 500 500 74 46 0 74 52 0 74 42 0 74 44 0 101016 1083750 109383 7398 958750 6706
23965.399912 117681 500 500 500 500 74 46 0 74 52 0 74 42 0 74 44 0 100223 1083750 108300 7398 958750 6706
23965.599912 117682 500 500 500 500 74 46 0 74 52 0 74 42 0 74 44 0 100223 1083750 108300 7398 958750 6706
23965.799906 117683 500 500 500 500 74 46 0 74 52 0 74 42 0 74 44 0 100223 1083750 108300 7398 958750 6706
23965.999912 117684 500 500 500 500 74 46 0 74 52 0 74 42 0 74 44 0 100223 1083750 108300 7398 958750 6706
23966.199912 117685 500 500 500 500 74 46 0 74 52 0 74 42 0 74 44 0 100772 1083750 108300 7398 958750 6706
23966.399891 117686 500 500 500 500 74 46 0 74 52 0 74 42 0 74 44 0 100772 1083750 108300 7398 958750 6706
23966.599912 117687 500 500 500 500 74 46 0 74 52 0 74 42 0 74 44 0 100772 1083750 108300 7398 958750 6706
23966.799912 117688 500 500 500 500 74 46 0 74 52 0 74 42 0 74 44 0 100223 1083750 108300 7398 958750 6706
23966.999912 117689 500 500 500 500 74 46 0 74 52 0 74 42 0 74 44 0 100467 1083750 108300 7398 958750 6706
23967.199911 117690 500 500 500 500 74 46 0 74 52 0 74 42 0 74 44 0 100772 1083750 108300 7398 958750 6706
23967.399912 117691 500 500 500 500 74 46 0 74 52 0 74 42 0 74 44 0 100772 1083750 108300 7398 958750 6706
23967.599911 117692 500 500 500 500 74 46 0 74 52 0 74 42 0 74 44 0 100467 1083750 108300 7398 958750 6706
23967.799911 117693 500 500 500 500 74 46 0 74 52 0 74 42 0 74 44 0 100467 1083750 108300 7398 958750 6706
23967.999913 117694 500 500 500 500 73 46 0 73 52 0 73 42 0 73 44 0 100467 1083750 108300 7398 958750 6706
23968.199938 117695 500 500 500 500 73 46 0 73 52 0 73 42 0 73 44 0 100467 1083750 108300 7398 958750 6706
23968.399912 117696 500 500 500 500 73 46 0 73 52 0 73 42 0 73 44 0 101016 1083750 109383 7398 958750 6706
23968.599912 117697 500 500 500 500 73 46 0 73 52 0 73 42 0 73 44 0 100772 1083750 108300 7398 958750 6706
23968.799912 117698 500 500 500 500 73 46 0 73 52 0 73 42 0 73 44 0 100467 1083750 108300 7398 958750 6706
23968.999895 117699 500 500 500 500 74 46 0 74 52 0 74 42 0 74 44 0 100467 1083750 108300 7398 958750 6706
23969.199906 117700 500 500 500 500 74 46 0 74 52 0 74 42 0 74 44 0 100772 1083750 108300 7398 958750 6706
23969.399912 117701 500 500 500 500 74 46 0 74 52 0 74 42 0 74 44 0 101016 1083750 109383 7398 958750 6706
23969.599911 117702 500 500 500 500 74 46 0 74 52 0 74 42 0 74 44 0 100772 1083750 108300 7398 958750 6706
23969.799912 117703 500 500 500 500 74 46 0 74 52 0 74 42 0 74 44 0 100772 1083750 108300 7398 958750 6706
23969.999912 117704 500 500 500 500 74 46 0 74 52 0 74 42 0 74 44 0 100772 1083750 108300 7398 958750 6706
23970.199913 117705 500 500 500 500 74 46 0 74 52 0 74 42 0 74 44 0 101016 1083750 109383 7398 958750 6706
23970.399912 117706 500 500 500 500 74 46 0 74 52 0 74 42 0 74 44 0 100467 1083750 108300 7398 958750 6706
23970.599913 117707 500 500 500 500 74 46 0 74 52 0 74 42 0 74 44 0 100467 1083750 108300 7398 958750 6706
23970.799871 117708 500 500 500 500 74 46 0 74 52 0 74 42 0 74 44 0 101016 1083750 109383 7398 958750 6706
23970.999870 117709 500 500 500 500 74 46 0 74 52 0 74 42 0 74 44 0 100223 1083750 108300 7398 958750 6706
23971.199871 117710 500 500 500 500 74 46 0 74 52 0 74 42 0 74 44 0 100467 1083750 108300 7398 958750 6706
23971.399871 117711 500 500 500 500 74 46 0 74 52 0 74 42 0 74 44 0 100467 1083750 108300 7398 958750 6706
23971.599871 117712 500 500 500 500 74 46 0 74 52 0 74 42 0 74 44 0 100223 1083750 108300 7398 958750 6706
23971.799870 117713 500 500 500 500 74 46 0 74 52 0 74 42 0 74 44 0 100467 1083750 108300 7398 958750 6706
23971.999870 117714 500 500 500 500 73 46 0 73 52 0 73 42 0 73 44 0 100223 1083750 108300 7398 958750 6706
23972.199870 117715 500 500 500 500 73 46 0 73 52 0 73 42 0 73 44 0 100223 1083750 108300 7398 958750 6706
23972.399871 117716 500 500 500 500 74 46 0 74 52 0 74 42 0 74 44 0 100467 1083750 108300 7398 958750 6706
23972.599912 117717 500 500 500 500 74 46 0 74 52 0 74 42 0 74 44 0 99979 1083750 107217 7398 958750 6706
23972.799895 117718 500 500 500 500 74 46 0 74 52 0 74 42 0 74 44 0 99735 1083750 107217 7398 958750 6706
23972.999895 117719 500 500 500 500 73 46 0 73 52 0 73 42 0 73 44 0 100467 1083750 108300 7398 958750 6706
23973.199894 117720 500 500 500 500 73 46 0 73 52 0 73 42 0 73 44 0 100467 1083750 108300 7398 958750 6706
23973.399894 117721 500 500 500 500 73 46 0 73 52 0 73 42 0 73 44 0 99979 1083750 107217 7398 958750 6706
23973.599889 117722 500 500 500 500 73 46 0 73 52 0 73 42 0 73 44 0 99979 1083750 107217 7398 958750 6706
23973.799895 117723 500 500 500 500 73 46 0 73 52 0 73 42 0 73 44 0 99979 1083750 107217 7398 958750 6706
23973.999895 117724 500 500 500 500 74 46 0 74 52 0 74 42 0 74 44 0 99979 1083750 107217 7398 958750 6706
23974.199897 117725 500 500 500 500 74 46 0 74 52 0 74 42 0 74 44 0 100223 1083750 108300 7398 958750 6706
23974.399921 117726 500 500 500 500 74 46 0 74 52 0 74 42 0 74 44 0 99491 1083750 107217 7398 958750 6706
23974.599894 117727 500 500 500 500 74 46 0 74 52 0 74 42 0 74 44 0 99979 1083750 107217 7398 958750 6706
23974.799895 117728 500 500 500 500 74 46 0 74 52 0 74 42 0 74 44 0 99979 1083750 107217 7398 958750 6706
23974.999895 117729 500 500 500 500 74 46 0 74 52 0 74 42 0 74 44 0 100467 1083750 108300 7398 958750 6706
23975.199895 117730 500 500 500 500 74 46 0 74 52 0 74 42 0 74 44 0 99979 1083750 107217 7398 958750 6706
23975.399894 117731 500 500 500 500 74 46 0 74 52 0 74 42 0 74 44 0 100772 1083750 108300 7398 958750 6706
23975.599895 117732 500 500 500 500 74 46 0 74 52 0 74 42 0 74 44 0 100772 1083750 108300 7398 958750 6706
23975.799895 117733 500 500 500 500 74 46 0 74 52 0 74 42 0 74 44 0 100223 1083750 108300 7398 958750 6706
23975.999895 117734 500 500 500 500 74 46 0 74 52 0 74 42 0 74 44 0 100467 1083750 108300 7398 958750 6706
23976.199896 117735 500 500 500 500 74 46 0 74 52 0 74 42 0 74 44 0 100223 1083750 108300 7398 958750 6706
23976.399894 117736 500 500 500 500 74 46 0 74 52 0 74 42 0 74 44 0 100223 1083750 108300 7398 958750 6706
23976.599894 117737 500 500 500 500 74 46 0 74 52 0 74 42 0 74 44 0 100467 1083750 108300 7398 958750 6706
23976.799895 117738 500 500 500 500 74 46 0 74 52 0 74 42 0 74 44 0 100467 1083750 108300 7398 958750 6706
23976.999890 117739 500 500 500 500 74 46 0 74 52 0 74 42 0 74 44 0 100467 1083750 108300 7398 958750 6706
23977.199895 117740 500 500 500 500 74 46 0 74 52 0 74 42 0 74 44 0 100467 1083750 108300 7398 958750 6706
23977.399894 117741 500 500 500 500 74 46 0 74 52 0 74 42 0 74 44 0 100467 1083750 108300 7398 958750 6706
23977.599895 117742 500 500 500 500 74 46 0 74 52 0 74 42 0 74 44 0 101016 1083750 109383 7398 958750 6706
23977.799895 117743 500 500 500 500 74 46 0 74 52 0 74 42 0 74 44 0 100467 1083750 108300 7398 958750 6706
23977.999895 117744 500 500 500 500 74 46 0 74 52 0 74 42 0 74 44 0 100467 1083750 108300 7398 958750 6706
23978.199889 117745 500 500 500 500 74 46 0 74 52 0 74 42 0 74 44 0 100223 1083750 108300 7398 958750 6706
23978.399895 117746 500 500 500 500 74 46 0 74 52 0 74 42 0 74 44 0 100467 1083750 108300 7398 958750 6706
23978.599895 117747 500 500 500 500 73 46 0 73 52 0 73 42 0 73 44 0 100467 1083750 108300 7398 958750 6706
23978.799890 117748 500 500 500 500 73 46 0 73 52 0 73 42 0 73 44 0 100467 1083750 108300 7398 958750 6706
23978.999895 117749 500 500 500 500 73 46 0 73 52 0 73 42 0 73 44 0 100467 1083750 108300 7398 958750 6706
23979.199895 117750 500 500 500 500 73 46 0 73 52 0 73 42 0 73 44 0 100467 1083750 108300 7398 958750 6706
23979.399894 117751 500 500 500 500 73 46 0 73 52 0 73 42 0 73 44 0 100772 1083750 108300 7398 958750 6706
23979.599895 117752 500 500 500 500 73 46 0 73 52 0 73 42 0 73 44 0 99979 1083750 107217 7398 958750 6706
23979.799895 117753 500 500 500 500 73 46 0 73 52 0 73 42 0 73 44 0 99979 1083750 107217 7398 958750 6706
23979.999894 117754 500 500 500 500 74 46 0 74 52 0 74 42 0 74 44 0 99979 1083750 107217 7398 958750 6706
23980.199895 117755 500 500 500 500 74 46 0 74 52 0 74 42 0 74 44 0 100467 1083750 108300 7398 958750 6706
23980.399894 117756 500 500 500 500 74 46 0 74 52 0 74 42 0 74 44 0 100467 1083750 108300 7398 958750 6706
23980.599922 117757 500 500 500 500 74 46 0 74 52 0 74 42 0 74 44 0 100467 1083750 108300 7398 958750 6706
23980.799894 117758 500 500 500 500 74 46 0 74 52 0 74 42 0 74 44 0 100467 1083750 108300 7398 958750 6706
23980.999894 117759 500 500 500 500 74 46 0 74 52 0 74 42 0 74 44 0 100223 1083750 108300 7398 958750 6706
23981.199894 117760 500 500 500 500 74 46 0 74 52 0 74 42 0 74 44 0 99979 1083750 107217 7398 958750 6706
23981.399894 117761 500 500 500 500 74 46 0 74 52 0 74 42 0 74 44 0 99979 1083750 107217 7398 958750 6706
23981.599889 117762 500 500 500 500 74 46 0 74 52 0 74 42 0 74 44 0 100223 1083750 108300 7398 958750 6706
23981.799912 117763 500 500 500 500 74 46 0 74 52 0 74 42 0 74 44 0 100772 1083750 108300 7398 958750 6706
23981.999912 117764 500 500 500 500 74 46 0 74 52 0 74 42 0 74 44 0 100772 1083750 108300 7398 958750 6706
23982.199912 117765 500 500 500 500 74 46 0 74 52 0 74 42 0 74 44 0 100772 1083750 108300 7398 958750 6706
23982.399911 117766 500 500 500 500 74 46 0 74 52 0 74 42 0 74 44 0 101016 1083750 109383 7398 958750 6706
23982.599907 117767 500 500 500 500 74 46 0 74 52 0 74 42 0 74 44 0 101016 1083750 109383 7398 958750 6706
23982.799912 117768 500 500 500 500 74 46 0 74 52 0 74 42 0 74 44 0 101016 1083750 109383 7398 958750 6706
23982.999911 117769 500 500 500 500 74 46 0 74 52 0 74 42 0 74 44 0 101016 1083750 109383 7398 958750 6706
23983.199913 117770 500 500 500 500 74 46 0 74 52 0 74 42 0 74 44 0 100223 1083750 108300 7398 958750 6706
23983.399911 117771 500 500 500 500 74 46 0 74 52 0 74 42 0 74 44 0 100467 1083750 108300 7398 958750 6706
23983.599912 117772 500 500 500 500 74 46 0 74 52 0 74 42 0 74 44 0 100772 1083750 108300 7398 958750 6706
23983.799912 117773 500 500 500 500 74 46 0 74 52 0 74 42 0 74 44 0 100772 1083750 108300 7398 958750 6706
23983.999912 117774 500 500 500 500 74 46 0 74 52 0 74 42 0 74 44 0 101260 1083750 109383 7398 958750 6706
23984.199912 117775 500 500 500 500 74 46 0 74 52 0 74 42 0 74 44 0 100772 1083750 108300 7398 958750 6706
23984.399911 117776 500 500 500 500 74 46 0 74 52 0 74 42 0 74 44 0 100772 1083750 108300 7398 958750 6706
23984.599912 117777 500 500 500 500 74 46 0 74 52 0 74 42 0 74 44 0 100772 1083750 108300 7398 958750 6706
23984.799914 117778 500 500 500 500 73 46 0 73 52 0 73 42 0 73 44 0 100772 1083750 108300 7398 958750 6706
23984.999895 117779 500 500 500 500 73 46 0 73 52 0 73 42 0 73 44 0 100772 1083750 108300 7398 958750 6706
23985.199912 117780 500 500 500 500 73 46 0 73 52 0 73 42 0 73 44 0 100772 1083750 108300 7398 958750 6706
23985.399912 117781 500 500 500 500 73 46 0 73 52 0 73 42 0 73 44 0 100467 1083750 108300 7398 958750 6706
23985.599914 117782 500 500 500 500 73 46 0 73 52 0 73 42 0 73 44 0 100467 1083750 108300 7398 958750 6706
23985.799912 117783 500 500 500 500 73 46 0 73 52 0 73 42 0 73 44 0 103273 1083750 111549 7398 958750 6706
23985.999906 117784 500 500 500 500 74 46 0 74 52 0 74 42 0 74 44 0 100223 1083750 108300 7398 958750 6706
23986.199912 117785 500 500 500 500 74 46 0 74 52 0 74 42 0 74 44 0 100467 1083750 108300 7398 958750 6706
23986.399911 117786 500 500 500 500 74 46 0 74 52 0 74 42 0 74 44 0 100467 1083750 108300 7398 958750 6706
23986.599912 117787 500 500 500 500 74 46 0 74 52 0 74 42 0 74 44 0 99735 1083750 107217 7398 958750 6706
23986.799939 117788 500 500 500 500 74 46 0 74 52 0 74 42 0 74 44 0 100223 1083750 108300 7398 958750 6706
23986.999906 117789 500 500 500 500 74 46 0 74 52 0 74 42 0 74 44 0 100223 1083750 108300 7398 958750 6706
23987.199912 117790 500 500 500 500 74 46 0 74 52 0 74 42 0 74 44 0 100223 1083750 108300 7398 958750 6706
23987.399912 117791 500 500 500 500 74 46 0 74 52 0 74 42 0 74 44 0 100223 1083750 108300 7398 958750 6706
23987.599912 117792 500 500 500 500 74 46 0 74 52 0 74 42 0 74 44 0 100467 1083750 108300 7398 958750 6706
23987.799912 117793 500 500 500 500 74 46 0 74 52 0 74 42 0 74 44 0 100772 1083750 108300 7398 958750 6706
23987.999911 117794 500 500 500 500 74 46 0 74 52 0 74 42 0 74 44 0 100772 1083750 108300 7398 958750 6706
23988.199913 117795 500 500 500 500 74 46 0 74 52 0 74 42 0 74 44 0 99735 1083750 107217 7398 958750 6706
23988.399911 117796 500 500 500 500 74 46 0 74 52 0 74 42 0 74 44 0 100223 1083750 108300 7398 958750 6706
23988.599913 117797 500 500 500 500 74 46 0 74 52 0 74 42 0 74 44 0 99979 1083750 107217 7398 958750 6706
23988.799912 117798 500 500 500 500 74 46 0 74 52 0 74 42 0 74 44 0 99979 1083750 107217 7398 958750 6706
23988.999895 117799 500 500 500 500 74 46 0 74 52 0 74 42 0 74 44 0 100223 1083750 108300 7398 958750 6706
23989.199912 117800 500 500 500 500 74 46 0 74 52 0 74 42 0 74 44 0 100467 1083750 108300 7398 958750 6706
23989.399912 117801 500 500 500 500 74 46 0 74 52 0 74 42 0 74 44 0 100467 1083750 108300 7398 958750 6706
23989.599912 117802 500 500 500 500 74 46 0 74 52 0 74 42 0 74 44 0 100467 1083750 108300 7398 958750 6706
23989.799912 117803 500 500 500 500 74 46 0 74 52 0 74 42 0 74 44 0 100772 1083750 108300 7398 958750 6706
23989.999912 117804 500 500 500 500 74 46 0 74 52 0 74 42 0 74 44 0 100223 1083750 108300 7398 958750 6706
23990.199912 117805 500 500 500 500 74 46 0 74 52 0 74 42 0 74 44 0 100467 1083750 108300 7398 958750 6706
23990.399912 117806 500 500 500 500 74 46 0 74 52 0 74 42 0 74 44 0 100467 1083750 108300 7398 958750 6706
23990.599907 117807 500 500 500 500 74 46 0 74 52 0 74 42 0 74 44 0 100223 1083750 108300 7398 958750 6706
23990.799912 117808 500 500 500 500 74 46 0 74 52 0 74 42 0 74 44 0 100467 1083750 108300 7398 958750 6706
23990.999912 117809 500 500 500 500 74 46 0 74 52 0 74 42 0 74 44 0 100467 1083750 108300 7398 958750 6706
23991.199890 117810 500 500 500 500 74 46 0 74 52 0 74 42 0 74 44 0 100223 1083750 108300 7398 958750 6706
23991.399912 117811 500 500 500 500 74 46 0 74 52 0 74 42 0 74 44 0 100223 1083750 108300 7398 958750 6706
23991.599906 117812 500 500 500 500 74 46 0 74 52 0 74 42 0 74 44 0 101016 1083750 109383 7398 958750 6706
23991.799913 117813 500 500 500 500 74 46 0 74 52 0 74 42 0 74 44 0 100223 1083750 108300 7398 958750 6706
23991.999912 117814 500 500 500 500 74 46 0 74 52 0 74 42 0 74 44 0 99979 1083750 107217 7398 958750 6706
23992.199912 117815 500 500 500 500 74 46 0 74 52 0 74 42 0 74 44 0 99979 1083750 107217 7398 958750 6706
23992.399911 117816 500 500 500 500 74 46 0 74 52 0 74 42 0 74 44 0 100467 1083750 108300 7398 958750 6706
23992.599913 117817 500 500 500 500 74 46 0 74 52 0 74 42 0 74 44 0 101016 1083750 109383 7398 958750 6706
23992.799913 117818 500 500 500 500 74 46 0 74 52 0 74 42 0 74 44 0 100223 1083750 108300 7398 958750 6706
23992.999895 117819 500 500 500 500 74 46 0 74 52 0 74 42 0 74 44 0 100223 1083750 108300 7398 958750 6706
23993.199912 117820 500 500 500 500 74 46 0 74 52 0 74 42 0 74 44 0 101016 1083750 109383 7398 958750 6706
23993.399911 117821 500 500 500 500 74 46 0 74 52 0 74 42 0 74 44 0 100772 1083750 108300 7398 958750 6706
23993.599912 117822 500 500 500 500 74 46 0 74 52 0 74 42 0 74 44 0 100772 1083750 108300 7398 958750 6706
23993.799912 117823 500 500 500 500 74 46 0 74 52 0 74 42 0 74 44 0 100772 1083750 108300 7398 958750 6706
23993.999912 117824 500 500 500 500 74 46 0 74 52 0 74 42 0 74 44 0 100772 1083750 108300 7398 958750 6706
23994.199911 117825 500 500 500 500 74 46 0 74 52 0 74 42 0 74 44 0 101016 1083750 109383 7398 958750 6706
23994.399911 117826 500 500 500 500 74 46 0 74 52 0 74 42 0 74 44 0 100772 1083750 108300 7398 958750 6706
23994.599912 117827 500 500 500 500 74 46 0 74 52 0 74 42 0 74 44 0 100772 1083750 108300 7398 958750 6706
23994.799912 117828 500 500 500 500 74 46 0 74 52 0 74 42 0 74 44 0 100467 1083750 108300 7398 958750 6706
23994.999933 117829 500 500 500 500 74 46 0 74 52 0 74 42 0 74 44 0 101016 1083750 109383 7398 958750 6706
23995.199912 117830 500 500 500 500 74 46 0 74 52 0 74 42 0 74 44 0 100772 1083750 108300 7398 958750 6706
23995.399911 117831 500 500 500 500 74 46 0 74 52 0 74 42 0 74 44 0 100772 1083750 108300 7398 958750 6706
23995.599912 117832 500 500 500 500 74 46 0 74 52 0 74 42 0 74 44 0 99979 1083750 107217 7398 958750 6706
23995.799912 117833 500 500 500 500 74 46 0 74 52 0 74 42 0 74 44 0 101016 1083750 109383 7398 958750 6706
23995.999911 117834 500 500 500 500 74 46 0 74 52 0 74 42 0 74 44 0 100772 1083750 108300 7398 958750 6706
23996.199912 117835 500 500 500 500 74 46 0 74 52 0 74 42 0 74 44 0 100772 1083750 108300 7398 958750 6706
23996.399911 117836 500 500 500 500 74 46 0 74 52 0 74 42 0 74 44 0 101016 1083750 109383 7398 958750 6706
23996.599912 117837 500 500 500 500 74 46 0 74 52 0 74 42 0 74 44 0 101016 1083750 109383 7398 958750 6706
23996.799912 117838 500 500 500 500 74 46 0 74 52 0 74 42 0 74 44 0 100223 1083750 108300 7398 958750 6706
23996.999895 117839 500 500 500 500 74 46 0 74 52 0 74 42 0 74 44 0 100223 1083750 108300 7398 958750 6706
23997.199912 117840 500 500 500 500 74 46 0 74 52 0 74 42 0 74 44 0 100772 1083750 108300 7398 958750 6706
23997.399911 117841 500 500 500 500 74 46 0 74 52 0 74 42 0 74 44 0 100467 1083750 108300 7398 958750 6706
23997.599912 117842 500 500 500 500 74 46 0 74 52 0 74 42 0 74 44 0 100772 1083750 108300 7398 958750 6706
23997.799912 117843 500 500 500 500 74 46 0 74 52 0 74 42 0 74 44 0 100467 1083750 108300 7398 958750 6706
23997.999912 117844 500 500 500 500 74 46 0 74 52 0 74 42 0 74 44 0 100467 1083750 108300 7398 958750 6706
23998.199914 117845 500 500 500 500 74 46 0 74 52 0 74 42 0 74 44 0 100467 1083750 108300 7398 958750 6706
23998.399906 117846 500 500 500 500 74 46 0 74 52 0 74 42 0 74 44 0 100772 1083750 108300 7398 958750 6706
23998.599912 117847 500 500 500 500 74 46 0 74 52 0 74 42 0 74 44 0 99979 1083750 107217 7398 958750 6706
23998.799912 117848 500 500 500 500 74 46 0 74 52 0 74 42 0 74 44 0 99979 1083750 107217 7398 958750 6706
23998.999912 117849 500 500 500 500 74 46 0 74 52 0 74 42 0 74 44 0 99979 1083750 107217 7398 958750 6706
23999.199911 117850 500 500 500 500 74 46 0 74 52 0 74 42 0 74 44 0 100772 1083750 108300 7398 958750 6706
23999.399906 117851 500 500 500 500 74 46 0 74 52 0 74 42 0 74 44 0 100223 1083750 108300 7398 958750 6706
23999.599911 117852 500 500 500 500 74 46 0 74 52 0 74 42 0 74 44 0 100223 1083750 108300 7398 958750 6706
23999.799912 117853 500 500 500 500 74 46 0 74 52 0 74 42 0 74 44 0 100223 1083750 108300 7398 958750 6706
23999.999912 117854 500 500 500 500 74 46 0 74 52 0 74 42 0 74 44 0 100223 1083750 108300 7398 958750 6706
24000.199911 117855 500 500 500 500 74 46 0 74 52 0 74 42 0 74 44 0 99979 1083750 107217 7398 958750 6706
24000.399911 117856 500 500 500 500 74 46 0 74 52 0 74 42 0 74 44 0 99979 1083750 107217 7398 958750 6706
24000.599912 117857 500 500 500 500 74 46 0 74 52 0 74 42 0 74 44 0 99735 1083750 107217 7398 958750 6706
24000.799912 117858 500 500 500 500 74 46 0 74 52 0 74 42 0 74 44 0 99979 1083750 107217 7398 958750 6706
24000.999895 117859 500 500 500 500 74 46 0 74 52 0 74 42 0 74 44 0 99735 1083750 107217 7398 958750 6706
24001.199938 117860 500 500 500 500 74 46 0 74 52 0 74 42 0 74 44 0 99735 1083750 107217 7398 958750 6706
24001.399911 117861 500 500 500 500 74 46 0 74 52 0 74 42 0 74 44 0 101016 1083750 109383 7398 958750 6706
24001.599912 117862 500 500 500 500 74 46 0 74 52 0 74 42 0 74 44 0 100223 1083750 108300 7398 958750 6706
24001.799912 117863 500 500 500 500 74 46 0 74 52 0 74 42 0 74 44 0 100223 1083750 108300 7398 958750 6706
24001.999912 117864 500 500 500 500 74 46 0 74 52 0 74 42 0 74 44 0 100223 1083750 108300 7398 958750 6706
24002.199912 117865 500 500 500 500 74 46 0 74 52 0 74 42 0 74 44 0 100223 1083750 108300 7398 958750 6706
24002.399913 117866 500 500 500 500 74 46 0 74 52 0 74 42 0 74 44 0 99979 1083750 107217 7398 958750 6706
24002.599912 117867 500 500 500 500 74 46 0 74 52 0 74 42 0 74 44 0 100223 1083750 108300 7398 958750 6706
24002.799912 117868 500 500 500 500 74 46 0 74 52 0 74 42 0 74 44 0 100223 1083750 108300 7398 958750 6706
24002.999906 117869 500 500 500 500 74 46 0 74 52 0 74 42 0 74 44 0 100772 1083750 108300 7398 958750 6706
24003.199912 117870 500 500 500 500 74 46 0 74 52 0 74 42 0 74 44 0 100772 1083750 108300 7398 958750 6706
24003.399912 117871 500 500 500 500 74 46 0 74 52 0 74 42 0 74 44 0 100772 1083750 108300 7398 958750 6706
24003.599890 117872 500 500 500 500 74 46 0 74 52 0 74 42 0 74 44 0 100467 1083750 108300 7398 958750 6706
24003.799912 117873 500 500 500 500 74 46 0 74 52 0 74 42 0 74 44 0 100467 1083750 108300 7398 958750 6706
24003.999906 117874 500 500 500 500 74 46 0 74 52 0 74 42 0 74 44 0 99979 1083750 107217 7398 958750 6706
24004.199912 117875 500 500 500 500 74 46 0 74 52 0 74 42 0 74 44 0 100223 1083750 108300 7398 958750 6706
24004.399873 117876 500 500 500 500 74 46 0 74 52 0 74 42 0 74 44 0 100772 1083750 108300 7398 958750 6706
24004.599912 117877 500 500 500 500 74 46 0 74 52 0 74 42 0 74 44 0 100772 1083750 108300 7398 958750 6706
24004.799912 117878 500 500 500 500 74 46 0 74 52 0 74 42 0 74 44 0 100772 1083750 108300 7398 958750 6706
24004.999896 117879 500 500 500 500 74 46 0 74 52 0 74 42 0 74 44 0 100467 1083750 108300 7398 958750 6706
24005.199912 117880 500 500 500 500 74 46 0 74 52 0 74 42 0 74 44 0 100467 1083750 108300 7398 958750 6706
24005.399870 117881 500 500 500 500 74 46 0 74 52 0 74 42 0 74 44 0 100467 1083750 108300 7398 958750 6706
24005.599913 117882 500 500 500 500 74 46 0 74 52 0 74 42 0 74 44 0 100223 1083750 108300 7398 958750 6706
24005.799912 117883 500 500 500 500 74 46 0 74 52 0 74 42 0 74 44 0 100772 1083750 108300 7398 958750 6706
24005.999912 117884 500 500 500 500 74 46 0 74 52 0 74 42 0 74 44 0 100223 1083750 108300 7398 958750 6706
24006.199913 117885 500 500 500 500 74 46 0 74 52 0 74 42 0 74 44 0 100223 1083750 108300 7398 958750 6706
24006.399870 117886 500 500 500 500 74 46 0 74 52 0 74 42 0 74 44 0 100772 1083750 108300 7398 958750 6706
24006.599914 117887 500 500 500 500 74 46 0 74 52 0 74 42 0 74 44 0 100467 1083750 108300 7398 958750 6706
24006.799912 117888 500 500 500 500 74 46 0 74 52 0 74 42 0 74 44 0 101016 1083750 109383 7398 958750 6706
24006.999912 117889 500 500 500 500 74 46 0 74 52 0 74 42 0 74 44 0 101016 1083750 109383 7398 958750 6706
24007.199914 117890 500 500 500 500 74 46 0 74 52 0 74 42 0 74 44 0 101016 1083750 109383 7398 958750 6706
24007.399893 117891 500 500 500 500 74 46 0 74 52 0 74 42 0 74 44 0 100772 1083750 108300 7672 958750 6706
24007.599912 117892 500 500 500 500 74 46 0 74 52 0 74 42 0 74 44 0 100467 1083750 108300 7398 958750 6706
24007.799912 117893 500 500 500 500 74 46 0 74 52 0 74 42 0 74 44 0 100467 1083750 108300 7398 958750 6706
24007.999912 117894 500 500 500 500 74 46 0 74 52 0 74 42 0 74 44 0 100467 1083750 108300 7398 958750 6706
24008.199912 117895 500 500 500 500 74 46 0 74 52 0 74 42 0 74 44 0 100223 1083750 108300 7398 958750 6706
24008.399865 117896 500 500 500 500 74 46 0 74 52 0 74 42 0 74 44 0 100467 1083750 108300 7398 958750 6706
24008.599912 117897 500 500 500 500 74 46 0 74 52 0 74 42 0 74 44 0 100467 1083750 108300 7398 958750 6706
24008.799912 117898 500 500 500 500 74 46 0 74 52 0 74 42 0 74 44 0 100467 1083750 108300 7398 958750 6706
24008.999895 117899 500 500 500 500 74 46 0 74 52 0 74 42 0 74 44 0 100772 1083750 108300 7398 958750 6706
24009.199912 117900 500 500 500 500 74 46 0 74 52 0 74 42 0 74 44 0 101016 1083750 109383 7398 958750 6706
24009.399871 117901 500 500 500 500 74 46 0 74 52 0 74 42 0 74 44 0 101016 1083750 109383 7398 958750 6706
24009.599912 117902 500 500 500 500 74 46 0 74 52 0 74 42 0 74 44 0 100223 1083750 108300 7398 958750 6706
24009.799912 117903 500 500 500 500 74 46 0 74 52 0 74 42 0 74 44 0 100223 1083750 108300 7398 958750 6706
24009.999912 117904 500 500 500 500 74 46 0 74 52 0 74 42 0 74 44 0 100467 1083750 108300 7398 958750 6706
24010.199912 117905 500 500 500 500 74 46 0 74 52 0 74 42 0 74 44 0 101016 1083750 109383 7398 958750 6706
24010.399871 117906 500 500 500 500 74 46 0 74 52 0 74 42 0 74 44 0 101016 1083750 109383 7398 958750 6706
24010.599912 117907 500 500 500 500 74 46 0 74 52 0 74 42 0 74 44 0 100772 1083750 108300 7398 958750 6706
24010.799912 117908 500 500 500 500 74 46 0 74 52 0 74 42 0 74 44 0 100223 1083750 108300 7398 958750 6706
24010.999912 117909 500 500 500 500 74 46 0 74 52 0 74 42 0 74 44 0 100223 1083750 108300 7398 958750 6706
24011.199913 117910 500 500 500 500 74 46 0 74 52 0 74 42 0 74 44 0 100223 1083750 108300 7398 958750 6706
24011.399929 117911 500 500 500 500 74 46 0 74 52 0 74 42 0 74 44 0 101016 1083750 109383 7398 958750 6706
24011.599912 117912 500 500 500 500 74 46 0 74 52 0 74 42 0 74 44 0 100467 1083750 108300 7398 958750 6706
24011.799906 117913 500 500 500 500 74 46 0 74 52 0 74 42 0 74 44 0 100467 1083750 108300 7398 958750 6706
24011.999912 117914 500 500 500 500 74 46 0 74 52 0 74 42 0 74 44 0 100467 1083750 108300 7398 958750 6706
24012.199912 117915 500 500 500 500 74 46 0 74 52 0 74 42 0 74 44 0 100467 1083750 108300 7398 958750 6706
24012.399895 117916 500 500 500 500 74 46 0 74 52 0 74 42 0 74 44 0 100223 1083750 108300 7398 958750 6706
24012.599912 117917 500 500 500 500 74 46 0 74 52 0 74 42 0 74 44 0 100772 1083750 108300 7398 958750 6706
24012.799912 117918 500 500 500 500 74 46 0 74 52 0 74 42 0 74 44 0 100772 1083750 108300 7398 958750 6706
24012.999889 117919 500 500 500 500 74 46 0 74 52 0 74 42 0 74 44 0 100467 1083750 108300 7398 958750 6706
24013.199913 117920 500 500 500 500 74 46 0 74 52 0 74 42 0 74 44 0 100223 1083750 108300 7398 958750 6706
24013.399895 117921 500 500 500 500 74 46 0 74 52 0 74 42 0 74 44 0 100772 1083750 108300 7398 958750 6706
24013.599939 117922 500 500 500 500 74 46 0 74 52 0 74 42 0 74 44 0 100772 1083750 108300 7398 958750 6706
24013.799912 117923 500 500 500 500 74 46 0 74 52 0 74 42 0 74 44 0 100223 1083750 108300 7398 958750 6706
24013.999912 117924 500 500 500 500 74 46 0 74 52 0 74 42 0 74 44 0 100467 1083750 108300 7398 958750 6706
24014.199912 117925 500 500 500 500 74 46 0 74 52 0 74 42 0 74 44 0 100467 1083750 108300 7398 958750 6706
24014.399895 117926 500 500 500 500 74 46 0 74 52 0 74 42 0 74 44 0 100467 1083750 108300 7398 958750 6706
24014.599912 117927 500 500 500 500 74 46 0 74 52 0 74 42 0 74 44 0 100467 1083750 108300 7398 958750 6706
24014.799912 117928 500 500 500 500 74 46 0 74 52 0 74 42 0 74 44 0 100467 1083750 108300 7398 958750 6706
24014.999912 117929 500 500 500 500 74 46 0 74 52 0 74 42 0 74 44 0 99979 1083750 107217 7398 958750 6706
24015.199912 117930 500 500 500 500 74 46 0 74 52 0 74 42 0 74 44 0 99979 1083750 107217 7398 958750 6706
24015.399894 117931 500 500 500 500 74 46 0 74 52 0 74 42 0 74 44 0 100772 1083750 108300 7398 958750 6706
24015.599912 117932 500 500 500 500 74 46 0 74 52 0 74 42 0 74 44 0 100467 1083750 108300 7398 958750 6706
24015.799912 117933 500 500 500 500 74 46 0 74 52 0 74 42 0 74 44 0 100467 1083750 108300 7398 958750 6706
24015.999890 117934 500 500 500 500 74 46 0 74 52 0 74 42 0 74 44 0 99979 1083750 107217 7398 958750 6706
24016.199913 117935 500 500 500 500 74 46 0 74 52 0 74 42 0 74 44 0 99979 1083750 107217 7398 958750 6706
24016.399889 117936 500 500 500 500 74 46 0 74 52 0 74 42 0 74 44 0 99979 1083750 107217 7398 958750 6706
24016.599912 117937 500 500 500 500 74 46 0 74 52 0 74 42 0 74 44 0 100467 1083750 108300 7398 958750 6706
24016.799912 117938 500 500 500 500 74 46 0 74 52 0 74 42 0 74 44 0 100467 1083750 108300 7398 958750 6706
24016.999896 117939 500 500 500 500 74 46 0 74 52 0 74 42 0 74 44 0 100467 1083750 108300 7398 958750 6706
24017.199912 117940 500 500 500 500 74 46 0 74 52 0 74 42 0 74 44 0 99979 1083750 107217 7398 958750 6706
24017.399889 117941 500 500 500 500 74 46 0 74 52 0 74 42 0 74 44 0 99979 1083750 107217 7398 958750 6706
24017.599913 117942 500 500 500 500 74 46 0 74 52 0 74 42 0 74 44 0 101016 1083750 109383 7398 958750 6706
24017.799912 117943 500 500 500 500 74 46 0 74 52 0 74 42 0 74 44 0 101016 1083750 109383 7398 958750 6706
24017.999912 117944 500 500 500 500 74 46 0 74 52 0 74 42 0 74 44 0 99979 1083750 107217 7398 958750 6706
24018.199912 117945 500 500 500 500 74 46 0 74 52 0 74 42 0 74 44 0 100223 1083750 108300 7398 958750 6706
24018.399894 117946 500 500 500 500 74 46 0 74 52 0 74 42 0 74 44 0 100223 1083750 108300 7398 958750 6706
24018.599912 117947 500 500 500 500 74 46 0 74 52 0 74 42 0 74 44 0 100223 1083750 108300 7398 958750 6706
24018.799911 117948 500 500 500 500 74 46 0 74 52 0 74 42 0 74 44 0 100772 1083750 108300 7398 958750 6706
24018.999912 117949 500 500 500 500 74 46 0 74 52 0 74 42 0 74 44 0 101016 1083750 109383 7398 958750 6706
24019.199914 117950 500 500 500 500 74 46 0 74 52 0 74 42 0 74 44 0 100467 1083750 108300 7398 958750 6706
24019.399894 117951 500 500 500 500 74 46 0 74 52 0 74 42 0 74 44 0 100467 1083750 108300 7398 958750 6706
24019.599912 117952 500 500 500 500 74 46 0 74 52 0 74 42 0 74 44 0 100772 1083750 108300 7398 958750 6706
24019.799938 117953 500 500 500 500 74 46 0 74 52 0 74 42 0 74 44 0 100772 1083750 108300 7398 958750 6706
24019.999911 117954 500 500 500 500 74 46 0 74 52 0 74 42 0 74 44 0 100223 1083750 108300 7398 958750 6706
24020.199912 117955 500 500 500 500 74 46 0 74 52 0 74 42 0 74 44 0 100223 1083750 108300 7398 958750 6706
24020.399897 117956 500 500 500 500 74 46 0 74 52 0 74 42 0 74 44 0 100467 1083750 108300 7398 958750 6706
24020.599907 117957 500 500 500 500 74 46 0 74 52 0 74 42 0 74 44 0 100772 1083750 108300 7398 958750 6706
24020.799907 117958 500 500 500 500 74 46 0 74 52 0 74 42 0 74 44 0 102724 1083750 110466 7398 958750 6706
24020.999895 117959 500 500 500 500 74 46 0 74 52 0 74 42 0 74 44 0 102724 1083750 110466 7398 958750 6706
24021.199912 117960 500 500 500 500 74 46 0 74 52 0 74 42 0 74 44 0 100772 1083750 108300 7398 958750 6706
24021.399895 117961 500 500 500 500 74 46 0 74 52 0 74 42 0 74 44 0 100772 1083750 108300 7398 958750 6706
24021.599913 117962 500 500 500 500 74 46 0 74 52 0 74 42 0 74 44 0 100467 1083750 108300 7398 958750 6706
24021.800403 117963 500 500 500 500 74 46 0 74 52 0 74 42 0 74 44 0 99979 1083750 107217 7398 958750 6706
24021.999906 117964 500 500 500 500 74 46 0 74 52 0 74 42 0 74 44 0 99979 1083750 107217 7398 958750 6706
24022.199914 117965 500 500 500 500 74 46 0 74 52 0 74 42 0 74 44 0 100467 1083750 108300 7398 958750 6706
24022.399916 117966 500 500 500 500 74 46 0 74 52 0 74 42 0 74 44 0 101260 1083750 109383 7398 958750 6706
24022.599913 117967 500 500 500 500 74 46 0 74 52 0 74 42 0 74 44 0 51972 1085000 55335 7398 958750 6706
24022.799912 117968 500 500 500 500 74 46 0 74 52 0 74 42 0 74 44 0 51972 1085000 55335 7398 958750 6706
24022.999913 117969 500 500 500 500 74 46 0 74 52 0 74 42 0 74 44 0 17019 1085000 18445 7398 958750 6706
24023.199912 117970 500 500 500 500 74 46 0 74 52 0 74 42 0 74 44 0 16775 1085000 17360 7398 958750 6706
24023.399894 117971 500 500 500 500 74 46 0 74 52 0 74 42 0 74 44 0 16226 1085000 17360 7398 958750 6706
24023.599911 117972 500 500 500 500 74 46 0 74 52 0 74 42 0 74 44 0 16226 1085000 17360 7398 958750 6706
24023.799912 117973 500 500 500 500 74 46 0 74 52 0 74 42 0 74 44 0 16226 1086250 17376 7398 958750 6706
24023.999911 117974 500 500 500 500 74 46 0 74 52 0 74 42 0 74 44 0 16775 1085000 17360 7398 958750 6706
24024.199912 117975 500 500 500 500 74 46 0 74 52 0 74 42 0 74 44 0 16775 1085000 17360 7398 958750 6706
24024.399893 117976 500 500 500 500 74 46 0 74 52 0 74 42 0 74 44 0 16775 1085000 17360 7398 958750 6706
24024.599911 117977 500 500 500 500 74 46 0 74 52 0 74 42 0 74 44 0 16775 1085000 17360 7398 958750 6706
24024.799911 117978 500 500 500 500 74 46 0 74 52 0 74 42 0 74 44 0 16470 1085000 17360 7398 958750 6706
24024.999895 117979 500 500 500 500 73 46 0 73 52 0 73 42 0 73 44 0 16226 1085000 17360 7398 958750 6706
