 4948.493833 24222 1400 1400 1400 1400 74 46 0 74 52 0 74 42 0 74 44 0 15006 1210000 18150 67404 1095000 73365
 4948.693807 24223 1400 1400 1400 1400 74 46 0 74 52 0 74 42 0 74 44 0 15250 1210000 18150 69596 1095000 75555
 4948.893807 24224 1400 1400 1400 1400 74 46 0 74 52 0 74 42 0 74 44 0 15006 1210000 18150 73432 1095000 79935
 4949.093807 24225 1400 1400 1400 1400 73 46 0 73 52 0 73 42 0 73 44 0 15006 1210000 18150 70692 1095000 76650
 4949.293807 24226 1400 1400 1400 1400 73 46 0 73 52 0 73 42 0 73 44 0 15006 1210000 18150 70692 1095000 76650
 4949.493946 24227 1400 1400 1400 1400 73 46 0 73 52 0 73 42 0 73 44 0 14762 1210000 16940 75350 1095000 82125
 4949.693804 24228 1400 1400 1400 1400 73 46 0 73 52 0 73 42 0 73 44 0 15006 1210000 18150 67130 1095000 73365
 4949.893804 24229 1400 1400 1400 1400 73 46 0 73 52 0 73 42 0 73 44 0 15006 1210000 18150 285782 1096250 312360
 4950.093739 24230 1400 1400 1400 1400 73 46 0 73 52 0 73 42 0 73 44 0 15250 1210000 18150 70144 1095000 76650
 4950.293777 24231 1400 1400 1400 1400 73 46 0 73 52 0 73 42 0 73 44 0 15250 1210000 18150 70144 1095000 76650
 4950.498850 24232 1400 1400 1400 1400 73 46 0 73 52 0 73 42 0 73 44 0 14762 1210000 16940 68774 1095000 74460
 4950.698750 24233 1400 1400 1400 1400 73 46 0 73 52 0 73 42 0 73 44 0 14762 1210000 16940 688014 1098750 755424
 4950.898902 24234 1400 1400 1400 1400 73 46 0 73 52 0 73 42 0 73 44 0 14762 1208750 16912 1086410 1100000 1194600
 4951.098785 24235 1400 1400 1400 1400 76 46 0 76 52 0 76 42 0 76 44 0 14762 1208750 16912 1086410 1100000 1194600
 4951.298807 24236 1400 1400 1400 1400 76 46 0 76 52 0 76 42 0 76 44 0 14762 1208750 16912 922284 1098750 1012356
 4951.498824 24237 1400 1400 1400 1400 76 46 0 76 52 0 76 42 0 76 44 0 14762 1210000 16940 839810 1098750 921222
 4951.698843 24238 1400 1400 1400 1400 76 46 0 76 52 0 76 42 0 76 44 0 15006 1210000 18150 1057914 1100000 1162700
 4951.898976 24239 1300 1300 1300 1300 76 46 0 76 52 0 76 42 0 76 44 0 15006 1210000 18150 1057914 1100000 1162700
 4952.098859 24240 1300 1300 1300 1300 76 46 0 76 52 0 76 42 0 76 44 0 15006 1208750 18120 814054 1092500 888888
 4952.298864 24241 1300 1300 1300 1300 76 46 0 76 52 0 76 42 0 76 44 0 15006 1210000 18150 278932 1058750 294124
 4952.498860 24242 1300 1300 1300 1300 76 46 0 76 52 0 76 42 0 76 44 0 14762 1210000 16940 118642 1057500 124726
 4952.698861 24243 1300 1300 1300 1300 76 46 0 76 52 0 76 42 0 76 44 0 14762 1210000 16940 118642 1057500 124726
 4952.898828 24244 1300 1300 1300 1300 76 46 0 76 52 0 76 42 0 76 44 0 15006 1210000 18150 65212 1057500 68705
 4953.098841 24245 1300 1300 1300 1300 77 46 0 77 52 0 77 42 0 77 44 0 15006 1210000 18150 278658 1058750 294124
 4953.298903 24246 1300 1300 1300 1300 77 46 0 77 52 0 77 42 0 77 44 0 15006 1208750 18120 963110 1061250 1021743
 4953.498964 24247 1300 1300 1300 1300 77 46 0 77 52 0 77 42 0 77 44 0 15006 1208750 18120 963110 1061250 1021743
 4953.698823 24248 1300 1300 1300 1300 77 46 0 77 52 0 77 42 0 77 44 0 14762 1210000 16940 898446 1061250 952778
 4953.898820 24249 1300 1300 1300 1300 77 46 0 77 52 0 77 42 0 77 44 0 15006 1208750 18120 895980 1061250 949595
 4954.098832 24250 1300 1300 1300 1300 75 46 0 75 52 0 75 42 0 75 44 0 15006 1208750 18120 993798 1062500 1054566
 4954.298827 24251 1300 1300 1300 1300 75 46 0 75 52 0 75 42 0 75 44 0 15006 1208750 18120 993798 1062500 1054566
 4954.498830 24252 1300 1300 1300 1300 75 46 0 75 52 0 75 42 0 75 44 0 14762 1208750 16912 1000648 1062500 1062000
 4954.698828 24253 1300 1300 1300 1300 75 46 0 75 52 0 75 42 0 75 44 0 15006 1208750 18120 997360 1062500 1058814
 4954.898830 24254 1300 1300 1300 1300 75 46 0 75 52 0 75 42 0 75 44 0 14762 1208750 16912 996812 1062500 1057752
 4955.098829 24255 1300 1300 1300 1300 75 46 0 75 52 0 75 42 0 75 44 0 14762 1208750 16912 996812 1062500 1057752
 4955.298819 24256 1300 1300 1300 1300 75 46 0 75 52 0 75 42 0 75 44 0 15006 1208750 18120 1032980 1062500 1095984
 4955.498829 24257 1300 1300 1300 1300 75 46 0 75 52 0 75 42 0 75 44 0 15006 1208750 18120 1001744 1062500 1063062
 4955.698824 24258 1300 1300 1300 1300 75 46 0 75 52 0 75 42 0 75 44 0 14762 1208750 16912 994620 1062500 1055628
 4955.898760 24259 1300 1300 1300 1300 75 46 0 75 52 0 75 42 0 75 44 0 15006 1208750 18120 992428 1062500 1053504
 4956.098868 24260 1300 1300 1300 1300 75 46 0 75 52 0 75 42 0 75 44 0 15006 1208750 18120 992428 1062500 1053504
 4956.298876 24261 1300 1300 1300 1300 75 46 0 75 52 0 75 42 0 75 44 0 14762 1208750 16912 995442 1062500 1056690
 4956.498829 24262 1300 1300 1300 1300 75 46 0 75 52 0 75 42 0 75 44 0 15006 1208750 18120 997908 1062500 1058814
 4956.698828 24263 1300 1300 1300 1300 75 46 0 75 52 0 75 42 0 75 44 0 15006 1208750 18120 996812 1062500 1057752
 4956.898783 24264 1300 1300 1300 1300 75 46 0 75 52 0 75 42 0 75 44 0 15006 1208750 18120 996812 1062500 1057752
 4957.098821 24265 1300 1300 1300 1300 76 46 0 76 52 0 76 42 0 76 44 0 15006 1208750 18120 999278 1062500 1060938
 4957.298828 24266 1300 1300 1300 1300 76 46 0 76 52 0 76 42 0 76 44 0 15006 1208750 18120 1126688 1063750 1196938
 4957.498829 24267 1300 1300 1300 1300 76 46 0 76 52 0 76 42 0 76 44 0 14762 1208750 16912 994620 1062500 1055628
 4957.698829 24268 1300 1300 1300 1300 75 46 0 75 52 0 75 42 0 75 44 0 14762 1208750 16912 994620 1062500 1055628
 4957.898828 24269 1300 1300 1300 1300 75 46 0 75 52 0 75 42 0 75 44 0 15006 1208750 18120 995716 1062500 1056690
 4958.098824 24270 1300 1300 1300 1300 76 46 0 76 52 0 76 42 0 76 44 0 15006 1208750 18120 998456 1062500 1059876
 4958.298828 24271 1300 1300 1300 1300 76 46 0 76 52 0 76 42 0 76 44 0 15006 1208750 18120 996538 1062500 1057752
 4958.498829 24272 1300 1300 1300 1300 76 46 0 76 52 0 76 42 0 76 44 0 15006 1208750 18120 996538 1062500 1057752
 4958.698829 24273 1300 1300 1300 1300 76 46 0 76 52 0 76 42 0 76 44 0 15006 1208750 18120 998182 1062500 1059876
 4958.898829 24274 1300 1300 1300 1300 76 46 0 76 52 0 76 42 0 76 44 0 14762 1208750 16912 998456 1062500 1059876
 4959.098828 24275 1300 1300 1300 1300 76 46 0 76 52 0 76 42 0 76 44 0 15006 1208750 18120 995168 1062500 1056690
 4959.298828 24276 1300 1300 1300 1300 76 46 0 76 52 0 76 42 0 76 44 0 15006 1208750 18120 995168 1062500 1056690
 4959.498828 24277 1300 1300 1300 1300 76 46 0 76 52 0 76 42 0 76 44 0 15006 1208750 18120 997360 1062500 1058814
 4959.698828 24278 1300 1300 1300 1300 76 46 0 76 52 0 76 42 0 76 44 0 15006 1208750 18120 996538 1062500 1057752
 4959.898828 24279 1300 1300 1300 1300 76 46 0 76 52 0 76 42 0 76 44 0 15250 1208750 18120 997086 1062500 1058814
 4960.098871 24280 1300 1300 1300 1300 76 46 0 76 52 0 76 42 0 76 44 0 15250 1208750 18120 997086 1062500 1058814
 4960.298870 24281 1300 1300 1300 1300 76 46 0 76 52 0 76 42 0 76 44 0 15250 1208750 18120 999004 1062500 1060938
 4960.498871 24282 1300 1300 1300 1300 76 46 0 76 52 0 76 42 0 76 44 0 15006 1208750 18120 999552 1062500 1060938
 4960.698871 24283 1300 1300 1300 1300 76 46 0 76 52 0 76 42 0 76 44 0 14762 1208750 16912 1000648 1062500 1062000
 4960.898871 24284 1300 1300 1300 1300 76 46 0 76 52 0 76 42 0 76 44 0 14762 1208750 16912 1000648 1062500 1062000
 4961.098882 24285 1300 1300 1300 1300 76 46 0 76 52 0 76 42 0 76 44 0 15006 1208750 18120 998730 1062500 1059876
 4961.298827 24286 1300 1300 1300 1300 76 46 0 76 52 0 76 42 0 76 44 0 15250 1208750 18120 999552 1062500 1060938
 4961.498828 24287 1300 1300 1300 1300 76 46 0 76 52 0 76 42 0 76 44 0 15006 1208750 18120 995990 1062500 1056690
 4961.698811 24288 1300 1300 1300 1300 76 46 0 76 52 0 76 42 0 76 44 0 15006 1208750 18120 995990 1062500 1056690
 4961.898827 24289 1300 1300 1300 1300 76 46 0 76 52 0 76 42 0 76 44 0 15250 1210000 18150 995442 1062500 1056690
 4962.098828 24290 1300 1300 1300 1300 76 46 0 76 52 0 76 42 0 76 44 0 15006 1208750 18120 998182 1062500 1059876
 4962.298828 24291 1300 1300 1300 1300 76 46 0 76 52 0 76 42 0 76 44 0 15006 1210000 18150 996812 1062500 1057752
 4962.498808 24292 1300 1300 1300 1300 76 46 0 76 52 0 76 42 0 76 44 0 15006 1208750 18120 999004 1062500 1060938
 4962.698829 24293 1300 1300 1300 1300 76 46 0 76 52 0 76 42 0 76 44 0 15006 1208750 18120 999004 1062500 1060938
 4962.898828 24294 1300 1300 1300 1300 76 46 0 76 52 0 76 42 0 76 44 0 15006 1208750 18120 999552 1062500 1060938
 4963.098828 24295 1300 1300 1300 1300 76 46 0 76 52 0 76 42 0 76 44 0 15006 1208750 18120 996538 1062500 1057752
 4963.298829 24296 1300 1300 1300 1300 76 46 0 76 52 0 76 42 0 76 44 0 15250 1210000 18150 997086 1062500 1058814
 4963.498828 24297 1300 1300 1300 1300 76 46 0 76 52 0 76 42 0 76 44 0 15250 1210000 18150 997086 1062500 1058814
 4963.698828 24298 1300 1300 1300 1300 76 46 0 76 52 0 76 42 0 76 44 0 15250 1208750 18120 997908 1062500 1058814
 4963.898825 24299 1300 1300 1300 1300 76 46 0 76 52 0 76 42 0 76 44 0 15250 1210000 18150 998182 1062500 1059876
 4964.098866 24300 1300 1300 1300 1300 76 46 0 76 52 0 76 42 0 76 44 0 15006 1208750 18120 1000374 1062500 1062000
 4964.298880 24301 1300 1300 1300 1300 76 46 0 76 52 0 76 42 0 76 44 0 15006 1208750 18120 1000374 1062500 1062000
 4964.498828 24302 1300 1300 1300 1300 76 46 0 76 52 0 76 42 0 76 44 0 15006 1210000 18150 1005032 1062500 1067310
 4964.698828 24303 1300 1300 1300 1300 76 46 0 76 52 0 76 42 0 76 44 0 15250 1208750 18120 1000100 1062500 1062000
 4964.898829 24304 1300 1300 1300 1300 76 46 0 76 52 0 76 42 0 76 44 0 15006 1210000 18150 1000648 1062500 1062000
 4965.098828 24305 1300 1300 1300 1300 76 46 0 76 52 0 76 42 0 76 44 0 15006 1210000 18150 1000648 1062500 1062000
 4965.298827 24306 1300 1300 1300 1300 76 46 0 76 52 0 76 42 0 76 44 0 15250 1210000 18150 999552 1062500 1060938
 4965.498828 24307 1300 1300 1300 1300 76 46 0 76 52 0 76 42 0 76 44 0 15006 1210000 18150 998730 1062500 1059876
 4965.698829 24308 1300 1300 1300 1300 76 46 0 76 52 0 76 42 0 76 44 0 15250 1208750 18120 1003114 1062500 1065186
 4965.898827 24309 1300 1300 1300 1300 76 46 0 76 52 0 76 42 0 76 44 0 15250 1208750 18120 1003114 1062500 1065186
 4966.098829 24310 1300 1300 1300 1300 76 46 0 76 52 0 76 42 0 76 44 0 15250 1208750 18120 1002018 1062500 1064124
 4966.298824 24311 1300 1300 1300 1300 76 46 0 76 52 0 76 42 0 76 44 0 15006 1208750 18120 1003388 1062500 1065186
 4966.498829 24312 1300 1300 1300 1300 76 46 0 76 52 0 76 42 0 76 44 0 14762 1208750 16912 1002018 1062500 1064124
 4966.698828 24313 1300 1300 1300 1300 76 46 0 76 52 0 76 42 0 76 44 0 14762 1208750 16912 1002018 1062500 1064124
 4966.898828 24314 1300 1300 1300 1300 76 46 0 76 52 0 76 42 0 76 44 0 15250 1208750 18120 997360 1062500 1058814
 4967.098829 24315 1300 1300 1300 1300 76 46 0 76 52 0 76 42 0 76 44 0 15250 1208750 18120 997360 1062500 1058814
 4967.298828 24316 1300 1300 1300 1300 76 46 0 76 52 0 76 42 0 76 44 0 15006 1210000 18150 998730 1062500 1059876
 4967.498829 24317 1300 1300 1300 1300 76 46 0 76 52 0 76 42 0 76 44 0 15006 1210000 18150 998730 1062500 1059876
 4967.698848 24318 1300 1300 1300 1300 76 46 0 76 52 0 76 42 0 76 44 0 15006 1210000 18150 999004 1062500 1060938
 4967.898827 24319 1300 1300 1300 1300 76 46 0 76 52 0 76 42 0 76 44 0 15250 1208750 18120 1001196 1062500 1063062
 4968.098872 24320 1300 1300 1300 1300 76 46 0 76 52 0 76 42 0 76 44 0 15250 1210000 18150 1000374 1062500 1062000
 4968.298811 24321 1300 1300 1300 1300 76 46 0 76 52 0 76 42 0 76 44 0 15250 1210000 18150 1000374 1062500 1062000
 4968.498828 24322 1300 1300 1300 1300 76 46 0 76 52 0 76 42 0 76 44 0 15250 1208750 18120 1000374 1062500 1062000
 4968.698824 24323 1300 1300 1300 1300 76 46 0 76 52 0 76 42 0 76 44 0 15250 1210000 18150 1001196 1062500 1063062
 4968.898829 24324 1300 1300 1300 1300 76 46 0 76 52 0 76 42 0 76 44 0 15250 1208750 18120 997634 1062500 1058814
 4969.098828 24325 1300 1300 1300 1300 76 46 0 76 52 0 76 42 0 76 44 0 15006 1208750 18120 996812 1062500 1057752
 4969.298828 24326 1300 1300 1300 1300 76 46 0 76 52 0 76 42 0 76 44 0 15006 1208750 18120 996812 1062500 1057752
 4969.498829 24327 1300 1300 1300 1300 76 46 0 76 52 0 76 42 0 76 44 0 15250 1208750 18120 998456 1062500 1059876
 4969.698829 24328 1300 1300 1300 1300 76 46 0 76 52 0 76 42 0 76 44 0 15250 1208750 18120 998730 1062500 1059876
 4969.898829 24329 1300 1300 1300 1300 76 46 0 76 52 0 76 42 0 76 44 0 15006 1210000 18150 999004 1062500 1060938
 4970.098828 24330 1300 1300 1300 1300 76 46 0 76 52 0 76 42 0 76 44 0 15006 1210000 18150 999004 1062500 1060938
 4970.298828 24331 1300 1300 1300 1300 76 46 0 76 52 0 76 42 0 76 44 0 15250 1210000 18150 998182 1062500 1059876
 4970.498829 24332 1300 1300 1300 1300 76 46 0 76 52 0 76 42 0 76 44 0 15494 1210000 18150 997086 1062500 1058814
 4970.698828 24333 1300 1300 1300 1300 76 46 0 76 52 0 76 42 0 76 44 0 15006 1210000 18150 998182 1062500 1059876
 4970.898827 24334 1300 1300 1300 1300 76 46 0 76 52 0 76 42 0 76 44 0 15006 1210000 18150 998182 1062500 1059876
 4971.098825 24335 1300 1300 1300 1300 76 46 0 76 52 0 76 42 0 76 44 0 15250 1208750 18120 998182 1062500 1059876
 4971.298828 24336 1300 1300 1300 1300 76 46 0 76 52 0 76 42 0 76 44 0 15006 1210000 18150 1002018 1062500 1064124
 4971.498829 24337 1300 1300 1300 1300 76 46 0 76 52 0 76 42 0 76 44 0 15006 1208750 18120 1002840 1062500 1064124
 4971.698827 24338 1300 1300 1300 1300 76 46 0 76 52 0 76 42 0 76 44 0 15006 1208750 18120 1002840 1062500 1064124
 4971.898828 24339 1300 1300 1300 1300 76 46 0 76 52 0 76 42 0 76 44 0 15494 1208750 18120 1003114 1062500 1065186
 4972.098869 24340 1300 1300 1300 1300 77 46 0 77 52 0 77 42 0 77 44 0 15250 1208750 18120 1001470 1062500 1063062
 4972.298870 24341 1300 1300 1300 1300 77 46 0 77 52 0 77 42 0 77 44 0 15006 1208750 18120 997360 1062500 1058814
 4972.498869 24342 1300 1300 1300 1300 77 46 0 77 52 0 77 42 0 77 44 0 15006 1208750 18120 997360 1062500 1058814
 4972.698868 24343 1300 1300 1300 1300 77 46 0 77 52 0 77 42 0 77 44 0 15250 1208750 18120 997086 1062500 1058814
 4972.898867 24344 1300 1300 1300 1300 77 46 0 77 52 0 77 42 0 77 44 0 15250 1208750 18120 998456 1062500 1059876
 4973.098882 24345 1300 1300 1300 1300 77 46 0 77 52 0 77 42 0 77 44 0 15006 1210000 18150 999552 1062500 1060938
 4973.298828 24346 1300 1300 1300 1300 77 46 0 77 52 0 77 42 0 77 44 0 15006 1210000 18150 999552 1062500 1060938
 4973.498828 24347 1300 1300 1300 1300 77 46 0 77 52 0 77 42 0 77 44 0 15006 1208750 18120 1000648 1062500 1062000
 4973.698829 24348 1300 1300 1300 1300 77 46 0 77 52 0 77 42 0 77 44 0 15006 1210000 18150 1001744 1062500 1063062
 4973.898829 24349 1300 1300 1300 1300 77 46 0 77 52 0 77 42 0 77 44 0 15250 1210000 18150 1001744 1062500 1063062
 4974.098828 24350 1300 1300 1300 1300 77 46 0 77 52 0 77 42 0 77 44 0 15250 1210000 18150 1001744 1062500 1063062
 4974.298828 24351 1300 1300 1300 1300 77 46 0 77 52 0 77 42 0 77 44 0 15250 1208750 18120 999004 1062500 1060938
 4974.498825 24352 1300 1300 1300 1300 77 46 0 77 52 0 77 42 0 77 44 0 14762 1208750 16912 1002292 1062500 1064124
 4974.698828 24353 1300 1300 1300 1300 77 46 0 77 52 0 77 42 0 77 44 0 15250 1208750 18120 1002292 1062500 1064124
 4974.898808 24354 1300 1300 1300 1300 77 46 0 77 52 0 77 42 0 77 44 0 15006 1208750 18120 1002292 1062500 1064124
 4975.098828 24355 1300 1300 1300 1300 77 46 0 77 52 0 77 42 0 77 44 0 15006 1208750 18120 1002292 1062500 1064124
 4975.298827 24356 1300 1300 1300 1300 77 46 0 77 52 0 77 42 0 77 44 0 15006 1210000 18150 1005032 1062500 1067310
 4975.498829 24357 1300 1300 1300 1300 77 46 0 77 52 0 77 42 0 77 44 0 15250 1210000 18150 1003936 1062500 1065186
 4975.698829 24358 1300 1300 1300 1300 77 46 0 77 52 0 77 42 0 77 44 0 15250 1210000 18150 1002018 1062500 1064124
 4975.898828 24359 1300 1300 1300 1300 77 46 0 77 52 0 77 42 0 77 44 0 15250 1210000 18150 1002018 1062500 1064124
 4976.098865 24360 1300 1300 1300 1300 77 46 0 77 52 0 77 42 0 77 44 0 15250 1210000 18150 997634 1062500 1058814
 4976.298872 24361 1300 1300 1300 1300 77 46 0 77 52 0 77 42 0 77 44 0 15006 1208750 18120 998730 1062500 1059876
 4976.498871 24362 1300 1300 1300 1300 77 46 0 77 52 0 77 42 0 77 44 0 15250 1208750 18120 1000374 1062500 1062000
 4976.698871 24363 1300 1300 1300 1300 77 46 0 77 52 0 77 42 0 77 44 0 15250 1208750 18120 1000374 1062500 1062000
 4976.898869 24364 1300 1300 1300 1300 77 46 0 77 52 0 77 42 0 77 44 0 15250 1208750 18120 996538 1062500 1057752
 4977.098891 24365 1300 1300 1300 1300 77 46 0 77 52 0 77 42 0 77 44 0 15250 1208750 18120 999278 1062500 1060938
 4977.298868 24366 1300 1300 1300 1300 77 46 0 77 52 0 77 42 0 77 44 0 15250 1208750 18120 999004 1062500 1060938
 4977.498870 24367 1300 1300 1300 1300 77 46 0 77 52 0 77 42 0 77 44 0 15250 1208750 18120 999004 1062500 1060938
 4977.698871 24368 1300 1300 1300 1300 77 46 0 77 52 0 77 42 0 77 44 0 15250 1208750 18120 999004 1062500 1060938
 4977.898869 24369 1300 1300 1300 1300 77 46 0 77 52 0 77 42 0 77 44 0 15250 1208750 18120 997086 1062500 1058814
 4978.098880 24370 1300 1300 1300 1300 77 46 0 77 52 0 77 42 0 77 44 0 15250 1208750 18120 997086 1062500 1058814
 4978.298867 24371 1300 1300 1300 1300 77 46 0 77 52 0 77 42 0 77 44 0 15250 1208750 18120 997086 1062500 1058814
 4978.498870 24372 1300 1300 1300 1300 77 46 0 77 52 0 77 42 0 77 44 0 15250 1208750 18120 996538 1062500 1057752
 4978.698869 24373 1300 1300 1300 1300 77 46 0 77 52 0 77 42 0 77 44 0 15250 1208750 18120 996538 1062500 1057752
 4978.898871 24374 1300 1300 1300 1300 77 46 0 77 52 0 77 42 0 77 44 0 15494 1208750 18120 999552 1062500 1060938
 4979.098882 24375 1300 1300 1300 1300 77 46 0 77 52 0 77 42 0 77 44 0 15494 1208750 18120 999552 1062500 1060938
 4979.298869 24376 1300 1300 1300 1300 77 46 0 77 52 0 77 42 0 77 44 0 15250 1210000 18150 999552 1062500 1060938
 4979.498869 24377 1300 1300 1300 1300 77 46 0 77 52 0 77 42 0 77 44 0 15250 1210000 18150 999552 1062500 1060938
 4979.698872 24378 1300 1300 1300 1300 77 46 0 77 52 0 77 42 0 77 44 0 15250 1208750 18120 997908 1062500 1058814
 4979.898868 24379 1300 1300 1300 1300 77 46 0 77 52 0 77 42 0 77 44 0 15250 1208750 18120 997908 1062500 1058814
 4980.098888 24380 1300 1300 1300 1300 77 46 0 77 52 0 77 42 0 77 44 0 15250 1208750 18120 1000922 1062500 1062000
 4980.298827 24381 1300 1300 1300 1300 77 46 0 77 52 0 77 42 0 77 44 0 15250 1208750 18120 1010786 1062500 1072620
 4980.498829 24382 1300 1300 1300 1300 77 46 0 77 52 0 77 42 0 77 44 0 15250 1210000 18150 1002566 1062500 1064124
 4980.698811 24383 1300 1300 1300 1300 77 46 0 77 52 0 77 42 0 77 44 0 15250 1210000 18150 1002566 1062500 1064124
 4980.898828 24384 1300 1300 1300 1300 77 46 0 77 52 0 77 42 0 77 44 0 15250 1208750 18120 1006402 1062500 1068372
 4981.098828 24385 1300 1300 1300 1300 77 46 0 77 52 0 77 42 0 77 44 0 15250 1210000 18150 1004484 1062500 1066248
 4981.298828 24386 1300 1300 1300 1300 77 46 0 77 52 0 77 42 0 77 44 0 15494 1208750 18120 1004210 1062500 1066248
 4981.498804 24387 1300 1300 1300 1300 77 46 0 77 52 0 77 42 0 77 44 0 15250 1210000 18150 1003936 1062500 1065186
 4981.698828 24388 1300 1300 1300 1300 77 46 0 77 52 0 77 42 0 77 44 0 15250 1210000 18150 1003936 1062500 1065186
 4981.898827 24389 1300 1300 1300 1300 77 46 0 77 52 0 77 42 0 77 44 0 15250 1208750 18120 1000648 1062500 1062000
 4982.098838 24390 1300 1300 1300 1300 77 46 0 77 52 0 77 42 0 77 44 0 15006 1210000 18150 999826 1062500 1060938
 4982.298828 24391 1300 1300 1300 1300 77 46 0 77 52 0 77 42 0 77 44 0 15250 1208750 18120 999826 1062500 1060938
 4982.498828 24392 1300 1300 1300 1300 77 46 0 77 52 0 77 42 0 77 44 0 15250 1208750 18120 999826 1062500 1060938
 4982.698823 24393 1300 1300 1300 1300 77 46 0 77 52 0 77 42 0 77 44 0 15250 1208750 18120 1000922 1062500 1062000
 4982.898828 24394 1300 1300 1300 1300 77 46 0 77 52 0 77 42 0 77 44 0 15006 1208750 18120 1002018 1062500 1064124
 4983.098829 24395 1300 1300 1300 1300 77 46 0 77 52 0 77 42 0 77 44 0 15250 1210000 18150 1001744 1062500 1063062
 4983.298828 24396 1300 1300 1300 1300 77 46 0 77 52 0 77 42 0 77 44 0 15250 1210000 18150 1001744 1062500 1063062
 4983.498830 24397 1300 1300 1300 1300 77 46 0 77 52 0 77 42 0 77 44 0 15250 1210000 18150 1003662 1062500 1065186
 4983.698827 24398 1300 1300 1300 1300 77 46 0 77 52 0 77 42 0 77 44 0 15250 1210000 18150 999278 1062500 1060938
 4983.898828 24399 1300 1300 1300 1300 77 46 0 77 52 0 77 42 0 77 44 0 15250 1210000 18150 998730 1062500 1059876
 4984.098867 24400 1300 1300 1300 1300 77 46 0 77 52 0 77 42 0 77 44 0 15250 1210000 18150 998730 1062500 1059876
 4984.298871 24401 1300 1300 1300 1300 77 46 0 77 52 0 77 42 0 77 44 0 15250 1210000 18150 997908 1062500 1058814
 4984.498870 24402 1300 1300 1300 1300 77 46 0 77 52 0 77 42 0 77 44 0 15250 1210000 18150 1000374 1062500 1062000
 4984.698871 24403 1300 1300 1300 1300 77 46 0 77 52 0 77 42 0 77 44 0 15006 1210000 18150 1000648 1062500 1062000
 4984.898871 24404 1300 1300 1300 1300 77 46 0 77 52 0 77 42 0 77 44 0 15006 1210000 18150 1000648 1062500 1062000
 4985.098882 24405 1300 1300 1300 1300 77 46 0 77 52 0 77 42 0 77 44 0 15006 1208750 18120 1040652 1062500 1104480
 4985.298827 24406 1300 1300 1300 1300 77 46 0 77 52 0 77 42 0 77 44 0 15250 1210000 18150 1011060 1062500 1073682
 4985.498829 24407 1300 1300 1300 1300 77 46 0 77 52 0 77 42 0 77 44 0 15250 1210000 18150 999826 1062500 1060938
 4985.698828 24408 1300 1300 1300 1300 77 46 0 77 52 0 77 42 0 77 44 0 15250 1210000 18150 999826 1062500 1060938
 4985.898828 24409 1300 1300 1300 1300 77 46 0 77 52 0 77 42 0 77 44 0 15250 1208750 18120 999826 1062500 1060938
 4986.098828 24410 1300 1300 1300 1300 77 46 0 77 52 0 77 42 0 77 44 0 15250 1210000 18150 999826 1062500 1060938
 4986.298828 24411 1300 1300 1300 1300 77 46 0 77 52 0 77 42 0 77 44 0 15250 1208750 18120 1003388 1062500 1065186
 4986.498828 24412 1300 1300 1300 1300 77 46 0 77 52 0 77 42 0 77 44 0 15250 1208750 18120 1003388 1062500 1065186
 4986.698828 24413 1300 1300 1300 1300 77 46 0 77 52 0 77 42 0 77 44 0 15006 1208750 18120 1002840 1062500 1064124
 4986.898828 24414 1300 1300 1300 1300 77 46 0 77 52 0 77 42 0 77 44 0 15250 1210000 18150 1003662 1062500 1065186
 4987.098828 24415 1300 1300 1300 1300 77 46 0 77 52 0 77 42 0 77 44 0 15006 1210000 18150 1003388 1062500 1065186
 4987.298747 24416 1300 1300 1300 1300 77 46 0 77 52 0 77 42 0 77 44 0 15006 1210000 18150 999004 1062500 1060938
 4987.498824 24417 1300 1300 1300 1300 77 46 0 77 52 0 77 42 0 77 44 0 15494 1208750 18120 999004 1062500 1060938
 4987.698828 24418 1300 1300 1300 1300 77 46 0 77 52 0 77 42 0 77 44 0 15250 1210000 18150 1000648 1062500 1062000
 4987.898828 24419 1300 1300 1300 1300 77 46 0 77 52 0 77 42 0 77 44 0 15006 1208750 18120 997086 1062500 1058814
 4988.098867 24420 1300 1300 1300 1300 77 46 0 77 52 0 77 42 0 77 44 0 15006 1210000 18150 999826 1062500 1060938
 4988.298882 24421 1300 1300 1300 1300 77 46 0 77 52 0 77 42 0 77 44 0 15006 1210000 18150 999826 1062500 1060938
 4988.498828 24422 1300 1300 1300 1300 77 46 0 77 52 0 77 42 0 77 44 0 15250 1208750 18120 1000374 1062500 1062000
 4988.698828 24423 1300 1300 1300 1300 77 46 0 77 52 0 77 42 0 77 44 0 15250 1210000 18150 1000648 1062500 1062000
 4988.898828 24424 1300 1300 1300 1300 77 46 0 77 52 0 77 42 0 77 44 0 15250 1208750 18120 999552 1062500 1060938
 4989.098828 24425 1300 1300 1300 1300 77 46 0 77 52 0 77 42 0 77 44 0 15250 1208750 18120 999552 1062500 1060938
 4989.298828 24426 1300 1300 1300 1300 77 46 0 77 52 0 77 42 0 77 44 0 15006 1208750 18120 996538 1062500 1057752
 4989.498829 24427 1300 1300 1300 1300 77 46 0 77 52 0 77 42 0 77 44 0 15250 1208750 18120 995442 1062500 1056690
 4989.698824 24428 1300 1300 1300 1300 77 46 0 77 52 0 77 42 0 77 44 0 15006 1210000 18150 998456 1062500 1059876
 4989.898828 24429 1300 1300 1300 1300 77 46 0 77 52 0 77 42 0 77 44 0 15006 1210000 18150 998456 1062500 1059876
 4990.098828 24430 1300 1300 1300 1300 77 46 0 77 52 0 77 42 0 77 44 0 15250 1208750 18120 1011334 1062500 1073682
 4990.298827 24431 1300 1300 1300 1300 77 46 0 77 52 0 77 42 0 77 44 0 15250 1208750 18120 1002018 1062500 1064124
 4990.498830 24432 1300 1300 1300 1300 77 46 0 77 52 0 77 42 0 77 44 0 15250 1208750 18120 1003936 1062500 1065186
 4990.698828 24433 1300 1300 1300 1300 77 46 0 77 52 0 77 42 0 77 44 0 15250 1208750 18120 1003936 1062500 1065186
 4990.898824 24434 1300 1300 1300 1300 77 46 0 77 52 0 77 42 0 77 44 0 15250 1210000 18150 1004210 1062500 1066248
 4991.098828 24435 1300 1300 1300 1300 77 46 0 77 52 0 77 42 0 77 44 0 15250 1210000 18150 999826 1062500 1060938
 4991.298828 24436 1300 1300 1300 1300 77 46 0 77 52 0 77 42 0 77 44 0 15250 1208750 18120 999826 1062500 1060938
 4991.498829 24437 1300 1300 1300 1300 77 46 0 77 52 0 77 42 0 77 44 0 15250 1208750 18120 999826 1062500 1060938
 4991.698828 24438 1300 1300 1300 1300 77 46 0 77 52 0 77 42 0 77 44 0 15250 1210000 18150 1000374 1062500 1062000
 4991.898823 24439 1300 1300 1300 1300 77 46 0 77 52 0 77 42 0 77 44 0 15494 1210000 18150 1002566 1062500 1064124
 4992.098855 24440 1300 1300 1300 1300 77 46 0 77 52 0 77 42 0 77 44 0 15250 1210000 18150 117272 1057500 123669
 4992.298871 24441 1300 1300 1300 1300 77 46 0 77 52 0 77 42 0 77 44 0 15250 1210000 18150 117272 1057500 123669
 4992.498821 24442 1300 1300 1300 1300 77 46 0 77 52 0 77 42 0 77 44 0 15250 1210000 18150 69870 1057500 72933
