 7706.464948 36387 900 900 900 900 73 46 0 73 52 0 73 42 0 73 44 0 14518 1210000 16940 38634 921250 34998
 7706.664957 36388 900 900 900 900 73 46 0 73 52 0 73 42 0 73 44 0 14518 1210000 16940 204404 921250 187884
 7706.864964 36389 900 900 900 900 73 46 0 73 52 0 73 42 0 73 44 0 14518 1208750 16912 571838 921250 525891
 7707.064954 36390 900 900 900 900 74 46 0 74 52 0 74 42 0 74 44 0 14518 1208750 16912 571838 921250 525891
 7707.269948 36391 900 900 900 900 74 46 0 74 52 0 74 42 0 74 44 0 14762 1208750 16912 564714 921250 519444
 7707.469941 36392 900 900 900 900 74 46 0 74 52 0 74 42 0 74 44 0 14518 1210000 16940 533204 921250 490893
 7707.669932 36393 900 900 900 900 74 46 0 74 52 0 74 42 0 74 44 0 14518 1210000 16940 514846 921250 473394
 7707.869937 36394 900 900 900 900 74 46 0 74 52 0 74 42 0 74 44 0 14518 1210000 16940 514846 921250 473394
 7708.069955 36395 900 900 900 900 74 46 0 74 52 0 74 42 0 74 44 0 14762 1208750 16912 595676 921250 547995
 7708.269937 36396 900 900 900 900 74 46 0 74 52 0 74 42 0 74 44 0 14518 1210000 16940 586908 921250 539706
 7708.469938 36397 900 900 900 900 74 46 0 74 52 0 74 42 0 74 44 0 14762 1210000 16940 589922 921250 542469
 7708.669938 36398 900 900 900 900 74 46 0 74 52 0 74 42 0 74 44 0 14762 1210000 16940 589922 921250 542469
 7708.869938 36399 900 900 900 900 74 46 0 74 52 0 74 42 0 74 44 0 14762 1210000 16940 588826 921250 541548
 7709.069954 36400 900 900 900 900 74 46 0 74 52 0 74 42 0 74 44 0 14518 1208750 16912 589922 921250 542469
 7709.269937 36401 900 900 900 900 74 46 0 74 52 0 74 42 0 74 44 0 14518 1210000 16940 587730 921250 540627
 7709.469921 36402 900 900 900 900 74 46 0 74 52 0 74 42 0 74 44 0 14518 1210000 16940 587730 921250 540627
 7709.669938 36403 900 900 900 900 74 46 0 74 52 0 74 42 0 74 44 0 14762 1210000 16940 585264 921250 538785
 7709.869938 36404 900 900 900 900 74 46 0 74 52 0 74 42 0 74 44 0 14518 1208750 16912 579236 921250 533259
 7710.069932 36405 900 900 900 900 74 46 0 74 52 0 74 42 0 74 44 0 14762 1208750 16912 587730 921250 540627
 7710.269937 36406 900 900 900 900 74 46 0 74 52 0 74 42 0 74 44 0 14762 1208750 16912 587182 921250 540627
 7710.469937 36407 900 900 900 900 74 46 0 74 52 0 74 42 0 74 44 0 14762 1208750 16912 587182 921250 540627
 7710.669937 36408 900 900 900 900 74 46 0 74 52 0 74 42 0 74 44 0 14762 1208750 16912 589648 921250 542469
 7710.869939 36409 900 900 900 900 74 46 0 74 52 0 74 42 0 74 44 0 14762 1210000 16940 589922 921250 542469
 7711.069952 36410 900 900 900 900 75 46 0 75 52 0 75 42 0 75 44 0 15006 1208750 18120 588004 921250 541548
 7711.269937 36411 900 900 900 900 75 46 0 75 52 0 75 42 0 75 44 0 15006 1208750 18120 588004 921250 541548
 7711.469937 36412 900 900 900 900 75 46 0 75 52 0 75 42 0 75 44 0 14762 1208750 16912 586634 921250 539706
 7711.669937 36413 900 900 900 900 75 46 0 75 52 0 75 42 0 75 44 0 14762 1210000 16940 586908 921250 539706
 7711.869937 36414 900 900 900 900 75 46 0 75 52 0 75 42 0 75 44 0 14762 1210000 16940 588004 921250 541548
 7712.069953 36415 900 900 900 900 75 46 0 75 52 0 75 42 0 75 44 0 14762 1210000 16940 588004 921250 541548
 7712.269937 36416 900 900 900 900 75 46 0 75 52 0 75 42 0 75 44 0 14762 1210000 16940 588826 921250 541548
 7712.469932 36417 900 900 900 900 75 46 0 75 52 0 75 42 0 75 44 0 15006 1210000 18150 590470 921250 543390
 7712.669938 36418 900 900 900 900 75 46 0 75 52 0 75 42 0 75 44 0 14762 1210000 16940 589648 921250 542469
 7712.869938 36419 900 900 900 900 75 46 0 75 52 0 75 42 0 75 44 0 14762 1210000 16940 589648 921250 542469
 7713.069952 36420 900 900 900 900 75 46 0 75 52 0 75 42 0 75 44 0 14518 1208750 16912 589922 921250 542469
 7713.269938 36421 900 900 900 900 75 46 0 75 52 0 75 42 0 75 44 0 14762 1208750 16912 588004 921250 541548
 7713.469940 36422 900 900 900 900 75 46 0 75 52 0 75 42 0 75 44 0 14762 1210000 16940 588552 921250 541548
 7713.669938 36423 900 900 900 900 75 46 0 75 52 0 75 42 0 75 44 0 14762 1210000 16940 588552 921250 541548
 7713.869938 36424 900 900 900 900 75 46 0 75 52 0 75 42 0 75 44 0 15006 1208750 18120 589922 921250 542469
 7714.069953 36425 900 900 900 900 75 46 0 75 52 0 75 42 0 75 44 0 14762 1210000 16940 589100 921250 542469
 7714.269938 36426 900 900 900 900 75 46 0 75 52 0 75 42 0 75 44 0 14762 1208750 16912 590470 921250 543390
 7714.469938 36427 900 900 900 900 75 46 0 75 52 0 75 42 0 75 44 0 14762 1208750 16912 590470 921250 543390
 7714.669937 36428 900 900 900 900 75 46 0 75 52 0 75 42 0 75 44 0 14518 1208750 16912 589648 921250 542469
 7714.869931 36429 900 900 900 900 75 46 0 75 52 0 75 42 0 75 44 0 15006 1210000 18150 589374 921250 542469
 7715.069953 36430 900 900 900 900 75 46 0 75 52 0 75 42 0 75 44 0 14762 1210000 16940 588004 921250 541548
 7715.269937 36431 900 900 900 900 75 46 0 75 52 0 75 42 0 75 44 0 14762 1210000 16940 588004 921250 541548
 7715.469937 36432 900 900 900 900 75 46 0 75 52 0 75 42 0 75 44 0 14762 1210000 16940 587456 921250 540627
 7715.669938 36433 900 900 900 900 75 46 0 75 52 0 75 42 0 75 44 0 14762 1210000 16940 588004 921250 541548
 7715.869938 36434 900 900 900 900 75 46 0 75 52 0 75 42 0 75 44 0 14762 1210000 16940 588278 921250 541548
 7716.069877 36435 900 900 900 900 75 46 0 75 52 0 75 42 0 75 44 0 14762 1210000 16940 589922 921250 542469
 7716.269938 36436 900 900 900 900 75 46 0 75 52 0 75 42 0 75 44 0 14762 1210000 16940 589922 921250 542469
 7716.469940 36437 900 900 900 900 75 46 0 75 52 0 75 42 0 75 44 0 14762 1208750 16912 589922 921250 542469
 7716.669937 36438 900 900 900 900 75 46 0 75 52 0 75 42 0 75 44 0 14762 1210000 16940 590470 921250 543390
 7716.869937 36439 900 900 900 900 75 46 0 75 52 0 75 42 0 75 44 0 14762 1208750 16912 589922 921250 542469
 7717.069952 36440 900 900 900 900 75 46 0 75 52 0 75 42 0 75 44 0 14762 1208750 16912 589922 921250 542469
 7717.269932 36441 900 900 900 900 75 46 0 75 52 0 75 42 0 75 44 0 14762 1210000 16940 589100 921250 542469
 7717.469938 36442 900 900 900 900 75 46 0 75 52 0 75 42 0 75 44 0 14762 1210000 16940 589100 921250 542469
 7717.669938 36443 900 900 900 900 75 46 0 75 52 0 75 42 0 75 44 0 14762 1210000 16940 589374 921250 542469
 7717.869937 36444 900 900 900 900 75 46 0 75 52 0 75 42 0 75 44 0 14762 1210000 16940 589374 921250 542469
 7718.069952 36445 900 900 900 900 75 46 0 75 52 0 75 42 0 75 44 0 14762 1210000 16940 592114 921250 545232
 7718.269938 36446 900 900 900 900 75 46 0 75 52 0 75 42 0 75 44 0 14518 1210000 16940 590744 921250 543390
 7718.469937 36447 900 900 900 900 75 46 0 75 52 0 75 42 0 75 44 0 14762 1210000 16940 590196 921250 543390
 7718.669938 36448 900 900 900 900 75 46 0 75 52 0 75 42 0 75 44 0 14762 1210000 16940 590196 921250 543390
 7718.869938 36449 900 900 900 900 75 46 0 75 52 0 75 42 0 75 44 0 14762 1210000 16940 590196 921250 543390
 7719.069952 36450 900 900 900 900 75 46 0 75 52 0 75 42 0 75 44 0 14762 1210000 16940 588004 921250 541548
 7719.269939 36451 900 900 900 900 75 46 0 75 52 0 75 42 0 75 44 0 14762 1210000 16940 588278 921250 541548
 7719.469940 36452 900 900 900 900 75 46 0 75 52 0 75 42 0 75 44 0 14762 1210000 16940 588278 921250 541548
 7719.669932 36453 900 900 900 900 75 46 0 75 52 0 75 42 0 75 44 0 14762 1210000 16940 588278 921250 541548
 7719.869937 36454 900 900 900 900 75 46 0 75 52 0 75 42 0 75 44 0 14762 1210000 16940 590744 921250 543390
 7720.069952 36455 900 900 900 900 75 46 0 75 52 0 75 42 0 75 44 0 14762 1210000 16940 589100 921250 542469
 7720.269938 36456 900 900 900 900 75 46 0 75 52 0 75 42 0 75 44 0 14762 1210000 16940 589100 921250 542469
 7720.469937 36457 900 900 900 900 75 46 0 75 52 0 75 42 0 75 44 0 14762 1210000 16940 589374 921250 542469
 7720.669937 36458 900 900 900 900 75 46 0 75 52 0 75 42 0 75 44 0 14762 1210000 16940 588552 921250 541548
 7720.869938 36459 900 900 900 900 75 46 0 75 52 0 75 42 0 75 44 0 15006 1210000 18150 587730 921250 540627
 7721.069952 36460 900 900 900 900 75 46 0 75 52 0 75 42 0 75 44 0 15006 1210000 18150 587730 921250 540627
 7721.269937 36461 900 900 900 900 75 46 0 75 52 0 75 42 0 75 44 0 14762 1210000 16940 587182 921250 540627
 7721.469938 36462 900 900 900 900 75 46 0 75 52 0 75 42 0 75 44 0 14762 1210000 16940 587182 921250 540627
 7721.669938 36463 900 900 900 900 75 46 0 75 52 0 75 42 0 75 44 0 14762 1210000 16940 589100 921250 542469
 7721.869919 36464 900 900 900 900 75 46 0 75 52 0 75 42 0 75 44 0 14762 1210000 16940 589100 921250 542469
 7722.069947 36465 900 900 900 900 75 46 0 75 52 0 75 42 0 75 44 0 14518 1210000 16940 589922 921250 542469
 7722.269937 36466 900 900 900 900 75 46 0 75 52 0 75 42 0 75 44 0 14762 1210000 16940 590196 921250 543390
 7722.469940 36467 900 900 900 900 75 46 0 75 52 0 75 42 0 75 44 0 14762 1210000 16940 591292 921250 544311
 7722.669913 36468 900 900 900 900 75 46 0 75 52 0 75 42 0 75 44 0 14762 1210000 16940 588278 921250 541548
 7722.869937 36469 900 900 900 900 75 46 0 75 52 0 75 42 0 75 44 0 14762 1210000 16940 588278 921250 541548
 7723.069952 36470 900 900 900 900 75 46 0 75 52 0 75 42 0 75 44 0 14762 1210000 16940 588278 921250 541548
 7723.269937 36471 900 900 900 900 75 46 0 75 52 0 75 42 0 75 44 0 14518 1210000 16940 589100 921250 542469
 7723.469938 36472 900 900 900 900 75 46 0 75 52 0 75 42 0 75 44 0 14762 1210000 16940 589922 921250 542469
 7723.669937 36473 900 900 900 900 75 46 0 75 52 0 75 42 0 75 44 0 14762 1210000 16940 589922 921250 542469
 7723.869938 36474 900 900 900 900 75 46 0 75 52 0 75 42 0 75 44 0 14762 1210000 16940 591566 921250 544311
 7724.069952 36475 900 900 900 900 75 46 0 75 52 0 75 42 0 75 44 0 15006 1208750 18120 590196 921250 543390
 7724.269931 36476 900 900 900 900 75 46 0 75 52 0 75 42 0 75 44 0 15006 1208750 18120 591018 921250 544311
 7724.469939 36477 900 900 900 900 75 46 0 75 52 0 75 42 0 75 44 0 15006 1208750 18120 591018 921250 544311
 7724.669938 36478 900 900 900 900 75 46 0 75 52 0 75 42 0 75 44 0 14762 1208750 16912 588552 921250 541548
 7724.869937 36479 900 900 900 900 75 46 0 75 52 0 75 42 0 75 44 0 14762 1208750 16912 587730 921250 540627
 7725.069952 36480 900 900 900 900 75 46 0 75 52 0 75 42 0 75 44 0 14762 1210000 16940 587182 921250 540627
 7725.269938 36481 900 900 900 900 75 46 0 75 52 0 75 42 0 75 44 0 14762 1210000 16940 587182 921250 540627
 7725.469941 36482 900 900 900 900 75 46 0 75 52 0 75 42 0 75 44 0 14762 1208750 16912 589922 921250 542469
 7725.669938 36483 900 900 900 900 75 46 0 75 52 0 75 42 0 75 44 0 14762 1208750 16912 589374 921250 542469
 7725.869937 36484 900 900 900 900 75 46 0 75 52 0 75 42 0 75 44 0 14762 1210000 16940 590470 921250 543390
 7726.069952 36485 900 900 900 900 75 46 0 75 52 0 75 42 0 75 44 0 14762 1210000 16940 590470 921250 543390
 7726.269937 36486 900 900 900 900 75 46 0 75 52 0 75 42 0 75 44 0 15006 1210000 18150 590470 921250 543390
 7726.469937 36487 900 900 900 900 75 46 0 75 52 0 75 42 0 75 44 0 14762 1210000 16940 590196 921250 543390
 7726.669931 36488 900 900 900 900 75 46 0 75 52 0 75 42 0 75 44 0 15006 1210000 18150 587730 921250 540627
 7726.869938 36489 900 900 900 900 75 46 0 75 52 0 75 42 0 75 44 0 15006 1210000 18150 587730 921250 540627
 7727.069952 36490 900 900 900 900 75 46 0 75 52 0 75 42 0 75 44 0 14762 1208750 16912 589100 921250 542469
 7727.269937 36491 900 900 900 900 75 46 0 75 52 0 75 42 0 75 44 0 14762 1208750 16912 590470 921250 543390
 7727.469937 36492 900 900 900 900 75 46 0 75 52 0 75 42 0 75 44 0 14762 1210000 16940 590744 921250 543390
 7727.669938 36493 900 900 900 900 75 46 0 75 52 0 75 42 0 75 44 0 14762 1210000 16940 590744 921250 543390
 7727.869937 36494 900 900 900 900 75 46 0 75 52 0 75 42 0 75 44 0 15006 1210000 18150 589922 921250 542469
 7728.069952 36495 900 900 900 900 75 46 0 75 52 0 75 42 0 75 44 0 15006 1210000 18150 591566 921250 544311
 7728.269937 36496 900 900 900 900 75 46 0 75 52 0 75 42 0 75 44 0 15006 1208750 18120 588004 921250 541548
 7728.469922 36497 900 900 900 900 75 46 0 75 52 0 75 42 0 75 44 0 15006 1208750 18120 588004 921250 541548
 7728.669937 36498 900 900 900 900 75 46 0 75 52 0 75 42 0 75 44 0 14518 1208750 16912 588278 921250 541548
 7728.869937 36499 900 900 900 900 75 46 0 75 52 0 75 42 0 75 44 0 14762 1208750 16912 589648 921250 542469
 7729.069931 36500 900 900 900 900 75 46 0 75 52 0 75 42 0 75 44 0 14762 1208750 16912 590196 921250 543390
 7729.269938 36501 900 900 900 900 75 46 0 75 52 0 75 42 0 75 44 0 14762 1208750 16912 589100 921250 542469
 7729.469937 36502 900 900 900 900 75 46 0 75 52 0 75 42 0 75 44 0 14762 1208750 16912 589100 921250 542469
 7729.669937 36503 900 900 900 900 75 46 0 75 52 0 75 42 0 75 44 0 14762 1210000 16940 589922 921250 542469
 7729.869937 36504 900 900 900 900 75 46 0 75 52 0 75 42 0 75 44 0 14762 1208750 16912 589374 921250 542469
 7730.069952 36505 900 900 900 900 75 46 0 75 52 0 75 42 0 75 44 0 14762 1210000 16940 587456 921250 540627
 7730.269937 36506 900 900 900 900 75 46 0 75 52 0 75 42 0 75 44 0 14762 1210000 16940 587456 921250 540627
 7730.469937 36507 900 900 900 900 75 46 0 75 52 0 75 42 0 75 44 0 14762 1210000 16940 587182 921250 540627
 7730.669938 36508 900 900 900 900 75 46 0 75 52 0 75 42 0 75 44 0 14762 1210000 16940 586908 921250 539706
 7730.869938 36509 900 900 900 900 75 46 0 75 52 0 75 42 0 75 44 0 14762 1208750 16912 587730 921250 540627
 7731.069952 36510 900 900 900 900 75 46 0 75 52 0 75 42 0 75 44 0 14762 1208750 16912 587730 921250 540627
 7731.269937 36511 900 900 900 900 75 46 0 75 52 0 75 42 0 75 44 0 14762 1208750 16912 589100 921250 542469
 7731.469931 36512 900 900 900 900 75 46 0 75 52 0 75 42 0 75 44 0 14762 1210000 16940 588826 921250 541548
 7731.669937 36513 900 900 900 900 75 46 0 75 52 0 75 42 0 75 44 0 14762 1210000 16940 590470 921250 543390
 7731.869938 36514 900 900 900 900 75 46 0 75 52 0 75 42 0 75 44 0 14762 1210000 16940 590470 921250 543390
 7732.069952 36515 900 900 900 900 75 46 0 75 52 0 75 42 0 75 44 0 14762 1208750 16912 586908 921250 539706
 7732.269937 36516 900 900 900 900 75 46 0 75 52 0 75 42 0 75 44 0 14762 1208750 16912 587182 921250 540627
 7732.469931 36517 900 900 900 900 75 46 0 75 52 0 75 42 0 75 44 0 14762 1210000 16940 589100 921250 542469
 7732.669938 36518 900 900 900 900 75 46 0 75 52 0 75 42 0 75 44 0 14762 1210000 16940 589100 921250 542469
 7732.869938 36519 900 900 900 900 75 46 0 75 52 0 75 42 0 75 44 0 14762 1208750 16912 588004 921250 541548
 7733.069952 36520 900 900 900 900 75 46 0 75 52 0 75 42 0 75 44 0 14762 1208750 16912 589100 921250 542469
 7733.269938 36521 900 900 900 900 75 46 0 75 52 0 75 42 0 75 44 0 14762 1208750 16912 589374 921250 542469
 7733.469937 36522 900 900 900 900 75 46 0 75 52 0 75 42 0 75 44 0 14762 1208750 16912 589374 921250 542469
 7733.669937 36523 900 900 900 900 75 46 0 75 52 0 75 42 0 75 44 0 14762 1208750 16912 589922 921250 542469
 7733.869937 36524 900 900 900 900 75 46 0 75 52 0 75 42 0 75 44 0 14762 1208750 16912 588552 921250 541548
 7734.069952 36525 900 900 900 900 75 46 0 75 52 0 75 42 0 75 44 0 14762 1208750 16912 588826 921250 541548
 7734.269938 36526 900 900 900 900 75 46 0 75 52 0 75 42 0 75 44 0 14762 1208750 16912 588826 921250 541548
 7734.469940 36527 900 900 900 900 75 46 0 75 52 0 75 42 0 75 44 0 14762 1208750 16912 588826 921250 541548
 7734.669938 36528 900 900 900 900 75 46 0 75 52 0 75 42 0 75 44 0 14762 1210000 16940 588278 921250 541548
 7734.869932 36529 900 900 900 900 75 46 0 75 52 0 75 42 0 75 44 0 14762 1210000 16940 586908 921250 539706
 7735.069877 36530 900 900 900 900 75 46 0 75 52 0 75 42 0 75 44 0 14762 1210000 16940 590744 921250 543390
 7735.269938 36531 900 900 900 900 75 46 0 75 52 0 75 42 0 75 44 0 14762 1210000 16940 590744 921250 543390
 7735.469938 36532 900 900 900 900 75 46 0 75 52 0 75 42 0 75 44 0 14762 1210000 16940 589648 921250 542469
 7735.669938 36533 900 900 900 900 75 46 0 75 52 0 75 42 0 75 44 0 14762 1210000 16940 587182 921250 540627
 7735.869938 36534 900 900 900 900 75 46 0 75 52 0 75 42 0 75 44 0 15006 1210000 18150 589648 921250 542469
 7736.069953 36535 900 900 900 900 75 46 0 75 52 0 75 42 0 75 44 0 15006 1210000 18150 589648 921250 542469
 7736.269938 36536 900 900 900 900 75 46 0 75 52 0 75 42 0 75 44 0 14762 1210000 16940 587182 921250 540627
 7736.469937 36537 900 900 900 900 75 46 0 75 52 0 75 42 0 75 44 0 14762 1210000 16940 588004 921250 541548
 7736.669938 36538 900 900 900 900 75 46 0 75 52 0 75 42 0 75 44 0 14762 1210000 16940 589100 921250 542469
 7736.869939 36539 900 900 900 900 75 46 0 75 52 0 75 42 0 75 44 0 14762 1210000 16940 589100 921250 542469
 7737.069955 36540 900 900 900 900 75 46 0 75 52 0 75 42 0 75 44 0 14518 1208750 16912 590196 921250 543390
 7737.269932 36541 900 900 900 900 75 46 0 75 52 0 75 42 0 75 44 0 14518 1210000 16940 589648 921250 542469
 7737.469917 36542 900 900 900 900 75 46 0 75 52 0 75 42 0 75 44 0 14762 1210000 16940 591840 921250 544311
 7737.669913 36543 900 900 900 900 75 46 0 75 52 0 75 42 0 75 44 0 14762 1210000 16940 591840 921250 544311
 7737.869914 36544 900 900 900 900 75 46 0 75 52 0 75 42 0 75 44 0 14762 1210000 16940 589100 921250 542469
 7738.069928 36545 900 900 900 900 75 46 0 75 52 0 75 42 0 75 44 0 14762 1210000 16940 589648 921250 542469
 7738.269914 36546 900 900 900 900 75 46 0 75 52 0 75 42 0 75 44 0 14762 1208750 16912 588552 921250 541548
 7738.469914 36547 900 900 900 900 75 46 0 75 52 0 75 42 0 75 44 0 14762 1208750 16912 588552 921250 541548
 7738.669913 36548 900 900 900 900 75 46 0 75 52 0 75 42 0 75 44 0 15006 1208750 18120 589648 921250 542469
 7738.869913 36549 900 900 900 900 75 46 0 75 52 0 75 42 0 75 44 0 14762 1210000 16940 589922 921250 542469
 7739.069928 36550 900 900 900 900 75 46 0 75 52 0 75 42 0 75 44 0 14518 1210000 16940 591292 921250 544311
 7739.269914 36551 900 900 900 900 75 46 0 75 52 0 75 42 0 75 44 0 14518 1210000 16940 591292 921250 544311
 7739.469914 36552 900 900 900 900 75 46 0 75 52 0 75 42 0 75 44 0 14762 1210000 16940 585264 921250 538785
 7739.669908 36553 900 900 900 900 75 46 0 75 52 0 75 42 0 75 44 0 15006 1208750 18120 587182 921250 540627
 7739.869863 36554 900 900 900 900 75 46 0 75 52 0 75 42 0 75 44 0 14762 1210000 16940 586634 921250 539706
 7740.069878 36555 900 900 900 900 75 46 0 75 52 0 75 42 0 75 44 0 14762 1210000 16940 586634 921250 539706
 7740.269864 36556 900 900 900 900 75 46 0 75 52 0 75 42 0 75 44 0 15006 1208750 18120 586634 921250 539706
 7740.469908 36557 900 900 900 900 75 46 0 75 52 0 75 42 0 75 44 0 14762 1208750 16912 588826 921250 541548
 7740.669917 36558 900 900 900 900 75 46 0 75 52 0 75 42 0 75 44 0 15006 1210000 18150 589922 921250 542469
 7740.869920 36559 900 900 900 900 75 46 0 75 52 0 75 42 0 75 44 0 15006 1210000 18150 589922 921250 542469
 7741.069935 36560 900 900 900 900 75 46 0 75 52 0 75 42 0 75 44 0 14762 1210000 16940 588826 921250 541548
 7741.269919 36561 900 900 900 900 75 46 0 75 52 0 75 42 0 75 44 0 14762 1208750 16912 588278 921250 541548
 7741.469920 36562 900 900 900 900 75 46 0 75 52 0 75 42 0 75 44 0 14762 1210000 16940 586908 921250 539706
 7741.669913 36563 900 900 900 900 75 46 0 75 52 0 75 42 0 75 44 0 14762 1210000 16940 586360 921250 539706
 7741.869920 36564 900 900 900 900 75 46 0 75 52 0 75 42 0 75 44 0 14762 1210000 16940 586360 921250 539706
 7742.069929 36565 900 900 900 900 75 46 0 75 52 0 75 42 0 75 44 0 14518 1208750 16912 586634 921250 539706
 7742.269919 36566 900 900 900 900 75 46 0 75 52 0 75 42 0 75 44 0 14762 1210000 16940 588552 921250 541548
 7742.469920 36567 900 900 900 900 75 46 0 75 52 0 75 42 0 75 44 0 14762 1210000 16940 589374 921250 542469
 7742.669916 36568 900 900 900 900 75 46 0 75 52 0 75 42 0 75 44 0 14762 1210000 16940 589374 921250 542469
 7742.869920 36569 900 900 900 900 75 46 0 75 52 0 75 42 0 75 44 0 14762 1210000 16940 589648 921250 542469
 7743.069935 36570 900 900 900 900 75 46 0 75 52 0 75 42 0 75 44 0 14762 1210000 16940 589100 921250 542469
 7743.269920 36571 900 900 900 900 75 46 0 75 52 0 75 42 0 75 44 0 15006 1210000 18150 588004 921250 541548
 7743.469922 36572 900 900 900 900 75 46 0 75 52 0 75 42 0 75 44 0 15006 1210000 18150 588004 921250 541548
 7743.669923 36573 900 900 900 900 75 46 0 75 52 0 75 42 0 75 44 0 15006 1210000 18150 588826 921250 541548
 7743.869938 36574 900 900 900 900 75 46 0 75 52 0 75 42 0 75 44 0 14762 1210000 16940 589374 921250 542469
 7744.069952 36575 900 900 900 900 75 46 0 75 52 0 75 42 0 75 44 0 14762 1210000 16940 590470 921250 543390
 7744.269938 36576 900 900 900 900 75 46 0 75 52 0 75 42 0 75 44 0 14762 1210000 16940 590470 921250 543390
 7744.469933 36577 900 900 900 900 75 46 0 75 52 0 75 42 0 75 44 0 14762 1208750 16912 591018 921250 544311
 7744.669940 36578 900 900 900 900 75 46 0 75 52 0 75 42 0 75 44 0 14762 1210000 16940 589648 921250 542469
 7744.869938 36579 900 900 900 900 75 46 0 75 52 0 75 42 0 75 44 0 15006 1210000 18150 581428 921250 535101
 7745.069954 36580 900 900 900 900 75 46 0 75 52 0 75 42 0 75 44 0 15006 1210000 18150 581428 921250 535101
 7745.269939 36581 900 900 900 900 75 46 0 75 52 0 75 42 0 75 44 0 14762 1210000 16940 586360 921250 539706
 7745.469938 36582 900 900 900 900 75 46 0 75 52 0 75 42 0 75 44 0 14518 1210000 16940 586086 921250 539706
 7745.669938 36583 900 900 900 900 75 46 0 75 52 0 75 42 0 75 44 0 14762 1210000 16940 587182 921250 540627
 7745.869938 36584 900 900 900 900 75 46 0 75 52 0 75 42 0 75 44 0 14762 1210000 16940 587182 921250 540627
 7746.069953 36585 900 900 900 900 75 46 0 75 52 0 75 42 0 75 44 0 14762 1210000 16940 589648 921250 542469
 7746.269939 36586 900 900 900 900 75 46 0 75 52 0 75 42 0 75 44 0 14762 1210000 16940 588278 921250 541548
 7746.469940 36587 900 900 900 900 75 46 0 75 52 0 75 42 0 75 44 0 14762 1210000 16940 589648 921250 542469
 7746.669939 36588 900 900 900 900 75 46 0 75 52 0 75 42 0 75 44 0 14762 1210000 16940 589648 921250 542469
 7746.869933 36589 900 900 900 900 75 46 0 75 52 0 75 42 0 75 44 0 14762 1210000 16940 589922 921250 542469
 7747.069953 36590 900 900 900 900 75 46 0 75 52 0 75 42 0 75 44 0 14762 1210000 16940 589374 921250 542469
 7747.269939 36591 900 900 900 900 75 46 0 75 52 0 75 42 0 75 44 0 14762 1210000 16940 587456 921250 540627
 7747.469920 36592 900 900 900 900 75 46 0 75 52 0 75 42 0 75 44 0 14762 1210000 16940 587456 921250 540627
 7747.669940 36593 900 900 900 900 75 46 0 75 52 0 75 42 0 75 44 0 14762 1210000 16940 588278 921250 541548
 7747.869938 36594 900 900 900 900 75 46 0 75 52 0 75 42 0 75 44 0 14762 1210000 16940 589922 921250 542469
 7748.069953 36595 900 900 900 900 75 46 0 75 52 0 75 42 0 75 44 0 15006 1210000 18150 590744 921250 543390
 7748.269938 36596 900 900 900 900 75 46 0 75 52 0 75 42 0 75 44 0 14762 1210000 16940 590196 921250 543390
 7748.469940 36597 900 900 900 900 75 46 0 75 52 0 75 42 0 75 44 0 14762 1210000 16940 590196 921250 543390
 7748.669939 36598 900 900 900 900 75 46 0 75 52 0 75 42 0 75 44 0 15006 1210000 18150 590196 921250 543390
 7748.869938 36599 900 900 900 900 75 46 0 75 52 0 75 42 0 75 44 0 14762 1210000 16940 588004 921250 541548
 7749.069931 36600 900 900 900 900 75 46 0 75 52 0 75 42 0 75 44 0 15006 1210000 18150 588004 921250 541548
 7749.269938 36601 900 900 900 900 75 46 0 75 52 0 75 42 0 75 44 0 15006 1210000 18150 588004 921250 541548
 7749.469941 36602 900 900 900 900 75 46 0 75 52 0 75 42 0 75 44 0 14762 1210000 16940 587730 921250 540627
 7749.669940 36603 900 900 900 900 75 46 0 75 52 0 75 42 0 75 44 0 14762 1210000 16940 591292 921250 544311
 7749.869938 36604 900 900 900 900 75 46 0 75 52 0 75 42 0 75 44 0 14762 1210000 16940 589648 921250 542469
 7750.069953 36605 900 900 900 900 75 46 0 75 52 0 75 42 0 75 44 0 14762 1210000 16940 589648 921250 542469
 7750.269938 36606 900 900 900 900 75 46 0 75 52 0 75 42 0 75 44 0 15006 1210000 18150 588826 921250 541548
 7750.469938 36607 900 900 900 900 75 46 0 75 52 0 75 42 0 75 44 0 14762 1210000 16940 588552 921250 541548
 7750.669938 36608 900 900 900 900 75 46 0 75 52 0 75 42 0 75 44 0 14762 1210000 16940 587182 921250 540627
 7750.869938 36609 900 900 900 900 75 46 0 75 52 0 75 42 0 75 44 0 14762 1210000 16940 587182 921250 540627
 7751.069952 36610 900 900 900 900 75 46 0 75 52 0 75 42 0 75 44 0 14762 1210000 16940 587182 921250 540627
 7751.269938 36611 900 900 900 900 75 46 0 75 52 0 75 42 0 75 44 0 15006 1210000 18150 587182 921250 540627
 7751.469931 36612 900 900 900 900 75 46 0 75 52 0 75 42 0 75 44 0 14762 1210000 16940 587182 921250 540627
 7751.669939 36613 900 900 900 900 75 46 0 75 52 0 75 42 0 75 44 0 14762 1210000 16940 587182 921250 540627
 7751.869937 36614 900 900 900 900 75 46 0 75 52 0 75 42 0 75 44 0 14762 1210000 16940 588826 921250 541548
 7752.069952 36615 900 900 900 900 75 46 0 75 52 0 75 42 0 75 44 0 14518 1210000 16940 589100 921250 542469
 7752.269938 36616 900 900 900 900 75 46 0 75 52 0 75 42 0 75 44 0 14518 1210000 16940 589648 921250 542469
 7752.469940 36617 900 900 900 900 75 46 0 75 52 0 75 42 0 75 44 0 14518 1210000 16940 589648 921250 542469
 7752.669939 36618 900 900 900 900 75 46 0 75 52 0 75 42 0 75 44 0 14762 1208750 16912 589648 921250 542469
 7752.869939 36619 900 900 900 900 75 46 0 75 52 0 75 42 0 75 44 0 14762 1210000 16940 589922 921250 542469
 7753.069952 36620 900 900 900 900 75 46 0 75 52 0 75 42 0 75 44 0 14762 1210000 16940 586634 921250 539706
 7753.269938 36621 900 900 900 900 75 46 0 75 52 0 75 42 0 75 44 0 14762 1210000 16940 586634 921250 539706
 7753.469938 36622 900 900 900 900 75 46 0 75 52 0 75 42 0 75 44 0 14762 1210000 16940 587182 921250 540627
 7753.669939 36623 900 900 900 900 75 46 0 75 52 0 75 42 0 75 44 0 14518 1210000 16940 588826 921250 541548
 7753.869932 36624 900 900 900 900 75 46 0 75 52 0 75 42 0 75 44 0 14762 1208750 16912 589922 921250 542469
 7754.069877 36625 900 900 900 900 75 46 0 75 52 0 75 42 0 75 44 0 14762 1210000 16940 589648 921250 542469
 7754.269938 36626 900 900 900 900 75 46 0 75 52 0 75 42 0 75 44 0 14762 1210000 16940 589648 921250 542469
 7754.469938 36627 900 900 900 900 75 46 0 75 52 0 75 42 0 75 44 0 14762 1210000 16940 589374 921250 542469
 7754.669939 36628 900 900 900 900 75 46 0 75 52 0 75 42 0 75 44 0 14762 1210000 16940 587730 921250 540627
 7754.869938 36629 900 900 900 900 75 46 0 75 52 0 75 42 0 75 44 0 14762 1208750 16912 589648 921250 542469
 7755.069952 36630 900 900 900 900 75 46 0 75 52 0 75 42 0 75 44 0 14762 1208750 16912 589648 921250 542469
 7755.269938 36631 900 900 900 900 75 46 0 75 52 0 75 42 0 75 44 0 14762 1210000 16940 587456 921250 540627
 7755.469939 36632 900 900 900 900 75 46 0 75 52 0 75 42 0 75 44 0 14762 1210000 16940 589374 921250 542469
 7755.669938 36633 900 900 900 900 75 46 0 75 52 0 75 42 0 75 44 0 14762 1208750 16912 589100 921250 542469
 7755.869938 36634 900 900 900 900 75 46 0 75 52 0 75 42 0 75 44 0 14762 1208750 16912 589100 921250 542469
 7756.069953 36635 900 900 900 900 75 46 0 75 52 0 75 42 0 75 44 0 14762 1210000 16940 588278 921250 541548
 7756.269932 36636 900 900 900 900 75 46 0 75 52 0 75 42 0 75 44 0 14762 1210000 16940 588278 921250 541548
 7756.469937 36637 900 900 900 900 75 46 0 75 52 0 75 42 0 75 44 0 14762 1210000 16940 588004 921250 541548
 7756.669941 36638 900 900 900 900 75 46 0 75 52 0 75 42 0 75 44 0 14762 1210000 16940 588004 921250 541548
 7756.869938 36639 900 900 900 900 75 46 0 75 52 0 75 42 0 75 44 0 14762 1210000 16940 586360 921250 539706
 7757.069954 36640 900 900 900 900 75 46 0 75 52 0 75 42 0 75 44 0 14762 1210000 16940 589100 921250 542469
 7757.269938 36641 900 900 900 900 75 46 0 75 52 0 75 42 0 75 44 0 14518 1210000 16940 589100 921250 542469
 7757.469938 36642 900 900 900 900 75 46 0 75 52 0 75 42 0 75 44 0 14518 1210000 16940 589100 921250 542469
 7757.669939 36643 900 900 900 900 75 46 0 75 52 0 75 42 0 75 44 0 14762 1210000 16940 588826 921250 541548
 7757.869938 36644 900 900 900 900 75 46 0 75 52 0 75 42 0 75 44 0 14762 1208750 16912 590196 921250 543390
 7758.069952 36645 900 900 900 900 75 46 0 75 52 0 75 42 0 75 44 0 15006 1208750 18120 589922 921250 542469
 7758.269937 36646 900 900 900 900 75 46 0 75 52 0 75 42 0 75 44 0 15006 1208750 18120 589922 921250 542469
 7758.469940 36647 900 900 900 900 75 46 0 75 52 0 75 42 0 75 44 0 14762 1210000 16940 588552 921250 541548
 7758.669933 36648 900 900 900 900 75 46 0 75 52 0 75 42 0 75 44 0 14762 1210000 16940 589100 921250 542469
 7758.869938 36649 900 900 900 900 75 46 0 75 52 0 75 42 0 75 44 0 14762 1210000 16940 589374 921250 542469
 7759.069952 36650 900 900 900 900 75 46 0 75 52 0 75 42 0 75 44 0 14762 1210000 16940 589374 921250 542469
 7759.269938 36651 900 900 900 900 75 46 0 75 52 0 75 42 0 75 44 0 14762 1210000 16940 589922 921250 542469
 7759.469938 36652 900 900 900 900 75 46 0 75 52 0 75 42 0 75 44 0 14762 1208750 16912 589922 921250 542469
 7759.669939 36653 900 900 900 900 75 46 0 75 52 0 75 42 0 75 44 0 14762 1210000 16940 589100 921250 542469
 7759.869921 36654 900 900 900 900 75 46 0 75 52 0 75 42 0 75 44 0 14762 1210000 16940 589100 921250 542469
 7760.069952 36655 900 900 900 900 75 46 0 75 52 0 75 42 0 75 44 0 14762 1210000 16940 590744 921250 543390
 7760.269938 36656 900 900 900 900 75 46 0 75 52 0 75 42 0 75 44 0 15006 1210000 18150 587456 921250 540627
 7760.469936 36657 900 900 900 900 75 46 0 75 52 0 75 42 0 75 44 0 14762 1210000 16940 586360 921250 539706
 7760.669914 36658 900 900 900 900 75 46 0 75 52 0 75 42 0 75 44 0 14762 1210000 16940 586634 921250 539706
 7760.869938 36659 900 900 900 900 75 46 0 75 52 0 75 42 0 75 44 0 14762 1210000 16940 586634 921250 539706
 7761.069947 36660 900 900 900 900 75 46 0 75 52 0 75 42 0 75 44 0 14762 1210000 16940 587456 921250 540627
 7761.269939 36661 900 900 900 900 75 46 0 75 52 0 75 42 0 75 44 0 14762 1210000 16940 587730 921250 540627
 7761.469940 36662 900 900 900 900 75 46 0 75 52 0 75 42 0 75 44 0 14762 1210000 16940 587730 921250 540627
 7761.669939 36663 900 900 900 900 75 46 0 75 52 0 75 42 0 75 44 0 14762 1210000 16940 587730 921250 540627
 7761.869938 36664 900 900 900 900 75 46 0 75 52 0 75 42 0 75 44 0 14762 1210000 16940 589374 921250 542469
 7762.069946 36665 900 900 900 900 75 46 0 75 52 0 75 42 0 75 44 0 14762 1208750 16912 587182 921250 540627
 7762.269938 36666 900 900 900 900 75 46 0 75 52 0 75 42 0 75 44 0 14762 1208750 16912 586086 921250 539706
 7762.469938 36667 900 900 900 900 75 46 0 75 52 0 75 42 0 75 44 0 14762 1208750 16912 586086 921250 539706
 7762.669982 36668 900 900 900 900 75 46 0 75 52 0 75 42 0 75 44 0 14762 1208750 16912 586360 921250 539706
 7762.869935 36669 900 900 900 900 75 46 0 75 52 0 75 42 0 75 44 0 14762 1210000 16940 588004 921250 541548
 7763.069948 36670 900 900 900 900 74 46 0 74 52 0 74 42 0 74 44 0 14762 1210000 16940 179196 921250 164859
 7763.269931 36671 900 900 900 900 74 46 0 74 52 0 74 42 0 74 44 0 14762 1210000 16940 179196 921250 164859
 7763.469927 36672 900 900 900 900 74 46 0 74 52 0 74 42 0 74 44 0 14762 1210000 16940 44662 920000 40480
 7763.669934 36673 900 900 900 900 74 46 0 74 52 0 74 42 0 74 44 0 14518 1210000 16940 44936 920000 40480
 7763.869932 36674 900 900 900 900 74 46 0 74 52 0 74 42 0 74 44 0 14762 1210000 16940 44114 920000 40480
 7764.069947 36675 900 900 900 900 73 46 0 73 52 0 73 42 0 73 44 0 14762 1210000 16940 44114 920000 40480
 7764.269932 36676 900 900 900 900 73 46 0 73 52 0 73 42 0 73 44 0 14518 1210000 16940 42744 920000 38640
