 5827.968816 28619 1200 1200 1200 1200 74 46 0 74 52 0 74 42 0 74 44 0 15006 1210000 18150 55896 1020000 56100
 5828.168814 28620 1200 1200 1200 1200 74 46 0 74 52 0 74 42 0 74 44 0 15006 1210000 18150 53978 1020000 54060
 5828.368813 28621 1200 1200 1200 1200 74 46 0 74 52 0 74 42 0 74 44 0 14762 1210000 16940 54252 1020000 55080
 5828.568959 28622 1200 1200 1200 1200 74 46 0 74 52 0 74 42 0 74 44 0 14762 1210000 16940 52608 1020000 53040
 5828.768796 28623 1200 1200 1200 1200 74 46 0 74 52 0 74 42 0 74 44 0 14762 1210000 16940 52608 1020000 53040
 5828.968813 28624 1200 1200 1200 1200 74 46 0 74 52 0 74 42 0 74 44 0 14762 1210000 16940 243038 1021250 248103
 5829.168815 28625 1200 1200 1200 1200 74 46 0 74 52 0 74 42 0 74 44 0 14762 1210000 16940 56992 1020000 57120
 5829.368751 28626 1200 1200 1200 1200 74 46 0 74 52 0 74 42 0 74 44 0 14762 1210000 16940 58636 1020000 59160
 5829.568851 28627 1200 1200 1200 1200 74 46 0 74 52 0 74 42 0 74 44 0 14762 1210000 16940 641708 1022500 655102
 5829.768747 28628 1200 1200 1200 1200 74 46 0 74 52 0 74 42 0 74 44 0 14762 1210000 16940 641708 1022500 655102
 5829.968849 28629 1200 1200 1200 1200 74 46 0 74 52 0 74 42 0 74 44 0 15006 1210000 18150 852962 1023750 871596
 5830.168865 28630 1200 1200 1200 1200 76 46 0 76 52 0 76 42 0 76 44 0 14762 1210000 16940 804190 1022500 821688
 5830.368906 28631 1200 1200 1200 1200 76 46 0 76 52 0 76 42 0 76 44 0 14762 1210000 16940 613760 1022500 626486
 5830.568852 28632 1200 1200 1200 1200 76 46 0 76 52 0 76 42 0 76 44 0 14762 1210000 16940 613760 1022500 626486
 5830.768966 28633 1200 1200 1200 1200 76 46 0 76 52 0 76 42 0 76 44 0 15006 1210000 18150 843646 1023750 862389
 5830.968958 28634 1100 1100 1100 1100 76 46 0 76 52 0 76 42 0 76 44 0 15006 1210000 18150 798162 1023750 816354
 5831.168942 28635 1100 1100 1100 1100 76 46 0 76 52 0 76 42 0 76 44 0 15006 1210000 18150 453744 1006250 455718
 5831.368813 28636 1100 1100 1100 1100 76 46 0 76 52 0 76 42 0 76 44 0 15006 1210000 18150 453744 1006250 455718
 5831.568817 28637 1100 1100 1100 1100 76 46 0 76 52 0 76 42 0 76 44 0 14762 1210000 16940 176182 996250 175296
 5831.768816 28638 1100 1100 1100 1100 76 46 0 76 52 0 76 42 0 76 44 0 15006 1210000 18150 51786 995000 50745
 5831.973801 28639 1100 1100 1100 1100 76 46 0 76 52 0 76 42 0 76 44 0 14762 1210000 16940 46854 995000 45770
 5832.173915 28640 1100 1100 1100 1100 74 46 0 74 52 0 74 42 0 74 44 0 14762 1210000 16940 46854 995000 45770
 5832.373836 28641 1100 1100 1100 1100 74 46 0 74 52 0 74 42 0 74 44 0 14762 1210000 16940 497584 997500 495509
 5832.573898 28642 1100 1100 1100 1100 74 46 0 74 52 0 74 42 0 74 44 0 14518 1210000 16940 753774 997500 750741
 5832.778901 28643 1100 1100 1100 1100 74 46 0 74 52 0 74 42 0 74 44 0 15006 1210000 18150 715688 997500 712855
 5832.978827 28644 1100 1100 1100 1100 74 46 0 74 52 0 74 42 0 74 44 0 15006 1210000 18150 715688 997500 712855
 5833.178877 28645 1100 1100 1100 1100 75 46 0 75 52 0 75 42 0 75 44 0 15006 1210000 18150 672122 997500 669984
 5833.378823 28646 1100 1100 1100 1100 75 46 0 75 52 0 75 42 0 75 44 0 15006 1210000 18150 795148 997500 792615
 5833.578823 28647 1100 1100 1100 1100 75 46 0 75 52 0 75 42 0 75 44 0 15006 1210000 18150 783640 998750 781434
 5833.778823 28648 1100 1100 1100 1100 75 46 0 75 52 0 75 42 0 75 44 0 15006 1210000 18150 783640 998750 781434
 5833.978824 28649 1100 1100 1100 1100 75 46 0 75 52 0 75 42 0 75 44 0 15006 1210000 18150 784462 997500 781648
 5834.178823 28650 1100 1100 1100 1100 75 46 0 75 52 0 75 42 0 75 44 0 14762 1210000 16940 785558 997500 782645
 5834.378823 28651 1100 1100 1100 1100 75 46 0 75 52 0 75 42 0 75 44 0 15006 1210000 18150 784462 997500 781648
 5834.578890 28652 1100 1100 1100 1100 75 46 0 75 52 0 75 42 0 75 44 0 14762 1210000 16940 789120 997500 786633
 5834.778823 28653 1100 1100 1100 1100 75 46 0 75 52 0 75 42 0 75 44 0 14762 1210000 16940 789120 997500 786633
 5834.978824 28654 1100 1100 1100 1100 75 46 0 75 52 0 75 42 0 75 44 0 14762 1210000 16940 788846 997500 785636
 5835.178823 28655 1100 1100 1100 1100 75 46 0 75 52 0 75 42 0 75 44 0 15006 1210000 18150 787476 997500 784639
 5835.378823 28656 1100 1100 1100 1100 75 46 0 75 52 0 75 42 0 75 44 0 15006 1210000 18150 788298 997500 785636
 5835.578824 28657 1100 1100 1100 1100 75 46 0 75 52 0 75 42 0 75 44 0 15006 1210000 18150 788298 997500 785636
 5835.778823 28658 1100 1100 1100 1100 75 46 0 75 52 0 75 42 0 75 44 0 15006 1210000 18150 786928 997500 783642
 5835.978819 28659 1100 1100 1100 1100 75 46 0 75 52 0 75 42 0 75 44 0 14762 1210000 16940 786380 997500 783642
 5836.178823 28660 1100 1100 1100 1100 75 46 0 75 52 0 75 42 0 75 44 0 15006 1210000 18150 788572 997500 785636
 5836.378823 28661 1100 1100 1100 1100 75 46 0 75 52 0 75 42 0 75 44 0 15006 1210000 18150 788572 997500 785636
 5836.578823 28662 1100 1100 1100 1100 75 46 0 75 52 0 75 42 0 75 44 0 14762 1210000 16940 788846 997500 785636
 5836.778823 28663 1100 1100 1100 1100 75 46 0 75 52 0 75 42 0 75 44 0 15006 1210000 18150 787750 997500 784639
 5836.978819 28664 1100 1100 1100 1100 75 46 0 75 52 0 75 42 0 75 44 0 15250 1210000 18150 787750 997500 784639
 5837.178823 28665 1100 1100 1100 1100 75 46 0 75 52 0 75 42 0 75 44 0 15250 1210000 18150 787750 997500 784639
 5837.378823 28666 1100 1100 1100 1100 75 46 0 75 52 0 75 42 0 75 44 0 15006 1210000 18150 787750 997500 784639
 5837.578823 28667 1100 1100 1100 1100 75 46 0 75 52 0 75 42 0 75 44 0 14762 1210000 16940 794600 997500 791618
 5837.778823 28668 1100 1100 1100 1100 75 46 0 75 52 0 75 42 0 75 44 0 15006 1210000 18150 784736 998750 782432
 5837.978824 28669 1100 1100 1100 1100 75 46 0 75 52 0 75 42 0 75 44 0 15006 1210000 18150 784736 998750 782432
 5838.178818 28670 1100 1100 1100 1100 75 46 0 75 52 0 75 42 0 75 44 0 15006 1210000 18150 785558 998750 783430
 5838.378823 28671 1100 1100 1100 1100 75 46 0 75 52 0 75 42 0 75 44 0 14762 1210000 16940 786654 997500 783642
 5838.578824 28672 1100 1100 1100 1100 75 46 0 75 52 0 75 42 0 75 44 0 14762 1210000 16940 784736 997500 781648
 5838.778823 28673 1100 1100 1100 1100 75 46 0 75 52 0 75 42 0 75 44 0 14762 1210000 16940 784736 997500 781648
 5838.978823 28674 1100 1100 1100 1100 75 46 0 75 52 0 75 42 0 75 44 0 15006 1210000 18150 783914 997500 780651
 5839.178823 28675 1100 1100 1100 1100 76 46 0 76 52 0 76 42 0 76 44 0 15250 1210000 18150 784188 998750 782432
 5839.378822 28676 1100 1100 1100 1100 76 46 0 76 52 0 76 42 0 76 44 0 14762 1210000 16940 783366 998750 781434
 5839.578823 28677 1100 1100 1100 1100 76 46 0 76 52 0 76 42 0 76 44 0 14762 1210000 16940 783366 998750 781434
 5839.778824 28678 1100 1100 1100 1100 76 46 0 76 52 0 76 42 0 76 44 0 15006 1210000 18150 783640 997500 780651
 5839.978823 28679 1100 1100 1100 1100 76 46 0 76 52 0 76 42 0 76 44 0 15006 1210000 18150 784736 997500 781648
 5840.178823 28680 1100 1100 1100 1100 76 46 0 76 52 0 76 42 0 76 44 0 15006 1210000 18150 786106 997500 783642
 5840.378805 28681 1100 1100 1100 1100 76 46 0 76 52 0 76 42 0 76 44 0 15006 1210000 18150 786106 997500 783642
 5840.578818 28682 1100 1100 1100 1100 76 46 0 76 52 0 76 42 0 76 44 0 14762 1210000 16940 788298 997500 785636
 5840.778823 28683 1100 1100 1100 1100 76 46 0 76 52 0 76 42 0 76 44 0 14762 1210000 16940 787476 997500 784639
 5840.978823 28684 1100 1100 1100 1100 76 46 0 76 52 0 76 42 0 76 44 0 15006 1210000 18150 788298 997500 785636
 5841.178801 28685 1100 1100 1100 1100 76 46 0 76 52 0 76 42 0 76 44 0 15006 1210000 18150 785558 997500 782645
 5841.378823 28686 1100 1100 1100 1100 76 46 0 76 52 0 76 42 0 76 44 0 15006 1210000 18150 785558 997500 782645
 5841.578823 28687 1100 1100 1100 1100 76 46 0 76 52 0 76 42 0 76 44 0 15006 1210000 18150 787476 997500 784639
 5841.778823 28688 1100 1100 1100 1100 76 46 0 76 52 0 76 42 0 76 44 0 15006 1210000 18150 786928 997500 783642
 5841.978823 28689 1100 1100 1100 1100 76 46 0 76 52 0 76 42 0 76 44 0 15006 1210000 18150 786928 997500 783642
 5842.178823 28690 1100 1100 1100 1100 76 46 0 76 52 0 76 42 0 76 44 0 15006 1210000 18150 786928 997500 783642
 5842.378823 28691 1100 1100 1100 1100 76 46 0 76 52 0 76 42 0 76 44 0 15006 1210000 18150 789120 997500 786633
 5842.578823 28692 1100 1100 1100 1100 76 46 0 76 52 0 76 42 0 76 44 0 14762 1210000 16940 785558 997500 782645
 5842.778818 28693 1100 1100 1100 1100 76 46 0 76 52 0 76 42 0 76 44 0 15006 1210000 18150 787476 997500 784639
 5842.978824 28694 1100 1100 1100 1100 76 46 0 76 52 0 76 42 0 76 44 0 15006 1210000 18150 787476 997500 784639
 5843.178823 28695 1100 1100 1100 1100 76 46 0 76 52 0 76 42 0 76 44 0 15006 1210000 18150 785284 997500 782645
 5843.378823 28696 1100 1100 1100 1100 76 46 0 76 52 0 76 42 0 76 44 0 14762 1210000 16940 785558 997500 782645
 5843.578823 28697 1100 1100 1100 1100 76 46 0 76 52 0 76 42 0 76 44 0 15250 1210000 18150 785558 997500 782645
 5843.778823 28698 1100 1100 1100 1100 76 46 0 76 52 0 76 42 0 76 44 0 15250 1210000 18150 785558 997500 782645
 5843.978824 28699 1100 1100 1100 1100 76 46 0 76 52 0 76 42 0 76 44 0 15006 1210000 18150 787750 997500 784639
 5844.178824 28700 1100 1100 1100 1100 76 46 0 76 52 0 76 42 0 76 44 0 15006 1208750 18120 788846 998750 786424
 5844.378823 28701 1100 1100 1100 1100 76 46 0 76 52 0 76 42 0 76 44 0 15006 1210000 18150 789942 997500 786633
 5844.578823 28702 1100 1100 1100 1100 76 46 0 76 52 0 76 42 0 76 44 0 15006 1210000 18150 789942 997500 786633
 5844.778823 28703 1100 1100 1100 1100 76 46 0 76 52 0 76 42 0 76 44 0 15006 1210000 18150 789120 997500 786633
 5844.978823 28704 1100 1100 1100 1100 76 46 0 76 52 0 76 42 0 76 44 0 14762 1210000 16940 786654 997500 783642
 5845.178818 28705 1100 1100 1100 1100 76 46 0 76 52 0 76 42 0 76 44 0 15250 1210000 18150 788298 997500 785636
 5845.378823 28706 1100 1100 1100 1100 76 46 0 76 52 0 76 42 0 76 44 0 15250 1210000 18150 788298 997500 785636
 5845.578823 28707 1100 1100 1100 1100 76 46 0 76 52 0 76 42 0 76 44 0 15006 1210000 18150 788298 997500 785636
 5845.778824 28708 1100 1100 1100 1100 76 46 0 76 52 0 76 42 0 76 44 0 15006 1210000 18150 788572 998750 786424
 5845.978824 28709 1100 1100 1100 1100 76 46 0 76 52 0 76 42 0 76 44 0 14762 1210000 16940 788846 997500 785636
 5846.178823 28710 1100 1100 1100 1100 76 46 0 76 52 0 76 42 0 76 44 0 14762 1210000 16940 788846 997500 785636
 5846.378823 28711 1100 1100 1100 1100 76 46 0 76 52 0 76 42 0 76 44 0 15250 1210000 18150 789942 998750 787422
 5846.578823 28712 1100 1100 1100 1100 76 46 0 76 52 0 76 42 0 76 44 0 15006 1210000 18150 789120 997500 786633
 5846.778823 28713 1100 1100 1100 1100 76 46 0 76 52 0 76 42 0 76 44 0 15006 1210000 18150 786380 998750 784428
 5846.978806 28714 1100 1100 1100 1100 76 46 0 76 52 0 76 42 0 76 44 0 15006 1210000 18150 786380 998750 784428
 5847.178823 28715 1100 1100 1100 1100 76 46 0 76 52 0 76 42 0 76 44 0 14762 1210000 16940 786106 997500 783642
 5847.378823 28716 1100 1100 1100 1100 76 46 0 76 52 0 76 42 0 76 44 0 15006 1210000 18150 785832 997500 782645
 5847.578819 28717 1100 1100 1100 1100 76 46 0 76 52 0 76 42 0 76 44 0 15006 1210000 18150 785284 998750 783430
 5847.778823 28718 1100 1100 1100 1100 76 46 0 76 52 0 76 42 0 76 44 0 15006 1210000 18150 786380 998750 784428
 5847.978823 28719 1100 1100 1100 1100 76 46 0 76 52 0 76 42 0 76 44 0 15006 1210000 18150 786380 998750 784428
 5848.178824 28720 1100 1100 1100 1100 76 46 0 76 52 0 76 42 0 76 44 0 15006 1210000 18150 789120 997500 786633
 5848.378823 28721 1100 1100 1100 1100 76 46 0 76 52 0 76 42 0 76 44 0 14762 1210000 16940 789120 997500 786633
 5848.578823 28722 1100 1100 1100 1100 76 46 0 76 52 0 76 42 0 76 44 0 15006 1210000 18150 785284 997500 782645
 5848.778823 28723 1100 1100 1100 1100 76 46 0 76 52 0 76 42 0 76 44 0 15006 1210000 18150 785284 997500 782645
 5848.978823 28724 1100 1100 1100 1100 76 46 0 76 52 0 76 42 0 76 44 0 15250 1210000 18150 784736 998750 782432
 5849.178823 28725 1100 1100 1100 1100 76 46 0 76 52 0 76 42 0 76 44 0 15006 1210000 18150 784462 997500 781648
 5849.378823 28726 1100 1100 1100 1100 76 46 0 76 52 0 76 42 0 76 44 0 15250 1210000 18150 785284 998750 783430
 5849.578824 28727 1100 1100 1100 1100 76 46 0 76 52 0 76 42 0 76 44 0 15250 1210000 18150 785284 998750 783430
 5849.778823 28728 1100 1100 1100 1100 76 46 0 76 52 0 76 42 0 76 44 0 15006 1210000 18150 786928 997500 783642
 5849.978820 28729 1100 1100 1100 1100 76 46 0 76 52 0 76 42 0 76 44 0 15006 1210000 18150 787750 997500 784639
 5850.178823 28730 1100 1100 1100 1100 76 46 0 76 52 0 76 42 0 76 44 0 15006 1210000 18150 787476 998750 785426
 5850.378823 28731 1100 1100 1100 1100 76 46 0 76 52 0 76 42 0 76 44 0 15006 1210000 18150 787476 998750 785426
 5850.578823 28732 1100 1100 1100 1100 76 46 0 76 52 0 76 42 0 76 44 0 15006 1210000 18150 786654 997500 783642
 5850.778823 28733 1100 1100 1100 1100 76 46 0 76 52 0 76 42 0 76 44 0 15006 1210000 18150 785284 997500 782645
 5850.978818 28734 1100 1100 1100 1100 76 46 0 76 52 0 76 42 0 76 44 0 15006 1210000 18150 786106 997500 783642
 5851.178839 28735 1100 1100 1100 1100 76 46 0 76 52 0 76 42 0 76 44 0 15006 1210000 18150 786106 997500 783642
 5851.378823 28736 1100 1100 1100 1100 76 46 0 76 52 0 76 42 0 76 44 0 15006 1210000 18150 787476 998750 785426
 5851.578823 28737 1100 1100 1100 1100 76 46 0 76 52 0 76 42 0 76 44 0 15006 1210000 18150 789120 997500 786633
 5851.778823 28738 1100 1100 1100 1100 76 46 0 76 52 0 76 42 0 76 44 0 15250 1210000 18150 789668 997500 786633
 5851.978823 28739 1100 1100 1100 1100 76 46 0 76 52 0 76 42 0 76 44 0 15250 1210000 18150 789668 997500 786633
 5852.178824 28740 1100 1100 1100 1100 76 46 0 76 52 0 76 42 0 76 44 0 14762 1210000 16940 788024 997500 785636
 5852.378824 28741 1100 1100 1100 1100 76 46 0 76 52 0 76 42 0 76 44 0 15006 1210000 18150 790216 998750 788420
 5852.578823 28742 1100 1100 1100 1100 76 46 0 76 52 0 76 42 0 76 44 0 15250 1210000 18150 785010 998750 783430
 5852.778823 28743 1100 1100 1100 1100 76 46 0 76 52 0 76 42 0 76 44 0 15250 1210000 18150 785010 998750 783430
 5852.978823 28744 1100 1100 1100 1100 76 46 0 76 52 0 76 42 0 76 44 0 15006 1210000 18150 784736 998750 782432
 5853.178823 28745 1100 1100 1100 1100 76 46 0 76 52 0 76 42 0 76 44 0 15006 1210000 18150 785010 998750 783430
 5853.378819 28746 1100 1100 1100 1100 76 46 0 76 52 0 76 42 0 76 44 0 15006 1210000 18150 788298 997500 785636
 5853.578752 28747 1100 1100 1100 1100 76 46 0 76 52 0 76 42 0 76 44 0 15006 1210000 18150 788298 997500 785636
 5853.778823 28748 1100 1100 1100 1100 76 46 0 76 52 0 76 42 0 76 44 0 15006 1210000 18150 788298 997500 785636
 5853.978824 28749 1100 1100 1100 1100 76 46 0 76 52 0 76 42 0 76 44 0 15006 1210000 18150 787476 997500 784639
 5854.178823 28750 1100 1100 1100 1100 76 46 0 76 52 0 76 42 0 76 44 0 15250 1210000 18150 789120 997500 786633
 5854.378823 28751 1100 1100 1100 1100 76 46 0 76 52 0 76 42 0 76 44 0 14762 1210000 16940 786928 998750 784428
 5854.578823 28752 1100 1100 1100 1100 76 46 0 76 52 0 76 42 0 76 44 0 14762 1210000 16940 786928 998750 784428
 5854.778769 28753 1100 1100 1100 1100 76 46 0 76 52 0 76 42 0 76 44 0 15006 1210000 18150 786928 997500 783642
 5854.978823 28754 1100 1100 1100 1100 76 46 0 76 52 0 76 42 0 76 44 0 15006 1210000 18150 804738 998750 802392
 5855.178823 28755 1100 1100 1100 1100 76 46 0 76 52 0 76 42 0 76 44 0 15006 1210000 18150 791860 997500 788627
 5855.378823 28756 1100 1100 1100 1100 76 46 0 76 52 0 76 42 0 76 44 0 15006 1210000 18150 791860 997500 788627
 5855.578801 28757 1100 1100 1100 1100 76 46 0 76 52 0 76 42 0 76 44 0 15006 1210000 18150 791860 997500 788627
 5855.778797 28758 1100 1100 1100 1100 76 46 0 76 52 0 76 42 0 76 44 0 15006 1210000 18150 791312 997500 788627
 5855.978801 28759 1100 1100 1100 1100 76 46 0 76 52 0 76 42 0 76 44 0 15006 1210000 18150 790490 997500 787630
 5856.178802 28760 1100 1100 1100 1100 76 46 0 76 52 0 76 42 0 76 44 0 15006 1210000 18150 790490 997500 787630
 5856.378802 28761 1100 1100 1100 1100 76 46 0 76 52 0 76 42 0 76 44 0 15250 1210000 18150 789120 997500 786633
 5856.578802 28762 1100 1100 1100 1100 76 46 0 76 52 0 76 42 0 76 44 0 14762 1210000 16940 786380 997500 783642
 5856.778801 28763 1100 1100 1100 1100 76 46 0 76 52 0 76 42 0 76 44 0 15006 1210000 18150 786928 997500 783642
 5856.978802 28764 1100 1100 1100 1100 76 46 0 76 52 0 76 42 0 76 44 0 15006 1210000 18150 786928 997500 783642
 5857.178801 28765 1100 1100 1100 1100 76 46 0 76 52 0 76 42 0 76 44 0 15006 1208750 18120 789120 997500 786633
 5857.378801 28766 1100 1100 1100 1100 76 46 0 76 52 0 76 42 0 76 44 0 15006 1210000 18150 789394 997500 786633
 5857.578802 28767 1100 1100 1100 1100 76 46 0 76 52 0 76 42 0 76 44 0 15250 1210000 18150 789394 997500 786633
 5857.778801 28768 1100 1100 1100 1100 76 46 0 76 52 0 76 42 0 76 44 0 15250 1210000 18150 789394 997500 786633
 5857.978801 28769 1100 1100 1100 1100 76 46 0 76 52 0 76 42 0 76 44 0 15250 1210000 18150 788846 997500 785636
 5858.178749 28770 1100 1100 1100 1100 76 46 0 76 52 0 76 42 0 76 44 0 15006 1210000 18150 785558 997500 782645
 5858.378753 28771 1100 1100 1100 1100 76 46 0 76 52 0 76 42 0 76 44 0 14762 1210000 16940 784736 998750 782432
 5858.578752 28772 1100 1100 1100 1100 76 46 0 76 52 0 76 42 0 76 44 0 14762 1210000 16940 784736 998750 782432
 5858.778835 28773 1100 1100 1100 1100 76 46 0 76 52 0 76 42 0 76 44 0 14762 1210000 16940 783914 998750 781434
 5858.978806 28774 1100 1100 1100 1100 76 46 0 76 52 0 76 42 0 76 44 0 15006 1210000 18150 783366 998750 781434
 5859.178806 28775 1100 1100 1100 1100 76 46 0 76 52 0 76 42 0 76 44 0 14762 1210000 16940 786106 997500 783642
 5859.378806 28776 1100 1100 1100 1100 76 46 0 76 52 0 76 42 0 76 44 0 14762 1210000 16940 786106 997500 783642
 5859.578806 28777 1100 1100 1100 1100 76 46 0 76 52 0 76 42 0 76 44 0 15006 1210000 18150 785832 998750 783430
 5859.778751 28778 1100 1100 1100 1100 76 46 0 76 52 0 76 42 0 76 44 0 15250 1210000 18150 785832 998750 783430
 5859.978807 28779 1100 1100 1100 1100 76 46 0 76 52 0 76 42 0 76 44 0 15006 1208750 18120 798984 998750 796404
 5860.178802 28780 1100 1100 1100 1100 76 46 0 76 52 0 76 42 0 76 44 0 15250 1210000 18150 786928 998750 784428
 5860.378805 28781 1100 1100 1100 1100 76 46 0 76 52 0 76 42 0 76 44 0 15250 1210000 18150 786928 998750 784428
 5860.578801 28782 1100 1100 1100 1100 76 46 0 76 52 0 76 42 0 76 44 0 15006 1210000 18150 785558 998750 783430
 5860.778805 28783 1100 1100 1100 1100 76 46 0 76 52 0 76 42 0 76 44 0 15250 1210000 18150 786106 997500 783642
 5860.978805 28784 1100 1100 1100 1100 76 46 0 76 52 0 76 42 0 76 44 0 15006 1210000 18150 788298 998750 786424
 5861.178805 28785 1100 1100 1100 1100 76 46 0 76 52 0 76 42 0 76 44 0 15006 1210000 18150 788298 998750 786424
 5861.378805 28786 1100 1100 1100 1100 76 46 0 76 52 0 76 42 0 76 44 0 15006 1210000 18150 788846 998750 786424
 5861.578806 28787 1100 1100 1100 1100 76 46 0 76 52 0 76 42 0 76 44 0 15006 1210000 18150 789120 997500 786633
 5861.778822 28788 1100 1100 1100 1100 76 46 0 76 52 0 76 42 0 76 44 0 15006 1210000 18150 785284 997500 782645
 5861.978806 28789 1100 1100 1100 1100 76 46 0 76 52 0 76 42 0 76 44 0 15006 1210000 18150 785284 997500 782645
 5862.178822 28790 1100 1100 1100 1100 76 46 0 76 52 0 76 42 0 76 44 0 15250 1210000 18150 785010 997500 782645
 5862.378822 28791 1100 1100 1100 1100 76 46 0 76 52 0 76 42 0 76 44 0 15006 1210000 18150 787476 997500 784639
 5862.578823 28792 1100 1100 1100 1100 76 46 0 76 52 0 76 42 0 76 44 0 15250 1210000 18150 785832 997500 782645
 5862.778822 28793 1100 1100 1100 1100 76 46 0 76 52 0 76 42 0 76 44 0 15250 1210000 18150 785832 997500 782645
 5862.978819 28794 1100 1100 1100 1100 76 46 0 76 52 0 76 42 0 76 44 0 15006 1210000 18150 787202 998750 785426
 5863.178822 28795 1100 1100 1100 1100 76 46 0 76 52 0 76 42 0 76 44 0 14762 1210000 16940 789942 998750 787422
 5863.378823 28796 1100 1100 1100 1100 76 46 0 76 52 0 76 42 0 76 44 0 15006 1210000 18150 788846 997500 785636
 5863.578822 28797 1100 1100 1100 1100 76 46 0 76 52 0 76 42 0 76 44 0 15006 1210000 18150 788846 997500 785636
 5863.778822 28798 1100 1100 1100 1100 76 46 0 76 52 0 76 42 0 76 44 0 15250 1210000 18150 787202 997500 784639
 5863.978818 28799 1100 1100 1100 1100 76 46 0 76 52 0 76 42 0 76 44 0 15006 1210000 18150 787476 997500 784639
 5864.178824 28800 1100 1100 1100 1100 76 46 0 76 52 0 76 42 0 76 44 0 15006 1210000 18150 787476 997500 784639
 5864.378822 28801 1100 1100 1100 1100 76 46 0 76 52 0 76 42 0 76 44 0 15006 1210000 18150 787476 997500 784639
 5864.578822 28802 1100 1100 1100 1100 76 46 0 76 52 0 76 42 0 76 44 0 15006 1210000 18150 786106 997500 783642
 5864.778753 28803 1100 1100 1100 1100 76 46 0 76 52 0 76 42 0 76 44 0 15006 1210000 18150 789120 997500 786633
 5864.978824 28804 1100 1100 1100 1100 76 46 0 76 52 0 76 42 0 76 44 0 15006 1208750 18120 796518 997500 793612
 5865.178823 28805 1100 1100 1100 1100 76 46 0 76 52 0 76 42 0 76 44 0 15006 1208750 18120 796518 997500 793612
 5865.378822 28806 1100 1100 1100 1100 76 46 0 76 52 0 76 42 0 76 44 0 15006 1210000 18150 789394 998750 787422
 5865.578822 28807 1100 1100 1100 1100 76 46 0 76 52 0 76 42 0 76 44 0 15006 1210000 18150 789394 998750 787422
 5865.778824 28808 1100 1100 1100 1100 76 46 0 76 52 0 76 42 0 76 44 0 15006 1210000 18150 788024 998750 786424
 5865.978805 28809 1100 1100 1100 1100 76 46 0 76 52 0 76 42 0 76 44 0 15006 1210000 18150 788024 998750 786424
 5866.178822 28810 1100 1100 1100 1100 76 46 0 76 52 0 76 42 0 76 44 0 15006 1210000 18150 789120 997500 786633
 5866.378819 28811 1100 1100 1100 1100 76 46 0 76 52 0 76 42 0 76 44 0 15006 1210000 18150 789394 997500 786633
 5866.578822 28812 1100 1100 1100 1100 76 46 0 76 52 0 76 42 0 76 44 0 15006 1210000 18150 790216 998750 788420
 5866.778823 28813 1100 1100 1100 1100 76 46 0 76 52 0 76 42 0 76 44 0 15250 1210000 18150 789668 997500 786633
 5866.978824 28814 1100 1100 1100 1100 76 46 0 76 52 0 76 42 0 76 44 0 15250 1210000 18150 789668 997500 786633
 5867.178822 28815 1100 1100 1100 1100 76 46 0 76 52 0 76 42 0 76 44 0 14762 1210000 16940 795422 998750 793410
 5867.378822 28816 1100 1100 1100 1100 76 46 0 76 52 0 76 42 0 76 44 0 15006 1210000 18150 795422 998750 793410
 5867.578823 28817 1100 1100 1100 1100 76 46 0 76 52 0 76 42 0 76 44 0 15006 1210000 18150 788572 997500 785636
 5867.778822 28818 1100 1100 1100 1100 76 46 0 76 52 0 76 42 0 76 44 0 15006 1210000 18150 788572 997500 785636
 5867.978822 28819 1100 1100 1100 1100 76 46 0 76 52 0 76 42 0 76 44 0 15006 1210000 18150 786928 997500 783642
 5868.178823 28820 1100 1100 1100 1100 76 46 0 76 52 0 76 42 0 76 44 0 15006 1210000 18150 787202 998750 785426
 5868.378823 28821 1100 1100 1100 1100 76 46 0 76 52 0 76 42 0 76 44 0 15006 1210000 18150 786928 998750 784428
 5868.578822 28822 1100 1100 1100 1100 76 46 0 76 52 0 76 42 0 76 44 0 15006 1210000 18150 786928 998750 784428
 5868.778819 28823 1100 1100 1100 1100 76 46 0 76 52 0 76 42 0 76 44 0 15250 1210000 18150 786654 997500 783642
 5868.978823 28824 1100 1100 1100 1100 76 46 0 76 52 0 76 42 0 76 44 0 15250 1210000 18150 786106 998750 784428
 5869.178824 28825 1100 1100 1100 1100 76 46 0 76 52 0 76 42 0 76 44 0 15006 1210000 18150 786380 998750 784428
 5869.378822 28826 1100 1100 1100 1100 76 46 0 76 52 0 76 42 0 76 44 0 15006 1210000 18150 786380 998750 784428
 5869.578822 28827 1100 1100 1100 1100 76 46 0 76 52 0 76 42 0 76 44 0 15006 1210000 18150 784188 998750 782432
 5869.778823 28828 1100 1100 1100 1100 76 46 0 76 52 0 76 42 0 76 44 0 15006 1210000 18150 783914 997500 780651
 5869.978824 28829 1100 1100 1100 1100 76 46 0 76 52 0 76 42 0 76 44 0 15250 1210000 18150 783366 997500 780651
 5870.178822 28830 1100 1100 1100 1100 76 46 0 76 52 0 76 42 0 76 44 0 15250 1210000 18150 783366 997500 780651
 5870.378822 28831 1100 1100 1100 1100 76 46 0 76 52 0 76 42 0 76 44 0 15006 1210000 18150 785832 997500 782645
 5870.578823 28832 1100 1100 1100 1100 76 46 0 76 52 0 76 42 0 76 44 0 15006 1210000 18150 786106 998750 784428
 5870.778823 28833 1100 1100 1100 1100 76 46 0 76 52 0 76 42 0 76 44 0 14762 1210000 16940 788024 997500 785636
 5870.978823 28834 1100 1100 1100 1100 76 46 0 76 52 0 76 42 0 76 44 0 14762 1210000 16940 788024 997500 785636
 5871.178818 28835 1100 1100 1100 1100 76 46 0 76 52 0 76 42 0 76 44 0 15006 1210000 18150 788846 998750 786424
 5871.378822 28836 1100 1100 1100 1100 76 46 0 76 52 0 76 42 0 76 44 0 15250 1210000 18150 787202 998750 785426
 5871.578823 28837 1100 1100 1100 1100 76 46 0 76 52 0 76 42 0 76 44 0 15006 1210000 18150 785832 997500 782645
 5871.778822 28838 1100 1100 1100 1100 76 46 0 76 52 0 76 42 0 76 44 0 15006 1210000 18150 785832 997500 782645
 5871.978824 28839 1100 1100 1100 1100 76 46 0 76 52 0 76 42 0 76 44 0 15006 1210000 18150 787476 997500 784639
 5872.178823 28840 1100 1100 1100 1100 76 46 0 76 52 0 76 42 0 76 44 0 15250 1210000 18150 791586 997500 788627
 5872.378822 28841 1100 1100 1100 1100 76 46 0 76 52 0 76 42 0 76 44 0 15006 1210000 18150 788846 997500 785636
 5872.578801 28842 1100 1100 1100 1100 76 46 0 76 52 0 76 42 0 76 44 0 15250 1210000 18150 790764 997500 787630
 5872.778822 28843 1100 1100 1100 1100 76 46 0 76 52 0 76 42 0 76 44 0 15250 1210000 18150 790764 997500 787630
 5872.978823 28844 1100 1100 1100 1100 76 46 0 76 52 0 76 42 0 76 44 0 15006 1208750 18120 791586 997500 788627
 5873.178822 28845 1100 1100 1100 1100 76 46 0 76 52 0 76 42 0 76 44 0 14762 1210000 16940 786380 998750 784428
 5873.378819 28846 1100 1100 1100 1100 76 46 0 76 52 0 76 42 0 76 44 0 14762 1210000 16940 788298 997500 785636
 5873.578822 28847 1100 1100 1100 1100 76 46 0 76 52 0 76 42 0 76 44 0 14762 1210000 16940 788298 997500 785636
 5873.778822 28848 1100 1100 1100 1100 76 46 0 76 52 0 76 42 0 76 44 0 15250 1210000 18150 788572 997500 785636
 5873.978823 28849 1100 1100 1100 1100 76 46 0 76 52 0 76 42 0 76 44 0 15006 1210000 18150 788298 997500 785636
 5874.178823 28850 1100 1100 1100 1100 76 46 0 76 52 0 76 42 0 76 44 0 15006 1210000 18150 789394 997500 786633
 5874.378823 28851 1100 1100 1100 1100 76 46 0 76 52 0 76 42 0 76 44 0 15006 1210000 18150 789394 997500 786633
 5874.578822 28852 1100 1100 1100 1100 76 46 0 76 52 0 76 42 0 76 44 0 14762 1210000 16940 789394 997500 786633
 5874.778823 28853 1100 1100 1100 1100 76 46 0 76 52 0 76 42 0 76 44 0 15006 1210000 18150 788572 997500 785636
 5874.978824 28854 1100 1100 1100 1100 76 46 0 76 52 0 76 42 0 76 44 0 15006 1210000 18150 786106 997500 783642
 5875.178822 28855 1100 1100 1100 1100 76 46 0 76 52 0 76 42 0 76 44 0 15006 1210000 18150 786106 997500 783642
 5875.378822 28856 1100 1100 1100 1100 76 46 0 76 52 0 76 42 0 76 44 0 15250 1210000 18150 789120 997500 786633
 5875.578822 28857 1100 1100 1100 1100 76 46 0 76 52 0 76 42 0 76 44 0 15006 1210000 18150 786106 998750 784428
 5875.778824 28858 1100 1100 1100 1100 76 46 0 76 52 0 76 42 0 76 44 0 15250 1210000 18150 787202 997500 784639
 5875.978823 28859 1100 1100 1100 1100 76 46 0 76 52 0 76 42 0 76 44 0 15250 1210000 18150 787202 997500 784639
 5876.178822 28860 1100 1100 1100 1100 76 46 0 76 52 0 76 42 0 76 44 0 15250 1210000 18150 791586 998750 789418
 5876.378822 28861 1100 1100 1100 1100 76 46 0 76 52 0 76 42 0 76 44 0 15006 1210000 18150 788846 997500 785636
 5876.578823 28862 1100 1100 1100 1100 76 46 0 76 52 0 76 42 0 76 44 0 15006 1210000 18150 788846 997500 785636
 5876.778822 28863 1100 1100 1100 1100 76 46 0 76 52 0 76 42 0 76 44 0 15006 1210000 18150 788846 997500 785636
 5876.978819 28864 1100 1100 1100 1100 76 46 0 76 52 0 76 42 0 76 44 0 15006 1210000 18150 786380 997500 783642
 5877.178822 28865 1100 1100 1100 1100 76 46 0 76 52 0 76 42 0 76 44 0 15006 1210000 18150 786380 998750 784428
 5877.378823 28866 1100 1100 1100 1100 76 46 0 76 52 0 76 42 0 76 44 0 15250 1210000 18150 787750 998750 785426
 5877.578823 28867 1100 1100 1100 1100 76 46 0 76 52 0 76 42 0 76 44 0 15250 1210000 18150 787750 998750 785426
 5877.778823 28868 1100 1100 1100 1100 76 46 0 76 52 0 76 42 0 76 44 0 14762 1210000 16940 787750 997500 784639
 5877.978823 28869 1100 1100 1100 1100 76 46 0 76 52 0 76 42 0 76 44 0 15250 1210000 18150 790216 997500 787630
 5878.178868 28870 1100 1100 1100 1100 76 46 0 76 52 0 76 42 0 76 44 0 15250 1210000 18150 790216 997500 787630
 5878.378846 28871 1100 1100 1100 1100 76 46 0 76 52 0 76 42 0 76 44 0 15250 1210000 18150 790216 997500 787630
 5878.578861 28872 1100 1100 1100 1100 76 46 0 76 52 0 76 42 0 76 44 0 15006 1210000 18150 290988 996250 288840
 5878.778860 28873 1100 1100 1100 1100 76 46 0 76 52 0 76 42 0 76 44 0 15006 1210000 18150 49594 995000 48755
 5878.978864 28874 1100 1100 1100 1100 76 46 0 76 52 0 76 42 0 76 44 0 15250 1210000 18150 49046 995000 48755
 5879.178834 28875 1100 1100 1100 1100 75 46 0 75 52 0 75 42 0 75 44 0 15006 1210000 18150 49594 995000 48755
 5879.378861 28876 1100 1100 1100 1100 75 46 0 75 52 0 75 42 0 75 44 0 15006 1210000 18150 49594 995000 48755
 5879.578861 28877 1100 1100 1100 1100 75 46 0 75 52 0 75 42 0 75 44 0 15250 1210000 18150 48224 995000 47760
 5879.778860 28878 1100 1100 1100 1100 75 46 0 75 52 0 75 42 0 75 44 0 15250 1210000 18150 51238 995000 50745
 5879.978863 28879 1100 1100 1100 1100 75 46 0 75 52 0 75 42 0 75 44 0 14762 1210000 16940 49868 995000 48755
 5880.178864 28880 1100 1100 1100 1100 74 46 0 74 52 0 74 42 0 74 44 0 14762 1210000 16940 49868 995000 48755
 5880.378861 28881 1100 1100 1100 1100 74 46 0 74 52 0 74 42 0 74 44 0 15250 1210000 18150 52608 995000 51740
 5880.578861 28882 1100 1100 1100 1100 74 46 0 74 52 0 74 42 0 74 44 0 14762 1210000 16940 50142 995000 49750
 5880.778864 28883 1100 1100 1100 1100 74 46 0 74 52 0 74 42 0 74 44 0 14762 1210000 16940 49868 995000 48755
