 6377.398848 31366 1000 1000 1000 1000 73 46 0 73 52 0 73 42 0 73 44 0 14762 1210000 16940 46854 957500 44022
 6377.598803 31367 1000 1000 1000 1000 72 46 0 72 52 0 72 42 0 72 44 0 14762 1210000 16940 46854 957500 44022
 6377.798804 31368 1000 1000 1000 1000 72 46 0 72 52 0 72 42 0 72 44 0 14518 1210000 16940 50964 957500 47850
 6377.998835 31369 1000 1000 1000 1000 72 46 0 72 52 0 72 42 0 72 44 0 14518 1210000 16940 45210 957500 43065
 6378.198804 31370 1000 1000 1000 1000 72 46 0 72 52 0 72 42 0 72 44 0 14518 1210000 16940 41648 957500 39237
 6378.398805 31371 1000 1000 1000 1000 72 46 0 72 52 0 72 42 0 72 44 0 14518 1210000 16940 41648 957500 39237
 6378.598805 31372 1000 1000 1000 1000 72 46 0 72 52 0 72 42 0 72 44 0 14762 1210000 16940 42470 957500 40194
 6378.798806 31373 1000 1000 1000 1000 72 46 0 72 52 0 72 42 0 72 44 0 14762 1210000 16940 42470 957500 40194
 6378.998835 31374 1000 1000 1000 1000 72 46 0 72 52 0 72 42 0 72 44 0 14518 1210000 16940 44662 957500 42108
 6379.198890 31375 1000 1000 1000 1000 72 46 0 72 52 0 72 42 0 72 44 0 14518 1210000 16940 44662 957500 42108
 6379.398804 31376 1000 1000 1000 1000 72 46 0 72 52 0 72 42 0 72 44 0 14762 1210000 16940 193718 958750 184894
 6379.598799 31377 1000 1000 1000 1000 72 46 0 72 52 0 72 42 0 72 44 0 14518 1210000 16940 46854 957500 44022
 6379.798804 31378 1000 1000 1000 1000 72 46 0 72 52 0 72 42 0 72 44 0 14518 1210000 16940 46854 957500 44022
 6379.998800 31379 1000 1000 1000 1000 72 46 0 72 52 0 72 42 0 72 44 0 14518 1210000 16940 46854 957500 44022
 6380.198980 31380 1000 1000 1000 1000 72 46 0 72 52 0 72 42 0 72 44 0 14518 1210000 16940 46032 957500 44022
 6380.398887 31381 1000 1000 1000 1000 72 46 0 72 52 0 72 42 0 72 44 0 14762 1210000 16940 173990 957500 165561
 6380.598865 31382 1000 1000 1000 1000 72 46 0 72 52 0 72 42 0 72 44 0 14762 1210000 16940 683630 960000 655680
 6380.798992 31383 1000 1000 1000 1000 72 46 0 72 52 0 72 42 0 72 44 0 14518 1210000 16940 649380 958750 621742
 6380.998815 31384 1000 1000 1000 1000 72 46 0 72 52 0 72 42 0 72 44 0 14518 1210000 16940 649380 958750 621742
 6381.198813 31385 1000 1000 1000 1000 75 46 0 75 52 0 75 42 0 75 44 0 14762 1210000 16940 608006 958750 582464
 6381.398812 31386 1000 1000 1000 1000 75 46 0 75 52 0 75 42 0 75 44 0 14518 1210000 16940 520326 958750 498160
 6381.598810 31387 1000 1000 1000 1000 75 46 0 75 52 0 75 42 0 75 44 0 14762 1210000 16940 534300 958750 511572
 6381.798812 31388 1000 1000 1000 1000 75 46 0 75 52 0 75 42 0 75 44 0 14762 1210000 16940 534300 958750 511572
 6381.998844 31389 1000 1000 1000 1000 76 46 0 76 52 0 76 42 0 76 44 0 14762 1210000 16940 531834 958750 508698
 6382.198811 31390 1000 1000 1000 1000 76 46 0 76 52 0 76 42 0 76 44 0 14518 1210000 16940 532656 958750 509656
 6382.398811 31391 1000 1000 1000 1000 76 46 0 76 52 0 76 42 0 76 44 0 14762 1210000 16940 533204 958750 510614
 6382.598810 31392 1000 1000 1000 1000 76 46 0 76 52 0 76 42 0 76 44 0 14762 1210000 16940 533204 958750 510614
 6382.798811 31393 1000 1000 1000 1000 76 46 0 76 52 0 76 42 0 76 44 0 14762 1210000 16940 533204 958750 510614
 6382.998838 31394 1000 1000 1000 1000 76 46 0 76 52 0 76 42 0 76 44 0 14762 1210000 16940 534848 958750 511572
 6383.198829 31395 1000 1000 1000 1000 76 46 0 76 52 0 76 42 0 76 44 0 14762 1210000 16940 535396 958750 512530
 6383.398829 31396 1000 1000 1000 1000 76 46 0 76 52 0 76 42 0 76 44 0 14762 1210000 16940 535396 958750 512530
 6383.598867 31397 1000 1000 1000 1000 76 46 0 76 52 0 76 42 0 76 44 0 14518 1210000 16940 536766 958750 513488
 6383.798829 31398 1000 1000 1000 1000 76 46 0 76 52 0 76 42 0 76 44 0 14518 1208750 16912 536492 958750 513488
 6383.998861 31399 1000 1000 1000 1000 76 46 0 76 52 0 76 42 0 76 44 0 14518 1208750 16912 535944 958750 512530
 6384.198830 31400 1000 1000 1000 1000 76 46 0 76 52 0 76 42 0 76 44 0 14518 1208750 16912 535944 958750 512530
 6384.398828 31401 1000 1000 1000 1000 76 46 0 76 52 0 76 42 0 76 44 0 14762 1210000 16940 536766 958750 513488
 6384.598830 31402 1000 1000 1000 1000 76 46 0 76 52 0 76 42 0 76 44 0 14762 1210000 16940 536492 958750 513488
 6384.798829 31403 1000 1000 1000 1000 76 46 0 76 52 0 76 42 0 76 44 0 14762 1210000 16940 535670 958750 512530
 6384.998842 31404 1000 1000 1000 1000 76 46 0 76 52 0 76 42 0 76 44 0 14762 1210000 16940 535670 958750 512530
 6385.198828 31405 1000 1000 1000 1000 76 46 0 76 52 0 76 42 0 76 44 0 14518 1210000 16940 535944 958750 512530
 6385.398824 31406 1000 1000 1000 1000 76 46 0 76 52 0 76 42 0 76 44 0 14518 1210000 16940 536218 958750 513488
 6385.598829 31407 1000 1000 1000 1000 76 46 0 76 52 0 76 42 0 76 44 0 14518 1210000 16940 535944 958750 512530
 6385.798829 31408 1000 1000 1000 1000 76 46 0 76 52 0 76 42 0 76 44 0 14518 1210000 16940 535944 958750 512530
 6385.998861 31409 1000 1000 1000 1000 76 46 0 76 52 0 76 42 0 76 44 0 14762 1210000 16940 534848 958750 511572
 6386.198828 31410 1000 1000 1000 1000 76 46 0 76 52 0 76 42 0 76 44 0 14762 1210000 16940 535122 958750 512530
 6386.398829 31411 1000 1000 1000 1000 76 46 0 76 52 0 76 42 0 76 44 0 14762 1210000 16940 534574 958750 511572
 6386.598754 31412 1000 1000 1000 1000 76 46 0 76 52 0 76 42 0 76 44 0 14762 1210000 16940 534574 958750 511572
 6386.798828 31413 1000 1000 1000 1000 76 46 0 76 52 0 76 42 0 76 44 0 14762 1210000 16940 534574 958750 511572
 6386.998860 31414 1000 1000 1000 1000 76 46 0 76 52 0 76 42 0 76 44 0 14762 1210000 16940 535122 958750 512530
 6387.198828 31415 1000 1000 1000 1000 76 46 0 76 52 0 76 42 0 76 44 0 14762 1210000 16940 535122 958750 512530
 6387.398829 31416 1000 1000 1000 1000 76 46 0 76 52 0 76 42 0 76 44 0 14762 1210000 16940 534026 958750 511572
 6387.598828 31417 1000 1000 1000 1000 76 46 0 76 52 0 76 42 0 76 44 0 14762 1210000 16940 534026 958750 511572
 6387.798824 31418 1000 1000 1000 1000 76 46 0 76 52 0 76 42 0 76 44 0 14518 1210000 16940 534026 958750 511572
 6387.998860 31419 1000 1000 1000 1000 76 46 0 76 52 0 76 42 0 76 44 0 14762 1210000 16940 533752 958750 510614
 6388.198828 31420 1000 1000 1000 1000 76 46 0 76 52 0 76 42 0 76 44 0 14762 1210000 16940 533204 958750 510614
 6388.398828 31421 1000 1000 1000 1000 76 46 0 76 52 0 76 42 0 76 44 0 14762 1210000 16940 533204 958750 510614
 6388.598830 31422 1000 1000 1000 1000 76 46 0 76 52 0 76 42 0 76 44 0 14762 1210000 16940 534848 958750 511572
 6388.798829 31423 1000 1000 1000 1000 76 46 0 76 52 0 76 42 0 76 44 0 14762 1210000 16940 535396 958750 512530
 6388.998842 31424 1000 1000 1000 1000 76 46 0 76 52 0 76 42 0 76 44 0 14762 1210000 16940 535944 958750 512530
 6389.198829 31425 1000 1000 1000 1000 76 46 0 76 52 0 76 42 0 76 44 0 14762 1210000 16940 535944 958750 512530
 6389.398828 31426 1000 1000 1000 1000 76 46 0 76 52 0 76 42 0 76 44 0 14518 1210000 16940 535944 958750 512530
 6389.598829 31427 1000 1000 1000 1000 76 46 0 76 52 0 76 42 0 76 44 0 14762 1210000 16940 534574 958750 511572
 6389.798829 31428 1000 1000 1000 1000 76 46 0 76 52 0 76 42 0 76 44 0 14762 1210000 16940 534848 958750 511572
 6389.998861 31429 1000 1000 1000 1000 76 46 0 76 52 0 76 42 0 76 44 0 14762 1210000 16940 534848 958750 511572
 6390.198824 31430 1000 1000 1000 1000 76 46 0 76 52 0 76 42 0 76 44 0 14762 1210000 16940 535122 958750 512530
 6390.398828 31431 1000 1000 1000 1000 76 46 0 76 52 0 76 42 0 76 44 0 15006 1210000 18150 534848 958750 511572
 6390.598828 31432 1000 1000 1000 1000 76 46 0 76 52 0 76 42 0 76 44 0 14762 1210000 16940 535670 958750 512530
 6390.798828 31433 1000 1000 1000 1000 76 46 0 76 52 0 76 42 0 76 44 0 14762 1210000 16940 535670 958750 512530
 6390.998860 31434 1000 1000 1000 1000 76 46 0 76 52 0 76 42 0 76 44 0 14762 1210000 16940 535670 958750 512530
 6391.198828 31435 1000 1000 1000 1000 76 46 0 76 52 0 76 42 0 76 44 0 14762 1210000 16940 534026 958750 511572
 6391.398830 31436 1000 1000 1000 1000 76 46 0 76 52 0 76 42 0 76 44 0 14762 1210000 16940 534574 958750 511572
 6391.598829 31437 1000 1000 1000 1000 76 46 0 76 52 0 76 42 0 76 44 0 14762 1210000 16940 534574 958750 511572
 6391.798828 31438 1000 1000 1000 1000 76 46 0 76 52 0 76 42 0 76 44 0 14762 1210000 16940 533478 958750 510614
 6391.998860 31439 1000 1000 1000 1000 76 46 0 76 52 0 76 42 0 76 44 0 14762 1210000 16940 534574 958750 511572
 6392.198829 31440 1000 1000 1000 1000 76 46 0 76 52 0 76 42 0 76 44 0 14518 1210000 16940 533478 958750 510614
 6392.398810 31441 1000 1000 1000 1000 76 46 0 76 52 0 76 42 0 76 44 0 14518 1210000 16940 533478 958750 510614
 6392.598824 31442 1000 1000 1000 1000 76 46 0 76 52 0 76 42 0 76 44 0 14762 1210000 16940 536218 958750 513488
 6392.798829 31443 1000 1000 1000 1000 76 46 0 76 52 0 76 42 0 76 44 0 14762 1210000 16940 535944 958750 512530
 6392.998841 31444 1000 1000 1000 1000 76 46 0 76 52 0 76 42 0 76 44 0 14762 1210000 16940 535670 958750 512530
 6393.198805 31445 1000 1000 1000 1000 76 46 0 76 52 0 76 42 0 76 44 0 14762 1210000 16940 538410 958750 515404
 6393.398829 31446 1000 1000 1000 1000 76 46 0 76 52 0 76 42 0 76 44 0 14762 1210000 16940 538410 958750 515404
 6393.598829 31447 1000 1000 1000 1000 76 46 0 76 52 0 76 42 0 76 44 0 14762 1210000 16940 534300 958750 511572
 6393.798828 31448 1000 1000 1000 1000 76 46 0 76 52 0 76 42 0 76 44 0 14762 1210000 16940 535396 958750 512530
 6393.998860 31449 1000 1000 1000 1000 76 46 0 76 52 0 76 42 0 76 44 0 14762 1210000 16940 536492 958750 513488
 6394.198829 31450 1000 1000 1000 1000 76 46 0 76 52 0 76 42 0 76 44 0 14762 1210000 16940 536492 958750 513488
 6394.398829 31451 1000 1000 1000 1000 76 46 0 76 52 0 76 42 0 76 44 0 14762 1210000 16940 535396 958750 512530
 6394.598829 31452 1000 1000 1000 1000 76 46 0 76 52 0 76 42 0 76 44 0 14518 1208750 16912 536492 958750 513488
 6394.798824 31453 1000 1000 1000 1000 76 46 0 76 52 0 76 42 0 76 44 0 14762 1210000 16940 537314 958750 514446
 6394.998855 31454 1000 1000 1000 1000 76 46 0 76 52 0 76 42 0 76 44 0 14762 1210000 16940 537314 958750 514446
 6395.198828 31455 1000 1000 1000 1000 76 46 0 76 52 0 76 42 0 76 44 0 15006 1210000 18150 537040 958750 514446
 6395.398829 31456 1000 1000 1000 1000 76 46 0 76 52 0 76 42 0 76 44 0 14762 1210000 16940 535670 958750 512530
 6395.598828 31457 1000 1000 1000 1000 76 46 0 76 52 0 76 42 0 76 44 0 14518 1210000 16940 535670 958750 512530
 6395.798828 31458 1000 1000 1000 1000 76 46 0 76 52 0 76 42 0 76 44 0 14518 1210000 16940 535670 958750 512530
 6395.998860 31459 1000 1000 1000 1000 76 46 0 76 52 0 76 42 0 76 44 0 14762 1210000 16940 534300 958750 511572
 6396.198829 31460 1000 1000 1000 1000 76 46 0 76 52 0 76 42 0 76 44 0 14762 1210000 16940 534848 958750 511572
 6396.398828 31461 1000 1000 1000 1000 76 46 0 76 52 0 76 42 0 76 44 0 14762 1210000 16940 536218 958750 513488
 6396.598828 31462 1000 1000 1000 1000 76 46 0 76 52 0 76 42 0 76 44 0 14762 1210000 16940 536218 958750 513488
 6396.798829 31463 1000 1000 1000 1000 76 46 0 76 52 0 76 42 0 76 44 0 14762 1210000 16940 535122 958750 512530
 6396.998843 31464 1000 1000 1000 1000 76 46 0 76 52 0 76 42 0 76 44 0 14762 1210000 16940 535396 958750 512530
 6397.198823 31465 1000 1000 1000 1000 76 46 0 76 52 0 76 42 0 76 44 0 14762 1210000 16940 534026 958750 511572
 6397.398829 31466 1000 1000 1000 1000 76 46 0 76 52 0 76 42 0 76 44 0 14762 1210000 16940 534026 958750 511572
 6397.598829 31467 1000 1000 1000 1000 76 46 0 76 52 0 76 42 0 76 44 0 14518 1210000 16940 533752 958750 510614
 6397.798829 31468 1000 1000 1000 1000 76 46 0 76 52 0 76 42 0 76 44 0 14762 1210000 16940 533478 958750 510614
 6397.998861 31469 1000 1000 1000 1000 76 46 0 76 52 0 76 42 0 76 44 0 14762 1210000 16940 533752 958750 510614
 6398.198829 31470 1000 1000 1000 1000 76 46 0 76 52 0 76 42 0 76 44 0 14762 1210000 16940 533752 958750 510614
 6398.398829 31471 1000 1000 1000 1000 76 46 0 76 52 0 76 42 0 76 44 0 14762 1210000 16940 535944 958750 512530
 6398.598829 31472 1000 1000 1000 1000 76 46 0 76 52 0 76 42 0 76 44 0 14762 1210000 16940 535396 958750 512530
 6398.798829 31473 1000 1000 1000 1000 76 46 0 76 52 0 76 42 0 76 44 0 14762 1210000 16940 535122 958750 512530
 6398.998842 31474 1000 1000 1000 1000 76 46 0 76 52 0 76 42 0 76 44 0 14762 1210000 16940 535122 958750 512530
 6399.198829 31475 1000 1000 1000 1000 76 46 0 76 52 0 76 42 0 76 44 0 14518 1210000 16940 535670 958750 512530
 6399.398829 31476 1000 1000 1000 1000 76 46 0 76 52 0 76 42 0 76 44 0 14762 1210000 16940 534300 958750 511572
 6399.598824 31477 1000 1000 1000 1000 76 46 0 76 52 0 76 42 0 76 44 0 15006 1210000 18150 533478 958750 510614
 6399.798828 31478 1000 1000 1000 1000 76 46 0 76 52 0 76 42 0 76 44 0 14762 1210000 16940 534848 958750 511572
 6399.998860 31479 1000 1000 1000 1000 76 46 0 76 52 0 76 42 0 76 44 0 14762 1210000 16940 534848 958750 511572
 6400.198829 31480 1000 1000 1000 1000 76 46 0 76 52 0 76 42 0 76 44 0 14762 1210000 16940 534848 958750 511572
 6400.398829 31481 1000 1000 1000 1000 76 46 0 76 52 0 76 42 0 76 44 0 15006 1210000 18150 536218 958750 513488
 6400.598824 31482 1000 1000 1000 1000 76 46 0 76 52 0 76 42 0 76 44 0 14762 1210000 16940 536218 958750 513488
 6400.798829 31483 1000 1000 1000 1000 76 46 0 76 52 0 76 42 0 76 44 0 14762 1210000 16940 536218 958750 513488
 6400.998842 31484 1000 1000 1000 1000 76 46 0 76 52 0 76 42 0 76 44 0 14762 1208750 16912 535944 958750 512530
 6401.198828 31485 1000 1000 1000 1000 76 46 0 76 52 0 76 42 0 76 44 0 14762 1210000 16940 535944 958750 512530
 6401.398829 31486 1000 1000 1000 1000 76 46 0 76 52 0 76 42 0 76 44 0 14762 1210000 16940 535670 958750 512530
 6401.598829 31487 1000 1000 1000 1000 76 46 0 76 52 0 76 42 0 76 44 0 14762 1210000 16940 535670 958750 512530
 6401.798830 31488 1000 1000 1000 1000 76 46 0 76 52 0 76 42 0 76 44 0 14762 1210000 16940 534848 958750 511572
 6401.998856 31489 1000 1000 1000 1000 76 46 0 76 52 0 76 42 0 76 44 0 14762 1210000 16940 536492 958750 513488
 6402.198829 31490 1000 1000 1000 1000 76 46 0 76 52 0 76 42 0 76 44 0 15006 1210000 18150 538136 958750 515404
 6402.398829 31491 1000 1000 1000 1000 76 46 0 76 52 0 76 42 0 76 44 0 15006 1210000 18150 538136 958750 515404
 6402.598829 31492 1000 1000 1000 1000 76 46 0 76 52 0 76 42 0 76 44 0 14762 1210000 16940 536218 958750 513488
 6402.798830 31493 1000 1000 1000 1000 76 46 0 76 52 0 76 42 0 76 44 0 14762 1210000 16940 537314 958750 514446
 6402.998855 31494 1000 1000 1000 1000 76 46 0 76 52 0 76 42 0 76 44 0 14762 1210000 16940 536766 958750 513488
 6403.198828 31495 1000 1000 1000 1000 76 46 0 76 52 0 76 42 0 76 44 0 14762 1210000 16940 536766 958750 513488
 6403.398828 31496 1000 1000 1000 1000 76 46 0 76 52 0 76 42 0 76 44 0 14762 1210000 16940 535670 958750 512530
 6403.598829 31497 1000 1000 1000 1000 76 46 0 76 52 0 76 42 0 76 44 0 14762 1210000 16940 535944 958750 512530
 6403.798828 31498 1000 1000 1000 1000 76 46 0 76 52 0 76 42 0 76 44 0 14518 1210000 16940 536492 958750 513488
 6403.998860 31499 1000 1000 1000 1000 76 46 0 76 52 0 76 42 0 76 44 0 14518 1210000 16940 536492 958750 513488
 6404.198829 31500 1000 1000 1000 1000 76 46 0 76 52 0 76 42 0 76 44 0 14762 1210000 16940 536218 958750 513488
 6404.398825 31501 1000 1000 1000 1000 76 46 0 76 52 0 76 42 0 76 44 0 14762 1210000 16940 537314 958750 514446
 6404.598829 31502 1000 1000 1000 1000 76 46 0 76 52 0 76 42 0 76 44 0 14762 1210000 16940 536766 958750 513488
 6404.798751 31503 1000 1000 1000 1000 76 46 0 76 52 0 76 42 0 76 44 0 14762 1210000 16940 536766 958750 513488
 6404.998812 31504 1000 1000 1000 1000 76 46 0 76 52 0 76 42 0 76 44 0 15006 1210000 18150 535670 958750 512530
 6405.198829 31505 1000 1000 1000 1000 76 46 0 76 52 0 76 42 0 76 44 0 14518 1210000 16940 562248 958750 538396
 6405.398824 31506 1000 1000 1000 1000 76 46 0 76 52 0 76 42 0 76 44 0 14762 1210000 16940 533204 958750 510614
 6405.598754 31507 1000 1000 1000 1000 76 46 0 76 52 0 76 42 0 76 44 0 14762 1210000 16940 533204 958750 510614
 6405.798828 31508 1000 1000 1000 1000 76 46 0 76 52 0 76 42 0 76 44 0 14762 1210000 16940 533204 958750 510614
 6405.998862 31509 1000 1000 1000 1000 76 46 0 76 52 0 76 42 0 76 44 0 14762 1210000 16940 534574 958750 511572
 6406.198830 31510 1000 1000 1000 1000 76 46 0 76 52 0 76 42 0 76 44 0 15006 1210000 18150 535122 958750 512530
 6406.398829 31511 1000 1000 1000 1000 76 46 0 76 52 0 76 42 0 76 44 0 14518 1210000 16940 534574 958750 511572
 6406.598829 31512 1000 1000 1000 1000 76 46 0 76 52 0 76 42 0 76 44 0 14518 1210000 16940 534574 958750 511572
 6406.798828 31513 1000 1000 1000 1000 76 46 0 76 52 0 76 42 0 76 44 0 14762 1210000 16940 534574 958750 511572
 6406.998860 31514 1000 1000 1000 1000 77 46 0 77 52 0 77 42 0 77 44 0 14518 1210000 16940 533204 958750 510614
 6407.198828 31515 1000 1000 1000 1000 77 46 0 77 52 0 77 42 0 77 44 0 14762 1210000 16940 534574 958750 511572
 6407.398828 31516 1000 1000 1000 1000 77 46 0 77 52 0 77 42 0 77 44 0 14762 1210000 16940 534574 958750 511572
 6407.598828 31517 1000 1000 1000 1000 77 46 0 77 52 0 77 42 0 77 44 0 15006 1210000 18150 534574 958750 511572
 6407.798824 31518 1000 1000 1000 1000 77 46 0 77 52 0 77 42 0 77 44 0 14762 1210000 16940 535944 958750 512530
 6407.998859 31519 1000 1000 1000 1000 76 46 0 76 52 0 76 42 0 76 44 0 14518 1210000 16940 536766 958750 513488
 6408.198829 31520 1000 1000 1000 1000 76 46 0 76 52 0 76 42 0 76 44 0 14518 1210000 16940 536766 958750 513488
 6408.398829 31521 1000 1000 1000 1000 76 46 0 76 52 0 76 42 0 76 44 0 14762 1210000 16940 536218 958750 513488
 6408.598829 31522 1000 1000 1000 1000 76 46 0 76 52 0 76 42 0 76 44 0 15006 1210000 18150 535944 958750 512530
 6408.798829 31523 1000 1000 1000 1000 76 46 0 76 52 0 76 42 0 76 44 0 15006 1210000 18150 534574 958750 511572
 6408.998842 31524 1000 1000 1000 1000 76 46 0 76 52 0 76 42 0 76 44 0 15006 1210000 18150 534574 958750 511572
 6409.198829 31525 1000 1000 1000 1000 76 46 0 76 52 0 76 42 0 76 44 0 14518 1210000 16940 534848 958750 511572
 6409.398829 31526 1000 1000 1000 1000 76 46 0 76 52 0 76 42 0 76 44 0 14762 1210000 16940 535122 958750 512530
 6409.598828 31527 1000 1000 1000 1000 76 46 0 76 52 0 76 42 0 76 44 0 15006 1210000 18150 535944 958750 512530
 6409.798829 31528 1000 1000 1000 1000 76 46 0 76 52 0 76 42 0 76 44 0 15006 1210000 18150 535944 958750 512530
 6409.998860 31529 1000 1000 1000 1000 76 46 0 76 52 0 76 42 0 76 44 0 14518 1210000 16940 540602 958750 517320
 6410.198826 31530 1000 1000 1000 1000 76 46 0 76 52 0 76 42 0 76 44 0 14762 1210000 16940 535396 958750 512530
 6410.398828 31531 1000 1000 1000 1000 76 46 0 76 52 0 76 42 0 76 44 0 14518 1210000 16940 535396 958750 512530
 6410.598830 31532 1000 1000 1000 1000 76 46 0 76 52 0 76 42 0 76 44 0 14518 1210000 16940 535396 958750 512530
 6410.798829 31533 1000 1000 1000 1000 76 46 0 76 52 0 76 42 0 76 44 0 14762 1210000 16940 535670 958750 512530
 6410.998860 31534 1000 1000 1000 1000 76 46 0 76 52 0 76 42 0 76 44 0 14762 1210000 16940 535944 958750 512530
 6411.198829 31535 1000 1000 1000 1000 76 46 0 76 52 0 76 42 0 76 44 0 14762 1210000 16940 535670 958750 512530
 6411.398809 31536 1000 1000 1000 1000 76 46 0 76 52 0 76 42 0 76 44 0 14762 1210000 16940 535670 958750 512530
 6411.598828 31537 1000 1000 1000 1000 76 46 0 76 52 0 76 42 0 76 44 0 15006 1210000 18150 535944 958750 512530
 6411.798828 31538 1000 1000 1000 1000 76 46 0 76 52 0 76 42 0 76 44 0 14518 1210000 16940 536218 958750 513488
 6411.998860 31539 1000 1000 1000 1000 76 46 0 76 52 0 76 42 0 76 44 0 15006 1210000 18150 535670 958750 512530
 6412.198805 31540 1000 1000 1000 1000 76 46 0 76 52 0 76 42 0 76 44 0 14762 1210000 16940 537040 958750 514446
 6412.398829 31541 1000 1000 1000 1000 76 46 0 76 52 0 76 42 0 76 44 0 14762 1210000 16940 537040 958750 514446
 6412.598824 31542 1000 1000 1000 1000 76 46 0 76 52 0 76 42 0 76 44 0 14762 1210000 16940 537040 958750 514446
 6412.798829 31543 1000 1000 1000 1000 76 46 0 76 52 0 76 42 0 76 44 0 14762 1210000 16940 534848 958750 511572
 6412.998842 31544 1000 1000 1000 1000 76 46 0 76 52 0 76 42 0 76 44 0 14762 1210000 16940 535944 958750 512530
 6413.198829 31545 1000 1000 1000 1000 76 46 0 76 52 0 76 42 0 76 44 0 14762 1210000 16940 535944 958750 512530
 6413.398829 31546 1000 1000 1000 1000 76 46 0 76 52 0 76 42 0 76 44 0 14762 1210000 16940 535670 958750 512530
 6413.598828 31547 1000 1000 1000 1000 76 46 0 76 52 0 76 42 0 76 44 0 15006 1210000 18150 536218 958750 513488
 6413.798829 31548 1000 1000 1000 1000 76 46 0 76 52 0 76 42 0 76 44 0 14518 1210000 16940 537040 958750 514446
 6413.998860 31549 1000 1000 1000 1000 76 46 0 76 52 0 76 42 0 76 44 0 14518 1210000 16940 537040 958750 514446
 6414.198829 31550 1000 1000 1000 1000 76 46 0 76 52 0 76 42 0 76 44 0 14762 1210000 16940 537314 958750 514446
 6414.398831 31551 1000 1000 1000 1000 76 46 0 76 52 0 76 42 0 76 44 0 14762 1210000 16940 536492 958750 513488
 6414.598828 31552 1000 1000 1000 1000 76 46 0 76 52 0 76 42 0 76 44 0 14762 1210000 16940 534026 958750 511572
 6414.798829 31553 1000 1000 1000 1000 76 46 0 76 52 0 76 42 0 76 44 0 14762 1210000 16940 534026 958750 511572
 6414.998856 31554 1000 1000 1000 1000 76 46 0 76 52 0 76 42 0 76 44 0 14518 1210000 16940 534574 958750 511572
 6415.198829 31555 1000 1000 1000 1000 76 46 0 76 52 0 76 42 0 76 44 0 14518 1210000 16940 534300 958750 511572
 6415.398830 31556 1000 1000 1000 1000 76 46 0 76 52 0 76 42 0 76 44 0 14762 1210000 16940 534574 958750 511572
 6415.598828 31557 1000 1000 1000 1000 76 46 0 76 52 0 76 42 0 76 44 0 14762 1210000 16940 534574 958750 511572
 6415.798824 31558 1000 1000 1000 1000 76 46 0 76 52 0 76 42 0 76 44 0 14762 1210000 16940 534848 958750 511572
 6415.998860 31559 1000 1000 1000 1000 76 46 0 76 52 0 76 42 0 76 44 0 14518 1210000 16940 535670 958750 512530
 6416.198829 31560 1000 1000 1000 1000 76 46 0 76 52 0 76 42 0 76 44 0 15006 1210000 18150 535944 958750 512530
 6416.398829 31561 1000 1000 1000 1000 76 46 0 76 52 0 76 42 0 76 44 0 15006 1210000 18150 535944 958750 512530
 6416.598829 31562 1000 1000 1000 1000 76 46 0 76 52 0 76 42 0 76 44 0 14762 1210000 16940 534300 958750 511572
 6416.798829 31563 1000 1000 1000 1000 76 46 0 76 52 0 76 42 0 76 44 0 14762 1210000 16940 533752 958750 510614
 6416.998841 31564 1000 1000 1000 1000 76 46 0 76 52 0 76 42 0 76 44 0 14762 1210000 16940 534300 958750 511572
 6417.198829 31565 1000 1000 1000 1000 76 46 0 76 52 0 76 42 0 76 44 0 14762 1210000 16940 534300 958750 511572
 6417.398824 31566 1000 1000 1000 1000 76 46 0 76 52 0 76 42 0 76 44 0 14762 1210000 16940 535944 958750 512530
 6417.598829 31567 1000 1000 1000 1000 76 46 0 76 52 0 76 42 0 76 44 0 14762 1210000 16940 535670 958750 512530
 6417.798829 31568 1000 1000 1000 1000 76 46 0 76 52 0 76 42 0 76 44 0 15006 1210000 18150 535396 958750 512530
 6417.998841 31569 1000 1000 1000 1000 76 46 0 76 52 0 76 42 0 76 44 0 15006 1210000 18150 535396 958750 512530
 6418.198830 31570 1000 1000 1000 1000 76 46 0 76 52 0 76 42 0 76 44 0 14762 1210000 16940 536218 958750 513488
 6418.398830 31571 1000 1000 1000 1000 76 46 0 76 52 0 76 42 0 76 44 0 14762 1210000 16940 534026 958750 511572
 6418.598831 31572 1000 1000 1000 1000 76 46 0 76 52 0 76 42 0 76 44 0 14762 1210000 16940 535122 958750 512530
 6418.798824 31573 1000 1000 1000 1000 76 46 0 76 52 0 76 42 0 76 44 0 14762 1210000 16940 535670 958750 512530
 6418.998860 31574 1000 1000 1000 1000 76 46 0 76 52 0 76 42 0 76 44 0 14762 1210000 16940 535670 958750 512530
 6419.198830 31575 1000 1000 1000 1000 76 46 0 76 52 0 76 42 0 76 44 0 14762 1210000 16940 535670 958750 512530
 6419.398829 31576 1000 1000 1000 1000 76 46 0 76 52 0 76 42 0 76 44 0 14518 1210000 16940 536218 958750 513488
 6419.598826 31577 1000 1000 1000 1000 76 46 0 76 52 0 76 42 0 76 44 0 15006 1210000 18150 535944 958750 512530
 6419.798829 31578 1000 1000 1000 1000 76 46 0 76 52 0 76 42 0 76 44 0 15006 1210000 18150 535944 958750 512530
 6419.998860 31579 1000 1000 1000 1000 76 46 0 76 52 0 76 42 0 76 44 0 14762 1210000 16940 535944 958750 512530
 6420.198829 31580 1000 1000 1000 1000 76 46 0 76 52 0 76 42 0 76 44 0 14762 1210000 16940 540876 958750 517320
 6420.398828 31581 1000 1000 1000 1000 76 46 0 76 52 0 76 42 0 76 44 0 14518 1210000 16940 535944 958750 512530
 6420.598829 31582 1000 1000 1000 1000 76 46 0 76 52 0 76 42 0 76 44 0 14518 1210000 16940 535944 958750 512530
 6420.798829 31583 1000 1000 1000 1000 76 46 0 76 52 0 76 42 0 76 44 0 15006 1210000 18150 535396 958750 512530
 6420.998842 31584 1000 1000 1000 1000 76 46 0 76 52 0 76 42 0 76 44 0 14518 1210000 16940 536218 958750 513488
 6421.198829 31585 1000 1000 1000 1000 76 46 0 76 52 0 76 42 0 76 44 0 15006 1210000 18150 536218 958750 513488
 6421.398829 31586 1000 1000 1000 1000 76 46 0 76 52 0 76 42 0 76 44 0 15006 1210000 18150 536218 958750 513488
 6421.598829 31587 1000 1000 1000 1000 76 46 0 76 52 0 76 42 0 76 44 0 14762 1210000 16940 537314 958750 514446
 6421.798829 31588 1000 1000 1000 1000 76 46 0 76 52 0 76 42 0 76 44 0 14762 1210000 16940 536492 958750 513488
 6421.998856 31589 1000 1000 1000 1000 76 46 0 76 52 0 76 42 0 76 44 0 15006 1210000 18150 537862 958750 514446
 6422.198829 31590 1000 1000 1000 1000 76 46 0 76 52 0 76 42 0 76 44 0 15006 1210000 18150 537862 958750 514446
 6422.398828 31591 1000 1000 1000 1000 76 46 0 76 52 0 76 42 0 76 44 0 14762 1210000 16940 535944 958750 512530
 6422.598829 31592 1000 1000 1000 1000 76 46 0 76 52 0 76 42 0 76 44 0 14762 1210000 16940 535944 958750 512530
 6422.798830 31593 1000 1000 1000 1000 76 46 0 76 52 0 76 42 0 76 44 0 14762 1210000 16940 536492 958750 513488
 6422.998859 31594 1000 1000 1000 1000 76 46 0 76 52 0 76 42 0 76 44 0 14762 1210000 16940 536492 958750 513488
 6423.198828 31595 1000 1000 1000 1000 76 46 0 76 52 0 76 42 0 76 44 0 14762 1210000 16940 536218 958750 513488
 6423.398829 31596 1000 1000 1000 1000 76 46 0 76 52 0 76 42 0 76 44 0 14762 1210000 16940 536766 958750 513488
 6423.598828 31597 1000 1000 1000 1000 76 46 0 76 52 0 76 42 0 76 44 0 14762 1210000 16940 535670 958750 512530
 6423.798828 31598 1000 1000 1000 1000 76 46 0 76 52 0 76 42 0 76 44 0 14762 1210000 16940 535670 958750 512530
 6423.998860 31599 1000 1000 1000 1000 76 46 0 76 52 0 76 42 0 76 44 0 14762 1210000 16940 536218 958750 513488
 6424.198829 31600 1000 1000 1000 1000 76 46 0 76 52 0 76 42 0 76 44 0 14518 1210000 16940 534026 958750 511572
 6424.398824 31601 1000 1000 1000 1000 76 46 0 76 52 0 76 42 0 76 44 0 14518 1210000 16940 534300 958750 511572
 6424.598754 31602 1000 1000 1000 1000 76 46 0 76 52 0 76 42 0 76 44 0 14762 1210000 16940 533204 958750 510614
 6424.798828 31603 1000 1000 1000 1000 76 46 0 76 52 0 76 42 0 76 44 0 14762 1210000 16940 533204 958750 510614
 6424.998837 31604 1000 1000 1000 1000 76 46 0 76 52 0 76 42 0 76 44 0 14762 1210000 16940 533478 958750 510614
 6425.198829 31605 1000 1000 1000 1000 76 46 0 76 52 0 76 42 0 76 44 0 14518 1210000 16940 535396 958750 512530
 6425.398828 31606 1000 1000 1000 1000 76 46 0 76 52 0 76 42 0 76 44 0 14518 1210000 16940 542520 958750 519236
 6425.598830 31607 1000 1000 1000 1000 76 46 0 76 52 0 76 42 0 76 44 0 14518 1210000 16940 542520 958750 519236
 6425.798828 31608 1000 1000 1000 1000 76 46 0 76 52 0 76 42 0 76 44 0 14762 1210000 16940 535122 958750 512530
 6425.998860 31609 1000 1000 1000 1000 76 46 0 76 52 0 76 42 0 76 44 0 14762 1210000 16940 533204 958750 510614
 6426.198829 31610 1000 1000 1000 1000 76 46 0 76 52 0 76 42 0 76 44 0 15006 1210000 18150 535396 958750 512530
 6426.398829 31611 1000 1000 1000 1000 76 46 0 76 52 0 76 42 0 76 44 0 15006 1210000 18150 535396 958750 512530
 6426.598829 31612 1000 1000 1000 1000 76 46 0 76 52 0 76 42 0 76 44 0 14762 1210000 16940 533204 958750 510614
 6426.798824 31613 1000 1000 1000 1000 76 46 0 76 52 0 76 42 0 76 44 0 14762 1210000 16940 534574 958750 511572
 6426.998861 31614 1000 1000 1000 1000 76 46 0 76 52 0 76 42 0 76 44 0 14762 1210000 16940 537314 958750 514446
 6427.198829 31615 1000 1000 1000 1000 76 46 0 76 52 0 76 42 0 76 44 0 14762 1210000 16940 537314 958750 514446
 6427.398829 31616 1000 1000 1000 1000 76 46 0 76 52 0 76 42 0 76 44 0 14762 1210000 16940 535944 958750 512530
 6427.598829 31617 1000 1000 1000 1000 76 46 0 76 52 0 76 42 0 76 44 0 14518 1210000 16940 535944 958750 512530
 6427.798828 31618 1000 1000 1000 1000 76 46 0 76 52 0 76 42 0 76 44 0 15006 1210000 18150 536766 958750 513488
 6427.998860 31619 1000 1000 1000 1000 76 46 0 76 52 0 76 42 0 76 44 0 15006 1210000 18150 536766 958750 513488
 6428.198828 31620 1000 1000 1000 1000 76 46 0 76 52 0 76 42 0 76 44 0 14518 1210000 16940 535944 958750 512530
 6428.398830 31621 1000 1000 1000 1000 76 46 0 76 52 0 76 42 0 76 44 0 14518 1210000 16940 535944 958750 512530
 6428.598829 31622 1000 1000 1000 1000 76 46 0 76 52 0 76 42 0 76 44 0 15006 1210000 18150 536218 958750 513488
 6428.798829 31623 1000 1000 1000 1000 76 46 0 76 52 0 76 42 0 76 44 0 15006 1210000 18150 536218 958750 513488
 6428.998841 31624 1000 1000 1000 1000 76 46 0 76 52 0 76 42 0 76 44 0 14762 1210000 16940 538136 958750 515404
 6429.198824 31625 1000 1000 1000 1000 76 46 0 76 52 0 76 42 0 76 44 0 14518 1210000 16940 537314 958750 514446
 6429.398829 31626 1000 1000 1000 1000 76 46 0 76 52 0 76 42 0 76 44 0 14762 1210000 16940 536766 958750 513488
 6429.598821 31627 1000 1000 1000 1000 76 46 0 76 52 0 76 42 0 76 44 0 14762 1210000 16940 536766 958750 513488
 6429.798820 31628 1000 1000 1000 1000 76 46 0 76 52 0 76 42 0 76 44 0 15006 1210000 18150 474568 958750 454092
 6429.998852 31629 1000 1000 1000 1000 73 46 0 73 52 0 73 42 0 73 44 0 15006 1210000 18150 46306 957500 44022
 6430.198820 31630 1000 1000 1000 1000 73 46 0 73 52 0 73 42 0 73 44 0 14762 1210000 16940 44114 957500 42108
 6430.398803 31631 1000 1000 1000 1000 73 46 0 73 52 0 73 42 0 73 44 0 14762 1210000 16940 44114 957500 42108
 6430.598821 31632 1000 1000 1000 1000 73 46 0 73 52 0 73 42 0 73 44 0 14762 1210000 16940 44936 957500 42108
 6430.798821 31633 1000 1000 1000 1000 73 46 0 73 52 0 73 42 0 73 44 0 14762 1210000 16940 44936 957500 42108
 6430.998852 31634 1000 1000 1000 1000 72 46 0 72 52 0 72 42 0 72 44 0 14518 1210000 16940 47402 957500 44979
 6431.198798 31635 1000 1000 1000 1000 72 46 0 72 52 0 72 42 0 72 44 0 14762 1210000 16940 47950 957500 44979
 6431.398820 31636 1000 1000 1000 1000 72 46 0 72 52 0 72 42 0 72 44 0 14762 1210000 16940 47950 957500 44979
 6431.598793 31637 1000 1000 1000 1000 72 46 0 72 52 0 72 42 0 72 44 0 14518 1210000 16940 46032 957500 44022
 6431.798798 31638 1000 1000 1000 1000 72 46 0 72 52 0 72 42 0 72 44 0 14518 1210000 16940 46854 957500 44022
