 5419.333814 26576 1200 1200 1200 1200 77 46 0 77 52 0 77 42 0 77 44 0 15250 1210000 18150 70144 1020000 71400
 5419.533811 26577 1200 1200 1200 1200 77 46 0 77 52 0 77 42 0 77 44 0 15006 1210000 18150 61650 1020000 62220
 5419.733812 26578 1200 1200 1200 1200 77 46 0 77 52 0 77 42 0 77 44 0 15006 1210000 18150 61650 1020000 62220
 5419.933812 26579 1200 1200 1200 1200 77 46 0 77 52 0 77 42 0 77 44 0 15006 1210000 18150 58910 1020000 59160
 5420.133813 26580 1200 1200 1200 1200 75 46 0 75 52 0 75 42 0 75 44 0 15250 1210000 18150 57540 1020000 58140
 5420.333814 26581 1200 1200 1200 1200 75 46 0 75 52 0 75 42 0 75 44 0 15006 1210000 18150 55896 1020000 56100
 5420.533821 26582 1200 1200 1200 1200 75 46 0 75 52 0 75 42 0 75 44 0 15006 1210000 18150 55896 1020000 56100
 5420.733812 26583 1200 1200 1200 1200 75 46 0 75 52 0 75 42 0 75 44 0 15494 1210000 18150 54800 1020000 55080
 5420.933812 26584 1200 1200 1200 1200 75 46 0 75 52 0 75 42 0 75 44 0 14762 1210000 16940 61924 1020000 62220
 5421.133814 26585 1200 1200 1200 1200 74 46 0 74 52 0 74 42 0 74 44 0 15250 1210000 18150 57540 1020000 58140
 5421.333813 26586 1200 1200 1200 1200 74 46 0 74 52 0 74 42 0 74 44 0 15250 1210000 18150 57540 1020000 58140
 5421.533834 26587 1200 1200 1200 1200 74 46 0 74 52 0 74 42 0 74 44 0 15006 1210000 18150 58636 1020000 59160
 5421.733789 26588 1200 1200 1200 1200 74 46 0 74 52 0 74 42 0 74 44 0 14762 1210000 16940 59184 1020000 60180
 5421.933818 26589 1200 1200 1200 1200 74 46 0 74 52 0 74 42 0 74 44 0 15006 1210000 18150 56444 1020000 57120
 5422.133812 26590 1200 1200 1200 1200 74 46 0 74 52 0 74 42 0 74 44 0 15006 1210000 18150 56444 1020000 57120
 5422.333813 26591 1200 1200 1200 1200 74 46 0 74 52 0 74 42 0 74 44 0 15006 1210000 18150 233996 1021250 237893
 5422.533812 26592 1200 1200 1200 1200 74 46 0 74 52 0 74 42 0 74 44 0 14762 1210000 16940 60554 1020000 61200
 5422.733734 26593 1200 1200 1200 1200 74 46 0 74 52 0 74 42 0 74 44 0 15006 1210000 18150 58910 1020000 59160
 5422.933847 26594 1200 1200 1200 1200 74 46 0 74 52 0 74 42 0 74 44 0 15006 1210000 18150 58910 1020000 59160
 5423.133850 26595 1200 1200 1200 1200 79 46 0 79 52 0 79 42 0 79 44 0 14762 1210000 16940 353460 1021250 360413
 5423.338807 26596 1200 1200 1200 1200 79 46 0 79 52 0 79 42 0 79 44 0 15006 1208750 18120 862004 1023750 881826
 5423.538829 26597 1200 1200 1200 1200 79 46 0 79 52 0 79 42 0 79 44 0 15006 1210000 18150 824740 1022500 842128
 5423.738800 26598 1200 1200 1200 1200 79 46 0 79 52 0 79 42 0 79 44 0 15006 1210000 18150 748294 1022500 764456
 5423.938823 26599 1200 1200 1200 1200 79 46 0 79 52 0 79 42 0 79 44 0 15006 1210000 18150 748294 1022500 764456
 5424.138824 26600 1200 1200 1200 1200 75 46 0 75 52 0 75 42 0 75 44 0 15006 1210000 18150 689932 1022500 704158
 5424.338799 26601 1200 1200 1200 1200 75 46 0 75 52 0 75 42 0 75 44 0 14762 1210000 16940 701988 1022500 716422
 5424.538824 26602 1200 1200 1200 1200 75 46 0 75 52 0 75 42 0 75 44 0 15006 1210000 18150 688562 1022500 703136
 5424.738822 26603 1200 1200 1200 1200 75 46 0 75 52 0 75 42 0 75 44 0 15006 1210000 18150 688562 1022500 703136
 5424.938837 26604 1200 1200 1200 1200 75 46 0 75 52 0 75 42 0 75 44 0 14762 1210000 16940 689658 1022500 704158
 5425.138822 26605 1200 1200 1200 1200 75 46 0 75 52 0 75 42 0 75 44 0 14762 1210000 16940 689932 1022500 704158
 5425.338800 26606 1200 1200 1200 1200 75 46 0 75 52 0 75 42 0 75 44 0 14762 1210000 16940 689658 1022500 704158
 5425.538822 26607 1200 1200 1200 1200 75 46 0 75 52 0 75 42 0 75 44 0 14762 1210000 16940 689658 1022500 704158
 5425.738822 26608 1200 1200 1200 1200 75 46 0 75 52 0 75 42 0 75 44 0 15006 1210000 18150 689658 1022500 704158
 5425.938821 26609 1200 1200 1200 1200 75 46 0 75 52 0 75 42 0 75 44 0 14762 1210000 16940 688014 1022500 703136
 5426.138823 26610 1200 1200 1200 1200 75 46 0 75 52 0 75 42 0 75 44 0 14762 1210000 16940 687740 1022500 702114
 5426.338804 26611 1200 1200 1200 1200 75 46 0 75 52 0 75 42 0 75 44 0 14762 1210000 16940 687740 1022500 702114
 5426.538822 26612 1200 1200 1200 1200 75 46 0 75 52 0 75 42 0 75 44 0 15006 1210000 18150 688288 1022500 703136
 5426.738820 26613 1200 1200 1200 1200 75 46 0 75 52 0 75 42 0 75 44 0 15006 1210000 18150 690206 1022500 705180
 5426.938822 26614 1200 1200 1200 1200 75 46 0 75 52 0 75 42 0 75 44 0 14762 1210000 16940 692124 1022500 707224
 5427.138823 26615 1200 1200 1200 1200 75 46 0 75 52 0 75 42 0 75 44 0 14762 1210000 16940 692124 1022500 707224
 5427.338804 26616 1200 1200 1200 1200 75 46 0 75 52 0 75 42 0 75 44 0 15006 1210000 18150 692946 1022500 707224
 5427.538822 26617 1200 1200 1200 1200 75 46 0 75 52 0 75 42 0 75 44 0 15006 1210000 18150 691028 1022500 706202
 5427.738818 26618 1200 1200 1200 1200 75 46 0 75 52 0 75 42 0 75 44 0 15006 1210000 18150 691850 1022500 706202
 5427.938818 26619 1200 1200 1200 1200 75 46 0 75 52 0 75 42 0 75 44 0 15006 1210000 18150 691850 1022500 706202
 5428.138824 26620 1200 1200 1200 1200 75 46 0 75 52 0 75 42 0 75 44 0 15006 1210000 18150 692398 1022500 707224
 5428.338803 26621 1200 1200 1200 1200 75 46 0 75 52 0 75 42 0 75 44 0 15006 1210000 18150 691850 1022500 706202
 5428.538822 26622 1200 1200 1200 1200 75 46 0 75 52 0 75 42 0 75 44 0 15006 1210000 18150 694590 1022500 709268
 5428.738822 26623 1200 1200 1200 1200 75 46 0 75 52 0 75 42 0 75 44 0 15006 1210000 18150 694590 1022500 709268
 5428.938822 26624 1200 1200 1200 1200 75 46 0 75 52 0 75 42 0 75 44 0 15006 1210000 18150 694864 1022500 709268
 5429.138821 26625 1200 1200 1200 1200 75 46 0 75 52 0 75 42 0 75 44 0 15006 1208750 18120 693768 1022500 708246
 5429.338821 26626 1200 1200 1200 1200 75 46 0 75 52 0 75 42 0 75 44 0 15006 1210000 18150 694590 1022500 709268
 5429.538805 26627 1200 1200 1200 1200 75 46 0 75 52 0 75 42 0 75 44 0 15006 1210000 18150 694590 1022500 709268
 5429.738822 26628 1200 1200 1200 1200 75 46 0 75 52 0 75 42 0 75 44 0 15250 1210000 18150 691576 1022500 706202
 5429.938821 26629 1200 1200 1200 1200 75 46 0 75 52 0 75 42 0 75 44 0 15006 1210000 18150 691028 1022500 706202
 5430.138818 26630 1200 1200 1200 1200 75 46 0 75 52 0 75 42 0 75 44 0 15006 1210000 18150 692398 1022500 707224
 5430.338804 26631 1200 1200 1200 1200 75 46 0 75 52 0 75 42 0 75 44 0 15006 1210000 18150 692672 1022500 707224
 5430.538821 26632 1200 1200 1200 1200 75 46 0 75 52 0 75 42 0 75 44 0 15006 1210000 18150 692672 1022500 707224
 5430.738822 26633 1200 1200 1200 1200 75 46 0 75 52 0 75 42 0 75 44 0 15006 1210000 18150 692398 1022500 707224
 5430.938822 26634 1200 1200 1200 1200 75 46 0 75 52 0 75 42 0 75 44 0 14762 1210000 16940 690206 1022500 705180
 5431.138820 26635 1200 1200 1200 1200 75 46 0 75 52 0 75 42 0 75 44 0 15006 1210000 18150 691302 1022500 706202
 5431.338802 26636 1200 1200 1200 1200 75 46 0 75 52 0 75 42 0 75 44 0 15006 1210000 18150 691302 1022500 706202
 5431.538822 26637 1200 1200 1200 1200 75 46 0 75 52 0 75 42 0 75 44 0 15006 1210000 18150 690480 1022500 705180
 5431.738822 26638 1200 1200 1200 1200 75 46 0 75 52 0 75 42 0 75 44 0 14762 1210000 16940 690754 1022500 705180
 5431.938821 26639 1200 1200 1200 1200 75 46 0 75 52 0 75 42 0 75 44 0 15006 1210000 18150 690206 1022500 705180
 5432.138837 26640 1200 1200 1200 1200 76 46 0 76 52 0 76 42 0 76 44 0 15006 1210000 18150 690206 1022500 705180
 5432.338816 26641 1200 1200 1200 1200 76 46 0 76 52 0 76 42 0 76 44 0 14762 1210000 16940 692398 1022500 707224
 5432.538846 26642 1200 1200 1200 1200 75 46 0 75 52 0 75 42 0 75 44 0 15006 1210000 18150 693494 1022500 708246
 5432.738822 26643 1200 1200 1200 1200 75 46 0 75 52 0 75 42 0 75 44 0 15006 1210000 18150 692672 1022500 707224
 5432.938823 26644 1200 1200 1200 1200 75 46 0 75 52 0 75 42 0 75 44 0 15006 1210000 18150 692672 1022500 707224
 5433.138823 26645 1200 1200 1200 1200 75 46 0 75 52 0 75 42 0 75 44 0 15006 1210000 18150 691576 1022500 706202
 5433.338804 26646 1200 1200 1200 1200 75 46 0 75 52 0 75 42 0 75 44 0 15006 1210000 18150 689932 1022500 704158
 5433.538822 26647 1200 1200 1200 1200 75 46 0 75 52 0 75 42 0 75 44 0 15250 1210000 18150 689384 1022500 704158
 5433.738822 26648 1200 1200 1200 1200 75 46 0 75 52 0 75 42 0 75 44 0 15250 1210000 18150 689384 1022500 704158
 5433.938820 26649 1200 1200 1200 1200 75 46 0 75 52 0 75 42 0 75 44 0 14762 1210000 16940 690206 1022500 705180
 5434.138823 26650 1200 1200 1200 1200 76 46 0 76 52 0 76 42 0 76 44 0 15006 1210000 18150 691028 1022500 706202
 5434.338805 26651 1200 1200 1200 1200 76 46 0 76 52 0 76 42 0 76 44 0 14762 1210000 16940 692398 1022500 707224
 5434.538822 26652 1200 1200 1200 1200 76 46 0 76 52 0 76 42 0 76 44 0 14762 1210000 16940 692398 1022500 707224
 5434.738822 26653 1200 1200 1200 1200 76 46 0 76 52 0 76 42 0 76 44 0 15006 1210000 18150 692398 1022500 707224
 5434.938817 26654 1200 1200 1200 1200 76 46 0 76 52 0 76 42 0 76 44 0 15006 1210000 18150 691576 1022500 706202
 5435.138823 26655 1200 1200 1200 1200 75 46 0 75 52 0 75 42 0 75 44 0 15006 1210000 18150 717058 1022500 732774
 5435.338802 26656 1200 1200 1200 1200 75 46 0 75 52 0 75 42 0 75 44 0 15006 1210000 18150 717058 1022500 732774
 5435.538822 26657 1200 1200 1200 1200 75 46 0 75 52 0 75 42 0 75 44 0 15006 1210000 18150 689658 1022500 704158
 5435.738822 26658 1200 1200 1200 1200 75 46 0 75 52 0 75 42 0 75 44 0 15006 1210000 18150 691302 1022500 706202
 5435.938821 26659 1200 1200 1200 1200 75 46 0 75 52 0 75 42 0 75 44 0 15006 1210000 18150 692946 1022500 707224
 5436.138752 26660 1200 1200 1200 1200 76 46 0 76 52 0 76 42 0 76 44 0 15006 1210000 18150 693768 1022500 708246
 5436.338803 26661 1200 1200 1200 1200 76 46 0 76 52 0 76 42 0 76 44 0 15006 1210000 18150 693768 1022500 708246
 5436.538821 26662 1200 1200 1200 1200 76 46 0 76 52 0 76 42 0 76 44 0 15006 1210000 18150 692946 1022500 707224
 5436.738822 26663 1200 1200 1200 1200 76 46 0 76 52 0 76 42 0 76 44 0 15006 1210000 18150 693494 1022500 708246
 5436.938821 26664 1200 1200 1200 1200 76 46 0 76 52 0 76 42 0 76 44 0 15006 1210000 18150 689110 1022500 704158
 5437.138822 26665 1200 1200 1200 1200 76 46 0 76 52 0 76 42 0 76 44 0 15006 1210000 18150 689110 1022500 704158
 5437.338799 26666 1200 1200 1200 1200 76 46 0 76 52 0 76 42 0 76 44 0 15006 1210000 18150 692398 1022500 707224
 5437.538822 26667 1200 1200 1200 1200 76 46 0 76 52 0 76 42 0 76 44 0 15006 1210000 18150 691850 1022500 706202
 5437.738821 26668 1200 1200 1200 1200 76 46 0 76 52 0 76 42 0 76 44 0 15006 1210000 18150 692946 1022500 707224
 5437.938821 26669 1200 1200 1200 1200 76 46 0 76 52 0 76 42 0 76 44 0 15006 1210000 18150 692946 1022500 707224
 5438.138821 26670 1200 1200 1200 1200 76 46 0 76 52 0 76 42 0 76 44 0 15006 1210000 18150 693768 1022500 708246
 5438.338799 26671 1200 1200 1200 1200 76 46 0 76 52 0 76 42 0 76 44 0 14762 1210000 16940 695138 1022500 710290
 5438.538823 26672 1200 1200 1200 1200 76 46 0 76 52 0 76 42 0 76 44 0 15006 1210000 18150 694864 1022500 709268
 5438.738821 26673 1200 1200 1200 1200 76 46 0 76 52 0 76 42 0 76 44 0 15006 1210000 18150 694864 1022500 709268
 5438.938822 26674 1200 1200 1200 1200 76 46 0 76 52 0 76 42 0 76 44 0 14762 1210000 16940 692124 1022500 707224
 5439.138820 26675 1200 1200 1200 1200 76 46 0 76 52 0 76 42 0 76 44 0 14762 1210000 16940 691850 1022500 706202
 5439.338804 26676 1200 1200 1200 1200 76 46 0 76 52 0 76 42 0 76 44 0 15006 1210000 18150 691850 1022500 706202
 5439.538822 26677 1200 1200 1200 1200 76 46 0 76 52 0 76 42 0 76 44 0 15006 1210000 18150 691850 1022500 706202
 5439.738818 26678 1200 1200 1200 1200 76 46 0 76 52 0 76 42 0 76 44 0 15006 1210000 18150 691850 1022500 706202
 5439.938821 26679 1200 1200 1200 1200 76 46 0 76 52 0 76 42 0 76 44 0 15006 1210000 18150 692398 1022500 707224
 5440.138824 26680 1200 1200 1200 1200 76 46 0 76 52 0 76 42 0 76 44 0 15006 1210000 18150 692946 1022500 707224
 5440.338803 26681 1200 1200 1200 1200 76 46 0 76 52 0 76 42 0 76 44 0 15006 1210000 18150 692946 1022500 707224
 5440.538826 26682 1200 1200 1200 1200 76 46 0 76 52 0 76 42 0 76 44 0 15006 1210000 18150 694316 1022500 709268
 5440.738820 26683 1200 1200 1200 1200 76 46 0 76 52 0 76 42 0 76 44 0 14762 1210000 16940 691850 1022500 706202
 5440.938822 26684 1200 1200 1200 1200 76 46 0 76 52 0 76 42 0 76 44 0 15006 1210000 18150 691028 1022500 706202
 5441.138822 26685 1200 1200 1200 1200 76 46 0 76 52 0 76 42 0 76 44 0 15006 1210000 18150 691028 1022500 706202
 5441.338804 26686 1200 1200 1200 1200 76 46 0 76 52 0 76 42 0 76 44 0 15250 1210000 18150 692124 1022500 707224
 5441.538821 26687 1200 1200 1200 1200 76 46 0 76 52 0 76 42 0 76 44 0 15006 1210000 18150 689658 1022500 704158
 5441.738822 26688 1200 1200 1200 1200 76 46 0 76 52 0 76 42 0 76 44 0 15006 1210000 18150 692124 1022500 707224
 5441.938803 26689 1200 1200 1200 1200 76 46 0 76 52 0 76 42 0 76 44 0 15006 1210000 18150 692124 1022500 707224
 5442.138817 26690 1200 1200 1200 1200 76 46 0 76 52 0 76 42 0 76 44 0 15006 1210000 18150 692398 1022500 707224
 5442.338804 26691 1200 1200 1200 1200 76 46 0 76 52 0 76 42 0 76 44 0 15006 1210000 18150 691576 1022500 706202
 5442.538821 26692 1200 1200 1200 1200 76 46 0 76 52 0 76 42 0 76 44 0 15006 1210000 18150 690754 1022500 705180
 5442.738800 26693 1200 1200 1200 1200 76 46 0 76 52 0 76 42 0 76 44 0 15006 1210000 18150 689110 1022500 704158
 5442.938821 26694 1200 1200 1200 1200 76 46 0 76 52 0 76 42 0 76 44 0 15006 1210000 18150 689110 1022500 704158
 5443.138822 26695 1200 1200 1200 1200 76 46 0 76 52 0 76 42 0 76 44 0 15006 1210000 18150 691576 1022500 706202
 5443.338804 26696 1200 1200 1200 1200 76 46 0 76 52 0 76 42 0 76 44 0 14762 1210000 16940 691028 1022500 706202
 5443.538823 26697 1200 1200 1200 1200 76 46 0 76 52 0 76 42 0 76 44 0 14762 1210000 16940 691576 1022500 706202
 5443.738821 26698 1200 1200 1200 1200 76 46 0 76 52 0 76 42 0 76 44 0 14762 1210000 16940 691576 1022500 706202
 5443.938821 26699 1200 1200 1200 1200 76 46 0 76 52 0 76 42 0 76 44 0 15006 1210000 18150 691850 1022500 706202
 5444.138824 26700 1200 1200 1200 1200 76 46 0 76 52 0 76 42 0 76 44 0 15006 1210000 18150 692672 1022500 707224
 5444.338802 26701 1200 1200 1200 1200 76 46 0 76 52 0 76 42 0 76 44 0 15006 1210000 18150 691302 1022500 706202
 5444.538822 26702 1200 1200 1200 1200 76 46 0 76 52 0 76 42 0 76 44 0 15006 1210000 18150 691302 1022500 706202
 5444.738821 26703 1200 1200 1200 1200 76 46 0 76 52 0 76 42 0 76 44 0 14762 1210000 16940 689658 1022500 704158
 5444.938822 26704 1200 1200 1200 1200 76 46 0 76 52 0 76 42 0 76 44 0 15006 1210000 18150 690754 1022500 705180
 5445.138822 26705 1200 1200 1200 1200 76 46 0 76 52 0 76 42 0 76 44 0 15006 1210000 18150 689658 1022500 704158
 5445.338803 26706 1200 1200 1200 1200 76 46 0 76 52 0 76 42 0 76 44 0 15006 1210000 18150 689658 1022500 704158
 5445.538819 26707 1200 1200 1200 1200 76 46 0 76 52 0 76 42 0 76 44 0 14762 1210000 16940 690754 1022500 705180
 5445.738820 26708 1200 1200 1200 1200 76 46 0 76 52 0 76 42 0 76 44 0 15006 1210000 18150 690480 1022500 705180
 5445.938823 26709 1200 1200 1200 1200 76 46 0 76 52 0 76 42 0 76 44 0 15006 1210000 18150 690480 1022500 705180
 5446.138822 26710 1200 1200 1200 1200 76 46 0 76 52 0 76 42 0 76 44 0 15006 1210000 18150 690480 1022500 705180
 5446.338803 26711 1200 1200 1200 1200 76 46 0 76 52 0 76 42 0 76 44 0 15250 1210000 18150 690206 1022500 705180
 5446.538822 26712 1200 1200 1200 1200 76 46 0 76 52 0 76 42 0 76 44 0 15006 1210000 18150 689658 1022500 704158
 5446.738822 26713 1200 1200 1200 1200 76 46 0 76 52 0 76 42 0 76 44 0 15006 1210000 18150 689658 1022500 704158
 5446.938822 26714 1200 1200 1200 1200 76 46 0 76 52 0 76 42 0 76 44 0 15006 1210000 18150 689658 1022500 704158
 5447.138822 26715 1200 1200 1200 1200 76 46 0 76 52 0 76 42 0 76 44 0 14762 1210000 16940 690206 1022500 705180
 5447.338804 26716 1200 1200 1200 1200 76 46 0 76 52 0 76 42 0 76 44 0 15250 1210000 18150 692946 1022500 707224
 5447.538822 26717 1200 1200 1200 1200 76 46 0 76 52 0 76 42 0 76 44 0 15006 1210000 18150 691576 1022500 706202
 5447.738822 26718 1200 1200 1200 1200 76 46 0 76 52 0 76 42 0 76 44 0 15006 1210000 18150 691576 1022500 706202
 5447.938818 26719 1200 1200 1200 1200 76 46 0 76 52 0 76 42 0 76 44 0 15006 1210000 18150 692398 1022500 707224
 5448.138824 26720 1200 1200 1200 1200 76 46 0 76 52 0 76 42 0 76 44 0 14762 1210000 16940 692398 1022500 707224
 5448.338804 26721 1200 1200 1200 1200 76 46 0 76 52 0 76 42 0 76 44 0 15006 1210000 18150 692946 1022500 707224
 5448.538805 26722 1200 1200 1200 1200 76 46 0 76 52 0 76 42 0 76 44 0 15006 1210000 18150 692946 1022500 707224
 5448.738822 26723 1200 1200 1200 1200 76 46 0 76 52 0 76 42 0 76 44 0 15006 1210000 18150 693220 1022500 708246
 5448.938822 26724 1200 1200 1200 1200 76 46 0 76 52 0 76 42 0 76 44 0 15006 1210000 18150 692398 1022500 707224
 5449.138822 26725 1200 1200 1200 1200 76 46 0 76 52 0 76 42 0 76 44 0 15006 1210000 18150 692398 1022500 707224
 5449.338805 26726 1200 1200 1200 1200 76 46 0 76 52 0 76 42 0 76 44 0 15006 1210000 18150 692398 1022500 707224
 5449.538822 26727 1200 1200 1200 1200 76 46 0 76 52 0 76 42 0 76 44 0 15006 1210000 18150 692398 1022500 707224
 5449.738822 26728 1200 1200 1200 1200 76 46 0 76 52 0 76 42 0 76 44 0 15006 1208750 18120 692398 1022500 707224
 5449.938821 26729 1200 1200 1200 1200 76 46 0 76 52 0 76 42 0 76 44 0 15006 1210000 18150 692398 1022500 707224
 5450.138816 26730 1200 1200 1200 1200 76 46 0 76 52 0 76 42 0 76 44 0 15006 1210000 18150 691576 1022500 706202
 5450.338803 26731 1200 1200 1200 1200 76 46 0 76 52 0 76 42 0 76 44 0 15006 1210000 18150 691576 1022500 706202
 5450.538822 26732 1200 1200 1200 1200 76 46 0 76 52 0 76 42 0 76 44 0 15006 1210000 18150 691302 1022500 706202
 5450.738821 26733 1200 1200 1200 1200 76 46 0 76 52 0 76 42 0 76 44 0 15006 1210000 18150 691028 1022500 706202
 5450.938823 26734 1200 1200 1200 1200 76 46 0 76 52 0 76 42 0 76 44 0 15006 1210000 18150 692398 1022500 707224
 5451.138823 26735 1200 1200 1200 1200 76 46 0 76 52 0 76 42 0 76 44 0 15006 1210000 18150 692398 1022500 707224
 5451.338804 26736 1200 1200 1200 1200 76 46 0 76 52 0 76 42 0 76 44 0 15006 1210000 18150 692672 1022500 707224
 5451.538822 26737 1200 1200 1200 1200 76 46 0 76 52 0 76 42 0 76 44 0 15006 1210000 18150 693220 1022500 708246
 5451.738822 26738 1200 1200 1200 1200 76 46 0 76 52 0 76 42 0 76 44 0 15006 1210000 18150 692672 1022500 707224
 5451.938821 26739 1200 1200 1200 1200 76 46 0 76 52 0 76 42 0 76 44 0 15006 1210000 18150 692672 1022500 707224
 5452.138824 26740 1200 1200 1200 1200 76 46 0 76 52 0 76 42 0 76 44 0 15006 1210000 18150 689658 1022500 704158
 5452.338823 26741 1200 1200 1200 1200 76 46 0 76 52 0 76 42 0 76 44 0 14762 1210000 16940 690754 1022500 705180
 5452.538818 26742 1200 1200 1200 1200 76 46 0 76 52 0 76 42 0 76 44 0 15006 1210000 18150 692398 1022500 707224
 5452.738848 26743 1200 1200 1200 1200 76 46 0 76 52 0 76 42 0 76 44 0 15006 1210000 18150 692398 1022500 707224
 5452.938822 26744 1200 1200 1200 1200 76 46 0 76 52 0 76 42 0 76 44 0 15006 1210000 18150 691576 1022500 706202
 5453.138822 26745 1200 1200 1200 1200 76 46 0 76 52 0 76 42 0 76 44 0 14762 1210000 16940 690480 1022500 705180
 5453.338822 26746 1200 1200 1200 1200 76 46 0 76 52 0 76 42 0 76 44 0 15006 1210000 18150 692398 1022500 707224
 5453.538822 26747 1200 1200 1200 1200 76 46 0 76 52 0 76 42 0 76 44 0 15006 1210000 18150 692398 1022500 707224
 5453.738822 26748 1200 1200 1200 1200 76 46 0 76 52 0 76 42 0 76 44 0 15006 1210000 18150 691028 1022500 706202
 5453.938821 26749 1200 1200 1200 1200 76 46 0 76 52 0 76 42 0 76 44 0 15006 1210000 18150 691850 1022500 706202
 5454.138820 26750 1200 1200 1200 1200 76 46 0 76 52 0 76 42 0 76 44 0 14762 1210000 16940 690206 1022500 705180
 5454.338822 26751 1200 1200 1200 1200 76 46 0 76 52 0 76 42 0 76 44 0 14762 1210000 16940 690206 1022500 705180
 5454.538821 26752 1200 1200 1200 1200 76 46 0 76 52 0 76 42 0 76 44 0 15006 1210000 18150 689384 1022500 704158
 5454.738820 26753 1200 1200 1200 1200 76 46 0 76 52 0 76 42 0 76 44 0 15006 1210000 18150 691576 1022500 706202
 5454.938817 26754 1200 1200 1200 1200 76 46 0 76 52 0 76 42 0 76 44 0 14762 1210000 16940 691576 1022500 706202
 5455.138750 26755 1200 1200 1200 1200 76 46 0 76 52 0 76 42 0 76 44 0 15250 1210000 18150 691576 1022500 706202
 5455.338821 26756 1200 1200 1200 1200 76 46 0 76 52 0 76 42 0 76 44 0 15250 1210000 18150 691576 1022500 706202
 5455.538821 26757 1200 1200 1200 1200 76 46 0 76 52 0 76 42 0 76 44 0 15006 1210000 18150 691576 1022500 706202
 5455.738823 26758 1200 1200 1200 1200 76 46 0 76 52 0 76 42 0 76 44 0 14762 1210000 16940 691028 1022500 706202
 5455.938822 26759 1200 1200 1200 1200 76 46 0 76 52 0 76 42 0 76 44 0 15006 1210000 18150 690754 1022500 705180
 5456.138824 26760 1200 1200 1200 1200 76 46 0 76 52 0 76 42 0 76 44 0 15006 1210000 18150 690754 1022500 705180
 5456.338823 26761 1200 1200 1200 1200 76 46 0 76 52 0 76 42 0 76 44 0 15006 1210000 18150 691850 1022500 706202
 5456.538822 26762 1200 1200 1200 1200 76 46 0 76 52 0 76 42 0 76 44 0 15006 1210000 18150 690480 1022500 705180
 5456.738823 26763 1200 1200 1200 1200 76 46 0 76 52 0 76 42 0 76 44 0 15250 1210000 18150 693220 1022500 708246
 5456.938822 26764 1200 1200 1200 1200 76 46 0 76 52 0 76 42 0 76 44 0 15250 1210000 18150 693220 1022500 708246
 5457.138821 26765 1200 1200 1200 1200 76 46 0 76 52 0 76 42 0 76 44 0 15006 1210000 18150 692398 1022500 707224
 5457.338818 26766 1200 1200 1200 1200 76 46 0 76 52 0 76 42 0 76 44 0 15006 1210000 18150 691850 1022500 706202
 5457.538823 26767 1200 1200 1200 1200 76 46 0 76 52 0 76 42 0 76 44 0 15006 1210000 18150 687740 1022500 702114
 5457.738823 26768 1200 1200 1200 1200 76 46 0 76 52 0 76 42 0 76 44 0 15006 1210000 18150 687740 1022500 702114
 5457.938821 26769 1200 1200 1200 1200 76 46 0 76 52 0 76 42 0 76 44 0 15006 1210000 18150 693220 1022500 708246
 5458.138821 26770 1200 1200 1200 1200 76 46 0 76 52 0 76 42 0 76 44 0 15250 1210000 18150 692672 1022500 707224
 5458.338823 26771 1200 1200 1200 1200 76 46 0 76 52 0 76 42 0 76 44 0 15006 1210000 18150 691302 1022500 706202
 5458.538822 26772 1200 1200 1200 1200 76 46 0 76 52 0 76 42 0 76 44 0 15006 1210000 18150 691302 1022500 706202
 5458.738821 26773 1200 1200 1200 1200 76 46 0 76 52 0 76 42 0 76 44 0 14762 1210000 16940 693220 1022500 708246
 5458.938821 26774 1200 1200 1200 1200 76 46 0 76 52 0 76 42 0 76 44 0 15006 1210000 18150 692398 1022500 707224
 5459.138822 26775 1200 1200 1200 1200 76 46 0 76 52 0 76 42 0 76 44 0 15006 1210000 18150 692946 1022500 707224
 5459.338822 26776 1200 1200 1200 1200 76 46 0 76 52 0 76 42 0 76 44 0 15006 1210000 18150 692946 1022500 707224
 5459.538837 26777 1200 1200 1200 1200 76 46 0 76 52 0 76 42 0 76 44 0 15250 1210000 18150 692946 1022500 707224
 5459.738818 26778 1200 1200 1200 1200 76 46 0 76 52 0 76 42 0 76 44 0 15006 1210000 18150 690754 1022500 705180
 5459.938821 26779 1200 1200 1200 1200 76 46 0 76 52 0 76 42 0 76 44 0 15006 1208750 18120 691850 1022500 706202
 5460.138824 26780 1200 1200 1200 1200 76 46 0 76 52 0 76 42 0 76 44 0 15006 1208750 18120 691850 1022500 706202
 5460.338821 26781 1200 1200 1200 1200 76 46 0 76 52 0 76 42 0 76 44 0 15250 1210000 18150 697330 1022500 712334
 5460.538822 26782 1200 1200 1200 1200 76 46 0 76 52 0 76 42 0 76 44 0 15006 1210000 18150 693494 1022500 708246
 5460.738822 26783 1200 1200 1200 1200 76 46 0 76 52 0 76 42 0 76 44 0 15006 1210000 18150 692946 1022500 707224
 5460.938803 26784 1200 1200 1200 1200 76 46 0 76 52 0 76 42 0 76 44 0 15006 1210000 18150 692946 1022500 707224
 5461.138823 26785 1200 1200 1200 1200 76 46 0 76 52 0 76 42 0 76 44 0 15006 1210000 18150 693768 1022500 708246
 5461.338821 26786 1200 1200 1200 1200 76 46 0 76 52 0 76 42 0 76 44 0 14762 1210000 16940 694590 1022500 709268
 5461.538822 26787 1200 1200 1200 1200 76 46 0 76 52 0 76 42 0 76 44 0 15006 1210000 18150 691850 1022500 706202
 5461.738800 26788 1200 1200 1200 1200 76 46 0 76 52 0 76 42 0 76 44 0 15250 1210000 18150 692124 1022500 707224
 5461.938821 26789 1200 1200 1200 1200 76 46 0 76 52 0 76 42 0 76 44 0 15250 1210000 18150 692124 1022500 707224
 5462.138819 26790 1200 1200 1200 1200 76 46 0 76 52 0 76 42 0 76 44 0 15006 1210000 18150 691302 1022500 706202
 5462.338822 26791 1200 1200 1200 1200 76 46 0 76 52 0 76 42 0 76 44 0 15006 1210000 18150 693494 1022500 708246
 5462.538822 26792 1200 1200 1200 1200 76 46 0 76 52 0 76 42 0 76 44 0 15006 1210000 18150 692672 1022500 707224
 5462.738823 26793 1200 1200 1200 1200 76 46 0 76 52 0 76 42 0 76 44 0 15006 1210000 18150 692672 1022500 707224
 5462.938821 26794 1200 1200 1200 1200 76 46 0 76 52 0 76 42 0 76 44 0 15006 1210000 18150 692398 1022500 707224
 5463.138822 26795 1200 1200 1200 1200 76 46 0 76 52 0 76 42 0 76 44 0 14762 1210000 16940 692672 1022500 707224
 5463.338821 26796 1200 1200 1200 1200 76 46 0 76 52 0 76 42 0 76 44 0 15006 1210000 18150 689932 1022500 704158
 5463.538822 26797 1200 1200 1200 1200 76 46 0 76 52 0 76 42 0 76 44 0 15006 1210000 18150 689932 1022500 704158
 5463.738822 26798 1200 1200 1200 1200 76 46 0 76 52 0 76 42 0 76 44 0 15006 1210000 18150 691028 1022500 706202
 5463.938867 26799 1200 1200 1200 1200 76 46 0 76 52 0 76 42 0 76 44 0 15006 1210000 18150 690206 1022500 705180
 5464.138856 26800 1200 1200 1200 1200 76 46 0 76 52 0 76 42 0 76 44 0 15006 1210000 18150 498406 1021250 508458
 5464.338813 26801 1200 1200 1200 1200 76 46 0 76 52 0 76 42 0 76 44 0 15006 1210000 18150 498406 1021250 508458
 5464.538807 26802 1200 1200 1200 1200 76 46 0 76 52 0 76 42 0 76 44 0 14762 1210000 16940 62746 1020000 63240
 5464.738812 26803 1200 1200 1200 1200 76 46 0 76 52 0 76 42 0 76 44 0 15006 1210000 18150 60554 1020000 61200
 5464.938810 26804 1200 1200 1200 1200 76 46 0 76 52 0 76 42 0 76 44 0 15006 1210000 18150 61102 1020000 62220
 5465.138811 26805 1200 1200 1200 1200 74 46 0 74 52 0 74 42 0 74 44 0 15006 1210000 18150 61102 1020000 62220
 5465.338810 26806 1200 1200 1200 1200 74 46 0 74 52 0 74 42 0 74 44 0 14762 1210000 16940 57814 1020000 58140
