 4992.698795 24443 1300 1300 1300 1300 77 46 0 77 52 0 77 42 0 77 44 0 15006 1210000 18150 69870 1057500 72933
 4992.898822 24444 1300 1300 1300 1300 77 46 0 77 52 0 77 42 0 77 44 0 15006 1210000 18150 69596 1057500 72933
 4993.098808 24445 1300 1300 1300 1300 75 46 0 75 52 0 75 42 0 75 44 0 15006 1210000 18150 69596 1057500 72933
 4993.298817 24446 1300 1300 1300 1300 75 46 0 75 52 0 75 42 0 75 44 0 15250 1210000 18150 65486 1057500 68705
 4993.498820 24447 1300 1300 1300 1300 75 46 0 75 52 0 75 42 0 75 44 0 14762 1210000 16940 62746 1057500 65534
 4993.698823 24448 1300 1300 1300 1300 75 46 0 75 52 0 75 42 0 75 44 0 15250 1210000 18150 64664 1057500 67648
 4993.898798 24449 1300 1300 1300 1300 75 46 0 75 52 0 75 42 0 75 44 0 15250 1210000 18150 67678 1057500 70819
 4994.098825 24450 1300 1300 1300 1300 75 46 0 75 52 0 75 42 0 75 44 0 15250 1210000 18150 67678 1057500 70819
 4994.298821 24451 1300 1300 1300 1300 75 46 0 75 52 0 75 42 0 75 44 0 15006 1210000 18150 66034 1057500 69762
 4994.498820 24452 1300 1300 1300 1300 75 46 0 75 52 0 75 42 0 75 44 0 15006 1210000 18150 66582 1057500 69762
 4994.698821 24453 1300 1300 1300 1300 75 46 0 75 52 0 75 42 0 75 44 0 15006 1210000 18150 61924 1057500 64477
 4994.898820 24454 1300 1300 1300 1300 75 46 0 75 52 0 75 42 0 75 44 0 15006 1210000 18150 61924 1057500 64477
 4995.098814 24455 1300 1300 1300 1300 74 46 0 74 52 0 74 42 0 74 44 0 15006 1210000 18150 293454 1058750 309994
 4995.298821 24456 1300 1300 1300 1300 74 46 0 74 52 0 74 42 0 74 44 0 15006 1210000 18150 61376 1057500 64477
 4995.498820 24457 1300 1300 1300 1300 74 46 0 74 52 0 74 42 0 74 44 0 14762 1210000 16940 59732 1057500 62363
 4995.698766 24458 1300 1300 1300 1300 74 46 0 74 52 0 74 42 0 74 44 0 14762 1210000 16940 59732 1057500 62363
 4995.898838 24459 1300 1300 1300 1300 74 46 0 74 52 0 74 42 0 74 44 0 15006 1210000 18150 407164 1058750 430606
 4996.098887 24460 1300 1300 1300 1300 75 46 0 75 52 0 75 42 0 75 44 0 15006 1208750 18120 965576 1062500 1024830
 4996.298937 24461 1300 1300 1300 1300 75 46 0 75 52 0 75 42 0 75 44 0 15250 1208750 18120 905296 1061250 960205
 4996.498829 24462 1300 1300 1300 1300 75 46 0 75 52 0 75 42 0 75 44 0 15250 1208750 18120 905296 1061250 960205
 4996.698819 24463 1300 1300 1300 1300 75 46 0 75 52 0 75 42 0 75 44 0 15006 1208750 18120 792134 1061250 840312
 4996.898818 24464 1300 1300 1300 1300 75 46 0 75 52 0 75 42 0 75 44 0 15006 1210000 18150 787476 1060000 834220
 4997.098819 24465 1300 1300 1300 1300 75 46 0 75 52 0 75 42 0 75 44 0 15006 1210000 18150 793504 1060000 840580
 4997.298819 24466 1300 1300 1300 1300 75 46 0 75 52 0 75 42 0 75 44 0 15006 1210000 18150 793504 1060000 840580
 4997.498819 24467 1300 1300 1300 1300 75 46 0 75 52 0 75 42 0 75 44 0 15006 1208750 18120 787750 1060000 834220
 4997.698819 24468 1300 1300 1300 1300 75 46 0 75 52 0 75 42 0 75 44 0 15006 1208750 18120 789394 1060000 836340
 4997.898843 24469 1300 1300 1300 1300 75 46 0 75 52 0 75 42 0 75 44 0 15006 1210000 18150 790764 1060000 837400
 4998.098818 24470 1300 1300 1300 1300 75 46 0 75 52 0 75 42 0 75 44 0 15006 1210000 18150 790764 1060000 837400
 4998.298819 24471 1300 1300 1300 1300 75 46 0 75 52 0 75 42 0 75 44 0 15006 1210000 18150 789668 1060000 836340
 4998.498820 24472 1300 1300 1300 1300 75 46 0 75 52 0 75 42 0 75 44 0 15006 1210000 18150 789668 1060000 836340
 4998.698819 24473 1300 1300 1300 1300 75 46 0 75 52 0 75 42 0 75 44 0 15250 1210000 18150 788572 1060000 835280
 4998.898819 24474 1300 1300 1300 1300 75 46 0 75 52 0 75 42 0 75 44 0 15250 1210000 18150 788572 1060000 835280
 4999.098819 24475 1300 1300 1300 1300 76 46 0 76 52 0 76 42 0 76 44 0 15250 1210000 18150 788298 1060000 835280
 4999.298819 24476 1300 1300 1300 1300 76 46 0 76 52 0 76 42 0 76 44 0 15006 1210000 18150 788024 1060000 835280
 4999.498820 24477 1300 1300 1300 1300 76 46 0 76 52 0 76 42 0 76 44 0 15006 1210000 18150 789120 1060000 836340
 4999.698801 24478 1300 1300 1300 1300 76 46 0 76 52 0 76 42 0 76 44 0 15006 1210000 18150 789120 1060000 836340
 4999.898819 24479 1300 1300 1300 1300 76 46 0 76 52 0 76 42 0 76 44 0 14762 1210000 16940 792408 1060000 839520
 5000.098870 24480 1300 1300 1300 1300 76 46 0 76 52 0 76 42 0 76 44 0 15006 1210000 18150 790764 1060000 837400
 5000.298815 24481 1300 1300 1300 1300 76 46 0 76 52 0 76 42 0 76 44 0 14762 1210000 16940 791038 1060000 838460
 5000.498819 24482 1300 1300 1300 1300 76 46 0 76 52 0 76 42 0 76 44 0 14762 1210000 16940 791038 1060000 838460
 5000.698819 24483 1300 1300 1300 1300 76 46 0 76 52 0 76 42 0 76 44 0 14762 1210000 16940 791038 1060000 838460
 5000.898818 24484 1300 1300 1300 1300 76 46 0 76 52 0 76 42 0 76 44 0 15250 1210000 18150 790490 1060000 837400
 5001.098818 24485 1300 1300 1300 1300 76 46 0 76 52 0 76 42 0 76 44 0 15006 1210000 18150 791312 1060000 838460
 5001.298819 24486 1300 1300 1300 1300 76 46 0 76 52 0 76 42 0 76 44 0 15250 1210000 18150 792134 1060000 839520
 5001.498819 24487 1300 1300 1300 1300 76 46 0 76 52 0 76 42 0 76 44 0 15250 1210000 18150 792134 1060000 839520
 5001.698819 24488 1300 1300 1300 1300 76 46 0 76 52 0 76 42 0 76 44 0 15006 1210000 18150 791312 1060000 838460
 5001.898819 24489 1300 1300 1300 1300 76 46 0 76 52 0 76 42 0 76 44 0 15250 1210000 18150 792408 1060000 839520
 5002.098820 24490 1300 1300 1300 1300 76 46 0 76 52 0 76 42 0 76 44 0 15006 1210000 18150 792682 1060000 839520
 5002.298819 24491 1300 1300 1300 1300 76 46 0 76 52 0 76 42 0 76 44 0 15006 1210000 18150 792682 1060000 839520
 5002.498819 24492 1300 1300 1300 1300 76 46 0 76 52 0 76 42 0 76 44 0 15006 1210000 18150 790764 1060000 837400
 5002.698815 24493 1300 1300 1300 1300 76 46 0 76 52 0 76 42 0 76 44 0 14762 1210000 16940 791312 1060000 838460
 5002.898834 24494 1300 1300 1300 1300 76 46 0 76 52 0 76 42 0 76 44 0 15006 1210000 18150 789394 1060000 836340
 5003.098819 24495 1300 1300 1300 1300 76 46 0 76 52 0 76 42 0 76 44 0 15006 1210000 18150 789394 1060000 836340
 5003.298818 24496 1300 1300 1300 1300 76 46 0 76 52 0 76 42 0 76 44 0 15250 1210000 18150 791312 1060000 838460
 5003.498819 24497 1300 1300 1300 1300 76 46 0 76 52 0 76 42 0 76 44 0 15006 1210000 18150 791038 1060000 838460
 5003.698815 24498 1300 1300 1300 1300 76 46 0 76 52 0 76 42 0 76 44 0 15006 1210000 18150 790490 1060000 837400
 5003.898818 24499 1300 1300 1300 1300 76 46 0 76 52 0 76 42 0 76 44 0 15006 1210000 18150 790490 1060000 837400
 5004.098868 24500 1300 1300 1300 1300 76 46 0 76 52 0 76 42 0 76 44 0 15494 1208750 18120 790490 1060000 837400
 5004.298818 24501 1300 1300 1300 1300 76 46 0 76 52 0 76 42 0 76 44 0 15006 1210000 18150 788572 1060000 835280
 5004.498819 24502 1300 1300 1300 1300 76 46 0 76 52 0 76 42 0 76 44 0 14762 1210000 16940 789394 1060000 836340
 5004.698819 24503 1300 1300 1300 1300 76 46 0 76 52 0 76 42 0 76 44 0 14762 1210000 16940 789394 1060000 836340
 5004.898819 24504 1300 1300 1300 1300 76 46 0 76 52 0 76 42 0 76 44 0 15006 1210000 18150 788024 1060000 835280
 5005.098819 24505 1300 1300 1300 1300 76 46 0 76 52 0 76 42 0 76 44 0 15006 1210000 18150 788846 1060000 835280
 5005.298819 24506 1300 1300 1300 1300 76 46 0 76 52 0 76 42 0 76 44 0 15006 1210000 18150 789942 1060000 836340
 5005.498819 24507 1300 1300 1300 1300 76 46 0 76 52 0 76 42 0 76 44 0 15006 1210000 18150 789942 1060000 836340
 5005.698818 24508 1300 1300 1300 1300 76 46 0 76 52 0 76 42 0 76 44 0 15250 1210000 18150 789668 1060000 836340
 5005.898818 24509 1300 1300 1300 1300 76 46 0 76 52 0 76 42 0 76 44 0 15250 1208750 18120 791038 1060000 838460
 5006.098816 24510 1300 1300 1300 1300 76 46 0 76 52 0 76 42 0 76 44 0 15250 1210000 18150 789120 1060000 836340
 5006.298749 24511 1300 1300 1300 1300 76 46 0 76 52 0 76 42 0 76 44 0 15006 1210000 18150 789394 1060000 836340
 5006.498818 24512 1300 1300 1300 1300 76 46 0 76 52 0 76 42 0 76 44 0 15006 1210000 18150 789394 1060000 836340
 5006.698818 24513 1300 1300 1300 1300 76 46 0 76 52 0 76 42 0 76 44 0 14762 1210000 16940 791038 1060000 838460
 5006.898819 24514 1300 1300 1300 1300 76 46 0 76 52 0 76 42 0 76 44 0 15006 1208750 18120 790764 1060000 837400
 5007.098820 24515 1300 1300 1300 1300 76 46 0 76 52 0 76 42 0 76 44 0 15006 1208750 18120 792408 1060000 839520
 5007.298819 24516 1300 1300 1300 1300 76 46 0 76 52 0 76 42 0 76 44 0 15006 1208750 18120 792408 1060000 839520
 5007.498819 24517 1300 1300 1300 1300 76 46 0 76 52 0 76 42 0 76 44 0 15006 1210000 18150 793230 1060000 840580
 5007.698818 24518 1300 1300 1300 1300 76 46 0 76 52 0 76 42 0 76 44 0 15250 1210000 18150 792134 1060000 839520
 5007.898820 24519 1300 1300 1300 1300 76 46 0 76 52 0 76 42 0 76 44 0 15250 1210000 18150 790490 1060000 837400
 5008.098868 24520 1300 1300 1300 1300 76 46 0 76 52 0 76 42 0 76 44 0 15250 1210000 18150 790490 1060000 837400
 5008.298819 24521 1300 1300 1300 1300 76 46 0 76 52 0 76 42 0 76 44 0 15250 1210000 18150 791860 1060000 838460
 5008.498815 24522 1300 1300 1300 1300 76 46 0 76 52 0 76 42 0 76 44 0 15006 1210000 18150 791312 1060000 838460
 5008.698820 24523 1300 1300 1300 1300 76 46 0 76 52 0 76 42 0 76 44 0 15006 1210000 18150 791860 1060000 838460
 5008.898819 24524 1300 1300 1300 1300 76 46 0 76 52 0 76 42 0 76 44 0 15006 1210000 18150 791860 1060000 838460
 5009.098819 24525 1300 1300 1300 1300 76 46 0 76 52 0 76 42 0 76 44 0 15006 1210000 18150 791860 1060000 838460
 5009.298819 24526 1300 1300 1300 1300 76 46 0 76 52 0 76 42 0 76 44 0 15006 1210000 18150 791860 1060000 838460
 5009.498820 24527 1300 1300 1300 1300 76 46 0 76 52 0 76 42 0 76 44 0 14762 1210000 16940 792134 1060000 839520
 5009.698819 24528 1300 1300 1300 1300 76 46 0 76 52 0 76 42 0 76 44 0 14762 1210000 16940 792134 1060000 839520
 5009.898819 24529 1300 1300 1300 1300 76 46 0 76 52 0 76 42 0 76 44 0 15494 1210000 18150 791860 1060000 838460
 5010.098819 24530 1300 1300 1300 1300 76 46 0 76 52 0 76 42 0 76 44 0 15006 1210000 18150 790490 1060000 837400
 5010.298818 24531 1300 1300 1300 1300 76 46 0 76 52 0 76 42 0 76 44 0 14762 1210000 16940 789668 1060000 836340
 5010.498818 24532 1300 1300 1300 1300 76 46 0 76 52 0 76 42 0 76 44 0 14762 1210000 16940 789668 1060000 836340
 5010.698819 24533 1300 1300 1300 1300 76 46 0 76 52 0 76 42 0 76 44 0 15006 1210000 18150 791038 1060000 838460
 5010.898814 24534 1300 1300 1300 1300 76 46 0 76 52 0 76 42 0 76 44 0 15006 1210000 18150 792408 1060000 839520
 5011.098818 24535 1300 1300 1300 1300 76 46 0 76 52 0 76 42 0 76 44 0 15250 1210000 18150 790490 1060000 837400
 5011.298818 24536 1300 1300 1300 1300 76 46 0 76 52 0 76 42 0 76 44 0 15250 1210000 18150 790490 1060000 837400
 5011.498820 24537 1300 1300 1300 1300 76 46 0 76 52 0 76 42 0 76 44 0 15250 1210000 18150 792682 1060000 839520
 5011.698819 24538 1300 1300 1300 1300 76 46 0 76 52 0 76 42 0 76 44 0 15250 1210000 18150 792134 1060000 839520
 5011.898818 24539 1300 1300 1300 1300 76 46 0 76 52 0 76 42 0 76 44 0 15006 1210000 18150 789942 1060000 836340
 5012.098864 24540 1300 1300 1300 1300 76 46 0 76 52 0 76 42 0 76 44 0 15006 1210000 18150 789942 1060000 836340
 5012.298823 24541 1300 1300 1300 1300 76 46 0 76 52 0 76 42 0 76 44 0 15006 1210000 18150 789942 1060000 836340
 5012.498821 24542 1300 1300 1300 1300 76 46 0 76 52 0 76 42 0 76 44 0 15006 1210000 18150 791860 1060000 838460
 5012.698820 24543 1300 1300 1300 1300 76 46 0 76 52 0 76 42 0 76 44 0 15250 1208750 18120 792134 1060000 839520
 5012.898820 24544 1300 1300 1300 1300 76 46 0 76 52 0 76 42 0 76 44 0 15006 1210000 18150 792682 1060000 839520
 5013.098831 24545 1300 1300 1300 1300 76 46 0 76 52 0 76 42 0 76 44 0 15006 1210000 18150 792682 1060000 839520
 5013.298820 24546 1300 1300 1300 1300 76 46 0 76 52 0 76 42 0 76 44 0 15006 1210000 18150 792134 1060000 839520
 5013.498820 24547 1300 1300 1300 1300 76 46 0 76 52 0 76 42 0 76 44 0 15250 1210000 18150 792134 1060000 839520
 5013.698821 24548 1300 1300 1300 1300 76 46 0 76 52 0 76 42 0 76 44 0 15006 1210000 18150 791038 1060000 838460
 5013.898820 24549 1300 1300 1300 1300 76 46 0 76 52 0 76 42 0 76 44 0 15006 1210000 18150 791038 1060000 838460
 5014.098911 24550 1300 1300 1300 1300 76 46 0 76 52 0 76 42 0 76 44 0 15006 1210000 18150 789668 1060000 836340
 5014.298818 24551 1300 1300 1300 1300 76 46 0 76 52 0 76 42 0 76 44 0 15250 1210000 18150 790490 1060000 837400
 5014.498820 24552 1300 1300 1300 1300 76 46 0 76 52 0 76 42 0 76 44 0 15006 1210000 18150 791860 1060000 838460
 5014.698819 24553 1300 1300 1300 1300 76 46 0 76 52 0 76 42 0 76 44 0 15006 1210000 18150 791860 1060000 838460
 5014.898818 24554 1300 1300 1300 1300 76 46 0 76 52 0 76 42 0 76 44 0 15006 1210000 18150 791860 1060000 838460
 5015.098818 24555 1300 1300 1300 1300 76 46 0 76 52 0 76 42 0 76 44 0 15250 1208750 18120 790764 1060000 837400
 5015.298818 24556 1300 1300 1300 1300 76 46 0 76 52 0 76 42 0 76 44 0 15006 1210000 18150 792134 1060000 839520
 5015.498818 24557 1300 1300 1300 1300 76 46 0 76 52 0 76 42 0 76 44 0 15006 1210000 18150 792134 1060000 839520
 5015.698815 24558 1300 1300 1300 1300 76 46 0 76 52 0 76 42 0 76 44 0 15250 1210000 18150 789668 1060000 836340
 5015.898818 24559 1300 1300 1300 1300 76 46 0 76 52 0 76 42 0 76 44 0 15006 1208750 18120 789120 1060000 836340
 5016.098870 24560 1300 1300 1300 1300 76 46 0 76 52 0 76 42 0 76 44 0 15006 1210000 18150 790764 1060000 837400
 5016.298819 24561 1300 1300 1300 1300 76 46 0 76 52 0 76 42 0 76 44 0 15006 1210000 18150 790764 1060000 837400
 5016.498818 24562 1300 1300 1300 1300 76 46 0 76 52 0 76 42 0 76 44 0 15006 1210000 18150 792408 1060000 839520
 5016.698819 24563 1300 1300 1300 1300 76 46 0 76 52 0 76 42 0 76 44 0 15250 1210000 18150 793504 1060000 840580
 5016.898820 24564 1300 1300 1300 1300 76 46 0 76 52 0 76 42 0 76 44 0 15006 1210000 18150 792682 1060000 839520
 5017.098819 24565 1300 1300 1300 1300 76 46 0 76 52 0 76 42 0 76 44 0 15006 1210000 18150 792682 1060000 839520
 5017.298818 24566 1300 1300 1300 1300 76 46 0 76 52 0 76 42 0 76 44 0 15250 1210000 18150 792408 1060000 839520
 5017.498818 24567 1300 1300 1300 1300 76 46 0 76 52 0 76 42 0 76 44 0 15250 1210000 18150 790490 1060000 837400
 5017.698819 24568 1300 1300 1300 1300 76 46 0 76 52 0 76 42 0 76 44 0 15006 1210000 18150 792956 1060000 839520
 5017.898818 24569 1300 1300 1300 1300 76 46 0 76 52 0 76 42 0 76 44 0 15006 1210000 18150 792956 1060000 839520
 5018.098815 24570 1300 1300 1300 1300 76 46 0 76 52 0 76 42 0 76 44 0 15250 1210000 18150 791586 1060000 838460
 5018.298819 24571 1300 1300 1300 1300 76 46 0 76 52 0 76 42 0 76 44 0 15006 1210000 18150 791312 1060000 838460
 5018.498819 24572 1300 1300 1300 1300 76 46 0 76 52 0 76 42 0 76 44 0 15250 1210000 18150 792134 1060000 839520
 5018.698801 24573 1300 1300 1300 1300 76 46 0 76 52 0 76 42 0 76 44 0 15250 1210000 18150 792134 1060000 839520
 5018.898818 24574 1300 1300 1300 1300 76 46 0 76 52 0 76 42 0 76 44 0 15250 1210000 18150 792408 1060000 839520
 5019.098815 24575 1300 1300 1300 1300 76 46 0 76 52 0 76 42 0 76 44 0 15006 1210000 18150 791312 1060000 838460
 5019.298819 24576 1300 1300 1300 1300 76 46 0 76 52 0 76 42 0 76 44 0 15006 1210000 18150 791038 1060000 838460
 5019.498818 24577 1300 1300 1300 1300 76 46 0 76 52 0 76 42 0 76 44 0 15006 1208750 18120 790216 1060000 837400
 5019.698818 24578 1300 1300 1300 1300 76 46 0 76 52 0 76 42 0 76 44 0 15006 1208750 18120 790216 1060000 837400
 5019.898815 24579 1300 1300 1300 1300 76 46 0 76 52 0 76 42 0 76 44 0 15006 1210000 18150 789668 1060000 836340
 5020.098866 24580 1300 1300 1300 1300 76 46 0 76 52 0 76 42 0 76 44 0 15006 1210000 18150 824740 1060000 873440
 5020.298819 24581 1300 1300 1300 1300 76 46 0 76 52 0 76 42 0 76 44 0 15006 1210000 18150 792956 1060000 839520
 5020.498820 24582 1300 1300 1300 1300 76 46 0 76 52 0 76 42 0 76 44 0 15006 1210000 18150 792956 1060000 839520
 5020.698818 24583 1300 1300 1300 1300 76 46 0 76 52 0 76 42 0 76 44 0 15006 1210000 18150 794874 1060000 841640
 5020.898818 24584 1300 1300 1300 1300 76 46 0 76 52 0 76 42 0 76 44 0 15006 1210000 18150 792134 1060000 839520
 5021.098820 24585 1300 1300 1300 1300 76 46 0 76 52 0 76 42 0 76 44 0 15250 1210000 18150 790490 1060000 837400
 5021.298817 24586 1300 1300 1300 1300 76 46 0 76 52 0 76 42 0 76 44 0 15250 1210000 18150 790490 1060000 837400
 5021.498815 24587 1300 1300 1300 1300 76 46 0 76 52 0 76 42 0 76 44 0 15250 1208750 18120 791312 1060000 838460
 5021.698818 24588 1300 1300 1300 1300 76 46 0 76 52 0 76 42 0 76 44 0 15250 1208750 18120 792682 1060000 839520
 5021.898819 24589 1300 1300 1300 1300 76 46 0 76 52 0 76 42 0 76 44 0 15006 1210000 18150 791038 1060000 838460
 5022.098819 24590 1300 1300 1300 1300 76 46 0 76 52 0 76 42 0 76 44 0 15006 1210000 18150 791038 1060000 838460
 5022.298833 24591 1300 1300 1300 1300 76 46 0 76 52 0 76 42 0 76 44 0 15250 1210000 18150 792682 1060000 839520
 5022.498819 24592 1300 1300 1300 1300 76 46 0 76 52 0 76 42 0 76 44 0 15250 1210000 18150 793230 1060000 840580
 5022.698820 24593 1300 1300 1300 1300 76 46 0 76 52 0 76 42 0 76 44 0 15250 1210000 18150 792956 1060000 839520
 5022.898818 24594 1300 1300 1300 1300 76 46 0 76 52 0 76 42 0 76 44 0 15250 1210000 18150 792956 1060000 839520
 5023.098818 24595 1300 1300 1300 1300 76 46 0 76 52 0 76 42 0 76 44 0 15250 1210000 18150 791860 1060000 838460
 5023.298818 24596 1300 1300 1300 1300 76 46 0 76 52 0 76 42 0 76 44 0 15006 1208750 18120 792134 1060000 839520
 5023.498820 24597 1300 1300 1300 1300 76 46 0 76 52 0 76 42 0 76 44 0 15006 1208750 18120 792408 1060000 839520
 5023.698819 24598 1300 1300 1300 1300 76 46 0 76 52 0 76 42 0 76 44 0 15006 1208750 18120 792408 1060000 839520
 5023.898815 24599 1300 1300 1300 1300 76 46 0 76 52 0 76 42 0 76 44 0 15006 1210000 18150 790216 1060000 837400
 5024.098869 24600 1300 1300 1300 1300 76 46 0 76 52 0 76 42 0 76 44 0 15006 1210000 18150 790764 1060000 837400
 5024.298819 24601 1300 1300 1300 1300 76 46 0 76 52 0 76 42 0 76 44 0 15250 1210000 18150 791586 1060000 838460
 5024.498820 24602 1300 1300 1300 1300 76 46 0 76 52 0 76 42 0 76 44 0 15250 1210000 18150 791586 1060000 838460
 5024.698819 24603 1300 1300 1300 1300 76 46 0 76 52 0 76 42 0 76 44 0 15006 1210000 18150 790764 1060000 837400
 5024.898819 24604 1300 1300 1300 1300 76 46 0 76 52 0 76 42 0 76 44 0 15006 1210000 18150 789668 1060000 836340
 5025.098819 24605 1300 1300 1300 1300 76 46 0 76 52 0 76 42 0 76 44 0 15006 1210000 18150 797066 1060000 844820
 5025.298798 24606 1300 1300 1300 1300 76 46 0 76 52 0 76 42 0 76 44 0 15006 1210000 18150 789394 1060000 836340
 5025.498819 24607 1300 1300 1300 1300 76 46 0 76 52 0 76 42 0 76 44 0 15006 1210000 18150 789394 1060000 836340
 5025.698819 24608 1300 1300 1300 1300 76 46 0 76 52 0 76 42 0 76 44 0 15006 1210000 18150 790490 1060000 837400
 5025.898818 24609 1300 1300 1300 1300 76 46 0 76 52 0 76 42 0 76 44 0 15250 1210000 18150 791860 1060000 838460
 5026.098815 24610 1300 1300 1300 1300 76 46 0 76 52 0 76 42 0 76 44 0 15250 1210000 18150 792134 1060000 839520
 5026.298817 24611 1300 1300 1300 1300 76 46 0 76 52 0 76 42 0 76 44 0 15250 1210000 18150 792134 1060000 839520
 5026.498818 24612 1300 1300 1300 1300 76 46 0 76 52 0 76 42 0 76 44 0 15250 1210000 18150 791038 1060000 838460
 5026.698819 24613 1300 1300 1300 1300 76 46 0 76 52 0 76 42 0 76 44 0 15250 1210000 18150 793504 1060000 840580
 5026.898820 24614 1300 1300 1300 1300 76 46 0 76 52 0 76 42 0 76 44 0 15250 1210000 18150 790490 1060000 837400
 5027.098819 24615 1300 1300 1300 1300 76 46 0 76 52 0 76 42 0 76 44 0 15250 1210000 18150 790490 1060000 837400
 5027.298818 24616 1300 1300 1300 1300 76 46 0 76 52 0 76 42 0 76 44 0 15250 1210000 18150 793504 1060000 840580
 5027.498819 24617 1300 1300 1300 1300 76 46 0 76 52 0 76 42 0 76 44 0 15250 1210000 18150 791038 1060000 838460
 5027.698819 24618 1300 1300 1300 1300 76 46 0 76 52 0 76 42 0 76 44 0 15006 1210000 18150 792956 1060000 839520
 5027.898818 24619 1300 1300 1300 1300 76 46 0 76 52 0 76 42 0 76 44 0 15006 1210000 18150 792956 1060000 839520
 5028.098872 24620 1300 1300 1300 1300 77 46 0 85 52 0 77 42 0 76 44 0 15006 1210000 18150 793778 1060000 840580
 5028.298918 24621 1300 1300 1300 1300 76 46 0 76 52 0 76 42 0 76 44 0 14762 1210000 16940 794326 1060000 841640
 5028.498815 24622 1300 1300 1300 1300 76 46 0 76 52 0 76 42 0 76 44 0 15006 1210000 18150 794326 1060000 841640
 5028.698819 24623 1300 1300 1300 1300 76 46 0 76 52 0 76 42 0 76 44 0 15006 1210000 18150 794326 1060000 841640
 5028.898818 24624 1300 1300 1300 1300 76 46 0 76 52 0 76 42 0 76 44 0 15250 1210000 18150 794874 1060000 841640
 5029.098819 24625 1300 1300 1300 1300 76 46 0 76 52 0 76 42 0 76 44 0 15006 1210000 18150 792682 1060000 839520
 5029.298818 24626 1300 1300 1300 1300 76 46 0 76 52 0 76 42 0 76 44 0 15006 1210000 18150 790490 1060000 837400
 5029.498819 24627 1300 1300 1300 1300 76 46 0 76 52 0 76 42 0 76 44 0 15006 1210000 18150 790490 1060000 837400
 5029.698819 24628 1300 1300 1300 1300 76 46 0 76 52 0 76 42 0 76 44 0 15250 1210000 18150 792134 1060000 839520
 5029.898818 24629 1300 1300 1300 1300 76 46 0 76 52 0 76 42 0 76 44 0 15250 1210000 18150 794874 1060000 841640
 5030.098818 24630 1300 1300 1300 1300 76 46 0 76 52 0 76 42 0 76 44 0 15250 1210000 18150 793230 1060000 840580
 5030.298818 24631 1300 1300 1300 1300 76 46 0 76 52 0 76 42 0 76 44 0 15250 1210000 18150 793230 1060000 840580
 5030.498819 24632 1300 1300 1300 1300 76 46 0 76 52 0 76 42 0 76 44 0 15250 1210000 18150 793504 1060000 840580
 5030.698818 24633 1300 1300 1300 1300 76 46 0 76 52 0 76 42 0 76 44 0 15006 1210000 18150 791860 1060000 838460
 5030.898816 24634 1300 1300 1300 1300 76 46 0 76 52 0 76 42 0 76 44 0 15250 1210000 18150 791312 1060000 838460
 5031.098801 24635 1300 1300 1300 1300 76 46 0 76 52 0 76 42 0 76 44 0 15250 1210000 18150 791312 1060000 838460
 5031.298818 24636 1300 1300 1300 1300 76 46 0 76 52 0 76 42 0 76 44 0 15250 1210000 18150 789394 1060000 836340
 5031.498819 24637 1300 1300 1300 1300 76 46 0 76 52 0 76 42 0 76 44 0 15250 1210000 18150 791038 1060000 838460
 5031.698818 24638 1300 1300 1300 1300 76 46 0 76 52 0 76 42 0 76 44 0 15250 1210000 18150 791312 1060000 838460
 5031.898797 24639 1300 1300 1300 1300 76 46 0 76 52 0 76 42 0 76 44 0 14762 1210000 16940 791312 1060000 838460
 5032.098866 24640 1300 1300 1300 1300 76 46 0 76 52 0 76 42 0 76 44 0 14762 1210000 16940 791312 1060000 838460
 5032.298818 24641 1300 1300 1300 1300 76 46 0 76 52 0 76 42 0 76 44 0 15006 1210000 18150 792134 1060000 839520
 5032.498819 24642 1300 1300 1300 1300 76 46 0 76 52 0 76 42 0 76 44 0 15006 1210000 18150 792134 1060000 839520
 5032.698819 24643 1300 1300 1300 1300 76 46 0 76 52 0 76 42 0 76 44 0 15006 1210000 18150 791860 1060000 838460
 5032.898818 24644 1300 1300 1300 1300 76 46 0 76 52 0 76 42 0 76 44 0 15006 1210000 18150 791860 1060000 838460
 5033.098818 24645 1300 1300 1300 1300 76 46 0 76 52 0 76 42 0 76 44 0 15006 1210000 18150 791586 1060000 838460
 5033.298814 24646 1300 1300 1300 1300 76 46 0 76 52 0 76 42 0 76 44 0 15250 1210000 18150 791586 1060000 838460
 5033.498821 24647 1300 1300 1300 1300 76 46 0 76 52 0 76 42 0 76 44 0 15250 1210000 18150 791860 1060000 838460
 5033.698819 24648 1300 1300 1300 1300 76 46 0 76 52 0 76 42 0 76 44 0 15250 1210000 18150 791860 1060000 838460
 5033.898808 24649 1300 1300 1300 1300 76 46 0 76 52 0 76 42 0 76 44 0 15250 1210000 18150 791586 1060000 838460
 5034.098806 24650 1300 1300 1300 1300 76 46 0 76 52 0 76 42 0 76 44 0 15006 1210000 18150 692124 1060000 733520
 5034.298802 24651 1300 1300 1300 1300 76 46 0 76 52 0 76 42 0 76 44 0 15006 1210000 18150 64116 1057500 67648
 5034.498808 24652 1300 1300 1300 1300 76 46 0 76 52 0 76 42 0 76 44 0 15006 1210000 18150 64116 1057500 67648
 5034.698809 24653 1300 1300 1300 1300 76 46 0 76 52 0 76 42 0 76 44 0 15006 1210000 18150 59458 1057500 62363
 5034.898809 24654 1300 1300 1300 1300 76 46 0 76 52 0 76 42 0 76 44 0 15250 1210000 18150 59732 1057500 62363
 5035.098811 24655 1300 1300 1300 1300 75 46 0 75 52 0 75 42 0 75 44 0 15250 1210000 18150 60280 1057500 63420
 5035.298806 24656 1300 1300 1300 1300 75 46 0 75 52 0 75 42 0 75 44 0 15250 1210000 18150 60280 1057500 63420
