 3715.823803 18059 1600 1600 1600 1600 78 46 0 78 52 0 78 42 0 78 44 0 15494 1210000 18150 89050 1157500 102973
 3716.023803 18060 1600 1600 1600 1600 77 46 0 77 52 0 77 42 0 77 44 0 15250 1210000 18150 92886 1157500 106444
 3716.223803 18061 1600 1600 1600 1600 77 46 0 77 52 0 77 42 0 77 44 0 15250 1210000 18150 92886 1157500 106444
 3716.423800 18062 1600 1600 1600 1600 77 46 0 77 52 0 77 42 0 77 44 0 15250 1210000 18150 93982 1157500 107601
 3716.623800 18063 1600 1600 1600 1600 77 46 0 77 52 0 77 42 0 77 44 0 15250 1210000 18150 101380 1157500 116857
 3716.823864 18064 1600 1600 1600 1600 77 46 0 77 52 0 77 42 0 77 44 0 15250 1210000 18150 95900 1157500 109915
 3717.023815 18065 1600 1600 1600 1600 76 46 0 76 52 0 76 42 0 76 44 0 15250 1210000 18150 95900 1157500 109915
 3717.223803 18066 1600 1600 1600 1600 76 46 0 76 52 0 76 42 0 76 44 0 15250 1210000 18150 348254 1158750 402984
 3717.423804 18067 1600 1600 1600 1600 76 46 0 76 52 0 76 42 0 76 44 0 15250 1210000 18150 90968 1157500 104130
 3717.623800 18068 1600 1600 1600 1600 76 46 0 76 52 0 76 42 0 76 44 0 15250 1210000 18150 90694 1157500 104130
 3717.823734 18069 1600 1600 1600 1600 76 46 0 76 52 0 76 42 0 76 44 0 15250 1210000 18150 90694 1157500 104130
 3718.023837 18070 1600 1600 1600 1600 83 46 0 83 52 0 83 42 0 83 44 0 15006 1210000 18150 87132 1157500 100659
 3718.223958 18071 1600 1600 1600 1600 83 46 0 83 52 0 83 42 0 83 44 0 15006 1210000 18150 954068 1162500 1108548
 3718.423791 18072 1600 1600 1600 1600 83 46 0 83 52 0 83 42 0 83 44 0 15250 1208750 18120 1289444 1165000 1501685
 3718.623795 18073 1600 1600 1600 1600 83 46 0 83 52 0 83 42 0 83 44 0 15250 1208750 18120 1289444 1165000 1501685
 3718.823813 18074 1600 1600 1600 1600 83 46 0 83 52 0 83 42 0 83 44 0 15250 1208750 18120 1121482 1163750 1303723
 3719.023896 18075 1600 1600 1600 1600 78 46 0 78 52 0 78 42 0 78 44 0 15006 1210000 18150 1086684 1162500 1261932
 3719.223813 18076 1600 1600 1600 1600 78 46 0 78 52 0 78 42 0 78 44 0 15250 1210000 18150 1087780 1163750 1264181
 3719.423792 18077 1600 1600 1600 1600 78 46 0 78 52 0 78 42 0 78 44 0 15250 1210000 18150 1088054 1163750 1265344
 3719.623812 18078 1600 1600 1600 1600 78 46 0 78 52 0 78 42 0 78 44 0 15250 1210000 18150 1088054 1163750 1265344
 3719.823811 18079 1600 1600 1600 1600 78 46 0 78 52 0 78 42 0 78 44 0 15006 1210000 18150 1086958 1163750 1263018
 3720.023823 18080 1600 1600 1600 1600 78 46 0 78 52 0 78 42 0 78 44 0 15250 1210000 18150 1089972 1162500 1265418
 3720.223812 18081 1600 1600 1600 1600 78 46 0 78 52 0 78 42 0 78 44 0 15250 1210000 18150 1090520 1163750 1267670
 3720.423813 18082 1600 1600 1600 1600 78 46 0 78 52 0 78 42 0 78 44 0 15250 1210000 18150 1090520 1163750 1267670
 3720.623812 18083 1600 1600 1600 1600 78 46 0 78 52 0 78 42 0 78 44 0 15250 1210000 18150 1092712 1163750 1269996
 3720.823813 18084 1600 1600 1600 1600 78 46 0 78 52 0 78 42 0 78 44 0 15250 1208750 18120 1090246 1163750 1267670
 3721.023813 18085 1600 1600 1600 1600 78 46 0 78 52 0 78 42 0 78 44 0 15250 1210000 18150 1088602 1163750 1265344
 3721.223813 18086 1600 1600 1600 1600 78 46 0 78 52 0 78 42 0 78 44 0 15250 1210000 18150 1088602 1163750 1265344
 3721.423815 18087 1600 1600 1600 1600 78 46 0 78 52 0 78 42 0 78 44 0 15006 1208750 18120 1089698 1162500 1265418
 3721.623812 18088 1600 1600 1600 1600 78 46 0 78 52 0 78 42 0 78 44 0 15494 1210000 18150 1089698 1163750 1266507
 3721.823813 18089 1600 1600 1600 1600 78 46 0 78 52 0 78 42 0 78 44 0 15250 1210000 18150 1092438 1162500 1268904
 3722.023822 18090 1600 1600 1600 1600 79 46 0 79 52 0 79 42 0 79 44 0 15250 1210000 18150 1092438 1162500 1268904
 3722.223809 18091 1600 1600 1600 1600 79 46 0 79 52 0 79 42 0 79 44 0 15250 1210000 18150 1093260 1162500 1270066
 3722.423814 18092 1600 1600 1600 1600 79 46 0 79 52 0 79 42 0 79 44 0 15250 1210000 18150 1092438 1163750 1269996
 3722.623813 18093 1600 1600 1600 1600 79 46 0 79 52 0 79 42 0 79 44 0 15494 1210000 18150 1093260 1163750 1271159
 3722.823814 18094 1600 1600 1600 1600 79 46 0 79 52 0 79 42 0 79 44 0 15494 1210000 18150 1093260 1163750 1271159
 3723.023822 18095 1600 1600 1600 1600 79 46 0 79 52 0 79 42 0 79 44 0 15250 1208750 18120 1092986 1163750 1269996
 3723.223813 18096 1600 1600 1600 1600 79 46 0 79 52 0 79 42 0 79 44 0 15250 1210000 18150 1091342 1163750 1268833
 3723.423813 18097 1600 1600 1600 1600 79 46 0 79 52 0 79 42 0 79 44 0 15250 1210000 18150 1094356 1162500 1271228
 3723.623812 18098 1600 1600 1600 1600 79 46 0 79 52 0 79 42 0 79 44 0 15250 1210000 18150 1094356 1162500 1271228
 3723.823815 18099 1600 1600 1600 1600 79 46 0 79 52 0 79 42 0 79 44 0 15250 1208750 18120 1097370 1162500 1274714
 3724.023822 18100 1600 1600 1600 1600 79 46 0 79 52 0 79 42 0 79 44 0 15250 1208750 18120 1095726 1163750 1273485
 3724.223813 18101 1600 1600 1600 1600 79 46 0 79 52 0 79 42 0 79 44 0 15250 1208750 18120 1097644 1163750 1275811
 3724.423815 18102 1600 1600 1600 1600 79 46 0 79 52 0 79 42 0 79 44 0 15250 1208750 18120 1097644 1163750 1275811
 3724.623809 18103 1600 1600 1600 1600 79 46 0 79 52 0 79 42 0 79 44 0 15738 1210000 18150 1095726 1163750 1273485
 3724.823813 18104 1600 1600 1600 1600 79 46 0 79 52 0 79 42 0 79 44 0 15250 1210000 18150 1096548 1162500 1273552
 3725.023828 18105 1600 1600 1600 1600 79 46 0 79 52 0 79 42 0 79 44 0 15250 1210000 18150 1094904 1162500 1271228
 3725.223796 18106 1600 1600 1600 1600 79 46 0 79 52 0 79 42 0 79 44 0 15250 1210000 18150 1094904 1162500 1271228
 3725.423814 18107 1600 1600 1600 1600 79 46 0 79 52 0 79 42 0 79 44 0 15494 1210000 18150 1094904 1163750 1272322
 3725.623811 18108 1600 1600 1600 1600 79 46 0 79 52 0 79 42 0 79 44 0 15250 1210000 18150 1097096 1163750 1275811
 3725.823813 18109 1600 1600 1600 1600 79 46 0 79 52 0 79 42 0 79 44 0 15494 1208750 18120 1096274 1163750 1274648
 3726.023813 18110 1600 1600 1600 1600 79 46 0 79 52 0 79 42 0 79 44 0 15250 1210000 18150 1096548 1162500 1273552
 3726.223813 18111 1600 1600 1600 1600 79 46 0 79 52 0 79 42 0 79 44 0 15250 1210000 18150 1096548 1162500 1273552
 3726.423813 18112 1600 1600 1600 1600 79 46 0 79 52 0 79 42 0 79 44 0 15250 1210000 18150 1096000 1162500 1273552
 3726.623812 18113 1600 1600 1600 1600 79 46 0 79 52 0 79 42 0 79 44 0 15250 1210000 18150 1094356 1163750 1272322
 3726.823810 18114 1600 1600 1600 1600 79 46 0 79 52 0 79 42 0 79 44 0 15250 1210000 18150 1096274 1163750 1274648
 3727.023819 18115 1600 1600 1600 1600 79 46 0 79 52 0 79 42 0 79 44 0 15250 1210000 18150 1096274 1163750 1274648
 3727.223813 18116 1600 1600 1600 1600 79 46 0 79 52 0 79 42 0 79 44 0 15250 1210000 18150 1095726 1163750 1273485
 3727.423815 18117 1600 1600 1600 1600 79 46 0 79 52 0 79 42 0 79 44 0 15250 1208750 18120 1097918 1162500 1274714
 3727.623813 18118 1600 1600 1600 1600 79 46 0 79 52 0 79 42 0 79 44 0 15250 1210000 18150 1098740 1163750 1276974
 3727.823814 18119 1600 1600 1600 1600 79 46 0 79 52 0 79 42 0 79 44 0 15250 1210000 18150 1098740 1163750 1276974
 3728.023823 18120 1600 1600 1600 1600 79 46 0 79 52 0 79 42 0 79 44 0 15250 1208750 18120 1096000 1163750 1274648
 3728.223813 18121 1600 1600 1600 1600 79 46 0 79 52 0 79 42 0 79 44 0 15250 1210000 18150 1093260 1162500 1270066
 3728.423813 18122 1600 1600 1600 1600 79 46 0 79 52 0 79 42 0 79 44 0 15494 1210000 18150 1091890 1163750 1268833
 3728.623811 18123 1600 1600 1600 1600 79 46 0 79 52 0 79 42 0 79 44 0 15494 1210000 18150 1091890 1163750 1268833
 3728.823813 18124 1600 1600 1600 1600 79 46 0 79 52 0 79 42 0 79 44 0 14762 1208750 16912 1094904 1163750 1272322
 3729.023821 18125 1600 1600 1600 1600 79 46 0 79 52 0 79 42 0 79 44 0 15494 1208750 18120 1093534 1163750 1271159
 3729.223810 18126 1600 1600 1600 1600 79 46 0 79 52 0 79 42 0 79 44 0 15494 1208750 18120 1095178 1163750 1273485
 3729.423814 18127 1600 1600 1600 1600 79 46 0 79 52 0 79 42 0 79 44 0 15494 1208750 18120 1095178 1163750 1273485
 3729.623811 18128 1600 1600 1600 1600 79 46 0 79 52 0 79 42 0 79 44 0 15494 1210000 18150 1096274 1163750 1274648
 3729.823813 18129 1600 1600 1600 1600 79 46 0 79 52 0 79 42 0 79 44 0 15250 1210000 18150 1093808 1162500 1270066
 3730.023823 18130 1600 1600 1600 1600 79 46 0 79 52 0 79 42 0 79 44 0 15494 1210000 18150 1097370 1162500 1274714
 3730.223814 18131 1600 1600 1600 1600 79 46 0 79 52 0 79 42 0 79 44 0 15494 1210000 18150 1097370 1162500 1274714
 3730.423815 18132 1600 1600 1600 1600 79 46 0 79 52 0 79 42 0 79 44 0 15250 1210000 18150 1093260 1162500 1270066
 3730.623811 18133 1600 1600 1600 1600 79 46 0 79 52 0 79 42 0 79 44 0 15250 1208750 18120 1096000 1163750 1274648
 3730.823813 18134 1600 1600 1600 1600 79 46 0 79 52 0 79 42 0 79 44 0 15250 1210000 18150 1095178 1163750 1273485
 3731.023821 18135 1600 1600 1600 1600 79 46 0 79 52 0 79 42 0 79 44 0 15250 1210000 18150 1095178 1163750 1273485
 3731.223814 18136 1600 1600 1600 1600 79 46 0 79 52 0 79 42 0 79 44 0 15494 1210000 18150 1095726 1163750 1273485
 3731.423814 18137 1600 1600 1600 1600 79 46 0 79 52 0 79 42 0 79 44 0 15494 1210000 18150 1095726 1163750 1273485
 3731.623768 18138 1600 1600 1600 1600 79 46 0 79 52 0 79 42 0 79 44 0 15250 1208750 18120 1093808 1162500 1270066
 3731.823792 18139 1600 1600 1600 1600 79 46 0 79 52 0 79 42 0 79 44 0 15250 1210000 18150 1093808 1162500 1270066
 3732.023822 18140 1600 1600 1600 1600 79 46 0 79 52 0 79 42 0 79 44 0 15250 1210000 18150 1093808 1162500 1270066
 3732.223814 18141 1600 1600 1600 1600 79 46 0 79 52 0 79 42 0 79 44 0 15494 1210000 18150 1093260 1163750 1271159
 3732.423813 18142 1600 1600 1600 1600 79 46 0 79 52 0 79 42 0 79 44 0 15494 1210000 18150 1093534 1163750 1271159
 3732.623767 18143 1600 1600 1600 1600 79 46 0 79 52 0 79 42 0 79 44 0 15250 1210000 18150 1093808 1163750 1271159
 3732.823811 18144 1600 1600 1600 1600 79 46 0 79 52 0 79 42 0 79 44 0 15250 1210000 18150 1093808 1163750 1271159
 3733.023822 18145 1600 1600 1600 1600 79 46 0 79 52 0 79 42 0 79 44 0 15250 1208750 18120 1095452 1163750 1273485
 3733.223813 18146 1600 1600 1600 1600 79 46 0 79 52 0 79 42 0 79 44 0 15250 1210000 18150 1096822 1163750 1274648
 3733.423815 18147 1600 1600 1600 1600 79 46 0 79 52 0 79 42 0 79 44 0 15250 1210000 18150 1097370 1163750 1275811
 3733.623770 18148 1600 1600 1600 1600 79 46 0 79 52 0 79 42 0 79 44 0 15250 1210000 18150 1097370 1163750 1275811
 3733.823813 18149 1600 1600 1600 1600 79 46 0 79 52 0 79 42 0 79 44 0 15494 1208750 18120 1102576 1163750 1281626
 3734.023823 18150 1600 1600 1600 1600 79 46 0 79 52 0 79 42 0 79 44 0 15494 1210000 18150 1101754 1163750 1280463
 3734.223813 18151 1600 1600 1600 1600 79 46 0 79 52 0 79 42 0 79 44 0 15250 1210000 18150 1098740 1163750 1276974
 3734.423814 18152 1600 1600 1600 1600 79 46 0 79 52 0 79 42 0 79 44 0 15250 1210000 18150 1098740 1163750 1276974
 3734.623770 18153 1600 1600 1600 1600 79 46 0 79 52 0 79 42 0 79 44 0 15250 1210000 18150 1096274 1163750 1274648
 3734.823814 18154 1600 1600 1600 1600 79 46 0 79 52 0 79 42 0 79 44 0 15250 1210000 18150 1095178 1162500 1272390
 3735.023819 18155 1600 1600 1600 1600 79 46 0 79 52 0 79 42 0 79 44 0 15250 1210000 18150 1096274 1162500 1273552
 3735.223814 18156 1600 1600 1600 1600 79 46 0 79 52 0 79 42 0 79 44 0 15250 1210000 18150 1096274 1162500 1273552
 3735.423814 18157 1600 1600 1600 1600 79 46 0 79 52 0 79 42 0 79 44 0 15250 1208750 18120 1099562 1163750 1278137
 3735.623770 18158 1600 1600 1600 1600 79 46 0 79 52 0 79 42 0 79 44 0 15250 1210000 18150 1098466 1163750 1276974
 3735.823814 18159 1600 1600 1600 1600 79 46 0 79 52 0 79 42 0 79 44 0 15494 1210000 18150 1094356 1163750 1272322
 3736.023814 18160 1600 1600 1600 1600 79 46 0 79 52 0 79 42 0 79 44 0 15494 1210000 18150 1094356 1163750 1272322
 3736.223812 18161 1600 1600 1600 1600 79 46 0 79 52 0 79 42 0 79 44 0 15250 1208750 18120 1096000 1162500 1273552
 3736.423816 18162 1600 1600 1600 1600 79 46 0 79 52 0 79 42 0 79 44 0 15250 1210000 18150 1214368 1163750 1411882
 3736.623769 18163 1600 1600 1600 1600 79 46 0 79 52 0 79 42 0 79 44 0 15250 1210000 18150 1099562 1163750 1278137
 3736.823814 18164 1600 1600 1600 1600 79 46 0 79 52 0 79 42 0 79 44 0 15250 1210000 18150 1099562 1163750 1278137
 3737.023832 18165 1600 1600 1600 1600 79 46 0 79 52 0 79 42 0 79 44 0 15494 1208750 18120 1100110 1163750 1279300
 3737.223814 18166 1600 1600 1600 1600 79 46 0 79 52 0 79 42 0 79 44 0 15494 1210000 18150 1099562 1163750 1278137
 3737.423810 18167 1600 1600 1600 1600 79 46 0 79 52 0 79 42 0 79 44 0 15494 1210000 18150 1099562 1163750 1278137
 3737.623753 18168 1600 1600 1600 1600 79 46 0 79 52 0 79 42 0 79 44 0 15494 1210000 18150 1099562 1163750 1278137
 3737.823814 18169 1600 1600 1600 1600 79 46 0 79 52 0 79 42 0 79 44 0 15494 1210000 18150 1097370 1163750 1275811
 3738.023823 18170 1600 1600 1600 1600 79 46 0 79 52 0 79 42 0 79 44 0 15738 1208750 18120 1094630 1163750 1272322
 3738.223814 18171 1600 1600 1600 1600 79 46 0 79 52 0 79 42 0 79 44 0 15250 1210000 18150 1094630 1163750 1272322
 3738.423793 18172 1600 1600 1600 1600 79 46 0 79 52 0 79 42 0 79 44 0 15494 1210000 18150 1095726 1163750 1273485
 3738.623842 18173 1600 1600 1600 1600 79 46 0 79 52 0 79 42 0 79 44 0 15494 1210000 18150 1095726 1163750 1273485
 3738.823814 18174 1600 1600 1600 1600 79 46 0 79 52 0 79 42 0 79 44 0 15494 1210000 18150 1094904 1163750 1272322
 3739.023822 18175 1600 1600 1600 1600 79 46 0 79 52 0 79 42 0 79 44 0 15250 1210000 18150 1093260 1162500 1270066
 3739.223813 18176 1600 1600 1600 1600 79 46 0 79 52 0 79 42 0 79 44 0 15250 1210000 18150 1093534 1163750 1271159
 3739.423816 18177 1600 1600 1600 1600 79 46 0 79 52 0 79 42 0 79 44 0 15250 1210000 18150 1093534 1163750 1271159
 3739.623797 18178 1600 1600 1600 1600 79 46 0 79 52 0 79 42 0 79 44 0 15494 1208750 18120 1092438 1163750 1269996
 3739.823811 18179 1600 1600 1600 1600 79 46 0 79 52 0 79 42 0 79 44 0 15006 1208750 18120 1094356 1163750 1272322
 3740.023755 18180 1600 1600 1600 1600 79 46 0 79 52 0 79 42 0 79 44 0 15250 1208750 18120 1094630 1163750 1272322
 3740.223813 18181 1600 1600 1600 1600 79 46 0 79 52 0 79 42 0 79 44 0 15250 1208750 18120 1094630 1163750 1272322
 3740.423814 18182 1600 1600 1600 1600 79 46 0 79 52 0 79 42 0 79 44 0 15250 1210000 18150 1125044 1163750 1308375
 3740.623797 18183 1600 1600 1600 1600 79 46 0 79 52 0 79 42 0 79 44 0 15494 1210000 18150 1104494 1163750 1283952
 3740.823813 18184 1600 1600 1600 1600 79 46 0 79 52 0 79 42 0 79 44 0 15494 1208750 18120 1096000 1162500 1273552
 3741.023813 18185 1600 1600 1600 1600 79 46 0 79 52 0 79 42 0 79 44 0 15494 1208750 18120 1096000 1162500 1273552
 3741.223814 18186 1600 1600 1600 1600 79 46 0 79 52 0 79 42 0 79 44 0 15250 1208750 18120 1094904 1162500 1271228
 3741.423813 18187 1600 1600 1600 1600 79 46 0 79 52 0 79 42 0 79 44 0 15250 1210000 18150 1093260 1163750 1271159
 3741.623796 18188 1600 1600 1600 1600 79 46 0 79 52 0 79 42 0 79 44 0 15250 1210000 18150 1093260 1163750 1271159
 3741.823814 18189 1600 1600 1600 1600 79 46 0 79 52 0 79 42 0 79 44 0 15250 1210000 18150 1093260 1163750 1271159
 3742.023822 18190 1600 1600 1600 1600 79 46 0 79 52 0 79 42 0 79 44 0 15250 1210000 18150 1093534 1162500 1270066
 3742.223814 18191 1600 1600 1600 1600 79 46 0 79 52 0 79 42 0 79 44 0 15494 1208750 18120 1094082 1163750 1272322
 3742.423814 18192 1600 1600 1600 1600 79 46 0 79 52 0 79 42 0 79 44 0 15250 1210000 18150 1095178 1163750 1273485
 3742.623796 18193 1600 1600 1600 1600 79 46 0 79 52 0 79 42 0 79 44 0 15250 1210000 18150 1095178 1163750 1273485
 3742.823814 18194 1600 1600 1600 1600 79 46 0 79 52 0 79 42 0 79 44 0 15494 1210000 18150 1097096 1163750 1275811
 3743.023829 18195 1600 1600 1600 1600 79 46 0 79 52 0 79 42 0 79 44 0 15250 1210000 18150 1097644 1162500 1274714
 3743.223811 18196 1600 1600 1600 1600 79 46 0 79 52 0 79 42 0 79 44 0 15494 1208750 18120 1096274 1163750 1274648
 3743.423813 18197 1600 1600 1600 1600 79 46 0 79 52 0 79 42 0 79 44 0 15494 1208750 18120 1096274 1163750 1274648
 3743.623796 18198 1600 1600 1600 1600 79 46 0 79 52 0 79 42 0 79 44 0 15494 1210000 18150 1098466 1163750 1276974
 3743.823814 18199 1600 1600 1600 1600 79 46 0 79 52 0 79 42 0 79 44 0 15494 1208750 18120 1096000 1162500 1273552
 3744.023822 18200 1600 1600 1600 1600 79 46 0 79 52 0 79 42 0 79 44 0 15250 1210000 18150 1096000 1163750 1274648
 3744.223853 18201 1600 1600 1600 1600 79 46 0 79 52 0 79 42 0 79 44 0 15250 1210000 18150 1096000 1163750 1274648
 3744.423814 18202 1600 1600 1600 1600 79 46 0 79 52 0 79 42 0 79 44 0 15250 1208750 18120 1100658 1163750 1279300
 3744.623796 18203 1600 1600 1600 1600 79 46 0 79 52 0 79 42 0 79 44 0 15494 1208750 18120 1110248 1163750 1290930
 3744.823815 18204 1600 1600 1600 1600 79 46 0 79 52 0 79 42 0 79 44 0 15494 1210000 18150 1098740 1163750 1276974
 3745.023823 18205 1600 1600 1600 1600 79 46 0 79 52 0 79 42 0 79 44 0 15250 1210000 18150 1099288 1163750 1278137
 3745.223813 18206 1600 1600 1600 1600 79 46 0 79 52 0 79 42 0 79 44 0 15250 1210000 18150 1099288 1163750 1278137
 3745.423815 18207 1600 1600 1600 1600 79 46 0 79 52 0 79 42 0 79 44 0 15250 1208750 18120 1099014 1163750 1278137
 3745.623793 18208 1600 1600 1600 1600 79 46 0 79 52 0 79 42 0 79 44 0 15494 1208750 18120 1097096 1163750 1275811
 3745.823813 18209 1600 1600 1600 1600 79 46 0 79 52 0 79 42 0 79 44 0 15494 1210000 18150 1097918 1163750 1275811
 3746.023813 18210 1600 1600 1600 1600 79 46 0 79 52 0 79 42 0 79 44 0 15494 1210000 18150 1097918 1163750 1275811
 3746.223814 18211 1600 1600 1600 1600 79 46 0 79 52 0 79 42 0 79 44 0 15494 1210000 18150 1099014 1163750 1278137
 3746.423814 18212 1600 1600 1600 1600 79 46 0 79 52 0 79 42 0 79 44 0 15738 1210000 18150 1098466 1163750 1276974
 3746.623796 18213 1600 1600 1600 1600 79 46 0 79 52 0 79 42 0 79 44 0 15250 1208750 18120 1097096 1162500 1274714
 3746.823812 18214 1600 1600 1600 1600 79 46 0 79 52 0 79 42 0 79 44 0 15250 1208750 18120 1097096 1162500 1274714
 3747.023822 18215 1600 1600 1600 1600 79 46 0 79 52 0 79 42 0 79 44 0 15494 1208750 18120 1095452 1163750 1273485
 3747.223814 18216 1600 1600 1600 1600 79 46 0 79 52 0 79 42 0 79 44 0 15494 1208750 18120 1094356 1163750 1272322
 3747.423813 18217 1600 1600 1600 1600 79 46 0 79 52 0 79 42 0 79 44 0 15494 1210000 18150 1093808 1163750 1271159
 3747.623796 18218 1600 1600 1600 1600 79 46 0 79 52 0 79 42 0 79 44 0 15494 1210000 18150 1093808 1163750 1271159
 3747.823813 18219 1600 1600 1600 1600 79 46 0 79 52 0 79 42 0 79 44 0 15494 1210000 18150 1094082 1163750 1272322
 3748.023820 18220 1600 1600 1600 1600 79 46 0 79 52 0 79 42 0 79 44 0 15250 1208750 18120 1097918 1163750 1275811
 3748.223778 18221 1600 1600 1600 1600 79 46 0 79 52 0 79 42 0 79 44 0 15494 1210000 18150 1096548 1163750 1274648
 3748.423817 18222 1600 1600 1600 1600 79 46 0 79 52 0 79 42 0 79 44 0 15494 1210000 18150 1096548 1163750 1274648
 3748.623796 18223 1600 1600 1600 1600 79 46 0 79 52 0 79 42 0 79 44 0 15250 1210000 18150 1105316 1163750 1285115
 3748.823805 18224 1600 1600 1600 1600 79 46 0 79 52 0 79 42 0 79 44 0 15250 1208750 18120 1096274 1163750 1274648
 3749.023822 18225 1600 1600 1600 1600 78 46 0 78 52 0 78 42 0 78 44 0 15494 1210000 18150 848304 1161250 984528
 3749.223803 18226 1600 1600 1600 1600 78 46 0 78 52 0 78 42 0 78 44 0 15494 1210000 18150 848304 1161250 984528
 3749.423803 18227 1600 1600 1600 1600 78 46 0 78 52 0 78 42 0 78 44 0 15738 1210000 18150 92612 1157500 106444
 3749.623787 18228 1600 1600 1600 1600 78 46 0 78 52 0 78 42 0 78 44 0 15250 1210000 18150 89598 1157500 102973
 3749.823803 18229 1600 1600 1600 1600 78 46 0 78 52 0 78 42 0 78 44 0 15250 1210000 18150 93160 1157500 107601
 3750.023812 18230 1600 1600 1600 1600 77 46 0 77 52 0 77 42 0 77 44 0 15250 1210000 18150 93160 1157500 107601
 3750.223803 18231 1600 1600 1600 1600 77 46 0 77 52 0 77 42 0 77 44 0 15250 1210000 18150 110970 1157500 127270
 3750.423800 18232 1600 1600 1600 1600 77 46 0 77 52 0 77 42 0 77 44 0 15006 1210000 18150 90694 1157500 104130
 3750.623786 18233 1600 1600 1600 1600 77 46 0 77 52 0 77 42 0 77 44 0 15250 1210000 18150 92064 1157500 106444
 3750.823781 18234 1600 1600 1600 1600 77 46 0 77 52 0 77 42 0 77 44 0 15006 1210000 18150 87954 1157500 100659
 3751.023803 18235 1600 1600 1600 1600 75 46 0 75 52 0 75 42 0 75 44 0 15006 1210000 18150 87954 1157500 100659
 3751.223803 18236 1600 1600 1600 1600 75 46 0 75 52 0 75 42 0 75 44 0 15006 1210000 18150 85214 1157500 98345
