 8363.684942 39673 800 800 800 800 73 46 0 73 52 0 73 42 0 73 44 0 14518 1210000 16940 40552 907500 36280
 8363.884940 39674 800 800 800 800 73 46 0 73 52 0 73 42 0 73 44 0 14518 1210000 16940 40552 907500 36280
 8364.084955 39675 800 800 800 800 72 46 0 72 52 0 72 42 0 72 44 0 14274 1210000 16940 40552 907500 36280
 8364.284939 39676 800 800 800 800 72 46 0 72 52 0 72 42 0 72 44 0 14518 1210000 16940 40552 907500 36280
 8364.484939 39677 800 800 800 800 72 46 0 72 52 0 72 42 0 72 44 0 14762 1210000 16940 35894 907500 31745
 8364.684939 39678 800 800 800 800 72 46 0 72 52 0 72 42 0 72 44 0 14762 1210000 16940 35894 907500 31745
 8364.884939 39679 800 800 800 800 72 46 0 72 52 0 72 42 0 72 44 0 14518 1210000 16940 34250 907500 30838
 8365.084956 39680 800 800 800 800 72 46 0 72 52 0 72 42 0 72 44 0 13969 1210000 15730 49320 907500 44443
 8365.284933 39681 800 800 800 800 72 46 0 72 52 0 72 42 0 72 44 0 14274 1210000 16940 35620 907500 31745
 8365.484939 39682 800 800 800 800 72 46 0 72 52 0 72 42 0 72 44 0 14274 1210000 16940 35620 907500 31745
 8365.684939 39683 800 800 800 800 72 46 0 72 52 0 72 42 0 72 44 0 14274 1210000 16940 35620 907500 31745
 8365.884943 39684 800 800 800 800 72 46 0 72 52 0 72 42 0 72 44 0 14518 1210000 16940 35620 907500 31745
 8366.084961 39685 800 800 800 800 72 46 0 72 52 0 72 42 0 72 44 0 14274 1210000 16940 116998 908750 105328
 8366.284954 39686 800 800 800 800 72 46 0 72 52 0 72 42 0 72 44 0 14274 1210000 16940 116998 908750 105328
 8366.484939 39687 800 800 800 800 72 46 0 72 52 0 72 42 0 72 44 0 14518 1210000 16940 108504 907500 97956
 8366.684957 39688 800 800 800 800 72 46 0 72 52 0 72 42 0 72 44 0 14274 1210000 16940 33428 907500 29931
 8366.889915 39689 800 800 800 800 72 46 0 72 52 0 72 42 0 72 44 0 14274 1210000 16940 98092 907500 88886
 8367.089854 39690 800 800 800 800 74 46 0 74 52 0 74 42 0 74 44 0 14274 1210000 16940 394012 908750 357752
 8367.289869 39691 800 800 800 800 74 46 0 74 52 0 74 42 0 74 44 0 14274 1210000 16940 394012 908750 357752
 8367.489960 39692 800 800 800 800 74 46 0 74 52 0 74 42 0 74 44 0 14518 1210000 16940 505804 907500 458035
 8367.689932 39693 800 800 800 800 74 46 0 74 52 0 74 42 0 74 44 0 14274 1210000 16940 489638 907500 443523
 8367.889952 39694 800 800 800 800 74 46 0 74 52 0 74 42 0 74 44 0 14274 1210000 16940 472650 907500 428104
 8368.089967 39695 800 800 800 800 73 46 0 73 52 0 73 42 0 73 44 0 14274 1210000 16940 472650 907500 428104
 8368.289947 39696 800 800 800 800 73 46 0 73 52 0 73 42 0 73 44 0 14274 1210000 16940 430180 907500 390010
 8368.489947 39697 800 800 800 800 73 46 0 73 52 0 73 42 0 73 44 0 14274 1210000 16940 408260 907500 370056
 8368.689948 39698 800 800 800 800 73 46 0 73 52 0 73 42 0 73 44 0 14518 1210000 16940 407986 907500 369149
 8368.889943 39699 800 800 800 800 73 46 0 73 52 0 73 42 0 73 44 0 14518 1210000 16940 407986 907500 369149
 8369.089965 39700 800 800 800 800 73 46 0 73 52 0 73 42 0 73 44 0 14274 1210000 16940 409082 907500 370963
 8369.289948 39701 800 800 800 800 73 46 0 73 52 0 73 42 0 73 44 0 14274 1210000 16940 409082 907500 370963
 8369.489947 39702 800 800 800 800 73 46 0 73 52 0 73 42 0 73 44 0 14274 1210000 16940 410726 907500 371870
 8369.689948 39703 800 800 800 800 73 46 0 73 52 0 73 42 0 73 44 0 14274 1210000 16940 410726 907500 371870
 8369.889949 39704 800 800 800 800 73 46 0 73 52 0 73 42 0 73 44 0 14518 1210000 16940 407986 907500 369149
 8370.089957 39705 800 800 800 800 73 46 0 73 52 0 73 42 0 73 44 0 14274 1210000 16940 407986 907500 369149
 8370.289947 39706 800 800 800 800 73 46 0 73 52 0 73 42 0 73 44 0 14274 1210000 16940 408260 907500 370056
 8370.489947 39707 800 800 800 800 73 46 0 73 52 0 73 42 0 73 44 0 14274 1210000 16940 408260 907500 370056
 8370.689948 39708 800 800 800 800 73 46 0 73 52 0 73 42 0 73 44 0 14518 1210000 16940 408260 907500 370056
 8370.889949 39709 800 800 800 800 73 46 0 73 52 0 73 42 0 73 44 0 14518 1208750 16912 408260 907500 370056
 8371.089963 39710 800 800 800 800 73 46 0 73 52 0 73 42 0 73 44 0 14518 1210000 16940 409904 907500 370963
 8371.289948 39711 800 800 800 800 73 46 0 73 52 0 73 42 0 73 44 0 14518 1210000 16940 409904 907500 370963
 8371.489946 39712 800 800 800 800 73 46 0 73 52 0 73 42 0 73 44 0 14274 1210000 16940 408534 907500 370056
 8371.689947 39713 800 800 800 800 73 46 0 73 52 0 73 42 0 73 44 0 14518 1210000 16940 408534 907500 370056
 8371.889946 39714 800 800 800 800 73 46 0 73 52 0 73 42 0 73 44 0 14274 1208750 16912 407712 907500 369149
 8372.089944 39715 800 800 800 800 73 46 0 73 52 0 73 42 0 73 44 0 14274 1208750 16912 407712 907500 369149
 8372.289947 39716 800 800 800 800 73 46 0 73 52 0 73 42 0 73 44 0 14274 1210000 16940 407712 907500 369149
 8372.489941 39717 800 800 800 800 73 46 0 73 52 0 73 42 0 73 44 0 14518 1210000 16940 407712 907500 369149
 8372.689949 39718 800 800 800 800 73 46 0 73 52 0 73 42 0 73 44 0 14518 1210000 16940 408260 907500 370056
 8372.889947 39719 800 800 800 800 73 46 0 73 52 0 73 42 0 73 44 0 14274 1208750 16912 408808 907500 370056
 8373.089965 39720 800 800 800 800 73 46 0 73 52 0 73 42 0 73 44 0 14274 1208750 16912 408808 907500 370056
 8373.289948 39721 800 800 800 800 73 46 0 73 52 0 73 42 0 73 44 0 14518 1210000 16940 407986 907500 369149
 8373.489945 39722 800 800 800 800 73 46 0 73 52 0 73 42 0 73 44 0 14274 1210000 16940 407986 907500 369149
 8373.689947 39723 800 800 800 800 73 46 0 73 52 0 73 42 0 73 44 0 14518 1210000 16940 406342 907500 368242
 8373.889950 39724 800 800 800 800 73 46 0 73 52 0 73 42 0 73 44 0 14518 1210000 16940 406342 907500 368242
 8374.089964 39725 800 800 800 800 73 46 0 73 52 0 73 42 0 73 44 0 14274 1210000 16940 406890 907500 368242
 8374.289946 39726 800 800 800 800 73 46 0 73 52 0 73 42 0 73 44 0 14274 1210000 16940 405794 907500 367335
 8374.489945 39727 800 800 800 800 73 46 0 73 52 0 73 42 0 73 44 0 14518 1210000 16940 406342 907500 368242
 8374.689947 39728 800 800 800 800 73 46 0 73 52 0 73 42 0 73 44 0 14518 1210000 16940 406342 907500 368242
 8374.889943 39729 800 800 800 800 73 46 0 73 52 0 73 42 0 73 44 0 14518 1210000 16940 407712 907500 369149
 8375.089963 39730 800 800 800 800 73 46 0 73 52 0 73 42 0 73 44 0 13969 1210000 15730 407164 907500 369149
 8375.289948 39731 800 800 800 800 73 46 0 73 52 0 73 42 0 73 44 0 14518 1210000 16940 407164 907500 369149
 8375.489945 39732 800 800 800 800 73 46 0 73 52 0 73 42 0 73 44 0 14518 1210000 16940 407164 907500 369149
 8375.689947 39733 800 800 800 800 73 46 0 73 52 0 73 42 0 73 44 0 14518 1210000 16940 406342 907500 368242
 8375.889947 39734 800 800 800 800 73 46 0 73 52 0 73 42 0 73 44 0 14274 1210000 16940 407438 907500 369149
 8376.089964 39735 800 800 800 800 73 46 0 73 52 0 73 42 0 73 44 0 14274 1210000 16940 407986 907500 369149
 8376.289947 39736 800 800 800 800 73 46 0 73 52 0 73 42 0 73 44 0 14274 1210000 16940 407986 907500 369149
 8376.489947 39737 800 800 800 800 73 46 0 73 52 0 73 42 0 73 44 0 14274 1208750 16912 407986 907500 369149
 8376.689948 39738 800 800 800 800 73 46 0 73 52 0 73 42 0 73 44 0 14274 1210000 16940 409082 907500 370963
 8376.889950 39739 800 800 800 800 73 46 0 73 52 0 73 42 0 73 44 0 14518 1210000 16940 410178 907500 371870
 8377.089965 39740 800 800 800 800 73 46 0 73 52 0 73 42 0 73 44 0 14518 1210000 16940 410178 907500 371870
 8377.289941 39741 800 800 800 800 73 46 0 73 52 0 73 42 0 73 44 0 14274 1208750 16912 411274 907500 372777
 8377.489947 39742 800 800 800 800 73 46 0 73 52 0 73 42 0 73 44 0 14518 1210000 16940 408534 907500 370056
 8377.689947 39743 800 800 800 800 73 46 0 73 52 0 73 42 0 73 44 0 14518 1210000 16940 408534 907500 370056
 8377.889948 39744 800 800 800 800 73 46 0 73 52 0 73 42 0 73 44 0 14518 1210000 16940 408534 907500 370056
 8378.089963 39745 800 800 800 800 73 46 0 73 52 0 73 42 0 73 44 0 13969 1210000 15730 409082 907500 370963
 8378.289946 39746 800 800 800 800 73 46 0 73 52 0 73 42 0 73 44 0 14518 1210000 16940 407986 907500 369149
 8378.489946 39747 800 800 800 800 73 46 0 73 52 0 73 42 0 73 44 0 14518 1210000 16940 409356 907500 370963
 8378.689920 39748 800 800 800 800 73 46 0 73 52 0 73 42 0 73 44 0 14274 1208750 16912 408534 907500 370056
 8378.889946 39749 800 800 800 800 73 46 0 73 52 0 73 42 0 73 44 0 14274 1208750 16912 408534 907500 370056
 8379.089963 39750 800 800 800 800 73 46 0 73 52 0 73 42 0 73 44 0 14518 1210000 16940 409082 907500 370963
 8379.289945 39751 800 800 800 800 73 46 0 73 52 0 73 42 0 73 44 0 14518 1210000 16940 408260 907500 370056
 8379.489940 39752 800 800 800 800 73 46 0 73 52 0 73 42 0 73 44 0 14518 1210000 16940 407712 907500 369149
 8379.689947 39753 800 800 800 800 73 46 0 73 52 0 73 42 0 73 44 0 14518 1210000 16940 407712 907500 369149
 8379.889948 39754 800 800 800 800 73 46 0 73 52 0 73 42 0 73 44 0 14274 1210000 16940 407986 907500 369149
 8380.089963 39755 800 800 800 800 73 46 0 73 52 0 73 42 0 73 44 0 14274 1210000 16940 408808 907500 370056
 8380.289947 39756 800 800 800 800 73 46 0 73 52 0 73 42 0 73 44 0 14518 1210000 16940 408808 907500 370056
 8380.489946 39757 800 800 800 800 73 46 0 73 52 0 73 42 0 73 44 0 14518 1210000 16940 408808 907500 370056
 8380.689948 39758 800 800 800 800 73 46 0 73 52 0 73 42 0 73 44 0 14274 1210000 16940 407438 907500 369149
 8380.889946 39759 800 800 800 800 73 46 0 73 52 0 73 42 0 73 44 0 14274 1210000 16940 407438 907500 369149
 8381.089963 39760 800 800 800 800 73 46 0 73 52 0 73 42 0 73 44 0 14274 1210000 16940 408534 907500 370056
 8381.289949 39761 800 800 800 800 73 46 0 73 52 0 73 42 0 73 44 0 14274 1210000 16940 408534 907500 370056
 8381.489947 39762 800 800 800 800 73 46 0 73 52 0 73 42 0 73 44 0 14518 1210000 16940 407164 907500 369149
 8381.689947 39763 800 800 800 800 73 46 0 73 52 0 73 42 0 73 44 0 14274 1210000 16940 406890 907500 368242
 8381.889938 39764 800 800 800 800 73 46 0 73 52 0 73 42 0 73 44 0 14518 1210000 16940 407164 907500 369149
 8382.089964 39765 800 800 800 800 73 46 0 73 52 0 73 42 0 73 44 0 14518 1210000 16940 407164 907500 369149
 8382.289947 39766 800 800 800 800 73 46 0 73 52 0 73 42 0 73 44 0 14274 1210000 16940 407712 907500 369149
 8382.489947 39767 800 800 800 800 73 46 0 73 52 0 73 42 0 73 44 0 14274 1210000 16940 407986 907500 369149
 8382.689947 39768 800 800 800 800 73 46 0 73 52 0 73 42 0 73 44 0 14274 1210000 16940 407986 907500 369149
 8382.889951 39769 800 800 800 800 73 46 0 73 52 0 73 42 0 73 44 0 14274 1210000 16940 407986 907500 369149
 8383.089964 39770 800 800 800 800 73 46 0 73 52 0 73 42 0 73 44 0 14274 1210000 16940 407986 907500 369149
 8383.289947 39771 800 800 800 800 73 46 0 73 52 0 73 42 0 73 44 0 14274 1210000 16940 406616 907500 368242
 8383.489947 39772 800 800 800 800 73 46 0 73 52 0 73 42 0 73 44 0 14274 1210000 16940 406068 907500 368242
 8383.689948 39773 800 800 800 800 73 46 0 73 52 0 73 42 0 73 44 0 14274 1210000 16940 406068 907500 368242
 8383.889948 39774 800 800 800 800 73 46 0 73 52 0 73 42 0 73 44 0 14274 1210000 16940 406068 907500 368242
 8384.089963 39775 800 800 800 800 73 46 0 73 52 0 73 42 0 73 44 0 14518 1208750 16912 406616 907500 368242
 8384.289940 39776 800 800 800 800 73 46 0 73 52 0 73 42 0 73 44 0 14274 1208750 16912 407986 907500 369149
 8384.489930 39777 800 800 800 800 73 46 0 73 52 0 73 42 0 73 44 0 14274 1208750 16912 407986 907500 369149
 8384.689946 39778 800 800 800 800 73 46 0 73 52 0 73 42 0 73 44 0 14518 1208750 16912 407712 907500 369149
 8384.889947 39779 800 800 800 800 73 46 0 73 52 0 73 42 0 73 44 0 14518 1208750 16912 407712 907500 369149
 8385.089964 39780 800 800 800 800 73 46 0 73 52 0 73 42 0 73 44 0 14518 1208750 16912 407986 907500 369149
 8385.289921 39781 800 800 800 800 73 46 0 73 52 0 73 42 0 73 44 0 14518 1210000 16940 407712 907500 369149
 8385.489945 39782 800 800 800 800 73 46 0 73 52 0 73 42 0 73 44 0 14518 1210000 16940 407712 907500 369149
 8385.689948 39783 800 800 800 800 73 46 0 73 52 0 73 42 0 73 44 0 14274 1208750 16912 407164 907500 369149
 8385.889951 39784 800 800 800 800 73 46 0 73 52 0 73 42 0 73 44 0 14518 1210000 16940 408808 907500 370056
 8386.089964 39785 800 800 800 800 73 46 0 73 52 0 73 42 0 73 44 0 14518 1208750 16912 411000 907500 372777
 8386.289949 39786 800 800 800 800 73 46 0 73 52 0 73 42 0 73 44 0 14518 1208750 16912 411000 907500 372777
 8386.489948 39787 800 800 800 800 73 46 0 73 52 0 73 42 0 73 44 0 14274 1208750 16912 409356 907500 370963
 8386.689940 39788 800 800 800 800 73 46 0 73 52 0 73 42 0 73 44 0 14274 1210000 16940 409630 907500 370963
 8386.889947 39789 800 800 800 800 73 46 0 73 52 0 73 42 0 73 44 0 14274 1210000 16940 410178 907500 371870
 8387.089964 39790 800 800 800 800 73 46 0 73 52 0 73 42 0 73 44 0 14274 1210000 16940 410178 907500 371870
 8387.289945 39791 800 800 800 800 73 46 0 73 52 0 73 42 0 73 44 0 14518 1210000 16940 408260 907500 370056
 8387.489948 39792 800 800 800 800 73 46 0 73 52 0 73 42 0 73 44 0 14518 1208750 16912 407986 907500 369149
 8387.689946 39793 800 800 800 800 73 46 0 73 52 0 73 42 0 73 44 0 14518 1210000 16940 407986 907500 369149
 8387.889947 39794 800 800 800 800 73 46 0 73 52 0 73 42 0 73 44 0 14518 1210000 16940 407986 907500 369149
 8388.089964 39795 800 800 800 800 73 46 0 73 52 0 73 42 0 73 44 0 14274 1208750 16912 408808 907500 370056
 8388.289947 39796 800 800 800 800 73 46 0 73 52 0 73 42 0 73 44 0 14274 1208750 16912 408260 907500 370056
 8388.489947 39797 800 800 800 800 73 46 0 73 52 0 73 42 0 73 44 0 14274 1208750 16912 407986 907500 369149
 8388.689948 39798 800 800 800 800 73 46 0 73 52 0 73 42 0 73 44 0 14274 1208750 16912 407986 907500 369149
 8388.889951 39799 800 800 800 800 73 46 0 73 52 0 73 42 0 73 44 0 14274 1208750 16912 407712 907500 369149
 8389.089957 39800 800 800 800 800 73 46 0 73 52 0 73 42 0 73 44 0 14274 1208750 16912 409082 907500 370963
 8389.289946 39801 800 800 800 800 73 46 0 73 52 0 73 42 0 73 44 0 14518 1208750 16912 408260 907500 370056
 8389.489947 39802 800 800 800 800 73 46 0 73 52 0 73 42 0 73 44 0 14518 1208750 16912 408260 907500 370056
 8389.689947 39803 800 800 800 800 73 46 0 73 52 0 73 42 0 73 44 0 14274 1210000 16940 407438 907500 369149
 8389.889946 39804 800 800 800 800 73 46 0 73 52 0 73 42 0 73 44 0 13969 1208750 15704 407986 907500 369149
 8390.089964 39805 800 800 800 800 73 46 0 73 52 0 73 42 0 73 44 0 14274 1208750 16912 407986 907500 369149
 8390.289947 39806 800 800 800 800 73 46 0 73 52 0 73 42 0 73 44 0 14274 1208750 16912 407986 907500 369149
 8390.489947 39807 800 800 800 800 73 46 0 73 52 0 73 42 0 73 44 0 14274 1208750 16912 407986 907500 369149
 8390.689946 39808 800 800 800 800 73 46 0 73 52 0 73 42 0 73 44 0 14274 1208750 16912 409082 907500 370963
 8390.889947 39809 800 800 800 800 73 46 0 73 52 0 73 42 0 73 44 0 14274 1208750 16912 407986 907500 369149
 8391.089945 39810 800 800 800 800 73 46 0 73 52 0 73 42 0 73 44 0 14274 1208750 16912 407986 907500 369149
 8391.289948 39811 800 800 800 800 73 46 0 73 52 0 73 42 0 73 44 0 14274 1210000 16940 407986 907500 369149
 8391.489940 39812 800 800 800 800 73 46 0 73 52 0 73 42 0 73 44 0 14518 1210000 16940 407986 907500 369149
 8391.689947 39813 800 800 800 800 73 46 0 73 52 0 73 42 0 73 44 0 14518 1208750 16912 407986 907500 369149
 8391.889949 39814 800 800 800 800 73 46 0 73 52 0 73 42 0 73 44 0 14274 1208750 16912 409356 907500 370963
 8392.089964 39815 800 800 800 800 73 46 0 73 52 0 73 42 0 73 44 0 14274 1208750 16912 409356 907500 370963
 8392.289947 39816 800 800 800 800 73 46 0 73 52 0 73 42 0 73 44 0 14274 1208750 16912 409630 907500 370963
 8392.489946 39817 800 800 800 800 73 46 0 73 52 0 73 42 0 73 44 0 14274 1210000 16940 408260 907500 370056
 8392.689946 39818 800 800 800 800 73 46 0 73 52 0 73 42 0 73 44 0 14518 1208750 16912 407712 907500 369149
 8392.889944 39819 800 800 800 800 73 46 0 73 52 0 73 42 0 73 44 0 14518 1208750 16912 407712 907500 369149
 8393.089964 39820 800 800 800 800 73 46 0 73 52 0 73 42 0 73 44 0 14274 1208750 16912 407986 907500 369149
 8393.289947 39821 800 800 800 800 73 46 0 73 52 0 73 42 0 73 44 0 14274 1208750 16912 407164 907500 369149
 8393.489946 39822 800 800 800 800 73 46 0 73 52 0 73 42 0 73 44 0 14518 1208750 16912 406890 907500 368242
 8393.689948 39823 800 800 800 800 73 46 0 73 52 0 73 42 0 73 44 0 14518 1208750 16912 406890 907500 368242
 8393.889942 39824 800 800 800 800 73 46 0 73 52 0 73 42 0 73 44 0 14274 1208750 16912 407986 907500 369149
 8394.089964 39825 800 800 800 800 73 46 0 73 52 0 73 42 0 73 44 0 14518 1208750 16912 407986 907500 369149
 8394.289947 39826 800 800 800 800 73 46 0 73 52 0 73 42 0 73 44 0 14518 1208750 16912 407986 907500 369149
 8394.489949 39827 800 800 800 800 73 46 0 73 52 0 73 42 0 73 44 0 14518 1208750 16912 407986 907500 369149
 8394.689947 39828 800 800 800 800 73 46 0 73 52 0 73 42 0 73 44 0 13969 1210000 15730 407986 907500 369149
 8394.889949 39829 800 800 800 800 73 46 0 73 52 0 73 42 0 73 44 0 14274 1208750 16912 408260 907500 370056
 8395.089963 39830 800 800 800 800 73 46 0 73 52 0 73 42 0 73 44 0 14518 1208750 16912 409630 907500 370963
 8395.289947 39831 800 800 800 800 73 46 0 73 52 0 73 42 0 73 44 0 14518 1208750 16912 409630 907500 370963
 8395.489946 39832 800 800 800 800 73 46 0 73 52 0 73 42 0 73 44 0 14274 1210000 16940 406890 907500 368242
 8395.689947 39833 800 800 800 800 73 46 0 73 52 0 73 42 0 73 44 0 14274 1210000 16940 409356 907500 370963
 8395.889946 39834 800 800 800 800 73 46 0 73 52 0 73 42 0 73 44 0 14274 1208750 16912 409082 907500 370963
 8396.089963 39835 800 800 800 800 73 46 0 73 52 0 73 42 0 73 44 0 14274 1208750 16912 409082 907500 370963
 8396.289940 39836 800 800 800 800 73 46 0 73 52 0 73 42 0 73 44 0 14518 1210000 16940 409630 907500 370963
 8396.489945 39837 800 800 800 800 73 46 0 73 52 0 73 42 0 73 44 0 14274 1208750 16912 409630 907500 370963
 8396.689947 39838 800 800 800 800 73 46 0 73 52 0 73 42 0 73 44 0 13969 1210000 15730 408534 907500 370056
 8396.889946 39839 800 800 800 800 73 46 0 73 52 0 73 42 0 73 44 0 13969 1210000 15730 408534 907500 370056
 8397.089946 39840 800 800 800 800 73 46 0 73 52 0 73 42 0 73 44 0 14274 1208750 16912 407986 907500 369149
 8397.289946 39841 800 800 800 800 73 46 0 73 52 0 73 42 0 73 44 0 14274 1208750 16912 409356 907500 370963
 8397.489946 39842 800 800 800 800 73 46 0 73 52 0 73 42 0 73 44 0 14274 1208750 16912 411000 907500 372777
 8397.689921 39843 800 800 800 800 73 46 0 73 52 0 73 42 0 73 44 0 14274 1208750 16912 409630 907500 370963
 8397.889951 39844 800 800 800 800 73 46 0 73 52 0 73 42 0 73 44 0 14274 1208750 16912 409630 907500 370963
 8398.089964 39845 800 800 800 800 72 46 0 72 52 0 72 42 0 72 44 0 14274 1210000 16940 409904 907500 370963
 8398.289947 39846 800 800 800 800 72 46 0 72 52 0 72 42 0 72 44 0 14274 1208750 16912 410452 907500 371870
 8398.489938 39847 800 800 800 800 72 46 0 72 52 0 72 42 0 72 44 0 14274 1208750 16912 407986 907500 369149
 8398.689948 39848 800 800 800 800 72 46 0 72 52 0 72 42 0 72 44 0 14274 1208750 16912 407986 907500 369149
 8398.889946 39849 800 800 800 800 73 46 0 73 52 0 73 42 0 73 44 0 14518 1208750 16912 408534 907500 370056
 8399.089962 39850 800 800 800 800 73 46 0 73 52 0 73 42 0 73 44 0 14274 1208750 16912 407986 907500 369149
 8399.289946 39851 800 800 800 800 73 46 0 73 52 0 73 42 0 73 44 0 14518 1210000 16940 407986 907500 369149
 8399.489945 39852 800 800 800 800 73 46 0 73 52 0 73 42 0 73 44 0 14518 1210000 16940 407986 907500 369149
 8399.689945 39853 800 800 800 800 73 46 0 73 52 0 73 42 0 73 44 0 14274 1208750 16912 408534 907500 370056
 8399.889947 39854 800 800 800 800 73 46 0 73 52 0 73 42 0 73 44 0 14274 1208750 16912 427988 907500 387289
 8400.089963 39855 800 800 800 800 73 46 0 73 52 0 73 42 0 73 44 0 14518 1210000 16940 407986 907500 369149
 8400.289946 39856 800 800 800 800 73 46 0 73 52 0 73 42 0 73 44 0 14518 1210000 16940 407986 907500 369149
 8400.489945 39857 800 800 800 800 73 46 0 73 52 0 73 42 0 73 44 0 14274 1210000 16940 407986 907500 369149
 8400.689945 39858 800 800 800 800 73 46 0 73 52 0 73 42 0 73 44 0 14274 1210000 16940 407164 907500 369149
 8400.889939 39859 800 800 800 800 73 46 0 73 52 0 73 42 0 73 44 0 14518 1210000 16940 407712 907500 369149
 8401.090019 39860 800 800 800 800 72 46 0 72 52 0 72 42 0 72 44 0 14518 1210000 16940 407712 907500 369149
 8401.289947 39861 800 800 800 800 72 46 0 72 52 0 72 42 0 72 44 0 14274 1210000 16940 408260 907500 370056
 8401.489946 39862 800 800 800 800 72 46 0 72 52 0 72 42 0 72 44 0 14518 1210000 16940 408534 907500 370056
 8401.689948 39863 800 800 800 800 72 46 0 72 52 0 72 42 0 72 44 0 14274 1210000 16940 407986 907500 369149
 8401.889946 39864 800 800 800 800 72 46 0 72 52 0 72 42 0 72 44 0 14274 1210000 16940 407986 907500 369149
 8402.089963 39865 800 800 800 800 72 46 0 72 52 0 72 42 0 72 44 0 14274 1210000 16940 407986 907500 369149
 8402.289946 39866 800 800 800 800 72 46 0 72 52 0 72 42 0 72 44 0 14274 1210000 16940 407986 907500 369149
 8402.489947 39867 800 800 800 800 72 46 0 72 52 0 72 42 0 72 44 0 14274 1210000 16940 406890 907500 368242
 8402.689947 39868 800 800 800 800 72 46 0 72 52 0 72 42 0 72 44 0 14274 1210000 16940 406890 907500 368242
 8402.889948 39869 800 800 800 800 72 46 0 72 52 0 72 42 0 72 44 0 13969 1210000 15730 406616 907500 368242
 8403.089962 39870 800 800 800 800 73 46 0 73 52 0 73 42 0 73 44 0 14518 1210000 16940 406890 907500 368242
 8403.289940 39871 800 800 800 800 73 46 0 73 52 0 73 42 0 73 44 0 14274 1210000 16940 407438 907500 369149
 8403.489928 39872 800 800 800 800 73 46 0 73 52 0 73 42 0 73 44 0 14274 1210000 16940 407438 907500 369149
 8403.689947 39873 800 800 800 800 73 46 0 73 52 0 73 42 0 73 44 0 14274 1210000 16940 407164 907500 369149
 8403.889949 39874 800 800 800 800 73 46 0 73 52 0 73 42 0 73 44 0 14518 1210000 16940 407986 907500 369149
 8404.089961 39875 800 800 800 800 73 46 0 73 52 0 73 42 0 73 44 0 14518 1210000 16940 410726 907500 371870
 8404.289920 39876 800 800 800 800 73 46 0 73 52 0 73 42 0 73 44 0 14518 1210000 16940 407986 907500 369149
 8404.489946 39877 800 800 800 800 73 46 0 73 52 0 73 42 0 73 44 0 14518 1210000 16940 407986 907500 369149
 8404.689948 39878 800 800 800 800 73 46 0 73 52 0 73 42 0 73 44 0 14274 1210000 16940 406890 907500 368242
 8404.889947 39879 800 800 800 800 73 46 0 73 52 0 73 42 0 73 44 0 14518 1210000 16940 407986 907500 369149
 8405.089965 39880 800 800 800 800 72 46 0 72 52 0 72 42 0 72 44 0 14274 1210000 16940 410726 907500 371870
 8405.289946 39881 800 800 800 800 72 46 0 72 52 0 72 42 0 72 44 0 14274 1210000 16940 410726 907500 371870
 8405.489946 39882 800 800 800 800 72 46 0 72 52 0 72 42 0 72 44 0 14274 1210000 16940 413740 907500 374591
 8405.689940 39883 800 800 800 800 72 46 0 72 52 0 72 42 0 72 44 0 14518 1210000 16940 409630 907500 370963
 8405.889947 39884 800 800 800 800 72 46 0 72 52 0 72 42 0 72 44 0 14518 1210000 16940 410178 907500 371870
 8406.089961 39885 800 800 800 800 72 46 0 72 52 0 72 42 0 72 44 0 14518 1210000 16940 410178 907500 371870
 8406.289946 39886 800 800 800 800 72 46 0 72 52 0 72 42 0 72 44 0 14274 1210000 16940 408534 907500 370056
 8406.489946 39887 800 800 800 800 72 46 0 72 52 0 72 42 0 72 44 0 14274 1210000 16940 408808 907500 370056
 8406.689947 39888 800 800 800 800 72 46 0 72 52 0 72 42 0 72 44 0 14518 1210000 16940 409356 907500 370963
 8406.889952 39889 800 800 800 800 72 46 0 72 52 0 72 42 0 72 44 0 14518 1210000 16940 409356 907500 370963
 8407.089956 39890 800 800 800 800 73 46 0 73 52 0 73 42 0 73 44 0 14274 1210000 16940 409082 907500 370963
 8407.289947 39891 800 800 800 800 73 46 0 73 52 0 73 42 0 73 44 0 14274 1210000 16940 409630 907500 370963
 8407.489946 39892 800 800 800 800 73 46 0 73 52 0 73 42 0 73 44 0 14274 1210000 16940 408808 907500 370056
 8407.689947 39893 800 800 800 800 73 46 0 73 52 0 73 42 0 73 44 0 14274 1210000 16940 408808 907500 370056
 8407.889947 39894 800 800 800 800 73 46 0 73 52 0 73 42 0 73 44 0 14518 1210000 16940 408260 907500 370056
 8408.089956 39895 800 800 800 800 72 46 0 72 52 0 72 42 0 72 44 0 14518 1208750 16912 407712 907500 369149
 8408.289947 39896 800 800 800 800 72 46 0 72 52 0 72 42 0 72 44 0 14518 1210000 16940 407986 907500 369149
 8408.489947 39897 800 800 800 800 72 46 0 72 52 0 72 42 0 72 44 0 14518 1210000 16940 407986 907500 369149
 8408.689948 39898 800 800 800 800 72 46 0 72 52 0 72 42 0 72 44 0 13969 1210000 15730 407164 907500 369149
 8408.889947 39899 800 800 800 800 72 46 0 72 52 0 72 42 0 72 44 0 14274 1210000 16940 406890 907500 368242
 8409.089964 39900 800 800 800 800 72 46 0 72 52 0 72 42 0 72 44 0 13969 1210000 15730 407986 907500 369149
 8409.289948 39901 800 800 800 800 72 46 0 72 52 0 72 42 0 72 44 0 13969 1210000 15730 407986 907500 369149
 8409.489941 39902 800 800 800 800 72 46 0 72 52 0 72 42 0 72 44 0 14274 1210000 16940 407712 907500 369149
 8409.689947 39903 800 800 800 800 72 46 0 72 52 0 72 42 0 72 44 0 14274 1210000 16940 407164 907500 369149
 8409.889949 39904 800 800 800 800 72 46 0 72 52 0 72 42 0 72 44 0 14274 1210000 16940 407438 907500 369149
 8410.089946 39905 800 800 800 800 72 46 0 72 52 0 72 42 0 72 44 0 14274 1210000 16940 407438 907500 369149
 8410.289947 39906 800 800 800 800 72 46 0 72 52 0 72 42 0 72 44 0 14518 1210000 16940 408260 907500 370056
 8410.489941 39907 800 800 800 800 72 46 0 72 52 0 72 42 0 72 44 0 14274 1210000 16940 407712 907500 369149
 8410.689945 39908 800 800 800 800 72 46 0 72 52 0 72 42 0 72 44 0 14518 1210000 16940 407986 907500 369149
 8410.889947 39909 800 800 800 800 72 46 0 72 52 0 72 42 0 72 44 0 14274 1210000 16940 409630 907500 370963
 8411.089962 39910 800 800 800 800 72 46 0 72 52 0 72 42 0 72 44 0 14274 1210000 16940 409630 907500 370963
 8411.289947 39911 800 800 800 800 72 46 0 72 52 0 72 42 0 72 44 0 14274 1210000 16940 408534 907500 370056
 8411.489945 39912 800 800 800 800 72 46 0 72 52 0 72 42 0 72 44 0 14274 1208750 16912 407986 907500 369149
 8411.689939 39913 800 800 800 800 72 46 0 72 52 0 72 42 0 72 44 0 14274 1210000 16940 407986 907500 369149
 8411.889948 39914 800 800 800 800 72 46 0 72 52 0 72 42 0 72 44 0 14274 1210000 16940 407986 907500 369149
 8412.089962 39915 800 800 800 800 72 46 0 72 52 0 72 42 0 72 44 0 14274 1210000 16940 408534 907500 370056
 8412.289945 39916 800 800 800 800 72 46 0 72 52 0 72 42 0 72 44 0 14518 1208750 16912 406616 907500 368242
 8412.489947 39917 800 800 800 800 72 46 0 72 52 0 72 42 0 72 44 0 14274 1210000 16940 406890 907500 368242
 8412.689946 39918 800 800 800 800 72 46 0 72 52 0 72 42 0 72 44 0 14274 1210000 16940 406890 907500 368242
 8412.889944 39919 800 800 800 800 72 46 0 72 52 0 72 42 0 72 44 0 14274 1208750 16912 407712 907500 369149
 8413.089961 39920 800 800 800 800 72 46 0 72 52 0 72 42 0 72 44 0 14518 1210000 16940 411000 907500 372777
 8413.289946 39921 800 800 800 800 72 46 0 72 52 0 72 42 0 72 44 0 14518 1210000 16940 407986 907500 369149
 8413.489946 39922 800 800 800 800 72 46 0 72 52 0 72 42 0 72 44 0 14518 1210000 16940 407986 907500 369149
 8413.689947 39923 800 800 800 800 72 46 0 72 52 0 72 42 0 72 44 0 14274 1210000 16940 407986 907500 369149
 8413.889945 39924 800 800 800 800 72 46 0 72 52 0 72 42 0 72 44 0 14274 1210000 16940 407438 907500 369149
 8414.089940 39925 800 800 800 800 72 46 0 72 52 0 72 42 0 72 44 0 14274 1210000 16940 407438 907500 369149
 8414.289945 39926 800 800 800 800 72 46 0 72 52 0 72 42 0 72 44 0 14274 1210000 16940 407438 907500 369149
 8414.489947 39927 800 800 800 800 72 46 0 72 52 0 72 42 0 72 44 0 14518 1210000 16940 407712 907500 369149
 8414.689985 39928 800 800 800 800 72 46 0 72 52 0 72 42 0 72 44 0 14518 1210000 16940 408808 907500 370056
 8414.889947 39929 800 800 800 800 72 46 0 72 52 0 72 42 0 72 44 0 14274 1210000 16940 409356 907500 370963
 8415.089964 39930 800 800 800 800 72 46 0 72 52 0 72 42 0 72 44 0 14274 1210000 16940 409356 907500 370963
 8415.289947 39931 800 800 800 800 72 46 0 72 52 0 72 42 0 72 44 0 14274 1210000 16940 409082 907500 370963
 8415.489945 39932 800 800 800 800 72 46 0 72 52 0 72 42 0 72 44 0 14274 1208750 16912 408808 907500 370056
 8415.689946 39933 800 800 800 800 72 46 0 72 52 0 72 42 0 72 44 0 14274 1210000 16940 408260 907500 370056
 8415.889951 39934 800 800 800 800 72 46 0 72 52 0 72 42 0 72 44 0 14274 1210000 16940 408260 907500 370056
 8416.089963 39935 800 800 800 800 72 46 0 72 52 0 72 42 0 72 44 0 14518 1210000 16940 409356 907500 370963
 8416.289947 39936 800 800 800 800 72 46 0 72 52 0 72 42 0 72 44 0 14274 1210000 16940 408260 907500 370056
 8416.489939 39937 800 800 800 800 72 46 0 72 52 0 72 42 0 72 44 0 14274 1210000 16940 408808 907500 370056
 8416.689867 39938 800 800 800 800 72 46 0 72 52 0 72 42 0 72 44 0 14274 1210000 16940 409630 907500 370963
 8416.889949 39939 800 800 800 800 72 46 0 72 52 0 72 42 0 72 44 0 14274 1210000 16940 409630 907500 370963
 8417.089964 39940 800 800 800 800 72 46 0 72 52 0 72 42 0 72 44 0 14274 1210000 16940 408260 907500 370056
 8417.289947 39941 800 800 800 800 72 46 0 72 52 0 72 42 0 72 44 0 14274 1210000 16940 410178 907500 371870
 8417.489948 39942 800 800 800 800 72 46 0 72 52 0 72 42 0 72 44 0 14518 1210000 16940 407712 907500 369149
 8417.689950 39943 800 800 800 800 72 46 0 72 52 0 72 42 0 72 44 0 14518 1210000 16940 407712 907500 369149
 8417.889950 39944 800 800 800 800 72 46 0 72 52 0 72 42 0 72 44 0 14274 1210000 16940 407164 907500 369149
 8418.089963 39945 800 800 800 800 72 46 0 72 52 0 72 42 0 72 44 0 14274 1208750 16912 408260 907500 370056
 8418.289948 39946 800 800 800 800 72 46 0 72 52 0 72 42 0 72 44 0 14274 1210000 16940 407712 907500 369149
 8418.489949 39947 800 800 800 800 72 46 0 72 52 0 72 42 0 72 44 0 14274 1210000 16940 407712 907500 369149
 8418.689949 39948 800 800 800 800 72 46 0 72 52 0 72 42 0 72 44 0 14274 1210000 16940 407712 907500 369149
 8418.889940 39949 800 800 800 800 72 46 0 72 52 0 72 42 0 72 44 0 14274 1210000 16940 407712 907500 369149
 8419.089964 39950 800 800 800 800 72 46 0 72 52 0 72 42 0 72 44 0 14274 1210000 16940 409630 907500 370963
 8419.289948 39951 800 800 800 800 72 46 0 72 52 0 72 42 0 72 44 0 14274 1210000 16940 409630 907500 370963
 8419.489948 39952 800 800 800 800 72 46 0 72 52 0 72 42 0 72 44 0 14518 1210000 16940 407712 907500 369149
 8419.689948 39953 800 800 800 800 72 46 0 72 52 0 72 42 0 72 44 0 14518 1210000 16940 407438 907500 369149
 8419.889948 39954 800 800 800 800 72 46 0 72 52 0 72 42 0 72 44 0 14274 1210000 16940 407712 907500 369149
 8420.089963 39955 800 800 800 800 72 46 0 72 52 0 72 42 0 72 44 0 14274 1210000 16940 407712 907500 369149
 8420.289947 39956 800 800 800 800 72 46 0 72 52 0 72 42 0 72 44 0 14518 1210000 16940 406890 907500 368242
 8420.489946 39957 800 800 800 800 72 46 0 72 52 0 72 42 0 72 44 0 14274 1210000 16940 407986 907500 369149
 8420.689948 39958 800 800 800 800 72 46 0 72 52 0 72 42 0 72 44 0 14274 1210000 16940 408808 907500 370056
 8420.889948 39959 800 800 800 800 72 46 0 72 52 0 72 42 0 72 44 0 14274 1210000 16940 408808 907500 370056
 8421.089962 39960 800 800 800 800 72 46 0 72 52 0 72 42 0 72 44 0 14274 1210000 16940 408534 907500 370056
 8421.289942 39961 800 800 800 800 72 46 0 72 52 0 72 42 0 72 44 0 14274 1210000 16940 407986 907500 369149
 8421.489948 39962 800 800 800 800 72 46 0 72 52 0 72 42 0 72 44 0 14274 1210000 16940 406342 907500 368242
 8421.689948 39963 800 800 800 800 72 46 0 72 52 0 72 42 0 72 44 0 14274 1210000 16940 406342 907500 368242
 8421.889951 39964 800 800 800 800 72 46 0 72 52 0 72 42 0 72 44 0 14518 1210000 16940 406068 907500 368242
 8422.089964 39965 800 800 800 800 72 46 0 72 52 0 72 42 0 72 44 0 14518 1210000 16940 407712 907500 369149
 8422.289947 39966 800 800 800 800 72 46 0 72 52 0 72 42 0 72 44 0 14518 1210000 16940 407712 907500 369149
 8422.489929 39967 800 800 800 800 72 46 0 72 52 0 72 42 0 72 44 0 14518 1210000 16940 407712 907500 369149
 8422.689947 39968 800 800 800 800 72 46 0 72 52 0 72 42 0 72 44 0 14518 1210000 16940 407712 907500 369149
 8422.889946 39969 800 800 800 800 72 46 0 72 52 0 72 42 0 72 44 0 14518 1210000 16940 407712 907500 369149
 8423.089963 39970 800 800 800 800 72 46 0 72 52 0 72 42 0 72 44 0 14274 1210000 16940 408260 907500 370056
 8423.289920 39971 800 800 800 800 72 46 0 72 52 0 72 42 0 72 44 0 14274 1210000 16940 407712 907500 369149
 8423.489947 39972 800 800 800 800 72 46 0 72 52 0 72 42 0 72 44 0 14274 1210000 16940 407712 907500 369149
 8423.689940 39973 800 800 800 800 72 46 0 72 52 0 72 42 0 72 44 0 14274 1210000 16940 408260 907500 370056
 8423.889947 39974 800 800 800 800 72 46 0 72 52 0 72 42 0 72 44 0 14274 1210000 16940 408534 907500 370056
 8424.089963 39975 800 800 800 800 72 46 0 72 52 0 72 42 0 72 44 0 14274 1210000 16940 407986 907500 369149
 8424.289947 39976 800 800 800 800 72 46 0 72 52 0 72 42 0 72 44 0 14274 1210000 16940 407986 907500 369149
 8424.489947 39977 800 800 800 800 72 46 0 72 52 0 72 42 0 72 44 0 14274 1210000 16940 410726 907500 371870
 8424.689947 39978 800 800 800 800 72 46 0 72 52 0 72 42 0 72 44 0 14518 1210000 16940 409356 907500 370963
 8424.889949 39979 800 800 800 800 72 46 0 72 52 0 72 42 0 72 44 0 14518 1210000 16940 409356 907500 370963
 8425.089963 39980 800 800 800 800 72 46 0 72 52 0 72 42 0 72 44 0 14518 1210000 16940 409356 907500 370963
 8425.289947 39981 800 800 800 800 72 46 0 72 52 0 72 42 0 72 44 0 14274 1210000 16940 410726 907500 371870
 8425.489946 39982 800 800 800 800 72 46 0 72 52 0 72 42 0 72 44 0 14274 1210000 16940 409904 907500 370963
 8425.689946 39983 800 800 800 800 72 46 0 72 52 0 72 42 0 72 44 0 14518 1208750 16912 407986 907500 369149
 8425.889949 39984 800 800 800 800 72 46 0 72 52 0 72 42 0 72 44 0 14518 1208750 16912 407986 907500 369149
 8426.089957 39985 800 800 800 800 72 46 0 72 52 0 72 42 0 72 44 0 14274 1208750 16912 408808 907500 370056
 8426.289947 39986 800 800 800 800 72 46 0 72 52 0 72 42 0 72 44 0 14274 1210000 16940 411000 907500 372777
 8426.489948 39987 800 800 800 800 72 46 0 72 52 0 72 42 0 72 44 0 14274 1208750 16912 408808 907500 370056
 8426.689947 39988 800 800 800 800 72 46 0 72 52 0 72 42 0 72 44 0 14274 1208750 16912 408808 907500 370056
 8426.889949 39989 800 800 800 800 72 46 0 72 52 0 72 42 0 72 44 0 14274 1210000 16940 407986 907500 369149
 8427.089963 39990 800 800 800 800 72 46 0 72 52 0 72 42 0 72 44 0 14274 1208750 16912 407712 907500 369149
 8427.289947 39991 800 800 800 800 72 46 0 72 52 0 72 42 0 72 44 0 14518 1208750 16912 407438 907500 369149
 8427.489947 39992 800 800 800 800 72 46 0 72 52 0 72 42 0 72 44 0 14518 1208750 16912 407438 907500 369149
 8427.689946 39993 800 800 800 800 72 46 0 72 52 0 72 42 0 72 44 0 14274 1210000 16940 406616 907500 368242
 8427.889949 39994 800 800 800 800 72 46 0 72 52 0 72 42 0 72 44 0 14274 1208750 16912 406342 907500 368242
 8428.089963 39995 800 800 800 800 72 46 0 72 52 0 72 42 0 72 44 0 14274 1208750 16912 408260 907500 370056
 8428.289946 39996 800 800 800 800 72 46 0 72 52 0 72 42 0 72 44 0 14274 1208750 16912 408260 907500 370056
 8428.489941 39997 800 800 800 800 72 46 0 72 52 0 72 42 0 72 44 0 14518 1210000 16940 407712 907500 369149
 8428.689941 39998 800 800 800 800 72 46 0 72 52 0 72 42 0 72 44 0 14274 1210000 16940 407438 907500 369149
 8428.889939 39999 800 800 800 800 72 46 0 72 52 0 72 42 0 72 44 0 14274 1210000 16940 318662 907500 288426
 8429.089937 40000 800 800 800 800 72 46 0 72 52 0 72 42 0 72 44 0 14274 1210000 16940 318662 907500 288426
 8429.289939 40001 800 800 800 800 71 46 0 71 52 0 71 42 0 71 44 0 14274 1210000 16940 38086 907500 34466
 8429.489939 40002 800 800 800 800 71 46 0 71 52 0 71 42 0 71 44 0 14274 1208750 16912 35620 907500 31745
 8429.689939 40003 800 800 800 800 71 46 0 71 52 0 71 42 0 71 44 0 14518 1210000 16940 35072 907500 31745
 8429.889938 40004 800 800 800 800 71 46 0 71 52 0 71 42 0 71 44 0 13969 1208750 15704 61376 907500 55327
 8430.089955 40005 800 800 800 800 71 46 0 71 52 0 71 42 0 71 44 0 13969 1208750 15704 61376 907500 55327
 8430.289939 40006 800 800 800 800 71 46 0 71 52 0 71 42 0 71 44 0 13969 1210000 15730 37264 907500 33559
 8430.489938 40007 800 800 800 800 71 46 0 71 52 0 71 42 0 71 44 0 14274 1210000 16940 35620 907500 31745
 8430.689932 40008 800 800 800 800 71 46 0 71 52 0 71 42 0 71 44 0 14518 1210000 16940 37538 907500 33559
