24025.199911 117980 500 500 500 500 73 46 0 73 52 0 73 42 0 73 44 0 16226 1085000 17360 7398 958750 6706
24025.404976 117981 500 500 500 500 73 46 0 73 52 0 73 42 0 73 44 0 16470 1085000 17360 7398 958750 6706
24025.604937 117982 500 500 500 500 73 46 0 73 52 0 73 42 0 73 44 0 43249 1085000 46655 7124 958750 6706
24025.804934 117983 500 500 500 500 73 46 0 73 52 0 73 42 0 73 44 0 17995 1085000 18445 7398 958750 6706
24026.004936 117984 500 500 500 500 73 46 0 73 52 0 73 42 0 73 44 0 17995 1085000 18445 7398 958750 6706
24026.204933 117985 500 500 500 500 73 46 0 73 52 0 73 42 0 73 44 0 16226 1085000 17360 7398 958750 6706
24026.404916 117986 500 500 500 500 73 46 0 73 52 0 73 42 0 73 44 0 17019 1085000 18445 7398 958750 6706
24026.604927 117987 500 500 500 500 73 46 0 73 52 0 73 42 0 73 44 0 59231 1085000 64015 7398 958750 6706
24026.804954 117988 500 500 500 500 73 46 0 73 52 0 73 42 0 73 44 0 59231 1085000 64015 7398 958750 6706
24027.004991 117989 500 500 500 500 74 46 0 74 52 0 74 42 0 74 44 0 122000 1083750 132126 7398 958750 6706
24027.204969 117990 500 500 500 500 74 46 0 74 52 0 74 42 0 74 44 0 117242 1083750 126711 7398 958750 6706
24027.404955 117991 500 500 500 500 74 46 0 74 52 0 74 42 0 74 44 0 113765 1083750 122379 7398 958750 6706
24027.604873 117992 500 500 500 500 74 46 0 74 52 0 74 42 0 74 44 0 113765 1083750 122379 7398 958750 6706
24027.804899 117993 500 500 500 500 74 46 0 74 52 0 74 42 0 74 44 0 109983 1083750 118047 7398 958750 6706
24028.004934 117994 500 500 500 500 74 46 0 74 52 0 74 42 0 74 44 0 107726 1083750 115881 7398 958750 6706
24028.204915 117995 500 500 500 500 74 46 0 74 52 0 74 42 0 74 44 0 111752 1083750 120213 7398 958750 6706
24028.404916 117996 500 500 500 500 74 46 0 74 52 0 74 42 0 74 44 0 111020 1083750 120213 7398 958750 6706
24028.604920 117997 500 500 500 500 74 46 0 74 52 0 74 42 0 74 44 0 111020 1083750 120213 7398 958750 6706
24028.804915 117998 500 500 500 500 74 46 0 74 52 0 74 42 0 74 44 0 111264 1083750 120213 7398 958750 6706
24029.004923 117999 500 500 500 500 74 46 0 74 52 0 74 42 0 74 44 0 111264 1083750 120213 7398 958750 6706
24029.204916 118000 500 500 500 500 74 46 0 74 52 0 74 42 0 74 44 0 111020 1083750 120213 7398 958750 6706
24029.404914 118001 500 500 500 500 74 46 0 74 52 0 74 42 0 74 44 0 111020 1083750 120213 7398 958750 6706
24029.604915 118002 500 500 500 500 74 46 0 74 52 0 74 42 0 74 44 0 111508 1083750 120213 7398 958750 6706
24029.804914 118003 500 500 500 500 74 46 0 74 52 0 74 42 0 74 44 0 111264 1083750 120213 7398 958750 6706
24030.004929 118004 500 500 500 500 74 46 0 74 52 0 74 42 0 74 44 0 111264 1083750 120213 7398 958750 6706
24030.204915 118005 500 500 500 500 74 46 0 74 52 0 74 42 0 74 44 0 111264 1083750 120213 7398 958750 6706
24030.404939 118006 500 500 500 500 74 46 0 74 52 0 74 42 0 74 44 0 111508 1083750 120213 7124 958750 6706
24030.604915 118007 500 500 500 500 74 46 0 74 52 0 74 42 0 74 44 0 111752 1083750 120213 7398 958750 6706
24030.804913 118008 500 500 500 500 74 46 0 74 52 0 74 42 0 74 44 0 111508 1083750 120213 7398 958750 6706
24031.004929 118009 500 500 500 500 74 46 0 74 52 0 74 42 0 74 44 0 111508 1083750 120213 7398 958750 6706
24031.204914 118010 500 500 500 500 74 46 0 74 52 0 74 42 0 74 44 0 111264 1083750 120213 7398 958750 6706
24031.404907 118011 500 500 500 500 74 46 0 74 52 0 74 42 0 74 44 0 111508 1083750 120213 7398 958750 6706
24031.604914 118012 500 500 500 500 74 46 0 74 52 0 74 42 0 74 44 0 111508 1083750 120213 7398 958750 6706
24031.804913 118013 500 500 500 500 74 46 0 74 52 0 74 42 0 74 44 0 111508 1083750 120213 7398 958750 6706
24032.004928 118014 500 500 500 500 74 46 0 74 52 0 74 42 0 74 44 0 111264 1083750 120213 7398 958750 6706
24032.204916 118015 500 500 500 500 74 46 0 74 52 0 74 42 0 74 44 0 111264 1083750 120213 7398 958750 6706
24032.404907 118016 500 500 500 500 74 46 0 74 52 0 74 42 0 74 44 0 111264 1083750 120213 7398 958750 6706
24032.604915 118017 500 500 500 500 74 46 0 74 52 0 74 42 0 74 44 0 111264 1083750 120213 7398 958750 6706
24032.804914 118018 500 500 500 500 74 46 0 74 52 0 74 42 0 74 44 0 111264 1083750 120213 7398 958750 6706
24033.004929 118019 500 500 500 500 74 46 0 74 52 0 74 42 0 74 44 0 111752 1083750 120213 7398 958750 6706
24033.204913 118020 500 500 500 500 74 46 0 74 52 0 74 42 0 74 44 0 111264 1083750 120213 7398 958750 6706
24033.404914 118021 500 500 500 500 74 46 0 74 52 0 74 42 0 74 44 0 111264 1083750 120213 7398 958750 6706
24033.604914 118022 500 500 500 500 74 46 0 74 52 0 74 42 0 74 44 0 111264 1083750 120213 7398 958750 6706
24033.804914 118023 500 500 500 500 74 46 0 74 52 0 74 42 0 74 44 0 110715 1083750 119130 7398 958750 6706
24034.004929 118024 500 500 500 500 74 46 0 74 52 0 74 42 0 74 44 0 111020 1083750 120213 7398 958750 6706
24034.204891 118025 500 500 500 500 74 46 0 74 52 0 74 42 0 74 44 0 111020 1083750 120213 7398 958750 6706
24034.404913 118026 500 500 500 500 74 46 0 74 52 0 74 42 0 74 44 0 111020 1083750 120213 7398 958750 6706
24034.604914 118027 500 500 500 500 74 46 0 74 52 0 74 42 0 74 44 0 111020 1083750 120213 7398 958750 6706
24034.804907 118028 500 500 500 500 74 46 0 74 52 0 74 42 0 74 44 0 111264 1083750 120213 7398 958750 6706
24035.004926 118029 500 500 500 500 74 46 0 74 52 0 74 42 0 74 44 0 111020 1083750 120213 7398 958750 6706
24035.204913 118030 500 500 500 500 74 46 0 74 52 0 74 42 0 74 44 0 111020 1083750 120213 7398 958750 6706
24035.404935 118031 500 500 500 500 74 46 0 74 52 0 74 42 0 74 44 0 111508 1083750 120213 7398 958750 6706
24035.604915 118032 500 500 500 500 74 46 0 74 52 0 74 42 0 74 44 0 111020 1083750 120213 7398 958750 6706
24035.804915 118033 500 500 500 500 74 46 0 74 52 0 74 42 0 74 44 0 111020 1083750 120213 7398 958750 6706
24036.004931 118034 500 500 500 500 74 46 0 74 52 0 74 42 0 74 44 0 111020 1083750 120213 7398 958750 6706
24036.204914 118035 500 500 500 500 74 46 0 74 52 0 74 42 0 74 44 0 111264 1083750 120213 7398 958750 6706
24036.404913 118036 500 500 500 500 74 46 0 74 52 0 74 42 0 74 44 0 111264 1083750 120213 7398 958750 6706
24036.604914 118037 500 500 500 500 74 46 0 74 52 0 74 42 0 74 44 0 111508 1083750 120213 7398 958750 6706
24036.804913 118038 500 500 500 500 74 46 0 74 52 0 74 42 0 74 44 0 111508 1083750 120213 7398 958750 6706
24037.004928 118039 500 500 500 500 74 46 0 74 52 0 74 42 0 74 44 0 111508 1083750 120213 7398 958750 6706
24037.204906 118040 500 500 500 500 74 46 0 74 52 0 74 42 0 74 44 0 110715 1083750 119130 7398 958750 6706
24037.404913 118041 500 500 500 500 74 46 0 74 52 0 74 42 0 74 44 0 111508 1083750 120213 7398 958750 6706
24037.604914 118042 500 500 500 500 74 46 0 74 52 0 74 42 0 74 44 0 111508 1083750 120213 7398 958750 6706
24037.804914 118043 500 500 500 500 74 46 0 74 52 0 74 42 0 74 44 0 111752 1083750 120213 7398 958750 6706
24038.004926 118044 500 500 500 500 74 46 0 74 52 0 74 42 0 74 44 0 111508 1083750 120213 7398 958750 6706
24038.204912 118045 500 500 500 500 74 46 0 74 52 0 74 42 0 74 44 0 111508 1083750 120213 7398 958750 6706
24038.404913 118046 500 500 500 500 74 46 0 74 52 0 74 42 0 74 44 0 111508 1083750 120213 7398 958750 6706
24038.604914 118047 500 500 500 500 74 46 0 74 52 0 74 42 0 74 44 0 111752 1083750 120213 7398 958750 6706
24038.804913 118048 500 500 500 500 74 46 0 74 52 0 74 42 0 74 44 0 111752 1083750 120213 7398 958750 6706
24039.004927 118049 500 500 500 500 74 46 0 74 52 0 74 42 0 74 44 0 111752 1083750 120213 7398 958750 6706
24039.204913 118050 500 500 500 500 74 46 0 74 52 0 74 42 0 74 44 0 111752 1083750 120213 7398 958750 6706
24039.404912 118051 500 500 500 500 74 46 0 74 52 0 74 42 0 74 44 0 111508 1083750 120213 7398 958750 6706
24039.604907 118052 500 500 500 500 74 46 0 74 52 0 74 42 0 74 44 0 111264 1083750 120213 7398 958750 6706
24039.804907 118053 500 500 500 500 74 46 0 74 52 0 74 42 0 74 44 0 111508 1083750 120213 7398 958750 6706
24040.004910 118054 500 500 500 500 74 46 0 74 52 0 74 42 0 74 44 0 111508 1083750 120213 7398 958750 6706
24040.204914 118055 500 500 500 500 74 46 0 74 52 0 74 42 0 74 44 0 111752 1083750 120213 7398 958750 6706
24040.404947 118056 500 500 500 500 74 46 0 74 52 0 74 42 0 74 44 0 111752 1083750 120213 7398 958750 6706
24040.604914 118057 500 500 500 500 74 46 0 74 52 0 74 42 0 74 44 0 111508 1083750 120213 7398 958750 6706
24040.804913 118058 500 500 500 500 74 46 0 74 52 0 74 42 0 74 44 0 111508 1083750 120213 7398 958750 6706
24041.004928 118059 500 500 500 500 74 46 0 74 52 0 74 42 0 74 44 0 111508 1083750 120213 7398 958750 6706
24041.204913 118060 500 500 500 500 74 46 0 74 52 0 74 42 0 74 44 0 111508 1083750 120213 7398 958750 6706
24041.404913 118061 500 500 500 500 74 46 0 74 52 0 74 42 0 74 44 0 111264 1083750 120213 7398 958750 6706
24041.604913 118062 500 500 500 500 74 46 0 74 52 0 74 42 0 74 44 0 111508 1083750 120213 7398 958750 6706
24041.804913 118063 500 500 500 500 74 46 0 74 52 0 74 42 0 74 44 0 111508 1083750 120213 7398 958750 6706
24042.004926 118064 500 500 500 500 74 46 0 74 52 0 74 42 0 74 44 0 111508 1083750 120213 7398 958750 6706
24042.204913 118065 500 500 500 500 74 46 0 74 52 0 74 42 0 74 44 0 111508 1083750 120213 7398 958750 6706
24042.404913 118066 500 500 500 500 74 46 0 74 52 0 74 42 0 74 44 0 111752 1083750 120213 7398 958750 6706
24042.604914 118067 500 500 500 500 74 46 0 74 52 0 74 42 0 74 44 0 111752 1083750 120213 7398 958750 6706
24042.804913 118068 500 500 500 500 74 46 0 74 52 0 74 42 0 74 44 0 110715 1083750 119130 7398 958750 6706
24043.004921 118069 500 500 500 500 74 46 0 74 52 0 74 42 0 74 44 0 111752 1083750 120213 7398 958750 6706
24043.204913 118070 500 500 500 500 74 46 0 74 52 0 74 42 0 74 44 0 111508 1083750 120213 7398 958750 6706
24043.404912 118071 500 500 500 500 74 46 0 74 52 0 74 42 0 74 44 0 111508 1083750 120213 7398 958750 6706
24043.604914 118072 500 500 500 500 74 46 0 74 52 0 74 42 0 74 44 0 111752 1083750 120213 7398 958750 6706
24043.804913 118073 500 500 500 500 74 46 0 74 52 0 74 42 0 74 44 0 111752 1083750 120213 7398 958750 6706
24044.004926 118074 500 500 500 500 74 46 0 74 52 0 74 42 0 74 44 0 111508 1083750 120213 7398 958750 6706
24044.204915 118075 500 500 500 500 74 46 0 74 52 0 74 42 0 74 44 0 111508 1083750 120213 7398 958750 6706
24044.404913 118076 500 500 500 500 74 46 0 74 52 0 74 42 0 74 44 0 111264 1083750 120213 7398 958750 6706
24044.604914 118077 500 500 500 500 74 46 0 74 52 0 74 42 0 74 44 0 111264 1083750 120213 7398 958750 6706
24044.804913 118078 500 500 500 500 74 46 0 74 52 0 74 42 0 74 44 0 111752 1083750 120213 7398 958750 6706
24045.004928 118079 500 500 500 500 74 46 0 74 52 0 74 42 0 74 44 0 111752 1083750 120213 7398 958750 6706
24045.204914 118080 500 500 500 500 74 46 0 74 52 0 74 42 0 74 44 0 111752 1083750 120213 7398 958750 6706
24045.404926 118081 500 500 500 500 74 46 0 74 52 0 74 42 0 74 44 0 111264 1083750 120213 7398 958750 6706
24045.604913 118082 500 500 500 500 74 46 0 74 52 0 74 42 0 74 44 0 111752 1083750 120213 7398 958750 6706
24045.804913 118083 500 500 500 500 74 46 0 74 52 0 74 42 0 74 44 0 111752 1083750 120213 7398 958750 6706
24046.004926 118084 500 500 500 500 74 46 0 74 52 0 74 42 0 74 44 0 111264 1083750 120213 7398 958750 6706
24046.204913 118085 500 500 500 500 74 46 0 74 52 0 74 42 0 74 44 0 111996 1083750 120213 7398 958750 6706
24046.404913 118086 500 500 500 500 74 46 0 74 52 0 74 42 0 74 44 0 111752 1083750 120213 7398 958750 6706
24046.604848 118087 500 500 500 500 74 46 0 74 52 0 74 42 0 74 44 0 111264 1083750 120213 7398 958750 6706
24046.804913 118088 500 500 500 500 74 46 0 74 52 0 74 42 0 74 44 0 111264 1083750 120213 7398 958750 6706
24047.004926 118089 500 500 500 500 74 46 0 74 52 0 74 42 0 74 44 0 110715 1083750 119130 7398 958750 6706
24047.204913 118090 500 500 500 500 74 46 0 74 52 0 74 42 0 74 44 0 111508 1083750 120213 7398 958750 6706
24047.404913 118091 500 500 500 500 74 46 0 74 52 0 74 42 0 74 44 0 111264 1083750 120213 7398 958750 6706
24047.604914 118092 500 500 500 500 74 46 0 74 52 0 74 42 0 74 44 0 111264 1083750 120213 7398 958750 6706
24047.804907 118093 500 500 500 500 74 46 0 74 52 0 74 42 0 74 44 0 111508 1083750 120213 7398 958750 6706
24048.004926 118094 500 500 500 500 74 46 0 74 52 0 74 42 0 74 44 0 111020 1083750 120213 7398 958750 6706
24048.204913 118095 500 500 500 500 74 46 0 74 52 0 74 42 0 74 44 0 110715 1083750 119130 7398 958750 6706
24048.404913 118096 500 500 500 500 74 46 0 74 52 0 74 42 0 74 44 0 110715 1083750 119130 7398 958750 6706
24048.604914 118097 500 500 500 500 74 46 0 74 52 0 74 42 0 74 44 0 111752 1083750 120213 7398 958750 6706
24048.804913 118098 500 500 500 500 74 46 0 74 52 0 74 42 0 74 44 0 110715 1083750 119130 7398 958750 6706
24049.004929 118099 500 500 500 500 74 46 0 74 52 0 74 42 0 74 44 0 111264 1083750 120213 7398 958750 6706
24049.204914 118100 500 500 500 500 74 46 0 74 52 0 74 42 0 74 44 0 111264 1083750 120213 7398 958750 6706
24049.404913 118101 500 500 500 500 74 46 0 74 52 0 74 42 0 74 44 0 111264 1083750 120213 7398 958750 6706
24049.604913 118102 500 500 500 500 74 46 0 74 52 0 74 42 0 74 44 0 111508 1083750 120213 7398 958750 6706
24049.804913 118103 500 500 500 500 74 46 0 74 52 0 74 42 0 74 44 0 111508 1083750 120213 7398 958750 6706
24050.004926 118104 500 500 500 500 74 46 0 74 52 0 74 42 0 74 44 0 111508 1083750 120213 7398 958750 6706
24050.204907 118105 500 500 500 500 74 46 0 74 52 0 74 42 0 74 44 0 111020 1083750 120213 7124 958750 6706
24050.404932 118106 500 500 500 500 74 46 0 74 52 0 74 42 0 74 44 0 111020 1083750 120213 7398 958750 6706
24050.604914 118107 500 500 500 500 74 46 0 74 52 0 74 42 0 74 44 0 111020 1083750 120213 7398 958750 6706
24050.804915 118108 500 500 500 500 74 46 0 74 52 0 74 42 0 74 44 0 111020 1083750 120213 7398 958750 6706
24051.004926 118109 500 500 500 500 73 46 0 73 52 0 73 42 0 73 44 0 111264 1083750 120213 7398 958750 6706
24051.204907 118110 500 500 500 500 73 46 0 73 52 0 73 42 0 73 44 0 111752 1083750 120213 7398 958750 6706
24051.404913 118111 500 500 500 500 73 46 0 73 52 0 73 42 0 73 44 0 111508 1083750 120213 7398 958750 6706
24051.604914 118112 500 500 500 500 73 46 0 73 52 0 73 42 0 73 44 0 111508 1083750 120213 7398 958750 6706
24051.804912 118113 500 500 500 500 73 46 0 73 52 0 73 42 0 73 44 0 111508 1083750 120213 7124 958750 6706
24052.004926 118114 500 500 500 500 73 46 0 73 52 0 73 42 0 73 44 0 111752 1083750 120213 7398 958750 6706
24052.204913 118115 500 500 500 500 74 46 0 74 52 0 74 42 0 74 44 0 111508 1083750 120213 7398 958750 6706
24052.404896 118116 500 500 500 500 74 46 0 74 52 0 74 42 0 74 44 0 111508 1083750 120213 7398 958750 6706
24052.604917 118117 500 500 500 500 74 46 0 74 52 0 74 42 0 74 44 0 111508 1083750 120213 7398 958750 6706
24052.804913 118118 500 500 500 500 74 46 0 74 52 0 74 42 0 74 44 0 112240 1083750 121296 7398 958750 6706
24053.004928 118119 500 500 500 500 74 46 0 74 52 0 74 42 0 74 44 0 111752 1083750 120213 7398 958750 6706
24053.204891 118120 500 500 500 500 74 46 0 74 52 0 74 42 0 74 44 0 111264 1083750 120213 7398 958750 6706
24053.404913 118121 500 500 500 500 74 46 0 74 52 0 74 42 0 74 44 0 111264 1083750 120213 7398 958750 6706
24053.604907 118122 500 500 500 500 74 46 0 74 52 0 74 42 0 74 44 0 110715 1083750 119130 7398 958750 6706
24053.804913 118123 500 500 500 500 74 46 0 74 52 0 74 42 0 74 44 0 111264 1083750 120213 7398 958750 6706
24054.004926 118124 500 500 500 500 74 46 0 74 52 0 74 42 0 74 44 0 111264 1083750 120213 7398 958750 6706
24054.204915 118125 500 500 500 500 74 46 0 74 52 0 74 42 0 74 44 0 111264 1083750 120213 7398 958750 6706
24054.404913 118126 500 500 500 500 74 46 0 74 52 0 74 42 0 74 44 0 111264 1083750 120213 7398 958750 6706
24054.604913 118127 500 500 500 500 74 46 0 74 52 0 74 42 0 74 44 0 111752 1083750 120213 7398 958750 6706
24054.804912 118128 500 500 500 500 74 46 0 74 52 0 74 42 0 74 44 0 111752 1083750 120213 7398 958750 6706
24055.004927 118129 500 500 500 500 74 46 0 74 52 0 74 42 0 74 44 0 111752 1083750 120213 7398 958750 6706
24055.204914 118130 500 500 500 500 74 46 0 74 52 0 74 42 0 74 44 0 111020 1083750 120213 7398 958750 6706
24055.405215 118131 500 500 500 500 74 46 0 74 52 0 74 42 0 74 44 0 111508 1083750 120213 7398 958750 6706
24055.604915 118132 500 500 500 500 74 46 0 74 52 0 74 42 0 74 44 0 107726 1083750 115881 7398 958750 6706
24055.804914 118133 500 500 500 500 74 46 0 74 52 0 74 42 0 74 44 0 107726 1083750 115881 7398 958750 6706
24056.004923 118134 500 500 500 500 74 46 0 74 52 0 74 42 0 74 44 0 111264 1083750 120213 7398 958750 6706
24056.204917 118135 500 500 500 500 74 46 0 74 52 0 74 42 0 74 44 0 111508 1083750 120213 7398 958750 6706
24056.404914 118136 500 500 500 500 74 46 0 74 52 0 74 42 0 74 44 0 111752 1083750 120213 7124 958750 6706
24056.604916 118137 500 500 500 500 74 46 0 74 52 0 74 42 0 74 44 0 111752 1083750 120213 7124 958750 6706
24056.804914 118138 500 500 500 500 74 46 0 74 52 0 74 42 0 74 44 0 111996 1083750 120213 7398 958750 6706
24057.004929 118139 500 500 500 500 74 46 0 74 52 0 74 42 0 74 44 0 111264 1083750 120213 7398 958750 6706
24057.204917 118140 500 500 500 500 74 46 0 74 52 0 74 42 0 74 44 0 111264 1083750 120213 7398 958750 6706
24057.404916 118141 500 500 500 500 74 46 0 74 52 0 74 42 0 74 44 0 111264 1083750 120213 7398 958750 6706
24057.604915 118142 500 500 500 500 74 46 0 74 52 0 74 42 0 74 44 0 111752 1083750 120213 7398 958750 6706
24057.804913 118143 500 500 500 500 74 46 0 74 52 0 74 42 0 74 44 0 111020 1083750 120213 7398 958750 6706
24058.004929 118144 500 500 500 500 74 46 0 74 52 0 74 42 0 74 44 0 111752 1083750 120213 7398 958750 6706
24058.204914 118145 500 500 500 500 73 46 0 73 52 0 73 42 0 73 44 0 111752 1083750 120213 7398 958750 6706
24058.404908 118146 500 500 500 500 73 46 0 73 52 0 73 42 0 73 44 0 111752 1083750 120213 7398 958750 6706
24058.604913 118147 500 500 500 500 73 46 0 73 52 0 73 42 0 73 44 0 111752 1083750 120213 7398 958750 6706
24058.804915 118148 500 500 500 500 73 46 0 73 52 0 73 42 0 73 44 0 111508 1083750 120213 7398 958750 6706
24059.004909 118149 500 500 500 500 73 46 0 73 52 0 73 42 0 73 44 0 111508 1083750 120213 7398 958750 6706
24059.204914 118150 500 500 500 500 73 46 0 73 52 0 73 42 0 73 44 0 110715 1083750 119130 7398 958750 6706
24059.404907 118151 500 500 500 500 73 46 0 73 52 0 73 42 0 73 44 0 111264 1083750 120213 7398 958750 6706
24059.604914 118152 500 500 500 500 73 46 0 73 52 0 73 42 0 73 44 0 111508 1083750 120213 7398 958750 6706
24059.804913 118153 500 500 500 500 73 46 0 73 52 0 73 42 0 73 44 0 111264 1083750 120213 7398 958750 6706
24060.004927 118154 500 500 500 500 74 46 0 74 52 0 74 42 0 74 44 0 111264 1083750 120213 7398 958750 6706
24060.204913 118155 500 500 500 500 74 46 0 74 52 0 74 42 0 74 44 0 111264 1083750 120213 7124 958750 6706
24060.404935 118156 500 500 500 500 74 46 0 74 52 0 74 42 0 74 44 0 111264 1083750 120213 7398 958750 6706
24060.604914 118157 500 500 500 500 74 46 0 74 52 0 74 42 0 74 44 0 111020 1083750 120213 7398 958750 6706
24060.804913 118158 500 500 500 500 74 46 0 74 52 0 74 42 0 74 44 0 111020 1083750 120213 7398 958750 6706
24061.004928 118159 500 500 500 500 73 46 0 73 52 0 73 42 0 73 44 0 110715 1083750 119130 7398 958750 6706
24061.204913 118160 500 500 500 500 73 46 0 73 52 0 73 42 0 73 44 0 111264 1083750 120213 7124 958750 6706
24061.404913 118161 500 500 500 500 73 46 0 73 52 0 73 42 0 73 44 0 111508 1083750 120213 7398 958750 6706
24061.604917 118162 500 500 500 500 73 46 0 73 52 0 73 42 0 73 44 0 111508 1083750 120213 7398 958750 6706
24061.804908 118163 500 500 500 500 73 46 0 73 52 0 73 42 0 73 44 0 111020 1083750 120213 7398 958750 6706
24062.004927 118164 500 500 500 500 74 46 0 74 52 0 74 42 0 74 44 0 111264 1083750 120213 7398 958750 6706
24062.204913 118165 500 500 500 500 74 46 0 74 52 0 74 42 0 74 44 0 111264 1083750 120213 7398 958750 6706
24062.404913 118166 500 500 500 500 74 46 0 74 52 0 74 42 0 74 44 0 111264 1083750 120213 7398 958750 6706
24062.604914 118167 500 500 500 500 74 46 0 74 52 0 74 42 0 74 44 0 111020 1083750 120213 7398 958750 6706
24062.804913 118168 500 500 500 500 74 46 0 74 52 0 74 42 0 74 44 0 111264 1083750 120213 7398 958750 6706
24063.004926 118169 500 500 500 500 74 46 0 74 52 0 74 42 0 74 44 0 111508 1083750 120213 7124 958750 6706
24063.204915 118170 500 500 500 500 74 46 0 74 52 0 74 42 0 74 44 0 111508 1083750 120213 7124 958750 6706
24063.404913 118171 500 500 500 500 74 46 0 74 52 0 74 42 0 74 44 0 111996 1083750 120213 7398 958750 6706
24063.604914 118172 500 500 500 500 74 46 0 74 52 0 74 42 0 74 44 0 110471 1083750 119130 7398 958750 6706
24063.804913 118173 500 500 500 500 74 46 0 74 52 0 74 42 0 74 44 0 111752 1083750 120213 7124 958750 6706
24064.004926 118174 500 500 500 500 74 46 0 74 52 0 74 42 0 74 44 0 111752 1083750 120213 7124 958750 6706
24064.204908 118175 500 500 500 500 74 46 0 74 52 0 74 42 0 74 44 0 111508 1083750 120213 7398 958750 6706
24064.404913 118176 500 500 500 500 74 46 0 74 52 0 74 42 0 74 44 0 110715 1083750 119130 7398 958750 6706
24064.604915 118177 500 500 500 500 74 46 0 74 52 0 74 42 0 74 44 0 111264 1083750 120213 7398 958750 6706
24064.804914 118178 500 500 500 500 74 46 0 74 52 0 74 42 0 74 44 0 111264 1083750 120213 7398 958750 6706
24065.004927 118179 500 500 500 500 74 46 0 74 52 0 74 42 0 74 44 0 111508 1083750 120213 7398 958750 6706
24065.204913 118180 500 500 500 500 74 46 0 74 52 0 74 42 0 74 44 0 111508 1083750 120213 7398 958750 6706
24065.405100 118181 500 500 500 500 74 46 0 74 52 0 74 42 0 74 44 0 111508 1083750 120213 7398 958750 6706
24065.604893 118182 500 500 500 500 74 46 0 74 52 0 74 42 0 74 44 0 111752 1083750 120213 7398 958750 6706
24065.804914 118183 500 500 500 500 74 46 0 74 52 0 74 42 0 74 44 0 111752 1083750 120213 7398 958750 6706
24066.004928 118184 500 500 500 500 73 46 0 73 52 0 73 42 0 73 44 0 110715 1083750 119130 7398 958750 6706
24066.204913 118185 500 500 500 500 74 46 0 74 52 0 74 42 0 74 44 0 110715 1083750 119130 7398 958750 6706
24066.404906 118186 500 500 500 500 74 46 0 74 52 0 74 42 0 74 44 0 111264 1083750 120213 7398 958750 6706
24066.604916 118187 500 500 500 500 74 46 0 74 52 0 74 42 0 74 44 0 111264 1083750 120213 7398 958750 6706
24066.804913 118188 500 500 500 500 74 46 0 74 52 0 74 42 0 74 44 0 111508 1083750 120213 7398 958750 6706
24067.004928 118189 500 500 500 500 73 46 0 73 52 0 73 42 0 73 44 0 111508 1083750 120213 7124 958750 6706
24067.204913 118190 500 500 500 500 73 46 0 73 52 0 73 42 0 73 44 0 111508 1083750 120213 7398 958750 6706
24067.404919 118191 500 500 500 500 73 46 0 73 52 0 73 42 0 73 44 0 111508 1083750 120213 7398 958750 6706
24067.604914 118192 500 500 500 500 73 46 0 73 52 0 73 42 0 73 44 0 104493 1083750 112632 7398 958750 6706
24067.804914 118193 500 500 500 500 73 46 0 73 52 0 73 42 0 73 44 0 16775 1086250 17376 7398 958750 6706
24068.004929 118194 500 500 500 500 73 46 0 73 52 0 73 42 0 73 44 0 16226 1086250 17376 7398 958750 6706
24068.204914 118195 500 500 500 500 73 46 0 73 52 0 73 42 0 73 44 0 16226 1086250 17376 7398 958750 6706
24068.404911 118196 500 500 500 500 73 46 0 73 52 0 73 42 0 73 44 0 16775 1086250 17376 7398 958750 6706
24068.604914 118197 500 500 500 500 73 46 0 73 52 0 73 42 0 73 44 0 17019 1085000 18445 7398 958750 6706
24068.804916 118198 500 500 500 500 73 46 0 73 52 0 73 42 0 73 44 0 17019 1086250 18462 7398 958750 6706
24069.004952 118199 500 500 500 500 73 46 0 73 52 0 73 42 0 73 44 0 17019 1086250 18462 7398 958750 6706
24069.204914 118200 500 500 500 500 73 46 0 73 52 0 73 42 0 73 44 0 17019 1086250 18462 7124 958750 6706
24069.404910 118201 500 500 500 500 73 46 0 73 52 0 73 42 0 73 44 0 16470 1085000 17360 7398 958750 6706
24069.604927 118202 500 500 500 500 73 46 0 73 52 0 73 42 0 73 44 0 16470 1086250 17376 7398 958750 6706
