 9092.119916 43315 600 600 600 600 72 46 0 72 52 0 72 42 0 72 44 0 22753 1208750 26576 6302 908750 5448
 9092.319911 43316 600 600 600 600 72 46 0 72 52 0 72 42 0 72 44 0 22753 1208750 26576 6576 908750 5448
 9092.519911 43317 600 600 600 600 72 46 0 72 52 0 72 42 0 72 44 0 23729 1208750 27784 6576 908750 5448
 9092.719909 43318 600 600 600 600 72 46 0 72 52 0 72 42 0 72 44 0 22265 1208750 26576 6302 908750 5448
 9092.919911 43319 600 600 600 600 72 46 0 72 52 0 72 42 0 72 44 0 22265 1208750 26576 6302 908750 5448
 9093.119911 43320 600 600 600 600 72 46 0 72 52 0 72 42 0 72 44 0 22265 1208750 26576 6576 908750 5448
 9093.319911 43321 600 600 600 600 72 46 0 72 52 0 72 42 0 72 44 0 22509 1208750 26576 6576 908750 5448
 9093.519910 43322 600 600 600 600 72 46 0 72 52 0 72 42 0 72 44 0 22265 1208750 26576 6576 908750 5448
 9093.720005 43323 600 600 600 600 72 46 0 72 52 0 72 42 0 72 44 0 22265 1208750 26576 6576 908750 5448
 9093.919916 43324 600 600 600 600 72 46 0 72 52 0 72 42 0 72 44 0 22265 1208750 26576 6302 908750 5448
 9094.119913 43325 600 600 600 600 72 46 0 72 52 0 72 42 0 72 44 0 58011 1210000 70180 6576 908750 5448
 9094.319912 43326 600 600 600 600 72 46 0 72 52 0 72 42 0 72 44 0 22997 1208750 26576 6576 908750 5448
 9094.519855 43327 600 600 600 600 72 46 0 72 52 0 72 42 0 72 44 0 22997 1208750 26576 6576 908750 5448
 9094.719888 43328 600 600 600 600 72 46 0 72 52 0 72 42 0 72 44 0 22753 1208750 26576 6302 908750 5448
 9094.919966 43329 600 600 600 600 72 46 0 72 52 0 72 42 0 72 44 0 149999 1211250 180439 6302 908750 5448
 9095.119968 43330 600 600 600 600 72 46 0 72 52 0 72 42 0 72 44 0 157014 1210000 189970 6302 908750 5448
 9095.319949 43331 600 600 600 600 72 46 0 72 52 0 72 42 0 72 44 0 157014 1210000 189970 6302 908750 5448
 9095.519990 43332 600 600 600 600 72 46 0 72 52 0 72 42 0 72 44 0 155245 1210000 187550 6576 908750 5448
 9095.719911 43333 600 600 600 600 72 46 0 72 52 0 72 42 0 72 44 0 150731 1208750 181200 6576 908750 5448
 9095.919913 43334 600 600 600 600 72 46 0 72 52 0 72 42 0 72 44 0 154269 1208750 186032 6576 908750 5448
 9096.119913 43335 600 600 600 600 72 46 0 72 52 0 72 42 0 72 44 0 154269 1208750 186032 6576 908750 5448
 9096.319913 43336 600 600 600 600 72 46 0 72 52 0 72 42 0 72 44 0 153232 1208750 184824 6576 908750 5448
 9096.519913 43337 600 600 600 600 72 46 0 72 52 0 72 42 0 72 44 0 152500 1208750 183616 6576 908750 5448
 9096.719912 43338 600 600 600 600 72 46 0 72 52 0 72 42 0 72 44 0 152256 1208750 183616 6576 908750 5448
 9096.919912 43339 600 600 600 600 72 46 0 72 52 0 72 42 0 72 44 0 152256 1208750 183616 6576 908750 5448
 9097.119912 43340 600 600 600 600 72 46 0 72 52 0 72 42 0 72 44 0 152256 1208750 183616 6576 908750 5448
 9097.319937 43341 600 600 600 600 72 46 0 72 52 0 72 42 0 72 44 0 152500 1208750 183616 6576 908750 5448
 9097.519911 43342 600 600 600 600 72 46 0 72 52 0 72 42 0 72 44 0 152256 1208750 183616 6576 908750 5448
 9097.719911 43343 600 600 600 600 72 46 0 72 52 0 72 42 0 72 44 0 152256 1208750 183616 6576 908750 5448
 9097.919912 43344 600 600 600 600 72 46 0 72 52 0 72 42 0 72 44 0 152988 1208750 183616 6576 908750 5448
 9098.119912 43345 600 600 600 600 72 46 0 72 52 0 72 42 0 72 44 0 152256 1208750 183616 6576 908750 5448
 9098.319912 43346 600 600 600 600 72 46 0 72 52 0 72 42 0 72 44 0 152500 1208750 183616 6576 908750 5448
 9098.520058 43347 600 600 600 600 72 46 0 72 52 0 72 42 0 72 44 0 152500 1208750 183616 6576 908750 5448
 9098.719908 43348 600 600 600 600 72 46 0 72 52 0 72 42 0 72 44 0 152500 1208750 183616 6576 908750 5448
 9098.919911 43349 600 600 600 600 72 46 0 72 52 0 72 42 0 72 44 0 152744 1208750 183616 6576 908750 5448
 9099.119911 43350 600 600 600 600 72 46 0 72 52 0 72 42 0 72 44 0 152256 1208750 183616 6576 908750 5448
 9099.319912 43351 600 600 600 600 72 46 0 72 52 0 72 42 0 72 44 0 152988 1208750 183616 6576 908750 5448
 9099.519891 43352 600 600 600 600 72 46 0 72 52 0 72 42 0 72 44 0 152988 1208750 183616 6576 908750 5448
 9099.719906 43353 600 600 600 600 72 46 0 72 52 0 72 42 0 72 44 0 152500 1208750 183616 6576 908750 5448
 9099.919912 43354 600 600 600 600 72 46 0 72 52 0 72 42 0 72 44 0 153232 1208750 184824 6576 908750 5448
 9100.119906 43355 600 600 600 600 72 46 0 72 52 0 72 42 0 72 44 0 152500 1208750 183616 6576 908750 5448
 9100.319911 43356 600 600 600 600 72 46 0 72 52 0 72 42 0 72 44 0 152500 1208750 183616 6576 908750 5448
 9100.519912 43357 600 600 600 600 72 46 0 72 52 0 72 42 0 72 44 0 152500 1208750 183616 6576 908750 5448
 9100.719911 43358 600 600 600 600 72 46 0 72 52 0 72 42 0 72 44 0 152500 1208750 183616 6576 908750 5448
 9100.919911 43359 600 600 600 600 72 46 0 72 52 0 72 42 0 72 44 0 152744 1208750 183616 6576 908750 5448
 9101.119913 43360 600 600 600 600 72 46 0 72 52 0 72 42 0 72 44 0 152744 1208750 183616 6576 908750 5448
 9101.319912 43361 600 600 600 600 72 46 0 72 52 0 72 42 0 72 44 0 154269 1208750 186032 6576 908750 5448
 9101.519912 43362 600 600 600 600 72 46 0 72 52 0 72 42 0 72 44 0 152744 1208750 183616 6576 908750 5448
 9101.719912 43363 600 600 600 600 72 46 0 72 52 0 72 42 0 72 44 0 152988 1208750 183616 6576 908750 5448
 9101.919912 43364 600 600 600 600 72 46 0 72 52 0 72 42 0 72 44 0 152988 1208750 183616 6576 908750 5448
 9102.119911 43365 600 600 600 600 72 46 0 72 52 0 72 42 0 72 44 0 152988 1208750 183616 6576 908750 5448
 9102.319912 43366 600 600 600 600 72 46 0 72 52 0 72 42 0 72 44 0 153232 1208750 184824 6576 908750 5448
 9102.519911 43367 600 600 600 600 72 46 0 72 52 0 72 42 0 72 44 0 152988 1208750 183616 6576 908750 5448
 9102.719911 43368 600 600 600 600 72 46 0 72 52 0 72 42 0 72 44 0 152988 1208750 183616 6576 908750 5448
 9102.919912 43369 600 600 600 600 72 46 0 72 52 0 72 42 0 72 44 0 152744 1208750 183616 6576 908750 5448
 9103.119907 43370 600 600 600 600 72 46 0 72 52 0 72 42 0 72 44 0 152744 1208750 183616 6576 908750 5448
 9103.319911 43371 600 600 600 600 72 46 0 72 52 0 72 42 0 72 44 0 152988 1208750 183616 6576 908750 5448
 9103.519936 43372 600 600 600 600 72 46 0 72 52 0 72 42 0 72 44 0 152988 1208750 183616 6576 908750 5448
 9103.719910 43373 600 600 600 600 72 46 0 72 52 0 72 42 0 72 44 0 153476 1208750 184824 6576 908750 5448
 9103.919912 43374 600 600 600 600 72 46 0 72 52 0 72 42 0 72 44 0 153232 1208750 184824 6576 908750 5448
 9104.119907 43375 600 600 600 600 72 46 0 72 52 0 72 42 0 72 44 0 152500 1208750 183616 6576 908750 5448
 9104.319912 43376 600 600 600 600 72 46 0 72 52 0 72 42 0 72 44 0 152500 1208750 183616 6576 908750 5448
 9104.519851 43377 600 600 600 600 72 46 0 72 52 0 72 42 0 72 44 0 153232 1208750 184824 6576 908750 5448
 9104.719911 43378 600 600 600 600 72 46 0 72 52 0 72 42 0 72 44 0 158722 1210000 191180 6576 908750 5448
 9104.919912 43379 600 600 600 600 72 46 0 72 52 0 72 42 0 72 44 0 154513 1208750 186032 6576 908750 5448
 9105.119889 43380 600 600 600 600 72 46 0 72 52 0 72 42 0 72 44 0 153232 1208750 184824 6576 908750 5448
 9105.319911 43381 600 600 600 600 72 46 0 72 52 0 72 42 0 72 44 0 153232 1208750 184824 6576 908750 5448
 9105.519911 43382 600 600 600 600 72 46 0 72 52 0 72 42 0 72 44 0 152988 1208750 183616 6576 908750 5448
 9105.719911 43383 600 600 600 600 72 46 0 72 52 0 72 42 0 72 44 0 152256 1208750 183616 6576 908750 5448
 9105.919911 43384 600 600 600 600 72 46 0 72 52 0 72 42 0 72 44 0 152500 1208750 183616 6576 908750 5448
 9106.119910 43385 600 600 600 600 72 46 0 72 52 0 72 42 0 72 44 0 152500 1208750 183616 6576 908750 5448
 9106.319911 43386 600 600 600 600 72 46 0 72 52 0 72 42 0 72 44 0 152500 1208750 183616 6576 908750 5448
 9106.519911 43387 600 600 600 600 72 46 0 72 52 0 72 42 0 72 44 0 152500 1208750 183616 6576 908750 5448
 9106.719910 43388 600 600 600 600 72 46 0 72 52 0 72 42 0 72 44 0 152744 1208750 183616 6576 908750 5448
 9106.919911 43389 600 600 600 600 72 46 0 72 52 0 72 42 0 72 44 0 152744 1208750 183616 6576 908750 5448
 9107.119911 43390 600 600 600 600 72 46 0 72 52 0 72 42 0 72 44 0 152744 1208750 183616 6576 908750 5448
 9107.319911 43391 600 600 600 600 72 46 0 72 52 0 72 42 0 72 44 0 152744 1208750 183616 6576 908750 5448
 9107.519906 43392 600 600 600 600 72 46 0 72 52 0 72 42 0 72 44 0 152744 1208750 183616 6576 908750 5448
 9107.719911 43393 600 600 600 600 72 46 0 72 52 0 72 42 0 72 44 0 152744 1208750 183616 6576 908750 5448
 9107.919911 43394 600 600 600 600 72 46 0 72 52 0 72 42 0 72 44 0 152744 1208750 183616 6576 908750 5448
 9108.119913 43395 600 600 600 600 72 46 0 72 52 0 72 42 0 72 44 0 152012 1208750 183616 6576 908750 5448
 9108.319912 43396 600 600 600 600 72 46 0 72 52 0 72 42 0 72 44 0 153232 1208750 184824 6576 908750 5448
 9108.519912 43397 600 600 600 600 72 46 0 72 52 0 72 42 0 72 44 0 153232 1208750 184824 6576 908750 5448
 9108.719911 43398 600 600 600 600 72 46 0 72 52 0 72 42 0 72 44 0 152500 1208750 183616 6576 908750 5448
 9108.919911 43399 600 600 600 600 72 46 0 72 52 0 72 42 0 72 44 0 152500 1208750 183616 6576 908750 5448
 9109.119912 43400 600 600 600 600 72 46 0 72 52 0 72 42 0 72 44 0 152500 1208750 183616 6576 908750 5448
 9109.319911 43401 600 600 600 600 72 46 0 72 52 0 72 42 0 72 44 0 152500 1208750 183616 6576 908750 5448
 9109.519891 43402 600 600 600 600 72 46 0 72 52 0 72 42 0 72 44 0 152744 1208750 183616 6576 908750 5448
 9109.719934 43403 600 600 600 600 72 46 0 72 52 0 72 42 0 72 44 0 152500 1208750 183616 6576 908750 5448
 9109.919912 43404 600 600 600 600 72 46 0 72 52 0 72 42 0 72 44 0 153232 1208750 184824 6576 908750 5448
 9110.119912 43405 600 600 600 600 72 46 0 72 52 0 72 42 0 72 44 0 153232 1208750 184824 6576 908750 5448
 9110.319911 43406 600 600 600 600 72 46 0 72 52 0 72 42 0 72 44 0 152744 1208750 183616 6576 908750 5448
 9110.519911 43407 600 600 600 600 72 46 0 72 52 0 72 42 0 72 44 0 152500 1208750 183616 6576 908750 5448
 9110.719911 43408 600 600 600 600 72 46 0 72 52 0 72 42 0 72 44 0 152500 1208750 183616 6576 908750 5448
 9110.919844 43409 600 600 600 600 72 46 0 72 52 0 72 42 0 72 44 0 152012 1208750 183616 6576 908750 5448
 9111.119907 43410 600 600 600 600 72 46 0 72 52 0 72 42 0 72 44 0 152012 1208750 183616 6576 908750 5448
 9111.319912 43411 600 600 600 600 72 46 0 72 52 0 72 42 0 72 44 0 152256 1208750 183616 6576 908750 5448
 9111.519912 43412 600 600 600 600 72 46 0 72 52 0 72 42 0 72 44 0 152012 1208750 183616 6576 908750 5448
 9111.719911 43413 600 600 600 600 72 46 0 72 52 0 72 42 0 72 44 0 152500 1208750 183616 6576 908750 5448
 9111.919911 43414 600 600 600 600 72 46 0 72 52 0 72 42 0 72 44 0 152500 1208750 183616 6576 908750 5448
 9112.119908 43415 600 600 600 600 72 46 0 72 52 0 72 42 0 72 44 0 152744 1208750 183616 6576 908750 5448
 9112.319911 43416 600 600 600 600 72 46 0 72 52 0 72 42 0 72 44 0 152500 1208750 183616 6576 908750 5448
 9112.519911 43417 600 600 600 600 72 46 0 72 52 0 72 42 0 72 44 0 153232 1208750 184824 6576 908750 5448
 9112.719912 43418 600 600 600 600 72 46 0 72 52 0 72 42 0 72 44 0 153232 1208750 184824 6576 908750 5448
 9112.919911 43419 600 600 600 600 72 46 0 72 52 0 72 42 0 72 44 0 152988 1208750 183616 6850 908750 5448
 9113.119912 43420 600 600 600 600 72 46 0 72 52 0 72 42 0 72 44 0 152988 1208750 183616 6576 908750 5448
 9113.319911 43421 600 600 600 600 72 46 0 72 52 0 72 42 0 72 44 0 153476 1208750 184824 6576 908750 5448
 9113.519911 43422 600 600 600 600 72 46 0 72 52 0 72 42 0 72 44 0 153476 1208750 184824 6576 908750 5448
 9113.719907 43423 600 600 600 600 72 46 0 72 52 0 72 42 0 72 44 0 152988 1208750 183616 6576 908750 5448
 9113.919911 43424 600 600 600 600 72 46 0 72 52 0 72 42 0 72 44 0 152744 1208750 183616 6576 908750 5448
 9114.119911 43425 600 600 600 600 72 46 0 72 52 0 72 42 0 72 44 0 152744 1208750 183616 6576 908750 5448
 9114.319911 43426 600 600 600 600 72 46 0 72 52 0 72 42 0 72 44 0 152744 1208750 183616 6576 908750 5448
 9114.519891 43427 600 600 600 600 72 46 0 72 52 0 72 42 0 72 44 0 152988 1208750 183616 6576 908750 5448
 9114.719911 43428 600 600 600 600 72 46 0 72 52 0 72 42 0 72 44 0 153232 1208750 184824 6576 908750 5448
 9114.919912 43429 600 600 600 600 72 46 0 72 52 0 72 42 0 72 44 0 152500 1208750 183616 6576 908750 5448
 9115.119911 43430 600 600 600 600 72 46 0 72 52 0 72 42 0 72 44 0 152500 1208750 183616 6576 908750 5448
 9115.319911 43431 600 600 600 600 72 46 0 72 52 0 72 42 0 72 44 0 153232 1208750 184824 6850 908750 5448
 9115.519906 43432 600 600 600 600 72 46 0 72 52 0 72 42 0 72 44 0 152744 1208750 183616 6576 908750 5448
 9115.719910 43433 600 600 600 600 72 46 0 72 52 0 72 42 0 72 44 0 152988 1208750 183616 6576 908750 5448
 9115.919934 43434 600 600 600 600 72 46 0 72 52 0 72 42 0 72 44 0 152988 1208750 183616 6576 908750 5448
 9116.119912 43435 600 600 600 600 72 46 0 72 52 0 72 42 0 72 44 0 153476 1208750 184824 6576 908750 5448
 9116.319911 43436 600 600 600 600 72 46 0 72 52 0 72 42 0 72 44 0 152500 1208750 183616 6576 908750 5448
 9116.519906 43437 600 600 600 600 72 46 0 72 52 0 72 42 0 72 44 0 152744 1208750 183616 6576 908750 5448
 9116.719911 43438 600 600 600 600 72 46 0 72 52 0 72 42 0 72 44 0 152744 1208750 183616 6576 908750 5448
 9116.919914 43439 600 600 600 600 72 46 0 72 52 0 72 42 0 72 44 0 152744 1208750 183616 6576 908750 5448
 9117.119912 43440 600 600 600 600 72 46 0 72 52 0 72 42 0 72 44 0 153720 1208750 184824 6576 908750 5448
 9117.319911 43441 600 600 600 600 72 46 0 72 52 0 72 42 0 72 44 0 152988 1208750 183616 6576 908750 5448
 9117.519890 43442 600 600 600 600 72 46 0 72 52 0 72 42 0 72 44 0 152988 1208750 183616 6576 908750 5448
 9117.719911 43443 600 600 600 600 72 46 0 72 52 0 72 42 0 72 44 0 152988 1208750 183616 6576 908750 5448
 9117.919912 43444 600 600 600 600 72 46 0 72 52 0 72 42 0 72 44 0 152988 1208750 183616 6576 908750 5448
 9118.119912 43445 600 600 600 600 72 46 0 72 52 0 72 42 0 72 44 0 152744 1208750 183616 6576 908750 5448
 9118.319911 43446 600 600 600 600 72 46 0 72 52 0 72 42 0 72 44 0 152256 1208750 183616 6576 908750 5448
 9118.519911 43447 600 600 600 600 72 46 0 72 52 0 72 42 0 72 44 0 152256 1208750 183616 6576 908750 5448
 9118.719911 43448 600 600 600 600 72 46 0 72 52 0 72 42 0 72 44 0 152744 1208750 183616 6576 908750 5448
 9118.919911 43449 600 600 600 600 72 46 0 72 52 0 72 42 0 72 44 0 152988 1208750 183616 6576 908750 5448
 9119.119912 43450 600 600 600 600 72 46 0 72 52 0 72 42 0 72 44 0 152744 1208750 183616 6576 908750 5448
 9119.319911 43451 600 600 600 600 72 46 0 72 52 0 72 42 0 72 44 0 152744 1208750 183616 6576 908750 5448
 9119.519890 43452 600 600 600 600 72 46 0 72 52 0 72 42 0 72 44 0 152744 1208750 183616 6576 908750 5448
 9119.719911 43453 600 600 600 600 72 46 0 72 52 0 72 42 0 72 44 0 152012 1208750 183616 6576 908750 5448
 9119.919907 43454 600 600 600 600 72 46 0 72 52 0 72 42 0 72 44 0 152988 1208750 183616 6576 908750 5448
 9120.119913 43455 600 600 600 600 72 46 0 72 52 0 72 42 0 72 44 0 152988 1208750 183616 6576 908750 5448
 9120.319911 43456 600 600 600 600 72 46 0 72 52 0 72 42 0 72 44 0 153476 1208750 184824 6576 908750 5448
 9120.519911 43457 600 600 600 600 72 46 0 72 52 0 72 42 0 72 44 0 152256 1208750 183616 6576 908750 5448
 9120.719911 43458 600 600 600 600 72 46 0 72 52 0 72 42 0 72 44 0 152744 1208750 183616 6576 908750 5448
 9120.919911 43459 600 600 600 600 72 46 0 72 52 0 72 42 0 72 44 0 152744 1208750 183616 6576 908750 5448
 9121.119906 43460 600 600 600 600 72 46 0 72 52 0 72 42 0 72 44 0 152988 1208750 183616 6576 908750 5448
 9121.319910 43461 600 600 600 600 72 46 0 72 52 0 72 42 0 72 44 0 152988 1208750 183616 6576 908750 5448
 9121.519911 43462 600 600 600 600 72 46 0 72 52 0 72 42 0 72 44 0 152500 1208750 183616 6576 908750 5448
 9121.719911 43463 600 600 600 600 72 46 0 72 52 0 72 42 0 72 44 0 152500 1208750 183616 6576 908750 5448
 9121.919911 43464 600 600 600 600 72 46 0 72 52 0 72 42 0 72 44 0 152256 1208750 183616 6576 908750 5448
 9122.119912 43465 600 600 600 600 72 46 0 72 52 0 72 42 0 72 44 0 152500 1210000 183920 6576 908750 5448
 9122.319912 43466 600 600 600 600 72 46 0 72 52 0 72 42 0 72 44 0 152256 1208750 183616 6576 908750 5448
 9122.519911 43467 600 600 600 600 72 46 0 72 52 0 72 42 0 72 44 0 152256 1208750 183616 6576 908750 5448
 9122.719912 43468 600 600 600 600 72 46 0 72 52 0 72 42 0 72 44 0 152744 1208750 183616 6576 908750 5448
 9122.919912 43469 600 600 600 600 72 46 0 72 52 0 72 42 0 72 44 0 153476 1208750 184824 6576 908750 5448
 9123.119911 43470 600 600 600 600 72 46 0 72 52 0 72 42 0 72 44 0 152988 1208750 183616 6576 908750 5448
 9123.319848 43471 600 600 600 600 72 46 0 72 52 0 72 42 0 72 44 0 152256 1208750 183616 6576 908750 5448
 9123.519910 43472 600 600 600 600 72 46 0 72 52 0 72 42 0 72 44 0 152256 1208750 183616 6576 908750 5448
 9123.719910 43473 600 600 600 600 72 46 0 72 52 0 72 42 0 72 44 0 152500 1208750 183616 6576 908750 5448
 9123.919911 43474 600 600 600 600 72 46 0 72 52 0 72 42 0 72 44 0 152744 1208750 183616 6576 908750 5448
 9124.119935 43475 600 600 600 600 72 46 0 72 52 0 72 42 0 72 44 0 153476 1208750 184824 6576 908750 5448
 9124.319911 43476 600 600 600 600 72 46 0 72 52 0 72 42 0 72 44 0 153476 1208750 184824 6576 908750 5448
 9124.519890 43477 600 600 600 600 72 46 0 72 52 0 72 42 0 72 44 0 152744 1208750 183616 6576 908750 5448
 9124.719912 43478 600 600 600 600 72 46 0 72 52 0 72 42 0 72 44 0 152500 1208750 183616 6576 908750 5448
 9124.919912 43479 600 600 600 600 72 46 0 72 52 0 72 42 0 72 44 0 155245 1208750 187240 6576 908750 5448
 9125.119907 43480 600 600 600 600 72 46 0 72 52 0 72 42 0 72 44 0 155245 1208750 187240 6576 908750 5448
 9125.319911 43481 600 600 600 600 72 46 0 72 52 0 72 42 0 72 44 0 153476 1208750 184824 6576 908750 5448
 9125.519906 43482 600 600 600 600 72 46 0 72 52 0 72 42 0 72 44 0 152500 1208750 183616 6576 908750 5448
 9125.719911 43483 600 600 600 600 72 46 0 72 52 0 72 42 0 72 44 0 152988 1208750 183616 6576 908750 5448
 9125.919912 43484 600 600 600 600 72 46 0 72 52 0 72 42 0 72 44 0 152988 1208750 183616 6576 908750 5448
 9126.119911 43485 600 600 600 600 72 46 0 72 52 0 72 42 0 72 44 0 153232 1208750 184824 6576 908750 5448
 9126.319912 43486 600 600 600 600 72 46 0 72 52 0 72 42 0 72 44 0 153964 1208750 184824 6576 908750 5448
 9126.519912 43487 600 600 600 600 72 46 0 72 52 0 72 42 0 72 44 0 153476 1208750 184824 6576 908750 5448
 9126.719910 43488 600 600 600 600 72 46 0 72 52 0 72 42 0 72 44 0 153476 1208750 184824 6576 908750 5448
 9126.919912 43489 600 600 600 600 72 46 0 72 52 0 72 42 0 72 44 0 153476 1208750 184824 6576 908750 5448
 9127.119912 43490 600 600 600 600 72 46 0 72 52 0 72 42 0 72 44 0 152500 1208750 183616 6576 908750 5448
 9127.319911 43491 600 600 600 600 72 46 0 72 52 0 72 42 0 72 44 0 153232 1208750 184824 6576 908750 5448
 9127.519911 43492 600 600 600 600 72 46 0 72 52 0 72 42 0 72 44 0 153232 1208750 184824 6576 908750 5448
 9127.719911 43493 600 600 600 600 72 46 0 72 52 0 72 42 0 72 44 0 152988 1208750 183616 6576 908750 5448
 9127.919911 43494 600 600 600 600 72 46 0 72 52 0 72 42 0 72 44 0 153232 1208750 184824 6576 908750 5448
 9128.119913 43495 600 600 600 600 72 46 0 72 52 0 72 42 0 72 44 0 153232 1208750 184824 6576 908750 5448
 9128.319912 43496 600 600 600 600 72 46 0 72 52 0 72 42 0 72 44 0 153232 1208750 184824 6576 908750 5448
 9128.519934 43497 600 600 600 600 72 46 0 72 52 0 72 42 0 72 44 0 152988 1208750 183616 6576 908750 5448
