 5927.978814 29119 1100 1100 1100 1100 75 46 0 75 52 0 75 42 0 75 44 0 14762 1210000 16940 51786 995000 50745
 5928.178814 29120 1100 1100 1100 1100 74 46 0 74 52 0 74 42 0 74 44 0 14762 1210000 16940 52608 995000 51740
 5928.378815 29121 1100 1100 1100 1100 74 46 0 74 52 0 74 42 0 74 44 0 15250 1210000 18150 50964 995000 49750
 5928.578814 29122 1100 1100 1100 1100 74 46 0 74 52 0 74 42 0 74 44 0 14762 1210000 16940 49868 995000 48755
 5928.778797 29123 1100 1100 1100 1100 74 46 0 74 52 0 74 42 0 74 44 0 14762 1210000 16940 49868 995000 48755
 5928.978810 29124 1100 1100 1100 1100 74 46 0 74 52 0 74 42 0 74 44 0 14518 1210000 16940 49594 995000 48755
 5929.178814 29125 1100 1100 1100 1100 73 46 0 73 52 0 73 42 0 73 44 0 14762 1210000 16940 51512 995000 50745
 5929.378810 29126 1100 1100 1100 1100 73 46 0 73 52 0 73 42 0 73 44 0 15006 1210000 18150 49868 995000 48755
 5929.578793 29127 1100 1100 1100 1100 73 46 0 73 52 0 73 42 0 73 44 0 15006 1210000 18150 49320 995000 48755
 5929.778814 29128 1100 1100 1100 1100 73 46 0 73 52 0 73 42 0 73 44 0 15006 1210000 18150 49320 995000 48755
 5929.978953 29129 1100 1100 1100 1100 73 46 0 73 52 0 73 42 0 73 44 0 14762 1210000 16940 46854 995000 45770
 5930.178813 29130 1100 1100 1100 1100 73 46 0 73 52 0 73 42 0 73 44 0 14762 1210000 16940 46032 995000 45770
 5930.378816 29131 1100 1100 1100 1100 73 46 0 73 52 0 73 42 0 73 44 0 14762 1210000 16940 214268 996250 213144
 5930.578815 29132 1100 1100 1100 1100 73 46 0 73 52 0 73 42 0 73 44 0 14762 1210000 16940 214268 996250 213144
 5930.778827 29133 1100 1100 1100 1100 73 46 0 73 52 0 73 42 0 73 44 0 15006 1210000 18150 49868 995000 48755
 5930.978890 29134 1100 1100 1100 1100 73 46 0 73 52 0 73 42 0 73 44 0 14762 1210000 16940 51512 995000 50745
 5931.178840 29135 1100 1100 1100 1100 73 46 0 73 52 0 73 42 0 73 44 0 14518 1210000 16940 416480 996250 414336
 5931.378810 29136 1100 1100 1100 1100 73 46 0 73 52 0 73 42 0 73 44 0 14518 1210000 16940 416480 996250 414336
 5931.578806 29137 1100 1100 1100 1100 73 46 0 73 52 0 73 42 0 73 44 0 14762 1210000 16940 768296 997500 765696
 5931.778823 29138 1100 1100 1100 1100 73 46 0 73 52 0 73 42 0 73 44 0 14518 1210000 16940 716236 997500 713852
 5931.978824 29139 1100 1100 1100 1100 73 46 0 73 52 0 73 42 0 73 44 0 14762 1210000 16940 627186 997500 625119
 5932.178825 29140 1100 1100 1100 1100 74 46 0 74 52 0 74 42 0 74 44 0 14762 1210000 16940 627186 997500 625119
 5932.378826 29141 1100 1100 1100 1100 74 46 0 74 52 0 74 42 0 74 44 0 14762 1210000 16940 604718 996250 601584
 5932.578826 29142 1100 1100 1100 1100 74 46 0 74 52 0 74 42 0 74 44 0 15006 1210000 18150 603622 996250 600588
 5932.778826 29143 1100 1100 1100 1100 74 46 0 74 52 0 74 42 0 74 44 0 15006 1210000 18150 604170 996250 601584
 5932.978824 29144 1100 1100 1100 1100 74 46 0 74 52 0 74 42 0 74 44 0 15006 1210000 18150 604170 996250 601584
 5933.178825 29145 1100 1100 1100 1100 74 46 0 74 52 0 74 42 0 74 44 0 14762 1210000 16940 604444 996250 601584
 5933.378825 29146 1100 1100 1100 1100 74 46 0 74 52 0 74 42 0 74 44 0 14762 1210000 16940 609376 996250 606564
 5933.578820 29147 1100 1100 1100 1100 74 46 0 74 52 0 74 42 0 74 44 0 14762 1210000 16940 601704 996250 598596
 5933.778821 29148 1100 1100 1100 1100 74 46 0 74 52 0 74 42 0 74 44 0 14762 1210000 16940 601704 996250 598596
 5933.978826 29149 1100 1100 1100 1100 74 46 0 74 52 0 74 42 0 74 44 0 14762 1210000 16940 601430 996250 598596
 5934.178825 29150 1100 1100 1100 1100 74 46 0 74 52 0 74 42 0 74 44 0 14762 1210000 16940 601978 996250 598596
 5934.378825 29151 1100 1100 1100 1100 74 46 0 74 52 0 74 42 0 74 44 0 14518 1210000 16940 601978 996250 598596
 5934.578825 29152 1100 1100 1100 1100 74 46 0 74 52 0 74 42 0 74 44 0 14518 1210000 16940 601978 996250 598596
 5934.778803 29153 1100 1100 1100 1100 74 46 0 74 52 0 74 42 0 74 44 0 14274 1210000 16940 603622 996250 600588
 5934.978824 29154 1100 1100 1100 1100 74 46 0 74 52 0 74 42 0 74 44 0 14762 1210000 16940 604992 996250 601584
 5935.178825 29155 1100 1100 1100 1100 75 46 0 75 52 0 75 42 0 75 44 0 14762 1210000 16940 606910 996250 603576
 5935.378807 29156 1100 1100 1100 1100 74 46 0 74 52 0 74 42 0 74 44 0 14762 1210000 16940 606910 996250 603576
 5935.578825 29157 1100 1100 1100 1100 74 46 0 74 52 0 74 42 0 74 44 0 14762 1210000 16940 603348 996250 600588
 5935.778826 29158 1100 1100 1100 1100 74 46 0 74 52 0 74 42 0 74 44 0 14762 1210000 16940 602800 996250 599592
 5935.978819 29159 1100 1100 1100 1100 74 46 0 74 52 0 74 42 0 74 44 0 14518 1210000 16940 604170 996250 601584
 5936.178826 29160 1100 1100 1100 1100 75 46 0 75 52 0 75 42 0 75 44 0 14762 1210000 16940 603348 996250 600588
 5936.378826 29161 1100 1100 1100 1100 75 46 0 75 52 0 75 42 0 75 44 0 14762 1210000 16940 603348 996250 600588
 5936.578825 29162 1100 1100 1100 1100 75 46 0 75 52 0 75 42 0 75 44 0 14762 1210000 16940 605540 996250 602580
 5936.778825 29163 1100 1100 1100 1100 75 46 0 75 52 0 75 42 0 75 44 0 14762 1210000 16940 603896 996250 600588
 5936.978825 29164 1100 1100 1100 1100 75 46 0 75 52 0 75 42 0 75 44 0 14518 1210000 16940 604170 996250 601584
 5937.178825 29165 1100 1100 1100 1100 75 46 0 75 52 0 75 42 0 75 44 0 14518 1210000 16940 604170 996250 601584
 5937.378825 29166 1100 1100 1100 1100 75 46 0 75 52 0 75 42 0 75 44 0 14762 1210000 16940 604718 996250 601584
 5937.578825 29167 1100 1100 1100 1100 75 46 0 75 52 0 75 42 0 75 44 0 14762 1210000 16940 603074 996250 600588
 5937.778825 29168 1100 1100 1100 1100 75 46 0 75 52 0 75 42 0 75 44 0 15006 1210000 18150 603074 996250 600588
 5937.978825 29169 1100 1100 1100 1100 75 46 0 75 52 0 75 42 0 75 44 0 15006 1210000 18150 603074 996250 600588
 5938.178825 29170 1100 1100 1100 1100 75 46 0 75 52 0 75 42 0 75 44 0 14762 1210000 16940 603896 996250 600588
 5938.378821 29171 1100 1100 1100 1100 75 46 0 75 52 0 75 42 0 75 44 0 15006 1210000 18150 604992 996250 601584
 5938.578826 29172 1100 1100 1100 1100 75 46 0 75 52 0 75 42 0 75 44 0 14762 1210000 16940 605266 996250 602580
 5938.778825 29173 1100 1100 1100 1100 75 46 0 75 52 0 75 42 0 75 44 0 14762 1210000 16940 605266 996250 602580
 5938.978826 29174 1100 1100 1100 1100 75 46 0 75 52 0 75 42 0 75 44 0 14762 1210000 16940 605814 996250 602580
 5939.178825 29175 1100 1100 1100 1100 75 46 0 75 52 0 75 42 0 75 44 0 14762 1210000 16940 604444 996250 601584
 5939.378825 29176 1100 1100 1100 1100 75 46 0 75 52 0 75 42 0 75 44 0 14762 1210000 16940 603622 996250 600588
 5939.578825 29177 1100 1100 1100 1100 75 46 0 75 52 0 75 42 0 75 44 0 14762 1210000 16940 603622 996250 600588
 5939.778825 29178 1100 1100 1100 1100 75 46 0 75 52 0 75 42 0 75 44 0 14762 1210000 16940 604170 996250 601584
 5939.978824 29179 1100 1100 1100 1100 75 46 0 75 52 0 75 42 0 75 44 0 14762 1210000 16940 604170 996250 601584
 5940.178825 29180 1100 1100 1100 1100 75 46 0 75 52 0 75 42 0 75 44 0 14762 1210000 16940 606088 996250 603576
 5940.378825 29181 1100 1100 1100 1100 75 46 0 75 52 0 75 42 0 75 44 0 14762 1210000 16940 606088 996250 603576
 5940.578825 29182 1100 1100 1100 1100 75 46 0 75 52 0 75 42 0 75 44 0 14762 1210000 16940 607458 996250 604572
 5940.778821 29183 1100 1100 1100 1100 75 46 0 75 52 0 75 42 0 75 44 0 14518 1210000 16940 606362 996250 603576
 5940.978826 29184 1100 1100 1100 1100 75 46 0 75 52 0 75 42 0 75 44 0 15006 1210000 18150 608554 996250 605568
 5941.178825 29185 1100 1100 1100 1100 75 46 0 75 52 0 75 42 0 75 44 0 15006 1210000 18150 608554 996250 605568
 5941.378825 29186 1100 1100 1100 1100 75 46 0 75 52 0 75 42 0 75 44 0 15006 1210000 18150 605814 996250 602580
 5941.578825 29187 1100 1100 1100 1100 75 46 0 75 52 0 75 42 0 75 44 0 14762 1210000 16940 604444 996250 601584
 5941.778825 29188 1100 1100 1100 1100 75 46 0 75 52 0 75 42 0 75 44 0 14762 1210000 16940 605814 996250 602580
 5941.978752 29189 1100 1100 1100 1100 75 46 0 75 52 0 75 42 0 75 44 0 14762 1210000 16940 605814 996250 602580
 5942.178825 29190 1100 1100 1100 1100 75 46 0 75 52 0 75 42 0 75 44 0 14762 1210000 16940 605814 996250 602580
 5942.378826 29191 1100 1100 1100 1100 75 46 0 75 52 0 75 42 0 75 44 0 14762 1210000 16940 606636 996250 603576
 5942.578825 29192 1100 1100 1100 1100 75 46 0 75 52 0 75 42 0 75 44 0 14762 1210000 16940 607184 996250 604572
 5942.778826 29193 1100 1100 1100 1100 75 46 0 75 52 0 75 42 0 75 44 0 14762 1210000 16940 607458 996250 604572
 5942.978825 29194 1100 1100 1100 1100 75 46 0 75 52 0 75 42 0 75 44 0 14762 1210000 16940 607458 996250 604572
 5943.178820 29195 1100 1100 1100 1100 75 46 0 75 52 0 75 42 0 75 44 0 15006 1210000 18150 602800 996250 599592
 5943.378827 29196 1100 1100 1100 1100 75 46 0 75 52 0 75 42 0 75 44 0 14518 1210000 16940 602526 996250 599592
 5943.578825 29197 1100 1100 1100 1100 75 46 0 75 52 0 75 42 0 75 44 0 14762 1210000 16940 602252 996250 599592
 5943.778825 29198 1100 1100 1100 1100 75 46 0 75 52 0 75 42 0 75 44 0 14762 1210000 16940 602252 996250 599592
 5943.978825 29199 1100 1100 1100 1100 75 46 0 75 52 0 75 42 0 75 44 0 15006 1210000 18150 604170 996250 601584
 5944.178825 29200 1100 1100 1100 1100 75 46 0 75 52 0 75 42 0 75 44 0 15006 1210000 18150 603348 996250 600588
 5944.378825 29201 1100 1100 1100 1100 75 46 0 75 52 0 75 42 0 75 44 0 15006 1210000 18150 603896 996250 600588
 5944.578825 29202 1100 1100 1100 1100 75 46 0 75 52 0 75 42 0 75 44 0 15006 1210000 18150 603896 996250 600588
 5944.778825 29203 1100 1100 1100 1100 75 46 0 75 52 0 75 42 0 75 44 0 14762 1210000 16940 604170 996250 601584
 5944.978825 29204 1100 1100 1100 1100 75 46 0 75 52 0 75 42 0 75 44 0 14762 1210000 16940 604170 996250 601584
 5945.178825 29205 1100 1100 1100 1100 75 46 0 75 52 0 75 42 0 75 44 0 15006 1210000 18150 603622 996250 600588
 5945.378825 29206 1100 1100 1100 1100 75 46 0 75 52 0 75 42 0 75 44 0 15006 1210000 18150 603622 996250 600588
 5945.578821 29207 1100 1100 1100 1100 75 46 0 75 52 0 75 42 0 75 44 0 14518 1210000 16940 603348 996250 600588
 5945.778825 29208 1100 1100 1100 1100 75 46 0 75 52 0 75 42 0 75 44 0 14762 1210000 16940 603896 996250 600588
 5945.978826 29209 1100 1100 1100 1100 75 46 0 75 52 0 75 42 0 75 44 0 14762 1210000 16940 606088 996250 603576
 5946.178825 29210 1100 1100 1100 1100 75 46 0 75 52 0 75 42 0 75 44 0 14762 1210000 16940 606088 996250 603576
 5946.378825 29211 1100 1100 1100 1100 75 46 0 75 52 0 75 42 0 75 44 0 14762 1210000 16940 605266 996250 602580
 5946.578825 29212 1100 1100 1100 1100 75 46 0 75 52 0 75 42 0 75 44 0 14762 1210000 16940 605814 996250 602580
 5946.778825 29213 1100 1100 1100 1100 75 46 0 75 52 0 75 42 0 75 44 0 15006 1210000 18150 605540 996250 602580
 5946.978825 29214 1100 1100 1100 1100 75 46 0 75 52 0 75 42 0 75 44 0 15006 1210000 18150 605540 996250 602580
 5947.178826 29215 1100 1100 1100 1100 75 46 0 75 52 0 75 42 0 75 44 0 14762 1210000 16940 604718 996250 601584
 5947.378826 29216 1100 1100 1100 1100 75 46 0 75 52 0 75 42 0 75 44 0 14762 1210000 16940 604444 996250 601584
 5947.578825 29217 1100 1100 1100 1100 75 46 0 75 52 0 75 42 0 75 44 0 14762 1210000 16940 605266 996250 602580
 5947.778807 29218 1100 1100 1100 1100 75 46 0 75 52 0 75 42 0 75 44 0 14762 1210000 16940 605266 996250 602580
 5947.978820 29219 1100 1100 1100 1100 75 46 0 75 52 0 75 42 0 75 44 0 15006 1210000 18150 606088 996250 603576
 5948.178825 29220 1100 1100 1100 1100 75 46 0 75 52 0 75 42 0 75 44 0 15006 1210000 18150 605540 996250 602580
 5948.378825 29221 1100 1100 1100 1100 75 46 0 75 52 0 75 42 0 75 44 0 14518 1210000 16940 607458 996250 604572
 5948.578802 29222 1100 1100 1100 1100 75 46 0 75 52 0 75 42 0 75 44 0 15006 1210000 18150 606088 996250 603576
 5948.778825 29223 1100 1100 1100 1100 75 46 0 75 52 0 75 42 0 75 44 0 15006 1210000 18150 606088 996250 603576
 5948.978821 29224 1100 1100 1100 1100 75 46 0 75 52 0 75 42 0 75 44 0 15006 1210000 18150 603896 996250 600588
 5949.178825 29225 1100 1100 1100 1100 75 46 0 75 52 0 75 42 0 75 44 0 14762 1210000 16940 604992 996250 601584
 5949.378825 29226 1100 1100 1100 1100 75 46 0 75 52 0 75 42 0 75 44 0 14762 1210000 16940 604170 996250 601584
 5949.578825 29227 1100 1100 1100 1100 75 46 0 75 52 0 75 42 0 75 44 0 14762 1210000 16940 604170 996250 601584
 5949.778824 29228 1100 1100 1100 1100 75 46 0 75 52 0 75 42 0 75 44 0 14762 1210000 16940 605266 996250 602580
 5949.978826 29229 1100 1100 1100 1100 75 46 0 75 52 0 75 42 0 75 44 0 15006 1210000 18150 607732 996250 604572
 5950.178823 29230 1100 1100 1100 1100 75 46 0 75 52 0 75 42 0 75 44 0 15006 1210000 18150 607184 996250 604572
 5950.378825 29231 1100 1100 1100 1100 75 46 0 75 52 0 75 42 0 75 44 0 15006 1210000 18150 607184 996250 604572
 5950.578825 29232 1100 1100 1100 1100 75 46 0 75 52 0 75 42 0 75 44 0 14762 1210000 16940 606910 996250 603576
 5950.778825 29233 1100 1100 1100 1100 75 46 0 75 52 0 75 42 0 75 44 0 15006 1210000 18150 606088 996250 603576
 5950.978826 29234 1100 1100 1100 1100 75 46 0 75 52 0 75 42 0 75 44 0 14762 1210000 16940 604992 996250 601584
 5951.178826 29235 1100 1100 1100 1100 75 46 0 75 52 0 75 42 0 75 44 0 14762 1210000 16940 604992 996250 601584
 5951.378822 29236 1100 1100 1100 1100 75 46 0 75 52 0 75 42 0 75 44 0 14762 1210000 16940 605540 996250 602580
 5951.578826 29237 1100 1100 1100 1100 75 46 0 75 52 0 75 42 0 75 44 0 15250 1210000 18150 604170 996250 601584
 5951.778825 29238 1100 1100 1100 1100 75 46 0 75 52 0 75 42 0 75 44 0 15006 1210000 18150 607184 996250 604572
 5951.978824 29239 1100 1100 1100 1100 75 46 0 75 52 0 75 42 0 75 44 0 15006 1210000 18150 607184 996250 604572
 5952.178842 29240 1100 1100 1100 1100 75 46 0 75 52 0 75 42 0 75 44 0 15006 1210000 18150 606636 996250 603576
 5952.378825 29241 1100 1100 1100 1100 75 46 0 75 52 0 75 42 0 75 44 0 15006 1210000 18150 604992 996250 601584
 5952.578826 29242 1100 1100 1100 1100 75 46 0 75 52 0 75 42 0 75 44 0 14762 1210000 16940 603622 996250 600588
 5952.778825 29243 1100 1100 1100 1100 75 46 0 75 52 0 75 42 0 75 44 0 14762 1210000 16940 603622 996250 600588
 5952.978820 29244 1100 1100 1100 1100 75 46 0 75 52 0 75 42 0 75 44 0 15006 1210000 18150 604170 996250 601584
 5953.178825 29245 1100 1100 1100 1100 75 46 0 75 52 0 75 42 0 75 44 0 14762 1210000 16940 603348 996250 600588
 5953.378825 29246 1100 1100 1100 1100 75 46 0 75 52 0 75 42 0 75 44 0 14762 1210000 16940 603348 996250 600588
 5953.578826 29247 1100 1100 1100 1100 75 46 0 75 52 0 75 42 0 75 44 0 14762 1210000 16940 603348 996250 600588
 5953.778821 29248 1100 1100 1100 1100 75 46 0 75 52 0 75 42 0 75 44 0 14762 1210000 16940 604718 996250 601584
 5953.978825 29249 1100 1100 1100 1100 75 46 0 75 52 0 75 42 0 75 44 0 14518 1210000 16940 605540 996250 602580
 5954.178824 29250 1100 1100 1100 1100 75 46 0 75 52 0 75 42 0 75 44 0 15006 1210000 18150 605266 996250 602580
 5954.378807 29251 1100 1100 1100 1100 75 46 0 75 52 0 75 42 0 75 44 0 15006 1210000 18150 605266 996250 602580
 5954.578825 29252 1100 1100 1100 1100 75 46 0 75 52 0 75 42 0 75 44 0 15006 1210000 18150 603622 996250 600588
 5954.778825 29253 1100 1100 1100 1100 75 46 0 75 52 0 75 42 0 75 44 0 14762 1210000 16940 604170 996250 601584
 5954.978825 29254 1100 1100 1100 1100 75 46 0 75 52 0 75 42 0 75 44 0 15006 1210000 18150 603622 996250 600588
 5955.178825 29255 1100 1100 1100 1100 75 46 0 75 52 0 75 42 0 75 44 0 14762 1210000 16940 603896 996250 600588
 5955.378854 29256 1100 1100 1100 1100 75 46 0 75 52 0 75 42 0 75 44 0 14762 1210000 16940 603896 996250 600588
 5955.578825 29257 1100 1100 1100 1100 75 46 0 75 52 0 75 42 0 75 44 0 15006 1210000 18150 605266 996250 602580
 5955.778825 29258 1100 1100 1100 1100 75 46 0 75 52 0 75 42 0 75 44 0 14762 1210000 16940 606636 996250 603576
 5955.978820 29259 1100 1100 1100 1100 75 46 0 75 52 0 75 42 0 75 44 0 15006 1210000 18150 604992 996250 601584
 5956.178821 29260 1100 1100 1100 1100 75 46 0 75 52 0 75 42 0 75 44 0 15006 1210000 18150 604992 996250 601584
 5956.378825 29261 1100 1100 1100 1100 75 46 0 75 52 0 75 42 0 75 44 0 14518 1210000 16940 606362 996250 603576
 5956.578842 29262 1100 1100 1100 1100 75 46 0 75 52 0 75 42 0 75 44 0 14762 1210000 16940 603622 996250 600588
 5956.778825 29263 1100 1100 1100 1100 75 46 0 75 52 0 75 42 0 75 44 0 14762 1210000 16940 604170 996250 601584
 5956.978825 29264 1100 1100 1100 1100 75 46 0 75 52 0 75 42 0 75 44 0 14762 1210000 16940 604170 996250 601584
 5957.178826 29265 1100 1100 1100 1100 75 46 0 75 52 0 75 42 0 75 44 0 15006 1210000 18150 605540 996250 602580
 5957.378826 29266 1100 1100 1100 1100 75 46 0 75 52 0 75 42 0 75 44 0 14762 1210000 16940 606910 996250 603576
 5957.578826 29267 1100 1100 1100 1100 75 46 0 75 52 0 75 42 0 75 44 0 15006 1210000 18150 606910 996250 603576
 5957.778827 29268 1100 1100 1100 1100 75 46 0 75 52 0 75 42 0 75 44 0 15006 1210000 18150 606910 996250 603576
 5957.978826 29269 1100 1100 1100 1100 75 46 0 75 52 0 75 42 0 75 44 0 14762 1210000 16940 605266 996250 602580
 5958.178826 29270 1100 1100 1100 1100 75 46 0 75 52 0 75 42 0 75 44 0 14762 1210000 16940 605266 996250 602580
 5958.378821 29271 1100 1100 1100 1100 75 46 0 75 52 0 75 42 0 75 44 0 14762 1210000 16940 606088 996250 603576
 5958.578823 29272 1100 1100 1100 1100 75 46 0 75 52 0 75 42 0 75 44 0 14762 1210000 16940 606088 996250 603576
 5958.778826 29273 1100 1100 1100 1100 75 46 0 75 52 0 75 42 0 75 44 0 14762 1210000 16940 604170 996250 601584
 5958.978826 29274 1100 1100 1100 1100 75 46 0 75 52 0 75 42 0 75 44 0 15006 1210000 18150 604718 996250 601584
 5959.178826 29275 1100 1100 1100 1100 75 46 0 75 52 0 75 42 0 75 44 0 14762 1210000 16940 607184 996250 604572
 5959.378828 29276 1100 1100 1100 1100 75 46 0 75 52 0 75 42 0 75 44 0 14762 1210000 16940 607184 996250 604572
 5959.578826 29277 1100 1100 1100 1100 75 46 0 75 52 0 75 42 0 75 44 0 15006 1210000 18150 606362 996250 603576
 5959.778764 29278 1100 1100 1100 1100 75 46 0 75 52 0 75 42 0 75 44 0 14762 1210000 16940 605814 996250 602580
 5959.978820 29279 1100 1100 1100 1100 75 46 0 75 52 0 75 42 0 75 44 0 14762 1210000 16940 607184 996250 604572
 5960.178826 29280 1100 1100 1100 1100 75 46 0 75 52 0 75 42 0 75 44 0 14762 1210000 16940 607184 996250 604572
 5960.378825 29281 1100 1100 1100 1100 75 46 0 75 52 0 75 42 0 75 44 0 15006 1210000 18150 626090 996250 623496
 5960.578826 29282 1100 1100 1100 1100 75 46 0 75 52 0 75 42 0 75 44 0 15006 1210000 18150 605540 996250 602580
 5960.778821 29283 1100 1100 1100 1100 75 46 0 75 52 0 75 42 0 75 44 0 14762 1210000 16940 605814 996250 602580
 5960.978756 29284 1100 1100 1100 1100 75 46 0 75 52 0 75 42 0 75 44 0 15006 1210000 18150 605814 996250 602580
 5961.178826 29285 1100 1100 1100 1100 75 46 0 75 52 0 75 42 0 75 44 0 15006 1210000 18150 605814 996250 602580
 5961.378826 29286 1100 1100 1100 1100 75 46 0 75 52 0 75 42 0 75 44 0 15006 1210000 18150 607458 996250 604572
 5961.578825 29287 1100 1100 1100 1100 75 46 0 75 52 0 75 42 0 75 44 0 15006 1210000 18150 605540 996250 602580
 5961.778825 29288 1100 1100 1100 1100 75 46 0 75 52 0 75 42 0 75 44 0 15006 1210000 18150 604170 996250 601584
 5961.978826 29289 1100 1100 1100 1100 75 46 0 75 52 0 75 42 0 75 44 0 15006 1210000 18150 604170 996250 601584
 5962.178826 29290 1100 1100 1100 1100 75 46 0 75 52 0 75 42 0 75 44 0 14762 1210000 16940 604444 996250 601584
 5962.378827 29291 1100 1100 1100 1100 75 46 0 75 52 0 75 42 0 75 44 0 14762 1210000 16940 602526 996250 599592
 5962.578826 29292 1100 1100 1100 1100 75 46 0 75 52 0 75 42 0 75 44 0 14762 1210000 16940 602800 996250 599592
 5962.778826 29293 1100 1100 1100 1100 75 46 0 75 52 0 75 42 0 75 44 0 14762 1210000 16940 602800 996250 599592
 5962.978826 29294 1100 1100 1100 1100 75 46 0 75 52 0 75 42 0 75 44 0 15006 1210000 18150 603622 996250 600588
 5963.178821 29295 1100 1100 1100 1100 75 46 0 75 52 0 75 42 0 75 44 0 14762 1210000 16940 604170 996250 601584
 5963.378825 29296 1100 1100 1100 1100 75 46 0 75 52 0 75 42 0 75 44 0 14762 1210000 16940 605540 996250 602580
 5963.578825 29297 1100 1100 1100 1100 75 46 0 75 52 0 75 42 0 75 44 0 14762 1210000 16940 605540 996250 602580
 5963.778827 29298 1100 1100 1100 1100 75 46 0 75 52 0 75 42 0 75 44 0 14762 1210000 16940 602800 996250 599592
 5963.978825 29299 1100 1100 1100 1100 75 46 0 75 52 0 75 42 0 75 44 0 15250 1210000 18150 601978 996250 598596
 5964.178826 29300 1100 1100 1100 1100 75 46 0 75 52 0 75 42 0 75 44 0 14762 1210000 16940 601704 996250 598596
 5964.378825 29301 1100 1100 1100 1100 75 46 0 75 52 0 75 42 0 75 44 0 14762 1210000 16940 601704 996250 598596
 5964.578825 29302 1100 1100 1100 1100 75 46 0 75 52 0 75 42 0 75 44 0 15006 1210000 18150 601978 996250 598596
 5964.778752 29303 1100 1100 1100 1100 75 46 0 75 52 0 75 42 0 75 44 0 14762 1210000 16940 601978 996250 598596
 5964.978780 29304 1100 1100 1100 1100 75 46 0 75 52 0 75 42 0 75 44 0 15006 1210000 18150 603074 996250 600588
 5965.178780 29305 1100 1100 1100 1100 75 46 0 75 52 0 75 42 0 75 44 0 15006 1210000 18150 603074 996250 600588
 5965.378779 29306 1100 1100 1100 1100 75 46 0 75 52 0 75 42 0 75 44 0 14762 1210000 16940 609102 996250 606564
 5965.578775 29307 1100 1100 1100 1100 75 46 0 75 52 0 75 42 0 75 44 0 14762 1210000 16940 603622 996250 600588
 5965.778780 29308 1100 1100 1100 1100 75 46 0 75 52 0 75 42 0 75 44 0 15006 1210000 18150 603074 996250 600588
 5965.978781 29309 1100 1100 1100 1100 75 46 0 75 52 0 75 42 0 75 44 0 15006 1210000 18150 603074 996250 600588
 5966.178780 29310 1100 1100 1100 1100 75 46 0 75 52 0 75 42 0 75 44 0 14762 1210000 16940 601978 996250 598596
 5966.378764 29311 1100 1100 1100 1100 75 46 0 75 52 0 75 42 0 75 44 0 15006 1210000 18150 603074 996250 600588
 5966.578834 29312 1100 1100 1100 1100 75 46 0 75 52 0 75 42 0 75 44 0 14762 1210000 16940 602800 996250 599592
 5966.778809 29313 1100 1100 1100 1100 75 46 0 75 52 0 75 42 0 75 44 0 14762 1210000 16940 602800 996250 599592
 5966.978809 29314 1100 1100 1100 1100 75 46 0 75 52 0 75 42 0 75 44 0 14762 1210000 16940 607184 996250 604572
 5967.178807 29315 1100 1100 1100 1100 75 46 0 75 52 0 75 42 0 75 44 0 14762 1210000 16940 606362 996250 603576
 5967.378808 29316 1100 1100 1100 1100 75 46 0 75 52 0 75 42 0 75 44 0 15006 1210000 18150 606910 996250 603576
 5967.578804 29317 1100 1100 1100 1100 75 46 0 75 52 0 75 42 0 75 44 0 14762 1210000 16940 606636 996250 603576
 5967.778808 29318 1100 1100 1100 1100 75 46 0 75 52 0 75 42 0 75 44 0 14762 1210000 16940 606636 996250 603576
 5967.978804 29319 1100 1100 1100 1100 75 46 0 75 52 0 75 42 0 75 44 0 15006 1210000 18150 606088 996250 603576
 5968.178809 29320 1100 1100 1100 1100 75 46 0 75 52 0 75 42 0 75 44 0 15006 1210000 18150 603896 996250 600588
 5968.378807 29321 1100 1100 1100 1100 75 46 0 75 52 0 75 42 0 75 44 0 15006 1210000 18150 604170 996250 601584
 5968.578809 29322 1100 1100 1100 1100 75 46 0 75 52 0 75 42 0 75 44 0 15006 1210000 18150 604170 996250 601584
 5968.778809 29323 1100 1100 1100 1100 75 46 0 75 52 0 75 42 0 75 44 0 14518 1210000 16940 604718 996250 601584
 5968.978808 29324 1100 1100 1100 1100 75 46 0 75 52 0 75 42 0 75 44 0 15006 1210000 18150 605266 996250 602580
 5969.178808 29325 1100 1100 1100 1100 75 46 0 75 52 0 75 42 0 75 44 0 14518 1210000 16940 606088 996250 603576
 5969.378808 29326 1100 1100 1100 1100 75 46 0 75 52 0 75 42 0 75 44 0 14518 1210000 16940 606088 996250 603576
 5969.578808 29327 1100 1100 1100 1100 75 46 0 75 52 0 75 42 0 75 44 0 14762 1210000 16940 611568 996250 608556
 5969.778782 29328 1100 1100 1100 1100 75 46 0 75 52 0 75 42 0 75 44 0 14518 1210000 16940 604170 996250 601584
 5969.978808 29329 1100 1100 1100 1100 75 46 0 75 52 0 75 42 0 75 44 0 15006 1210000 18150 606910 996250 603576
 5970.178808 29330 1100 1100 1100 1100 75 46 0 75 52 0 75 42 0 75 44 0 15006 1210000 18150 606910 996250 603576
 5970.378804 29331 1100 1100 1100 1100 75 46 0 75 52 0 75 42 0 75 44 0 14762 1210000 16940 603622 996250 600588
 5970.578809 29332 1100 1100 1100 1100 75 46 0 75 52 0 75 42 0 75 44 0 14762 1210000 16940 604444 996250 601584
 5970.778810 29333 1100 1100 1100 1100 75 46 0 75 52 0 75 42 0 75 44 0 14762 1210000 16940 606636 996250 603576
 5970.978809 29334 1100 1100 1100 1100 75 46 0 75 52 0 75 42 0 75 44 0 14762 1210000 16940 606636 996250 603576
 5971.178808 29335 1100 1100 1100 1100 75 46 0 75 52 0 75 42 0 75 44 0 14762 1210000 16940 607458 996250 604572
 5971.378808 29336 1100 1100 1100 1100 75 46 0 75 52 0 75 42 0 75 44 0 15006 1210000 18150 604170 996250 601584
 5971.578808 29337 1100 1100 1100 1100 75 46 0 75 52 0 75 42 0 75 44 0 14762 1210000 16940 601978 996250 598596
 5971.778809 29338 1100 1100 1100 1100 75 46 0 75 52 0 75 42 0 75 44 0 14762 1210000 16940 601978 996250 598596
 5971.978808 29339 1100 1100 1100 1100 75 46 0 75 52 0 75 42 0 75 44 0 14762 1210000 16940 602526 996250 599592
 5972.178808 29340 1100 1100 1100 1100 75 46 0 75 52 0 75 42 0 75 44 0 14762 1210000 16940 601704 996250 598596
 5972.378809 29341 1100 1100 1100 1100 75 46 0 75 52 0 75 42 0 75 44 0 14518 1210000 16940 602252 996250 599592
 5972.578808 29342 1100 1100 1100 1100 75 46 0 75 52 0 75 42 0 75 44 0 14518 1210000 16940 602252 996250 599592
 5972.778804 29343 1100 1100 1100 1100 75 46 0 75 52 0 75 42 0 75 44 0 14518 1210000 16940 603622 996250 600588
 5972.978809 29344 1100 1100 1100 1100 75 46 0 75 52 0 75 42 0 75 44 0 14762 1210000 16940 603622 996250 600588
 5973.178808 29345 1100 1100 1100 1100 75 46 0 75 52 0 75 42 0 75 44 0 14762 1210000 16940 603348 996250 600588
 5973.378808 29346 1100 1100 1100 1100 75 46 0 75 52 0 75 42 0 75 44 0 14762 1210000 16940 603348 996250 600588
 5973.578808 29347 1100 1100 1100 1100 75 46 0 75 52 0 75 42 0 75 44 0 15006 1210000 18150 601978 996250 598596
 5973.778808 29348 1100 1100 1100 1100 75 46 0 75 52 0 75 42 0 75 44 0 15006 1210000 18150 602252 996250 599592
 5973.978809 29349 1100 1100 1100 1100 75 46 0 75 52 0 75 42 0 75 44 0 14762 1210000 16940 602800 996250 599592
 5974.178809 29350 1100 1100 1100 1100 75 46 0 75 52 0 75 42 0 75 44 0 14762 1210000 16940 602526 996250 599592
 5974.378808 29351 1100 1100 1100 1100 75 46 0 75 52 0 75 42 0 75 44 0 14762 1210000 16940 602526 996250 599592
 5974.578826 29352 1100 1100 1100 1100 75 46 0 75 52 0 75 42 0 75 44 0 15006 1210000 18150 602800 996250 599592
 5974.778825 29353 1100 1100 1100 1100 75 46 0 75 52 0 75 42 0 75 44 0 14762 1210000 16940 603896 996250 600588
 5974.978821 29354 1100 1100 1100 1100 75 46 0 75 52 0 75 42 0 75 44 0 14762 1210000 16940 603348 996250 600588
 5975.178822 29355 1100 1100 1100 1100 75 46 0 75 52 0 75 42 0 75 44 0 14762 1210000 16940 603348 996250 600588
 5975.378826 29356 1100 1100 1100 1100 75 46 0 75 52 0 75 42 0 75 44 0 15006 1210000 18150 604444 996250 601584
 5975.578825 29357 1100 1100 1100 1100 75 46 0 75 52 0 75 42 0 75 44 0 14762 1210000 16940 603896 996250 600588
 5975.778825 29358 1100 1100 1100 1100 75 46 0 75 52 0 75 42 0 75 44 0 14762 1210000 16940 603896 996250 600588
 5975.978825 29359 1100 1100 1100 1100 75 46 0 75 52 0 75 42 0 75 44 0 14762 1210000 16940 603896 996250 600588
 5976.178825 29360 1100 1100 1100 1100 75 46 0 75 52 0 75 42 0 75 44 0 14762 1210000 16940 604718 996250 601584
 5976.378826 29361 1100 1100 1100 1100 75 46 0 75 52 0 75 42 0 75 44 0 14762 1210000 16940 608006 996250 605568
 5976.578825 29362 1100 1100 1100 1100 75 46 0 75 52 0 75 42 0 75 44 0 15006 1210000 18150 606362 996250 603576
 5976.778825 29363 1100 1100 1100 1100 75 46 0 75 52 0 75 42 0 75 44 0 15006 1210000 18150 606362 996250 603576
 5976.978826 29364 1100 1100 1100 1100 75 46 0 75 52 0 75 42 0 75 44 0 14762 1210000 16940 607184 996250 604572
 5977.178825 29365 1100 1100 1100 1100 75 46 0 75 52 0 75 42 0 75 44 0 14762 1210000 16940 605266 996250 602580
 5977.378820 29366 1100 1100 1100 1100 75 46 0 75 52 0 75 42 0 75 44 0 15006 1210000 18150 604444 996250 601584
 5977.578821 29367 1100 1100 1100 1100 75 46 0 75 52 0 75 42 0 75 44 0 15006 1210000 18150 604444 996250 601584
 5977.778827 29368 1100 1100 1100 1100 75 46 0 75 52 0 75 42 0 75 44 0 14762 1210000 16940 603622 996250 600588
 5977.978825 29369 1100 1100 1100 1100 75 46 0 75 52 0 75 42 0 75 44 0 15006 1210000 18150 604170 996250 601584
 5978.178828 29370 1100 1100 1100 1100 75 46 0 75 52 0 75 42 0 75 44 0 14762 1210000 16940 605266 996250 602580
 5978.378825 29371 1100 1100 1100 1100 75 46 0 75 52 0 75 42 0 75 44 0 14762 1210000 16940 605266 996250 602580
 5978.578812 29372 1100 1100 1100 1100 75 46 0 75 52 0 75 42 0 75 44 0 15006 1210000 18150 603622 996250 600588
 5978.778816 29373 1100 1100 1100 1100 75 46 0 75 52 0 75 42 0 75 44 0 15006 1210000 18150 357570 995000 355215
 5978.978816 29374 1100 1100 1100 1100 75 46 0 75 52 0 75 42 0 75 44 0 15006 1210000 18150 54800 995000 53730
 5979.178816 29375 1100 1100 1100 1100 74 46 0 74 52 0 74 42 0 74 44 0 15006 1210000 18150 54800 995000 53730
 5979.378817 29376 1100 1100 1100 1100 74 46 0 74 52 0 74 42 0 74 44 0 14762 1210000 16940 48224 995000 47760
 5979.578816 29377 1100 1100 1100 1100 74 46 0 74 52 0 74 42 0 74 44 0 14762 1210000 16940 48224 995000 47760
