 7824.669959 36978 900 900 900 900 72 46 0 72 52 0 72 42 0 72 44 0 14518 1210000 16940 39730 920000 35880
 7824.869933 36979 900 900 900 900 72 46 0 72 52 0 72 42 0 72 44 0 14274 1210000 16940 193170 921250 177753
 7825.069949 36980 900 900 900 900 71 46 0 71 52 0 71 42 0 71 44 0 14274 1210000 16940 53704 921250 48813
 7825.269933 36981 900 900 900 900 71 46 0 71 52 0 71 42 0 71 44 0 14274 1210000 16940 53704 921250 48813
 7825.469951 36982 900 900 900 900 71 46 0 71 52 0 71 42 0 71 44 0 14274 1210000 16940 41922 920000 37720
 7825.669989 36983 900 900 900 900 71 46 0 71 52 0 71 42 0 71 44 0 14274 1210000 16940 144672 921250 132624
 7825.869953 36984 900 900 900 900 71 46 0 71 52 0 71 42 0 71 44 0 14274 1208750 16912 486624 921250 447606
 7826.070040 36985 900 900 900 900 72 46 0 72 52 0 72 42 0 72 44 0 14274 1208750 16912 486624 921250 447606
 7826.270013 36986 900 900 900 900 72 46 0 72 52 0 72 42 0 72 44 0 14274 1208750 16912 570194 921250 524970
 7826.469999 36987 900 900 900 900 72 46 0 72 52 0 72 42 0 72 44 0 14518 1208750 16912 546356 921250 502866
 7826.669943 36988 900 900 900 900 72 46 0 72 52 0 72 42 0 72 44 0 14518 1210000 16940 506078 921250 466026
 7826.869939 36989 900 900 900 900 72 46 0 72 52 0 72 42 0 72 44 0 14518 1210000 16940 506078 921250 466026
 7827.069956 36990 900 900 900 900 72 46 0 72 52 0 72 42 0 72 44 0 14274 1208750 16912 461142 920000 424120
 7827.269939 36991 900 900 900 900 72 46 0 72 52 0 72 42 0 72 44 0 14274 1208750 16912 452374 920000 415840
 7827.469940 36992 900 900 900 900 72 46 0 72 52 0 72 42 0 72 44 0 14274 1208750 16912 451552 920000 414920
 7827.669942 36993 900 900 900 900 72 46 0 72 52 0 72 42 0 72 44 0 14274 1208750 16912 451552 920000 414920
 7827.869940 36994 900 900 900 900 73 46 0 73 52 0 73 42 0 73 44 0 14274 1210000 16940 452100 920000 415840
 7828.069954 36995 900 900 900 900 73 46 0 73 52 0 73 42 0 73 44 0 14518 1210000 16940 451278 920000 414920
 7828.269939 36996 900 900 900 900 73 46 0 73 52 0 73 42 0 73 44 0 14518 1208750 16912 451004 920000 414920
 7828.469940 36997 900 900 900 900 73 46 0 73 52 0 73 42 0 73 44 0 14518 1208750 16912 451004 920000 414920
 7828.669937 36998 900 900 900 900 73 46 0 73 52 0 73 42 0 73 44 0 13969 1208750 15704 451552 920000 414920
 7828.869939 36999 900 900 900 900 73 46 0 73 52 0 73 42 0 73 44 0 14274 1208750 16912 450730 920000 414000
 7829.069955 37000 900 900 900 900 73 46 0 73 52 0 73 42 0 73 44 0 14274 1208750 16912 451826 920000 414920
 7829.269940 37001 900 900 900 900 73 46 0 73 52 0 73 42 0 73 44 0 14274 1208750 16912 451826 920000 414920
 7829.469942 37002 900 900 900 900 73 46 0 73 52 0 73 42 0 73 44 0 13969 1208750 15704 458950 920000 421360
 7829.669942 37003 900 900 900 900 73 46 0 73 52 0 73 42 0 73 44 0 14518 1210000 16940 451004 920000 414920
 7829.869940 37004 900 900 900 900 73 46 0 73 52 0 73 42 0 73 44 0 14518 1208750 16912 452922 920000 415840
 7830.069931 37005 900 900 900 900 73 46 0 73 52 0 73 42 0 73 44 0 14274 1208750 16912 450730 920000 414000
 7830.269939 37006 900 900 900 900 73 46 0 73 52 0 73 42 0 73 44 0 14274 1208750 16912 450730 920000 414000
 7830.469941 37007 900 900 900 900 73 46 0 73 52 0 73 42 0 73 44 0 14274 1208750 16912 451004 920000 414920
 7830.669942 37008 900 900 900 900 73 46 0 73 52 0 73 42 0 73 44 0 14274 1208750 16912 451004 920000 414920
 7830.869932 37009 900 900 900 900 73 46 0 73 52 0 73 42 0 73 44 0 14274 1208750 16912 453470 920000 416760
 7831.069957 37010 900 900 900 900 73 46 0 73 52 0 73 42 0 73 44 0 14274 1208750 16912 453470 920000 416760
 7831.269940 37011 900 900 900 900 73 46 0 73 52 0 73 42 0 73 44 0 14274 1208750 16912 452374 920000 415840
 7831.469940 37012 900 900 900 900 73 46 0 73 52 0 73 42 0 73 44 0 14274 1208750 16912 452648 920000 415840
 7831.669939 37013 900 900 900 900 73 46 0 73 52 0 73 42 0 73 44 0 14518 1208750 16912 453744 920000 416760
 7831.869940 37014 900 900 900 900 73 46 0 73 52 0 73 42 0 73 44 0 14518 1208750 16912 453744 920000 416760
 7832.069954 37015 900 900 900 900 73 46 0 73 52 0 73 42 0 73 44 0 14518 1208750 16912 453744 920000 416760
 7832.269941 37016 900 900 900 900 73 46 0 73 52 0 73 42 0 73 44 0 14274 1208750 16912 453470 920000 416760
 7832.469942 37017 900 900 900 900 73 46 0 73 52 0 73 42 0 73 44 0 14274 1208750 16912 453196 920000 416760
 7832.669943 37018 900 900 900 900 73 46 0 73 52 0 73 42 0 73 44 0 14274 1208750 16912 453196 920000 416760
 7832.869940 37019 900 900 900 900 73 46 0 73 52 0 73 42 0 73 44 0 14274 1208750 16912 454292 920000 417680
 7833.069954 37020 900 900 900 900 73 46 0 73 52 0 73 42 0 73 44 0 13969 1208750 15704 455114 920000 418600
 7833.269933 37021 900 900 900 900 73 46 0 73 52 0 73 42 0 73 44 0 14274 1210000 16940 454292 920000 417680
 7833.469940 37022 900 900 900 900 73 46 0 73 52 0 73 42 0 73 44 0 14274 1210000 16940 454292 920000 417680
 7833.669942 37023 900 900 900 900 73 46 0 73 52 0 73 42 0 73 44 0 14518 1208750 16912 454018 920000 417680
 7833.869940 37024 900 900 900 900 73 46 0 73 52 0 73 42 0 73 44 0 14518 1210000 16940 453470 920000 416760
 7834.069955 37025 900 900 900 900 73 46 0 73 52 0 73 42 0 73 44 0 14274 1208750 16912 451826 920000 414920
 7834.269941 37026 900 900 900 900 73 46 0 73 52 0 73 42 0 73 44 0 14274 1208750 16912 451826 920000 414920
 7834.469939 37027 900 900 900 900 73 46 0 73 52 0 73 42 0 73 44 0 13969 1208750 15704 452100 920000 415840
 7834.669942 37028 900 900 900 900 73 46 0 73 52 0 73 42 0 73 44 0 14518 1208750 16912 451552 920000 414920
 7834.869940 37029 900 900 900 900 73 46 0 73 52 0 73 42 0 73 44 0 14274 1208750 16912 456758 920000 419520
 7835.069954 37030 900 900 900 900 73 46 0 73 52 0 73 42 0 73 44 0 14274 1208750 16912 456758 920000 419520
 7835.269939 37031 900 900 900 900 73 46 0 73 52 0 73 42 0 73 44 0 14518 1210000 16940 453470 920000 416760
 7835.469942 37032 900 900 900 900 73 46 0 73 52 0 73 42 0 73 44 0 14274 1208750 16912 452648 920000 415840
 7835.669937 37033 900 900 900 900 73 46 0 73 52 0 73 42 0 73 44 0 14518 1208750 16912 453470 920000 416760
 7835.869921 37034 900 900 900 900 73 46 0 73 52 0 73 42 0 73 44 0 14518 1208750 16912 453470 920000 416760
 7836.069954 37035 900 900 900 900 73 46 0 73 52 0 73 42 0 73 44 0 14274 1208750 16912 451826 920000 414920
 7836.269940 37036 900 900 900 900 73 46 0 73 52 0 73 42 0 73 44 0 14274 1208750 16912 452100 920000 415840
 7836.469940 37037 900 900 900 900 73 46 0 73 52 0 73 42 0 73 44 0 14518 1208750 16912 451826 920000 414920
 7836.669916 37038 900 900 900 900 73 46 0 73 52 0 73 42 0 73 44 0 14274 1208750 16912 453470 920000 416760
 7836.869939 37039 900 900 900 900 73 46 0 73 52 0 73 42 0 73 44 0 14274 1208750 16912 453470 920000 416760
 7837.069954 37040 900 900 900 900 73 46 0 73 52 0 73 42 0 73 44 0 14274 1210000 16940 452922 920000 415840
 7837.269939 37041 900 900 900 900 73 46 0 73 52 0 73 42 0 73 44 0 14518 1210000 16940 453196 920000 416760
 7837.469939 37042 900 900 900 900 73 46 0 73 52 0 73 42 0 73 44 0 14518 1208750 16912 453196 920000 416760
 7837.669942 37043 900 900 900 900 73 46 0 73 52 0 73 42 0 73 44 0 14518 1208750 16912 453196 920000 416760
 7837.869940 37044 900 900 900 900 73 46 0 73 52 0 73 42 0 73 44 0 14274 1208750 16912 452374 920000 415840
 7838.069948 37045 900 900 900 900 73 46 0 73 52 0 73 42 0 73 44 0 14274 1208750 16912 451552 920000 414920
 7838.269940 37046 900 900 900 900 73 46 0 73 52 0 73 42 0 73 44 0 14274 1210000 16940 451552 920000 414920
 7838.469942 37047 900 900 900 900 73 46 0 73 52 0 73 42 0 73 44 0 14274 1210000 16940 451552 920000 414920
 7838.669942 37048 900 900 900 900 73 46 0 73 52 0 73 42 0 73 44 0 14518 1210000 16940 453470 920000 416760
 7838.869941 37049 900 900 900 900 73 46 0 73 52 0 73 42 0 73 44 0 14518 1210000 16940 451552 920000 414920
 7839.069955 37050 900 900 900 900 73 46 0 73 52 0 73 42 0 73 44 0 14518 1208750 16912 451552 920000 414920
 7839.269941 37051 900 900 900 900 73 46 0 73 52 0 73 42 0 73 44 0 14518 1208750 16912 451552 920000 414920
 7839.469940 37052 900 900 900 900 73 46 0 73 52 0 73 42 0 73 44 0 14518 1208750 16912 451278 920000 414920
 7839.669941 37053 900 900 900 900 73 46 0 73 52 0 73 42 0 73 44 0 14274 1208750 16912 450182 920000 414000
 7839.869940 37054 900 900 900 900 73 46 0 73 52 0 73 42 0 73 44 0 14518 1210000 16940 451004 920000 414920
 7840.069955 37055 900 900 900 900 73 46 0 73 52 0 73 42 0 73 44 0 14518 1210000 16940 451004 920000 414920
 7840.269939 37056 900 900 900 900 73 46 0 73 52 0 73 42 0 73 44 0 14274 1210000 16940 450730 920000 414000
 7840.469935 37057 900 900 900 900 73 46 0 73 52 0 73 42 0 73 44 0 14274 1210000 16940 451004 920000 414920
 7840.669943 37058 900 900 900 900 73 46 0 73 52 0 73 42 0 73 44 0 14274 1210000 16940 451278 920000 414920
 7840.869940 37059 900 900 900 900 73 46 0 73 52 0 73 42 0 73 44 0 14274 1210000 16940 451278 920000 414920
 7841.069955 37060 900 900 900 900 73 46 0 73 52 0 73 42 0 73 44 0 14518 1208750 16912 453470 920000 416760
 7841.269941 37061 900 900 900 900 73 46 0 73 52 0 73 42 0 73 44 0 14274 1210000 16940 455114 920000 418600
 7841.469943 37062 900 900 900 900 73 46 0 73 52 0 73 42 0 73 44 0 14518 1210000 16940 452922 920000 415840
 7841.669942 37063 900 900 900 900 73 46 0 73 52 0 73 42 0 73 44 0 14518 1210000 16940 452922 920000 415840
 7841.869941 37064 900 900 900 900 73 46 0 73 52 0 73 42 0 73 44 0 14274 1210000 16940 454018 920000 417680
 7842.069954 37065 900 900 900 900 73 46 0 73 52 0 73 42 0 73 44 0 14518 1210000 16940 454292 920000 417680
 7842.269940 37066 900 900 900 900 73 46 0 73 52 0 73 42 0 73 44 0 14518 1210000 16940 453470 920000 416760
 7842.469922 37067 900 900 900 900 73 46 0 73 52 0 73 42 0 73 44 0 14518 1210000 16940 453470 920000 416760
 7842.669942 37068 900 900 900 900 73 46 0 73 52 0 73 42 0 73 44 0 14274 1208750 16912 454018 920000 417680
 7842.869935 37069 900 900 900 900 73 46 0 73 52 0 73 42 0 73 44 0 14274 1210000 16940 454566 920000 417680
 7843.069956 37070 900 900 900 900 73 46 0 73 52 0 73 42 0 73 44 0 14518 1208750 16912 453470 920000 416760
 7843.269940 37071 900 900 900 900 73 46 0 73 52 0 73 42 0 73 44 0 14518 1208750 16912 452648 920000 415840
 7843.469941 37072 900 900 900 900 73 46 0 73 52 0 73 42 0 73 44 0 14518 1208750 16912 452648 920000 415840
 7843.669940 37073 900 900 900 900 73 46 0 73 52 0 73 42 0 73 44 0 14274 1210000 16940 451826 920000 414920
 7843.869940 37074 900 900 900 900 73 46 0 73 52 0 73 42 0 73 44 0 14274 1210000 16940 452922 920000 415840
 7844.069955 37075 900 900 900 900 73 46 0 73 52 0 73 42 0 73 44 0 14518 1208750 16912 453196 920000 416760
 7844.269939 37076 900 900 900 900 73 46 0 73 52 0 73 42 0 73 44 0 14518 1208750 16912 453196 920000 416760
 7844.469944 37077 900 900 900 900 73 46 0 73 52 0 73 42 0 73 44 0 14274 1210000 16940 454018 920000 417680
 7844.669938 37078 900 900 900 900 73 46 0 73 52 0 73 42 0 73 44 0 14274 1210000 16940 455662 920000 418600
 7844.869940 37079 900 900 900 900 73 46 0 73 52 0 73 42 0 73 44 0 14518 1210000 16940 453470 920000 416760
 7845.069956 37080 900 900 900 900 73 46 0 73 52 0 73 42 0 73 44 0 14518 1210000 16940 453470 920000 416760
 7845.269934 37081 900 900 900 900 73 46 0 73 52 0 73 42 0 73 44 0 14274 1210000 16940 452922 920000 415840
 7845.469940 37082 900 900 900 900 73 46 0 73 52 0 73 42 0 73 44 0 14518 1210000 16940 452648 920000 415840
 7845.669942 37083 900 900 900 900 73 46 0 73 52 0 73 42 0 73 44 0 14274 1210000 16940 451552 920000 414920
 7845.869940 37084 900 900 900 900 73 46 0 73 52 0 73 42 0 73 44 0 14274 1210000 16940 451552 920000 414920
 7846.069955 37085 900 900 900 900 73 46 0 73 52 0 73 42 0 73 44 0 14274 1208750 16912 452100 920000 415840
 7846.269940 37086 900 900 900 900 73 46 0 73 52 0 73 42 0 73 44 0 14518 1208750 16912 453744 920000 416760
 7846.469940 37087 900 900 900 900 73 46 0 73 52 0 73 42 0 73 44 0 14274 1210000 16940 452922 920000 415840
 7846.669940 37088 900 900 900 900 73 46 0 73 52 0 73 42 0 73 44 0 14274 1210000 16940 452922 920000 415840
 7846.869940 37089 900 900 900 900 73 46 0 73 52 0 73 42 0 73 44 0 14518 1210000 16940 453196 920000 416760
 7847.069954 37090 900 900 900 900 73 46 0 73 52 0 73 42 0 73 44 0 14274 1210000 16940 453196 920000 416760
 7847.269940 37091 900 900 900 900 73 46 0 73 52 0 73 42 0 73 44 0 14518 1210000 16940 452922 920000 415840
 7847.469942 37092 900 900 900 900 73 46 0 73 52 0 73 42 0 73 44 0 14518 1210000 16940 452922 920000 415840
 7847.669935 37093 900 900 900 900 73 46 0 73 52 0 73 42 0 73 44 0 14518 1208750 16912 451278 920000 414920
 7847.869941 37094 900 900 900 900 73 46 0 73 52 0 73 42 0 73 44 0 13969 1210000 15730 451826 920000 414920
 7848.069955 37095 900 900 900 900 73 46 0 73 52 0 73 42 0 73 44 0 14518 1210000 16940 452374 920000 415840
 7848.269941 37096 900 900 900 900 73 46 0 73 52 0 73 42 0 73 44 0 14518 1210000 16940 452374 920000 415840
 7848.469941 37097 900 900 900 900 73 46 0 73 52 0 73 42 0 73 44 0 14518 1210000 16940 452100 920000 415840
 7848.669941 37098 900 900 900 900 73 46 0 73 52 0 73 42 0 73 44 0 14274 1210000 16940 451552 920000 414920
 7848.869941 37099 900 900 900 900 73 46 0 73 52 0 73 42 0 73 44 0 14518 1210000 16940 451552 920000 414920
 7849.069931 37100 900 900 900 900 73 46 0 73 52 0 73 42 0 73 44 0 14518 1210000 16940 451004 920000 414920
 7849.269940 37101 900 900 900 900 73 46 0 73 52 0 73 42 0 73 44 0 14518 1210000 16940 451004 920000 414920
 7849.469941 37102 900 900 900 900 73 46 0 73 52 0 73 42 0 73 44 0 14518 1210000 16940 450456 920000 414000
 7849.669941 37103 900 900 900 900 73 46 0 73 52 0 73 42 0 73 44 0 14274 1210000 16940 450730 920000 414000
 7849.869934 37104 900 900 900 900 73 46 0 73 52 0 73 42 0 73 44 0 14518 1208750 16912 467718 920000 429640
 7850.069956 37105 900 900 900 900 73 46 0 73 52 0 73 42 0 73 44 0 14518 1208750 16912 467718 920000 429640
 7850.269941 37106 900 900 900 900 73 46 0 73 52 0 73 42 0 73 44 0 14518 1210000 16940 452922 920000 415840
 7850.469943 37107 900 900 900 900 73 46 0 73 52 0 73 42 0 73 44 0 14274 1210000 16940 452648 920000 415840
 7850.669941 37108 900 900 900 900 73 46 0 73 52 0 73 42 0 73 44 0 14518 1210000 16940 453470 920000 416760
 7850.869943 37109 900 900 900 900 73 46 0 73 52 0 73 42 0 73 44 0 14518 1210000 16940 453470 920000 416760
 7851.069956 37110 900 900 900 900 73 46 0 73 52 0 73 42 0 73 44 0 14518 1210000 16940 454840 920000 417680
 7851.269940 37111 900 900 900 900 73 46 0 73 52 0 73 42 0 73 44 0 14274 1208750 16912 452922 920000 415840
 7851.469942 37112 900 900 900 900 73 46 0 73 52 0 73 42 0 73 44 0 14518 1210000 16940 452648 920000 415840
 7851.669941 37113 900 900 900 900 73 46 0 73 52 0 73 42 0 73 44 0 14518 1210000 16940 452648 920000 415840
 7851.869941 37114 900 900 900 900 73 46 0 73 52 0 73 42 0 73 44 0 14518 1208750 16912 452648 920000 415840
 7852.069954 37115 900 900 900 900 73 46 0 73 52 0 73 42 0 73 44 0 14274 1210000 16940 454840 920000 417680
 7852.269935 37116 900 900 900 900 73 46 0 73 52 0 73 42 0 73 44 0 14274 1208750 16912 454292 920000 417680
 7852.469941 37117 900 900 900 900 73 46 0 73 52 0 73 42 0 73 44 0 14274 1208750 16912 454292 920000 417680
 7852.669941 37118 900 900 900 900 73 46 0 73 52 0 73 42 0 73 44 0 14274 1210000 16940 455388 920000 418600
 7852.869941 37119 900 900 900 900 73 46 0 73 52 0 73 42 0 73 44 0 14518 1208750 16912 453470 920000 416760
 7853.069955 37120 900 900 900 900 73 46 0 73 52 0 73 42 0 73 44 0 14274 1210000 16940 452922 920000 415840
 7853.269941 37121 900 900 900 900 73 46 0 73 52 0 73 42 0 73 44 0 14274 1210000 16940 452922 920000 415840
 7853.469942 37122 900 900 900 900 73 46 0 73 52 0 73 42 0 73 44 0 14274 1210000 16940 453470 920000 416760
 7853.669941 37123 900 900 900 900 73 46 0 73 52 0 73 42 0 73 44 0 14274 1210000 16940 452648 920000 415840
 7853.869941 37124 900 900 900 900 73 46 0 73 52 0 73 42 0 73 44 0 13969 1208750 15704 454566 920000 417680
 7854.069956 37125 900 900 900 900 73 46 0 73 52 0 73 42 0 73 44 0 13969 1208750 15704 454566 920000 417680
 7854.269941 37126 900 900 900 900 73 46 0 73 52 0 73 42 0 73 44 0 14274 1210000 16940 453196 920000 416760
 7854.469941 37127 900 900 900 900 73 46 0 73 52 0 73 42 0 73 44 0 14274 1210000 16940 453470 920000 416760
 7854.669935 37128 900 900 900 900 73 46 0 73 52 0 73 42 0 73 44 0 14274 1210000 16940 452100 920000 415840
 7854.869923 37129 900 900 900 900 73 46 0 73 52 0 73 42 0 73 44 0 14274 1210000 16940 452100 920000 415840
 7855.069956 37130 900 900 900 900 73 46 0 73 52 0 73 42 0 73 44 0 14274 1210000 16940 452374 920000 415840
 7855.269941 37131 900 900 900 900 73 46 0 73 52 0 73 42 0 73 44 0 14518 1210000 16940 450730 920000 414000
 7855.469941 37132 900 900 900 900 73 46 0 73 52 0 73 42 0 73 44 0 14518 1210000 16940 450456 920000 414000
 7855.669917 37133 900 900 900 900 73 46 0 73 52 0 73 42 0 73 44 0 14274 1210000 16940 452648 920000 415840
 7855.869939 37134 900 900 900 900 73 46 0 73 52 0 73 42 0 73 44 0 14274 1210000 16940 452648 920000 415840
 7856.069939 37135 900 900 900 900 73 46 0 73 52 0 73 42 0 73 44 0 14274 1210000 16940 452374 920000 415840
 7856.269941 37136 900 900 900 900 73 46 0 73 52 0 73 42 0 73 44 0 14274 1210000 16940 452648 920000 415840
 7856.469942 37137 900 900 900 900 73 46 0 73 52 0 73 42 0 73 44 0 14274 1210000 16940 454018 920000 417680
 7856.669940 37138 900 900 900 900 73 46 0 73 52 0 73 42 0 73 44 0 14274 1210000 16940 454018 920000 417680
 7856.869941 37139 900 900 900 900 73 46 0 73 52 0 73 42 0 73 44 0 14274 1208750 16912 451552 920000 414920
 7857.069948 37140 900 900 900 900 73 46 0 73 52 0 73 42 0 73 44 0 14274 1210000 16940 452100 920000 415840
 7857.269939 37141 900 900 900 900 73 46 0 73 52 0 73 42 0 73 44 0 14518 1210000 16940 451552 920000 414920
 7857.469917 37142 900 900 900 900 73 46 0 73 52 0 73 42 0 73 44 0 14518 1210000 16940 451552 920000 414920
 7857.669917 37143 900 900 900 900 73 46 0 73 52 0 73 42 0 73 44 0 14274 1210000 16940 452374 920000 415840
 7857.869916 37144 900 900 900 900 73 46 0 73 52 0 73 42 0 73 44 0 14274 1210000 16940 452374 920000 415840
 7858.069933 37145 900 900 900 900 73 46 0 73 52 0 73 42 0 73 44 0 14274 1210000 16940 452648 920000 415840
 7858.269918 37146 900 900 900 900 73 46 0 73 52 0 73 42 0 73 44 0 14274 1210000 16940 452648 920000 415840
 7858.469918 37147 900 900 900 900 73 46 0 73 52 0 73 42 0 73 44 0 14274 1210000 16940 452100 920000 415840
 7858.669917 37148 900 900 900 900 73 46 0 73 52 0 73 42 0 73 44 0 13969 1210000 15730 450730 920000 414000
 7858.869917 37149 900 900 900 900 73 46 0 73 52 0 73 42 0 73 44 0 14274 1210000 16940 452100 920000 415840
 7859.069931 37150 900 900 900 900 73 46 0 73 52 0 73 42 0 73 44 0 14274 1210000 16940 452100 920000 415840
 7859.269916 37151 900 900 900 900 73 46 0 73 52 0 73 42 0 73 44 0 14518 1210000 16940 451004 920000 414920
 7859.469913 37152 900 900 900 900 73 46 0 73 52 0 73 42 0 73 44 0 14274 1210000 16940 451552 920000 414920
 7859.669917 37153 900 900 900 900 73 46 0 73 52 0 73 42 0 73 44 0 14274 1210000 16940 453196 920000 416760
 7859.869862 37154 900 900 900 900 73 46 0 73 52 0 73 42 0 73 44 0 14274 1210000 16940 453196 920000 416760
 7860.069878 37155 900 900 900 900 73 46 0 73 52 0 73 42 0 73 44 0 14274 1210000 16940 459498 920000 422280
 7860.269864 37156 900 900 900 900 73 46 0 73 52 0 73 42 0 73 44 0 14274 1208750 16912 453470 920000 416760
 7860.469955 37157 900 900 900 900 73 46 0 73 52 0 73 42 0 73 44 0 14274 1210000 16940 451552 920000 414920
 7860.669925 37158 900 900 900 900 73 46 0 73 52 0 73 42 0 73 44 0 14274 1210000 16940 451552 920000 414920
 7860.869922 37159 900 900 900 900 73 46 0 73 52 0 73 42 0 73 44 0 14274 1210000 16940 452374 920000 415840
 7861.069938 37160 900 900 900 900 73 46 0 73 52 0 73 42 0 73 44 0 14274 1208750 16912 452100 920000 415840
 7861.269922 37161 900 900 900 900 73 46 0 73 52 0 73 42 0 73 44 0 14274 1210000 16940 452374 920000 415840
 7861.469922 37162 900 900 900 900 73 46 0 73 52 0 73 42 0 73 44 0 14274 1210000 16940 452374 920000 415840
 7861.669925 37163 900 900 900 900 73 46 0 73 52 0 73 42 0 73 44 0 14518 1210000 16940 453470 920000 416760
 7861.869915 37164 900 900 900 900 73 46 0 73 52 0 73 42 0 73 44 0 14274 1210000 16940 452922 920000 415840
 7862.069935 37165 900 900 900 900 73 46 0 73 52 0 73 42 0 73 44 0 14274 1210000 16940 453470 920000 416760
 7862.269923 37166 900 900 900 900 73 46 0 73 52 0 73 42 0 73 44 0 14518 1210000 16940 453744 920000 416760
 7862.469925 37167 900 900 900 900 73 46 0 73 52 0 73 42 0 73 44 0 14518 1210000 16940 453744 920000 416760
 7862.669925 37168 900 900 900 900 73 46 0 73 52 0 73 42 0 73 44 0 14518 1210000 16940 452648 920000 415840
 7862.869922 37169 900 900 900 900 73 46 0 73 52 0 73 42 0 73 44 0 14274 1210000 16940 453744 920000 416760
 7863.069936 37170 900 900 900 900 73 46 0 73 52 0 73 42 0 73 44 0 14518 1210000 16940 452374 920000 415840
 7863.269922 37171 900 900 900 900 73 46 0 73 52 0 73 42 0 73 44 0 14518 1210000 16940 452374 920000 415840
 7863.469922 37172 900 900 900 900 73 46 0 73 52 0 73 42 0 73 44 0 14274 1210000 16940 453744 920000 416760
 7863.669943 37173 900 900 900 900 73 46 0 73 52 0 73 42 0 73 44 0 14274 1210000 16940 452922 920000 415840
 7863.869941 37174 900 900 900 900 73 46 0 73 52 0 73 42 0 73 44 0 14274 1210000 16940 453470 920000 416760
 7864.069956 37175 900 900 900 900 73 46 0 73 52 0 73 42 0 73 44 0 14274 1210000 16940 453470 920000 416760
 7864.269935 37176 900 900 900 900 73 46 0 73 52 0 73 42 0 73 44 0 14274 1210000 16940 452648 920000 415840
 7864.469940 37177 900 900 900 900 73 46 0 73 52 0 73 42 0 73 44 0 14274 1210000 16940 452374 920000 415840
 7864.669942 37178 900 900 900 900 73 46 0 73 52 0 73 42 0 73 44 0 14518 1210000 16940 451552 920000 414920
 7864.869940 37179 900 900 900 900 73 46 0 73 52 0 73 42 0 73 44 0 14518 1210000 16940 451552 920000 414920
 7865.069956 37180 900 900 900 900 73 46 0 73 52 0 73 42 0 73 44 0 14274 1210000 16940 450730 920000 414000
 7865.269940 37181 900 900 900 900 73 46 0 73 52 0 73 42 0 73 44 0 13969 1210000 15730 455936 920000 418600
 7865.469943 37182 900 900 900 900 73 46 0 73 52 0 73 42 0 73 44 0 14274 1210000 16940 452922 920000 415840
 7865.669942 37183 900 900 900 900 73 46 0 73 52 0 73 42 0 73 44 0 14274 1210000 16940 452922 920000 415840
 7865.869941 37184 900 900 900 900 73 46 0 73 52 0 73 42 0 73 44 0 14518 1210000 16940 453196 920000 416760
 7866.069956 37185 900 900 900 900 73 46 0 73 52 0 73 42 0 73 44 0 14274 1210000 16940 453470 920000 416760
 7866.269941 37186 900 900 900 900 73 46 0 73 52 0 73 42 0 73 44 0 14274 1210000 16940 451278 920000 414920
 7866.469941 37187 900 900 900 900 73 46 0 73 52 0 73 42 0 73 44 0 14274 1210000 16940 451278 920000 414920
 7866.669937 37188 900 900 900 900 73 46 0 73 52 0 73 42 0 73 44 0 14274 1210000 16940 450730 920000 414000
 7866.869941 37189 900 900 900 900 73 46 0 73 52 0 73 42 0 73 44 0 13969 1210000 15730 451004 920000 414920
 7867.069954 37190 900 900 900 900 73 46 0 73 52 0 73 42 0 73 44 0 14274 1210000 16940 450730 920000 414000
 7867.269941 37191 900 900 900 900 73 46 0 73 52 0 73 42 0 73 44 0 14274 1210000 16940 450730 920000 414000
 7867.469941 37192 900 900 900 900 73 46 0 73 52 0 73 42 0 73 44 0 14518 1210000 16940 451278 920000 414920
 7867.669942 37193 900 900 900 900 73 46 0 73 52 0 73 42 0 73 44 0 14518 1210000 16940 451004 920000 414920
 7867.869941 37194 900 900 900 900 73 46 0 73 52 0 73 42 0 73 44 0 14518 1210000 16940 451552 920000 414920
 7868.069930 37195 900 900 900 900 73 46 0 73 52 0 73 42 0 73 44 0 14274 1208750 16912 449908 920000 413080
 7868.269940 37196 900 900 900 900 73 46 0 73 52 0 73 42 0 73 44 0 14274 1208750 16912 449908 920000 413080
 7868.469943 37197 900 900 900 900 73 46 0 73 52 0 73 42 0 73 44 0 14274 1210000 16940 450182 920000 414000
 7868.669943 37198 900 900 900 900 73 46 0 73 52 0 73 42 0 73 44 0 14518 1210000 16940 450730 920000 414000
 7868.869934 37199 900 900 900 900 73 46 0 73 52 0 73 42 0 73 44 0 14274 1210000 16940 451826 920000 414920
 7869.069956 37200 900 900 900 900 73 46 0 73 52 0 73 42 0 73 44 0 14274 1210000 16940 451826 920000 414920
 7869.269940 37201 900 900 900 900 73 46 0 73 52 0 73 42 0 73 44 0 14274 1210000 16940 452648 920000 415840
 7869.469941 37202 900 900 900 900 73 46 0 73 52 0 73 42 0 73 44 0 14518 1210000 16940 453196 920000 416760
 7869.669940 37203 900 900 900 900 73 46 0 73 52 0 73 42 0 73 44 0 14518 1210000 16940 453744 920000 416760
 7869.869940 37204 900 900 900 900 73 46 0 73 52 0 73 42 0 73 44 0 14518 1210000 16940 453744 920000 416760
 7870.069956 37205 900 900 900 900 73 46 0 73 52 0 73 42 0 73 44 0 14518 1210000 16940 451552 920000 414920
 7870.269941 37206 900 900 900 900 73 46 0 73 52 0 73 42 0 73 44 0 14274 1210000 16940 452922 920000 415840
 7870.469940 37207 900 900 900 900 73 46 0 73 52 0 73 42 0 73 44 0 14274 1210000 16940 452648 920000 415840
 7870.669942 37208 900 900 900 900 73 46 0 73 52 0 73 42 0 73 44 0 14274 1210000 16940 452648 920000 415840
 7870.869941 37209 900 900 900 900 73 46 0 73 52 0 73 42 0 73 44 0 14274 1210000 16940 453196 920000 416760
 7871.069954 37210 900 900 900 900 73 46 0 73 52 0 73 42 0 73 44 0 14274 1210000 16940 454018 920000 417680
 7871.269936 37211 900 900 900 900 73 46 0 73 52 0 73 42 0 73 44 0 14518 1210000 16940 454018 920000 417680
 7871.469943 37212 900 900 900 900 73 46 0 73 52 0 73 42 0 73 44 0 14518 1210000 16940 454018 920000 417680
 7871.669941 37213 900 900 900 900 73 46 0 73 52 0 73 42 0 73 44 0 14274 1208750 16912 455114 920000 418600
 7871.869941 37214 900 900 900 900 73 46 0 73 52 0 73 42 0 73 44 0 14274 1210000 16940 452374 920000 415840
 7872.069956 37215 900 900 900 900 73 46 0 73 52 0 73 42 0 73 44 0 14274 1210000 16940 452374 920000 415840
 7872.269939 37216 900 900 900 900 73 46 0 73 52 0 73 42 0 73 44 0 14274 1210000 16940 452374 920000 415840
 7872.469941 37217 900 900 900 900 73 46 0 73 52 0 73 42 0 73 44 0 14274 1210000 16940 451826 920000 414920
 7872.669942 37218 900 900 900 900 73 46 0 73 52 0 73 42 0 73 44 0 14274 1210000 16940 450730 920000 414000
 7872.869941 37219 900 900 900 900 73 46 0 73 52 0 73 42 0 73 44 0 14274 1208750 16912 452100 920000 415840
 7873.069956 37220 900 900 900 900 73 46 0 73 52 0 73 42 0 73 44 0 14274 1208750 16912 452100 920000 415840
 7873.269943 37221 900 900 900 900 73 46 0 73 52 0 73 42 0 73 44 0 14274 1210000 16940 452922 920000 415840
 7873.469939 37222 900 900 900 900 73 46 0 73 52 0 73 42 0 73 44 0 14274 1210000 16940 452922 920000 415840
 7873.669937 37223 900 900 900 900 73 46 0 73 52 0 73 42 0 73 44 0 14274 1208750 16912 453196 920000 416760
 7873.869923 37224 900 900 900 900 73 46 0 73 52 0 73 42 0 73 44 0 14274 1208750 16912 453196 920000 416760
 7874.069956 37225 900 900 900 900 73 46 0 73 52 0 73 42 0 73 44 0 14518 1210000 16940 451552 920000 414920
 7874.269939 37226 900 900 900 900 73 46 0 73 52 0 73 42 0 73 44 0 14274 1208750 16912 450456 920000 414000
 7874.469941 37227 900 900 900 900 73 46 0 73 52 0 73 42 0 73 44 0 14274 1208750 16912 450456 920000 414000
 7874.669916 37228 900 900 900 900 73 46 0 73 52 0 73 42 0 73 44 0 14274 1210000 16940 452374 920000 415840
 7874.869939 37229 900 900 900 900 73 46 0 73 52 0 73 42 0 73 44 0 14274 1210000 16940 452374 920000 415840
 7875.069955 37230 900 900 900 900 73 46 0 73 52 0 73 42 0 73 44 0 14274 1208750 16912 452648 920000 415840
 7875.269941 37231 900 900 900 900 73 46 0 73 52 0 73 42 0 73 44 0 14274 1208750 16912 451004 920000 414920
 7875.469940 37232 900 900 900 900 73 46 0 73 52 0 73 42 0 73 44 0 14274 1208750 16912 451278 920000 414920
 7875.669943 37233 900 900 900 900 73 46 0 73 52 0 73 42 0 73 44 0 14274 1208750 16912 451278 920000 414920
 7875.869941 37234 900 900 900 900 73 46 0 73 52 0 73 42 0 73 44 0 14518 1208750 16912 450730 920000 414000
 7876.069950 37235 900 900 900 900 73 46 0 73 52 0 73 42 0 73 44 0 13969 1210000 15730 450456 920000 414000
 7876.269939 37236 900 900 900 900 73 46 0 73 52 0 73 42 0 73 44 0 14274 1210000 16940 451278 920000 414920
 7876.469941 37237 900 900 900 900 73 46 0 73 52 0 73 42 0 73 44 0 14274 1210000 16940 451278 920000 414920
 7876.669943 37238 900 900 900 900 73 46 0 73 52 0 73 42 0 73 44 0 13969 1208750 15704 451278 920000 414920
 7876.869940 37239 900 900 900 900 73 46 0 73 52 0 73 42 0 73 44 0 14274 1208750 16912 452374 920000 415840
 7877.069956 37240 900 900 900 900 72 46 0 72 52 0 72 42 0 72 44 0 14518 1210000 16940 451278 920000 414920
 7877.269941 37241 900 900 900 900 72 46 0 72 52 0 72 42 0 72 44 0 14518 1210000 16940 451278 920000 414920
 7877.469943 37242 900 900 900 900 72 46 0 72 52 0 72 42 0 72 44 0 14518 1210000 16940 451278 920000 414920
 7877.669942 37243 900 900 900 900 72 46 0 72 52 0 72 42 0 72 44 0 14274 1210000 16940 450730 920000 414000
 7877.869941 37244 900 900 900 900 72 46 0 72 52 0 72 42 0 72 44 0 14518 1208750 16912 450730 920000 414000
 7878.069954 37245 900 900 900 900 72 46 0 72 52 0 72 42 0 72 44 0 14518 1208750 16912 450730 920000 414000
 7878.269941 37246 900 900 900 900 72 46 0 72 52 0 72 42 0 72 44 0 14274 1210000 16940 450730 920000 414000
 7878.469934 37247 900 900 900 900 72 46 0 72 52 0 72 42 0 72 44 0 14274 1208750 16912 450730 920000 414000
 7878.669941 37248 900 900 900 900 72 46 0 72 52 0 72 42 0 72 44 0 13969 1208750 15704 452100 920000 415840
 7878.869940 37249 900 900 900 900 72 46 0 72 52 0 72 42 0 72 44 0 13969 1208750 15704 452100 920000 415840
 7879.069956 37250 900 900 900 900 73 46 0 73 52 0 73 42 0 73 44 0 14518 1210000 16940 453196 920000 416760
 7879.269941 37251 900 900 900 900 73 46 0 73 52 0 73 42 0 73 44 0 14274 1208750 16912 453196 920000 416760
 7879.469941 37252 900 900 900 900 73 46 0 73 52 0 73 42 0 73 44 0 14274 1210000 16940 452648 920000 415840
 7879.669943 37253 900 900 900 900 73 46 0 73 52 0 73 42 0 73 44 0 14274 1210000 16940 452648 920000 415840
 7879.869939 37254 900 900 900 900 73 46 0 73 52 0 73 42 0 73 44 0 14274 1208750 16912 452374 920000 415840
 7880.069954 37255 900 900 900 900 73 46 0 73 52 0 73 42 0 73 44 0 14518 1208750 16912 452374 920000 415840
 7880.269941 37256 900 900 900 900 73 46 0 73 52 0 73 42 0 73 44 0 14274 1208750 16912 452374 920000 415840
 7880.469924 37257 900 900 900 900 73 46 0 73 52 0 73 42 0 73 44 0 14274 1208750 16912 452374 920000 415840
 7880.669942 37258 900 900 900 900 73 46 0 73 52 0 73 42 0 73 44 0 14274 1210000 16940 454840 920000 417680
 7880.869937 37259 900 900 900 900 73 46 0 73 52 0 73 42 0 73 44 0 14274 1208750 16912 454292 920000 417680
 7881.069955 37260 900 900 900 900 72 46 0 72 52 0 72 42 0 72 44 0 14274 1208750 16912 452922 920000 415840
 7881.269940 37261 900 900 900 900 72 46 0 72 52 0 72 42 0 72 44 0 14274 1210000 16940 453470 920000 416760
 7881.469941 37262 900 900 900 900 72 46 0 72 52 0 72 42 0 72 44 0 14274 1210000 16940 453470 920000 416760
 7881.669942 37263 900 900 900 900 72 46 0 72 52 0 72 42 0 72 44 0 14274 1208750 16912 452100 920000 415840
 7881.869941 37264 900 900 900 900 72 46 0 72 52 0 72 42 0 72 44 0 14518 1208750 16912 452648 920000 415840
 7882.069954 37265 900 900 900 900 73 46 0 73 52 0 73 42 0 73 44 0 14274 1210000 16940 451826 920000 414920
 7882.269940 37266 900 900 900 900 73 46 0 73 52 0 73 42 0 73 44 0 14274 1210000 16940 451826 920000 414920
 7882.469941 37267 900 900 900 900 73 46 0 73 52 0 73 42 0 73 44 0 14274 1208750 16912 452922 920000 415840
 7882.669942 37268 900 900 900 900 73 46 0 73 52 0 73 42 0 73 44 0 14274 1208750 16912 451552 920000 414920
 7882.869940 37269 900 900 900 900 73 46 0 73 52 0 73 42 0 73 44 0 14274 1208750 16912 451826 920000 414920
 7883.069955 37270 900 900 900 900 72 46 0 72 52 0 72 42 0 72 44 0 14274 1208750 16912 451826 920000 414920
 7883.269936 37271 900 900 900 900 72 46 0 72 52 0 72 42 0 72 44 0 14274 1208750 16912 452374 920000 415840
 7883.469942 37272 900 900 900 900 72 46 0 72 52 0 72 42 0 72 44 0 14274 1208750 16912 449634 920000 413080
 7883.669984 37273 900 900 900 900 72 46 0 72 52 0 72 42 0 72 44 0 14518 1210000 16940 449908 920000 413080
 7883.869935 37274 900 900 900 900 72 46 0 72 52 0 72 42 0 72 44 0 14518 1210000 16940 449908 920000 413080
 7884.069947 37275 900 900 900 900 72 46 0 72 52 0 72 42 0 72 44 0 14274 1208750 16912 378120 920000 347760
 7884.269932 37276 900 900 900 900 72 46 0 72 52 0 72 42 0 72 44 0 14274 1210000 16940 38360 920000 34960
 7884.469932 37277 900 900 900 900 72 46 0 72 52 0 72 42 0 72 44 0 14274 1208750 16912 38908 921250 34998
 7884.669934 37278 900 900 900 900 72 46 0 72 52 0 72 42 0 72 44 0 14274 1208750 16912 38908 921250 34998
 7884.869932 37279 900 900 900 900 72 46 0 72 52 0 72 42 0 72 44 0 14274 1210000 16940 38634 920000 34960
 7885.069947 37280 900 900 900 900 71 46 0 71 52 0 71 42 0 71 44 0 14274 1208750 16912 57814 920000 52440
 7885.269932 37281 900 900 900 900 71 46 0 71 52 0 71 42 0 71 44 0 14274 1210000 16940 36990 920000 33120
 7885.469932 37282 900 900 900 900 71 46 0 71 52 0 71 42 0 71 44 0 14274 1210000 16940 36990 920000 33120
 7885.669929 37283 900 900 900 900 71 46 0 71 52 0 71 42 0 71 44 0 14274 1208750 16912 36442 920000 33120
 7885.869932 37284 900 900 900 900 71 46 0 71 52 0 71 42 0 71 44 0 14274 1210000 16940 36990 920000 33120
 7886.069947 37285 900 900 900 900 71 46 0 71 52 0 71 42 0 71 44 0 14274 1210000 16940 38086 920000 34960
 7886.269932 37286 900 900 900 900 71 46 0 71 52 0 71 42 0 71 44 0 14274 1210000 16940 38086 920000 34960
