 4633.483809 22647 1400 1400 1400 1400 75 46 0 75 52 0 75 42 0 75 44 0 15006 1210000 18150 69870 1095000 75555
 4633.683808 22648 1400 1400 1400 1400 75 46 0 75 52 0 75 42 0 75 44 0 15006 1210000 18150 69870 1095000 75555
 4633.883808 22649 1400 1400 1400 1400 75 46 0 75 52 0 75 42 0 75 44 0 14762 1210000 16940 68500 1095000 74460
 4634.083808 22650 1400 1400 1400 1400 75 46 0 75 52 0 75 42 0 75 44 0 15250 1210000 18150 67130 1095000 73365
 4634.283808 22651 1400 1400 1400 1400 75 46 0 75 52 0 75 42 0 75 44 0 15006 1210000 18150 67678 1095000 73365
 4634.483808 22652 1400 1400 1400 1400 75 46 0 75 52 0 75 42 0 75 44 0 15006 1210000 18150 67678 1095000 73365
 4634.683808 22653 1400 1400 1400 1400 75 46 0 75 52 0 75 42 0 75 44 0 15250 1210000 18150 71514 1095000 77745
 4634.883805 22654 1400 1400 1400 1400 75 46 0 75 52 0 75 42 0 75 44 0 15250 1210000 18150 73432 1095000 79935
 4635.083808 22655 1400 1400 1400 1400 74 46 0 74 52 0 74 42 0 74 44 0 15006 1210000 18150 73432 1095000 79935
 4635.283812 22656 1400 1400 1400 1400 74 46 0 74 52 0 74 42 0 74 44 0 15006 1210000 18150 73432 1095000 79935
 4635.483808 22657 1400 1400 1400 1400 74 46 0 74 52 0 74 42 0 74 44 0 14762 1210000 16940 271534 1096250 297016
 4635.683807 22658 1400 1400 1400 1400 74 46 0 74 52 0 74 42 0 74 44 0 15006 1210000 18150 69596 1095000 75555
 4635.883807 22659 1400 1400 1400 1400 74 46 0 74 52 0 74 42 0 74 44 0 14762 1210000 16940 69322 1095000 75555
 4636.083747 22660 1400 1400 1400 1400 74 46 0 74 52 0 74 42 0 74 44 0 14762 1210000 16940 69322 1095000 75555
 4636.283845 22661 1400 1400 1400 1400 74 46 0 74 52 0 74 42 0 74 44 0 14762 1210000 16940 399766 1097500 437703
 4636.483895 22662 1400 1400 1400 1400 74 46 0 74 52 0 74 42 0 74 44 0 14762 1210000 16940 1067778 1101250 1174767
 4636.683813 22663 1400 1400 1400 1400 74 46 0 74 52 0 74 42 0 74 44 0 14762 1210000 16940 1025856 1100000 1127500
 4636.883798 22664 1400 1400 1400 1400 74 46 0 74 52 0 74 42 0 74 44 0 14762 1210000 16940 1025856 1100000 1127500
 4637.083817 22665 1400 1400 1400 1400 76 46 0 76 52 0 76 42 0 76 44 0 15006 1210000 18150 866388 1098750 950868
 4637.283813 22666 1400 1400 1400 1400 76 46 0 76 52 0 76 42 0 76 44 0 15006 1210000 18150 866388 1098750 950868
 4637.483818 22667 1400 1400 1400 1400 76 46 0 76 52 0 76 42 0 76 44 0 15006 1210000 18150 862552 1098750 946476
 4637.683816 22668 1400 1400 1400 1400 76 46 0 76 52 0 76 42 0 76 44 0 15006 1210000 18150 858716 1098750 942084
 4637.883817 22669 1400 1400 1400 1400 76 46 0 76 52 0 76 42 0 76 44 0 15006 1210000 18150 858716 1098750 942084
 4638.083817 22670 1400 1400 1400 1400 76 46 0 76 52 0 76 42 0 76 44 0 15006 1210000 18150 860086 1098750 944280
 4638.283818 22671 1400 1400 1400 1400 76 46 0 76 52 0 76 42 0 76 44 0 15006 1210000 18150 862826 1098750 946476
 4638.483816 22672 1400 1400 1400 1400 76 46 0 76 52 0 76 42 0 76 44 0 15006 1210000 18150 863100 1098750 947574
 4638.683817 22673 1400 1400 1400 1400 76 46 0 76 52 0 76 42 0 76 44 0 15006 1210000 18150 863100 1098750 947574
 4638.883818 22674 1400 1400 1400 1400 76 46 0 76 52 0 76 42 0 76 44 0 15006 1210000 18150 863100 1098750 947574
 4639.083817 22675 1400 1400 1400 1400 76 46 0 76 52 0 76 42 0 76 44 0 15250 1210000 18150 863374 1098750 947574
 4639.283817 22676 1400 1400 1400 1400 76 46 0 76 52 0 76 42 0 76 44 0 15250 1210000 18150 863100 1098750 947574
 4639.483817 22677 1400 1400 1400 1400 76 46 0 76 52 0 76 42 0 76 44 0 15250 1210000 18150 863100 1098750 947574
 4639.683813 22678 1400 1400 1400 1400 76 46 0 76 52 0 76 42 0 76 44 0 15250 1210000 18150 863100 1098750 947574
 4639.883817 22679 1400 1400 1400 1400 76 46 0 76 52 0 76 42 0 76 44 0 15006 1210000 18150 863648 1098750 947574
 4640.083795 22680 1400 1400 1400 1400 76 46 0 76 52 0 76 42 0 76 44 0 14762 1210000 16940 872964 1098750 957456
 4640.283819 22681 1400 1400 1400 1400 76 46 0 76 52 0 76 42 0 76 44 0 14762 1210000 16940 872964 1098750 957456
 4640.483818 22682 1400 1400 1400 1400 76 46 0 76 52 0 76 42 0 76 44 0 15006 1210000 18150 865840 1098750 949770
 4640.683817 22683 1400 1400 1400 1400 76 46 0 76 52 0 76 42 0 76 44 0 15250 1210000 18150 866114 1098750 950868
 4640.883818 22684 1400 1400 1400 1400 76 46 0 76 52 0 76 42 0 76 44 0 15006 1210000 18150 864470 1098750 948672
 4641.083817 22685 1400 1400 1400 1400 76 46 0 76 52 0 76 42 0 76 44 0 15006 1210000 18150 864470 1098750 948672
 4641.283816 22686 1400 1400 1400 1400 76 46 0 76 52 0 76 42 0 76 44 0 15006 1210000 18150 862826 1098750 946476
 4641.483817 22687 1400 1400 1400 1400 76 46 0 76 52 0 76 42 0 76 44 0 15006 1210000 18150 865292 1098750 949770
 4641.683817 22688 1400 1400 1400 1400 76 46 0 76 52 0 76 42 0 76 44 0 15250 1210000 18150 863100 1098750 947574
 4641.883816 22689 1400 1400 1400 1400 76 46 0 76 52 0 76 42 0 76 44 0 15250 1210000 18150 863100 1098750 947574
 4642.083814 22690 1400 1400 1400 1400 76 46 0 76 52 0 76 42 0 76 44 0 15006 1210000 18150 862826 1098750 946476
 4642.283817 22691 1400 1400 1400 1400 76 46 0 76 52 0 76 42 0 76 44 0 15006 1210000 18150 864744 1098750 948672
 4642.483817 22692 1400 1400 1400 1400 76 46 0 76 52 0 76 42 0 76 44 0 15006 1210000 18150 864196 1098750 948672
 4642.683817 22693 1400 1400 1400 1400 76 46 0 76 52 0 76 42 0 76 44 0 15006 1210000 18150 864196 1098750 948672
 4642.883817 22694 1400 1400 1400 1400 76 46 0 76 52 0 76 42 0 76 44 0 15250 1210000 18150 864470 1098750 948672
 4643.083818 22695 1400 1400 1400 1400 77 46 0 77 52 0 77 42 0 77 44 0 15250 1210000 18150 863100 1098750 947574
 4643.283817 22696 1400 1400 1400 1400 77 46 0 77 52 0 77 42 0 77 44 0 15006 1208750 18120 862826 1098750 946476
 4643.483795 22697 1400 1400 1400 1400 77 46 0 77 52 0 77 42 0 77 44 0 15006 1210000 18150 861730 1098750 945378
 4643.683818 22698 1400 1400 1400 1400 77 46 0 77 52 0 77 42 0 77 44 0 15006 1210000 18150 861730 1098750 945378
 4643.883818 22699 1400 1400 1400 1400 77 46 0 77 52 0 77 42 0 77 44 0 15006 1210000 18150 861730 1098750 945378
 4644.083795 22700 1400 1400 1400 1400 77 46 0 77 52 0 77 42 0 77 44 0 15006 1210000 18150 863648 1098750 947574
 4644.283816 22701 1400 1400 1400 1400 77 46 0 77 52 0 77 42 0 77 44 0 15006 1210000 18150 863374 1098750 947574
 4644.483818 22702 1400 1400 1400 1400 77 46 0 77 52 0 77 42 0 77 44 0 15006 1210000 18150 863374 1098750 947574
 4644.683817 22703 1400 1400 1400 1400 77 46 0 77 52 0 77 42 0 77 44 0 14762 1210000 16940 865292 1098750 949770
 4644.883814 22704 1400 1400 1400 1400 77 46 0 77 52 0 77 42 0 77 44 0 15006 1210000 18150 862004 1098750 946476
 4645.083818 22705 1400 1400 1400 1400 77 46 0 77 52 0 77 42 0 77 44 0 15250 1208750 18120 880362 1098750 966240
 4645.283817 22706 1400 1400 1400 1400 77 46 0 77 52 0 77 42 0 77 44 0 15250 1208750 18120 880362 1098750 966240
 4645.483814 22707 1400 1400 1400 1400 77 46 0 77 52 0 77 42 0 77 44 0 15250 1210000 18150 862552 1098750 946476
 4645.683830 22708 1400 1400 1400 1400 77 46 0 77 52 0 77 42 0 77 44 0 15006 1210000 18150 863100 1098750 947574
 4645.883842 22709 1400 1400 1400 1400 77 46 0 77 52 0 77 42 0 77 44 0 15250 1210000 18150 865292 1098750 949770
 4646.083817 22710 1400 1400 1400 1400 77 46 0 77 52 0 77 42 0 77 44 0 15250 1210000 18150 865292 1098750 949770
 4646.283817 22711 1400 1400 1400 1400 77 46 0 77 52 0 77 42 0 77 44 0 15250 1210000 18150 866388 1098750 950868
 4646.483817 22712 1400 1400 1400 1400 77 46 0 77 52 0 77 42 0 77 44 0 15006 1210000 18150 865566 1098750 949770
 4646.683817 22713 1400 1400 1400 1400 77 46 0 77 52 0 77 42 0 77 44 0 15006 1210000 18150 864470 1098750 948672
 4646.883817 22714 1400 1400 1400 1400 77 46 0 77 52 0 77 42 0 77 44 0 15006 1210000 18150 864470 1098750 948672
 4647.083817 22715 1400 1400 1400 1400 77 46 0 77 52 0 77 42 0 77 44 0 15006 1210000 18150 862278 1098750 946476
 4647.283817 22716 1400 1400 1400 1400 77 46 0 77 52 0 77 42 0 77 44 0 15006 1210000 18150 862552 1098750 946476
 4647.483816 22717 1400 1400 1400 1400 77 46 0 77 52 0 77 42 0 77 44 0 15250 1210000 18150 864470 1098750 948672
 4647.683817 22718 1400 1400 1400 1400 77 46 0 77 52 0 77 42 0 77 44 0 15250 1210000 18150 864470 1098750 948672
 4647.883813 22719 1400 1400 1400 1400 77 46 0 77 52 0 77 42 0 77 44 0 15250 1208750 18120 866114 1098750 950868
 4648.083797 22720 1400 1400 1400 1400 77 46 0 77 52 0 77 42 0 77 44 0 15006 1210000 18150 865840 1098750 949770
 4648.283816 22721 1400 1400 1400 1400 77 46 0 77 52 0 77 42 0 77 44 0 15250 1210000 18150 866114 1098750 950868
 4648.483817 22722 1400 1400 1400 1400 77 46 0 77 52 0 77 42 0 77 44 0 15250 1210000 18150 866114 1098750 950868
 4648.683818 22723 1400 1400 1400 1400 77 46 0 77 52 0 77 42 0 77 44 0 15250 1210000 18150 866662 1098750 950868
 4648.883818 22724 1400 1400 1400 1400 77 46 0 77 52 0 77 42 0 77 44 0 15006 1210000 18150 864196 1098750 948672
 4649.083817 22725 1400 1400 1400 1400 77 46 0 77 52 0 77 42 0 77 44 0 15250 1210000 18150 865292 1098750 949770
 4649.283799 22726 1400 1400 1400 1400 77 46 0 77 52 0 77 42 0 77 44 0 15250 1210000 18150 865292 1098750 949770
 4649.483817 22727 1400 1400 1400 1400 77 46 0 77 52 0 77 42 0 77 44 0 15006 1210000 18150 865292 1098750 949770
 4649.683817 22728 1400 1400 1400 1400 77 46 0 77 52 0 77 42 0 77 44 0 15006 1210000 18150 867210 1098750 951966
 4649.883817 22729 1400 1400 1400 1400 77 46 0 77 52 0 77 42 0 77 44 0 15006 1210000 18150 866662 1098750 950868
 4650.083791 22730 1400 1400 1400 1400 77 46 0 77 52 0 77 42 0 77 44 0 15006 1210000 18150 867210 1098750 951966
 4650.283814 22731 1400 1400 1400 1400 77 46 0 77 52 0 77 42 0 77 44 0 15006 1210000 18150 867210 1098750 951966
 4650.483817 22732 1400 1400 1400 1400 77 46 0 77 52 0 77 42 0 77 44 0 15250 1210000 18150 866662 1098750 950868
 4650.683816 22733 1400 1400 1400 1400 77 46 0 77 52 0 77 42 0 77 44 0 15250 1210000 18150 865840 1098750 949770
 4650.883817 22734 1400 1400 1400 1400 77 46 0 77 52 0 77 42 0 77 44 0 15250 1210000 18150 865840 1098750 949770
 4651.083817 22735 1400 1400 1400 1400 77 46 0 77 52 0 77 42 0 77 44 0 15250 1210000 18150 865840 1098750 949770
 4651.283817 22736 1400 1400 1400 1400 77 46 0 77 52 0 77 42 0 77 44 0 15494 1210000 18150 865566 1098750 949770
 4651.483817 22737 1400 1400 1400 1400 77 46 0 77 52 0 77 42 0 77 44 0 15006 1210000 18150 866662 1098750 950868
 4651.683817 22738 1400 1400 1400 1400 77 46 0 77 52 0 77 42 0 77 44 0 15250 1210000 18150 866936 1098750 950868
 4651.883817 22739 1400 1400 1400 1400 77 46 0 77 52 0 77 42 0 77 44 0 15250 1210000 18150 866936 1098750 950868
 4652.083808 22740 1400 1400 1400 1400 77 46 0 77 52 0 77 42 0 77 44 0 15250 1210000 18150 866936 1098750 950868
 4652.283817 22741 1400 1400 1400 1400 77 46 0 77 52 0 77 42 0 77 44 0 15250 1210000 18150 863922 1098750 947574
 4652.483813 22742 1400 1400 1400 1400 77 46 0 77 52 0 77 42 0 77 44 0 15250 1210000 18150 863922 1098750 947574
 4652.683816 22743 1400 1400 1400 1400 77 46 0 77 52 0 77 42 0 77 44 0 15250 1210000 18150 863922 1098750 947574
 4652.883816 22744 1400 1400 1400 1400 77 46 0 77 52 0 77 42 0 77 44 0 15250 1210000 18150 862004 1098750 946476
 4653.083816 22745 1400 1400 1400 1400 77 46 0 77 52 0 77 42 0 77 44 0 15250 1210000 18150 861182 1098750 945378
 4653.283817 22746 1400 1400 1400 1400 77 46 0 77 52 0 77 42 0 77 44 0 15250 1210000 18150 864470 1098750 948672
 4653.483816 22747 1400 1400 1400 1400 77 46 0 77 52 0 77 42 0 77 44 0 15250 1210000 18150 864470 1098750 948672
 4653.683816 22748 1400 1400 1400 1400 77 46 0 77 52 0 77 42 0 77 44 0 15250 1210000 18150 864196 1098750 948672
 4653.883816 22749 1400 1400 1400 1400 77 46 0 77 52 0 77 42 0 77 44 0 15250 1210000 18150 863922 1098750 947574
 4654.083816 22750 1400 1400 1400 1400 77 46 0 77 52 0 77 42 0 77 44 0 15250 1210000 18150 864196 1098750 948672
 4654.283816 22751 1400 1400 1400 1400 77 46 0 77 52 0 77 42 0 77 44 0 15250 1210000 18150 864196 1098750 948672
 4654.483816 22752 1400 1400 1400 1400 77 46 0 77 52 0 77 42 0 77 44 0 15250 1210000 18150 862826 1098750 946476
 4654.683817 22753 1400 1400 1400 1400 77 46 0 77 52 0 77 42 0 77 44 0 15250 1210000 18150 863648 1098750 947574
 4654.883812 22754 1400 1400 1400 1400 77 46 0 77 52 0 77 42 0 77 44 0 15006 1208750 18120 864196 1098750 948672
 4655.083816 22755 1400 1400 1400 1400 77 46 0 77 52 0 77 42 0 77 44 0 15006 1208750 18120 864196 1098750 948672
 4655.283816 22756 1400 1400 1400 1400 77 46 0 77 52 0 77 42 0 77 44 0 15006 1210000 18150 865840 1098750 949770
 4655.483817 22757 1400 1400 1400 1400 77 46 0 77 52 0 77 42 0 77 44 0 15250 1210000 18150 866662 1098750 950868
 4655.683816 22758 1400 1400 1400 1400 77 46 0 77 52 0 77 42 0 77 44 0 15006 1210000 18150 866936 1098750 950868
 4655.884395 22759 1400 1400 1400 1400 77 46 0 77 52 0 77 42 0 77 44 0 15006 1210000 18150 867758 1098750 951966
 4656.083796 22760 1400 1400 1400 1400 77 46 0 77 52 0 77 42 0 77 44 0 15006 1210000 18150 867758 1098750 951966
 4656.283816 22761 1400 1400 1400 1400 77 46 0 77 52 0 77 42 0 77 44 0 15006 1210000 18150 865292 1098750 949770
 4656.483817 22762 1400 1400 1400 1400 77 46 0 77 52 0 77 42 0 77 44 0 15006 1210000 18150 865018 1098750 949770
 4656.683817 22763 1400 1400 1400 1400 77 46 0 77 52 0 77 42 0 77 44 0 15250 1210000 18150 865566 1098750 949770
 4656.883816 22764 1400 1400 1400 1400 77 46 0 77 52 0 77 42 0 77 44 0 15250 1210000 18150 865566 1098750 949770
 4657.083817 22765 1400 1400 1400 1400 77 46 0 77 52 0 77 42 0 77 44 0 15006 1210000 18150 866114 1098750 950868
 4657.283814 22766 1400 1400 1400 1400 77 46 0 77 52 0 77 42 0 77 44 0 15494 1210000 18150 868032 1098750 953064
 4657.483818 22767 1400 1400 1400 1400 77 46 0 77 52 0 77 42 0 77 44 0 15250 1210000 18150 866662 1098750 950868
 4657.683816 22768 1400 1400 1400 1400 77 46 0 77 52 0 77 42 0 77 44 0 15250 1210000 18150 866662 1098750 950868
 4657.883816 22769 1400 1400 1400 1400 77 46 0 77 52 0 77 42 0 77 44 0 15250 1208750 18120 866662 1098750 950868
 4658.083817 22770 1400 1400 1400 1400 77 46 0 77 52 0 77 42 0 77 44 0 15006 1210000 18150 866388 1098750 950868
 4658.283818 22771 1400 1400 1400 1400 77 46 0 77 52 0 77 42 0 77 44 0 15250 1210000 18150 865292 1098750 949770
 4658.483817 22772 1400 1400 1400 1400 77 46 0 77 52 0 77 42 0 77 44 0 15250 1210000 18150 865292 1098750 949770
 4658.683816 22773 1400 1400 1400 1400 77 46 0 77 52 0 77 42 0 77 44 0 15250 1208750 18120 865018 1098750 949770
 4658.883816 22774 1400 1400 1400 1400 77 46 0 77 52 0 77 42 0 77 44 0 15250 1208750 18120 866388 1098750 950868
 4659.083816 22775 1400 1400 1400 1400 77 46 0 77 52 0 77 42 0 77 44 0 15006 1210000 18150 868032 1098750 953064
 4659.283816 22776 1400 1400 1400 1400 77 46 0 77 52 0 77 42 0 77 44 0 15006 1210000 18150 868032 1098750 953064
 4659.483817 22777 1400 1400 1400 1400 77 46 0 77 52 0 77 42 0 77 44 0 15250 1210000 18150 866388 1098750 950868
 4659.683813 22778 1400 1400 1400 1400 77 46 0 77 52 0 77 42 0 77 44 0 15006 1210000 18150 868032 1098750 953064
 4659.883816 22779 1400 1400 1400 1400 77 46 0 77 52 0 77 42 0 77 44 0 15250 1210000 18150 866388 1098750 950868
 4660.083795 22780 1400 1400 1400 1400 77 46 0 77 52 0 77 42 0 77 44 0 15250 1210000 18150 866388 1098750 950868
 4660.283817 22781 1400 1400 1400 1400 77 46 0 77 52 0 77 42 0 77 44 0 15250 1210000 18150 865018 1098750 949770
 4660.483816 22782 1400 1400 1400 1400 77 46 0 77 52 0 77 42 0 77 44 0 15250 1210000 18150 867484 1098750 951966
 4660.683813 22783 1400 1400 1400 1400 77 46 0 77 52 0 77 42 0 77 44 0 15006 1210000 18150 865566 1098750 949770
 4660.883817 22784 1400 1400 1400 1400 77 46 0 77 52 0 77 42 0 77 44 0 15006 1210000 18150 865566 1098750 949770
 4661.083816 22785 1400 1400 1400 1400 77 46 0 77 52 0 77 42 0 77 44 0 15250 1210000 18150 867210 1098750 951966
 4661.283817 22786 1400 1400 1400 1400 77 46 0 77 52 0 77 42 0 77 44 0 15250 1210000 18150 868032 1098750 953064
 4661.483816 22787 1400 1400 1400 1400 77 46 0 77 52 0 77 42 0 77 44 0 15250 1210000 18150 867484 1098750 951966
 4661.683816 22788 1400 1400 1400 1400 77 46 0 77 52 0 77 42 0 77 44 0 15250 1210000 18150 867484 1098750 951966
 4661.883816 22789 1400 1400 1400 1400 77 46 0 77 52 0 77 42 0 77 44 0 15250 1210000 18150 864470 1098750 948672
 4662.083816 22790 1400 1400 1400 1400 77 46 0 77 52 0 77 42 0 77 44 0 15250 1210000 18150 865018 1098750 949770
 4662.283816 22791 1400 1400 1400 1400 77 46 0 77 52 0 77 42 0 77 44 0 15250 1210000 18150 865292 1098750 949770
 4662.483795 22792 1400 1400 1400 1400 77 46 0 77 52 0 77 42 0 77 44 0 15006 1210000 18150 863374 1098750 947574
 4662.683816 22793 1400 1400 1400 1400 77 46 0 77 52 0 77 42 0 77 44 0 15006 1210000 18150 863374 1098750 947574
 4662.883816 22794 1400 1400 1400 1400 77 46 0 77 52 0 77 42 0 77 44 0 15250 1210000 18150 865566 1098750 949770
 4663.083812 22795 1400 1400 1400 1400 77 46 0 77 52 0 77 42 0 77 44 0 15250 1210000 18150 866388 1098750 950868
 4663.283817 22796 1400 1400 1400 1400 77 46 0 77 52 0 77 42 0 77 44 0 15006 1210000 18150 866114 1098750 950868
 4663.483816 22797 1400 1400 1400 1400 77 46 0 77 52 0 77 42 0 77 44 0 15006 1210000 18150 866114 1098750 950868
 4663.683817 22798 1400 1400 1400 1400 77 46 0 77 52 0 77 42 0 77 44 0 15006 1210000 18150 865292 1098750 949770
 4663.883817 22799 1400 1400 1400 1400 77 46 0 77 52 0 77 42 0 77 44 0 15250 1210000 18150 866388 1098750 950868
 4664.083795 22800 1400 1400 1400 1400 77 46 0 77 52 0 77 42 0 77 44 0 15250 1210000 18150 864470 1098750 948672
 4664.283816 22801 1400 1400 1400 1400 77 46 0 77 52 0 77 42 0 77 44 0 15250 1210000 18150 864470 1098750 948672
 4664.483816 22802 1400 1400 1400 1400 77 46 0 77 52 0 77 42 0 77 44 0 15250 1210000 18150 865018 1098750 949770
 4664.683816 22803 1400 1400 1400 1400 77 46 0 77 52 0 77 42 0 77 44 0 15250 1210000 18150 865840 1098750 949770
 4664.883816 22804 1400 1400 1400 1400 77 46 0 77 52 0 77 42 0 77 44 0 15006 1210000 18150 866388 1098750 950868
 4665.083816 22805 1400 1400 1400 1400 77 46 0 77 52 0 77 42 0 77 44 0 15006 1210000 18150 866388 1098750 950868
 4665.283816 22806 1400 1400 1400 1400 77 46 0 77 52 0 77 42 0 77 44 0 15250 1210000 18150 869950 1098750 954162
 4665.483814 22807 1400 1400 1400 1400 77 46 0 77 52 0 77 42 0 77 44 0 15006 1210000 18150 868032 1098750 953064
 4665.683816 22808 1400 1400 1400 1400 77 46 0 77 52 0 77 42 0 77 44 0 15250 1210000 18150 865840 1098750 949770
 4665.883816 22809 1400 1400 1400 1400 77 46 0 77 52 0 77 42 0 77 44 0 15250 1210000 18150 865840 1098750 949770
 4666.083818 22810 1400 1400 1400 1400 77 46 0 77 52 0 77 42 0 77 44 0 15250 1210000 18150 866388 1098750 950868
 4666.283816 22811 1400 1400 1400 1400 77 46 0 77 52 0 77 42 0 77 44 0 15250 1210000 18150 867484 1098750 951966
 4666.483816 22812 1400 1400 1400 1400 77 46 0 77 52 0 77 42 0 77 44 0 15250 1210000 18150 867210 1098750 951966
 4666.683816 22813 1400 1400 1400 1400 77 46 0 77 52 0 77 42 0 77 44 0 15250 1210000 18150 867210 1098750 951966
 4666.883816 22814 1400 1400 1400 1400 77 46 0 77 52 0 77 42 0 77 44 0 15250 1210000 18150 868580 1098750 953064
 4667.083816 22815 1400 1400 1400 1400 77 46 0 77 52 0 77 42 0 77 44 0 15250 1210000 18150 868580 1098750 953064
 4667.283816 22816 1400 1400 1400 1400 77 46 0 77 52 0 77 42 0 77 44 0 15250 1210000 18150 868580 1098750 953064
 4667.483816 22817 1400 1400 1400 1400 77 46 0 77 52 0 77 42 0 77 44 0 15250 1210000 18150 868580 1098750 953064
 4667.683816 22818 1400 1400 1400 1400 77 46 0 77 52 0 77 42 0 77 44 0 15250 1210000 18150 868580 1098750 953064
 4667.883812 22819 1400 1400 1400 1400 77 46 0 77 52 0 77 42 0 77 44 0 15006 1210000 18150 866936 1098750 950868
 4668.083795 22820 1400 1400 1400 1400 77 46 0 77 52 0 77 42 0 77 44 0 15250 1210000 18150 865566 1098750 949770
 4668.283799 22821 1400 1400 1400 1400 77 46 0 77 52 0 77 42 0 77 44 0 15250 1210000 18150 865566 1098750 949770
 4668.483816 22822 1400 1400 1400 1400 77 46 0 77 52 0 77 42 0 77 44 0 15250 1210000 18150 866662 1098750 950868
 4668.683816 22823 1400 1400 1400 1400 77 46 0 77 52 0 77 42 0 77 44 0 15006 1210000 18150 868854 1098750 953064
 4668.883816 22824 1400 1400 1400 1400 77 46 0 77 52 0 77 42 0 77 44 0 15494 1210000 18150 866936 1098750 950868
 4669.083816 22825 1400 1400 1400 1400 77 46 0 77 52 0 77 42 0 77 44 0 15250 1210000 18150 867210 1098750 951966
 4669.283816 22826 1400 1400 1400 1400 77 46 0 77 52 0 77 42 0 77 44 0 15250 1210000 18150 867210 1098750 951966
 4669.483816 22827 1400 1400 1400 1400 77 46 0 77 52 0 77 42 0 77 44 0 15250 1210000 18150 866114 1098750 950868
 4669.683817 22828 1400 1400 1400 1400 77 46 0 77 52 0 77 42 0 77 44 0 15250 1210000 18150 864744 1098750 948672
 4669.883817 22829 1400 1400 1400 1400 77 46 0 77 52 0 77 42 0 77 44 0 15006 1210000 18150 865566 1098750 949770
 4670.083816 22830 1400 1400 1400 1400 77 46 0 77 52 0 77 42 0 77 44 0 15006 1210000 18150 865566 1098750 949770
 4670.283813 22831 1400 1400 1400 1400 77 46 0 77 52 0 77 42 0 77 44 0 15006 1210000 18150 882280 1098750 968436
 4670.483816 22832 1400 1400 1400 1400 77 46 0 77 52 0 77 42 0 77 44 0 15250 1210000 18150 866388 1098750 950868
 4670.683816 22833 1400 1400 1400 1400 77 46 0 77 52 0 77 42 0 77 44 0 15250 1210000 18150 867210 1098750 951966
 4670.883816 22834 1400 1400 1400 1400 77 46 0 77 52 0 77 42 0 77 44 0 15250 1210000 18150 867210 1098750 951966
 4671.083816 22835 1400 1400 1400 1400 77 46 0 77 52 0 77 42 0 77 44 0 15494 1210000 18150 868580 1098750 953064
 4671.283816 22836 1400 1400 1400 1400 77 46 0 77 52 0 77 42 0 77 44 0 15250 1210000 18150 865840 1098750 949770
 4671.483828 22837 1400 1400 1400 1400 77 46 0 77 52 0 77 42 0 77 44 0 15250 1210000 18150 866662 1098750 950868
 4671.683816 22838 1400 1400 1400 1400 77 46 0 77 52 0 77 42 0 77 44 0 15250 1210000 18150 866662 1098750 950868
 4671.883816 22839 1400 1400 1400 1400 77 46 0 77 52 0 77 42 0 77 44 0 15250 1210000 18150 867484 1098750 951966
 4672.083796 22840 1400 1400 1400 1400 77 46 0 77 52 0 77 42 0 77 44 0 15250 1210000 18150 866662 1098750 950868
 4672.283816 22841 1400 1400 1400 1400 77 46 0 77 52 0 77 42 0 77 44 0 15250 1210000 18150 867484 1098750 951966
 4672.483816 22842 1400 1400 1400 1400 77 46 0 77 52 0 77 42 0 77 44 0 15250 1210000 18150 867484 1098750 951966
 4672.683812 22843 1400 1400 1400 1400 77 46 0 77 52 0 77 42 0 77 44 0 15006 1210000 18150 869128 1098750 954162
 4672.883816 22844 1400 1400 1400 1400 77 46 0 77 52 0 77 42 0 77 44 0 15250 1210000 18150 867758 1098750 951966
 4673.083816 22845 1400 1400 1400 1400 77 46 0 77 52 0 77 42 0 77 44 0 15250 1210000 18150 867210 1098750 951966
 4673.283817 22846 1400 1400 1400 1400 77 46 0 77 52 0 77 42 0 77 44 0 15250 1210000 18150 867210 1098750 951966
 4673.483854 22847 1400 1400 1400 1400 77 46 0 77 52 0 77 42 0 77 44 0 15006 1210000 18150 876526 1098750 961848
 4673.683806 22848 1400 1400 1400 1400 77 46 0 77 52 0 77 42 0 77 44 0 15250 1210000 18150 864196 1098750 948672
 4673.883806 22849 1400 1400 1400 1400 77 46 0 77 52 0 77 42 0 77 44 0 15494 1210000 18150 376750 1096250 412096
 4674.083806 22850 1400 1400 1400 1400 76 46 0 76 52 0 76 42 0 76 44 0 15494 1210000 18150 376750 1096250 412096
 4674.283807 22851 1400 1400 1400 1400 76 46 0 76 52 0 76 42 0 76 44 0 15494 1210000 18150 76446 1095000 83220
 4674.483807 22852 1400 1400 1400 1400 76 46 0 76 52 0 76 42 0 76 44 0 15250 1210000 18150 73706 1095000 79935
 4674.683807 22853 1400 1400 1400 1400 76 46 0 76 52 0 76 42 0 76 44 0 15250 1210000 18150 74254 1095000 81030
 4674.883735 22854 1400 1400 1400 1400 76 46 0 76 52 0 76 42 0 76 44 0 15006 1210000 18150 71240 1095000 77745
 4675.083805 22855 1400 1400 1400 1400 75 46 0 75 52 0 75 42 0 75 44 0 15006 1210000 18150 71240 1095000 77745
 4675.283807 22856 1400 1400 1400 1400 75 46 0 75 52 0 75 42 0 75 44 0 15006 1210000 18150 69596 1095000 75555
 4675.483806 22857 1400 1400 1400 1400 75 46 0 75 52 0 75 42 0 75 44 0 15006 1210000 18150 69870 1095000 75555
 4675.683806 22858 1400 1400 1400 1400 75 46 0 75 52 0 75 42 0 75 44 0 15250 1210000 18150 72610 1095000 78840
