 3751.423800 18237 1600 1600 1600 1600 75 46 0 75 52 0 75 42 0 75 44 0 15006 1210000 18150 87680 1157500 100659
 3751.623786 18238 1600 1600 1600 1600 75 46 0 75 52 0 75 42 0 75 44 0 15250 1210000 18150 101928 1157500 116857
 3751.823938 18239 1600 1600 1600 1600 75 46 0 75 52 0 75 42 0 75 44 0 15250 1210000 18150 101928 1157500 116857
 3752.023814 18240 1600 1600 1600 1600 75 46 0 75 52 0 75 42 0 75 44 0 14762 1210000 16940 90146 1157500 104130
 3752.223803 18241 1600 1600 1600 1600 75 46 0 75 52 0 75 42 0 75 44 0 15006 1210000 18150 330718 1158750 382140
 3752.423802 18242 1600 1600 1600 1600 75 46 0 75 52 0 75 42 0 75 44 0 14762 1210000 16940 91242 1157500 105287
 3752.623756 18243 1600 1600 1600 1600 75 46 0 75 52 0 75 42 0 75 44 0 14762 1210000 16940 91242 1157500 105287
 3752.823782 18244 1600 1600 1600 1600 75 46 0 75 52 0 75 42 0 75 44 0 14762 1210000 16940 86858 1157500 99502
 3753.023803 18245 1600 1600 1600 1600 77 46 0 77 52 0 77 42 0 77 44 0 15006 1210000 18150 1087780 1163750 1264181
 3753.228836 18246 1600 1600 1600 1600 77 46 0 77 52 0 77 42 0 77 44 0 15250 1208750 18120 1256838 1165000 1463240
 3753.428728 18247 1600 1600 1600 1600 77 46 0 77 52 0 77 42 0 77 44 0 15250 1208750 18120 1256838 1165000 1463240
 3753.628727 18248 1600 1600 1600 1600 77 46 0 77 52 0 77 42 0 77 44 0 15250 1208750 18120 1241768 1163750 1443283
 3753.828726 18249 1600 1600 1600 1600 77 46 0 77 52 0 77 42 0 77 44 0 15006 1208750 18120 1055996 1162500 1225910
 3754.028728 18250 1600 1600 1600 1600 78 46 0 78 52 0 78 42 0 78 44 0 15006 1210000 18150 1056818 1162500 1227072
 3754.228727 18251 1600 1600 1600 1600 78 46 0 78 52 0 78 42 0 78 44 0 15006 1210000 18150 1056818 1162500 1227072
 3754.428728 18252 1600 1600 1600 1600 78 46 0 78 52 0 78 42 0 78 44 0 15250 1208750 18120 1057092 1162500 1228234
 3754.628727 18253 1600 1600 1600 1600 78 46 0 78 52 0 78 42 0 78 44 0 15250 1210000 18150 1059284 1162500 1230558
 3754.828727 18254 1600 1600 1600 1600 78 46 0 78 52 0 78 42 0 78 44 0 15494 1210000 18150 1060928 1162500 1231720
 3755.028730 18255 1600 1600 1600 1600 78 46 0 78 52 0 78 42 0 78 44 0 15494 1210000 18150 1060928 1162500 1231720
 3755.228727 18256 1600 1600 1600 1600 78 46 0 78 52 0 78 42 0 78 44 0 15494 1208750 18120 1061202 1162500 1232882
 3755.428904 18257 1600 1600 1600 1600 78 46 0 78 52 0 78 42 0 78 44 0 15250 1210000 18150 1060106 1162500 1231720
 3755.628818 18258 1600 1600 1600 1600 78 46 0 78 52 0 78 42 0 78 44 0 15250 1208750 18120 1072710 1162500 1245664
 3755.828815 18259 1600 1600 1600 1600 78 46 0 78 52 0 78 42 0 78 44 0 15250 1208750 18120 1072710 1162500 1245664
 3756.028815 18260 1600 1600 1600 1600 78 46 0 78 52 0 78 42 0 78 44 0 15494 1210000 18150 1063120 1162500 1235206
 3756.228877 18261 1600 1600 1600 1600 78 46 0 78 52 0 78 42 0 78 44 0 15250 1210000 18150 1063668 1162500 1235206
 3756.428815 18262 1600 1600 1600 1600 78 46 0 78 52 0 78 42 0 78 44 0 15250 1210000 18150 1065038 1162500 1237530
 3756.628793 18263 1600 1600 1600 1600 78 46 0 78 52 0 78 42 0 78 44 0 15494 1210000 18150 1063394 1162500 1235206
 3756.828814 18264 1600 1600 1600 1600 78 46 0 78 52 0 78 42 0 78 44 0 15494 1210000 18150 1063394 1162500 1235206
 3757.028824 18265 1600 1600 1600 1600 79 46 0 79 52 0 79 42 0 79 44 0 15494 1210000 18150 1062298 1162500 1234044
 3757.228811 18266 1600 1600 1600 1600 79 46 0 79 52 0 79 42 0 79 44 0 15250 1210000 18150 1063668 1162500 1235206
 3757.428815 18267 1600 1600 1600 1600 79 46 0 79 52 0 79 42 0 79 44 0 15250 1210000 18150 1064490 1162500 1236368
 3757.628815 18268 1600 1600 1600 1600 79 46 0 79 52 0 79 42 0 79 44 0 15250 1210000 18150 1064490 1162500 1236368
 3757.828814 18269 1600 1600 1600 1600 79 46 0 79 52 0 79 42 0 79 44 0 15494 1210000 18150 1064764 1162500 1236368
 3758.028824 18270 1600 1600 1600 1600 79 46 0 79 52 0 79 42 0 79 44 0 15494 1210000 18150 1060654 1162500 1231720
 3758.228811 18271 1600 1600 1600 1600 79 46 0 79 52 0 79 42 0 79 44 0 15494 1208750 18120 1058462 1162500 1229396
 3758.428815 18272 1600 1600 1600 1600 79 46 0 79 52 0 79 42 0 79 44 0 15494 1208750 18120 1058462 1162500 1229396
 3758.628815 18273 1600 1600 1600 1600 79 46 0 79 52 0 79 42 0 79 44 0 15494 1208750 18120 1062024 1162500 1234044
 3758.828814 18274 1600 1600 1600 1600 79 46 0 79 52 0 79 42 0 79 44 0 15494 1208750 18120 1063394 1162500 1235206
 3759.028823 18275 1600 1600 1600 1600 79 46 0 79 52 0 79 42 0 79 44 0 15494 1210000 18150 1065586 1162500 1237530
 3759.228879 18276 1600 1600 1600 1600 79 46 0 79 52 0 79 42 0 79 44 0 15494 1210000 18150 1065586 1162500 1237530
 3759.428816 18277 1600 1600 1600 1600 79 46 0 79 52 0 79 42 0 79 44 0 15738 1210000 18150 1064764 1162500 1236368
 3759.628815 18278 1600 1600 1600 1600 79 46 0 79 52 0 79 42 0 79 44 0 15738 1210000 18150 1068326 1162500 1241016
 3759.828815 18279 1600 1600 1600 1600 79 46 0 79 52 0 79 42 0 79 44 0 15494 1210000 18150 1068326 1162500 1241016
 3760.028825 18280 1600 1600 1600 1600 79 46 0 79 52 0 79 42 0 79 44 0 15494 1210000 18150 1068326 1162500 1241016
 3760.228837 18281 1600 1600 1600 1600 79 46 0 79 52 0 79 42 0 79 44 0 15494 1208750 18120 1064764 1162500 1236368
 3760.428819 18282 1600 1600 1600 1600 79 46 0 79 52 0 79 42 0 79 44 0 15250 1210000 18150 1067230 1162500 1239854
 3760.628815 18283 1600 1600 1600 1600 79 46 0 79 52 0 79 42 0 79 44 0 15494 1210000 18150 1065586 1162500 1237530
 3760.828814 18284 1600 1600 1600 1600 79 46 0 79 52 0 79 42 0 79 44 0 15494 1210000 18150 1065586 1162500 1237530
 3761.028823 18285 1600 1600 1600 1600 79 46 0 79 52 0 79 42 0 79 44 0 15738 1210000 18150 1068600 1162500 1241016
 3761.228816 18286 1600 1600 1600 1600 79 46 0 79 52 0 79 42 0 79 44 0 15494 1210000 18150 1068600 1162500 1241016
 3761.428815 18287 1600 1600 1600 1600 79 46 0 79 52 0 79 42 0 79 44 0 15494 1210000 18150 1068326 1162500 1241016
 3761.628815 18288 1600 1600 1600 1600 79 46 0 79 52 0 79 42 0 79 44 0 15494 1210000 18150 1068326 1162500 1241016
 3761.828811 18289 1600 1600 1600 1600 79 46 0 79 52 0 79 42 0 79 44 0 15494 1210000 18150 1069696 1162500 1242178
 3762.028823 18290 1600 1600 1600 1600 79 46 0 79 52 0 79 42 0 79 44 0 15494 1210000 18150 1067504 1162500 1239854
 3762.228875 18291 1600 1600 1600 1600 79 46 0 79 52 0 79 42 0 79 44 0 15494 1210000 18150 1066134 1162500 1238692
 3762.428816 18292 1600 1600 1600 1600 79 46 0 79 52 0 79 42 0 79 44 0 15494 1210000 18150 1066134 1162500 1238692
 3762.628815 18293 1600 1600 1600 1600 79 46 0 79 52 0 79 42 0 79 44 0 15494 1210000 18150 1067778 1162500 1239854
 3762.828811 18294 1600 1600 1600 1600 79 46 0 79 52 0 79 42 0 79 44 0 15494 1210000 18150 1068052 1162500 1241016
 3763.028824 18295 1600 1600 1600 1600 79 46 0 79 52 0 79 42 0 79 44 0 15494 1208750 18120 1067778 1162500 1239854
 3763.228814 18296 1600 1600 1600 1600 79 46 0 79 52 0 79 42 0 79 44 0 15494 1210000 18150 1064216 1162500 1236368
 3763.428815 18297 1600 1600 1600 1600 79 46 0 79 52 0 79 42 0 79 44 0 15494 1210000 18150 1064216 1162500 1236368
 3763.628816 18298 1600 1600 1600 1600 79 46 0 79 52 0 79 42 0 79 44 0 15494 1210000 18150 1066134 1162500 1238692
 3763.828814 18299 1600 1600 1600 1600 79 46 0 79 52 0 79 42 0 79 44 0 15250 1210000 18150 1063668 1162500 1235206
 3764.028823 18300 1600 1600 1600 1600 79 46 0 79 52 0 79 42 0 79 44 0 15494 1210000 18150 1063942 1162500 1235206
 3764.228815 18301 1600 1600 1600 1600 79 46 0 79 52 0 79 42 0 79 44 0 15494 1210000 18150 1063942 1162500 1235206
 3764.428816 18302 1600 1600 1600 1600 79 46 0 79 52 0 79 42 0 79 44 0 15738 1210000 18150 1063120 1162500 1235206
 3764.628814 18303 1600 1600 1600 1600 79 46 0 79 52 0 79 42 0 79 44 0 15494 1210000 18150 1068874 1162500 1241016
 3764.828815 18304 1600 1600 1600 1600 79 46 0 79 52 0 79 42 0 79 44 0 15738 1210000 18150 1065860 1162500 1237530
 3765.028824 18305 1600 1600 1600 1600 80 46 0 80 52 0 80 42 0 80 44 0 15738 1210000 18150 1065860 1162500 1237530
 3765.228877 18306 1600 1600 1600 1600 80 46 0 80 52 0 80 42 0 80 44 0 15738 1210000 18150 1067778 1162500 1239854
 3765.428815 18307 1600 1600 1600 1600 80 46 0 80 52 0 80 42 0 80 44 0 15494 1210000 18150 1069422 1162500 1242178
 3765.628814 18308 1600 1600 1600 1600 80 46 0 80 52 0 80 42 0 80 44 0 15494 1210000 18150 1063668 1162500 1235206
 3765.828814 18309 1600 1600 1600 1600 80 46 0 80 52 0 80 42 0 80 44 0 15494 1210000 18150 1063668 1162500 1235206
 3766.028823 18310 1600 1600 1600 1600 79 46 0 79 52 0 79 42 0 79 44 0 15494 1210000 18150 1062846 1162500 1234044
 3766.228812 18311 1600 1600 1600 1600 79 46 0 79 52 0 79 42 0 79 44 0 15494 1210000 18150 1062572 1162500 1234044
 3766.428816 18312 1600 1600 1600 1600 79 46 0 79 52 0 79 42 0 79 44 0 15738 1210000 18150 1064764 1162500 1236368
 3766.628816 18313 1600 1600 1600 1600 79 46 0 79 52 0 79 42 0 79 44 0 15738 1210000 18150 1064764 1162500 1236368
 3766.828815 18314 1600 1600 1600 1600 79 46 0 79 52 0 79 42 0 79 44 0 15494 1208750 18120 1067230 1162500 1239854
 3767.028825 18315 1600 1600 1600 1600 79 46 0 79 52 0 79 42 0 79 44 0 15494 1210000 18150 1063942 1162500 1235206
 3767.228811 18316 1600 1600 1600 1600 79 46 0 79 52 0 79 42 0 79 44 0 15250 1210000 18150 1063942 1162500 1235206
 3767.428816 18317 1600 1600 1600 1600 79 46 0 79 52 0 79 42 0 79 44 0 15250 1210000 18150 1063942 1162500 1235206
 3767.628815 18318 1600 1600 1600 1600 79 46 0 79 52 0 79 42 0 79 44 0 15494 1210000 18150 1066134 1162500 1238692
 3767.828814 18319 1600 1600 1600 1600 79 46 0 79 52 0 79 42 0 79 44 0 15494 1210000 18150 1065038 1162500 1237530
 3768.028823 18320 1600 1600 1600 1600 80 46 0 80 52 0 80 42 0 80 44 0 15494 1208750 18120 1065312 1162500 1237530
 3768.228871 18321 1600 1600 1600 1600 80 46 0 80 52 0 80 42 0 80 44 0 15494 1208750 18120 1065312 1162500 1237530
 3768.428817 18322 1600 1600 1600 1600 80 46 0 80 52 0 80 42 0 80 44 0 15250 1210000 18150 1067504 1162500 1239854
 3768.628815 18323 1600 1600 1600 1600 80 46 0 80 52 0 80 42 0 80 44 0 15494 1210000 18150 1069696 1162500 1242178
 3768.828815 18324 1600 1600 1600 1600 80 46 0 80 52 0 80 42 0 80 44 0 15494 1210000 18150 1069422 1162500 1242178
 3769.028805 18325 1600 1600 1600 1600 80 46 0 80 52 0 80 42 0 80 44 0 15006 1210000 18150 1067778 1162500 1239854
 3769.228816 18326 1600 1600 1600 1600 80 46 0 80 52 0 80 42 0 80 44 0 15006 1210000 18150 1067778 1162500 1239854
 3769.428815 18327 1600 1600 1600 1600 80 46 0 80 52 0 80 42 0 80 44 0 15494 1210000 18150 1067230 1162500 1239854
 3769.628815 18328 1600 1600 1600 1600 80 46 0 80 52 0 80 42 0 80 44 0 15738 1210000 18150 1066682 1162500 1238692
 3769.828815 18329 1600 1600 1600 1600 80 46 0 80 52 0 80 42 0 80 44 0 15738 1210000 18150 1067778 1162500 1239854
 3770.028825 18330 1600 1600 1600 1600 80 46 0 80 52 0 80 42 0 80 44 0 15738 1210000 18150 1067778 1162500 1239854
 3770.228815 18331 1600 1600 1600 1600 80 46 0 80 52 0 80 42 0 80 44 0 15494 1208750 18120 1070518 1162500 1243340
 3770.428816 18332 1600 1600 1600 1600 80 46 0 80 52 0 80 42 0 80 44 0 15494 1210000 18150 1070518 1162500 1243340
 3770.628810 18333 1600 1600 1600 1600 80 46 0 80 52 0 80 42 0 80 44 0 15494 1210000 18150 1070518 1162500 1243340
 3770.828816 18334 1600 1600 1600 1600 80 46 0 80 52 0 80 42 0 80 44 0 15494 1210000 18150 1070518 1162500 1243340
 3771.028824 18335 1600 1600 1600 1600 80 46 0 80 52 0 80 42 0 80 44 0 15494 1210000 18150 1068874 1162500 1241016
 3771.228869 18336 1600 1600 1600 1600 80 46 0 80 52 0 80 42 0 80 44 0 15738 1208750 18120 1067778 1162500 1239854
 3771.428817 18337 1600 1600 1600 1600 80 46 0 80 52 0 80 42 0 80 44 0 15250 1210000 18150 1068052 1162500 1241016
 3771.628814 18338 1600 1600 1600 1600 80 46 0 80 52 0 80 42 0 80 44 0 15250 1210000 18150 1068052 1162500 1241016
 3771.828812 18339 1600 1600 1600 1600 80 46 0 80 52 0 80 42 0 80 44 0 15494 1210000 18150 1070518 1162500 1243340
 3772.028824 18340 1600 1600 1600 1600 80 46 0 80 52 0 80 42 0 80 44 0 15250 1210000 18150 1070518 1162500 1243340
 3772.228814 18341 1600 1600 1600 1600 80 46 0 80 52 0 80 42 0 80 44 0 15738 1210000 18150 1064490 1162500 1236368
 3772.428814 18342 1600 1600 1600 1600 80 46 0 80 52 0 80 42 0 80 44 0 15738 1210000 18150 1064490 1162500 1236368
 3772.628814 18343 1600 1600 1600 1600 80 46 0 80 52 0 80 42 0 80 44 0 15494 1210000 18150 1064764 1162500 1236368
 3772.828815 18344 1600 1600 1600 1600 80 46 0 80 52 0 80 42 0 80 44 0 15494 1210000 18150 1064764 1162500 1236368
 3773.028823 18345 1600 1600 1600 1600 80 46 0 80 52 0 80 42 0 80 44 0 15738 1208750 18120 1063120 1162500 1235206
 3773.228815 18346 1600 1600 1600 1600 80 46 0 80 52 0 80 42 0 80 44 0 15738 1208750 18120 1063120 1162500 1235206
 3773.428814 18347 1600 1600 1600 1600 80 46 0 80 52 0 80 42 0 80 44 0 15738 1210000 18150 1063668 1162500 1235206
 3773.628815 18348 1600 1600 1600 1600 80 46 0 80 52 0 80 42 0 80 44 0 15494 1210000 18150 1062846 1162500 1234044
 3773.828814 18349 1600 1600 1600 1600 80 46 0 80 52 0 80 42 0 80 44 0 15738 1210000 18150 1063394 1162500 1235206
 3774.028824 18350 1600 1600 1600 1600 80 46 0 80 52 0 80 42 0 80 44 0 15738 1210000 18150 1063394 1162500 1235206
 3774.228871 18351 1600 1600 1600 1600 80 46 0 80 52 0 80 42 0 80 44 0 15738 1210000 18150 1063120 1162500 1235206
 3774.428817 18352 1600 1600 1600 1600 80 46 0 80 52 0 80 42 0 80 44 0 15738 1210000 18150 1064490 1162500 1236368
 3774.628815 18353 1600 1600 1600 1600 80 46 0 80 52 0 80 42 0 80 44 0 15738 1210000 18150 1065038 1162500 1237530
 3774.828816 18354 1600 1600 1600 1600 80 46 0 80 52 0 80 42 0 80 44 0 15738 1210000 18150 1065038 1162500 1237530
 3775.028823 18355 1600 1600 1600 1600 80 46 0 80 52 0 80 42 0 80 44 0 15738 1210000 18150 1063942 1162500 1235206
 3775.228811 18356 1600 1600 1600 1600 80 46 0 80 52 0 80 42 0 80 44 0 15494 1210000 18150 1057914 1162500 1228234
 3775.428815 18357 1600 1600 1600 1600 80 46 0 80 52 0 80 42 0 80 44 0 15738 1210000 18150 1062024 1162500 1234044
 3775.628815 18358 1600 1600 1600 1600 80 46 0 80 52 0 80 42 0 80 44 0 15494 1208750 18120 1064764 1162500 1236368
 3775.828815 18359 1600 1600 1600 1600 80 46 0 80 52 0 80 42 0 80 44 0 15494 1208750 18120 1064764 1162500 1236368
 3776.028823 18360 1600 1600 1600 1600 80 46 0 80 52 0 80 42 0 80 44 0 15494 1210000 18150 1063394 1162500 1235206
 3776.228812 18361 1600 1600 1600 1600 80 46 0 80 52 0 80 42 0 80 44 0 15494 1210000 18150 1064216 1162500 1236368
 3776.428814 18362 1600 1600 1600 1600 80 46 0 80 52 0 80 42 0 80 44 0 15250 1210000 18150 1063668 1162500 1235206
 3776.628815 18363 1600 1600 1600 1600 80 46 0 80 52 0 80 42 0 80 44 0 15250 1210000 18150 1063668 1162500 1235206
 3776.828814 18364 1600 1600 1600 1600 80 46 0 80 52 0 80 42 0 80 44 0 15494 1208750 18120 1064490 1162500 1236368
 3777.028823 18365 1600 1600 1600 1600 80 46 0 80 52 0 80 42 0 80 44 0 15738 1210000 18150 1064764 1162500 1236368
 3777.228872 18366 1600 1600 1600 1600 80 46 0 80 52 0 80 42 0 80 44 0 15738 1210000 18150 1062572 1162500 1234044
 3777.428815 18367 1600 1600 1600 1600 80 46 0 80 52 0 80 42 0 80 44 0 15738 1210000 18150 1062572 1162500 1234044
 3777.628815 18368 1600 1600 1600 1600 80 46 0 80 52 0 80 42 0 80 44 0 15494 1210000 18150 1066134 1162500 1238692
 3777.828814 18369 1600 1600 1600 1600 80 46 0 80 52 0 80 42 0 80 44 0 15494 1210000 18150 1067504 1162500 1239854
 3778.028824 18370 1600 1600 1600 1600 80 46 0 80 52 0 80 42 0 80 44 0 15494 1210000 18150 1067778 1162500 1239854
 3778.228814 18371 1600 1600 1600 1600 80 46 0 80 52 0 80 42 0 80 44 0 15494 1210000 18150 1067778 1162500 1239854
 3778.428814 18372 1600 1600 1600 1600 80 46 0 80 52 0 80 42 0 80 44 0 15494 1210000 18150 1063942 1162500 1235206
 3778.628814 18373 1600 1600 1600 1600 80 46 0 80 52 0 80 42 0 80 44 0 15494 1210000 18150 1063668 1162500 1235206
 3778.828815 18374 1600 1600 1600 1600 80 46 0 80 52 0 80 42 0 80 44 0 15738 1210000 18150 1062572 1162500 1234044
 3779.028823 18375 1600 1600 1600 1600 80 46 0 80 52 0 80 42 0 80 44 0 15738 1210000 18150 1062572 1162500 1234044
 3779.228814 18376 1600 1600 1600 1600 80 46 0 80 52 0 80 42 0 80 44 0 15738 1210000 18150 1063120 1162500 1235206
 3779.428815 18377 1600 1600 1600 1600 80 46 0 80 52 0 80 42 0 80 44 0 15494 1208750 18120 1064490 1162500 1236368
 3779.628811 18378 1600 1600 1600 1600 80 46 0 80 52 0 80 42 0 80 44 0 15738 1210000 18150 1065038 1162500 1237530
 3779.828814 18379 1600 1600 1600 1600 80 46 0 80 52 0 80 42 0 80 44 0 15738 1210000 18150 1065038 1162500 1237530
 3780.028824 18380 1600 1600 1600 1600 80 46 0 80 52 0 80 42 0 80 44 0 15738 1210000 18150 1067778 1162500 1239854
 3780.228872 18381 1600 1600 1600 1600 80 46 0 80 52 0 80 42 0 80 44 0 15494 1210000 18150 1063394 1162500 1235206
 3780.428816 18382 1600 1600 1600 1600 80 46 0 80 52 0 80 42 0 80 44 0 15494 1210000 18150 1065860 1162500 1237530
 3780.628813 18383 1600 1600 1600 1600 80 46 0 80 52 0 80 42 0 80 44 0 15494 1210000 18150 1065860 1162500 1237530
 3780.828812 18384 1600 1600 1600 1600 80 46 0 80 52 0 80 42 0 80 44 0 15494 1210000 18150 1068600 1162500 1241016
 3781.028823 18385 1600 1600 1600 1600 80 46 0 80 52 0 80 42 0 80 44 0 15738 1210000 18150 1063668 1162500 1235206
 3781.228815 18386 1600 1600 1600 1600 80 46 0 80 52 0 80 42 0 80 44 0 15494 1210000 18150 1065586 1162500 1237530
 3781.428794 18387 1600 1600 1600 1600 80 46 0 80 52 0 80 42 0 80 44 0 15494 1208750 18120 1066134 1162500 1238692
 3781.628814 18388 1600 1600 1600 1600 80 46 0 80 52 0 80 42 0 80 44 0 15494 1208750 18120 1066134 1162500 1238692
 3781.828814 18389 1600 1600 1600 1600 80 46 0 80 52 0 80 42 0 80 44 0 15250 1210000 18150 1068326 1162500 1241016
 3782.028823 18390 1600 1600 1600 1600 80 46 0 80 52 0 80 42 0 80 44 0 15494 1210000 18150 1066408 1162500 1238692
 3782.228814 18391 1600 1600 1600 1600 80 46 0 80 52 0 80 42 0 80 44 0 15738 1210000 18150 1067230 1162500 1239854
 3782.428815 18392 1600 1600 1600 1600 80 46 0 80 52 0 80 42 0 80 44 0 15738 1210000 18150 1067230 1162500 1239854
 3782.628815 18393 1600 1600 1600 1600 80 46 0 80 52 0 80 42 0 80 44 0 15494 1210000 18150 1065586 1162500 1237530
 3782.828814 18394 1600 1600 1600 1600 80 46 0 80 52 0 80 42 0 80 44 0 15738 1210000 18150 1066408 1162500 1238692
 3783.028823 18395 1600 1600 1600 1600 79 46 0 79 52 0 79 42 0 79 44 0 15738 1210000 18150 1067504 1162500 1239854
 3783.228873 18396 1600 1600 1600 1600 79 46 0 79 52 0 79 42 0 79 44 0 15738 1210000 18150 1067504 1162500 1239854
 3783.428816 18397 1600 1600 1600 1600 79 46 0 79 52 0 79 42 0 79 44 0 15738 1210000 18150 1069148 1162500 1242178
 3783.628815 18398 1600 1600 1600 1600 79 46 0 79 52 0 79 42 0 79 44 0 15494 1210000 18150 1067504 1162500 1239854
 3783.828814 18399 1600 1600 1600 1600 79 46 0 79 52 0 79 42 0 79 44 0 15494 1210000 18150 1060380 1162500 1231720
 3784.028824 18400 1600 1600 1600 1600 80 46 0 80 52 0 80 42 0 80 44 0 15494 1210000 18150 1060380 1162500 1231720
 3784.228811 18401 1600 1600 1600 1600 80 46 0 80 52 0 80 42 0 80 44 0 15738 1210000 18150 1062572 1162500 1234044
 3784.428815 18402 1600 1600 1600 1600 80 46 0 80 52 0 80 42 0 80 44 0 15250 1208750 18120 1062298 1162500 1234044
 3784.628816 18403 1600 1600 1600 1600 80 46 0 80 52 0 80 42 0 80 44 0 15738 1210000 18150 1063668 1162500 1235206
 3784.828816 18404 1600 1600 1600 1600 80 46 0 80 52 0 80 42 0 80 44 0 15738 1210000 18150 1063668 1162500 1235206
 3785.028823 18405 1600 1600 1600 1600 79 46 0 79 52 0 79 42 0 79 44 0 15494 1210000 18150 1066134 1162500 1238692
 3785.228811 18406 1600 1600 1600 1600 79 46 0 79 52 0 79 42 0 79 44 0 15494 1210000 18150 1062024 1162500 1234044
 3785.428859 18407 1600 1600 1600 1600 79 46 0 79 52 0 79 42 0 79 44 0 15250 1210000 18150 1065860 1162500 1237530
 3785.628804 18408 1600 1600 1600 1600 79 46 0 79 52 0 79 42 0 79 44 0 15250 1210000 18150 1065860 1162500 1237530
 3785.828805 18409 1600 1600 1600 1600 79 46 0 79 52 0 79 42 0 79 44 0 15250 1210000 18150 339760 1158750 392562
 3786.028890 18410 1600 1600 1600 1600 77 46 0 77 52 0 77 42 0 77 44 0 15494 1210000 18150 89324 1157500 102973
