28314.144982 139424 250 250 250 250 73 46 0 73 52 0 73 42 0 73 44 0 9028 950000 8550 7398 958750 6706
28314.344956 139425 250 250 250 250 73 46 0 73 52 0 73 42 0 73 44 0 8479 950000 7600 7124 958750 6706
28314.544954 139426 250 250 250 250 73 46 0 73 52 0 73 42 0 73 44 0 8723 950000 7600 7124 958750 6706
28314.744953 139427 250 250 250 250 73 46 0 73 52 0 73 42 0 73 44 0 8723 950000 7600 7124 958750 6706
28314.944957 139428 250 250 250 250 73 46 0 73 52 0 73 42 0 73 44 0 8723 950000 7600 7124 958750 6706
28315.144977 139429 250 250 250 250 73 46 0 73 52 0 73 42 0 73 44 0 8723 950000 7600 7124 958750 6706
28315.349978 139430 250 250 250 250 73 46 0 73 52 0 73 42 0 73 44 0 8723 950000 7600 7124 958750 6706
28315.549961 139431 250 250 250 250 73 46 0 73 52 0 73 42 0 73 44 0 8723 950000 7600 7124 958750 6706
28315.749955 139432 250 250 250 250 73 46 0 73 52 0 73 42 0 73 44 0 32269 948750 30336 7124 958750 6706
28315.949955 139433 250 250 250 250 73 46 0 73 52 0 73 42 0 73 44 0 32269 948750 30336 7124 958750 6706
28316.149985 139434 250 250 250 250 73 46 0 73 52 0 73 42 0 73 44 0 8723 950000 7600 7124 958750 6706
28316.349903 139435 250 250 250 250 73 46 0 73 52 0 73 42 0 73 44 0 8723 950000 7600 7124 958750 6706
28316.549964 139436 250 250 250 250 73 46 0 73 52 0 73 42 0 73 44 0 18971 950000 17100 7124 958750 6706
28316.749966 139437 250 250 250 250 73 46 0 73 52 0 73 42 0 73 44 0 18971 950000 17100 7124 958750 6706
28316.950031 139438 250 250 250 250 73 46 0 73 52 0 73 42 0 73 44 0 53497 948750 50244 7124 958750 6706
28317.149915 139439 250 250 250 250 73 46 0 73 52 0 73 42 0 73 44 0 58011 948750 54984 7124 958750 6706
28317.349937 139440 250 250 250 250 73 46 0 73 52 0 73 42 0 73 44 0 53497 948750 50244 7124 958750 6706
28317.549908 139441 250 250 250 250 73 46 0 73 52 0 73 42 0 73 44 0 53497 948750 50244 7124 958750 6706
28317.750187 139442 250 250 250 250 73 46 0 73 52 0 73 42 0 73 44 0 54473 948750 51192 7124 958750 6706
28317.950186 139443 250 250 250 250 73 46 0 73 52 0 73 42 0 73 44 0 54473 947500 51138 7398 958750 6706
28318.150168 139444 250 250 250 250 73 46 0 73 52 0 73 42 0 73 44 0 53985 947500 50191 7398 958750 6706
28318.350181 139445 250 250 250 250 73 46 0 73 52 0 73 42 0 73 44 0 53985 947500 50191 7398 958750 6706
28318.550104 139446 250 250 250 250 73 46 0 73 52 0 73 42 0 73 44 0 52765 948750 49296 7398 958750 6706
28318.750002 139447 250 250 250 250 73 46 0 73 52 0 73 42 0 73 44 0 53741 948750 50244 7398 958750 6706
28318.949927 139448 250 250 250 250 73 46 0 73 52 0 73 42 0 73 44 0 51972 948750 48348 7124 958750 6706
28319.149993 139449 250 250 250 250 73 46 0 73 52 0 73 42 0 73 44 0 51972 948750 48348 7124 958750 6706
28319.349959 139450 250 250 250 250 73 46 0 73 52 0 73 42 0 73 44 0 43249 948750 40764 7124 958750 6706
28319.549954 139451 250 250 250 250 73 46 0 73 52 0 73 42 0 73 44 0 44774 948750 41712 7124 958750 6706
28319.749953 139452 250 250 250 250 73 46 0 73 52 0 73 42 0 73 44 0 44774 948750 41712 7398 958750 6706
28319.949955 139453 250 250 250 250 73 46 0 73 52 0 73 42 0 73 44 0 44774 948750 41712 7398 958750 6706
28320.149979 139454 250 250 250 250 73 46 0 73 52 0 73 42 0 73 44 0 44469 948750 41712 7124 958750 6706
28320.349956 139455 250 250 250 250 73 46 0 73 52 0 73 42 0 73 44 0 44469 948750 41712 7124 958750 6706
28320.549954 139456 250 250 250 250 73 46 0 73 52 0 73 42 0 73 44 0 44774 948750 41712 7124 958750 6706
28320.749953 139457 250 250 250 250 73 46 0 73 52 0 73 42 0 73 44 0 44774 948750 41712 7124 958750 6706
28320.949953 139458 250 250 250 250 73 46 0 73 52 0 73 42 0 73 44 0 44774 948750 41712 7124 958750 6706
28321.149940 139459 250 250 250 250 73 46 0 73 52 0 73 42 0 73 44 0 44225 948750 41712 7124 958750 6706
28321.349953 139460 250 250 250 250 73 46 0 73 52 0 73 42 0 73 44 0 44469 948750 41712 7124 958750 6706
28321.549927 139461 250 250 250 250 73 46 0 73 52 0 73 42 0 73 44 0 44774 948750 41712 7124 958750 6706
28321.749952 139462 250 250 250 250 73 46 0 73 52 0 73 42 0 73 44 0 44774 948750 41712 7124 958750 6706
28321.949957 139463 250 250 250 250 73 46 0 73 52 0 73 42 0 73 44 0 44469 948750 41712 7124 958750 6706
28322.149976 139464 250 250 250 250 73 46 0 73 52 0 73 42 0 73 44 0 44469 948750 41712 7398 958750 6706
28322.349952 139465 250 250 250 250 73 46 0 73 52 0 73 42 0 73 44 0 45018 948750 42660 7398 958750 6706
28322.549952 139466 250 250 250 250 73 46 0 73 52 0 73 42 0 73 44 0 45018 948750 42660 7398 958750 6706
28322.749953 139467 250 250 250 250 73 46 0 73 52 0 73 42 0 73 44 0 44774 948750 41712 7398 958750 6706
28322.949952 139468 250 250 250 250 73 46 0 73 52 0 73 42 0 73 44 0 44774 948750 41712 7124 958750 6706
28323.149976 139469 250 250 250 250 73 46 0 73 52 0 73 42 0 73 44 0 44774 948750 41712 7398 958750 6706
28323.349954 139470 250 250 250 250 73 46 0 73 52 0 73 42 0 73 44 0 44774 948750 41712 7398 958750 6706
28323.549940 139471 250 250 250 250 73 46 0 73 52 0 73 42 0 73 44 0 44469 948750 41712 7124 958750 6706
28323.749951 139472 250 250 250 250 73 46 0 73 52 0 73 42 0 73 44 0 45262 948750 42660 7124 958750 6706
28323.949951 139473 250 250 250 250 73 46 0 73 52 0 73 42 0 73 44 0 44774 948750 41712 7124 958750 6706
28324.149978 139474 250 250 250 250 73 46 0 73 52 0 73 42 0 73 44 0 44774 948750 41712 7124 958750 6706
28324.349954 139475 250 250 250 250 73 46 0 73 52 0 73 42 0 73 44 0 44774 948750 41712 7124 958750 6706
28324.549951 139476 250 250 250 250 73 46 0 73 52 0 73 42 0 73 44 0 45018 948750 42660 7124 958750 6706
28324.749951 139477 250 250 250 250 73 46 0 73 52 0 73 42 0 73 44 0 44774 948750 41712 7124 958750 6706
28324.949958 139478 250 250 250 250 73 46 0 73 52 0 73 42 0 73 44 0 44774 948750 41712 7124 958750 6706
28325.149977 139479 250 250 250 250 73 46 0 73 52 0 73 42 0 73 44 0 44774 948750 41712 7124 958750 6706
28325.349955 139480 250 250 250 250 73 46 0 73 52 0 73 42 0 73 44 0 44469 948750 41712 7124 958750 6706
28325.549953 139481 250 250 250 250 73 46 0 73 52 0 73 42 0 73 44 0 45018 948750 42660 7398 958750 6706
28325.749953 139482 250 250 250 250 73 46 0 73 52 0 73 42 0 73 44 0 45018 948750 42660 7398 958750 6706
28325.949940 139483 250 250 250 250 73 46 0 73 52 0 73 42 0 73 44 0 44774 948750 41712 7124 958750 6706
28326.149977 139484 250 250 250 250 73 46 0 73 52 0 73 42 0 73 44 0 45262 948750 42660 7398 958750 6706
28326.349953 139485 250 250 250 250 73 46 0 73 52 0 73 42 0 73 44 0 44469 948750 41712 7124 958750 6706
28326.549956 139486 250 250 250 250 73 46 0 73 52 0 73 42 0 73 44 0 44469 948750 41712 7124 958750 6706
28326.749952 139487 250 250 250 250 73 46 0 73 52 0 73 42 0 73 44 0 44774 948750 41712 7124 958750 6706
28326.949952 139488 250 250 250 250 73 46 0 73 52 0 73 42 0 73 44 0 44774 948750 41712 7398 958750 6706
28327.149976 139489 250 250 250 250 73 46 0 73 52 0 73 42 0 73 44 0 44774 948750 41712 7124 958750 6706
28327.349935 139490 250 250 250 250 73 46 0 73 52 0 73 42 0 73 44 0 44774 948750 41712 7124 958750 6706
28327.549954 139491 250 250 250 250 73 46 0 73 52 0 73 42 0 73 44 0 44469 948750 41712 7124 958750 6706
28327.749952 139492 250 250 250 250 73 46 0 73 52 0 73 42 0 73 44 0 45018 948750 42660 7398 958750 6706
28327.949956 139493 250 250 250 250 73 46 0 73 52 0 73 42 0 73 44 0 44469 948750 41712 7398 958750 6706
28328.149913 139494 250 250 250 250 73 46 0 73 52 0 73 42 0 73 44 0 44774 948750 41712 7398 958750 6706
28328.349955 139495 250 250 250 250 73 46 0 73 52 0 73 42 0 73 44 0 44774 948750 41712 7398 958750 6706
28328.549953 139496 250 250 250 250 73 46 0 73 52 0 73 42 0 73 44 0 44774 948750 41712 7124 958750 6706
28328.749952 139497 250 250 250 250 73 46 0 73 52 0 73 42 0 73 44 0 44469 948750 41712 7124 958750 6706
28328.949952 139498 250 250 250 250 73 46 0 73 52 0 73 42 0 73 44 0 44469 948750 41712 7124 958750 6706
28329.149978 139499 250 250 250 250 73 46 0 73 52 0 73 42 0 73 44 0 44469 948750 41712 7124 958750 6706
28329.349956 139500 250 250 250 250 73 46 0 73 52 0 73 42 0 73 44 0 44774 948750 41712 7124 958750 6706
28329.549954 139501 250 250 250 250 73 46 0 73 52 0 73 42 0 73 44 0 45262 948750 42660 7124 958750 6706
28329.749952 139502 250 250 250 250 73 46 0 73 52 0 73 42 0 73 44 0 45262 948750 42660 7398 958750 6706
28329.949952 139503 250 250 250 250 73 46 0 73 52 0 73 42 0 73 44 0 45262 948750 42660 7398 958750 6706
28330.149975 139504 250 250 250 250 73 46 0 73 52 0 73 42 0 73 44 0 44774 948750 41712 7124 958750 6706
28330.349954 139505 250 250 250 250 73 46 0 73 52 0 73 42 0 73 44 0 44774 948750 41712 7124 958750 6706
28330.549939 139506 250 250 250 250 73 46 0 73 52 0 73 42 0 73 44 0 44469 948750 41712 7124 958750 6706
28330.749955 139507 250 250 250 250 73 46 0 73 52 0 73 42 0 73 44 0 44469 948750 41712 7124 958750 6706
28330.949956 139508 250 250 250 250 73 46 0 73 52 0 73 42 0 73 44 0 44774 948750 41712 7124 958750 6706
28331.149976 139509 250 250 250 250 73 46 0 73 52 0 73 42 0 73 44 0 44469 948750 41712 7124 958750 6706
28331.349952 139510 250 250 250 250 73 46 0 73 52 0 73 42 0 73 44 0 44774 948750 41712 7124 958750 6706
28331.549952 139511 250 250 250 250 73 46 0 73 52 0 73 42 0 73 44 0 44774 948750 41712 7124 958750 6706
28331.749952 139512 250 250 250 250 73 46 0 73 52 0 73 42 0 73 44 0 45018 948750 42660 7124 958750 6706
28331.949952 139513 250 250 250 250 73 46 0 73 52 0 73 42 0 73 44 0 44774 948750 41712 7124 958750 6706
28332.149976 139514 250 250 250 250 73 46 0 73 52 0 73 42 0 73 44 0 44225 948750 41712 7124 958750 6706
28332.349955 139515 250 250 250 250 73 46 0 73 52 0 73 42 0 73 44 0 44225 948750 41712 7124 958750 6706
28332.549952 139516 250 250 250 250 73 46 0 73 52 0 73 42 0 73 44 0 44469 948750 41712 7124 958750 6706
28332.749952 139517 250 250 250 250 73 46 0 73 52 0 73 42 0 73 44 0 44774 948750 41712 7124 958750 6706
28332.949938 139518 250 250 250 250 73 46 0 73 52 0 73 42 0 73 44 0 44225 948750 41712 7124 958750 6706
28333.149981 139519 250 250 250 250 73 46 0 73 52 0 73 42 0 73 44 0 44225 948750 41712 7124 958750 6706
28333.349955 139520 250 250 250 250 73 46 0 73 52 0 73 42 0 73 44 0 44774 948750 41712 7124 958750 6706
28333.549952 139521 250 250 250 250 73 46 0 73 52 0 73 42 0 73 44 0 45018 948750 42660 7124 958750 6706
28333.749952 139522 250 250 250 250 73 46 0 73 52 0 73 42 0 73 44 0 44469 948750 41712 7398 958750 6706
28333.949998 139523 250 250 250 250 73 46 0 73 52 0 73 42 0 73 44 0 44469 948750 41712 7398 958750 6706
28334.149976 139524 250 250 250 250 73 46 0 73 52 0 73 42 0 73 44 0 44774 948750 41712 7398 958750 6706
28334.349954 139525 250 250 250 250 73 46 0 73 52 0 73 42 0 73 44 0 44469 948750 41712 7124 958750 6706
28334.549952 139526 250 250 250 250 73 46 0 73 52 0 73 42 0 73 44 0 44774 948750 41712 7124 958750 6706
28334.749952 139527 250 250 250 250 73 46 0 73 52 0 73 42 0 73 44 0 44774 948750 41712 7124 958750 6706
28334.949953 139528 250 250 250 250 73 46 0 73 52 0 73 42 0 73 44 0 44774 948750 41712 7124 958750 6706
28335.149974 139529 250 250 250 250 73 46 0 73 52 0 73 42 0 73 44 0 44469 948750 41712 7124 958750 6706
28335.349939 139530 250 250 250 250 73 46 0 73 52 0 73 42 0 73 44 0 44774 948750 41712 7124 958750 6706
28335.549951 139531 250 250 250 250 73 46 0 73 52 0 73 42 0 73 44 0 45262 948750 42660 7124 958750 6706
28335.749951 139532 250 250 250 250 73 46 0 73 52 0 73 42 0 73 44 0 45262 948750 42660 7124 958750 6706
28335.949952 139533 250 250 250 250 73 46 0 73 52 0 73 42 0 73 44 0 44774 948750 41712 7124 958750 6706
28336.149975 139534 250 250 250 250 73 46 0 73 52 0 73 42 0 73 44 0 44225 948750 41712 7124 958750 6706
28336.349953 139535 250 250 250 250 73 46 0 73 52 0 73 42 0 73 44 0 45018 948750 42660 7124 958750 6706
28336.549952 139536 250 250 250 250 73 46 0 73 52 0 73 42 0 73 44 0 45018 948750 42660 7124 958750 6706
28336.749951 139537 250 250 250 250 73 46 0 73 52 0 73 42 0 73 44 0 44469 948750 41712 7124 958750 6706
28336.949956 139538 250 250 250 250 73 46 0 73 52 0 73 42 0 73 44 0 45018 948750 42660 7124 958750 6706
28337.149975 139539 250 250 250 250 73 46 0 73 52 0 73 42 0 73 44 0 45018 948750 42660 7124 958750 6706
28337.349956 139540 250 250 250 250 73 46 0 73 52 0 73 42 0 73 44 0 45018 948750 42660 7124 958750 6706
28337.549952 139541 250 250 250 250 73 46 0 73 52 0 73 42 0 73 44 0 44774 948750 41712 7398 958750 6706
28337.749939 139542 250 250 250 250 73 46 0 73 52 0 73 42 0 73 44 0 44469 948750 41712 7124 958750 6706
28337.949951 139543 250 250 250 250 73 46 0 73 52 0 73 42 0 73 44 0 44774 948750 41712 7124 958750 6706
28338.149975 139544 250 250 250 250 73 46 0 73 52 0 73 42 0 73 44 0 44774 948750 41712 7124 958750 6706
28338.349953 139545 250 250 250 250 73 46 0 73 52 0 73 42 0 73 44 0 45018 948750 42660 7124 958750 6706
28338.549952 139546 250 250 250 250 73 46 0 73 52 0 73 42 0 73 44 0 45018 948750 42660 7398 958750 6706
28338.749955 139547 250 250 250 250 73 46 0 73 52 0 73 42 0 73 44 0 44774 948750 41712 7398 958750 6706
28338.949952 139548 250 250 250 250 73 46 0 73 52 0 73 42 0 73 44 0 44774 948750 41712 7398 958750 6706
28339.149974 139549 250 250 250 250 73 46 0 73 52 0 73 42 0 73 44 0 45018 948750 42660 7398 958750 6706
28339.349953 139550 250 250 250 250 73 46 0 73 52 0 73 42 0 73 44 0 45018 948750 42660 7124 958750 6706
28339.549948 139551 250 250 250 250 73 46 0 73 52 0 73 42 0 73 44 0 45018 948750 42660 7124 958750 6706
28339.749934 139552 250 250 250 250 73 46 0 73 52 0 73 42 0 73 44 0 45018 948750 42660 7124 958750 6706
28339.949938 139553 250 250 250 250 73 46 0 73 52 0 73 42 0 73 44 0 44469 948750 41712 7398 958750 6706
28340.149920 139554 250 250 250 250 73 46 0 73 52 0 73 42 0 73 44 0 44469 948750 41712 7124 958750 6706
28340.349935 139555 250 250 250 250 73 46 0 73 52 0 73 42 0 73 44 0 44774 948750 41712 7124 958750 6706
28340.549925 139556 250 250 250 250 73 46 0 73 52 0 73 42 0 73 44 0 44774 948750 41712 7124 958750 6706
28340.749934 139557 250 250 250 250 73 46 0 73 52 0 73 42 0 73 44 0 44774 948750 41712 7124 958750 6706
28340.949934 139558 250 250 250 250 73 46 0 73 52 0 73 42 0 73 44 0 44774 948750 41712 7124 958750 6706
28341.149958 139559 250 250 250 250 73 46 0 73 52 0 73 42 0 73 44 0 44774 948750 41712 7124 958750 6706
28341.349936 139560 250 250 250 250 73 46 0 73 52 0 73 42 0 73 44 0 44469 948750 41712 7124 958750 6706
28341.549934 139561 250 250 250 250 73 46 0 73 52 0 73 42 0 73 44 0 44469 948750 41712 7124 958750 6706
28341.749933 139562 250 250 250 250 73 46 0 73 52 0 73 42 0 73 44 0 44774 948750 41712 7124 958750 6706
28341.949934 139563 250 250 250 250 73 46 0 73 52 0 73 42 0 73 44 0 44774 948750 41712 7398 958750 6706
28342.149958 139564 250 250 250 250 73 46 0 73 52 0 73 42 0 73 44 0 44469 948750 41712 7124 958750 6706
28342.349936 139565 250 250 250 250 73 46 0 73 52 0 73 42 0 73 44 0 44469 948750 41712 7124 958750 6706
28342.549940 139566 250 250 250 250 73 46 0 73 52 0 73 42 0 73 44 0 44774 948750 41712 7124 958750 6706
28342.749952 139567 250 250 250 250 73 46 0 73 52 0 73 42 0 73 44 0 44774 948750 41712 7124 958750 6706
28342.949955 139568 250 250 250 250 73 46 0 73 52 0 73 42 0 73 44 0 44774 948750 41712 7124 958750 6706
28343.149976 139569 250 250 250 250 73 46 0 73 52 0 73 42 0 73 44 0 44774 948750 41712 7124 958750 6706
28343.349955 139570 250 250 250 250 73 46 0 73 52 0 73 42 0 73 44 0 44469 948750 41712 7398 958750 6706
28343.549952 139571 250 250 250 250 73 46 0 73 52 0 73 42 0 73 44 0 44774 948750 41712 7398 958750 6706
28343.749951 139572 250 250 250 250 73 46 0 73 52 0 73 42 0 73 44 0 44469 948750 41712 7124 958750 6706
28343.949952 139573 250 250 250 250 73 46 0 73 52 0 73 42 0 73 44 0 44469 948750 41712 7124 958750 6706
28344.149977 139574 250 250 250 250 73 46 0 73 52 0 73 42 0 73 44 0 45018 948750 42660 7124 958750 6706
28344.349955 139575 250 250 250 250 73 46 0 73 52 0 73 42 0 73 44 0 44774 948750 41712 7124 958750 6706
28344.549953 139576 250 250 250 250 73 46 0 73 52 0 73 42 0 73 44 0 45018 948750 42660 7124 958750 6706
28344.749952 139577 250 250 250 250 73 46 0 73 52 0 73 42 0 73 44 0 45018 948750 42660 7124 958750 6706
28344.949941 139578 250 250 250 250 73 46 0 73 52 0 73 42 0 73 44 0 44469 948750 41712 7398 958750 6706
28345.149975 139579 250 250 250 250 73 46 0 73 52 0 73 42 0 73 44 0 44774 948750 41712 7124 958750 6706
28345.349951 139580 250 250 250 250 73 46 0 73 52 0 73 42 0 73 44 0 45018 948750 42660 7124 958750 6706
28345.549953 139581 250 250 250 250 73 46 0 73 52 0 73 42 0 73 44 0 45018 948750 42660 7124 958750 6706
28345.749953 139582 250 250 250 250 73 46 0 73 52 0 73 42 0 73 44 0 45018 948750 42660 7124 958750 6706
28345.949956 139583 250 250 250 250 73 46 0 73 52 0 73 42 0 73 44 0 44469 948750 41712 7398 958750 6706
28346.149978 139584 250 250 250 250 73 46 0 73 52 0 73 42 0 73 44 0 45018 948750 42660 7124 958750 6706
28346.349936 139585 250 250 250 250 73 46 0 73 52 0 73 42 0 73 44 0 45018 948750 42660 7124 958750 6706
28346.549953 139586 250 250 250 250 73 46 0 73 52 0 73 42 0 73 44 0 45018 948750 42660 7124 958750 6706
28346.749952 139587 250 250 250 250 73 46 0 73 52 0 73 42 0 73 44 0 45262 948750 42660 7398 958750 6706
28346.949951 139588 250 250 250 250 73 46 0 73 52 0 73 42 0 73 44 0 45018 948750 42660 7124 958750 6706
28347.149912 139589 250 250 250 250 73 46 0 73 52 0 73 42 0 73 44 0 44774 948750 41712 7124 958750 6706
28347.349954 139590 250 250 250 250 73 46 0 73 52 0 73 42 0 73 44 0 44774 948750 41712 7124 958750 6706
28347.549953 139591 250 250 250 250 73 46 0 73 52 0 73 42 0 73 44 0 45018 948750 42660 7124 958750 6706
28347.749952 139592 250 250 250 250 73 46 0 73 52 0 73 42 0 73 44 0 44774 948750 41712 7124 958750 6706
28347.949951 139593 250 250 250 250 73 46 0 73 52 0 73 42 0 73 44 0 44774 948750 41712 7398 958750 6706
28348.149976 139594 250 250 250 250 73 46 0 73 52 0 73 42 0 73 44 0 44774 948750 41712 7398 958750 6706
28348.349953 139595 250 250 250 250 73 46 0 73 52 0 73 42 0 73 44 0 45018 948750 42660 7398 958750 6706
28348.549952 139596 250 250 250 250 73 46 0 73 52 0 73 42 0 73 44 0 44774 948750 41712 7398 958750 6706
28348.749952 139597 250 250 250 250 73 46 0 73 52 0 73 42 0 73 44 0 44469 948750 41712 7124 958750 6706
28348.949958 139598 250 250 250 250 73 46 0 73 52 0 73 42 0 73 44 0 44469 948750 41712 7124 958750 6706
28349.149979 139599 250 250 250 250 73 46 0 73 52 0 73 42 0 73 44 0 44469 948750 41712 7124 958750 6706
28349.349954 139600 250 250 250 250 73 46 0 73 52 0 73 42 0 73 44 0 44774 948750 41712 7398 958750 6706
28349.549939 139601 250 250 250 250 73 46 0 73 52 0 73 42 0 73 44 0 44774 948750 41712 7124 958750 6706
28349.749952 139602 250 250 250 250 73 46 0 73 52 0 73 42 0 73 44 0 44774 948750 41712 7124 958750 6706
28349.949953 139603 250 250 250 250 73 46 0 73 52 0 73 42 0 73 44 0 44774 948750 41712 7124 958750 6706
28350.149975 139604 250 250 250 250 73 46 0 73 52 0 73 42 0 73 44 0 44774 948750 41712 7124 958750 6706
28350.349953 139605 250 250 250 250 73 46 0 73 52 0 73 42 0 73 44 0 44774 948750 41712 7124 958750 6706
28350.549955 139606 250 250 250 250 73 46 0 73 52 0 73 42 0 73 44 0 44774 948750 41712 7124 958750 6706
28350.749952 139607 250 250 250 250 73 46 0 73 52 0 73 42 0 73 44 0 45018 948750 42660 7398 958750 6706
28350.949952 139608 250 250 250 250 73 46 0 73 52 0 73 42 0 73 44 0 44774 948750 41712 7398 958750 6706
28351.149976 139609 250 250 250 250 73 46 0 73 52 0 73 42 0 73 44 0 45018 948750 42660 7124 958750 6706
28351.349954 139610 250 250 250 250 73 46 0 73 52 0 73 42 0 73 44 0 45018 948750 42660 7124 958750 6706
28351.549952 139611 250 250 250 250 73 46 0 73 52 0 73 42 0 73 44 0 45018 948750 42660 7398 958750 6706
28351.749951 139612 250 250 250 250 73 46 0 73 52 0 73 42 0 73 44 0 44774 948750 41712 7398 958750 6706
28351.949939 139613 250 250 250 250 73 46 0 73 52 0 73 42 0 73 44 0 45018 948750 42660 7124 958750 6706
28352.149977 139614 250 250 250 250 73 46 0 73 52 0 73 42 0 73 44 0 45018 948750 42660 7124 958750 6706
28352.349953 139615 250 250 250 250 73 46 0 73 52 0 73 42 0 73 44 0 45018 948750 42660 7124 958750 6706
28352.549953 139616 250 250 250 250 73 46 0 73 52 0 73 42 0 73 44 0 44774 948750 41712 7124 958750 6706
28352.749952 139617 250 250 250 250 73 46 0 73 52 0 73 42 0 73 44 0 44774 948750 41712 7398 958750 6706
28352.950283 139618 250 250 250 250 73 46 0 73 52 0 73 42 0 73 44 0 44774 948750 41712 7124 958750 6706
28353.149978 139619 250 250 250 250 73 46 0 73 52 0 73 42 0 73 44 0 45018 948750 42660 7124 958750 6706
28353.349956 139620 250 250 250 250 73 46 0 73 52 0 73 42 0 73 44 0 44469 948750 41712 7124 958750 6706
28353.549952 139621 250 250 250 250 73 46 0 73 52 0 73 42 0 73 44 0 44774 948750 41712 7124 958750 6706
28353.749952 139622 250 250 250 250 73 46 0 73 52 0 73 42 0 73 44 0 44774 948750 41712 7124 958750 6706
28353.949952 139623 250 250 250 250 73 46 0 73 52 0 73 42 0 73 44 0 44774 948750 41712 7124 958750 6706
28354.149974 139624 250 250 250 250 73 46 0 73 52 0 73 42 0 73 44 0 44469 948750 41712 7398 958750 6706
28354.349939 139625 250 250 250 250 73 46 0 73 52 0 73 42 0 73 44 0 44469 948750 41712 7398 958750 6706
28354.549952 139626 250 250 250 250 73 46 0 73 52 0 73 42 0 73 44 0 44774 948750 41712 7124 958750 6706
28354.749951 139627 250 250 250 250 73 46 0 73 52 0 73 42 0 73 44 0 44774 948750 41712 7124 958750 6706
28354.949956 139628 250 250 250 250 73 46 0 73 52 0 73 42 0 73 44 0 44774 948750 41712 7124 958750 6706
28355.149977 139629 250 250 250 250 73 46 0 73 52 0 73 42 0 73 44 0 45018 948750 42660 7124 958750 6706
28355.349952 139630 250 250 250 250 73 46 0 73 52 0 73 42 0 73 44 0 44774 948750 41712 7124 958750 6706
28355.549952 139631 250 250 250 250 73 46 0 73 52 0 73 42 0 73 44 0 44774 948750 41712 7124 958750 6706
28355.749951 139632 250 250 250 250 73 46 0 73 52 0 73 42 0 73 44 0 44774 948750 41712 7124 958750 6706
28355.949952 139633 250 250 250 250 73 46 0 73 52 0 73 42 0 73 44 0 44774 948750 41712 7398 958750 6706
28356.149976 139634 250 250 250 250 73 46 0 73 52 0 73 42 0 73 44 0 44774 948750 41712 7124 958750 6706
28356.349953 139635 250 250 250 250 73 46 0 73 52 0 73 42 0 73 44 0 44774 948750 41712 7124 958750 6706
28356.549951 139636 250 250 250 250 73 46 0 73 52 0 73 42 0 73 44 0 45018 948750 42660 7124 958750 6706
28356.749940 139637 250 250 250 250 73 46 0 73 52 0 73 42 0 73 44 0 44774 948750 41712 7124 958750 6706
28356.949951 139638 250 250 250 250 73 46 0 73 52 0 73 42 0 73 44 0 44774 948750 41712 7124 958750 6706
28357.149975 139639 250 250 250 250 73 46 0 73 52 0 73 42 0 73 44 0 44774 948750 41712 7124 958750 6706
28357.349952 139640 250 250 250 250 73 46 0 73 52 0 73 42 0 73 44 0 44469 948750 41712 7124 958750 6706
28357.549952 139641 250 250 250 250 73 46 0 73 52 0 73 42 0 73 44 0 44774 948750 41712 7124 958750 6706
28357.749952 139642 250 250 250 250 73 46 0 73 52 0 73 42 0 73 44 0 45018 948750 42660 7398 958750 6706
28357.949956 139643 250 250 250 250 73 46 0 73 52 0 73 42 0 73 44 0 45018 948750 42660 7398 958750 6706
28358.149975 139644 250 250 250 250 73 46 0 73 52 0 73 42 0 73 44 0 44774 948750 41712 7124 958750 6706
28358.349953 139645 250 250 250 250 73 46 0 73 52 0 73 42 0 73 44 0 44774 948750 41712 7124 958750 6706
28358.549952 139646 250 250 250 250 73 46 0 73 52 0 73 42 0 73 44 0 44469 948750 41712 7398 958750 6706
28358.749954 139647 250 250 250 250 73 46 0 73 52 0 73 42 0 73 44 0 44469 948750 41712 7398 958750 6706
28358.949952 139648 250 250 250 250 73 46 0 73 52 0 73 42 0 73 44 0 44469 948750 41712 7398 958750 6706
28359.149939 139649 250 250 250 250 73 46 0 73 52 0 73 42 0 73 44 0 44774 948750 41712 7124 958750 6706
28359.349952 139650 250 250 250 250 73 46 0 73 52 0 73 42 0 73 44 0 44774 948750 41712 7124 958750 6706
28359.549925 139651 250 250 250 250 73 46 0 73 52 0 73 42 0 73 44 0 44774 948750 41712 7124 958750 6706
28359.749951 139652 250 250 250 250 73 46 0 73 52 0 73 42 0 73 44 0 44774 948750 41712 7124 958750 6706
28359.949951 139653 250 250 250 250 73 46 0 73 52 0 73 42 0 73 44 0 44225 948750 41712 7124 958750 6706
28360.149974 139654 250 250 250 250 73 46 0 73 52 0 73 42 0 73 44 0 44774 948750 41712 7398 958750 6706
28360.349953 139655 250 250 250 250 73 46 0 73 52 0 73 42 0 73 44 0 44774 948750 41712 7124 958750 6706
28360.549953 139656 250 250 250 250 73 46 0 73 52 0 73 42 0 73 44 0 44774 948750 41712 7124 958750 6706
28360.749952 139657 250 250 250 250 73 46 0 73 52 0 73 42 0 73 44 0 44469 948750 41712 7124 958750 6706
28360.949955 139658 250 250 250 250 73 46 0 73 52 0 73 42 0 73 44 0 45262 948750 42660 7398 958750 6706
28361.149977 139659 250 250 250 250 73 46 0 73 52 0 73 42 0 73 44 0 44469 948750 41712 7124 958750 6706
28361.349955 139660 250 250 250 250 73 46 0 73 52 0 73 42 0 73 44 0 44469 948750 41712 7124 958750 6706
28361.549941 139661 250 250 250 250 73 46 0 73 52 0 73 42 0 73 44 0 45018 948750 42660 7124 958750 6706
28361.749952 139662 250 250 250 250 73 46 0 73 52 0 73 42 0 73 44 0 44774 948750 41712 7124 958750 6706
28361.949952 139663 250 250 250 250 73 46 0 73 52 0 73 42 0 73 44 0 44774 948750 41712 7124 958750 6706
28362.149974 139664 250 250 250 250 73 46 0 73 52 0 73 42 0 73 44 0 44774 948750 41712 7124 958750 6706
28362.349954 139665 250 250 250 250 73 46 0 73 52 0 73 42 0 73 44 0 44774 948750 41712 7398 958750 6706
28362.549952 139666 250 250 250 250 73 46 0 73 52 0 73 42 0 73 44 0 44774 948750 41712 7124 958750 6706
28362.749952 139667 250 250 250 250 73 46 0 73 52 0 73 42 0 73 44 0 44774 948750 41712 7124 958750 6706
28362.949954 139668 250 250 250 250 73 46 0 73 52 0 73 42 0 73 44 0 44774 948750 41712 7124 958750 6706
28363.149974 139669 250 250 250 250 73 46 0 73 52 0 73 42 0 73 44 0 44774 948750 41712 7124 958750 6706
28363.349952 139670 250 250 250 250 73 46 0 73 52 0 73 42 0 73 44 0 44774 948750 41712 7124 958750 6706
28363.549952 139671 250 250 250 250 73 46 0 73 52 0 73 42 0 73 44 0 44774 948750 41712 7124 958750 6706
28363.749952 139672 250 250 250 250 73 46 0 73 52 0 73 42 0 73 44 0 44774 948750 41712 7124 958750 6706
28363.949943 139673 250 250 250 250 73 46 0 73 52 0 73 42 0 73 44 0 45018 948750 42660 7124 958750 6706
28364.149976 139674 250 250 250 250 73 46 0 73 52 0 73 42 0 73 44 0 44774 948750 41712 7124 958750 6706
28364.349953 139675 250 250 250 250 73 46 0 73 52 0 73 42 0 73 44 0 44774 948750 41712 7398 958750 6706
28364.549952 139676 250 250 250 250 73 46 0 73 52 0 73 42 0 73 44 0 44774 948750 41712 7398 958750 6706
28364.749952 139677 250 250 250 250 73 46 0 73 52 0 73 42 0 73 44 0 44774 948750 41712 7124 958750 6706
28364.949952 139678 250 250 250 250 73 46 0 73 52 0 73 42 0 73 44 0 44469 948750 41712 7398 958750 6706
28365.149975 139679 250 250 250 250 73 46 0 73 52 0 73 42 0 73 44 0 44774 948750 41712 7124 958750 6706
28365.349934 139680 250 250 250 250 73 46 0 73 52 0 73 42 0 73 44 0 44774 948750 41712 7124 958750 6706
28365.549951 139681 250 250 250 250 73 46 0 73 52 0 73 42 0 73 44 0 45262 948750 42660 7398 958750 6706
28365.749951 139682 250 250 250 250 73 46 0 73 52 0 73 42 0 73 44 0 44774 948750 41712 7398 958750 6706
28365.949951 139683 250 250 250 250 73 46 0 73 52 0 73 42 0 73 44 0 44774 948750 41712 7124 958750 6706
28366.149910 139684 250 250 250 250 73 46 0 73 52 0 73 42 0 73 44 0 45018 948750 42660 7124 958750 6706
28366.349952 139685 250 250 250 250 73 46 0 73 52 0 73 42 0 73 44 0 45018 948750 42660 7124 958750 6706
28366.549952 139686 250 250 250 250 73 46 0 73 52 0 73 42 0 73 44 0 45018 948750 42660 7398 958750 6706
28366.749952 139687 250 250 250 250 73 46 0 73 52 0 73 42 0 73 44 0 44469 948750 41712 7124 958750 6706
28366.949956 139688 250 250 250 250 73 46 0 73 52 0 73 42 0 73 44 0 44469 948750 41712 7124 958750 6706
28367.149974 139689 250 250 250 250 73 46 0 73 52 0 73 42 0 73 44 0 44469 948750 41712 7124 958750 6706
28367.349952 139690 250 250 250 250 73 46 0 73 52 0 73 42 0 73 44 0 45018 948750 42660 7124 958750 6706
28367.549951 139691 250 250 250 250 73 46 0 73 52 0 73 42 0 73 44 0 45018 948750 42660 7124 958750 6706
28367.749951 139692 250 250 250 250 73 46 0 73 52 0 73 42 0 73 44 0 44774 948750 41712 7124 958750 6706
28367.949952 139693 250 250 250 250 73 46 0 73 52 0 73 42 0 73 44 0 44774 948750 41712 7124 958750 6706
28368.149951 139694 250 250 250 250 73 46 0 73 52 0 73 42 0 73 44 0 44774 948750 41712 7124 958750 6706
28368.349953 139695 250 250 250 250 73 46 0 73 52 0 73 42 0 73 44 0 44774 948750 41712 7124 958750 6706
28368.549938 139696 250 250 250 250 73 46 0 73 52 0 73 42 0 73 44 0 44774 948750 41712 7398 958750 6706
28368.749951 139697 250 250 250 250 73 46 0 73 52 0 73 42 0 73 44 0 44774 948750 41712 7398 958750 6706
28368.949951 139698 250 250 250 250 73 46 0 73 52 0 73 42 0 73 44 0 45018 948750 42660 7124 958750 6706
28369.149974 139699 250 250 250 250 73 46 0 73 52 0 73 42 0 73 44 0 44774 948750 41712 7124 958750 6706
28369.349952 139700 250 250 250 250 73 46 0 73 52 0 73 42 0 73 44 0 44774 948750 41712 7124 958750 6706
28369.549954 139701 250 250 250 250 73 46 0 73 52 0 73 42 0 73 44 0 44774 948750 41712 7124 958750 6706
28369.749951 139702 250 250 250 250 73 46 0 73 52 0 73 42 0 73 44 0 45262 948750 42660 7124 958750 6706
28369.949956 139703 250 250 250 250 73 46 0 73 52 0 73 42 0 73 44 0 44774 948750 41712 7124 958750 6706
28370.149975 139704 250 250 250 250 73 46 0 73 52 0 73 42 0 73 44 0 44774 948750 41712 7398 958750 6706
28370.349952 139705 250 250 250 250 73 46 0 73 52 0 73 42 0 73 44 0 44774 948750 41712 7398 958750 6706
28370.549951 139706 250 250 250 250 73 46 0 73 52 0 73 42 0 73 44 0 44469 948750 41712 7398 958750 6706
28370.749951 139707 250 250 250 250 73 46 0 73 52 0 73 42 0 73 44 0 44774 948750 41712 7398 958750 6706
28370.949938 139708 250 250 250 250 73 46 0 73 52 0 73 42 0 73 44 0 44774 948750 41712 7398 958750 6706
28371.149976 139709 250 250 250 250 73 46 0 73 52 0 73 42 0 73 44 0 44774 948750 41712 7398 958750 6706
28371.349953 139710 250 250 250 250 73 46 0 73 52 0 73 42 0 73 44 0 45018 948750 42660 7398 958750 6706
28371.549951 139711 250 250 250 250 73 46 0 73 52 0 73 42 0 73 44 0 44225 948750 41712 7124 958750 6706
28371.749951 139712 250 250 250 250 73 46 0 73 52 0 73 42 0 73 44 0 44774 948750 41712 7124 958750 6706
28371.950552 139713 250 250 250 250 73 46 0 73 52 0 73 42 0 73 44 0 44774 948750 41712 7124 958750 6706
28372.149975 139714 250 250 250 250 73 46 0 73 52 0 73 42 0 73 44 0 44774 948750 41712 7124 958750 6706
28372.349953 139715 250 250 250 250 73 46 0 73 52 0 73 42 0 73 44 0 44774 948750 41712 7398 958750 6706
28372.549951 139716 250 250 250 250 73 46 0 73 52 0 73 42 0 73 44 0 44774 948750 41712 7398 958750 6706
28372.749951 139717 250 250 250 250 73 46 0 73 52 0 73 42 0 73 44 0 45262 948750 42660 7124 958750 6706
28372.949955 139718 250 250 250 250 73 46 0 73 52 0 73 42 0 73 44 0 45262 948750 42660 7124 958750 6706
28373.149976 139719 250 250 250 250 73 46 0 73 52 0 73 42 0 73 44 0 44774 948750 41712 7398 958750 6706
28373.349939 139720 250 250 250 250 73 46 0 73 52 0 73 42 0 73 44 0 45018 948750 42660 7398 958750 6706
28373.549951 139721 250 250 250 250 73 46 0 73 52 0 73 42 0 73 44 0 44774 948750 41712 7124 958750 6706
28373.749954 139722 250 250 250 250 73 46 0 73 52 0 73 42 0 73 44 0 44774 948750 41712 7124 958750 6706
28373.949952 139723 250 250 250 250 73 46 0 73 52 0 73 42 0 73 44 0 44469 948750 41712 7398 958750 6706
28374.149975 139724 250 250 250 250 73 46 0 73 52 0 73 42 0 73 44 0 44469 948750 41712 7124 958750 6706
28374.349953 139725 250 250 250 250 73 46 0 73 52 0 73 42 0 73 44 0 45018 948750 42660 7398 958750 6706
28374.549952 139726 250 250 250 250 73 46 0 73 52 0 73 42 0 73 44 0 45018 948750 42660 7398 958750 6706
28374.749952 139727 250 250 250 250 73 46 0 73 52 0 73 42 0 73 44 0 44469 948750 41712 7124 958750 6706
28374.949951 139728 250 250 250 250 73 46 0 73 52 0 73 42 0 73 44 0 44469 948750 41712 7124 958750 6706
28375.149974 139729 250 250 250 250 73 46 0 73 52 0 73 42 0 73 44 0 44469 948750 41712 7124 958750 6706
28375.349951 139730 250 250 250 250 73 46 0 73 52 0 73 42 0 73 44 0 44469 948750 41712 7124 958750 6706
28375.549951 139731 250 250 250 250 73 46 0 73 52 0 73 42 0 73 44 0 44469 948750 41712 7124 958750 6706
28375.749939 139732 250 250 250 250 73 46 0 73 52 0 73 42 0 73 44 0 44774 948750 41712 7124 958750 6706
28375.949955 139733 250 250 250 250 73 46 0 73 52 0 73 42 0 73 44 0 44469 948750 41712 7124 958750 6706
28376.149979 139734 250 250 250 250 73 46 0 73 52 0 73 42 0 73 44 0 44469 948750 41712 7124 958750 6706
28376.349953 139735 250 250 250 250 73 46 0 73 52 0 73 42 0 73 44 0 45018 948750 42660 7398 958750 6706
28376.549952 139736 250 250 250 250 73 46 0 73 52 0 73 42 0 73 44 0 44469 948750 41712 7124 958750 6706
28376.749951 139737 250 250 250 250 73 46 0 73 52 0 73 42 0 73 44 0 44774 948750 41712 7124 958750 6706
28376.949952 139738 250 250 250 250 73 46 0 73 52 0 73 42 0 73 44 0 44774 948750 41712 7124 958750 6706
28377.149974 139739 250 250 250 250 73 46 0 73 52 0 73 42 0 73 44 0 44774 948750 41712 7398 958750 6706
28377.349952 139740 250 250 250 250 73 46 0 73 52 0 73 42 0 73 44 0 44774 948750 41712 7398 958750 6706
28377.549952 139741 250 250 250 250 73 46 0 73 52 0 73 42 0 73 44 0 44774 948750 41712 7398 958750 6706
28377.749951 139742 250 250 250 250 73 46 0 73 52 0 73 42 0 73 44 0 44774 948750 41712 7398 958750 6706
28377.949951 139743 250 250 250 250 73 46 0 73 52 0 73 42 0 73 44 0 44469 948750 41712 7124 958750 6706
28378.149939 139744 250 250 250 250 73 46 0 73 52 0 73 42 0 73 44 0 44774 948750 41712 7124 958750 6706
28378.349952 139745 250 250 250 250 73 46 0 73 52 0 73 42 0 73 44 0 44774 948750 41712 7124 958750 6706
28378.549925 139746 250 250 250 250 73 46 0 73 52 0 73 42 0 73 44 0 45018 948750 42660 7398 958750 6706
28378.749951 139747 250 250 250 250 73 46 0 73 52 0 73 42 0 73 44 0 45018 948750 42660 7398 958750 6706
28378.949955 139748 250 250 250 250 73 46 0 73 52 0 73 42 0 73 44 0 45018 948750 42660 7124 958750 6706
28379.149975 139749 250 250 250 250 73 46 0 73 52 0 73 42 0 73 44 0 44774 948750 41712 7124 958750 6706
28379.349939 139750 250 250 250 250 73 46 0 73 52 0 73 42 0 73 44 0 44774 948750 41712 7124 958750 6706
28379.549953 139751 250 250 250 250 73 46 0 73 52 0 73 42 0 73 44 0 44774 948750 41712 7124 958750 6706
28379.749951 139752 250 250 250 250 73 46 0 73 52 0 73 42 0 73 44 0 44774 948750 41712 7398 958750 6706
28379.949951 139753 250 250 250 250 73 46 0 73 52 0 73 42 0 73 44 0 44469 948750 41712 7124 958750 6706
28380.149975 139754 250 250 250 250 73 46 0 73 52 0 73 42 0 73 44 0 44469 948750 41712 7124 958750 6706
28380.349952 139755 250 250 250 250 73 46 0 73 52 0 73 42 0 73 44 0 44469 948750 41712 7124 958750 6706
28380.549940 139756 250 250 250 250 73 46 0 73 52 0 73 42 0 73 44 0 45262 948750 42660 7124 958750 6706
28380.749952 139757 250 250 250 250 73 46 0 73 52 0 73 42 0 73 44 0 44774 948750 41712 7398 958750 6706
28380.949952 139758 250 250 250 250 73 46 0 73 52 0 73 42 0 73 44 0 44469 948750 41712 7124 958750 6706
28381.149975 139759 250 250 250 250 73 46 0 73 52 0 73 42 0 73 44 0 44469 948750 41712 7124 958750 6706
28381.349954 139760 250 250 250 250 73 46 0 73 52 0 73 42 0 73 44 0 44469 948750 41712 7124 958750 6706
28381.549952 139761 250 250 250 250 73 46 0 73 52 0 73 42 0 73 44 0 45262 948750 42660 7124 958750 6706
28381.749951 139762 250 250 250 250 73 46 0 73 52 0 73 42 0 73 44 0 45018 948750 42660 7124 958750 6706
28381.949954 139763 250 250 250 250 73 46 0 73 52 0 73 42 0 73 44 0 45018 948750 42660 7124 958750 6706
28382.149975 139764 250 250 250 250 73 46 0 73 52 0 73 42 0 73 44 0 45018 948750 42660 7124 958750 6706
28382.349952 139765 250 250 250 250 73 46 0 73 52 0 73 42 0 73 44 0 44774 948750 41712 7124 958750 6706
28382.549951 139766 250 250 250 250 73 46 0 73 52 0 73 42 0 73 44 0 44774 948750 41712 7124 958750 6706
28382.749952 139767 250 250 250 250 73 46 0 73 52 0 73 42 0 73 44 0 44774 948750 41712 7124 958750 6706
28382.949940 139768 250 250 250 250 73 46 0 73 52 0 73 42 0 73 44 0 44469 948750 41712 7124 958750 6706
28383.149974 139769 250 250 250 250 73 46 0 73 52 0 73 42 0 73 44 0 44469 948750 41712 7398 958750 6706
28383.349952 139770 250 250 250 250 73 46 0 73 52 0 73 42 0 73 44 0 44774 948750 41712 7398 958750 6706
28383.549951 139771 250 250 250 250 73 46 0 73 52 0 73 42 0 73 44 0 44774 948750 41712 7398 958750 6706
28383.749951 139772 250 250 250 250 73 46 0 73 52 0 73 42 0 73 44 0 45018 948750 42660 7124 958750 6706
28383.949951 139773 250 250 250 250 73 46 0 73 52 0 73 42 0 73 44 0 44774 948750 41712 7124 958750 6706
28384.149975 139774 250 250 250 250 73 46 0 73 52 0 73 42 0 73 44 0 44774 948750 41712 7124 958750 6706
28384.349934 139775 250 250 250 250 73 46 0 73 52 0 73 42 0 73 44 0 44774 948750 41712 7124 958750 6706
28384.549954 139776 250 250 250 250 73 46 0 73 52 0 73 42 0 73 44 0 45018 948750 42660 7124 958750 6706
28384.749954 139777 250 250 250 250 73 46 0 73 52 0 73 42 0 73 44 0 44774 948750 41712 7124 958750 6706
28384.949955 139778 250 250 250 250 73 46 0 73 52 0 73 42 0 73 44 0 44774 948750 41712 7124 958750 6706
28385.149910 139779 250 250 250 250 73 46 0 73 52 0 73 42 0 73 44 0 45018 948750 42660 7124 958750 6706
28385.349952 139780 250 250 250 250 73 46 0 73 52 0 73 42 0 73 44 0 45018 948750 42660 7124 958750 6706
28385.549952 139781 250 250 250 250 73 46 0 73 52 0 73 42 0 73 44 0 44469 948750 41712 7124 958750 6706
28385.749951 139782 250 250 250 250 73 46 0 73 52 0 73 42 0 73 44 0 44774 948750 41712 7124 958750 6706
28385.949951 139783 250 250 250 250 73 46 0 73 52 0 73 42 0 73 44 0 44774 948750 41712 7124 958750 6706
28386.149976 139784 250 250 250 250 73 46 0 73 52 0 73 42 0 73 44 0 44774 948750 41712 7124 958750 6706
28386.349953 139785 250 250 250 250 73 46 0 73 52 0 73 42 0 73 44 0 44469 948750 41712 7124 958750 6706
28386.549952 139786 250 250 250 250 73 46 0 73 52 0 73 42 0 73 44 0 44469 948750 41712 7124 958750 6706
28386.749951 139787 250 250 250 250 73 46 0 73 52 0 73 42 0 73 44 0 44469 948750 41712 7124 958750 6706
28386.949951 139788 250 250 250 250 73 46 0 73 52 0 73 42 0 73 44 0 44469 948750 41712 7124 958750 6706
28387.149974 139789 250 250 250 250 73 46 0 73 52 0 73 42 0 73 44 0 44774 948750 41712 7124 958750 6706
28387.349952 139790 250 250 250 250 73 46 0 73 52 0 73 42 0 73 44 0 44469 948750 41712 7398 958750 6706
28387.549938 139791 250 250 250 250 73 46 0 73 52 0 73 42 0 73 44 0 44469 948750 41712 7398 958750 6706
28387.749956 139792 250 250 250 250 73 46 0 73 52 0 73 42 0 73 44 0 44469 948750 41712 7398 958750 6706
28387.949955 139793 250 250 250 250 73 46 0 73 52 0 73 42 0 73 44 0 44774 948750 41712 7124 958750 6706
28388.149975 139794 250 250 250 250 73 46 0 73 52 0 73 42 0 73 44 0 45018 948750 42660 7124 958750 6706
28388.349953 139795 250 250 250 250 73 46 0 73 52 0 73 42 0 73 44 0 44774 948750 41712 7124 958750 6706
28388.549952 139796 250 250 250 250 73 46 0 73 52 0 73 42 0 73 44 0 44774 948750 41712 7124 958750 6706
28388.749951 139797 250 250 250 250 73 46 0 73 52 0 73 42 0 73 44 0 44469 948750 41712 7124 958750 6706
28388.949951 139798 250 250 250 250 73 46 0 73 52 0 73 42 0 73 44 0 44469 948750 41712 7398 958750 6706
28389.149974 139799 250 250 250 250 73 46 0 73 52 0 73 42 0 73 44 0 44469 948750 41712 7124 958750 6706
28389.349952 139800 250 250 250 250 73 46 0 73 52 0 73 42 0 73 44 0 44469 948750 41712 7124 958750 6706
28389.549952 139801 250 250 250 250 73 46 0 73 52 0 73 42 0 73 44 0 45018 948750 42660 7124 958750 6706
28389.749952 139802 250 250 250 250 73 46 0 73 52 0 73 42 0 73 44 0 45018 948750 42660 7398 958750 6706
28389.949938 139803 250 250 250 250 73 46 0 73 52 0 73 42 0 73 44 0 44774 948750 41712 7124 958750 6706
28390.149987 139804 250 250 250 250 73 46 0 73 52 0 73 42 0 73 44 0 44774 948750 41712 7124 958750 6706
28390.349955 139805 250 250 250 250 73 46 0 73 52 0 73 42 0 73 44 0 29768 948750 27492 7398 958750 6706
28390.549954 139806 250 250 250 250 73 46 0 73 52 0 73 42 0 73 44 0 9272 950000 8550 7124 958750 6706
28390.749954 139807 250 250 250 250 73 46 0 73 52 0 73 42 0 73 44 0 10248 950000 9500 7124 958750 6706
