35685.165003 176278 250 250 250 250 72 46 0 72 52 0 72 42 0 72 44 0 8479 950000 7600 8220 1021250 8168
35685.364976 176279 250 250 250 250 72 46 0 72 52 0 72 42 0 72 44 0 9028 950000 8550 7946 1021250 7147
35685.564965 176280 250 250 250 250 72 46 0 72 52 0 72 42 0 72 44 0 8479 950000 7600 7946 1021250 7147
35685.764961 176281 250 250 250 250 72 46 0 72 52 0 72 42 0 72 44 0 8479 950000 7600 7946 1021250 7147
35685.964975 176282 250 250 250 250 72 46 0 72 52 0 72 42 0 72 44 0 8479 950000 7600 7946 1021250 7147
35686.164997 176283 250 250 250 250 72 46 0 72 52 0 72 42 0 72 44 0 8479 950000 7600 7946 1021250 7147
35686.364977 176284 250 250 250 250 72 46 0 72 52 0 72 42 0 72 44 0 8479 950000 7600 7946 1021250 7147
35686.564965 176285 250 250 250 250 72 46 0 72 52 0 72 42 0 72 44 0 13969 950000 12350 7946 1021250 7147
35686.764974 176286 250 250 250 250 72 46 0 72 52 0 72 42 0 72 44 0 13969 950000 12350 7946 1021250 7147
35686.964978 176287 250 250 250 250 72 46 0 72 52 0 72 42 0 72 44 0 24278 950000 22800 8220 1021250 8168
35687.164976 176288 250 250 250 250 72 46 0 72 52 0 72 42 0 72 44 0 8723 950000 7600 7946 1021250 7147
35687.364976 176289 250 250 250 250 72 46 0 72 52 0 72 42 0 72 44 0 9516 950000 8550 7946 1021250 7147
35687.564961 176290 250 250 250 250 72 46 0 72 52 0 72 42 0 72 44 0 9516 950000 8550 7946 1021250 7147
35687.764960 176291 250 250 250 250 72 46 0 72 52 0 72 42 0 72 44 0 50264 948750 47400 8220 1021250 8168
35687.964905 176292 250 250 250 250 72 46 0 72 52 0 72 42 0 72 44 0 58743 947500 54926 7946 1021250 7147
35688.164990 176293 250 250 250 250 73 46 0 73 52 0 73 42 0 73 44 0 55754 948750 52140 7946 1021250 7147
35688.365018 176294 250 250 250 250 73 46 0 73 52 0 73 42 0 73 44 0 55754 948750 52140 7946 1021250 7147
35688.565025 176295 250 250 250 250 72 46 0 72 52 0 72 42 0 72 44 0 53497 948750 50244 7946 1021250 7147
35688.765040 176296 250 250 250 250 72 46 0 72 52 0 72 42 0 72 44 0 54229 948750 51192 7946 1021250 7147
35688.964999 176297 250 250 250 250 72 46 0 72 52 0 72 42 0 72 44 0 53009 948750 50244 7946 1021250 7147
35689.164962 176298 250 250 250 250 73 46 0 73 52 0 73 42 0 73 44 0 53009 948750 50244 7946 1021250 7147
35689.365000 176299 250 250 250 250 73 46 0 73 52 0 73 42 0 73 44 0 54473 948750 51192 7946 1021250 7147
35689.564987 176300 250 250 250 250 73 46 0 73 52 0 73 42 0 73 44 0 51972 948750 48348 7946 1021250 7147
35689.764968 176301 250 250 250 250 73 46 0 73 52 0 73 42 0 73 44 0 51240 948750 48348 7946 1021250 7147
35689.964955 176302 250 250 250 250 73 46 0 73 52 0 73 42 0 73 44 0 51240 948750 48348 7946 1021250 7147
35690.164981 176303 250 250 250 250 73 46 0 73 52 0 73 42 0 73 44 0 45994 948750 42660 7946 1021250 7147
35690.364951 176304 250 250 250 250 73 46 0 73 52 0 73 42 0 73 44 0 44774 948750 41712 7946 1021250 7147
35690.564952 176305 250 250 250 250 72 46 0 72 52 0 72 42 0 72 44 0 45018 948750 42660 7946 1021250 7147
35690.764870 176306 250 250 250 250 72 46 0 72 52 0 72 42 0 72 44 0 44469 948750 41712 7946 1021250 7147
35690.964953 176307 250 250 250 250 72 46 0 72 52 0 72 42 0 72 44 0 44469 948750 41712 7946 1021250 7147
35691.164975 176308 250 250 250 250 72 46 0 72 52 0 72 42 0 72 44 0 44469 948750 41712 7946 1021250 7147
35691.364950 176309 250 250 250 250 72 46 0 72 52 0 72 42 0 72 44 0 44774 948750 41712 7946 1021250 7147
35691.564950 176310 250 250 250 250 72 46 0 72 52 0 72 42 0 72 44 0 44469 948750 41712 7946 1021250 7147
35691.764951 176311 250 250 250 250 72 46 0 72 52 0 72 42 0 72 44 0 44469 948750 41712 7946 1021250 7147
35691.964942 176312 250 250 250 250 72 46 0 72 52 0 72 42 0 72 44 0 44774 948750 41712 7946 1021250 7147
35692.164976 176313 250 250 250 250 73 46 0 73 52 0 73 42 0 73 44 0 44774 948750 41712 8220 1021250 8168
35692.364950 176314 250 250 250 250 73 46 0 73 52 0 73 42 0 73 44 0 44774 948750 41712 8220 1021250 8168
35692.564953 176315 250 250 250 250 73 46 0 73 52 0 73 42 0 73 44 0 44774 948750 41712 8220 1021250 8168
35692.764952 176316 250 250 250 250 73 46 0 73 52 0 73 42 0 73 44 0 44774 948750 41712 8220 1021250 8168
35692.964955 176317 250 250 250 250 73 46 0 73 52 0 73 42 0 73 44 0 44469 948750 41712 7946 1021250 7147
35693.164975 176318 250 250 250 250 73 46 0 73 52 0 73 42 0 73 44 0 44774 948750 41712 7946 1021250 7147
35693.364950 176319 250 250 250 250 73 46 0 73 52 0 73 42 0 73 44 0 44774 948750 41712 7946 1021250 7147
35693.564950 176320 250 250 250 250 73 46 0 73 52 0 73 42 0 73 44 0 44774 948750 41712 7946 1021250 7147
35693.764951 176321 250 250 250 250 73 46 0 73 52 0 73 42 0 73 44 0 44469 948750 41712 7946 1021250 7147
35693.964949 176322 250 250 250 250 73 46 0 73 52 0 73 42 0 73 44 0 45018 948750 42660 7946 1021250 7147
35694.164976 176323 250 250 250 250 73 46 0 73 52 0 73 42 0 73 44 0 45018 948750 42660 7946 1021250 7147
35694.364940 176324 250 250 250 250 73 46 0 73 52 0 73 42 0 73 44 0 45018 948750 42660 8220 1021250 8168
35694.564949 176325 250 250 250 250 72 46 0 72 52 0 72 42 0 72 44 0 45018 948750 42660 8220 1021250 8168
35694.764951 176326 250 250 250 250 72 46 0 72 52 0 72 42 0 72 44 0 44774 948750 41712 7946 1021250 7147
35694.964950 176327 250 250 250 250 72 46 0 72 52 0 72 42 0 72 44 0 44774 948750 41712 7946 1021250 7147
35695.164972 176328 250 250 250 250 73 46 0 73 52 0 73 42 0 73 44 0 44774 948750 41712 8220 1021250 8168
35695.364950 176329 250 250 250 250 73 46 0 73 52 0 73 42 0 73 44 0 45018 948750 42660 7946 1021250 7147
35695.564950 176330 250 250 250 250 73 46 0 73 52 0 73 42 0 73 44 0 45018 948750 42660 8220 1021250 8168
35695.764950 176331 250 250 250 250 73 46 0 73 52 0 73 42 0 73 44 0 45018 948750 42660 8220 1021250 8168
35695.964953 176332 250 250 250 250 73 46 0 73 52 0 73 42 0 73 44 0 44774 948750 41712 7946 1021250 7147
35696.165003 176333 250 250 250 250 73 46 0 73 52 0 73 42 0 73 44 0 45506 948750 42660 7946 1021250 7147
35696.365081 176334 250 250 250 250 73 46 0 73 52 0 73 42 0 73 44 0 44774 948750 41712 7946 1021250 7147
35696.564935 176335 250 250 250 250 73 46 0 73 52 0 73 42 0 73 44 0 44774 948750 41712 7946 1021250 7147
35696.764939 176336 250 250 250 250 73 46 0 73 52 0 73 42 0 73 44 0 44774 948750 41712 7946 1021250 7147
35696.964951 176337 250 250 250 250 73 46 0 73 52 0 73 42 0 73 44 0 45018 948750 42660 8220 1021250 8168
35697.164974 176338 250 250 250 250 73 46 0 73 52 0 73 42 0 73 44 0 44774 948750 41712 8220 1021250 8168
35697.364923 176339 250 250 250 250 73 46 0 73 52 0 73 42 0 73 44 0 45018 948750 42660 7946 1021250 7147
35697.564950 176340 250 250 250 250 73 46 0 73 52 0 73 42 0 73 44 0 45018 948750 42660 7946 1021250 7147
35697.764949 176341 250 250 250 250 73 46 0 73 52 0 73 42 0 73 44 0 44469 948750 41712 7946 1021250 7147
35697.964949 176342 250 250 250 250 73 46 0 73 52 0 73 42 0 73 44 0 44774 948750 41712 7946 1021250 7147
35698.164973 176343 250 250 250 250 73 46 0 73 52 0 73 42 0 73 44 0 44225 948750 41712 7946 1021250 7147
35698.364949 176344 250 250 250 250 73 46 0 73 52 0 73 42 0 73 44 0 44225 948750 41712 7946 1021250 7147
35698.564949 176345 250 250 250 250 72 46 0 72 52 0 72 42 0 72 44 0 44469 948750 41712 7946 1021250 7147
35698.764950 176346 250 250 250 250 72 46 0 72 52 0 72 42 0 72 44 0 44469 948750 41712 7946 1021250 7147
35698.964936 176347 250 250 250 250 72 46 0 72 52 0 72 42 0 72 44 0 44774 948750 41712 8220 1021250 8168
35699.164973 176348 250 250 250 250 73 46 0 73 52 0 73 42 0 73 44 0 44774 948750 41712 8220 1021250 8168
35699.364949 176349 250 250 250 250 73 46 0 73 52 0 73 42 0 73 44 0 44774 948750 41712 8220 1021250 8168
35699.564949 176350 250 250 250 250 73 46 0 73 52 0 73 42 0 73 44 0 44774 948750 41712 8220 1021250 8168
35699.764950 176351 250 250 250 250 73 46 0 73 52 0 73 42 0 73 44 0 44774 948750 41712 7946 1021250 7147
35699.964949 176352 250 250 250 250 73 46 0 73 52 0 73 42 0 73 44 0 44774 948750 41712 7946 1021250 7147
35700.164973 176353 250 250 250 250 72 46 0 72 52 0 72 42 0 72 44 0 45262 948750 42660 7946 1021250 7147
35700.364949 176354 250 250 250 250 72 46 0 72 52 0 72 42 0 72 44 0 44469 948750 41712 7946 1021250 7147
35700.564949 176355 250 250 250 250 73 46 0 73 52 0 73 42 0 73 44 0 45262 948750 42660 7946 1021250 7147
35700.764954 176356 250 250 250 250 73 46 0 73 52 0 73 42 0 73 44 0 45262 948750 42660 7946 1021250 7147
35700.964950 176357 250 250 250 250 73 46 0 73 52 0 73 42 0 73 44 0 45018 948750 42660 7946 1021250 7147
35701.164973 176358 250 250 250 250 73 46 0 73 52 0 73 42 0 73 44 0 44774 948750 41712 7946 1021250 7147
35701.364936 176359 250 250 250 250 73 46 0 73 52 0 73 42 0 73 44 0 44469 948750 41712 8220 1021250 8168
35701.564949 176360 250 250 250 250 73 46 0 73 52 0 73 42 0 73 44 0 44469 948750 41712 8220 1021250 8168
35701.764949 176361 250 250 250 250 73 46 0 73 52 0 73 42 0 73 44 0 45018 948750 42660 7946 1021250 7147
35701.964953 176362 250 250 250 250 73 46 0 73 52 0 73 42 0 73 44 0 44469 948750 41712 7946 1021250 7147
35702.164973 176363 250 250 250 250 73 46 0 73 52 0 73 42 0 73 44 0 44225 948750 41712 8220 1021250 8168
35702.364952 176364 250 250 250 250 73 46 0 73 52 0 73 42 0 73 44 0 44225 948750 41712 8220 1021250 8168
35702.564951 176365 250 250 250 250 73 46 0 73 52 0 73 42 0 73 44 0 44774 948750 41712 7946 1021250 7147
35702.764950 176366 250 250 250 250 73 46 0 73 52 0 73 42 0 73 44 0 45018 948750 42660 8220 1021250 8168
35702.964950 176367 250 250 250 250 73 46 0 73 52 0 73 42 0 73 44 0 45018 948750 42660 8220 1021250 8168
35703.164954 176368 250 250 250 250 73 46 0 73 52 0 73 42 0 73 44 0 45018 948750 42660 8220 1021250 8168
35703.364950 176369 250 250 250 250 73 46 0 73 52 0 73 42 0 73 44 0 45018 948750 42660 7946 1021250 7147
35703.564950 176370 250 250 250 250 73 46 0 73 52 0 73 42 0 73 44 0 44774 948750 41712 7946 1021250 7147
35703.764937 176371 250 250 250 250 73 46 0 73 52 0 73 42 0 73 44 0 45018 948750 42660 7946 1021250 7147
35703.964949 176372 250 250 250 250 73 46 0 73 52 0 73 42 0 73 44 0 44774 948750 41712 7946 1021250 7147
35704.164975 176373 250 250 250 250 73 46 0 73 52 0 73 42 0 73 44 0 44774 948750 41712 7946 1021250 7147
35704.364950 176374 250 250 250 250 73 46 0 73 52 0 73 42 0 73 44 0 44774 948750 41712 7946 1021250 7147
35704.564950 176375 250 250 250 250 73 46 0 73 52 0 73 42 0 73 44 0 44774 948750 41712 8220 1021250 8168
35704.764950 176376 250 250 250 250 73 46 0 73 52 0 73 42 0 73 44 0 44774 948750 41712 7946 1021250 7147
35704.964955 176377 250 250 250 250 73 46 0 73 52 0 73 42 0 73 44 0 44774 948750 41712 7946 1021250 7147
35705.164974 176378 250 250 250 250 73 46 0 73 52 0 73 42 0 73 44 0 45262 948750 42660 7946 1021250 7147
35705.364950 176379 250 250 250 250 73 46 0 73 52 0 73 42 0 73 44 0 44469 948750 41712 7946 1021250 7147
35705.564950 176380 250 250 250 250 73 46 0 73 52 0 73 42 0 73 44 0 44469 948750 41712 7946 1021250 7147
35705.764951 176381 250 250 250 250 73 46 0 73 52 0 73 42 0 73 44 0 44469 948750 41712 7946 1021250 7147
35705.964953 176382 250 250 250 250 73 46 0 73 52 0 73 42 0 73 44 0 44774 948750 41712 7946 1021250 7147
35706.164938 176383 250 250 250 250 73 46 0 73 52 0 73 42 0 73 44 0 44469 948750 41712 7946 1021250 7147
35706.364950 176384 250 250 250 250 73 46 0 73 52 0 73 42 0 73 44 0 45262 948750 42660 7946 1021250 7147
35706.564952 176385 250 250 250 250 73 46 0 73 52 0 73 42 0 73 44 0 45262 948750 42660 7946 1021250 7147
35706.764950 176386 250 250 250 250 73 46 0 73 52 0 73 42 0 73 44 0 45018 948750 42660 8220 1021250 8168
35706.964949 176387 250 250 250 250 73 46 0 73 52 0 73 42 0 73 44 0 44774 948750 41712 7946 1021250 7147
35707.164972 176388 250 250 250 250 72 46 0 72 52 0 72 42 0 72 44 0 45018 948750 42660 7946 1021250 7147
35707.364949 176389 250 250 250 250 72 46 0 72 52 0 72 42 0 72 44 0 45018 948750 42660 7946 1021250 7147
35707.564949 176390 250 250 250 250 72 46 0 72 52 0 72 42 0 72 44 0 44774 948750 41712 7946 1021250 7147
35707.764950 176391 250 250 250 250 72 46 0 72 52 0 72 42 0 72 44 0 44774 948750 41712 7946 1021250 7147
35707.964954 176392 250 250 250 250 72 46 0 72 52 0 72 42 0 72 44 0 44774 948750 41712 7946 1021250 7147
35708.164974 176393 250 250 250 250 72 46 0 72 52 0 72 42 0 72 44 0 44774 948750 41712 7946 1021250 7147
35708.364950 176394 250 250 250 250 72 46 0 72 52 0 72 42 0 72 44 0 44469 948750 41712 8220 1021250 8168
35708.564938 176395 250 250 250 250 73 46 0 73 52 0 73 42 0 73 44 0 45018 948750 42660 8220 1021250 8168
35708.764950 176396 250 250 250 250 73 46 0 73 52 0 73 42 0 73 44 0 45018 948750 42660 8220 1021250 8168
35708.964949 176397 250 250 250 250 73 46 0 73 52 0 73 42 0 73 44 0 45018 948750 42660 8220 1021250 8168
35709.164975 176398 250 250 250 250 73 46 0 73 52 0 73 42 0 73 44 0 44774 948750 41712 7946 1021250 7147
35709.364949 176399 250 250 250 250 73 46 0 73 52 0 73 42 0 73 44 0 44774 948750 41712 7946 1021250 7147
35709.564950 176400 250 250 250 250 73 46 0 73 52 0 73 42 0 73 44 0 44774 948750 41712 7946 1021250 7147
35709.764868 176401 250 250 250 250 73 46 0 73 52 0 73 42 0 73 44 0 44774 948750 41712 7946 1021250 7147
35709.964950 176402 250 250 250 250 73 46 0 73 52 0 73 42 0 73 44 0 44774 948750 41712 7946 1021250 7147
35710.164972 176403 250 250 250 250 72 46 0 72 52 0 72 42 0 72 44 0 44469 948750 41712 7946 1021250 7147
35710.364949 176404 250 250 250 250 72 46 0 72 52 0 72 42 0 72 44 0 44774 948750 41712 8220 1021250 8168
35710.564950 176405 250 250 250 250 73 46 0 73 52 0 73 42 0 73 44 0 45262 948750 42660 7946 1021250 7147
35710.764951 176406 250 250 250 250 73 46 0 73 52 0 73 42 0 73 44 0 45262 948750 42660 7946 1021250 7147
35710.964941 176407 250 250 250 250 73 46 0 73 52 0 73 42 0 73 44 0 45262 948750 42660 8220 1021250 8168
35711.164975 176408 250 250 250 250 73 46 0 73 52 0 73 42 0 73 44 0 44774 948750 41712 7946 1021250 7147
35711.364950 176409 250 250 250 250 73 46 0 73 52 0 73 42 0 73 44 0 45018 948750 42660 7946 1021250 7147
35711.564949 176410 250 250 250 250 73 46 0 73 52 0 73 42 0 73 44 0 45018 948750 42660 7946 1021250 7147
35711.764950 176411 250 250 250 250 73 46 0 73 52 0 73 42 0 73 44 0 44774 948750 41712 7946 1021250 7147
35711.964950 176412 250 250 250 250 73 46 0 73 52 0 73 42 0 73 44 0 45018 948750 42660 7946 1021250 7147
35712.164974 176413 250 250 250 250 72 46 0 72 52 0 72 42 0 72 44 0 45018 948750 42660 7946 1021250 7147
35712.364952 176414 250 250 250 250 72 46 0 72 52 0 72 42 0 72 44 0 45018 948750 42660 7946 1021250 7147
35712.564951 176415 250 250 250 250 72 46 0 72 52 0 72 42 0 72 44 0 45018 948750 42660 7946 1021250 7147
35712.764950 176416 250 250 250 250 72 46 0 72 52 0 72 42 0 72 44 0 45018 948750 42660 7946 1021250 7147
35712.964949 176417 250 250 250 250 72 46 0 72 52 0 72 42 0 72 44 0 44774 948750 41712 8220 1021250 8168
35713.164973 176418 250 250 250 250 72 46 0 72 52 0 72 42 0 72 44 0 44774 948750 41712 8220 1021250 8168
35713.364938 176419 250 250 250 250 72 46 0 72 52 0 72 42 0 72 44 0 44774 948750 41712 7946 1021250 7147
35713.564949 176420 250 250 250 250 72 46 0 72 52 0 72 42 0 72 44 0 44774 948750 41712 7946 1021250 7147
35713.764950 176421 250 250 250 250 72 46 0 72 52 0 72 42 0 72 44 0 44774 948750 41712 7946 1021250 7147
35713.964954 176422 250 250 250 250 72 46 0 72 52 0 72 42 0 72 44 0 44774 948750 41712 7946 1021250 7147
35714.164973 176423 250 250 250 250 73 46 0 73 52 0 73 42 0 73 44 0 45018 948750 42660 7946 1021250 7147
35714.364949 176424 250 250 250 250 73 46 0 73 52 0 73 42 0 73 44 0 45018 948750 42660 7946 1021250 7147
35714.564949 176425 250 250 250 250 72 46 0 72 52 0 72 42 0 72 44 0 44469 948750 41712 7946 1021250 7147
35714.764950 176426 250 250 250 250 72 46 0 72 52 0 72 42 0 72 44 0 44469 948750 41712 7946 1021250 7147
35714.964949 176427 250 250 250 250 72 46 0 72 52 0 72 42 0 72 44 0 44774 948750 41712 7946 1021250 7147
35715.164972 176428 250 250 250 250 73 46 0 73 52 0 73 42 0 73 44 0 44469 948750 41712 7946 1021250 7147
35715.364949 176429 250 250 250 250 73 46 0 73 52 0 73 42 0 73 44 0 44469 948750 41712 7946 1021250 7147
35715.564930 176430 250 250 250 250 73 46 0 73 52 0 73 42 0 73 44 0 44469 948750 41712 7946 1021250 7147
35715.764938 176431 250 250 250 250 73 46 0 73 52 0 73 42 0 73 44 0 45018 948750 42660 7946 1021250 7147
35715.964949 176432 250 250 250 250 73 46 0 73 52 0 73 42 0 73 44 0 44774 948750 41712 7946 1021250 7147
35716.164973 176433 250 250 250 250 73 46 0 73 52 0 73 42 0 73 44 0 44469 948750 41712 8220 1021250 8168
35716.364924 176434 250 250 250 250 73 46 0 73 52 0 73 42 0 73 44 0 44469 948750 41712 7946 1021250 7147
35716.564949 176435 250 250 250 250 72 46 0 72 52 0 72 42 0 72 44 0 44469 948750 41712 7946 1021250 7147
35716.764949 176436 250 250 250 250 72 46 0 72 52 0 72 42 0 72 44 0 45018 948750 42660 7946 1021250 7147
35716.964957 176437 250 250 250 250 72 46 0 72 52 0 72 42 0 72 44 0 44774 948750 41712 8220 1021250 8168
35717.164974 176438 250 250 250 250 72 46 0 72 52 0 72 42 0 72 44 0 44469 948750 41712 8220 1021250 8168
35717.364949 176439 250 250 250 250 72 46 0 72 52 0 72 42 0 72 44 0 44469 948750 41712 8220 1021250 8168
35717.564949 176440 250 250 250 250 72 46 0 72 52 0 72 42 0 72 44 0 44225 948750 41712 8220 1021250 8168
35717.764952 176441 250 250 250 250 72 46 0 72 52 0 72 42 0 72 44 0 44774 948750 41712 7946 1021250 7147
35717.964937 176442 250 250 250 250 72 46 0 72 52 0 72 42 0 72 44 0 45018 948750 42660 7946 1021250 7147
35718.164981 176443 250 250 250 250 73 46 0 73 52 0 73 42 0 73 44 0 45018 948750 42660 7946 1021250 7147
35718.364950 176444 250 250 250 250 73 46 0 73 52 0 73 42 0 73 44 0 44774 948750 41712 7946 1021250 7147
35718.564950 176445 250 250 250 250 72 46 0 72 52 0 72 42 0 72 44 0 45018 948750 42660 7946 1021250 7147
35718.764950 176446 250 250 250 250 72 46 0 72 52 0 72 42 0 72 44 0 44774 948750 41712 7946 1021250 7147
35718.964953 176447 250 250 250 250 72 46 0 72 52 0 72 42 0 72 44 0 44774 948750 41712 7946 1021250 7147
35719.164973 176448 250 250 250 250 73 46 0 73 52 0 73 42 0 73 44 0 44774 948750 41712 8220 1021250 8168
35719.364950 176449 250 250 250 250 73 46 0 73 52 0 73 42 0 73 44 0 45262 948750 42660 8220 1021250 8168
35719.564951 176450 250 250 250 250 73 46 0 73 52 0 73 42 0 73 44 0 45018 948750 42660 7946 1021250 7147
35719.764950 176451 250 250 250 250 73 46 0 73 52 0 73 42 0 73 44 0 45018 948750 42660 7946 1021250 7147
35719.964954 176452 250 250 250 250 73 46 0 73 52 0 73 42 0 73 44 0 44774 948750 41712 8220 1021250 8168
35720.164974 176453 250 250 250 250 73 46 0 73 52 0 73 42 0 73 44 0 45018 948750 42660 7946 1021250 7147
35720.364937 176454 250 250 250 250 73 46 0 73 52 0 73 42 0 73 44 0 44774 948750 41712 8220 1021250 8168
35720.564950 176455 250 250 250 250 72 46 0 72 52 0 72 42 0 72 44 0 44774 948750 41712 8220 1021250 8168
35720.764951 176456 250 250 250 250 72 46 0 72 52 0 72 42 0 72 44 0 44774 948750 41712 7946 1021250 7147
35720.964949 176457 250 250 250 250 72 46 0 72 52 0 72 42 0 72 44 0 44774 948750 41712 8220 1021250 8168
35721.164972 176458 250 250 250 250 73 46 0 73 52 0 73 42 0 73 44 0 45018 948750 42660 8220 1021250 8168
35721.364949 176459 250 250 250 250 73 46 0 73 52 0 73 42 0 73 44 0 45018 948750 42660 8220 1021250 8168
35721.564953 176460 250 250 250 250 73 46 0 73 52 0 73 42 0 73 44 0 44774 948750 41712 8220 1021250 8168
35721.764949 176461 250 250 250 250 73 46 0 73 52 0 73 42 0 73 44 0 44774 948750 41712 8220 1021250 8168
35721.964952 176462 250 250 250 250 73 46 0 73 52 0 73 42 0 73 44 0 44469 948750 41712 8220 1021250 8168
35722.164956 176463 250 250 250 250 72 46 0 72 52 0 72 42 0 72 44 0 44469 948750 41712 8220 1021250 8168
35722.364950 176464 250 250 250 250 72 46 0 72 52 0 72 42 0 72 44 0 45018 948750 42660 7946 1021250 7147
35722.564950 176465 250 250 250 250 73 46 0 73 52 0 73 42 0 73 44 0 44469 948750 41712 7946 1021250 7147
35722.764951 176466 250 250 250 250 73 46 0 73 52 0 73 42 0 73 44 0 44774 948750 41712 8220 1021250 8168
35722.964953 176467 250 250 250 250 73 46 0 73 52 0 73 42 0 73 44 0 45018 948750 42660 8220 1021250 8168
35723.164975 176468 250 250 250 250 73 46 0 73 52 0 73 42 0 73 44 0 45018 948750 42660 8220 1021250 8168
35723.364949 176469 250 250 250 250 73 46 0 73 52 0 73 42 0 73 44 0 44469 948750 41712 8220 1021250 8168
35723.564949 176470 250 250 250 250 73 46 0 73 52 0 73 42 0 73 44 0 44469 948750 41712 7946 1021250 7147
35723.764950 176471 250 250 250 250 73 46 0 73 52 0 73 42 0 73 44 0 45018 948750 42660 7946 1021250 7147
35723.964949 176472 250 250 250 250 73 46 0 73 52 0 73 42 0 73 44 0 45018 948750 42660 7946 1021250 7147
35724.164975 176473 250 250 250 250 72 46 0 72 52 0 72 42 0 72 44 0 44774 948750 41712 7946 1021250 7147
35724.364949 176474 250 250 250 250 72 46 0 72 52 0 72 42 0 72 44 0 45018 948750 42660 7946 1021250 7147
35724.564950 176475 250 250 250 250 72 46 0 72 52 0 72 42 0 72 44 0 45018 948750 42660 7946 1021250 7147
35724.764953 176476 250 250 250 250 72 46 0 72 52 0 72 42 0 72 44 0 45018 948750 42660 7946 1021250 7147
35724.964949 176477 250 250 250 250 72 46 0 72 52 0 72 42 0 72 44 0 44774 948750 41712 7946 1021250 7147
35725.164936 176478 250 250 250 250 72 46 0 72 52 0 72 42 0 72 44 0 44469 948750 41712 7946 1021250 7147
35725.364949 176479 250 250 250 250 72 46 0 72 52 0 72 42 0 72 44 0 44469 948750 41712 8220 1021250 8168
35725.564949 176480 250 250 250 250 72 46 0 72 52 0 72 42 0 72 44 0 44469 948750 41712 8220 1021250 8168
35725.764950 176481 250 250 250 250 72 46 0 72 52 0 72 42 0 72 44 0 45018 948750 42660 7946 1021250 7147
35725.964954 176482 250 250 250 250 72 46 0 72 52 0 72 42 0 72 44 0 44774 948750 41712 7946 1021250 7147
35726.164973 176483 250 250 250 250 73 46 0 73 52 0 73 42 0 73 44 0 44225 948750 41712 7946 1021250 7147
35726.364949 176484 250 250 250 250 73 46 0 73 52 0 73 42 0 73 44 0 44225 948750 41712 7946 1021250 7147
35726.564950 176485 250 250 250 250 73 46 0 73 52 0 73 42 0 73 44 0 44774 948750 41712 7946 1021250 7147
35726.764950 176486 250 250 250 250 73 46 0 73 52 0 73 42 0 73 44 0 44774 948750 41712 7946 1021250 7147
35726.964951 176487 250 250 250 250 73 46 0 73 52 0 73 42 0 73 44 0 44774 948750 41712 8220 1021250 8168
35727.164975 176488 250 250 250 250 73 46 0 73 52 0 73 42 0 73 44 0 44774 948750 41712 8220 1021250 8168
35727.364951 176489 250 250 250 250 73 46 0 73 52 0 73 42 0 73 44 0 45018 948750 42660 7946 1021250 7147
35727.564938 176490 250 250 250 250 73 46 0 73 52 0 73 42 0 73 44 0 44469 948750 41712 7946 1021250 7147
35727.764950 176491 250 250 250 250 73 46 0 73 52 0 73 42 0 73 44 0 45018 948750 42660 7946 1021250 7147
35727.964952 176492 250 250 250 250 73 46 0 73 52 0 73 42 0 73 44 0 45018 948750 42660 7946 1021250 7147
35728.164973 176493 250 250 250 250 73 46 0 73 52 0 73 42 0 73 44 0 44469 948750 41712 7946 1021250 7147
35728.364952 176494 250 250 250 250 73 46 0 73 52 0 73 42 0 73 44 0 45018 948750 42660 7946 1021250 7147
35728.564949 176495 250 250 250 250 73 46 0 73 52 0 73 42 0 73 44 0 44469 948750 41712 7946 1021250 7147
35728.764867 176496 250 250 250 250 73 46 0 73 52 0 73 42 0 73 44 0 44774 948750 41712 7946 1021250 7147
35728.964953 176497 250 250 250 250 73 46 0 73 52 0 73 42 0 73 44 0 44774 948750 41712 7946 1021250 7147
35729.164974 176498 250 250 250 250 73 46 0 73 52 0 73 42 0 73 44 0 44225 948750 41712 7946 1021250 7147
35729.364949 176499 250 250 250 250 73 46 0 73 52 0 73 42 0 73 44 0 44225 948750 41712 8220 1021250 8168
35729.564949 176500 250 250 250 250 73 46 0 73 52 0 73 42 0 73 44 0 44774 948750 41712 7946 1021250 7147
35729.764950 176501 250 250 250 250 73 46 0 73 52 0 73 42 0 73 44 0 44774 948750 41712 7946 1021250 7147
35729.964937 176502 250 250 250 250 73 46 0 73 52 0 73 42 0 73 44 0 44774 948750 41712 7946 1021250 7147
35730.164972 176503 250 250 250 250 73 46 0 73 52 0 73 42 0 73 44 0 44774 948750 41712 8220 1021250 8168
35730.364949 176504 250 250 250 250 73 46 0 73 52 0 73 42 0 73 44 0 44774 948750 41712 8220 1021250 8168
35730.564953 176505 250 250 250 250 73 46 0 73 52 0 73 42 0 73 44 0 44774 948750 41712 8220 1021250 8168
35730.764949 176506 250 250 250 250 73 46 0 73 52 0 73 42 0 73 44 0 44774 948750 41712 7946 1021250 7147
35730.964949 176507 250 250 250 250 73 46 0 73 52 0 73 42 0 73 44 0 45018 948750 42660 7946 1021250 7147
35731.164972 176508 250 250 250 250 73 46 0 73 52 0 73 42 0 73 44 0 44469 948750 41712 7946 1021250 7147
35731.364949 176509 250 250 250 250 73 46 0 73 52 0 73 42 0 73 44 0 44469 948750 41712 7946 1021250 7147
35731.564949 176510 250 250 250 250 73 46 0 73 52 0 73 42 0 73 44 0 44774 948750 41712 8220 1021250 8168
35731.764950 176511 250 250 250 250 73 46 0 73 52 0 73 42 0 73 44 0 44774 948750 41712 7946 1021250 7147
35731.964954 176512 250 250 250 250 73 46 0 73 52 0 73 42 0 73 44 0 44469 948750 41712 7946 1021250 7147
35732.164973 176513 250 250 250 250 72 46 0 72 52 0 72 42 0 72 44 0 44469 948750 41712 7946 1021250 7147
35732.364938 176514 250 250 250 250 72 46 0 72 52 0 72 42 0 72 44 0 45018 948750 42660 7946 1021250 7147
35732.564949 176515 250 250 250 250 72 46 0 72 52 0 72 42 0 72 44 0 44774 948750 41712 8220 1021250 8168
35732.764950 176516 250 250 250 250 72 46 0 72 52 0 72 42 0 72 44 0 44469 948750 41712 7946 1021250 7147
35732.964949 176517 250 250 250 250 72 46 0 72 52 0 72 42 0 72 44 0 44469 948750 41712 7946 1021250 7147
35733.164972 176518 250 250 250 250 73 46 0 73 52 0 73 42 0 73 44 0 45018 948750 42660 8220 1021250 8168
35733.364949 176519 250 250 250 250 73 46 0 73 52 0 73 42 0 73 44 0 44469 948750 41712 8220 1021250 8168
35733.564949 176520 250 250 250 250 73 46 0 73 52 0 73 42 0 73 44 0 44469 948750 41712 7946 1021250 7147
35733.764952 176521 250 250 250 250 73 46 0 73 52 0 73 42 0 73 44 0 44469 948750 41712 7946 1021250 7147
35733.964949 176522 250 250 250 250 73 46 0 73 52 0 73 42 0 73 44 0 45018 948750 42660 7946 1021250 7147
35734.164972 176523 250 250 250 250 73 46 0 73 52 0 73 42 0 73 44 0 45018 948750 42660 7946 1021250 7147
35734.364950 176524 250 250 250 250 73 46 0 73 52 0 73 42 0 73 44 0 44469 948750 41712 8220 1021250 8168
35734.564930 176525 250 250 250 250 73 46 0 73 52 0 73 42 0 73 44 0 44469 948750 41712 8220 1021250 8168
35734.764938 176526 250 250 250 250 73 46 0 73 52 0 73 42 0 73 44 0 44774 948750 41712 8220 1021250 8168
35734.964953 176527 250 250 250 250 73 46 0 73 52 0 73 42 0 73 44 0 45018 948750 42660 7946 1021250 7147
35735.164976 176528 250 250 250 250 73 46 0 73 52 0 73 42 0 73 44 0 44774 948750 41712 7946 1021250 7147
35735.364923 176529 250 250 250 250 73 46 0 73 52 0 73 42 0 73 44 0 44774 948750 41712 7946 1021250 7147
35735.564949 176530 250 250 250 250 73 46 0 73 52 0 73 42 0 73 44 0 44774 948750 41712 7946 1021250 7147
35735.764949 176531 250 250 250 250 73 46 0 73 52 0 73 42 0 73 44 0 44774 948750 41712 8220 1021250 8168
35735.964948 176532 250 250 250 250 73 46 0 73 52 0 73 42 0 73 44 0 44774 948750 41712 7946 1021250 7147
35736.164972 176533 250 250 250 250 72 46 0 72 52 0 72 42 0 72 44 0 44774 948750 41712 7946 1021250 7147
35736.364952 176534 250 250 250 250 72 46 0 72 52 0 72 42 0 72 44 0 44774 948750 41712 7946 1021250 7147
35736.564949 176535 250 250 250 250 73 46 0 73 52 0 73 42 0 73 44 0 44774 948750 41712 7946 1021250 7147
35736.764950 176536 250 250 250 250 73 46 0 73 52 0 73 42 0 73 44 0 44469 948750 41712 7946 1021250 7147
35736.964936 176537 250 250 250 250 73 46 0 73 52 0 73 42 0 73 44 0 44225 948750 41712 7946 1021250 7147
35737.164973 176538 250 250 250 250 73 46 0 73 52 0 73 42 0 73 44 0 44225 948750 41712 7946 1021250 7147
35737.364949 176539 250 250 250 250 73 46 0 73 52 0 73 42 0 73 44 0 44774 948750 41712 7946 1021250 7147
35737.564949 176540 250 250 250 250 73 46 0 73 52 0 73 42 0 73 44 0 44469 948750 41712 7946 1021250 7147
35737.764950 176541 250 250 250 250 73 46 0 73 52 0 73 42 0 73 44 0 44774 948750 41712 8220 1021250 8168
35737.964954 176542 250 250 250 250 73 46 0 73 52 0 73 42 0 73 44 0 44774 948750 41712 8220 1021250 8168
35738.164973 176543 250 250 250 250 73 46 0 73 52 0 73 42 0 73 44 0 44774 948750 41712 7946 1021250 7147
35738.364949 176544 250 250 250 250 73 46 0 73 52 0 73 42 0 73 44 0 44774 948750 41712 7946 1021250 7147
35738.564950 176545 250 250 250 250 73 46 0 73 52 0 73 42 0 73 44 0 44774 948750 41712 8220 1021250 8168
35738.764949 176546 250 250 250 250 73 46 0 73 52 0 73 42 0 73 44 0 44774 948750 41712 8220 1021250 8168
35738.964950 176547 250 250 250 250 73 46 0 73 52 0 73 42 0 73 44 0 44774 948750 41712 8220 1021250 8168
35739.164973 176548 250 250 250 250 73 46 0 73 52 0 73 42 0 73 44 0 44774 948750 41712 7946 1021250 7147
35739.364936 176549 250 250 250 250 73 46 0 73 52 0 73 42 0 73 44 0 45018 948750 42660 7946 1021250 7147
35739.564952 176550 250 250 250 250 73 46 0 73 52 0 73 42 0 73 44 0 45018 948750 42660 7946 1021250 7147
35739.764950 176551 250 250 250 250 73 46 0 73 52 0 73 42 0 73 44 0 45262 948750 42660 7946 1021250 7147
35739.964949 176552 250 250 250 250 73 46 0 73 52 0 73 42 0 73 44 0 44774 948750 41712 7946 1021250 7147
35740.164974 176553 250 250 250 250 73 46 0 73 52 0 73 42 0 73 44 0 45018 948750 42660 8220 1021250 8168
35740.364950 176554 250 250 250 250 73 46 0 73 52 0 73 42 0 73 44 0 45018 948750 42660 8220 1021250 8168
35740.564953 176555 250 250 250 250 73 46 0 73 52 0 73 42 0 73 44 0 45018 948750 42660 7946 1021250 7147
35740.764951 176556 250 250 250 250 73 46 0 73 52 0 73 42 0 73 44 0 44225 948750 41712 7946 1021250 7147
35740.964953 176557 250 250 250 250 73 46 0 73 52 0 73 42 0 73 44 0 44469 948750 41712 7946 1021250 7147
35741.164955 176558 250 250 250 250 73 46 0 73 52 0 73 42 0 73 44 0 44469 948750 41712 7946 1021250 7147
35741.364949 176559 250 250 250 250 73 46 0 73 52 0 73 42 0 73 44 0 44469 948750 41712 7946 1021250 7147
35741.564949 176560 250 250 250 250 73 46 0 73 52 0 73 42 0 73 44 0 44774 948750 41712 7946 1021250 7147
35741.764937 176561 250 250 250 250 73 46 0 73 52 0 73 42 0 73 44 0 44469 948750 41712 8220 1021250 8168
35741.964950 176562 250 250 250 250 73 46 0 73 52 0 73 42 0 73 44 0 44469 948750 41712 7946 1021250 7147
35742.164972 176563 250 250 250 250 73 46 0 73 52 0 73 42 0 73 44 0 44469 948750 41712 7946 1021250 7147
35742.364950 176564 250 250 250 250 73 46 0 73 52 0 73 42 0 73 44 0 45018 948750 42660 8220 1021250 8168
35742.564949 176565 250 250 250 250 73 46 0 73 52 0 73 42 0 73 44 0 44774 948750 41712 7946 1021250 7147
35742.764950 176566 250 250 250 250 73 46 0 73 52 0 73 42 0 73 44 0 44774 948750 41712 8220 1021250 8168
35742.964952 176567 250 250 250 250 73 46 0 73 52 0 73 42 0 73 44 0 44774 948750 41712 8220 1021250 8168
35743.164973 176568 250 250 250 250 73 46 0 73 52 0 73 42 0 73 44 0 44469 948750 41712 7946 1021250 7147
35743.364949 176569 250 250 250 250 73 46 0 73 52 0 73 42 0 73 44 0 44774 948750 41712 7946 1021250 7147
35743.564949 176570 250 250 250 250 73 46 0 73 52 0 73 42 0 73 44 0 44469 948750 41712 8220 1021250 8168
35743.764950 176571 250 250 250 250 73 46 0 73 52 0 73 42 0 73 44 0 44469 948750 41712 8220 1021250 8168
35743.964953 176572 250 250 250 250 73 46 0 73 52 0 73 42 0 73 44 0 45018 948750 42660 7946 1021250 7147
35744.164937 176573 250 250 250 250 73 46 0 73 52 0 73 42 0 73 44 0 45018 948750 42660 7946 1021250 7147
35744.364949 176574 250 250 250 250 73 46 0 73 52 0 73 42 0 73 44 0 44774 948750 41712 7946 1021250 7147
35744.564951 176575 250 250 250 250 73 46 0 73 52 0 73 42 0 73 44 0 44774 948750 41712 7946 1021250 7147
35744.764950 176576 250 250 250 250 73 46 0 73 52 0 73 42 0 73 44 0 45018 948750 42660 7946 1021250 7147
35744.964949 176577 250 250 250 250 73 46 0 73 52 0 73 42 0 73 44 0 45018 948750 42660 8220 1021250 8168
35745.164972 176578 250 250 250 250 73 46 0 73 52 0 73 42 0 73 44 0 44774 948750 41712 8220 1021250 8168
35745.364949 176579 250 250 250 250 73 46 0 73 52 0 73 42 0 73 44 0 44774 948750 41712 8220 1021250 8168
35745.564949 176580 250 250 250 250 73 46 0 73 52 0 73 42 0 73 44 0 45262 948750 42660 7946 1021250 7147
35745.764950 176581 250 250 250 250 73 46 0 73 52 0 73 42 0 73 44 0 44225 948750 41712 7946 1021250 7147
35745.964949 176582 250 250 250 250 73 46 0 73 52 0 73 42 0 73 44 0 45018 948750 42660 7946 1021250 7147
35746.164975 176583 250 250 250 250 73 46 0 73 52 0 73 42 0 73 44 0 45018 948750 42660 7946 1021250 7147
35746.364949 176584 250 250 250 250 73 46 0 73 52 0 73 42 0 73 44 0 44774 948750 41712 7946 1021250 7147
35746.564937 176585 250 250 250 250 73 46 0 73 52 0 73 42 0 73 44 0 45018 948750 42660 7946 1021250 7147
35746.764950 176586 250 250 250 250 73 46 0 73 52 0 73 42 0 73 44 0 44774 948750 41712 7946 1021250 7147
35746.964954 176587 250 250 250 250 73 46 0 73 52 0 73 42 0 73 44 0 44774 948750 41712 7946 1021250 7147
35747.164973 176588 250 250 250 250 73 46 0 73 52 0 73 42 0 73 44 0 45018 948750 42660 7946 1021250 7147
35747.364949 176589 250 250 250 250 73 46 0 73 52 0 73 42 0 73 44 0 44774 948750 41712 8220 1021250 8168
35747.564950 176590 250 250 250 250 73 46 0 73 52 0 73 42 0 73 44 0 44774 948750 41712 7946 1021250 7147
35747.764867 176591 250 250 250 250 73 46 0 73 52 0 73 42 0 73 44 0 44469 948750 41712 7946 1021250 7147
35747.964949 176592 250 250 250 250 73 46 0 73 52 0 73 42 0 73 44 0 44469 948750 41712 7946 1021250 7147
35748.164973 176593 250 250 250 250 73 46 0 73 52 0 73 42 0 73 44 0 44774 948750 41712 8220 1021250 8168
35748.364949 176594 250 250 250 250 73 46 0 73 52 0 73 42 0 73 44 0 44225 948750 41712 7946 1021250 7147
35748.564949 176595 250 250 250 250 73 46 0 73 52 0 73 42 0 73 44 0 44469 948750 41712 7946 1021250 7147
35748.764952 176596 250 250 250 250 73 46 0 73 52 0 73 42 0 73 44 0 44469 948750 41712 7946 1021250 7147
35748.964937 176597 250 250 250 250 73 46 0 73 52 0 73 42 0 73 44 0 44774 948750 41712 7946 1021250 7147
35749.164972 176598 250 250 250 250 73 46 0 73 52 0 73 42 0 73 44 0 44469 948750 41712 8220 1021250 8168
35749.364949 176599 250 250 250 250 73 46 0 73 52 0 73 42 0 73 44 0 44774 948750 41712 8220 1021250 8168
35749.564949 176600 250 250 250 250 73 46 0 73 52 0 73 42 0 73 44 0 44774 948750 41712 8220 1021250 8168
35749.764950 176601 250 250 250 250 73 46 0 73 52 0 73 42 0 73 44 0 45018 948750 42660 7946 1021250 7147
35749.964953 176602 250 250 250 250 73 46 0 73 52 0 73 42 0 73 44 0 44774 948750 41712 8220 1021250 8168
35750.164973 176603 250 250 250 250 73 46 0 73 52 0 73 42 0 73 44 0 44774 948750 41712 7946 1021250 7147
35750.364949 176604 250 250 250 250 73 46 0 73 52 0 73 42 0 73 44 0 44774 948750 41712 7946 1021250 7147
35750.564950 176605 250 250 250 250 73 46 0 73 52 0 73 42 0 73 44 0 45018 948750 42660 7946 1021250 7147
35750.764950 176606 250 250 250 250 72 46 0 72 52 0 72 42 0 72 44 0 44774 948750 41712 8220 1021250 8168
35750.964950 176607 250 250 250 250 72 46 0 72 52 0 72 42 0 72 44 0 44469 948750 41712 7946 1021250 7147
35751.164973 176608 250 250 250 250 73 46 0 73 52 0 73 42 0 73 44 0 44469 948750 41712 7946 1021250 7147
35751.364937 176609 250 250 250 250 73 46 0 73 52 0 73 42 0 73 44 0 45018 948750 42660 7946 1021250 7147
35751.564949 176610 250 250 250 250 73 46 0 73 52 0 73 42 0 73 44 0 44469 948750 41712 7946 1021250 7147
35751.764949 176611 250 250 250 250 73 46 0 73 52 0 73 42 0 73 44 0 44469 948750 41712 8220 1021250 8168
35751.964955 176612 250 250 250 250 73 46 0 73 52 0 73 42 0 73 44 0 44469 948750 41712 8220 1021250 8168
35752.164975 176613 250 250 250 250 73 46 0 73 52 0 73 42 0 73 44 0 44774 948750 41712 8220 1021250 8168
35752.364949 176614 250 250 250 250 73 46 0 73 52 0 73 42 0 73 44 0 44774 948750 41712 8220 1021250 8168
35752.564949 176615 250 250 250 250 73 46 0 73 52 0 73 42 0 73 44 0 44774 948750 41712 7946 1021250 7147
35752.764952 176616 250 250 250 250 72 46 0 72 52 0 72 42 0 72 44 0 44774 948750 41712 7946 1021250 7147
35752.964954 176617 250 250 250 250 72 46 0 72 52 0 72 42 0 72 44 0 44225 948750 41712 7946 1021250 7147
35753.164973 176618 250 250 250 250 73 46 0 73 52 0 73 42 0 73 44 0 44469 948750 41712 7946 1021250 7147
35753.364950 176619 250 250 250 250 73 46 0 73 52 0 73 42 0 73 44 0 44469 948750 41712 7946 1021250 7147
35753.564930 176620 250 250 250 250 73 46 0 73 52 0 73 42 0 73 44 0 44469 948750 41712 7946 1021250 7147
35753.764939 176621 250 250 250 250 73 46 0 73 52 0 73 42 0 73 44 0 44469 948750 41712 8220 1021250 8168
35753.964949 176622 250 250 250 250 73 46 0 73 52 0 73 42 0 73 44 0 44774 948750 41712 7946 1021250 7147
35754.164972 176623 250 250 250 250 73 46 0 73 52 0 73 42 0 73 44 0 45018 948750 42660 8220 1021250 8168
35754.364923 176624 250 250 250 250 73 46 0 73 52 0 73 42 0 73 44 0 44774 948750 41712 7946 1021250 7147
35754.564949 176625 250 250 250 250 73 46 0 73 52 0 73 42 0 73 44 0 44774 948750 41712 7946 1021250 7147
35754.764951 176626 250 250 250 250 73 46 0 73 52 0 73 42 0 73 44 0 45018 948750 42660 7946 1021250 7147
35754.964949 176627 250 250 250 250 73 46 0 73 52 0 73 42 0 73 44 0 44774 948750 41712 8220 1021250 8168
35755.164972 176628 250 250 250 250 73 46 0 73 52 0 73 42 0 73 44 0 45018 948750 42660 8220 1021250 8168
35755.364949 176629 250 250 250 250 73 46 0 73 52 0 73 42 0 73 44 0 45018 948750 42660 8220 1021250 8168
35755.564952 176630 250 250 250 250 73 46 0 73 52 0 73 42 0 73 44 0 45018 948750 42660 7946 1021250 7147
35755.764950 176631 250 250 250 250 73 46 0 73 52 0 73 42 0 73 44 0 45018 948750 42660 8220 1021250 8168
35755.964936 176632 250 250 250 250 73 46 0 73 52 0 73 42 0 73 44 0 45018 948750 42660 7946 1021250 7147
35756.164974 176633 250 250 250 250 73 46 0 73 52 0 73 42 0 73 44 0 45018 948750 42660 7946 1021250 7147
35756.364949 176634 250 250 250 250 73 46 0 73 52 0 73 42 0 73 44 0 44774 948750 41712 8220 1021250 8168
35756.564949 176635 250 250 250 250 73 46 0 73 52 0 73 42 0 73 44 0 44774 948750 41712 7946 1021250 7147
35756.764950 176636 250 250 250 250 73 46 0 73 52 0 73 42 0 73 44 0 44469 948750 41712 7946 1021250 7147
35756.964952 176637 250 250 250 250 73 46 0 73 52 0 73 42 0 73 44 0 44469 948750 41712 7946 1021250 7147
35757.164973 176638 250 250 250 250 73 46 0 73 52 0 73 42 0 73 44 0 44774 948750 41712 7946 1021250 7147
35757.364950 176639 250 250 250 250 73 46 0 73 52 0 73 42 0 73 44 0 44225 948750 41712 7946 1021250 7147
35757.564949 176640 250 250 250 250 73 46 0 73 52 0 73 42 0 73 44 0 44774 948750 41712 7946 1021250 7147
35757.764953 176641 250 250 250 250 73 46 0 73 52 0 73 42 0 73 44 0 44774 948750 41712 7946 1021250 7147
35757.964951 176642 250 250 250 250 73 46 0 73 52 0 73 42 0 73 44 0 44774 948750 41712 8220 1021250 8168
35758.164973 176643 250 250 250 250 73 46 0 73 52 0 73 42 0 73 44 0 44774 948750 41712 7946 1021250 7147
35758.364936 176644 250 250 250 250 73 46 0 73 52 0 73 42 0 73 44 0 44469 948750 41712 8220 1021250 8168
35758.564950 176645 250 250 250 250 73 46 0 73 52 0 73 42 0 73 44 0 44469 948750 41712 8220 1021250 8168
35758.764950 176646 250 250 250 250 73 46 0 73 52 0 73 42 0 73 44 0 44469 948750 41712 7946 1021250 7147
35758.964954 176647 250 250 250 250 73 46 0 73 52 0 73 42 0 73 44 0 44774 948750 41712 7946 1021250 7147
35759.164975 176648 250 250 250 250 73 46 0 73 52 0 73 42 0 73 44 0 44774 948750 41712 7946 1021250 7147
35759.364949 176649 250 250 250 250 73 46 0 73 52 0 73 42 0 73 44 0 44774 948750 41712 7946 1021250 7147
35759.564950 176650 250 250 250 250 73 46 0 73 52 0 73 42 0 73 44 0 45018 948750 42660 7946 1021250 7147
35759.764949 176651 250 250 250 250 73 46 0 73 52 0 73 42 0 73 44 0 45018 948750 42660 7946 1021250 7147
35759.964949 176652 250 250 250 250 73 46 0 73 52 0 73 42 0 73 44 0 44774 948750 41712 7946 1021250 7147
35760.164954 176653 250 250 250 250 73 46 0 73 52 0 73 42 0 73 44 0 44774 948750 41712 7946 1021250 7147
35760.364949 176654 250 250 250 250 73 46 0 73 52 0 73 42 0 73 44 0 44469 948750 41712 7946 1021250 7147
35760.564950 176655 250 250 250 250 73 46 0 73 52 0 73 42 0 73 44 0 44774 948750 41712 8220 1021250 8168
35760.764936 176656 250 250 250 250 72 46 0 72 52 0 72 42 0 72 44 0 45018 948750 42660 7946 1021250 7147
35760.964950 176657 250 250 250 250 72 46 0 72 52 0 72 42 0 72 44 0 44774 948750 41712 7946 1021250 7147
35761.164999 176658 250 250 250 250 73 46 0 73 52 0 73 42 0 73 44 0 44774 948750 41712 7946 1021250 7147
35761.364965 176659 250 250 250 250 73 46 0 73 52 0 73 42 0 73 44 0 38491 948750 36024 7946 1021250 7147
35761.564965 176660 250 250 250 250 73 46 0 73 52 0 73 42 0 73 44 0 9028 950000 8550 7946 1021250 7147
35761.764966 176661 250 250 250 250 73 46 0 73 52 0 73 42 0 73 44 0 8479 950000 7600 7946 1021250 7147
