 8430.889945 40009 800 800 800 800 71 46 0 71 52 0 71 42 0 71 44 0 14518 1210000 16940 37538 907500 33559
 8431.090010 40010 800 800 800 800 71 46 0 71 52 0 71 42 0 71 44 0 14274 1210000 16940 35620 907500 31745
 8431.289938 40011 800 800 800 800 71 46 0 71 52 0 71 42 0 71 44 0 13969 1210000 15730 36442 907500 32652
 8431.489938 40012 800 800 800 800 71 46 0 71 52 0 71 42 0 71 44 0 14274 1210000 16940 35620 907500 31745
 8431.689934 40013 800 800 800 800 71 46 0 71 52 0 71 42 0 71 44 0 14274 1210000 16940 35620 907500 31745
 8431.889938 40014 800 800 800 800 71 46 0 71 52 0 71 42 0 71 44 0 13969 1210000 15730 36168 907500 32652
 8432.089938 40015 800 800 800 800 71 46 0 71 52 0 71 42 0 71 44 0 14274 1210000 16940 194814 907500 175958
 8432.289938 40016 800 800 800 800 71 46 0 71 52 0 71 42 0 71 44 0 14274 1210000 16940 36990 907500 32652
 8432.489873 40017 800 800 800 800 71 46 0 71 52 0 71 42 0 71 44 0 14274 1210000 16940 36990 907500 32652
 8432.690014 40018 800 800 800 800 71 46 0 71 52 0 71 42 0 71 44 0 13969 1210000 15730 39456 907500 35373
 8432.889963 40019 800 800 800 800 71 46 0 71 52 0 71 42 0 71 44 0 14274 1210000 16940 408260 907500 370056
 8433.089965 40020 800 800 800 800 71 46 0 71 52 0 71 42 0 71 44 0 14274 1210000 16940 497310 908750 451276
 8433.289917 40021 800 800 800 800 72 46 0 72 52 0 72 42 0 72 44 0 14274 1210000 16940 497310 908750 451276
 8433.490125 40022 800 800 800 800 72 46 0 72 52 0 72 42 0 72 44 0 14274 1210000 16940 495392 907500 448965
 8433.689942 40023 800 800 800 800 72 46 0 72 52 0 72 42 0 72 44 0 14274 1208750 16912 467170 907500 423569
 8433.889946 40024 800 800 800 800 72 46 0 72 52 0 72 42 0 72 44 0 13969 1210000 15730 431824 907500 390917
 8434.089965 40025 800 800 800 800 71 46 0 71 52 0 71 42 0 71 44 0 13969 1210000 15730 431824 907500 390917
 8434.289946 40026 800 800 800 800 71 46 0 71 52 0 71 42 0 71 44 0 13969 1210000 15730 399218 907500 361893
 8434.489947 40027 800 800 800 800 71 46 0 71 52 0 71 42 0 71 44 0 14274 1210000 16940 398670 907500 360986
 8434.689947 40028 800 800 800 800 71 46 0 71 52 0 71 42 0 71 44 0 14274 1210000 16940 397574 907500 360079
 8434.889946 40029 800 800 800 800 71 46 0 71 52 0 71 42 0 71 44 0 14274 1210000 16940 397574 907500 360079
 8435.089966 40030 800 800 800 800 71 46 0 71 52 0 71 42 0 71 44 0 14274 1210000 16940 397574 907500 360079
 8435.289946 40031 800 800 800 800 72 46 0 72 52 0 72 42 0 72 44 0 14274 1210000 16940 397848 907500 360079
 8435.489941 40032 800 800 800 800 72 46 0 72 52 0 72 42 0 72 44 0 13969 1210000 15730 399218 907500 361893
 8435.689867 40033 800 800 800 800 72 46 0 72 52 0 72 42 0 72 44 0 14518 1210000 16940 399492 907500 361893
 8435.889947 40034 800 800 800 800 72 46 0 72 52 0 72 42 0 72 44 0 14518 1210000 16940 399492 907500 361893
 8436.089965 40035 800 800 800 800 72 46 0 72 52 0 72 42 0 72 44 0 13969 1210000 15730 399218 907500 361893
 8436.289948 40036 800 800 800 800 72 46 0 72 52 0 72 42 0 72 44 0 14274 1210000 16940 397574 907500 360079
 8436.489947 40037 800 800 800 800 72 46 0 72 52 0 72 42 0 72 44 0 14274 1210000 16940 398944 907500 360986
 8436.689950 40038 800 800 800 800 72 46 0 72 52 0 72 42 0 72 44 0 14274 1210000 16940 398944 907500 360986
 8436.889949 40039 800 800 800 800 72 46 0 72 52 0 72 42 0 72 44 0 14274 1210000 16940 397026 907500 360079
 8437.089965 40040 800 800 800 800 72 46 0 72 52 0 72 42 0 72 44 0 14274 1210000 16940 396752 907500 359172
 8437.289948 40041 800 800 800 800 72 46 0 72 52 0 72 42 0 72 44 0 14274 1210000 16940 396752 907500 359172
 8437.489947 40042 800 800 800 800 72 46 0 72 52 0 72 42 0 72 44 0 14274 1210000 16940 396752 907500 359172
 8437.689947 40043 800 800 800 800 72 46 0 72 52 0 72 42 0 72 44 0 14274 1210000 16940 397300 907500 360079
 8437.889947 40044 800 800 800 800 72 46 0 72 52 0 72 42 0 72 44 0 14518 1210000 16940 398396 907500 360986
 8438.089964 40045 800 800 800 800 72 46 0 72 52 0 72 42 0 72 44 0 14274 1210000 16940 397848 907500 360079
 8438.289947 40046 800 800 800 800 72 46 0 72 52 0 72 42 0 72 44 0 14274 1210000 16940 397848 907500 360079
 8438.489947 40047 800 800 800 800 72 46 0 72 52 0 72 42 0 72 44 0 14274 1210000 16940 398396 907500 360986
 8438.689948 40048 800 800 800 800 72 46 0 72 52 0 72 42 0 72 44 0 14518 1210000 16940 396752 907500 359172
 8438.889948 40049 800 800 800 800 72 46 0 72 52 0 72 42 0 72 44 0 14274 1210000 16940 396752 907500 359172
 8439.089964 40050 800 800 800 800 72 46 0 72 52 0 72 42 0 72 44 0 14274 1210000 16940 396752 907500 359172
 8439.289947 40051 800 800 800 800 72 46 0 72 52 0 72 42 0 72 44 0 14274 1210000 16940 396752 907500 359172
 8439.489946 40052 800 800 800 800 72 46 0 72 52 0 72 42 0 72 44 0 14518 1210000 16940 396752 907500 359172
 8439.689950 40053 800 800 800 800 72 46 0 72 52 0 72 42 0 72 44 0 14518 1210000 16940 397574 907500 360079
 8439.889949 40054 800 800 800 800 72 46 0 72 52 0 72 42 0 72 44 0 14518 1210000 16940 397574 907500 360079
 8440.089966 40055 800 800 800 800 72 46 0 72 52 0 72 42 0 72 44 0 14274 1210000 16940 397300 907500 360079
 8440.289941 40056 800 800 800 800 72 46 0 72 52 0 72 42 0 72 44 0 14274 1210000 16940 397300 907500 360079
 8440.489945 40057 800 800 800 800 72 46 0 72 52 0 72 42 0 72 44 0 14274 1210000 16940 397026 907500 360079
 8440.689948 40058 800 800 800 800 72 46 0 72 52 0 72 42 0 72 44 0 14274 1210000 16940 397026 907500 360079
 8440.889947 40059 800 800 800 800 72 46 0 72 52 0 72 42 0 72 44 0 14274 1210000 16940 398122 907500 360986
 8441.089964 40060 800 800 800 800 72 46 0 72 52 0 72 42 0 72 44 0 14518 1210000 16940 397848 907500 360079
 8441.289946 40061 800 800 800 800 72 46 0 72 52 0 72 42 0 72 44 0 14274 1208750 16912 397848 907500 360079
 8441.489927 40062 800 800 800 800 72 46 0 72 52 0 72 42 0 72 44 0 14274 1208750 16912 397848 907500 360079
 8441.689946 40063 800 800 800 800 72 46 0 72 52 0 72 42 0 72 44 0 14274 1208750 16912 398670 907500 360986
 8441.889946 40064 800 800 800 800 72 46 0 72 52 0 72 42 0 72 44 0 14274 1210000 16940 399218 907500 361893
 8442.089962 40065 800 800 800 800 72 46 0 72 52 0 72 42 0 72 44 0 14274 1210000 16940 398944 907500 360986
 8442.289921 40066 800 800 800 800 72 46 0 72 52 0 72 42 0 72 44 0 13969 1210000 15730 399218 907500 361893
 8442.489947 40067 800 800 800 800 72 46 0 72 52 0 72 42 0 72 44 0 13969 1210000 15730 399218 907500 361893
 8442.689941 40068 800 800 800 800 72 46 0 72 52 0 72 42 0 72 44 0 13969 1210000 15730 398396 907500 360986
 8442.889947 40069 800 800 800 800 72 46 0 72 52 0 72 42 0 72 44 0 14518 1210000 16940 399218 907500 361893
 8443.089962 40070 800 800 800 800 72 46 0 72 52 0 72 42 0 72 44 0 14274 1210000 16940 397848 907500 360079
 8443.289947 40071 800 800 800 800 72 46 0 72 52 0 72 42 0 72 44 0 14274 1210000 16940 397848 907500 360079
 8443.489947 40072 800 800 800 800 72 46 0 72 52 0 72 42 0 72 44 0 14274 1210000 16940 399218 907500 361893
 8443.689947 40073 800 800 800 800 72 46 0 72 52 0 72 42 0 72 44 0 14518 1210000 16940 399492 907500 361893
 8443.889946 40074 800 800 800 800 72 46 0 72 52 0 72 42 0 72 44 0 14518 1210000 16940 399492 907500 361893
 8444.089963 40075 800 800 800 800 72 46 0 72 52 0 72 42 0 72 44 0 14518 1210000 16940 399492 907500 361893
 8444.289948 40076 800 800 800 800 72 46 0 72 52 0 72 42 0 72 44 0 14274 1210000 16940 399492 907500 361893
 8444.489947 40077 800 800 800 800 72 46 0 72 52 0 72 42 0 72 44 0 14274 1210000 16940 399492 907500 361893
 8444.689947 40078 800 800 800 800 72 46 0 72 52 0 72 42 0 72 44 0 14274 1210000 16940 398670 907500 360986
 8444.889948 40079 800 800 800 800 72 46 0 72 52 0 72 42 0 72 44 0 14274 1210000 16940 398670 907500 360986
 8445.089957 40080 800 800 800 800 72 46 0 72 52 0 72 42 0 72 44 0 14518 1210000 16940 398944 907500 360986
 8445.289948 40081 800 800 800 800 72 46 0 72 52 0 72 42 0 72 44 0 14274 1210000 16940 398396 907500 360986
 8445.489948 40082 800 800 800 800 72 46 0 72 52 0 72 42 0 72 44 0 14274 1210000 16940 397848 907500 360079
 8445.689950 40083 800 800 800 800 72 46 0 72 52 0 72 42 0 72 44 0 14274 1210000 16940 397848 907500 360079
 8445.889947 40084 800 800 800 800 72 46 0 72 52 0 72 42 0 72 44 0 14274 1210000 16940 397848 907500 360079
 8446.089964 40085 800 800 800 800 72 46 0 72 52 0 72 42 0 72 44 0 14274 1210000 16940 398670 907500 360986
 8446.289940 40086 800 800 800 800 72 46 0 72 52 0 72 42 0 72 44 0 14274 1210000 16940 397574 907500 360079
 8446.489946 40087 800 800 800 800 72 46 0 72 52 0 72 42 0 72 44 0 14274 1210000 16940 397574 907500 360079
 8446.689948 40088 800 800 800 800 72 46 0 72 52 0 72 42 0 72 44 0 14274 1210000 16940 396752 907500 359172
 8446.889947 40089 800 800 800 800 72 46 0 72 52 0 72 42 0 72 44 0 14274 1210000 16940 396752 907500 359172
 8447.089965 40090 800 800 800 800 72 46 0 72 52 0 72 42 0 72 44 0 14274 1210000 16940 396752 907500 359172
 8447.289947 40091 800 800 800 800 72 46 0 72 52 0 72 42 0 72 44 0 14274 1210000 16940 396752 907500 359172
 8447.489948 40092 800 800 800 800 72 46 0 72 52 0 72 42 0 72 44 0 14274 1210000 16940 398122 907500 360986
 8447.689946 40093 800 800 800 800 72 46 0 72 52 0 72 42 0 72 44 0 14274 1210000 16940 398122 907500 360986
 8447.889947 40094 800 800 800 800 72 46 0 72 52 0 72 42 0 72 44 0 14274 1210000 16940 397848 907500 360079
 8448.089946 40095 800 800 800 800 72 46 0 72 52 0 72 42 0 72 44 0 14274 1210000 16940 397848 907500 360079
 8448.289947 40096 800 800 800 800 72 46 0 72 52 0 72 42 0 72 44 0 14274 1210000 16940 397026 907500 360079
 8448.489947 40097 800 800 800 800 72 46 0 72 52 0 72 42 0 72 44 0 14274 1210000 16940 397848 907500 360079
 8448.689939 40098 800 800 800 800 72 46 0 72 52 0 72 42 0 72 44 0 14274 1210000 16940 396752 907500 359172
 8448.889947 40099 800 800 800 800 72 46 0 72 52 0 72 42 0 72 44 0 14274 1210000 16940 396478 907500 359172
 8449.089965 40100 800 800 800 800 72 46 0 72 52 0 72 42 0 72 44 0 14274 1210000 16940 396478 907500 359172
 8449.289946 40101 800 800 800 800 72 46 0 72 52 0 72 42 0 72 44 0 14274 1210000 16940 397574 907500 360079
 8449.489947 40102 800 800 800 800 72 46 0 72 52 0 72 42 0 72 44 0 14518 1210000 16940 398396 907500 360986
 8449.689946 40103 800 800 800 800 72 46 0 72 52 0 72 42 0 72 44 0 14274 1210000 16940 398670 907500 360986
 8449.889947 40104 800 800 800 800 72 46 0 72 52 0 72 42 0 72 44 0 14274 1210000 16940 398670 907500 360986
 8450.089964 40105 800 800 800 800 72 46 0 72 52 0 72 42 0 72 44 0 14518 1210000 16940 400040 907500 362800
 8450.289947 40106 800 800 800 800 72 46 0 72 52 0 72 42 0 72 44 0 14518 1210000 16940 397574 907500 360079
 8450.489945 40107 800 800 800 800 72 46 0 72 52 0 72 42 0 72 44 0 14274 1210000 16940 397574 907500 360079
 8450.689948 40108 800 800 800 800 72 46 0 72 52 0 72 42 0 72 44 0 14274 1210000 16940 397574 907500 360079
 8450.889949 40109 800 800 800 800 72 46 0 72 52 0 72 42 0 72 44 0 14274 1210000 16940 398670 907500 360986
 8451.089942 40110 800 800 800 800 72 46 0 72 52 0 72 42 0 72 44 0 14274 1210000 16940 399492 907500 361893
 8451.289948 40111 800 800 800 800 72 46 0 72 52 0 72 42 0 72 44 0 14274 1210000 16940 399492 907500 361893
 8451.489948 40112 800 800 800 800 72 46 0 72 52 0 72 42 0 72 44 0 14274 1210000 16940 399492 907500 361893
 8451.689950 40113 800 800 800 800 72 46 0 72 52 0 72 42 0 72 44 0 14518 1210000 16940 399492 907500 361893
 8451.889948 40114 800 800 800 800 72 46 0 72 52 0 72 42 0 72 44 0 14274 1210000 16940 399766 907500 361893
 8452.089964 40115 800 800 800 800 72 46 0 72 52 0 72 42 0 72 44 0 14274 1210000 16940 399766 907500 361893
 8452.289947 40116 800 800 800 800 72 46 0 72 52 0 72 42 0 72 44 0 14274 1210000 16940 399766 907500 361893
 8452.489948 40117 800 800 800 800 72 46 0 72 52 0 72 42 0 72 44 0 14274 1210000 16940 399218 907500 361893
 8452.689947 40118 800 800 800 800 72 46 0 72 52 0 72 42 0 72 44 0 14518 1210000 16940 398944 907500 360986
 8452.889948 40119 800 800 800 800 72 46 0 72 52 0 72 42 0 72 44 0 14518 1210000 16940 399492 907500 361893
 8453.089964 40120 800 800 800 800 72 46 0 72 52 0 72 42 0 72 44 0 14518 1210000 16940 399492 907500 361893
 8453.289947 40121 800 800 800 800 72 46 0 72 52 0 72 42 0 72 44 0 14274 1210000 16940 400040 907500 362800
 8453.489942 40122 800 800 800 800 72 46 0 72 52 0 72 42 0 72 44 0 14274 1208750 16912 399218 907500 361893
 8453.689948 40123 800 800 800 800 72 46 0 72 52 0 72 42 0 72 44 0 14274 1210000 16940 399218 907500 361893
 8453.889950 40124 800 800 800 800 72 46 0 72 52 0 72 42 0 72 44 0 14274 1210000 16940 399218 907500 361893
 8454.089963 40125 800 800 800 800 72 46 0 72 52 0 72 42 0 72 44 0 14274 1210000 16940 398122 907500 360986
 8454.289948 40126 800 800 800 800 72 46 0 72 52 0 72 42 0 72 44 0 14274 1210000 16940 398944 907500 360986
 8454.489948 40127 800 800 800 800 72 46 0 72 52 0 72 42 0 72 44 0 14274 1210000 16940 398122 907500 360986
 8454.689870 40128 800 800 800 800 72 46 0 72 52 0 72 42 0 72 44 0 14274 1210000 16940 396752 907500 359172
 8454.889947 40129 800 800 800 800 72 46 0 72 52 0 72 42 0 72 44 0 14274 1210000 16940 396752 907500 359172
 8455.089965 40130 800 800 800 800 72 46 0 72 52 0 72 42 0 72 44 0 14274 1210000 16940 398122 907500 360986
 8455.289947 40131 800 800 800 800 72 46 0 72 52 0 72 42 0 72 44 0 14518 1210000 16940 398944 907500 360986
 8455.489947 40132 800 800 800 800 72 46 0 72 52 0 72 42 0 72 44 0 14274 1210000 16940 398944 907500 360986
 8455.689947 40133 800 800 800 800 72 46 0 72 52 0 72 42 0 72 44 0 14274 1210000 16940 398944 907500 360986
 8455.889940 40134 800 800 800 800 72 46 0 72 52 0 72 42 0 72 44 0 14518 1210000 16940 398944 907500 360986
 8456.089963 40135 800 800 800 800 72 46 0 72 52 0 72 42 0 72 44 0 14518 1210000 16940 398944 907500 360986
 8456.289947 40136 800 800 800 800 72 46 0 72 52 0 72 42 0 72 44 0 14518 1210000 16940 397026 907500 360079
 8456.489946 40137 800 800 800 800 72 46 0 72 52 0 72 42 0 72 44 0 14518 1210000 16940 397026 907500 360079
 8456.689947 40138 800 800 800 800 72 46 0 72 52 0 72 42 0 72 44 0 14518 1208750 16912 397574 907500 360079
 8456.889947 40139 800 800 800 800 72 46 0 72 52 0 72 42 0 72 44 0 14274 1210000 16940 398122 907500 360986
 8457.089965 40140 800 800 800 800 72 46 0 72 52 0 72 42 0 72 44 0 14274 1210000 16940 397848 907500 360079
 8457.289947 40141 800 800 800 800 72 46 0 72 52 0 72 42 0 72 44 0 14274 1210000 16940 397848 907500 360079
 8457.489945 40142 800 800 800 800 72 46 0 72 52 0 72 42 0 72 44 0 14518 1210000 16940 399218 907500 361893
 8457.689948 40143 800 800 800 800 72 46 0 72 52 0 72 42 0 72 44 0 14518 1210000 16940 399766 907500 361893
 8457.889946 40144 800 800 800 800 72 46 0 72 52 0 72 42 0 72 44 0 14274 1210000 16940 397574 907500 360079
 8458.089963 40145 800 800 800 800 72 46 0 72 52 0 72 42 0 72 44 0 14274 1210000 16940 397574 907500 360079
 8458.289940 40146 800 800 800 800 72 46 0 72 52 0 72 42 0 72 44 0 14274 1210000 16940 397300 907500 360079
 8458.489947 40147 800 800 800 800 72 46 0 72 52 0 72 42 0 72 44 0 14274 1210000 16940 397574 907500 360079
 8458.689947 40148 800 800 800 800 72 46 0 72 52 0 72 42 0 72 44 0 14274 1210000 16940 399218 907500 361893
 8458.889949 40149 800 800 800 800 72 46 0 72 52 0 72 42 0 72 44 0 14274 1210000 16940 399218 907500 361893
 8459.089964 40150 800 800 800 800 72 46 0 72 52 0 72 42 0 72 44 0 14518 1210000 16940 398944 907500 360986
 8459.289948 40151 800 800 800 800 72 46 0 72 52 0 72 42 0 72 44 0 14518 1210000 16940 398944 907500 360986
 8459.489947 40152 800 800 800 800 72 46 0 72 52 0 72 42 0 72 44 0 14518 1210000 16940 399766 907500 361893
 8459.689947 40153 800 800 800 800 72 46 0 72 52 0 72 42 0 72 44 0 14518 1210000 16940 399766 907500 361893
 8459.889947 40154 800 800 800 800 72 46 0 72 52 0 72 42 0 72 44 0 14274 1210000 16940 398670 907500 360986
 8460.089964 40155 800 800 800 800 72 46 0 72 52 0 72 42 0 72 44 0 14274 1210000 16940 399218 907500 361893
 8460.289947 40156 800 800 800 800 72 46 0 72 52 0 72 42 0 72 44 0 14518 1210000 16940 398122 907500 360986
 8460.489928 40157 800 800 800 800 72 46 0 72 52 0 72 42 0 72 44 0 14518 1210000 16940 398122 907500 360986
 8460.689944 40158 800 800 800 800 72 46 0 72 52 0 72 42 0 72 44 0 14518 1210000 16940 398396 907500 360986
 8460.889948 40159 800 800 800 800 72 46 0 72 52 0 72 42 0 72 44 0 14274 1210000 16940 399492 907500 361893
 8461.089964 40160 800 800 800 800 72 46 0 72 52 0 72 42 0 72 44 0 14518 1210000 16940 399218 907500 361893
 8461.289920 40161 800 800 800 800 72 46 0 72 52 0 72 42 0 72 44 0 14274 1210000 16940 398670 907500 360986
 8461.489947 40162 800 800 800 800 72 46 0 72 52 0 72 42 0 72 44 0 14274 1210000 16940 398670 907500 360986
 8461.689947 40163 800 800 800 800 72 46 0 72 52 0 72 42 0 72 44 0 14274 1210000 16940 398396 907500 360986
 8461.889947 40164 800 800 800 800 72 46 0 72 52 0 72 42 0 72 44 0 14274 1210000 16940 398122 907500 360986
 8462.089964 40165 800 800 800 800 72 46 0 72 52 0 72 42 0 72 44 0 14518 1210000 16940 398396 907500 360986
 8462.289948 40166 800 800 800 800 72 46 0 72 52 0 72 42 0 72 44 0 14518 1210000 16940 398396 907500 360986
 8462.489946 40167 800 800 800 800 72 46 0 72 52 0 72 42 0 72 44 0 14274 1210000 16940 398670 907500 360986
 8462.689946 40168 800 800 800 800 72 46 0 72 52 0 72 42 0 72 44 0 14274 1210000 16940 399218 907500 361893
 8462.889940 40169 800 800 800 800 72 46 0 72 52 0 72 42 0 72 44 0 14274 1210000 16940 398670 907500 360986
 8463.089946 40170 800 800 800 800 72 46 0 72 52 0 72 42 0 72 44 0 14274 1210000 16940 398670 907500 360986
 8463.289947 40171 800 800 800 800 72 46 0 72 52 0 72 42 0 72 44 0 14274 1210000 16940 399766 907500 361893
 8463.489946 40172 800 800 800 800 72 46 0 72 52 0 72 42 0 72 44 0 14274 1208750 16912 399766 907500 361893
 8463.689950 40173 800 800 800 800 72 46 0 72 52 0 72 42 0 72 44 0 14518 1210000 16940 398122 907500 360986
 8463.889949 40174 800 800 800 800 72 46 0 72 52 0 72 42 0 72 44 0 14518 1210000 16940 398122 907500 360986
 8464.089965 40175 800 800 800 800 72 46 0 72 52 0 72 42 0 72 44 0 14518 1210000 16940 398396 907500 360986
 8464.289947 40176 800 800 800 800 72 46 0 72 52 0 72 42 0 72 44 0 14274 1210000 16940 397300 907500 360079
 8464.489946 40177 800 800 800 800 72 46 0 72 52 0 72 42 0 72 44 0 14274 1210000 16940 398944 907500 360986
 8464.689948 40178 800 800 800 800 72 46 0 72 52 0 72 42 0 72 44 0 14274 1210000 16940 398944 907500 360986
 8464.889946 40179 800 800 800 800 72 46 0 72 52 0 72 42 0 72 44 0 14518 1210000 16940 408534 907500 370056
 8465.089962 40180 800 800 800 800 72 46 0 72 52 0 72 42 0 72 44 0 14274 1210000 16940 416754 907500 377312
 8465.289937 40181 800 800 800 800 72 46 0 72 52 0 72 42 0 72 44 0 14518 1210000 16940 399218 907500 361893
 8465.489946 40182 800 800 800 800 72 46 0 72 52 0 72 42 0 72 44 0 14518 1210000 16940 399218 907500 361893
 8465.689946 40183 800 800 800 800 72 46 0 72 52 0 72 42 0 72 44 0 14274 1210000 16940 396478 907500 359172
 8465.889947 40184 800 800 800 800 72 46 0 72 52 0 72 42 0 72 44 0 14518 1208750 16912 396204 907500 359172
 8466.089963 40185 800 800 800 800 72 46 0 72 52 0 72 42 0 72 44 0 14274 1210000 16940 396478 907500 359172
 8466.289946 40186 800 800 800 800 72 46 0 72 52 0 72 42 0 72 44 0 14274 1210000 16940 396478 907500 359172
 8466.489947 40187 800 800 800 800 72 46 0 72 52 0 72 42 0 72 44 0 14518 1210000 16940 399218 907500 361893
 8466.689948 40188 800 800 800 800 72 46 0 72 52 0 72 42 0 72 44 0 14518 1210000 16940 397848 907500 360079
 8466.889947 40189 800 800 800 800 72 46 0 72 52 0 72 42 0 72 44 0 14518 1210000 16940 398944 907500 360986
 8467.089945 40190 800 800 800 800 72 46 0 72 52 0 72 42 0 72 44 0 14518 1210000 16940 398944 907500 360986
 8467.289946 40191 800 800 800 800 72 46 0 72 52 0 72 42 0 72 44 0 14274 1210000 16940 397848 907500 360079
 8467.489947 40192 800 800 800 800 72 46 0 72 52 0 72 42 0 72 44 0 14518 1210000 16940 397300 907500 360079
 8467.689942 40193 800 800 800 800 72 46 0 72 52 0 72 42 0 72 44 0 14518 1208750 16912 397300 907500 360079
 8467.889947 40194 800 800 800 800 72 46 0 72 52 0 72 42 0 72 44 0 14518 1210000 16940 397574 907500 360079
 8468.089964 40195 800 800 800 800 72 46 0 72 52 0 72 42 0 72 44 0 14518 1210000 16940 397574 907500 360079
 8468.289946 40196 800 800 800 800 72 46 0 72 52 0 72 42 0 72 44 0 14274 1208750 16912 397848 907500 360079
 8468.489947 40197 800 800 800 800 72 46 0 72 52 0 72 42 0 72 44 0 14274 1210000 16940 399492 907500 361893
 8468.689946 40198 800 800 800 800 72 46 0 72 52 0 72 42 0 72 44 0 14518 1210000 16940 400314 907500 362800
 8468.889947 40199 800 800 800 800 72 46 0 72 52 0 72 42 0 72 44 0 14518 1210000 16940 400314 907500 362800
 8469.089963 40200 800 800 800 800 72 46 0 72 52 0 72 42 0 72 44 0 14518 1210000 16940 401410 907500 363707
 8469.289946 40201 800 800 800 800 72 46 0 72 52 0 72 42 0 72 44 0 14518 1210000 16940 398122 907500 360986
 8469.489947 40202 800 800 800 800 72 46 0 72 52 0 72 42 0 72 44 0 14518 1210000 16940 399492 907500 361893
 8469.689950 40203 800 800 800 800 72 46 0 72 52 0 72 42 0 72 44 0 14518 1210000 16940 399492 907500 361893
 8469.889946 40204 800 800 800 800 72 46 0 72 52 0 72 42 0 72 44 0 14274 1210000 16940 399492 907500 361893
 8470.089941 40205 800 800 800 800 72 46 0 72 52 0 72 42 0 72 44 0 14518 1210000 16940 398396 907500 360986
 8470.289948 40206 800 800 800 800 72 46 0 72 52 0 72 42 0 72 44 0 14274 1210000 16940 399766 907500 361893
 8470.489947 40207 800 800 800 800 72 46 0 72 52 0 72 42 0 72 44 0 14274 1210000 16940 399766 907500 361893
 8470.689947 40208 800 800 800 800 72 46 0 72 52 0 72 42 0 72 44 0 14518 1210000 16940 399766 907500 361893
 8470.889946 40209 800 800 800 800 72 46 0 72 52 0 72 42 0 72 44 0 14518 1210000 16940 399766 907500 361893
 8471.089963 40210 800 800 800 800 72 46 0 72 52 0 72 42 0 72 44 0 14518 1210000 16940 399218 907500 361893
 8471.289946 40211 800 800 800 800 72 46 0 72 52 0 72 42 0 72 44 0 14518 1210000 16940 399218 907500 361893
 8471.489946 40212 800 800 800 800 72 46 0 72 52 0 72 42 0 72 44 0 14518 1208750 16912 399492 907500 361893
 8471.689946 40213 800 800 800 800 72 46 0 72 52 0 72 42 0 72 44 0 14518 1210000 16940 398670 907500 360986
 8471.889946 40214 800 800 800 800 72 46 0 72 52 0 72 42 0 72 44 0 14518 1208750 16912 399218 907500 361893
 8472.089962 40215 800 800 800 800 72 46 0 72 52 0 72 42 0 72 44 0 14518 1208750 16912 399218 907500 361893
 8472.289945 40216 800 800 800 800 72 46 0 72 52 0 72 42 0 72 44 0 14518 1210000 16940 399492 907500 361893
 8472.489939 40217 800 800 800 800 72 46 0 72 52 0 72 42 0 72 44 0 14518 1210000 16940 398670 907500 360986
 8472.689949 40218 800 800 800 800 72 46 0 72 52 0 72 42 0 72 44 0 14274 1210000 16940 399492 907500 361893
 8472.889947 40219 800 800 800 800 72 46 0 72 52 0 72 42 0 72 44 0 14274 1210000 16940 399492 907500 361893
 8473.089961 40220 800 800 800 800 72 46 0 72 52 0 72 42 0 72 44 0 14518 1210000 16940 399492 907500 361893
 8473.289946 40221 800 800 800 800 72 46 0 72 52 0 72 42 0 72 44 0 14274 1210000 16940 398122 907500 360986
 8473.489946 40222 800 800 800 800 72 46 0 72 52 0 72 42 0 72 44 0 14518 1208750 16912 397848 907500 360079
 8473.689867 40223 800 800 800 800 72 46 0 72 52 0 72 42 0 72 44 0 14274 1208750 16912 397574 907500 360079
 8473.889947 40224 800 800 800 800 72 46 0 72 52 0 72 42 0 72 44 0 14274 1208750 16912 397574 907500 360079
 8474.089962 40225 800 800 800 800 73 46 0 73 52 0 73 42 0 73 44 0 14274 1210000 16940 398670 907500 360986
 8474.289947 40226 800 800 800 800 73 46 0 73 52 0 73 42 0 73 44 0 14274 1210000 16940 398396 907500 360986
 8474.489947 40227 800 800 800 800 73 46 0 73 52 0 73 42 0 73 44 0 14518 1210000 16940 397848 907500 360079
 8474.689947 40228 800 800 800 800 73 46 0 73 52 0 73 42 0 73 44 0 14518 1210000 16940 397848 907500 360079
 8474.889939 40229 800 800 800 800 73 46 0 73 52 0 73 42 0 73 44 0 14274 1210000 16940 398122 907500 360986
 8475.089962 40230 800 800 800 800 73 46 0 73 52 0 73 42 0 73 44 0 14274 1208750 16912 397026 907500 360079
 8475.289946 40231 800 800 800 800 73 46 0 73 52 0 73 42 0 73 44 0 14518 1210000 16940 398670 907500 360986
 8475.489946 40232 800 800 800 800 73 46 0 73 52 0 73 42 0 73 44 0 14518 1210000 16940 398670 907500 360986
 8475.689947 40233 800 800 800 800 73 46 0 73 52 0 73 42 0 73 44 0 14274 1208750 16912 397848 907500 360079
 8475.889946 40234 800 800 800 800 73 46 0 73 52 0 73 42 0 73 44 0 14274 1210000 16940 399218 907500 361893
 8476.089943 40235 800 800 800 800 72 46 0 72 52 0 72 42 0 72 44 0 14274 1208750 16912 398944 907500 360986
 8476.289946 40236 800 800 800 800 72 46 0 72 52 0 72 42 0 72 44 0 14274 1208750 16912 398944 907500 360986
 8476.489946 40237 800 800 800 800 72 46 0 72 52 0 72 42 0 72 44 0 14518 1208750 16912 399766 907500 361893
 8476.689946 40238 800 800 800 800 72 46 0 72 52 0 72 42 0 72 44 0 14274 1210000 16940 398670 907500 360986
 8476.889946 40239 800 800 800 800 72 46 0 72 52 0 72 42 0 72 44 0 14518 1208750 16912 398396 907500 360986
 8477.089963 40240 800 800 800 800 72 46 0 72 52 0 72 42 0 72 44 0 14518 1208750 16912 398396 907500 360986
 8477.289940 40241 800 800 800 800 72 46 0 72 52 0 72 42 0 72 44 0 14274 1210000 16940 396752 907500 359172
 8477.489946 40242 800 800 800 800 72 46 0 72 52 0 72 42 0 72 44 0 14274 1208750 16912 397300 907500 360079
 8477.689946 40243 800 800 800 800 72 46 0 72 52 0 72 42 0 72 44 0 14274 1208750 16912 397574 907500 360079
 8477.889946 40244 800 800 800 800 72 46 0 72 52 0 72 42 0 72 44 0 14274 1208750 16912 397574 907500 360079
 8478.089962 40245 800 800 800 800 73 46 0 73 52 0 73 42 0 73 44 0 14274 1210000 16940 399766 907500 361893
 8478.289946 40246 800 800 800 800 73 46 0 73 52 0 73 42 0 73 44 0 14274 1210000 16940 399492 907500 361893
 8478.489940 40247 800 800 800 800 73 46 0 73 52 0 73 42 0 73 44 0 14274 1210000 16940 399492 907500 361893
 8478.689951 40248 800 800 800 800 73 46 0 73 52 0 73 42 0 73 44 0 14274 1210000 16940 399492 907500 361893
 8478.889946 40249 800 800 800 800 73 46 0 73 52 0 73 42 0 73 44 0 14518 1210000 16940 399218 907500 361893
 8479.089963 40250 800 800 800 800 72 46 0 72 52 0 72 42 0 72 44 0 14518 1208750 16912 399492 907500 361893
 8479.289946 40251 800 800 800 800 72 46 0 72 52 0 72 42 0 72 44 0 14274 1210000 16940 398944 907500 360986
 8479.489927 40252 800 800 800 800 72 46 0 72 52 0 72 42 0 72 44 0 14274 1210000 16940 398944 907500 360986
 8479.689940 40253 800 800 800 800 72 46 0 72 52 0 72 42 0 72 44 0 14274 1210000 16940 399218 907500 361893
 8479.889945 40254 800 800 800 800 72 46 0 72 52 0 72 42 0 72 44 0 14518 1210000 16940 400862 907500 362800
 8480.089962 40255 800 800 800 800 73 46 0 73 52 0 73 42 0 73 44 0 14518 1210000 16940 399218 907500 361893
 8480.289922 40256 800 800 800 800 73 46 0 73 52 0 73 42 0 73 44 0 14274 1210000 16940 399766 907500 361893
 8480.489945 40257 800 800 800 800 73 46 0 73 52 0 73 42 0 73 44 0 14274 1210000 16940 399766 907500 361893
 8480.689950 40258 800 800 800 800 73 46 0 73 52 0 73 42 0 73 44 0 14274 1210000 16940 399492 907500 361893
 8480.889944 40259 800 800 800 800 73 46 0 73 52 0 73 42 0 73 44 0 14518 1208750 16912 398396 907500 360986
 8481.089963 40260 800 800 800 800 73 46 0 73 52 0 73 42 0 73 44 0 14274 1210000 16940 399492 907500 361893
 8481.289947 40261 800 800 800 800 73 46 0 73 52 0 73 42 0 73 44 0 14274 1210000 16940 399492 907500 361893
 8481.489945 40262 800 800 800 800 73 46 0 73 52 0 73 42 0 73 44 0 14274 1210000 16940 399766 907500 361893
 8481.689948 40263 800 800 800 800 73 46 0 73 52 0 73 42 0 73 44 0 14274 1208750 16912 400314 907500 362800
 8481.889947 40264 800 800 800 800 73 46 0 73 52 0 73 42 0 73 44 0 14518 1210000 16940 399492 907500 361893
 8482.089962 40265 800 800 800 800 72 46 0 72 52 0 72 42 0 72 44 0 14518 1210000 16940 399492 907500 361893
 8482.289947 40266 800 800 800 800 72 46 0 72 52 0 72 42 0 72 44 0 14518 1210000 16940 399492 907500 361893
 8482.489946 40267 800 800 800 800 72 46 0 72 52 0 72 42 0 72 44 0 14518 1208750 16912 398670 907500 360986
 8482.689946 40268 800 800 800 800 72 46 0 72 52 0 72 42 0 72 44 0 14274 1210000 16940 397026 907500 360079
 8482.889946 40269 800 800 800 800 72 46 0 72 52 0 72 42 0 72 44 0 14274 1210000 16940 397026 907500 360079
 8483.089962 40270 800 800 800 800 73 46 0 73 52 0 73 42 0 73 44 0 14762 1208750 16912 397848 907500 360079
 8483.289939 40271 800 800 800 800 73 46 0 73 52 0 73 42 0 73 44 0 14518 1210000 16940 398670 907500 360986
 8483.489945 40272 800 800 800 800 73 46 0 73 52 0 73 42 0 73 44 0 14518 1210000 16940 398396 907500 360986
 8483.689946 40273 800 800 800 800 73 46 0 73 52 0 73 42 0 73 44 0 14518 1210000 16940 398396 907500 360986
 8483.889945 40274 800 800 800 800 73 46 0 73 52 0 73 42 0 73 44 0 14518 1210000 16940 399492 907500 361893
 8484.089963 40275 800 800 800 800 73 46 0 73 52 0 73 42 0 73 44 0 14518 1210000 16940 398670 907500 360986
 8484.289947 40276 800 800 800 800 73 46 0 73 52 0 73 42 0 73 44 0 14518 1208750 16912 399218 907500 361893
 8484.489949 40277 800 800 800 800 73 46 0 73 52 0 73 42 0 73 44 0 14518 1208750 16912 399218 907500 361893
 8484.689949 40278 800 800 800 800 73 46 0 73 52 0 73 42 0 73 44 0 14518 1210000 16940 397574 907500 360079
 8484.889947 40279 800 800 800 800 73 46 0 73 52 0 73 42 0 73 44 0 14518 1210000 16940 397848 907500 360079
 8485.089965 40280 800 800 800 800 73 46 0 73 52 0 73 42 0 73 44 0 14518 1210000 16940 398122 907500 360986
 8485.289947 40281 800 800 800 800 73 46 0 73 52 0 73 42 0 73 44 0 14518 1210000 16940 398122 907500 360986
 8485.489947 40282 800 800 800 800 73 46 0 73 52 0 73 42 0 73 44 0 14518 1210000 16940 398396 907500 360986
 8485.689940 40283 800 800 800 800 73 46 0 73 52 0 73 42 0 73 44 0 14518 1210000 16940 399492 907500 361893
 8485.889947 40284 800 800 800 800 73 46 0 73 52 0 73 42 0 73 44 0 14274 1210000 16940 399492 907500 361893
 8486.089945 40285 800 800 800 800 73 46 0 73 52 0 73 42 0 73 44 0 14274 1210000 16940 399492 907500 361893
 8486.289947 40286 800 800 800 800 73 46 0 73 52 0 73 42 0 73 44 0 14274 1210000 16940 399492 907500 361893
 8486.489947 40287 800 800 800 800 73 46 0 73 52 0 73 42 0 73 44 0 14274 1210000 16940 398944 907500 360986
 8486.689947 40288 800 800 800 800 73 46 0 73 52 0 73 42 0 73 44 0 14274 1210000 16940 397574 907500 360079
 8486.889947 40289 800 800 800 800 73 46 0 73 52 0 73 42 0 73 44 0 14518 1210000 16940 398122 907500 360986
 8487.089963 40290 800 800 800 800 73 46 0 73 52 0 73 42 0 73 44 0 14518 1210000 16940 398122 907500 360986
 8487.289947 40291 800 800 800 800 73 46 0 73 52 0 73 42 0 73 44 0 14518 1208750 16912 397574 907500 360079
 8487.489947 40292 800 800 800 800 73 46 0 73 52 0 73 42 0 73 44 0 14274 1210000 16940 399218 907500 361893
 8487.689948 40293 800 800 800 800 73 46 0 73 52 0 73 42 0 73 44 0 14274 1208750 16912 399492 907500 361893
 8487.889946 40294 800 800 800 800 73 46 0 73 52 0 73 42 0 73 44 0 14274 1208750 16912 399492 907500 361893
 8488.089954 40295 800 800 800 800 73 46 0 73 52 0 73 42 0 73 44 0 14518 1210000 16940 399492 907500 361893
 8488.289946 40296 800 800 800 800 73 46 0 73 52 0 73 42 0 73 44 0 14518 1210000 16940 398122 907500 360986
 8488.489946 40297 800 800 800 800 73 46 0 73 52 0 73 42 0 73 44 0 14518 1210000 16940 398944 907500 360986
 8488.689945 40298 800 800 800 800 73 46 0 73 52 0 73 42 0 73 44 0 14518 1210000 16940 398944 907500 360986
 8488.889946 40299 800 800 800 800 73 46 0 73 52 0 73 42 0 73 44 0 14518 1210000 16940 398670 907500 360986
 8489.089962 40300 800 800 800 800 73 46 0 73 52 0 73 42 0 73 44 0 14518 1210000 16940 398122 907500 360986
 8489.289946 40301 800 800 800 800 73 46 0 73 52 0 73 42 0 73 44 0 14274 1210000 16940 400040 907500 362800
 8489.489948 40302 800 800 800 800 73 46 0 73 52 0 73 42 0 73 44 0 14274 1210000 16940 400040 907500 362800
 8489.689946 40303 800 800 800 800 73 46 0 73 52 0 73 42 0 73 44 0 14274 1210000 16940 400862 907500 362800
 8489.889939 40304 800 800 800 800 73 46 0 73 52 0 73 42 0 73 44 0 14518 1210000 16940 400588 907500 362800
 8490.089962 40305 800 800 800 800 73 46 0 73 52 0 73 42 0 73 44 0 14274 1210000 16940 400314 907500 362800
 8490.289945 40306 800 800 800 800 73 46 0 73 52 0 73 42 0 73 44 0 14274 1210000 16940 400314 907500 362800
 8490.489939 40307 800 800 800 800 73 46 0 73 52 0 73 42 0 73 44 0 14518 1210000 16940 398944 907500 360986
 8490.689948 40308 800 800 800 800 73 46 0 73 52 0 73 42 0 73 44 0 14518 1210000 16940 398944 907500 360986
 8490.889946 40309 800 800 800 800 73 46 0 73 52 0 73 42 0 73 44 0 14274 1210000 16940 399492 907500 361893
 8491.089962 40310 800 800 800 800 73 46 0 73 52 0 73 42 0 73 44 0 14274 1210000 16940 399492 907500 361893
 8491.289945 40311 800 800 800 800 73 46 0 73 52 0 73 42 0 73 44 0 14274 1210000 16940 400314 907500 362800
 8491.489946 40312 800 800 800 800 73 46 0 73 52 0 73 42 0 73 44 0 14274 1210000 16940 400314 907500 362800
 8491.689946 40313 800 800 800 800 73 46 0 73 52 0 73 42 0 73 44 0 14274 1208750 16912 399766 907500 361893
 8491.889946 40314 800 800 800 800 73 46 0 73 52 0 73 42 0 73 44 0 14274 1208750 16912 399766 907500 361893
 8492.089963 40315 800 800 800 800 73 46 0 73 52 0 73 42 0 73 44 0 14518 1210000 16940 399492 907500 361893
 8492.289947 40316 800 800 800 800 73 46 0 73 52 0 73 42 0 73 44 0 14518 1210000 16940 397848 907500 360079
 8492.489946 40317 800 800 800 800 73 46 0 73 52 0 73 42 0 73 44 0 14518 1210000 16940 398670 907500 360986
 8492.690082 40318 800 800 800 800 73 46 0 73 52 0 73 42 0 73 44 0 14518 1210000 16940 397574 907500 360079
 8492.889946 40319 800 800 800 800 73 46 0 73 52 0 73 42 0 73 44 0 14518 1210000 16940 397574 907500 360079
 8493.089964 40320 800 800 800 800 73 46 0 73 52 0 73 42 0 73 44 0 14518 1210000 16940 398396 907500 360986
 8493.289946 40321 800 800 800 800 73 46 0 73 52 0 73 42 0 73 44 0 14518 1210000 16940 399218 907500 361893
 8493.489945 40322 800 800 800 800 73 46 0 73 52 0 73 42 0 73 44 0 14518 1210000 16940 398122 907500 360986
 8493.689949 40323 800 800 800 800 73 46 0 73 52 0 73 42 0 73 44 0 14518 1210000 16940 398122 907500 360986
 8493.889946 40324 800 800 800 800 73 46 0 73 52 0 73 42 0 73 44 0 14274 1210000 16940 398396 907500 360986
 8494.089964 40325 800 800 800 800 73 46 0 73 52 0 73 42 0 73 44 0 14274 1210000 16940 397300 907500 360079
 8494.289946 40326 800 800 800 800 73 46 0 73 52 0 73 42 0 73 44 0 14518 1210000 16940 398122 907500 360986
 8494.489947 40327 800 800 800 800 73 46 0 73 52 0 73 42 0 73 44 0 14518 1210000 16940 398122 907500 360986
 8494.689945 40328 800 800 800 800 73 46 0 73 52 0 73 42 0 73 44 0 14518 1208750 16912 398944 907500 360986
 8494.889946 40329 800 800 800 800 73 46 0 73 52 0 73 42 0 73 44 0 14762 1210000 16940 407438 907500 369149
 8495.089938 40330 800 800 800 800 73 46 0 73 52 0 73 42 0 73 44 0 14518 1210000 16940 400040 907500 362800
 8495.289946 40331 800 800 800 800 73 46 0 73 52 0 73 42 0 73 44 0 14518 1210000 16940 400040 907500 362800
 8495.489946 40332 800 800 800 800 73 46 0 73 52 0 73 42 0 73 44 0 14518 1210000 16940 399218 907500 361893
 8495.689946 40333 800 800 800 800 73 46 0 73 52 0 73 42 0 73 44 0 14518 1210000 16940 399492 907500 361893
 8495.889947 40334 800 800 800 800 73 46 0 73 52 0 73 42 0 73 44 0 14274 1210000 16940 398944 907500 360986
 8496.089962 40335 800 800 800 800 73 46 0 73 52 0 73 42 0 73 44 0 14274 1210000 16940 398944 907500 360986
 8496.289946 40336 800 800 800 800 73 46 0 73 52 0 73 42 0 73 44 0 14274 1210000 16940 398122 907500 360986
 8496.489946 40337 800 800 800 800 73 46 0 73 52 0 73 42 0 73 44 0 14518 1210000 16940 398944 907500 360986
 8496.689948 40338 800 800 800 800 73 46 0 73 52 0 73 42 0 73 44 0 14518 1210000 16940 398122 907500 360986
 8496.889947 40339 800 800 800 800 73 46 0 73 52 0 73 42 0 73 44 0 14518 1210000 16940 398122 907500 360986
 8497.089962 40340 800 800 800 800 73 46 0 73 52 0 73 42 0 73 44 0 14518 1210000 16940 401136 907500 363707
 8497.289948 40341 800 800 800 800 73 46 0 73 52 0 73 42 0 73 44 0 14518 1210000 16940 399492 907500 361893
 8497.489940 40342 800 800 800 800 73 46 0 73 52 0 73 42 0 73 44 0 14274 1210000 16940 399492 907500 361893
 8497.689946 40343 800 800 800 800 73 46 0 73 52 0 73 42 0 73 44 0 14274 1210000 16940 399492 907500 361893
 8497.890045 40344 800 800 800 800 73 46 0 73 52 0 73 42 0 73 44 0 14518 1210000 16940 399492 907500 361893
 8498.089997 40345 800 800 800 800 73 46 0 73 52 0 73 42 0 73 44 0 14274 1210000 16940 398944 907500 360986
 8498.289980 40346 800 800 800 800 73 46 0 73 52 0 73 42 0 73 44 0 14518 1210000 16940 153166 907500 138771
 8498.489977 40347 800 800 800 800 73 46 0 73 52 0 73 42 0 73 44 0 14518 1210000 16940 153166 907500 138771
 8498.689939 40348 800 800 800 800 73 46 0 73 52 0 73 42 0 73 44 0 14518 1210000 16940 39456 907500 35373
 8498.889940 40349 800 800 800 800 73 46 0 73 52 0 73 42 0 73 44 0 14274 1210000 16940 40826 907500 36280
 8499.089956 40350 800 800 800 800 72 46 0 72 52 0 72 42 0 72 44 0 14274 1210000 16940 37538 907500 33559
 8499.289914 40351 800 800 800 800 72 46 0 72 52 0 72 42 0 72 44 0 14274 1210000 16940 38360 907500 34466
 8499.489939 40352 800 800 800 800 72 46 0 72 52 0 72 42 0 72 44 0 14274 1210000 16940 38360 907500 34466
