 7886.469935 37287 900 900 900 900 71 46 0 71 52 0 71 42 0 71 44 0 14274 1208750 16912 38086 921250 34998
 7886.669968 37288 900 900 900 900 71 46 0 71 52 0 71 42 0 71 44 0 14274 1210000 16940 38634 921250 34998
 7886.869930 37289 900 900 900 900 71 46 0 71 52 0 71 42 0 71 44 0 14274 1208750 16912 38908 920000 34960
 7887.069926 37290 900 900 900 900 71 46 0 71 52 0 71 42 0 71 44 0 14274 1210000 16940 209062 921250 192489
 7887.269932 37291 900 900 900 900 71 46 0 71 52 0 71 42 0 71 44 0 14274 1210000 16940 209062 921250 192489
 7887.469974 37292 900 900 900 900 71 46 0 71 52 0 71 42 0 71 44 0 13969 1210000 15730 35346 920000 32200
 7887.669973 37293 900 900 900 900 71 46 0 71 52 0 71 42 0 71 44 0 13969 1210000 15730 34798 920000 31280
 7887.869922 37294 900 900 900 900 71 46 0 71 52 0 71 42 0 71 44 0 14274 1208750 16912 386066 921250 355506
 7888.069987 37295 900 900 900 900 71 46 0 71 52 0 71 42 0 71 44 0 14274 1208750 16912 386066 921250 355506
 7888.269955 37296 900 900 900 900 71 46 0 71 52 0 71 42 0 71 44 0 14274 1208750 16912 567728 921250 522207
 7888.469950 37297 900 900 900 900 72 46 0 72 52 0 72 42 0 72 44 0 14274 1208750 16912 552110 921250 508392
 7888.669941 37298 900 900 900 900 72 46 0 72 52 0 72 42 0 72 44 0 14274 1208750 16912 532656 921250 489972
 7888.869940 37299 900 900 900 900 72 46 0 72 52 0 72 42 0 72 44 0 14274 1208750 16912 532656 921250 489972
 7889.069956 37300 900 900 900 900 72 46 0 72 52 0 72 42 0 72 44 0 14274 1210000 16940 496762 920000 456320
 7889.269937 37301 900 900 900 900 72 46 0 72 52 0 72 42 0 72 44 0 14274 1208750 16912 471006 920000 433320
 7889.469938 37302 900 900 900 900 72 46 0 72 52 0 72 42 0 72 44 0 14274 1208750 16912 474020 920000 436080
 7889.669939 37303 900 900 900 900 72 46 0 72 52 0 72 42 0 72 44 0 14274 1208750 16912 474020 920000 436080
 7889.869937 37304 900 900 900 900 72 46 0 72 52 0 72 42 0 72 44 0 14274 1208750 16912 472102 920000 434240
 7890.069952 37305 900 900 900 900 72 46 0 72 52 0 72 42 0 72 44 0 14274 1208750 16912 472102 920000 434240
 7890.269931 37306 900 900 900 900 72 46 0 72 52 0 72 42 0 72 44 0 14274 1210000 16940 473472 920000 435160
 7890.469935 37307 900 900 900 900 72 46 0 72 52 0 72 42 0 72 44 0 14274 1210000 16940 473472 920000 435160
 7890.669940 37308 900 900 900 900 72 46 0 72 52 0 72 42 0 72 44 0 14274 1208750 16912 472924 920000 434240
 7890.869937 37309 900 900 900 900 72 46 0 72 52 0 72 42 0 72 44 0 14274 1210000 16940 473472 920000 435160
 7891.069952 37310 900 900 900 900 72 46 0 72 52 0 72 42 0 72 44 0 14274 1208750 16912 473198 920000 435160
 7891.269938 37311 900 900 900 900 72 46 0 72 52 0 72 42 0 72 44 0 14274 1208750 16912 473198 920000 435160
 7891.469937 37312 900 900 900 900 72 46 0 72 52 0 72 42 0 72 44 0 14274 1210000 16940 472924 920000 434240
 7891.669942 37313 900 900 900 900 72 46 0 72 52 0 72 42 0 72 44 0 14274 1208750 16912 471554 920000 433320
 7891.869937 37314 900 900 900 900 72 46 0 72 52 0 72 42 0 72 44 0 14274 1208750 16912 474568 920000 436080
 7892.069952 37315 900 900 900 900 72 46 0 72 52 0 72 42 0 72 44 0 14274 1208750 16912 474568 920000 436080
 7892.269937 37316 900 900 900 900 72 46 0 72 52 0 72 42 0 72 44 0 14274 1208750 16912 472650 920000 434240
 7892.469937 37317 900 900 900 900 72 46 0 72 52 0 72 42 0 72 44 0 14274 1210000 16940 473472 920000 435160
 7892.669933 37318 900 900 900 900 72 46 0 72 52 0 72 42 0 72 44 0 13969 1208750 15704 472376 920000 434240
 7892.869920 37319 900 900 900 900 72 46 0 72 52 0 72 42 0 72 44 0 13969 1208750 15704 472376 920000 434240
 7893.069952 37320 900 900 900 900 72 46 0 72 52 0 72 42 0 72 44 0 14274 1208750 16912 473472 920000 435160
 7893.269937 37321 900 900 900 900 72 46 0 72 52 0 72 42 0 72 44 0 14274 1208750 16912 470458 920000 432400
 7893.469937 37322 900 900 900 900 72 46 0 72 52 0 72 42 0 72 44 0 13969 1208750 15704 470732 920000 432400
 7893.669905 37323 900 900 900 900 72 46 0 72 52 0 72 42 0 72 44 0 13969 1208750 15704 471006 920000 433320
 7893.869937 37324 900 900 900 900 72 46 0 72 52 0 72 42 0 72 44 0 13969 1208750 15704 471006 920000 433320
 7894.069951 37325 900 900 900 900 72 46 0 72 52 0 72 42 0 72 44 0 14274 1208750 16912 473472 920000 435160
 7894.269937 37326 900 900 900 900 72 46 0 72 52 0 72 42 0 72 44 0 14274 1208750 16912 473746 920000 435160
 7894.469936 37327 900 900 900 900 72 46 0 72 52 0 72 42 0 72 44 0 14274 1208750 16912 474020 920000 436080
 7894.669942 37328 900 900 900 900 72 46 0 72 52 0 72 42 0 72 44 0 14274 1208750 16912 474020 920000 436080
 7894.869937 37329 900 900 900 900 72 46 0 72 52 0 72 42 0 72 44 0 14518 1208750 16912 472650 920000 434240
 7895.069952 37330 900 900 900 900 72 46 0 72 52 0 72 42 0 72 44 0 14274 1208750 16912 472376 920000 434240
 7895.269937 37331 900 900 900 900 72 46 0 72 52 0 72 42 0 72 44 0 14274 1208750 16912 472650 920000 434240
 7895.469937 37332 900 900 900 900 72 46 0 72 52 0 72 42 0 72 44 0 14274 1208750 16912 472650 920000 434240
 7895.669932 37333 900 900 900 900 72 46 0 72 52 0 72 42 0 72 44 0 14274 1210000 16940 471554 920000 433320
 7895.869937 37334 900 900 900 900 72 46 0 72 52 0 72 42 0 72 44 0 14274 1210000 16940 473746 920000 435160
 7896.069931 37335 900 900 900 900 72 46 0 72 52 0 72 42 0 72 44 0 13969 1208750 15704 474020 920000 436080
 7896.269937 37336 900 900 900 900 72 46 0 72 52 0 72 42 0 72 44 0 13969 1208750 15704 474020 920000 436080
 7896.469937 37337 900 900 900 900 72 46 0 72 52 0 72 42 0 72 44 0 14274 1208750 16912 473746 920000 435160
 7896.669939 37338 900 900 900 900 72 46 0 72 52 0 72 42 0 72 44 0 14274 1208750 16912 471554 920000 433320
 7896.869937 37339 900 900 900 900 72 46 0 72 52 0 72 42 0 72 44 0 14274 1208750 16912 471828 920000 433320
 7897.069952 37340 900 900 900 900 72 46 0 72 52 0 72 42 0 72 44 0 14274 1208750 16912 471828 920000 433320
 7897.269937 37341 900 900 900 900 72 46 0 72 52 0 72 42 0 72 44 0 14274 1210000 16940 471828 920000 433320
 7897.469937 37342 900 900 900 900 72 46 0 72 52 0 72 42 0 72 44 0 14274 1208750 16912 472650 920000 434240
 7897.669942 37343 900 900 900 900 72 46 0 72 52 0 72 42 0 72 44 0 14274 1208750 16912 474294 920000 436080
 7897.869938 37344 900 900 900 900 72 46 0 72 52 0 72 42 0 72 44 0 14274 1208750 16912 474294 920000 436080
 7898.069952 37345 900 900 900 900 72 46 0 72 52 0 72 42 0 72 44 0 14518 1208750 16912 473472 920000 435160
 7898.269938 37346 900 900 900 900 72 46 0 72 52 0 72 42 0 72 44 0 14274 1208750 16912 474568 920000 436080
 7898.469931 37347 900 900 900 900 72 46 0 72 52 0 72 42 0 72 44 0 14274 1208750 16912 474294 920000 436080
 7898.669940 37348 900 900 900 900 72 46 0 72 52 0 72 42 0 72 44 0 14274 1208750 16912 474294 920000 436080
 7898.869937 37349 900 900 900 900 72 46 0 72 52 0 72 42 0 72 44 0 14274 1210000 16940 473472 920000 435160
 7899.069952 37350 900 900 900 900 72 46 0 72 52 0 72 42 0 72 44 0 14518 1208750 16912 473472 920000 435160
 7899.269937 37351 900 900 900 900 72 46 0 72 52 0 72 42 0 72 44 0 14274 1208750 16912 473198 920000 435160
 7899.469921 37352 900 900 900 900 72 46 0 72 52 0 72 42 0 72 44 0 14274 1208750 16912 473198 920000 435160
 7899.669933 37353 900 900 900 900 72 46 0 72 52 0 72 42 0 72 44 0 14274 1208750 16912 474020 920000 436080
 7899.869937 37354 900 900 900 900 72 46 0 72 52 0 72 42 0 72 44 0 14274 1208750 16912 476212 920000 437920
 7900.069952 37355 900 900 900 900 72 46 0 72 52 0 72 42 0 72 44 0 14274 1208750 16912 474020 920000 436080
 7900.269937 37356 900 900 900 900 72 46 0 72 52 0 72 42 0 72 44 0 14274 1208750 16912 475390 920000 437000
 7900.469936 37357 900 900 900 900 72 46 0 72 52 0 72 42 0 72 44 0 14274 1208750 16912 475390 920000 437000
 7900.669942 37358 900 900 900 900 72 46 0 72 52 0 72 42 0 72 44 0 13969 1210000 15730 473472 920000 435160
 7900.869931 37359 900 900 900 900 72 46 0 72 52 0 72 42 0 72 44 0 14518 1208750 16912 473746 920000 435160
 7901.069952 37360 900 900 900 900 72 46 0 72 52 0 72 42 0 72 44 0 14274 1208750 16912 472650 920000 434240
 7901.269937 37361 900 900 900 900 72 46 0 72 52 0 72 42 0 72 44 0 14274 1208750 16912 472650 920000 434240
 7901.469938 37362 900 900 900 900 72 46 0 72 52 0 72 42 0 72 44 0 14518 1208750 16912 472650 920000 434240
 7901.669939 37363 900 900 900 900 72 46 0 72 52 0 72 42 0 72 44 0 14274 1208750 16912 473198 920000 435160
 7901.869937 37364 900 900 900 900 72 46 0 72 52 0 72 42 0 72 44 0 14518 1210000 16940 473472 920000 435160
 7902.069953 37365 900 900 900 900 72 46 0 72 52 0 72 42 0 72 44 0 14518 1210000 16940 473472 920000 435160
 7902.269936 37366 900 900 900 900 72 46 0 72 52 0 72 42 0 72 44 0 14274 1208750 16912 472102 920000 434240
 7902.469936 37367 900 900 900 900 72 46 0 72 52 0 72 42 0 72 44 0 14274 1208750 16912 470458 920000 432400
 7902.669939 37368 900 900 900 900 72 46 0 72 52 0 72 42 0 72 44 0 14274 1210000 16940 470184 920000 432400
 7902.869938 37369 900 900 900 900 72 46 0 72 52 0 72 42 0 72 44 0 14274 1210000 16940 470184 920000 432400
 7903.069952 37370 900 900 900 900 72 46 0 72 52 0 72 42 0 72 44 0 14274 1210000 16940 470458 920000 432400
 7903.269931 37371 900 900 900 900 72 46 0 72 52 0 72 42 0 72 44 0 14274 1208750 16912 470458 920000 432400
 7903.469937 37372 900 900 900 900 72 46 0 72 52 0 72 42 0 72 44 0 14274 1208750 16912 473198 920000 435160
 7903.669941 37373 900 900 900 900 72 46 0 72 52 0 72 42 0 72 44 0 14274 1208750 16912 473198 920000 435160
 7903.869938 37374 900 900 900 900 72 46 0 72 52 0 72 42 0 72 44 0 14274 1208750 16912 474294 920000 436080
 7904.069953 37375 900 900 900 900 72 46 0 72 52 0 72 42 0 72 44 0 14518 1208750 16912 473746 920000 435160
 7904.269937 37376 900 900 900 900 72 46 0 72 52 0 72 42 0 72 44 0 14518 1208750 16912 473472 920000 435160
 7904.469937 37377 900 900 900 900 72 46 0 72 52 0 72 42 0 72 44 0 14518 1208750 16912 473472 920000 435160
 7904.669939 37378 900 900 900 900 72 46 0 72 52 0 72 42 0 72 44 0 14518 1208750 16912 473472 920000 435160
 7904.869937 37379 900 900 900 900 72 46 0 72 52 0 72 42 0 72 44 0 14518 1208750 16912 472924 920000 434240
 7905.069953 37380 900 900 900 900 72 46 0 72 52 0 72 42 0 72 44 0 14518 1208750 16912 473472 920000 435160
 7905.269937 37381 900 900 900 900 72 46 0 72 52 0 72 42 0 72 44 0 14518 1208750 16912 473472 920000 435160
 7905.469937 37382 900 900 900 900 72 46 0 72 52 0 72 42 0 72 44 0 14518 1210000 16940 475664 920000 437000
 7905.669933 37383 900 900 900 900 72 46 0 72 52 0 72 42 0 72 44 0 14274 1208750 16912 474294 920000 436080
 7905.869938 37384 900 900 900 900 72 46 0 72 52 0 72 42 0 72 44 0 14274 1208750 16912 475664 920000 437000
 7906.069928 37385 900 900 900 900 72 46 0 72 52 0 72 42 0 72 44 0 14274 1208750 16912 474294 920000 436080
 7906.269937 37386 900 900 900 900 72 46 0 72 52 0 72 42 0 72 44 0 14274 1208750 16912 474294 920000 436080
 7906.469938 37387 900 900 900 900 72 46 0 72 52 0 72 42 0 72 44 0 14274 1208750 16912 472924 920000 434240
 7906.669942 37388 900 900 900 900 72 46 0 72 52 0 72 42 0 72 44 0 14274 1210000 16940 473472 920000 435160
 7906.869937 37389 900 900 900 900 72 46 0 72 52 0 72 42 0 72 44 0 14518 1210000 16940 473472 920000 435160
 7907.069952 37390 900 900 900 900 72 46 0 72 52 0 72 42 0 72 44 0 14518 1210000 16940 473472 920000 435160
 7907.269937 37391 900 900 900 900 72 46 0 72 52 0 72 42 0 72 44 0 14274 1210000 16940 475116 920000 437000
 7907.469937 37392 900 900 900 900 72 46 0 72 52 0 72 42 0 72 44 0 14274 1208750 16912 474294 920000 436080
 7907.669939 37393 900 900 900 900 72 46 0 72 52 0 72 42 0 72 44 0 14274 1210000 16940 474294 920000 436080
 7907.869937 37394 900 900 900 900 72 46 0 72 52 0 72 42 0 72 44 0 14274 1210000 16940 474294 920000 436080
 7908.069947 37395 900 900 900 900 72 46 0 72 52 0 72 42 0 72 44 0 14274 1208750 16912 474294 920000 436080
 7908.269938 37396 900 900 900 900 72 46 0 72 52 0 72 42 0 72 44 0 14274 1210000 16940 474568 920000 436080
 7908.469937 37397 900 900 900 900 72 46 0 72 52 0 72 42 0 72 44 0 14274 1210000 16940 472650 920000 434240
 7908.669939 37398 900 900 900 900 72 46 0 72 52 0 72 42 0 72 44 0 14274 1210000 16940 472650 920000 434240
 7908.869937 37399 900 900 900 900 72 46 0 72 52 0 72 42 0 72 44 0 14274 1208750 16912 470732 920000 432400
 7909.070017 37400 900 900 900 900 72 46 0 72 52 0 72 42 0 72 44 0 14274 1210000 16940 475390 920000 437000
 7909.269936 37401 900 900 900 900 72 46 0 72 52 0 72 42 0 72 44 0 14518 1208750 16912 475664 920000 437000
 7909.469936 37402 900 900 900 900 72 46 0 72 52 0 72 42 0 72 44 0 14518 1208750 16912 475664 920000 437000
 7909.669937 37403 900 900 900 900 72 46 0 72 52 0 72 42 0 72 44 0 14518 1208750 16912 474020 920000 436080
 7909.869935 37404 900 900 900 900 72 46 0 72 52 0 72 42 0 72 44 0 14274 1210000 16940 474568 920000 436080
 7910.069936 37405 900 900 900 900 72 46 0 72 52 0 72 42 0 72 44 0 14274 1210000 16940 473746 920000 435160
 7910.269935 37406 900 900 900 900 72 46 0 72 52 0 72 42 0 72 44 0 14274 1210000 16940 473746 920000 435160
 7910.469936 37407 900 900 900 900 72 46 0 72 52 0 72 42 0 72 44 0 14274 1210000 16940 472102 920000 434240
 7910.669936 37408 900 900 900 900 72 46 0 72 52 0 72 42 0 72 44 0 14274 1208750 16912 472650 920000 434240
 7910.869936 37409 900 900 900 900 72 46 0 72 52 0 72 42 0 72 44 0 14518 1210000 16940 473472 920000 435160
 7911.069939 37410 900 900 900 900 72 46 0 72 52 0 72 42 0 72 44 0 14518 1210000 16940 473472 920000 435160
 7911.269935 37411 900 900 900 900 72 46 0 72 52 0 72 42 0 72 44 0 14274 1210000 16940 474020 920000 436080
 7911.469935 37412 900 900 900 900 72 46 0 72 52 0 72 42 0 72 44 0 14274 1210000 16940 473198 920000 435160
 7911.669936 37413 900 900 900 900 72 46 0 72 52 0 72 42 0 72 44 0 14274 1210000 16940 473198 920000 435160
 7911.869935 37414 900 900 900 900 72 46 0 72 52 0 72 42 0 72 44 0 14274 1210000 16940 473198 920000 435160
 7912.069936 37415 900 900 900 900 72 46 0 72 52 0 72 42 0 72 44 0 14518 1210000 16940 470732 920000 432400
 7912.269936 37416 900 900 900 900 72 46 0 72 52 0 72 42 0 72 44 0 14274 1210000 16940 471280 920000 433320
 7912.469935 37417 900 900 900 900 72 46 0 72 52 0 72 42 0 72 44 0 14274 1210000 16940 471828 920000 433320
 7912.669936 37418 900 900 900 900 72 46 0 72 52 0 72 42 0 72 44 0 14274 1208750 16912 471006 920000 433320
 7912.869934 37419 900 900 900 900 72 46 0 72 52 0 72 42 0 72 44 0 14274 1208750 16912 471006 920000 433320
 7913.069935 37420 900 900 900 900 72 46 0 72 52 0 72 42 0 72 44 0 14274 1210000 16940 473746 920000 435160
 7913.270003 37421 900 900 900 900 72 46 0 72 52 0 72 42 0 72 44 0 14274 1210000 16940 474020 920000 436080
 7913.469941 37422 900 900 900 900 72 46 0 72 52 0 72 42 0 72 44 0 14518 1210000 16940 474020 920000 436080
 7913.669937 37423 900 900 900 900 72 46 0 72 52 0 72 42 0 72 44 0 14518 1210000 16940 474020 920000 436080
 7913.869937 37424 900 900 900 900 72 46 0 72 52 0 72 42 0 72 44 0 14518 1210000 16940 473198 920000 435160
 7914.069951 37425 900 900 900 900 72 46 0 72 52 0 72 42 0 72 44 0 14518 1210000 16940 474020 920000 436080
 7914.269937 37426 900 900 900 900 72 46 0 72 52 0 72 42 0 72 44 0 14274 1208750 16912 473472 920000 435160
 7914.469938 37427 900 900 900 900 72 46 0 72 52 0 72 42 0 72 44 0 14274 1208750 16912 473472 920000 435160
 7914.669936 37428 900 900 900 900 72 46 0 72 52 0 72 42 0 72 44 0 14274 1210000 16940 472924 920000 434240
 7914.869936 37429 900 900 900 900 72 46 0 72 52 0 72 42 0 72 44 0 14274 1210000 16940 474842 920000 436080
 7915.069930 37430 900 900 900 900 72 46 0 72 52 0 72 42 0 72 44 0 14518 1208750 16912 474294 920000 436080
 7915.269937 37431 900 900 900 900 72 46 0 72 52 0 72 42 0 72 44 0 14518 1208750 16912 474294 920000 436080
 7915.469937 37432 900 900 900 900 72 46 0 72 52 0 72 42 0 72 44 0 14274 1210000 16940 474568 920000 436080
 7915.669939 37433 900 900 900 900 72 46 0 72 52 0 72 42 0 72 44 0 14518 1210000 16940 474294 920000 436080
 7915.869936 37434 900 900 900 900 72 46 0 72 52 0 72 42 0 72 44 0 14518 1210000 16940 473472 920000 435160
 7916.069951 37435 900 900 900 900 72 46 0 72 52 0 72 42 0 72 44 0 14518 1210000 16940 473472 920000 435160
 7916.269931 37436 900 900 900 900 72 46 0 72 52 0 72 42 0 72 44 0 14518 1210000 16940 474294 920000 436080
 7916.469938 37437 900 900 900 900 72 46 0 72 52 0 72 42 0 72 44 0 14274 1210000 16940 473472 920000 435160
 7916.669937 37438 900 900 900 900 72 46 0 72 52 0 72 42 0 72 44 0 14518 1208750 16912 474294 920000 436080
 7916.869937 37439 900 900 900 900 72 46 0 72 52 0 72 42 0 72 44 0 14518 1208750 16912 474294 920000 436080
 7917.069952 37440 900 900 900 900 72 46 0 72 52 0 72 42 0 72 44 0 14518 1210000 16940 475664 920000 437000
 7917.269937 37441 900 900 900 900 72 46 0 72 52 0 72 42 0 72 44 0 14518 1208750 16912 473746 920000 435160
 7917.469937 37442 900 900 900 900 72 46 0 72 52 0 72 42 0 72 44 0 14518 1210000 16940 474842 920000 436080
 7917.669937 37443 900 900 900 900 72 46 0 72 52 0 72 42 0 72 44 0 14518 1210000 16940 474842 920000 436080
 7917.869937 37444 900 900 900 900 72 46 0 72 52 0 72 42 0 72 44 0 14518 1208750 16912 472102 920000 434240
 7918.069936 37445 900 900 900 900 72 46 0 72 52 0 72 42 0 72 44 0 14274 1210000 16940 473198 920000 435160
 7918.269915 37446 900 900 900 900 72 46 0 72 52 0 72 42 0 72 44 0 14274 1208750 16912 472376 920000 434240
 7918.470309 37447 900 900 900 900 72 46 0 72 52 0 72 42 0 72 44 0 14518 1210000 16940 476212 920000 437920
 7918.669916 37448 900 900 900 900 72 46 0 72 52 0 72 42 0 72 44 0 14518 1210000 16940 476212 920000 437920
 7918.869913 37449 900 900 900 900 72 46 0 72 52 0 72 42 0 72 44 0 14518 1208750 16912 474294 920000 436080
 7919.069929 37450 900 900 900 900 72 46 0 72 52 0 72 42 0 72 44 0 14518 1210000 16940 475938 920000 437000
 7919.269913 37451 900 900 900 900 72 46 0 72 52 0 72 42 0 72 44 0 14518 1210000 16940 475938 920000 437000
 7919.469914 37452 900 900 900 900 73 46 0 73 52 0 73 42 0 73 44 0 14518 1210000 16940 475938 920000 437000
 7919.669913 37453 900 900 900 900 73 46 0 73 52 0 73 42 0 73 44 0 14274 1210000 16940 472924 920000 434240
 7919.869913 37454 900 900 900 900 73 46 0 73 52 0 73 42 0 73 44 0 14274 1210000 16940 503886 920000 462760
 7920.069929 37455 900 900 900 900 72 46 0 72 52 0 72 42 0 72 44 0 14274 1210000 16940 473472 920000 435160
 7920.269914 37456 900 900 900 900 72 46 0 72 52 0 72 42 0 72 44 0 14274 1210000 16940 473472 920000 435160
 7920.469912 37457 900 900 900 900 72 46 0 72 52 0 72 42 0 72 44 0 14274 1210000 16940 473746 920000 435160
 7920.669863 37458 900 900 900 900 72 46 0 72 52 0 72 42 0 72 44 0 14274 1210000 16940 474568 920000 436080
 7920.869857 37459 900 900 900 900 72 46 0 72 52 0 72 42 0 72 44 0 14762 1210000 16940 473746 920000 435160
 7921.069877 37460 900 900 900 900 72 46 0 72 52 0 72 42 0 72 44 0 14762 1210000 16940 473746 920000 435160
 7921.269892 37461 900 900 900 900 72 46 0 72 52 0 72 42 0 72 44 0 14274 1210000 16940 472924 920000 434240
 7921.469920 37462 900 900 900 900 72 46 0 72 52 0 72 42 0 72 44 0 14518 1208750 16912 471006 920000 433320
 7921.669925 37463 900 900 900 900 72 46 0 72 52 0 72 42 0 72 44 0 14274 1208750 16912 470732 920000 432400
 7921.869920 37464 900 900 900 900 72 46 0 72 52 0 72 42 0 72 44 0 14274 1208750 16912 470732 920000 432400
 7922.069934 37465 900 900 900 900 73 46 0 73 52 0 73 42 0 73 44 0 14518 1208750 16912 471006 920000 433320
 7922.269919 37466 900 900 900 900 73 46 0 73 52 0 73 42 0 73 44 0 14274 1208750 16912 471006 920000 433320
 7922.469920 37467 900 900 900 900 73 46 0 73 52 0 73 42 0 73 44 0 14518 1208750 16912 473746 920000 435160
 7922.669922 37468 900 900 900 900 73 46 0 73 52 0 73 42 0 73 44 0 14518 1208750 16912 473746 920000 435160
 7922.869919 37469 900 900 900 900 73 46 0 73 52 0 73 42 0 73 44 0 14274 1210000 16940 474020 920000 436080
 7923.069934 37470 900 900 900 900 73 46 0 73 52 0 73 42 0 73 44 0 14518 1210000 16940 473472 920000 435160
 7923.269913 37471 900 900 900 900 73 46 0 73 52 0 73 42 0 73 44 0 14518 1210000 16940 472376 920000 434240
 7923.469919 37472 900 900 900 900 73 46 0 73 52 0 73 42 0 73 44 0 14518 1210000 16940 472376 920000 434240
 7923.669923 37473 900 900 900 900 72 46 0 72 52 0 72 42 0 72 44 0 14518 1208750 16912 472650 920000 434240
 7923.869919 37474 900 900 900 900 72 46 0 72 52 0 72 42 0 72 44 0 14518 1208750 16912 473198 920000 435160
 7924.069933 37475 900 900 900 900 73 46 0 73 52 0 73 42 0 73 44 0 14274 1210000 16940 474020 920000 436080
 7924.269920 37476 900 900 900 900 73 46 0 73 52 0 73 42 0 73 44 0 14274 1210000 16940 474020 920000 436080
 7924.469920 37477 900 900 900 900 73 46 0 73 52 0 73 42 0 73 44 0 14274 1210000 16940 475116 920000 437000
 7924.669942 37478 900 900 900 900 73 46 0 73 52 0 73 42 0 73 44 0 14274 1208750 16912 475116 920000 437000
 7924.869938 37479 900 900 900 900 73 46 0 73 52 0 73 42 0 73 44 0 14518 1210000 16940 477308 920000 438840
 7925.069930 37480 900 900 900 900 73 46 0 73 52 0 73 42 0 73 44 0 14274 1210000 16940 475390 920000 437000
 7925.269937 37481 900 900 900 900 73 46 0 73 52 0 73 42 0 73 44 0 14274 1210000 16940 475390 920000 437000
 7925.469937 37482 900 900 900 900 73 46 0 73 52 0 73 42 0 73 44 0 14518 1210000 16940 477856 920000 438840
 7925.669933 37483 900 900 900 900 73 46 0 73 52 0 73 42 0 73 44 0 14518 1210000 16940 475390 920000 437000
 7925.869940 37484 900 900 900 900 73 46 0 73 52 0 73 42 0 73 44 0 14274 1210000 16940 475390 920000 437000
 7926.069952 37485 900 900 900 900 73 46 0 73 52 0 73 42 0 73 44 0 14274 1210000 16940 475390 920000 437000
 7926.269937 37486 900 900 900 900 73 46 0 73 52 0 73 42 0 73 44 0 14274 1210000 16940 475390 920000 437000
 7926.469938 37487 900 900 900 900 73 46 0 73 52 0 73 42 0 73 44 0 14518 1210000 16940 475938 920000 437000
 7926.669940 37488 900 900 900 900 73 46 0 73 52 0 73 42 0 73 44 0 14518 1210000 16940 475116 920000 437000
 7926.869937 37489 900 900 900 900 73 46 0 73 52 0 73 42 0 73 44 0 14518 1210000 16940 475116 920000 437000
 7927.069952 37490 900 900 900 900 73 46 0 73 52 0 73 42 0 73 44 0 14518 1210000 16940 475390 920000 437000
 7927.269936 37491 900 900 900 900 73 46 0 73 52 0 73 42 0 73 44 0 14274 1210000 16940 473472 920000 435160
 7927.469936 37492 900 900 900 900 73 46 0 73 52 0 73 42 0 73 44 0 14274 1210000 16940 471828 920000 433320
 7927.669942 37493 900 900 900 900 73 46 0 73 52 0 73 42 0 73 44 0 14274 1210000 16940 471828 920000 433320
 7927.869932 37494 900 900 900 900 72 46 0 72 52 0 72 42 0 72 44 0 14518 1210000 16940 473472 920000 435160
 7928.069946 37495 900 900 900 900 73 46 0 73 52 0 73 42 0 73 44 0 14518 1210000 16940 474842 920000 436080
 7928.269938 37496 900 900 900 900 73 46 0 73 52 0 73 42 0 73 44 0 14274 1210000 16940 473746 920000 435160
 7928.469938 37497 900 900 900 900 73 46 0 73 52 0 73 42 0 73 44 0 14274 1210000 16940 473746 920000 435160
 7928.669939 37498 900 900 900 900 73 46 0 73 52 0 73 42 0 73 44 0 14274 1210000 16940 476212 920000 437920
 7928.869938 37499 900 900 900 900 73 46 0 73 52 0 73 42 0 73 44 0 14274 1210000 16940 474568 920000 436080
 7929.069952 37500 900 900 900 900 73 46 0 73 52 0 73 42 0 73 44 0 14518 1208750 16912 472650 920000 434240
 7929.269938 37501 900 900 900 900 73 46 0 73 52 0 73 42 0 73 44 0 14518 1208750 16912 472650 920000 434240
 7929.469937 37502 900 900 900 900 73 46 0 73 52 0 73 42 0 73 44 0 14274 1208750 16912 473198 920000 435160
 7929.669940 37503 900 900 900 900 73 46 0 73 52 0 73 42 0 73 44 0 14274 1210000 16940 472376 920000 434240
 7929.869937 37504 900 900 900 900 73 46 0 73 52 0 73 42 0 73 44 0 14518 1210000 16940 473198 920000 435160
 7930.069952 37505 900 900 900 900 73 46 0 73 52 0 73 42 0 73 44 0 14518 1210000 16940 473198 920000 435160
 7930.269938 37506 900 900 900 900 73 46 0 73 52 0 73 42 0 73 44 0 14518 1208750 16912 474020 920000 436080
 7930.469931 37507 900 900 900 900 73 46 0 73 52 0 73 42 0 73 44 0 14518 1210000 16940 473472 920000 435160
 7930.669941 37508 900 900 900 900 73 46 0 73 52 0 73 42 0 73 44 0 14518 1210000 16940 474842 920000 436080
 7930.869920 37509 900 900 900 900 73 46 0 73 52 0 73 42 0 73 44 0 14518 1210000 16940 474842 920000 436080
 7931.069953 37510 900 900 900 900 73 46 0 73 52 0 73 42 0 73 44 0 14518 1210000 16940 471280 920000 433320
 7931.269938 37511 900 900 900 900 73 46 0 73 52 0 73 42 0 73 44 0 14518 1210000 16940 471828 920000 433320
 7931.469938 37512 900 900 900 900 73 46 0 73 52 0 73 42 0 73 44 0 14518 1208750 16912 472102 920000 434240
 7931.669938 37513 900 900 900 900 73 46 0 73 52 0 73 42 0 73 44 0 14274 1210000 16940 472924 920000 434240
 7931.869938 37514 900 900 900 900 73 46 0 73 52 0 73 42 0 73 44 0 14274 1210000 16940 472924 920000 434240
 7932.069952 37515 900 900 900 900 73 46 0 73 52 0 73 42 0 73 44 0 14518 1210000 16940 475116 920000 437000
 7932.269938 37516 900 900 900 900 73 46 0 73 52 0 73 42 0 73 44 0 14274 1210000 16940 475390 920000 437000
 7932.469938 37517 900 900 900 900 73 46 0 73 52 0 73 42 0 73 44 0 14518 1210000 16940 474294 920000 436080
 7932.669939 37518 900 900 900 900 73 46 0 73 52 0 73 42 0 73 44 0 14518 1210000 16940 474294 920000 436080
 7932.869932 37519 900 900 900 900 73 46 0 73 52 0 73 42 0 73 44 0 14518 1210000 16940 474568 920000 436080
 7933.069953 37520 900 900 900 900 73 46 0 73 52 0 73 42 0 73 44 0 14518 1210000 16940 473198 920000 435160
 7933.269939 37521 900 900 900 900 73 46 0 73 52 0 73 42 0 73 44 0 14518 1210000 16940 473472 920000 435160
 7933.469938 37522 900 900 900 900 73 46 0 73 52 0 73 42 0 73 44 0 14518 1210000 16940 473472 920000 435160
 7933.669941 37523 900 900 900 900 73 46 0 73 52 0 73 42 0 73 44 0 14274 1210000 16940 474568 920000 436080
 7933.869938 37524 900 900 900 900 73 46 0 73 52 0 73 42 0 73 44 0 14518 1208750 16912 477308 920000 438840
 7934.069953 37525 900 900 900 900 73 46 0 73 52 0 73 42 0 73 44 0 14518 1210000 16940 476212 920000 437920
 7934.269937 37526 900 900 900 900 73 46 0 73 52 0 73 42 0 73 44 0 14518 1210000 16940 476212 920000 437920
 7934.469937 37527 900 900 900 900 73 46 0 73 52 0 73 42 0 73 44 0 14518 1208750 16912 475938 920000 437000
 7934.669939 37528 900 900 900 900 73 46 0 73 52 0 73 42 0 73 44 0 14518 1210000 16940 476486 920000 437920
 7934.869937 37529 900 900 900 900 73 46 0 73 52 0 73 42 0 73 44 0 14274 1210000 16940 474842 920000 436080
 7935.069952 37530 900 900 900 900 73 46 0 73 52 0 73 42 0 73 44 0 14274 1210000 16940 474842 920000 436080
 7935.269933 37531 900 900 900 900 73 46 0 73 52 0 73 42 0 73 44 0 14274 1210000 16940 474568 920000 436080
 7935.469937 37532 900 900 900 900 73 46 0 73 52 0 73 42 0 73 44 0 14518 1208750 16912 474568 920000 436080
 7935.669939 37533 900 900 900 900 73 46 0 73 52 0 73 42 0 73 44 0 14518 1210000 16940 475116 920000 437000
 7935.869937 37534 900 900 900 900 73 46 0 73 52 0 73 42 0 73 44 0 14518 1210000 16940 475116 920000 437000
 7936.069952 37535 900 900 900 900 73 46 0 73 52 0 73 42 0 73 44 0 14274 1208750 16912 475938 920000 437000
 7936.269938 37536 900 900 900 900 73 46 0 73 52 0 73 42 0 73 44 0 14274 1210000 16940 475664 920000 437000
 7936.469937 37537 900 900 900 900 73 46 0 73 52 0 73 42 0 73 44 0 14518 1210000 16940 473472 920000 435160
 7936.669941 37538 900 900 900 900 73 46 0 73 52 0 73 42 0 73 44 0 14518 1210000 16940 473472 920000 435160
 7936.869937 37539 900 900 900 900 73 46 0 73 52 0 73 42 0 73 44 0 14518 1210000 16940 471828 920000 433320
 7937.069951 37540 900 900 900 900 73 46 0 73 52 0 73 42 0 73 44 0 14274 1210000 16940 472376 920000 434240
 7937.269937 37541 900 900 900 900 73 46 0 73 52 0 73 42 0 73 44 0 14518 1210000 16940 472376 920000 434240
 7937.469959 37542 900 900 900 900 73 46 0 73 52 0 73 42 0 73 44 0 14518 1210000 16940 473472 920000 435160
 7937.669939 37543 900 900 900 900 73 46 0 73 52 0 73 42 0 73 44 0 14518 1210000 16940 473472 920000 435160
 7937.869938 37544 900 900 900 900 73 46 0 73 52 0 73 42 0 73 44 0 14518 1210000 16940 473746 920000 435160
 7938.069953 37545 900 900 900 900 73 46 0 73 52 0 73 42 0 73 44 0 14518 1210000 16940 474568 920000 436080
 7938.269937 37546 900 900 900 900 73 46 0 73 52 0 73 42 0 73 44 0 14518 1210000 16940 474568 920000 436080
 7938.469937 37547 900 900 900 900 73 46 0 73 52 0 73 42 0 73 44 0 14518 1210000 16940 474568 920000 436080
 7938.669939 37548 900 900 900 900 73 46 0 73 52 0 73 42 0 73 44 0 14518 1210000 16940 474842 920000 436080
 7938.869937 37549 900 900 900 900 73 46 0 73 52 0 73 42 0 73 44 0 14274 1210000 16940 474568 920000 436080
 7939.069952 37550 900 900 900 900 73 46 0 73 52 0 73 42 0 73 44 0 14762 1210000 16940 473472 920000 435160
 7939.269938 37551 900 900 900 900 73 46 0 73 52 0 73 42 0 73 44 0 14762 1210000 16940 473472 920000 435160
 7939.469937 37552 900 900 900 900 73 46 0 73 52 0 73 42 0 73 44 0 14274 1210000 16940 474294 920000 436080
 7939.669941 37553 900 900 900 900 73 46 0 73 52 0 73 42 0 73 44 0 14274 1210000 16940 475390 920000 437000
 7939.869930 37554 900 900 900 900 73 46 0 73 52 0 73 42 0 73 44 0 14518 1210000 16940 480870 920000 441600
 7940.069953 37555 900 900 900 900 73 46 0 73 52 0 73 42 0 73 44 0 14518 1210000 16940 480870 920000 441600
 7940.269937 37556 900 900 900 900 73 46 0 73 52 0 73 42 0 73 44 0 14274 1208750 16912 474842 920000 436080
 7940.469936 37557 900 900 900 900 73 46 0 73 52 0 73 42 0 73 44 0 14274 1210000 16940 474568 920000 436080
 7940.669938 37558 900 900 900 900 73 46 0 73 52 0 73 42 0 73 44 0 14274 1210000 16940 472924 920000 434240
 7940.869936 37559 900 900 900 900 73 46 0 73 52 0 73 42 0 73 44 0 14274 1210000 16940 472924 920000 434240
 7941.069946 37560 900 900 900 900 73 46 0 73 52 0 73 42 0 73 44 0 14518 1210000 16940 473472 920000 435160
 7941.269938 37561 900 900 900 900 73 46 0 73 52 0 73 42 0 73 44 0 14518 1210000 16940 473472 920000 435160
 7941.469936 37562 900 900 900 900 73 46 0 73 52 0 73 42 0 73 44 0 14274 1210000 16940 476212 920000 437920
 7941.669937 37563 900 900 900 900 73 46 0 73 52 0 73 42 0 73 44 0 14274 1210000 16940 476212 920000 437920
 7941.869931 37564 900 900 900 900 73 46 0 73 52 0 73 42 0 73 44 0 14274 1210000 16940 474568 920000 436080
 7942.069946 37565 900 900 900 900 73 46 0 73 52 0 73 42 0 73 44 0 14518 1210000 16940 153988 920000 140760
 7942.269926 37566 900 900 900 900 73 46 0 73 52 0 73 42 0 73 44 0 14518 1210000 16940 39730 920000 35880
 7942.469931 37567 900 900 900 900 72 46 0 72 52 0 72 42 0 72 44 0 14518 1210000 16940 39730 920000 35880
