 9163.524912 43672 600 600 600 600 72 46 0 72 52 0 72 42 0 72 44 0 23485 1208750 27784 6576 908750 5448
 9163.724912 43673 600 600 600 600 72 46 0 72 52 0 72 42 0 72 44 0 23241 1208750 27784 6576 908750 5448
 9163.924916 43674 600 600 600 600 72 46 0 72 52 0 72 42 0 72 44 0 23241 1208750 27784 6576 908750 5448
 9164.124964 43675 600 600 600 600 72 46 0 72 52 0 72 42 0 72 44 0 22997 1208750 26576 6576 908750 5448
 9164.324912 43676 600 600 600 600 72 46 0 72 52 0 72 42 0 72 44 0 22753 1208750 26576 6576 908750 5448
 9164.524918 43677 600 600 600 600 72 46 0 72 52 0 72 42 0 72 44 0 22021 1208750 26576 6576 908750 5448
 9164.724912 43678 600 600 600 600 72 46 0 72 52 0 72 42 0 72 44 0 22021 1208750 26576 6576 908750 5448
 9164.924914 43679 600 600 600 600 72 46 0 72 52 0 72 42 0 72 44 0 25254 1208750 30200 6576 908750 5448
 9165.124908 43680 600 600 600 600 72 46 0 72 52 0 72 42 0 72 44 0 22753 1208750 26576 6576 908750 5448
 9165.324913 43681 600 600 600 600 72 46 0 72 52 0 72 42 0 72 44 0 22509 1208750 26576 6576 908750 5448
 9165.524912 43682 600 600 600 600 72 46 0 72 52 0 72 42 0 72 44 0 22509 1208750 26576 6576 908750 5448
 9165.724911 43683 600 600 600 600 72 46 0 72 52 0 72 42 0 72 44 0 22509 1208750 26576 6576 908750 5448
 9165.924913 43684 600 600 600 600 72 46 0 72 52 0 72 42 0 72 44 0 22509 1208750 26576 6576 908750 5448
 9166.124922 43685 600 600 600 600 72 46 0 72 52 0 72 42 0 72 44 0 22265 1208750 26576 6576 908750 5448
 9166.324847 43686 600 600 600 600 72 46 0 72 52 0 72 42 0 72 44 0 53985 1210000 64130 6576 908750 5448
 9166.524914 43687 600 600 600 600 72 46 0 72 52 0 72 42 0 72 44 0 53985 1210000 64130 6576 908750 5448
 9166.724912 43688 600 600 600 600 72 46 0 72 52 0 72 42 0 72 44 0 22509 1208750 26576 6576 908750 5448
 9166.924943 43689 600 600 600 600 72 46 0 72 52 0 72 42 0 72 44 0 22021 1208750 26576 6576 908750 5448
 9167.124944 43690 600 600 600 600 72 46 0 72 52 0 72 42 0 72 44 0 68991 1210000 82280 6576 908750 5448
 9167.324959 43691 600 600 600 600 72 46 0 72 52 0 72 42 0 72 44 0 68991 1210000 82280 6576 908750 5448
 9167.524949 43692 600 600 600 600 72 46 0 72 52 0 72 42 0 72 44 0 165493 1211250 199815 6576 908750 5448
 9167.724968 43693 600 600 600 600 72 46 0 72 52 0 72 42 0 72 44 0 160247 1210000 193600 6576 908750 5448
 9167.929858 43694 600 600 600 600 72 46 0 72 52 0 72 42 0 72 44 0 155245 1210000 187550 6576 908750 5448
 9168.129838 43695 600 600 600 600 72 46 0 72 52 0 72 42 0 72 44 0 155245 1210000 187550 6576 908750 5448
 9168.329835 43696 600 600 600 600 72 46 0 72 52 0 72 42 0 72 44 0 146766 1208750 176368 6576 908750 5448
 9168.529834 43697 600 600 600 600 72 46 0 72 52 0 72 42 0 72 44 0 137006 1207500 165359 6850 908750 5448
 9168.729834 43698 600 600 600 600 72 46 0 72 52 0 72 42 0 72 44 0 135481 1206250 162810 6576 908750 5448
 9168.929837 43699 600 600 600 600 72 46 0 72 52 0 72 42 0 72 44 0 135481 1206250 162810 6576 908750 5448
 9169.129835 43700 600 600 600 600 72 46 0 72 52 0 72 42 0 72 44 0 136213 1207500 164152 6576 908750 5448
 9169.329834 43701 600 600 600 600 72 46 0 72 52 0 72 42 0 72 44 0 135969 1207500 162945 6576 908750 5448
 9169.529835 43702 600 600 600 600 72 46 0 72 52 0 72 42 0 72 44 0 136213 1206250 164016 6576 908750 5448
 9169.729836 43703 600 600 600 600 72 46 0 72 52 0 72 42 0 72 44 0 136213 1206250 164016 6576 908750 5448
 9169.929835 43704 600 600 600 600 72 46 0 72 52 0 72 42 0 72 44 0 135969 1207500 162945 6576 908750 5448
 9170.129835 43705 600 600 600 600 72 46 0 72 52 0 72 42 0 72 44 0 136518 1207500 164152 6576 908750 5448
 9170.329834 43706 600 600 600 600 72 46 0 72 52 0 72 42 0 72 44 0 135969 1207500 162945 6576 908750 5448
 9170.529836 43707 600 600 600 600 72 46 0 72 52 0 72 42 0 72 44 0 135969 1207500 162945 6576 908750 5448
 9170.729834 43708 600 600 600 600 72 46 0 72 52 0 72 42 0 72 44 0 135481 1207500 162945 6576 908750 5448
 9170.929837 43709 600 600 600 600 72 46 0 72 52 0 72 42 0 72 44 0 135969 1207500 162945 6576 908750 5448
 9171.129834 43710 600 600 600 600 72 46 0 72 52 0 72 42 0 72 44 0 135969 1207500 162945 6850 908750 5448
 9171.329835 43711 600 600 600 600 72 46 0 72 52 0 72 42 0 72 44 0 135969 1207500 162945 6850 908750 5448
 9171.529835 43712 600 600 600 600 72 46 0 72 52 0 72 42 0 72 44 0 136518 1207500 164152 6576 908750 5448
 9171.729834 43713 600 600 600 600 72 46 0 72 52 0 72 42 0 72 44 0 136213 1207500 164152 6576 908750 5448
 9171.929835 43714 600 600 600 600 72 46 0 72 52 0 72 42 0 72 44 0 136518 1207500 164152 6850 908750 5448
 9172.129836 43715 600 600 600 600 72 46 0 72 52 0 72 42 0 72 44 0 135969 1207500 162945 6576 908750 5448
 9172.329835 43716 600 600 600 600 72 46 0 72 52 0 72 42 0 72 44 0 135969 1207500 162945 6576 908750 5448
 9172.529835 43717 600 600 600 600 72 46 0 72 52 0 72 42 0 72 44 0 135481 1207500 162945 6576 908750 5448
 9172.729834 43718 600 600 600 600 72 46 0 72 52 0 72 42 0 72 44 0 136213 1207500 164152 6576 908750 5448
 9172.929835 43719 600 600 600 600 72 46 0 72 52 0 72 42 0 72 44 0 135725 1207500 162945 6576 908750 5448
 9173.129835 43720 600 600 600 600 72 46 0 72 52 0 72 42 0 72 44 0 135725 1207500 162945 6576 908750 5448
 9173.329835 43721 600 600 600 600 72 46 0 72 52 0 72 42 0 72 44 0 135725 1207500 162945 6576 908750 5448
 9173.529835 43722 600 600 600 600 72 46 0 72 52 0 72 42 0 72 44 0 137494 1207500 165359 6576 908750 5448
 9173.729834 43723 600 600 600 600 72 46 0 72 52 0 72 42 0 72 44 0 136213 1207500 164152 6576 908750 5448
 9173.929837 43724 600 600 600 600 72 46 0 72 52 0 72 42 0 72 44 0 136213 1207500 164152 6576 908750 5448
 9174.129835 43725 600 600 600 600 72 46 0 72 52 0 72 42 0 72 44 0 135725 1206250 162810 6576 908750 5448
 9174.329835 43726 600 600 600 600 72 46 0 72 52 0 72 42 0 72 44 0 136518 1206250 164016 6576 908750 5448
 9174.529843 43727 600 600 600 600 72 46 0 72 52 0 72 42 0 72 44 0 135969 1207500 162945 6576 908750 5448
 9174.729836 43728 600 600 600 600 72 46 0 72 52 0 72 42 0 72 44 0 135969 1207500 162945 6576 908750 5448
 9174.929836 43729 600 600 600 600 72 46 0 72 52 0 72 42 0 72 44 0 138714 1207500 166566 6576 908750 5448
 9175.129835 43730 600 600 600 600 73 46 0 73 52 0 73 42 0 73 44 0 135725 1207500 162945 6850 908750 5448
 9175.329907 43731 600 600 600 600 73 46 0 73 52 0 73 42 0 73 44 0 136213 1207500 164152 6576 908750 5448
 9175.529911 43732 600 600 600 600 73 46 0 73 52 0 73 42 0 73 44 0 136213 1207500 164152 6576 908750 5448
 9175.729911 43733 600 600 600 600 73 46 0 73 52 0 73 42 0 73 44 0 135969 1207500 162945 6576 908750 5448
 9175.929914 43734 600 600 600 600 72 46 0 72 52 0 72 42 0 72 44 0 135481 1207500 162945 6576 908750 5448
 9176.129912 43735 600 600 600 600 72 46 0 72 52 0 72 42 0 72 44 0 136213 1206250 164016 6576 908750 5448
 9176.329911 43736 600 600 600 600 72 46 0 72 52 0 72 42 0 72 44 0 136213 1206250 164016 6576 908750 5448
 9176.529911 43737 600 600 600 600 72 46 0 72 52 0 72 42 0 72 44 0 136518 1206250 164016 6576 908750 5448
 9176.729911 43738 600 600 600 600 72 46 0 72 52 0 72 42 0 72 44 0 135969 1207500 162945 6576 908750 5448
 9176.929914 43739 600 600 600 600 72 46 0 72 52 0 72 42 0 72 44 0 135969 1206250 162810 6576 908750 5448
 9177.129911 43740 600 600 600 600 72 46 0 72 52 0 72 42 0 72 44 0 135969 1206250 162810 6576 908750 5448
 9177.329911 43741 600 600 600 600 72 46 0 72 52 0 72 42 0 72 44 0 136213 1207500 164152 6576 908750 5448
 9177.529911 43742 600 600 600 600 72 46 0 72 52 0 72 42 0 72 44 0 136213 1207500 164152 6576 908750 5448
 9177.729906 43743 600 600 600 600 72 46 0 72 52 0 72 42 0 72 44 0 136213 1207500 164152 6576 908750 5448
 9177.929897 43744 600 600 600 600 72 46 0 72 52 0 72 42 0 72 44 0 136213 1207500 164152 6576 908750 5448
 9178.129911 43745 600 600 600 600 72 46 0 72 52 0 72 42 0 72 44 0 136213 1207500 164152 6576 908750 5448
 9178.329911 43746 600 600 600 600 72 46 0 72 52 0 72 42 0 72 44 0 136518 1207500 164152 6576 908750 5448
 9178.529911 43747 600 600 600 600 72 46 0 72 52 0 72 42 0 72 44 0 135725 1207500 162945 6576 908750 5448
 9178.729885 43748 600 600 600 600 72 46 0 72 52 0 72 42 0 72 44 0 136213 1207500 164152 6576 908750 5448
 9178.929914 43749 600 600 600 600 72 46 0 72 52 0 72 42 0 72 44 0 136213 1207500 164152 6576 908750 5448
 9179.129911 43750 600 600 600 600 72 46 0 72 52 0 72 42 0 72 44 0 135481 1206250 162810 6576 908750 5448
 9179.329911 43751 600 600 600 600 72 46 0 72 52 0 72 42 0 72 44 0 136213 1206250 164016 6576 908750 5448
 9179.529911 43752 600 600 600 600 72 46 0 72 52 0 72 42 0 72 44 0 135969 1206250 162810 6576 908750 5448
 9179.729911 43753 600 600 600 600 72 46 0 72 52 0 72 42 0 72 44 0 135969 1206250 162810 6576 908750 5448
 9179.929915 43754 600 600 600 600 72 46 0 72 52 0 72 42 0 72 44 0 136213 1207500 164152 6576 908750 5448
 9180.129912 43755 600 600 600 600 72 46 0 72 52 0 72 42 0 72 44 0 135969 1207500 162945 6576 908750 5448
 9180.329911 43756 600 600 600 600 72 46 0 72 52 0 72 42 0 72 44 0 135725 1207500 162945 6576 908750 5448
 9180.529911 43757 600 600 600 600 72 46 0 72 52 0 72 42 0 72 44 0 135725 1207500 162945 6576 908750 5448
 9180.729912 43758 600 600 600 600 72 46 0 72 52 0 72 42 0 72 44 0 135725 1207500 162945 6576 908750 5448
 9180.929914 43759 600 600 600 600 72 46 0 72 52 0 72 42 0 72 44 0 135725 1207500 162945 6576 908750 5448
 9181.129906 43760 600 600 600 600 72 46 0 72 52 0 72 42 0 72 44 0 135481 1207500 162945 6576 908750 5448
 9181.329911 43761 600 600 600 600 72 46 0 72 52 0 72 42 0 72 44 0 135481 1207500 162945 6576 908750 5448
 9181.529912 43762 600 600 600 600 72 46 0 72 52 0 72 42 0 72 44 0 135481 1207500 162945 6576 908750 5448
 9181.729911 43763 600 600 600 600 72 46 0 72 52 0 72 42 0 72 44 0 136213 1207500 164152 6576 908750 5448
 9181.929912 43764 600 600 600 600 72 46 0 72 52 0 72 42 0 72 44 0 135969 1207500 162945 6576 908750 5448
 9182.129910 43765 600 600 600 600 72 46 0 72 52 0 72 42 0 72 44 0 135969 1207500 162945 6576 908750 5448
 9182.329911 43766 600 600 600 600 72 46 0 72 52 0 72 42 0 72 44 0 135725 1207500 162945 6576 908750 5448
 9182.529910 43767 600 600 600 600 72 46 0 72 52 0 72 42 0 72 44 0 135969 1207500 162945 6576 908750 5448
 9182.729911 43768 600 600 600 600 72 46 0 72 52 0 72 42 0 72 44 0 135481 1207500 162945 6576 908750 5448
 9182.929914 43769 600 600 600 600 72 46 0 72 52 0 72 42 0 72 44 0 135481 1207500 162945 6576 908750 5448
 9183.129914 43770 600 600 600 600 72 46 0 72 52 0 72 42 0 72 44 0 135725 1206250 162810 6576 908750 5448
 9183.329911 43771 600 600 600 600 72 46 0 72 52 0 72 42 0 72 44 0 136518 1207500 164152 6576 908750 5448
 9183.529906 43772 600 600 600 600 72 46 0 72 52 0 72 42 0 72 44 0 135725 1207500 162945 6576 908750 5448
 9183.729911 43773 600 600 600 600 72 46 0 72 52 0 72 42 0 72 44 0 135725 1207500 162945 6576 908750 5448
 9183.929913 43774 600 600 600 600 72 46 0 72 52 0 72 42 0 72 44 0 135725 1207500 162945 6576 908750 5448
 9184.129912 43775 600 600 600 600 72 46 0 72 52 0 72 42 0 72 44 0 135725 1206250 162810 6576 908750 5448
 9184.329911 43776 600 600 600 600 72 46 0 72 52 0 72 42 0 72 44 0 135725 1206250 162810 6576 908750 5448
 9184.530461 43777 600 600 600 600 72 46 0 72 52 0 72 42 0 72 44 0 135481 1207500 162945 6576 908750 5448
 9184.729910 43778 600 600 600 600 72 46 0 72 52 0 72 42 0 72 44 0 135481 1207500 162945 6576 908750 5448
 9184.929914 43779 600 600 600 600 72 46 0 72 52 0 72 42 0 72 44 0 135725 1207500 162945 6576 908750 5448
 9185.129911 43780 600 600 600 600 72 46 0 72 52 0 72 42 0 72 44 0 135969 1207500 162945 6576 908750 5448
 9185.329911 43781 600 600 600 600 72 46 0 72 52 0 72 42 0 72 44 0 135969 1207500 162945 6576 908750 5448
 9185.529910 43782 600 600 600 600 72 46 0 72 52 0 72 42 0 72 44 0 135969 1207500 162945 6576 908750 5448
 9185.729910 43783 600 600 600 600 72 46 0 72 52 0 72 42 0 72 44 0 136213 1206250 164016 6576 908750 5448
 9185.929914 43784 600 600 600 600 72 46 0 72 52 0 72 42 0 72 44 0 135969 1206250 162810 6576 908750 5448
 9186.129911 43785 600 600 600 600 72 46 0 72 52 0 72 42 0 72 44 0 136518 1207500 164152 6576 908750 5448
 9186.329912 43786 600 600 600 600 72 46 0 72 52 0 72 42 0 72 44 0 136518 1207500 164152 6576 908750 5448
 9186.529911 43787 600 600 600 600 72 46 0 72 52 0 72 42 0 72 44 0 136213 1206250 164016 6576 908750 5448
 9186.729911 43788 600 600 600 600 72 46 0 72 52 0 72 42 0 72 44 0 136518 1207500 164152 6576 908750 5448
 9186.929906 43789 600 600 600 600 72 46 0 72 52 0 72 42 0 72 44 0 136213 1206250 164016 6576 908750 5448
 9187.129911 43790 600 600 600 600 72 46 0 72 52 0 72 42 0 72 44 0 136213 1206250 164016 6576 908750 5448
 9187.329910 43791 600 600 600 600 72 46 0 72 52 0 72 42 0 72 44 0 135969 1206250 162810 6850 908750 5448
 9187.529911 43792 600 600 600 600 72 46 0 72 52 0 72 42 0 72 44 0 135969 1207500 162945 6576 908750 5448
 9187.729910 43793 600 600 600 600 72 46 0 72 52 0 72 42 0 72 44 0 136213 1206250 164016 6850 908750 5448
 9187.929917 43794 600 600 600 600 73 46 0 73 52 0 73 42 0 73 44 0 136213 1206250 164016 6850 908750 5448
 9188.129912 43795 600 600 600 600 72 46 0 72 52 0 72 42 0 72 44 0 135969 1206250 162810 6576 908750 5448
 9188.329912 43796 600 600 600 600 72 46 0 72 52 0 72 42 0 72 44 0 136762 1207500 164152 6576 908750 5448
 9188.529911 43797 600 600 600 600 72 46 0 72 52 0 72 42 0 72 44 0 136213 1207500 164152 6576 908750 5448
 9188.729911 43798 600 600 600 600 72 46 0 72 52 0 72 42 0 72 44 0 136213 1207500 164152 6576 908750 5448
 9188.929915 43799 600 600 600 600 72 46 0 72 52 0 72 42 0 72 44 0 136213 1206250 164016 6850 908750 5448
 9189.129911 43800 600 600 600 600 72 46 0 72 52 0 72 42 0 72 44 0 136213 1207500 164152 6576 908750 5448
 9189.329906 43801 600 600 600 600 72 46 0 72 52 0 72 42 0 72 44 0 135237 1207500 162945 6576 908750 5448
 9189.529912 43802 600 600 600 600 72 46 0 72 52 0 72 42 0 72 44 0 135237 1207500 162945 6576 908750 5448
 9189.729911 43803 600 600 600 600 72 46 0 72 52 0 72 42 0 72 44 0 136213 1207500 164152 6576 908750 5448
 9189.929913 43804 600 600 600 600 72 46 0 72 52 0 72 42 0 72 44 0 135969 1207500 162945 6576 908750 5448
 9190.129911 43805 600 600 600 600 72 46 0 72 52 0 72 42 0 72 44 0 135969 1206250 162810 6576 908750 5448
 9190.329911 43806 600 600 600 600 72 46 0 72 52 0 72 42 0 72 44 0 135969 1206250 162810 6576 908750 5448
 9190.529912 43807 600 600 600 600 72 46 0 72 52 0 72 42 0 72 44 0 136518 1206250 164016 6576 908750 5448
 9190.729911 43808 600 600 600 600 72 46 0 72 52 0 72 42 0 72 44 0 136518 1206250 164016 6576 908750 5448
 9190.929913 43809 600 600 600 600 72 46 0 72 52 0 72 42 0 72 44 0 135969 1206250 162810 6576 908750 5448
 9191.129889 43810 600 600 600 600 72 46 0 72 52 0 72 42 0 72 44 0 135725 1207500 162945 6576 908750 5448
 9191.329910 43811 600 600 600 600 72 46 0 72 52 0 72 42 0 72 44 0 135725 1207500 162945 6576 908750 5448
 9191.529912 43812 600 600 600 600 72 46 0 72 52 0 72 42 0 72 44 0 135969 1207500 162945 6576 908750 5448
 9191.729907 43813 600 600 600 600 72 46 0 72 52 0 72 42 0 72 44 0 135237 1206250 162810 6576 908750 5448
 9191.929912 43814 600 600 600 600 72 46 0 72 52 0 72 42 0 72 44 0 135481 1206250 162810 6576 908750 5448
 9192.129911 43815 600 600 600 600 73 46 0 73 52 0 73 42 0 73 44 0 135481 1206250 162810 6576 908750 5448
 9192.329912 43816 600 600 600 600 73 46 0 73 52 0 73 42 0 73 44 0 136762 1207500 164152 6576 908750 5448
 9192.529911 43817 600 600 600 600 73 46 0 73 52 0 73 42 0 73 44 0 135969 1206250 162810 6576 908750 5448
 9192.729911 43818 600 600 600 600 73 46 0 73 52 0 73 42 0 73 44 0 135969 1207500 162945 6850 908750 5448
 9192.929914 43819 600 600 600 600 73 46 0 73 52 0 73 42 0 73 44 0 135969 1207500 162945 6850 908750 5448
 9193.129911 43820 600 600 600 600 73 46 0 73 52 0 73 42 0 73 44 0 135725 1206250 162810 6576 908750 5448
 9193.329911 43821 600 600 600 600 73 46 0 73 52 0 73 42 0 73 44 0 135969 1207500 162945 6576 908750 5448
 9193.529910 43822 600 600 600 600 73 46 0 73 52 0 73 42 0 73 44 0 135725 1207500 162945 6576 908750 5448
 9193.729911 43823 600 600 600 600 73 46 0 73 52 0 73 42 0 73 44 0 135725 1207500 162945 6576 908750 5448
 9193.929912 43824 600 600 600 600 73 46 0 73 52 0 73 42 0 73 44 0 135969 1207500 162945 6576 908750 5448
 9194.129911 43825 600 600 600 600 73 46 0 73 52 0 73 42 0 73 44 0 136213 1206250 164016 6576 908750 5448
 9194.329910 43826 600 600 600 600 73 46 0 73 52 0 73 42 0 73 44 0 135969 1207500 162945 6576 908750 5448
 9194.529912 43827 600 600 600 600 73 46 0 73 52 0 73 42 0 73 44 0 135969 1207500 162945 6576 908750 5448
 9194.729910 43828 600 600 600 600 73 46 0 73 52 0 73 42 0 73 44 0 135969 1207500 162945 6576 908750 5448
 9194.929915 43829 600 600 600 600 73 46 0 73 52 0 73 42 0 73 44 0 135969 1206250 162810 6576 908750 5448
 9195.129906 43830 600 600 600 600 72 46 0 72 52 0 72 42 0 72 44 0 135481 1207500 162945 6576 908750 5448
 9195.329911 43831 600 600 600 600 72 46 0 72 52 0 72 42 0 72 44 0 135481 1207500 162945 6576 908750 5448
 9195.529911 43832 600 600 600 600 72 46 0 72 52 0 72 42 0 72 44 0 135725 1207500 162945 6576 908750 5448
 9195.729912 43833 600 600 600 600 72 46 0 72 52 0 72 42 0 72 44 0 136213 1206250 164016 6576 908750 5448
 9195.929914 43834 600 600 600 600 72 46 0 72 52 0 72 42 0 72 44 0 135969 1207500 162945 6576 908750 5448
 9196.129912 43835 600 600 600 600 73 46 0 73 52 0 73 42 0 73 44 0 135969 1207500 162945 6576 908750 5448
 9196.329911 43836 600 600 600 600 73 46 0 73 52 0 73 42 0 73 44 0 136213 1207500 164152 6576 908750 5448
 9196.529912 43837 600 600 600 600 73 46 0 73 52 0 73 42 0 73 44 0 136213 1207500 164152 6576 908750 5448
 9196.729912 43838 600 600 600 600 73 46 0 73 52 0 73 42 0 73 44 0 135969 1207500 162945 6576 908750 5448
 9196.929896 43839 600 600 600 600 73 46 0 73 52 0 73 42 0 73 44 0 135969 1207500 162945 6576 908750 5448
 9197.129913 43840 600 600 600 600 73 46 0 73 52 0 73 42 0 73 44 0 135725 1207500 162945 6850 908750 5448
 9197.329912 43841 600 600 600 600 73 46 0 73 52 0 73 42 0 73 44 0 136518 1207500 164152 6576 908750 5448
 9197.529906 43842 600 600 600 600 73 46 0 73 52 0 73 42 0 73 44 0 136518 1207500 164152 6576 908750 5448
 9197.729913 43843 600 600 600 600 73 46 0 73 52 0 73 42 0 73 44 0 136213 1207500 164152 6576 908750 5448
 9197.929915 43844 600 600 600 600 73 46 0 73 52 0 73 42 0 73 44 0 136213 1207500 164152 6576 908750 5448
 9198.129911 43845 600 600 600 600 73 46 0 73 52 0 73 42 0 73 44 0 135969 1207500 162945 6576 908750 5448
 9198.329910 43846 600 600 600 600 73 46 0 73 52 0 73 42 0 73 44 0 136213 1207500 164152 6576 908750 5448
 9198.529911 43847 600 600 600 600 73 46 0 73 52 0 73 42 0 73 44 0 135969 1207500 162945 6576 908750 5448
 9198.729911 43848 600 600 600 600 73 46 0 73 52 0 73 42 0 73 44 0 135969 1207500 162945 6576 908750 5448
 9198.929913 43849 600 600 600 600 73 46 0 73 52 0 73 42 0 73 44 0 135481 1207500 162945 6576 908750 5448
 9199.129911 43850 600 600 600 600 73 46 0 73 52 0 73 42 0 73 44 0 136518 1207500 164152 6576 908750 5448
 9199.329910 43851 600 600 600 600 73 46 0 73 52 0 73 42 0 73 44 0 136213 1207500 164152 6850 908750 5448
 9199.529923 43852 600 600 600 600 73 46 0 73 52 0 73 42 0 73 44 0 136213 1207500 164152 6850 908750 5448
 9199.729911 43853 600 600 600 600 73 46 0 73 52 0 73 42 0 73 44 0 136518 1206250 164016 6576 908750 5448
 9199.929909 43854 600 600 600 600 73 46 0 73 52 0 73 42 0 73 44 0 135481 1207500 162945 6576 908750 5448
 9200.129912 43855 600 600 600 600 73 46 0 73 52 0 73 42 0 73 44 0 135969 1207500 162945 6576 908750 5448
 9200.329911 43856 600 600 600 600 73 46 0 73 52 0 73 42 0 73 44 0 135969 1207500 162945 6576 908750 5448
 9200.529912 43857 600 600 600 600 73 46 0 73 52 0 73 42 0 73 44 0 135725 1207500 162945 6576 908750 5448
 9200.729911 43858 600 600 600 600 73 46 0 73 52 0 73 42 0 73 44 0 136213 1206250 164016 6576 908750 5448
 9200.929914 43859 600 600 600 600 73 46 0 73 52 0 73 42 0 73 44 0 135969 1207500 162945 6850 908750 5448
 9201.129912 43860 600 600 600 600 73 46 0 73 52 0 73 42 0 73 44 0 135969 1207500 162945 6850 908750 5448
 9201.329912 43861 600 600 600 600 73 46 0 73 52 0 73 42 0 73 44 0 136518 1207500 164152 6850 908750 5448
 9201.529911 43862 600 600 600 600 73 46 0 73 52 0 73 42 0 73 44 0 136213 1206250 164016 6576 908750 5448
 9201.729911 43863 600 600 600 600 73 46 0 73 52 0 73 42 0 73 44 0 136518 1207500 164152 6576 908750 5448
 9201.929916 43864 600 600 600 600 73 46 0 73 52 0 73 42 0 73 44 0 136518 1207500 164152 6576 908750 5448
 9202.129912 43865 600 600 600 600 72 46 0 72 52 0 72 42 0 72 44 0 136213 1207500 164152 6576 908750 5448
 9202.329911 43866 600 600 600 600 72 46 0 72 52 0 72 42 0 72 44 0 135725 1207500 162945 6576 908750 5448
 9202.529912 43867 600 600 600 600 72 46 0 72 52 0 72 42 0 72 44 0 135969 1207500 162945 6576 908750 5448
 9202.729911 43868 600 600 600 600 72 46 0 72 52 0 72 42 0 72 44 0 135969 1207500 162945 6576 908750 5448
 9202.929913 43869 600 600 600 600 72 46 0 72 52 0 72 42 0 72 44 0 136213 1206250 164016 6576 908750 5448
 9203.129912 43870 600 600 600 600 73 46 0 73 52 0 73 42 0 73 44 0 136213 1207500 164152 6576 908750 5448
 9203.329906 43871 600 600 600 600 73 46 0 73 52 0 73 42 0 73 44 0 136518 1206250 164016 6576 908750 5448
 9203.529848 43872 600 600 600 600 73 46 0 73 52 0 73 42 0 73 44 0 136213 1206250 164016 6576 908750 5448
 9203.729914 43873 600 600 600 600 73 46 0 73 52 0 73 42 0 73 44 0 136213 1206250 164016 6576 908750 5448
 9203.929915 43874 600 600 600 600 73 46 0 73 52 0 73 42 0 73 44 0 135969 1206250 162810 6576 908750 5448
 9204.129912 43875 600 600 600 600 73 46 0 73 52 0 73 42 0 73 44 0 135969 1207500 162945 6850 908750 5448
 9204.329911 43876 600 600 600 600 73 46 0 73 52 0 73 42 0 73 44 0 135969 1207500 162945 6576 908750 5448
 9204.529912 43877 600 600 600 600 73 46 0 73 52 0 73 42 0 73 44 0 135969 1207500 162945 6576 908750 5448
 9204.729911 43878 600 600 600 600 73 46 0 73 52 0 73 42 0 73 44 0 135969 1207500 162945 6576 908750 5448
 9204.929916 43879 600 600 600 600 73 46 0 73 52 0 73 42 0 73 44 0 135969 1207500 162945 6576 908750 5448
 9205.129911 43880 600 600 600 600 73 46 0 73 52 0 73 42 0 73 44 0 136213 1206250 164016 6576 908750 5448
 9205.329911 43881 600 600 600 600 73 46 0 73 52 0 73 42 0 73 44 0 136213 1206250 164016 6576 908750 5448
 9205.529912 43882 600 600 600 600 73 46 0 73 52 0 73 42 0 73 44 0 136213 1206250 164016 6576 908750 5448
 9205.729906 43883 600 600 600 600 73 46 0 73 52 0 73 42 0 73 44 0 135481 1207500 162945 6850 908750 5448
 9205.929912 43884 600 600 600 600 73 46 0 73 52 0 73 42 0 73 44 0 135969 1206250 162810 6850 908750 5448
 9206.129914 43885 600 600 600 600 72 46 0 72 52 0 72 42 0 72 44 0 135969 1206250 162810 6850 908750 5448
 9206.329911 43886 600 600 600 600 72 46 0 72 52 0 72 42 0 72 44 0 135481 1207500 162945 6576 908750 5448
 9206.529911 43887 600 600 600 600 72 46 0 72 52 0 72 42 0 72 44 0 136518 1207500 164152 6576 908750 5448
 9206.729911 43888 600 600 600 600 72 46 0 72 52 0 72 42 0 72 44 0 135725 1206250 162810 6576 908750 5448
 9206.929914 43889 600 600 600 600 72 46 0 72 52 0 72 42 0 72 44 0 135725 1206250 162810 6576 908750 5448
 9207.129912 43890 600 600 600 600 73 46 0 73 52 0 73 42 0 73 44 0 135237 1207500 162945 6576 908750 5448
 9207.329911 43891 600 600 600 600 73 46 0 73 52 0 73 42 0 73 44 0 136762 1207500 164152 6576 908750 5448
 9207.529911 43892 600 600 600 600 73 46 0 73 52 0 73 42 0 73 44 0 136213 1207500 164152 6576 908750 5448
 9207.729910 43893 600 600 600 600 73 46 0 73 52 0 73 42 0 73 44 0 136213 1207500 164152 6576 908750 5448
 9207.929913 43894 600 600 600 600 73 46 0 73 52 0 73 42 0 73 44 0 135969 1207500 162945 6850 908750 5448
 9208.129907 43895 600 600 600 600 73 46 0 73 52 0 73 42 0 73 44 0 135481 1206250 162810 6576 908750 5448
 9208.329911 43896 600 600 600 600 73 46 0 73 52 0 73 42 0 73 44 0 136518 1207500 164152 6576 908750 5448
 9208.529912 43897 600 600 600 600 73 46 0 73 52 0 73 42 0 73 44 0 136518 1207500 164152 6576 908750 5448
 9208.729911 43898 600 600 600 600 73 46 0 73 52 0 73 42 0 73 44 0 135969 1206250 162810 6576 908750 5448
 9208.929913 43899 600 600 600 600 73 46 0 73 52 0 73 42 0 73 44 0 136213 1207500 164152 6576 908750 5448
 9209.129906 43900 600 600 600 600 73 46 0 73 52 0 73 42 0 73 44 0 135969 1207500 162945 6576 908750 5448
 9209.329897 43901 600 600 600 600 73 46 0 73 52 0 73 42 0 73 44 0 135969 1207500 162945 6576 908750 5448
 9209.529928 43902 600 600 600 600 73 46 0 73 52 0 73 42 0 73 44 0 135725 1207500 162945 6576 908750 5448
 9209.729913 43903 600 600 600 600 73 46 0 73 52 0 73 42 0 73 44 0 135725 1207500 162945 6576 908750 5448
 9209.929917 43904 600 600 600 600 73 46 0 73 52 0 73 42 0 73 44 0 134505 1207500 161738 6576 908750 5448
 9210.129903 43905 600 600 600 600 73 46 0 73 52 0 73 42 0 73 44 0 136518 1206250 164016 6576 908750 5448
 9210.329918 43906 600 600 600 600 73 46 0 73 52 0 73 42 0 73 44 0 136518 1206250 164016 6576 908750 5448
 9210.529913 43907 600 600 600 600 73 46 0 73 52 0 73 42 0 73 44 0 106750 1207500 127942 6576 908750 5448
 9210.729912 43908 600 600 600 600 73 46 0 73 52 0 73 42 0 73 44 0 23241 1208750 27784 6576 908750 5448
 9210.929912 43909 600 600 600 600 73 46 0 73 52 0 73 42 0 73 44 0 22753 1208750 26576 6576 908750 5448
 9211.129922 43910 600 600 600 600 72 46 0 72 52 0 72 42 0 72 44 0 22753 1208750 26576 6576 908750 5448
 9211.329910 43911 600 600 600 600 72 46 0 72 52 0 72 42 0 72 44 0 22753 1208750 26576 6576 908750 5448
 9211.529907 43912 600 600 600 600 72 46 0 72 52 0 72 42 0 72 44 0 22753 1208750 26576 6576 908750 5448
 9211.729909 43913 600 600 600 600 72 46 0 72 52 0 72 42 0 72 44 0 22509 1208750 26576 6576 908750 5448
 9211.929910 43914 600 600 600 600 72 46 0 72 52 0 72 42 0 72 44 0 22509 1208750 26576 6576 908750 5448
 9212.129922 43915 600 600 600 600 72 46 0 72 52 0 72 42 0 72 44 0 22997 1208750 26576 6576 908750 5448
 9212.329910 43916 600 600 600 600 72 46 0 72 52 0 72 42 0 72 44 0 22997 1208750 26576 6576 908750 5448
 9212.529911 43917 600 600 600 600 72 46 0 72 52 0 72 42 0 72 44 0 23241 1208750 27784 6576 908750 5448
 9212.729910 43918 600 600 600 600 72 46 0 72 52 0 72 42 0 72 44 0 23241 1208750 27784 6576 908750 5448
