 5080.498808 24882 1300 1300 1300 1300 74 46 0 74 52 0 74 42 0 74 44 0 15006 1210000 18150 60280 1057500 63420
 5080.698808 24883 1300 1300 1300 1300 74 46 0 74 52 0 74 42 0 74 44 0 15006 1210000 18150 60280 1057500 63420
 5080.898809 24884 1300 1300 1300 1300 74 46 0 74 52 0 74 42 0 74 44 0 14762 1210000 16940 63020 1057500 66591
 5081.098878 24885 1300 1300 1300 1300 74 46 0 74 52 0 74 42 0 74 44 0 14762 1210000 16940 60828 1057500 63420
 5081.298791 24886 1300 1300 1300 1300 74 46 0 74 52 0 74 42 0 74 44 0 14762 1210000 16940 289070 1058750 305762
 5081.498794 24887 1300 1300 1300 1300 74 46 0 74 52 0 74 42 0 74 44 0 14762 1210000 16940 289070 1058750 305762
 5081.698809 24888 1300 1300 1300 1300 74 46 0 74 52 0 74 42 0 74 44 0 14762 1210000 16940 56444 1057500 59192
 5081.898809 24889 1300 1300 1300 1300 74 46 0 74 52 0 74 42 0 74 44 0 15006 1210000 18150 55896 1057500 58135
 5082.098751 24890 1300 1300 1300 1300 73 46 0 73 52 0 73 42 0 73 44 0 15006 1210000 18150 55348 1057500 58135
 5082.298802 24891 1300 1300 1300 1300 73 46 0 73 52 0 73 42 0 73 44 0 14762 1210000 16940 757336 1061250 803177
 5082.498842 24892 1300 1300 1300 1300 73 46 0 73 52 0 73 42 0 73 44 0 14762 1210000 16940 757336 1061250 803177
 5082.698917 24893 1300 1300 1300 1300 73 46 0 73 52 0 73 42 0 73 44 0 15006 1208750 18120 949958 1062500 1007838
 5082.898819 24894 1300 1300 1300 1300 73 46 0 73 52 0 73 42 0 73 44 0 14518 1208750 16912 872690 1061250 925192
 5083.098816 24895 1300 1300 1300 1300 75 46 0 75 52 0 75 42 0 75 44 0 15006 1210000 18150 814876 1060000 862840
 5083.298799 24896 1300 1300 1300 1300 75 46 0 75 52 0 75 42 0 75 44 0 15006 1210000 18150 814876 1060000 862840
 5083.498817 24897 1300 1300 1300 1300 75 46 0 75 52 0 75 42 0 75 44 0 15006 1208750 18120 801998 1060000 849060
 5083.698816 24898 1300 1300 1300 1300 75 46 0 75 52 0 75 42 0 75 44 0 15006 1210000 18150 798984 1060000 845880
 5083.898817 24899 1300 1300 1300 1300 75 46 0 75 52 0 75 42 0 75 44 0 14518 1210000 16940 800902 1060000 848000
 5084.098862 24900 1300 1300 1300 1300 75 46 0 75 52 0 75 42 0 75 44 0 14518 1210000 16940 800902 1060000 848000
 5084.298798 24901 1300 1300 1300 1300 75 46 0 75 52 0 75 42 0 75 44 0 15006 1210000 18150 799532 1060000 846940
 5084.498816 24902 1300 1300 1300 1300 75 46 0 75 52 0 75 42 0 75 44 0 14762 1210000 16940 802820 1060000 850120
 5084.698816 24903 1300 1300 1300 1300 75 46 0 75 52 0 75 42 0 75 44 0 15006 1210000 18150 803916 1060000 851180
 5084.898817 24904 1300 1300 1300 1300 75 46 0 75 52 0 75 42 0 75 44 0 15006 1210000 18150 803916 1060000 851180
 5085.098813 24905 1300 1300 1300 1300 75 46 0 75 52 0 75 42 0 75 44 0 15006 1210000 18150 803368 1060000 851180
 5085.298799 24906 1300 1300 1300 1300 75 46 0 75 52 0 75 42 0 75 44 0 14762 1210000 16940 801176 1060000 849060
 5085.498816 24907 1300 1300 1300 1300 75 46 0 75 52 0 75 42 0 75 44 0 15006 1208750 18120 802272 1060000 850120
 5085.698817 24908 1300 1300 1300 1300 75 46 0 75 52 0 75 42 0 75 44 0 15006 1208750 18120 802272 1060000 850120
 5085.898816 24909 1300 1300 1300 1300 75 46 0 75 52 0 75 42 0 75 44 0 14762 1208750 16912 798710 1060000 845880
 5086.098816 24910 1300 1300 1300 1300 75 46 0 75 52 0 75 42 0 75 44 0 15006 1208750 18120 799258 1060000 846940
 5086.298799 24911 1300 1300 1300 1300 75 46 0 75 52 0 75 42 0 75 44 0 15006 1210000 18150 800080 1060000 848000
 5086.498817 24912 1300 1300 1300 1300 75 46 0 75 52 0 75 42 0 75 44 0 15006 1210000 18150 800080 1060000 848000
 5086.698816 24913 1300 1300 1300 1300 75 46 0 75 52 0 75 42 0 75 44 0 14762 1210000 16940 800080 1060000 848000
 5086.898816 24914 1300 1300 1300 1300 75 46 0 75 52 0 75 42 0 75 44 0 15006 1210000 18150 801450 1060000 849060
 5087.098816 24915 1300 1300 1300 1300 75 46 0 75 52 0 75 42 0 75 44 0 15250 1208750 18120 799258 1060000 846940
 5087.298799 24916 1300 1300 1300 1300 75 46 0 75 52 0 75 42 0 75 44 0 15250 1208750 18120 799258 1060000 846940
 5087.498813 24917 1300 1300 1300 1300 75 46 0 75 52 0 75 42 0 75 44 0 15006 1210000 18150 800354 1060000 848000
 5087.698816 24918 1300 1300 1300 1300 75 46 0 75 52 0 75 42 0 75 44 0 15006 1210000 18150 800354 1060000 848000
 5087.898816 24919 1300 1300 1300 1300 75 46 0 75 52 0 75 42 0 75 44 0 14762 1210000 16940 801998 1060000 849060
 5088.098843 24920 1300 1300 1300 1300 76 46 0 76 52 0 76 42 0 76 44 0 14762 1210000 16940 801998 1060000 849060
 5088.298799 24921 1300 1300 1300 1300 76 46 0 76 52 0 76 42 0 76 44 0 15006 1210000 18150 802820 1060000 850120
 5088.498817 24922 1300 1300 1300 1300 76 46 0 76 52 0 76 42 0 76 44 0 15006 1210000 18150 805286 1060000 853300
 5088.698816 24923 1300 1300 1300 1300 76 46 0 76 52 0 76 42 0 76 44 0 14762 1208750 16912 803916 1060000 851180
 5088.898816 24924 1300 1300 1300 1300 76 46 0 76 52 0 76 42 0 76 44 0 15006 1210000 18150 803916 1060000 851180
 5089.098816 24925 1300 1300 1300 1300 76 46 0 76 52 0 76 42 0 76 44 0 15006 1210000 18150 803916 1060000 851180
 5089.298799 24926 1300 1300 1300 1300 76 46 0 76 52 0 76 42 0 76 44 0 14762 1210000 16940 803916 1060000 851180
 5089.498816 24927 1300 1300 1300 1300 76 46 0 76 52 0 76 42 0 76 44 0 15006 1210000 18150 800354 1060000 848000
 5089.698811 24928 1300 1300 1300 1300 76 46 0 76 52 0 76 42 0 76 44 0 15250 1210000 18150 800080 1060000 848000
 5089.898816 24929 1300 1300 1300 1300 76 46 0 76 52 0 76 42 0 76 44 0 15250 1210000 18150 800080 1060000 848000
 5090.098816 24930 1300 1300 1300 1300 76 46 0 76 52 0 76 42 0 76 44 0 14518 1210000 16940 803094 1060000 851180
 5090.298798 24931 1300 1300 1300 1300 76 46 0 76 52 0 76 42 0 76 44 0 15006 1210000 18150 838440 1060000 888280
 5090.498817 24932 1300 1300 1300 1300 76 46 0 76 52 0 76 42 0 76 44 0 14762 1210000 16940 804738 1060000 852240
 5090.698817 24933 1300 1300 1300 1300 76 46 0 76 52 0 76 42 0 76 44 0 14762 1210000 16940 804738 1060000 852240
 5090.898816 24934 1300 1300 1300 1300 76 46 0 76 52 0 76 42 0 76 44 0 15006 1210000 18150 804464 1060000 852240
 5091.098816 24935 1300 1300 1300 1300 76 46 0 76 52 0 76 42 0 76 44 0 15250 1210000 18150 803094 1060000 851180
 5091.298799 24936 1300 1300 1300 1300 76 46 0 76 52 0 76 42 0 76 44 0 15006 1210000 18150 807752 1060000 855420
 5091.498817 24937 1300 1300 1300 1300 76 46 0 76 52 0 76 42 0 76 44 0 15006 1210000 18150 807752 1060000 855420
 5091.698816 24938 1300 1300 1300 1300 76 46 0 76 52 0 76 42 0 76 44 0 14762 1210000 16940 803094 1060000 851180
 5091.898816 24939 1300 1300 1300 1300 76 46 0 76 52 0 76 42 0 76 44 0 15006 1210000 18150 805560 1060000 853300
 5092.098862 24940 1300 1300 1300 1300 76 46 0 76 52 0 76 42 0 76 44 0 15006 1208750 18120 806382 1060000 854360
 5092.298799 24941 1300 1300 1300 1300 76 46 0 76 52 0 76 42 0 76 44 0 15006 1208750 18120 806382 1060000 854360
 5092.498818 24942 1300 1300 1300 1300 76 46 0 76 52 0 76 42 0 76 44 0 14762 1210000 16940 808848 1060000 856480
 5092.698817 24943 1300 1300 1300 1300 76 46 0 76 52 0 76 42 0 76 44 0 15250 1210000 18150 807478 1060000 855420
 5092.898817 24944 1300 1300 1300 1300 76 46 0 76 52 0 76 42 0 76 44 0 15250 1210000 18150 804738 1060000 852240
 5093.098816 24945 1300 1300 1300 1300 76 46 0 76 52 0 76 42 0 76 44 0 15250 1210000 18150 804738 1060000 852240
 5093.298796 24946 1300 1300 1300 1300 76 46 0 76 52 0 76 42 0 76 44 0 15006 1210000 18150 803368 1060000 851180
 5093.498817 24947 1300 1300 1300 1300 76 46 0 76 52 0 76 42 0 76 44 0 15250 1210000 18150 806108 1060000 854360
 5093.698816 24948 1300 1300 1300 1300 76 46 0 76 52 0 76 42 0 76 44 0 15006 1210000 18150 807752 1060000 855420
 5093.898816 24949 1300 1300 1300 1300 76 46 0 76 52 0 76 42 0 76 44 0 15006 1210000 18150 807752 1060000 855420
 5094.098816 24950 1300 1300 1300 1300 76 46 0 76 52 0 76 42 0 76 44 0 15006 1210000 18150 807204 1060000 855420
 5094.298816 24951 1300 1300 1300 1300 76 46 0 76 52 0 76 42 0 76 44 0 15006 1208750 18120 808026 1060000 856480
 5094.498817 24952 1300 1300 1300 1300 76 46 0 76 52 0 76 42 0 76 44 0 15006 1210000 18150 809670 1060000 857540
 5094.698796 24953 1300 1300 1300 1300 76 46 0 76 52 0 76 42 0 76 44 0 15006 1210000 18150 805286 1060000 853300
 5094.898817 24954 1300 1300 1300 1300 76 46 0 76 52 0 76 42 0 76 44 0 15006 1210000 18150 805286 1060000 853300
 5095.098816 24955 1300 1300 1300 1300 76 46 0 76 52 0 76 42 0 76 44 0 15006 1210000 18150 806108 1060000 854360
 5095.298817 24956 1300 1300 1300 1300 76 46 0 76 52 0 76 42 0 76 44 0 15006 1210000 18150 812958 1060000 860720
 5095.498812 24957 1300 1300 1300 1300 76 46 0 76 52 0 76 42 0 76 44 0 15006 1210000 18150 803642 1060000 851180
 5095.698817 24958 1300 1300 1300 1300 76 46 0 76 52 0 76 42 0 76 44 0 15006 1210000 18150 803642 1060000 851180
 5095.898816 24959 1300 1300 1300 1300 76 46 0 76 52 0 76 42 0 76 44 0 15006 1210000 18150 804190 1060000 852240
 5096.098862 24960 1300 1300 1300 1300 76 46 0 76 52 0 76 42 0 76 44 0 15006 1210000 18150 807204 1060000 855420
 5096.298816 24961 1300 1300 1300 1300 76 46 0 76 52 0 76 42 0 76 44 0 15006 1210000 18150 804738 1060000 852240
 5096.498816 24962 1300 1300 1300 1300 76 46 0 76 52 0 76 42 0 76 44 0 15006 1210000 18150 804738 1060000 852240
 5096.698817 24963 1300 1300 1300 1300 76 46 0 76 52 0 76 42 0 76 44 0 15006 1210000 18150 803916 1060000 851180
 5096.898817 24964 1300 1300 1300 1300 76 46 0 76 52 0 76 42 0 76 44 0 15006 1210000 18150 802820 1060000 850120
 5097.098816 24965 1300 1300 1300 1300 76 46 0 76 52 0 76 42 0 76 44 0 15250 1210000 18150 803642 1060000 851180
 5097.298816 24966 1300 1300 1300 1300 76 46 0 76 52 0 76 42 0 76 44 0 15250 1210000 18150 803642 1060000 851180
 5097.498773 24967 1300 1300 1300 1300 76 46 0 76 52 0 76 42 0 76 44 0 15006 1210000 18150 805834 1060000 853300
 5097.698787 24968 1300 1300 1300 1300 76 46 0 76 52 0 76 42 0 76 44 0 15006 1210000 18150 808026 1060000 856480
 5097.898768 24969 1300 1300 1300 1300 76 46 0 76 52 0 76 42 0 76 44 0 15006 1210000 18150 806108 1060000 854360
 5098.098773 24970 1300 1300 1300 1300 76 46 0 76 52 0 76 42 0 76 44 0 15006 1210000 18150 806108 1060000 854360
 5098.298773 24971 1300 1300 1300 1300 76 46 0 76 52 0 76 42 0 76 44 0 15006 1210000 18150 805834 1060000 853300
 5098.498773 24972 1300 1300 1300 1300 76 46 0 76 52 0 76 42 0 76 44 0 15006 1210000 18150 801450 1060000 849060
 5098.698773 24973 1300 1300 1300 1300 76 46 0 76 52 0 76 42 0 76 44 0 15006 1210000 18150 799806 1060000 846940
 5098.898773 24974 1300 1300 1300 1300 76 46 0 76 52 0 76 42 0 76 44 0 15006 1210000 18150 799806 1060000 846940
 5099.098822 24975 1300 1300 1300 1300 76 46 0 76 52 0 76 42 0 76 44 0 15006 1210000 18150 803916 1060000 851180
 5099.298800 24976 1300 1300 1300 1300 76 46 0 76 52 0 76 42 0 76 44 0 15006 1210000 18150 804738 1060000 852240
 5099.498800 24977 1300 1300 1300 1300 76 46 0 76 52 0 76 42 0 76 44 0 15006 1210000 18150 805560 1060000 853300
 5099.698801 24978 1300 1300 1300 1300 76 46 0 76 52 0 76 42 0 76 44 0 15006 1210000 18150 805560 1060000 853300
 5099.898800 24979 1300 1300 1300 1300 76 46 0 76 52 0 76 42 0 76 44 0 15006 1210000 18150 806108 1060000 854360
 5100.098846 24980 1300 1300 1300 1300 76 46 0 76 52 0 76 42 0 76 44 0 15250 1210000 18150 805834 1060000 853300
 5100.298797 24981 1300 1300 1300 1300 76 46 0 76 52 0 76 42 0 76 44 0 15250 1210000 18150 803094 1060000 851180
 5100.498800 24982 1300 1300 1300 1300 76 46 0 76 52 0 76 42 0 76 44 0 15250 1210000 18150 803094 1060000 851180
 5100.698800 24983 1300 1300 1300 1300 76 46 0 76 52 0 76 42 0 76 44 0 15250 1210000 18150 806382 1060000 854360
 5100.898800 24984 1300 1300 1300 1300 76 46 0 76 52 0 76 42 0 76 44 0 15250 1210000 18150 804190 1060000 852240
 5101.098800 24985 1300 1300 1300 1300 76 46 0 76 52 0 76 42 0 76 44 0 15250 1210000 18150 808026 1060000 856480
 5101.298827 24986 1300 1300 1300 1300 76 46 0 76 52 0 76 42 0 76 44 0 15250 1208750 18120 808848 1060000 856480
 5101.498800 24987 1300 1300 1300 1300 76 46 0 76 52 0 76 42 0 76 44 0 15250 1208750 18120 808848 1060000 856480
 5101.698799 24988 1300 1300 1300 1300 76 46 0 76 52 0 76 42 0 76 44 0 15006 1210000 18150 805834 1060000 853300
 5101.898799 24989 1300 1300 1300 1300 76 46 0 76 52 0 76 42 0 76 44 0 15006 1210000 18150 806930 1060000 854360
 5102.098811 24990 1300 1300 1300 1300 76 46 0 76 52 0 76 42 0 76 44 0 15250 1210000 18150 803642 1060000 851180
 5102.298799 24991 1300 1300 1300 1300 76 46 0 76 52 0 76 42 0 76 44 0 15250 1210000 18150 803642 1060000 851180
 5102.498800 24992 1300 1300 1300 1300 76 46 0 76 52 0 76 42 0 76 44 0 15250 1210000 18150 803642 1060000 851180
 5102.698799 24993 1300 1300 1300 1300 76 46 0 76 52 0 76 42 0 76 44 0 15006 1210000 18150 804190 1060000 852240
 5102.898799 24994 1300 1300 1300 1300 76 46 0 76 52 0 76 42 0 76 44 0 15006 1210000 18150 803368 1060000 851180
 5103.098799 24995 1300 1300 1300 1300 76 46 0 76 52 0 76 42 0 76 44 0 15006 1210000 18150 803368 1060000 851180
 5103.298799 24996 1300 1300 1300 1300 76 46 0 76 52 0 76 42 0 76 44 0 15006 1210000 18150 806656 1060000 854360
 5103.498801 24997 1300 1300 1300 1300 76 46 0 76 52 0 76 42 0 76 44 0 14762 1210000 16940 806382 1060000 854360
 5103.698797 24998 1300 1300 1300 1300 76 46 0 76 52 0 76 42 0 76 44 0 15006 1210000 18150 807204 1060000 855420
 5103.898800 24999 1300 1300 1300 1300 76 46 0 76 52 0 76 42 0 76 44 0 15006 1210000 18150 807204 1060000 855420
 5104.098842 25000 1300 1300 1300 1300 76 46 0 76 52 0 76 42 0 76 44 0 15250 1210000 18150 805834 1060000 853300
 5104.298800 25001 1300 1300 1300 1300 76 46 0 76 52 0 76 42 0 76 44 0 15006 1210000 18150 804464 1060000 852240
 5104.498801 25002 1300 1300 1300 1300 76 46 0 76 52 0 76 42 0 76 44 0 15250 1210000 18150 805560 1060000 853300
 5104.698800 25003 1300 1300 1300 1300 76 46 0 76 52 0 76 42 0 76 44 0 15250 1210000 18150 805560 1060000 853300
 5104.898799 25004 1300 1300 1300 1300 76 46 0 76 52 0 76 42 0 76 44 0 15006 1210000 18150 803094 1060000 851180
 5105.098800 25005 1300 1300 1300 1300 76 46 0 76 52 0 76 42 0 76 44 0 15006 1210000 18150 807752 1060000 855420
 5105.298799 25006 1300 1300 1300 1300 76 46 0 76 52 0 76 42 0 76 44 0 15250 1210000 18150 807478 1060000 855420
 5105.498800 25007 1300 1300 1300 1300 76 46 0 76 52 0 76 42 0 76 44 0 15250 1210000 18150 807478 1060000 855420
 5105.698800 25008 1300 1300 1300 1300 76 46 0 76 52 0 76 42 0 76 44 0 15250 1210000 18150 808300 1060000 856480
 5105.898800 25009 1300 1300 1300 1300 76 46 0 76 52 0 76 42 0 76 44 0 15006 1210000 18150 805012 1060000 853300
 5106.098795 25010 1300 1300 1300 1300 76 46 0 76 52 0 76 42 0 76 44 0 15250 1210000 18150 805834 1060000 853300
 5106.298799 25011 1300 1300 1300 1300 76 46 0 76 52 0 76 42 0 76 44 0 15250 1210000 18150 805834 1060000 853300
 5106.498800 25012 1300 1300 1300 1300 76 46 0 76 52 0 76 42 0 76 44 0 15250 1210000 18150 806930 1060000 854360
 5106.698799 25013 1300 1300 1300 1300 76 46 0 76 52 0 76 42 0 76 44 0 15250 1210000 18150 805560 1060000 853300
 5106.898799 25014 1300 1300 1300 1300 76 46 0 76 52 0 76 42 0 76 44 0 15250 1210000 18150 806930 1060000 854360
 5107.098800 25015 1300 1300 1300 1300 76 46 0 76 52 0 76 42 0 76 44 0 15250 1210000 18150 806930 1060000 854360
 5107.298800 25016 1300 1300 1300 1300 76 46 0 76 52 0 76 42 0 76 44 0 15250 1210000 18150 807204 1060000 855420
 5107.498800 25017 1300 1300 1300 1300 76 46 0 76 52 0 76 42 0 76 44 0 15006 1210000 18150 806108 1060000 854360
 5107.698800 25018 1300 1300 1300 1300 76 46 0 76 52 0 76 42 0 76 44 0 15006 1210000 18150 806382 1060000 854360
 5107.898817 25019 1300 1300 1300 1300 76 46 0 76 52 0 76 42 0 76 44 0 15250 1208750 18120 802546 1060000 850120
 5108.098864 25020 1300 1300 1300 1300 76 46 0 76 52 0 76 42 0 76 44 0 15250 1208750 18120 802546 1060000 850120
 5108.298817 25021 1300 1300 1300 1300 76 46 0 76 52 0 76 42 0 76 44 0 15250 1210000 18150 802820 1060000 850120
 5108.498827 25022 1300 1300 1300 1300 76 46 0 76 52 0 76 42 0 76 44 0 15006 1210000 18150 804190 1060000 852240
 5108.698842 25023 1300 1300 1300 1300 76 46 0 76 52 0 76 42 0 76 44 0 15006 1210000 18150 803368 1060000 851180
 5108.898817 25024 1300 1300 1300 1300 76 46 0 76 52 0 76 42 0 76 44 0 15006 1210000 18150 803368 1060000 851180
 5109.098817 25025 1300 1300 1300 1300 76 46 0 76 52 0 76 42 0 76 44 0 15250 1208750 18120 805560 1060000 853300
 5109.298817 25026 1300 1300 1300 1300 76 46 0 76 52 0 76 42 0 76 44 0 15250 1210000 18150 806108 1060000 854360
 5109.498820 25027 1300 1300 1300 1300 76 46 0 76 52 0 76 42 0 76 44 0 15250 1210000 18150 806108 1060000 854360
 5109.698817 25028 1300 1300 1300 1300 76 46 0 76 52 0 76 42 0 76 44 0 15250 1210000 18150 806108 1060000 854360
 5109.898817 25029 1300 1300 1300 1300 76 46 0 76 52 0 76 42 0 76 44 0 15250 1210000 18150 803642 1060000 851180
 5110.098816 25030 1300 1300 1300 1300 76 46 0 76 52 0 76 42 0 76 44 0 15006 1210000 18150 807204 1060000 855420
 5110.298817 25031 1300 1300 1300 1300 76 46 0 76 52 0 76 42 0 76 44 0 15006 1210000 18150 806930 1060000 854360
 5110.498817 25032 1300 1300 1300 1300 76 46 0 76 52 0 76 42 0 76 44 0 15006 1210000 18150 806930 1060000 854360
 5110.698817 25033 1300 1300 1300 1300 76 46 0 76 52 0 76 42 0 76 44 0 15250 1210000 18150 808848 1060000 856480
 5110.898817 25034 1300 1300 1300 1300 76 46 0 76 52 0 76 42 0 76 44 0 15006 1210000 18150 807204 1060000 855420
 5111.098817 25035 1300 1300 1300 1300 76 46 0 76 52 0 76 42 0 76 44 0 15250 1210000 18150 805834 1060000 853300
 5111.298817 25036 1300 1300 1300 1300 76 46 0 76 52 0 76 42 0 76 44 0 15250 1210000 18150 805834 1060000 853300
 5111.498818 25037 1300 1300 1300 1300 76 46 0 76 52 0 76 42 0 76 44 0 15006 1210000 18150 806656 1060000 854360
 5111.698817 25038 1300 1300 1300 1300 76 46 0 76 52 0 76 42 0 76 44 0 15250 1210000 18150 805834 1060000 853300
 5111.898813 25039 1300 1300 1300 1300 76 46 0 76 52 0 76 42 0 76 44 0 15006 1208750 18120 806656 1060000 854360
 5112.098864 25040 1300 1300 1300 1300 76 46 0 76 52 0 76 42 0 76 44 0 15006 1208750 18120 806656 1060000 854360
 5112.298816 25041 1300 1300 1300 1300 76 46 0 76 52 0 76 42 0 76 44 0 15006 1210000 18150 805834 1060000 853300
 5112.498817 25042 1300 1300 1300 1300 76 46 0 76 52 0 76 42 0 76 44 0 15006 1210000 18150 807752 1060000 855420
 5112.698816 25043 1300 1300 1300 1300 76 46 0 76 52 0 76 42 0 76 44 0 15006 1210000 18150 806382 1060000 854360
 5112.898817 25044 1300 1300 1300 1300 76 46 0 76 52 0 76 42 0 76 44 0 15006 1210000 18150 806382 1060000 854360
 5113.098817 25045 1300 1300 1300 1300 76 46 0 76 52 0 76 42 0 76 44 0 15250 1208750 18120 808848 1060000 856480
 5113.298817 25046 1300 1300 1300 1300 76 46 0 76 52 0 76 42 0 76 44 0 15006 1210000 18150 805834 1060000 853300
 5113.498817 25047 1300 1300 1300 1300 76 46 0 76 52 0 76 42 0 76 44 0 14762 1210000 16940 801724 1060000 849060
 5113.698796 25048 1300 1300 1300 1300 76 46 0 76 52 0 76 42 0 76 44 0 15250 1210000 18150 804190 1060000 852240
 5113.898817 25049 1300 1300 1300 1300 76 46 0 76 52 0 76 42 0 76 44 0 15250 1210000 18150 804190 1060000 852240
 5114.098817 25050 1300 1300 1300 1300 76 46 0 76 52 0 76 42 0 76 44 0 15250 1210000 18150 804464 1060000 852240
 5114.298813 25051 1300 1300 1300 1300 76 46 0 76 52 0 76 42 0 76 44 0 15006 1210000 18150 805286 1060000 853300
 5114.498817 25052 1300 1300 1300 1300 76 46 0 76 52 0 76 42 0 76 44 0 15006 1210000 18150 807752 1060000 855420
 5114.698817 25053 1300 1300 1300 1300 76 46 0 76 52 0 76 42 0 76 44 0 15006 1210000 18150 807752 1060000 855420
 5114.898817 25054 1300 1300 1300 1300 76 46 0 76 52 0 76 42 0 76 44 0 15006 1210000 18150 806108 1060000 854360
 5115.098817 25055 1300 1300 1300 1300 76 46 0 76 52 0 76 42 0 76 44 0 15006 1210000 18150 817616 1060000 866020
 5115.298816 25056 1300 1300 1300 1300 76 46 0 76 52 0 76 42 0 76 44 0 15006 1210000 18150 804190 1060000 852240
 5115.498817 25057 1300 1300 1300 1300 76 46 0 76 52 0 76 42 0 76 44 0 15006 1210000 18150 804190 1060000 852240
 5115.698817 25058 1300 1300 1300 1300 76 46 0 76 52 0 76 42 0 76 44 0 15250 1210000 18150 802820 1060000 850120
 5115.898816 25059 1300 1300 1300 1300 76 46 0 76 52 0 76 42 0 76 44 0 15250 1210000 18150 804190 1060000 852240
 5116.098872 25060 1300 1300 1300 1300 76 46 0 76 52 0 76 42 0 76 44 0 15250 1210000 18150 806108 1060000 854360
 5116.298818 25061 1300 1300 1300 1300 76 46 0 76 52 0 76 42 0 76 44 0 15250 1210000 18150 806108 1060000 854360
 5116.498818 25062 1300 1300 1300 1300 76 46 0 76 52 0 76 42 0 76 44 0 15006 1210000 18150 809396 1060000 857540
 5116.698812 25063 1300 1300 1300 1300 76 46 0 76 52 0 76 42 0 76 44 0 15006 1210000 18150 806108 1060000 854360
 5116.898817 25064 1300 1300 1300 1300 76 46 0 76 52 0 76 42 0 76 44 0 15494 1210000 18150 810492 1060000 858600
 5117.098817 25065 1300 1300 1300 1300 76 46 0 76 52 0 76 42 0 76 44 0 15494 1210000 18150 810492 1060000 858600
 5117.298816 25066 1300 1300 1300 1300 76 46 0 76 52 0 76 42 0 76 44 0 15006 1210000 18150 805560 1060000 853300
 5117.498817 25067 1300 1300 1300 1300 76 46 0 76 52 0 76 42 0 76 44 0 15250 1210000 18150 803094 1060000 851180
 5117.698817 25068 1300 1300 1300 1300 76 46 0 76 52 0 76 42 0 76 44 0 15006 1210000 18150 802820 1060000 850120
 5117.898816 25069 1300 1300 1300 1300 76 46 0 76 52 0 76 42 0 76 44 0 15006 1210000 18150 802820 1060000 850120
 5118.098817 25070 1300 1300 1300 1300 76 46 0 76 52 0 76 42 0 76 44 0 15494 1210000 18150 803368 1060000 851180
 5118.298816 25071 1300 1300 1300 1300 76 46 0 76 52 0 76 42 0 76 44 0 15006 1210000 18150 805560 1060000 853300
 5118.498817 25072 1300 1300 1300 1300 76 46 0 76 52 0 76 42 0 76 44 0 15006 1210000 18150 806382 1060000 854360
 5118.698816 25073 1300 1300 1300 1300 76 46 0 76 52 0 76 42 0 76 44 0 15006 1210000 18150 806382 1060000 854360
 5118.898815 25074 1300 1300 1300 1300 76 46 0 76 52 0 76 42 0 76 44 0 15250 1210000 18150 806382 1060000 854360
 5119.098813 25075 1300 1300 1300 1300 76 46 0 76 52 0 76 42 0 76 44 0 15250 1210000 18150 807204 1060000 855420
 5119.298816 25076 1300 1300 1300 1300 76 46 0 76 52 0 76 42 0 76 44 0 15250 1210000 18150 803368 1060000 851180
 5119.498847 25077 1300 1300 1300 1300 76 46 0 76 52 0 76 42 0 76 44 0 15250 1210000 18150 803368 1060000 851180
 5119.698810 25078 1300 1300 1300 1300 76 46 0 76 52 0 76 42 0 76 44 0 15006 1210000 18150 803368 1060000 851180
 5119.898810 25079 1300 1300 1300 1300 76 46 0 76 52 0 76 42 0 76 44 0 15250 1210000 18150 623350 1060000 660380
 5120.098851 25080 1300 1300 1300 1300 76 46 0 76 52 0 76 42 0 76 44 0 15250 1210000 18150 70966 1057500 73990
 5120.298809 25081 1300 1300 1300 1300 76 46 0 76 52 0 76 42 0 76 44 0 15250 1210000 18150 69596 1057500 72933
 5120.498812 25082 1300 1300 1300 1300 76 46 0 76 52 0 76 42 0 76 44 0 15250 1210000 18150 69596 1057500 72933
 5120.698810 25083 1300 1300 1300 1300 76 46 0 76 52 0 76 42 0 76 44 0 15250 1210000 18150 70144 1057500 73990
 5120.898810 25084 1300 1300 1300 1300 76 46 0 76 52 0 76 42 0 76 44 0 15250 1210000 18150 69596 1057500 72933
 5121.098810 25085 1300 1300 1300 1300 75 46 0 75 52 0 75 42 0 75 44 0 15006 1210000 18150 62198 1057500 65534
 5121.298810 25086 1300 1300 1300 1300 75 46 0 75 52 0 75 42 0 75 44 0 15006 1210000 18150 62198 1057500 65534
 5121.498809 25087 1300 1300 1300 1300 75 46 0 75 52 0 75 42 0 75 44 0 15006 1210000 18150 61376 1057500 64477
 5121.698810 25088 1300 1300 1300 1300 75 46 0 75 52 0 75 42 0 75 44 0 15006 1210000 18150 62198 1057500 65534
