24108.409917 118396 500 500 500 500 73 46 0 73 52 0 73 42 0 73 44 0 16226 1085000 17360 7124 958750 6706
24108.609899 118397 500 500 500 500 73 46 0 73 52 0 73 42 0 73 44 0 16226 1085000 17360 7124 958750 6706
24108.809914 118398 500 500 500 500 73 46 0 73 52 0 73 42 0 73 44 0 15982 1085000 16275 7398 958750 6706
24109.009928 118399 500 500 500 500 73 46 0 73 52 0 73 42 0 73 44 0 15494 1085000 16275 7124 958750 6706
24109.209914 118400 500 500 500 500 73 46 0 73 52 0 73 42 0 73 44 0 15982 1085000 16275 7398 958750 6706
24109.409894 118401 500 500 500 500 73 46 0 73 52 0 73 42 0 73 44 0 15738 1086250 16290 7398 958750 6706
24109.609915 118402 500 500 500 500 73 46 0 73 52 0 73 42 0 73 44 0 15738 1086250 16290 7398 958750 6706
24109.809907 118403 500 500 500 500 73 46 0 73 52 0 73 42 0 73 44 0 16226 1086250 17376 7124 958750 6706
24110.009927 118404 500 500 500 500 73 46 0 73 52 0 73 42 0 73 44 0 16226 1085000 17360 7124 958750 6706
24110.209913 118405 500 500 500 500 73 46 0 73 52 0 73 42 0 73 44 0 15982 1086250 16290 7398 958750 6706
24110.409892 118406 500 500 500 500 73 46 0 73 52 0 73 42 0 73 44 0 15982 1086250 16290 7398 958750 6706
24110.609913 118407 500 500 500 500 73 46 0 73 52 0 73 42 0 73 44 0 15982 1086250 16290 7398 958750 6706
24110.809913 118408 500 500 500 500 73 46 0 73 52 0 73 42 0 73 44 0 16470 1086250 17376 7398 958750 6706
24111.009921 118409 500 500 500 500 73 46 0 73 52 0 73 42 0 73 44 0 43981 1086250 46698 7398 958750 6706
24111.209916 118410 500 500 500 500 73 46 0 73 52 0 73 42 0 73 44 0 43981 1086250 46698 7398 958750 6706
24111.409916 118411 500 500 500 500 73 46 0 73 52 0 73 42 0 73 44 0 17019 1086250 18462 7398 958750 6706
24111.609916 118412 500 500 500 500 73 46 0 73 52 0 73 42 0 73 44 0 17019 1086250 18462 7124 958750 6706
24111.809961 118413 500 500 500 500 73 46 0 73 52 0 73 42 0 73 44 0 16470 1086250 17376 7124 958750 6706
24112.009962 118414 500 500 500 500 73 46 0 73 52 0 73 42 0 73 44 0 16470 1086250 17376 7124 958750 6706
24112.210011 118415 500 500 500 500 73 46 0 73 52 0 73 42 0 73 44 0 93269 1083750 100719 7124 958750 6706
24112.409977 118416 500 500 500 500 73 46 0 73 52 0 73 42 0 73 44 0 119011 1083750 128877 7398 958750 6706
24112.609973 118417 500 500 500 500 73 46 0 73 52 0 73 42 0 73 44 0 118218 1083750 127794 7398 958750 6706
24112.809957 118418 500 500 500 500 73 46 0 73 52 0 73 42 0 73 44 0 118218 1083750 127794 7398 958750 6706
24113.014988 118419 500 500 500 500 74 46 0 74 52 0 74 42 0 74 44 0 114253 1083750 123462 7398 958750 6706
24113.214844 118420 500 500 500 500 74 46 0 74 52 0 74 42 0 74 44 0 109495 1083750 118047 7398 958750 6706
24113.414834 118421 500 500 500 500 74 46 0 74 52 0 74 42 0 74 44 0 103761 1083750 111549 7398 958750 6706
24113.614835 118422 500 500 500 500 74 46 0 74 52 0 74 42 0 74 44 0 103761 1083750 111549 7398 958750 6706
24113.814833 118423 500 500 500 500 74 46 0 74 52 0 74 42 0 74 44 0 99979 1083750 107217 7398 958750 6706
24114.014833 118424 500 500 500 500 74 46 0 74 52 0 74 42 0 74 44 0 99491 1083750 107217 7398 958750 6706
24114.214833 118425 500 500 500 500 74 46 0 74 52 0 74 42 0 74 44 0 100223 1083750 108300 7398 958750 6706
24114.414834 118426 500 500 500 500 74 46 0 74 52 0 74 42 0 74 44 0 100223 1083750 108300 7398 958750 6706
24114.614834 118427 500 500 500 500 74 46 0 74 52 0 74 42 0 74 44 0 99735 1083750 107217 7398 958750 6706
24114.814832 118428 500 500 500 500 74 46 0 74 52 0 74 42 0 74 44 0 100223 1083750 108300 7398 958750 6706
24115.014833 118429 500 500 500 500 74 46 0 74 52 0 74 42 0 74 44 0 99491 1083750 107217 7398 958750 6706
24115.214834 118430 500 500 500 500 74 46 0 74 52 0 74 42 0 74 44 0 99247 1083750 107217 7398 958750 6706
24115.414834 118431 500 500 500 500 74 46 0 74 52 0 74 42 0 74 44 0 99247 1083750 107217 7398 958750 6706
24115.614833 118432 500 500 500 500 74 46 0 74 52 0 74 42 0 74 44 0 99247 1083750 107217 7398 958750 6706
24115.814893 118433 500 500 500 500 74 46 0 74 52 0 74 42 0 74 44 0 99979 1083750 107217 7398 958750 6706
24116.014936 118434 500 500 500 500 74 46 0 74 52 0 74 42 0 74 44 0 99735 1083750 107217 7398 958750 6706
24116.214834 118435 500 500 500 500 74 46 0 74 52 0 74 42 0 74 44 0 99735 1083750 107217 7398 958750 6706
24116.414894 118436 500 500 500 500 74 46 0 74 52 0 74 42 0 74 44 0 99491 1083750 107217 7398 958750 6706
24116.614917 118437 500 500 500 500 74 46 0 74 52 0 74 42 0 74 44 0 99979 1083750 107217 7398 958750 6706
24116.814914 118438 500 500 500 500 74 46 0 74 52 0 74 42 0 74 44 0 100223 1083750 108300 7398 958750 6706
24117.014930 118439 500 500 500 500 74 46 0 74 52 0 74 42 0 74 44 0 100223 1083750 108300 7398 958750 6706
24117.214913 118440 500 500 500 500 74 46 0 74 52 0 74 42 0 74 44 0 99979 1083750 107217 7398 958750 6706
24117.414913 118441 500 500 500 500 74 46 0 74 52 0 74 42 0 74 44 0 100467 1083750 108300 7398 958750 6706
24117.614914 118442 500 500 500 500 74 46 0 74 52 0 74 42 0 74 44 0 99979 1083750 107217 7398 958750 6706
24117.814913 118443 500 500 500 500 74 46 0 74 52 0 74 42 0 74 44 0 99979 1083750 107217 7398 958750 6706
24118.014926 118444 500 500 500 500 74 46 0 74 52 0 74 42 0 74 44 0 99979 1083750 107217 7398 958750 6706
24118.214913 118445 500 500 500 500 74 46 0 74 52 0 74 42 0 74 44 0 99491 1083750 107217 7398 958750 6706
24118.414914 118446 500 500 500 500 74 46 0 74 52 0 74 42 0 74 44 0 100223 1083750 108300 7398 958750 6706
24118.614914 118447 500 500 500 500 74 46 0 74 52 0 74 42 0 74 44 0 100223 1083750 108300 7398 958750 6706
24118.814913 118448 500 500 500 500 74 46 0 74 52 0 74 42 0 74 44 0 99979 1083750 107217 7398 958750 6706
24119.014921 118449 500 500 500 500 74 46 0 74 52 0 74 42 0 74 44 0 99979 1083750 107217 7398 958750 6706
24119.214913 118450 500 500 500 500 74 46 0 74 52 0 74 42 0 74 44 0 99979 1083750 107217 7398 958750 6706
24119.414913 118451 500 500 500 500 74 46 0 74 52 0 74 42 0 74 44 0 99979 1083750 107217 7398 958750 6706
24119.614915 118452 500 500 500 500 74 46 0 74 52 0 74 42 0 74 44 0 101504 1083750 109383 7398 958750 6706
24119.814913 118453 500 500 500 500 74 46 0 74 52 0 74 42 0 74 44 0 100223 1083750 108300 7398 958750 6706
24120.014907 118454 500 500 500 500 74 46 0 74 52 0 74 42 0 74 44 0 100772 1083750 108300 7398 958750 6706
24120.214913 118455 500 500 500 500 74 46 0 74 52 0 74 42 0 74 44 0 100772 1083750 108300 7398 958750 6706
24120.414932 118456 500 500 500 500 74 46 0 74 52 0 74 42 0 74 44 0 100467 1083750 108300 7398 958750 6706
24120.614914 118457 500 500 500 500 74 46 0 74 52 0 74 42 0 74 44 0 100223 1083750 108300 7398 958750 6706
24120.814914 118458 500 500 500 500 74 46 0 74 52 0 74 42 0 74 44 0 104005 1083750 112632 7398 958750 6706
24121.015531 118459 500 500 500 500 74 46 0 74 52 0 74 42 0 74 44 0 100467 1083750 108300 7398 958750 6706
24121.214913 118460 500 500 500 500 74 46 0 74 52 0 74 42 0 74 44 0 100467 1083750 108300 7398 958750 6706
24121.414913 118461 500 500 500 500 74 46 0 74 52 0 74 42 0 74 44 0 100223 1083750 108300 7398 958750 6706
24121.614913 118462 500 500 500 500 74 46 0 74 52 0 74 42 0 74 44 0 99979 1083750 107217 7398 958750 6706
24121.814913 118463 500 500 500 500 74 46 0 74 52 0 74 42 0 74 44 0 100223 1083750 108300 7398 958750 6706
24122.014926 118464 500 500 500 500 74 46 0 74 52 0 74 42 0 74 44 0 100223 1083750 108300 7398 958750 6706
24122.214913 118465 500 500 500 500 74 46 0 74 52 0 74 42 0 74 44 0 100223 1083750 108300 7398 958750 6706
24122.414913 118466 500 500 500 500 74 46 0 74 52 0 74 42 0 74 44 0 100467 1083750 108300 7398 958750 6706
24122.614914 118467 500 500 500 500 74 46 0 74 52 0 74 42 0 74 44 0 100223 1083750 108300 7398 958750 6706
24122.814913 118468 500 500 500 500 74 46 0 74 52 0 74 42 0 74 44 0 100223 1083750 108300 7398 958750 6706
24123.014927 118469 500 500 500 500 74 46 0 74 52 0 74 42 0 74 44 0 99735 1083750 107217 7124 958750 6706
24123.214915 118470 500 500 500 500 74 46 0 74 52 0 74 42 0 74 44 0 100223 1083750 108300 7398 958750 6706
24123.414906 118471 500 500 500 500 74 46 0 74 52 0 74 42 0 74 44 0 100223 1083750 108300 7398 958750 6706
24123.614913 118472 500 500 500 500 74 46 0 74 52 0 74 42 0 74 44 0 100223 1083750 108300 7398 958750 6706
24123.814915 118473 500 500 500 500 74 46 0 74 52 0 74 42 0 74 44 0 101016 1083750 109383 7398 958750 6706
24124.014926 118474 500 500 500 500 74 46 0 74 52 0 74 42 0 74 44 0 100467 1083750 108300 7398 958750 6706
24124.214913 118475 500 500 500 500 74 46 0 74 52 0 74 42 0 74 44 0 100223 1083750 108300 7398 958750 6706
24124.414913 118476 500 500 500 500 74 46 0 74 52 0 74 42 0 74 44 0 100223 1083750 108300 7398 958750 6706
24124.614907 118477 500 500 500 500 74 46 0 74 52 0 74 42 0 74 44 0 100467 1083750 108300 7398 958750 6706
24124.814913 118478 500 500 500 500 74 46 0 74 52 0 74 42 0 74 44 0 100223 1083750 108300 7398 958750 6706
24125.014927 118479 500 500 500 500 74 46 0 74 52 0 74 42 0 74 44 0 100467 1083750 108300 7398 958750 6706
24125.214913 118480 500 500 500 500 74 46 0 74 52 0 74 42 0 74 44 0 100467 1083750 108300 7398 958750 6706
24125.414917 118481 500 500 500 500 74 46 0 74 52 0 74 42 0 74 44 0 99979 1083750 107217 7398 958750 6706
24125.614908 118482 500 500 500 500 74 46 0 74 52 0 74 42 0 74 44 0 100223 1083750 108300 7398 958750 6706
24125.814913 118483 500 500 500 500 74 46 0 74 52 0 74 42 0 74 44 0 100772 1083750 108300 7398 958750 6706
24126.014958 118484 500 500 500 500 74 46 0 74 52 0 74 42 0 74 44 0 100772 1083750 108300 7398 958750 6706
24126.214913 118485 500 500 500 500 74 46 0 74 52 0 74 42 0 74 44 0 99735 1083750 107217 7398 958750 6706
24126.414913 118486 500 500 500 500 74 46 0 74 52 0 74 42 0 74 44 0 100223 1083750 108300 7398 958750 6706
24126.614914 118487 500 500 500 500 74 46 0 74 52 0 74 42 0 74 44 0 99735 1083750 107217 7398 958750 6706
24126.814913 118488 500 500 500 500 74 46 0 74 52 0 74 42 0 74 44 0 99735 1083750 107217 7398 958750 6706
24127.014927 118489 500 500 500 500 74 46 0 74 52 0 74 42 0 74 44 0 100223 1083750 108300 7398 958750 6706
24127.214913 118490 500 500 500 500 74 46 0 74 52 0 74 42 0 74 44 0 100223 1083750 108300 7398 958750 6706
24127.414913 118491 500 500 500 500 74 46 0 74 52 0 74 42 0 74 44 0 100772 1083750 108300 7398 958750 6706
24127.614892 118492 500 500 500 500 74 46 0 74 52 0 74 42 0 74 44 0 99979 1083750 107217 7398 958750 6706
24127.814913 118493 500 500 500 500 74 46 0 74 52 0 74 42 0 74 44 0 99979 1083750 107217 7398 958750 6706
24128.014920 118494 500 500 500 500 74 46 0 74 52 0 74 42 0 74 44 0 99735 1083750 107217 7398 958750 6706
24128.214913 118495 500 500 500 500 74 46 0 74 52 0 74 42 0 74 44 0 99735 1083750 107217 7398 958750 6706
24128.414914 118496 500 500 500 500 74 46 0 74 52 0 74 42 0 74 44 0 99979 1083750 107217 7398 958750 6706
24128.614914 118497 500 500 500 500 74 46 0 74 52 0 74 42 0 74 44 0 99979 1083750 107217 7398 958750 6706
24128.814913 118498 500 500 500 500 74 46 0 74 52 0 74 42 0 74 44 0 99979 1083750 107217 7398 958750 6706
24129.014921 118499 500 500 500 500 74 46 0 74 52 0 74 42 0 74 44 0 100223 1083750 108300 7398 958750 6706
24129.214914 118500 500 500 500 500 74 46 0 74 52 0 74 42 0 74 44 0 99979 1083750 107217 7398 958750 6706
24129.414913 118501 500 500 500 500 74 46 0 74 52 0 74 42 0 74 44 0 99979 1083750 107217 7398 958750 6706
24129.614914 118502 500 500 500 500 74 46 0 74 52 0 74 42 0 74 44 0 100223 1083750 108300 7398 958750 6706
24129.814913 118503 500 500 500 500 74 46 0 74 52 0 74 42 0 74 44 0 99979 1083750 107217 7398 958750 6706
24130.014927 118504 500 500 500 500 74 46 0 74 52 0 74 42 0 74 44 0 99979 1083750 107217 7398 958750 6706
24130.214913 118505 500 500 500 500 74 46 0 74 52 0 74 42 0 74 44 0 99979 1083750 107217 7398 958750 6706
24130.414935 118506 500 500 500 500 74 46 0 74 52 0 74 42 0 74 44 0 99491 1083750 107217 7398 958750 6706
24130.614914 118507 500 500 500 500 73 46 0 73 52 0 73 42 0 73 44 0 99735 1083750 107217 7398 958750 6706
24130.814913 118508 500 500 500 500 73 46 0 73 52 0 73 42 0 73 44 0 100467 1083750 108300 7398 958750 6706
24131.014956 118509 500 500 500 500 74 46 0 74 52 0 74 42 0 74 44 0 100467 1083750 108300 7398 958750 6706
24131.214913 118510 500 500 500 500 74 46 0 74 52 0 74 42 0 74 44 0 100223 1083750 108300 7398 958750 6706
24131.414913 118511 500 500 500 500 74 46 0 74 52 0 74 42 0 74 44 0 100772 1083750 108300 7398 958750 6706
24131.614913 118512 500 500 500 500 74 46 0 74 52 0 74 42 0 74 44 0 99491 1083750 107217 7398 958750 6706
24131.814913 118513 500 500 500 500 74 46 0 74 52 0 74 42 0 74 44 0 99491 1083750 107217 7398 958750 6706
24132.014926 118514 500 500 500 500 73 46 0 73 52 0 73 42 0 73 44 0 100223 1083750 108300 7398 958750 6706
24132.214913 118515 500 500 500 500 73 46 0 73 52 0 73 42 0 73 44 0 100772 1083750 108300 7398 958750 6706
24132.414906 118516 500 500 500 500 73 46 0 73 52 0 73 42 0 73 44 0 100223 1083750 108300 7398 958750 6706
24132.614914 118517 500 500 500 500 73 46 0 73 52 0 73 42 0 73 44 0 100223 1083750 108300 7398 958750 6706
24132.814913 118518 500 500 500 500 74 46 0 74 52 0 74 42 0 74 44 0 100223 1083750 108300 7398 958750 6706
24133.014926 118519 500 500 500 500 73 46 0 73 52 0 73 42 0 73 44 0 100223 1083750 108300 7398 958750 6706
24133.214914 118520 500 500 500 500 73 46 0 73 52 0 73 42 0 73 44 0 100223 1083750 108300 7398 958750 6706
24133.415437 118521 500 500 500 500 73 46 0 73 52 0 73 42 0 73 44 0 99735 1083750 107217 7398 958750 6706
24133.614913 118522 500 500 500 500 73 46 0 73 52 0 73 42 0 73 44 0 99735 1083750 107217 7398 958750 6706
24133.814913 118523 500 500 500 500 73 46 0 73 52 0 73 42 0 73 44 0 99735 1083750 107217 7398 958750 6706
24134.014926 118524 500 500 500 500 73 46 0 73 52 0 73 42 0 73 44 0 99735 1083750 107217 7398 958750 6706
24134.214912 118525 500 500 500 500 73 46 0 73 52 0 73 42 0 73 44 0 100467 1083750 108300 7398 958750 6706
24134.414913 118526 500 500 500 500 73 46 0 73 52 0 73 42 0 73 44 0 100467 1083750 108300 7398 958750 6706
24134.614913 118527 500 500 500 500 73 46 0 73 52 0 73 42 0 73 44 0 100772 1083750 108300 7398 958750 6706
24134.814913 118528 500 500 500 500 73 46 0 73 52 0 73 42 0 73 44 0 100223 1083750 108300 7398 958750 6706
24135.014927 118529 500 500 500 500 74 46 0 74 52 0 74 42 0 74 44 0 100467 1083750 108300 7398 958750 6706
24135.214913 118530 500 500 500 500 74 46 0 74 52 0 74 42 0 74 44 0 100467 1083750 108300 7398 958750 6706
24135.414914 118531 500 500 500 500 74 46 0 74 52 0 74 42 0 74 44 0 100223 1083750 108300 7398 958750 6706
24135.614914 118532 500 500 500 500 74 46 0 74 52 0 74 42 0 74 44 0 100223 1083750 108300 7398 958750 6706
24135.814908 118533 500 500 500 500 74 46 0 74 52 0 74 42 0 74 44 0 99979 1083750 107217 7398 958750 6706
24136.014955 118534 500 500 500 500 74 46 0 74 52 0 74 42 0 74 44 0 99979 1083750 107217 7398 958750 6706
24136.214913 118535 500 500 500 500 74 46 0 74 52 0 74 42 0 74 44 0 100467 1083750 108300 7398 958750 6706
24136.414913 118536 500 500 500 500 74 46 0 74 52 0 74 42 0 74 44 0 100772 1083750 108300 7398 958750 6706
24136.614913 118537 500 500 500 500 74 46 0 74 52 0 74 42 0 74 44 0 100772 1083750 108300 7398 958750 6706
24136.814913 118538 500 500 500 500 74 46 0 74 52 0 74 42 0 74 44 0 100772 1083750 108300 7398 958750 6706
24137.014921 118539 500 500 500 500 74 46 0 74 52 0 74 42 0 74 44 0 100223 1083750 108300 7398 958750 6706
24137.214913 118540 500 500 500 500 74 46 0 74 52 0 74 42 0 74 44 0 100467 1083750 108300 7398 958750 6706
24137.414914 118541 500 500 500 500 74 46 0 74 52 0 74 42 0 74 44 0 99735 1083750 107217 7398 958750 6706
24137.614914 118542 500 500 500 500 74 46 0 74 52 0 74 42 0 74 44 0 99735 1083750 107217 7398 958750 6706
24137.814913 118543 500 500 500 500 74 46 0 74 52 0 74 42 0 74 44 0 100223 1083750 108300 7398 958750 6706
24138.014927 118544 500 500 500 500 74 46 0 74 52 0 74 42 0 74 44 0 100223 1083750 108300 7398 958750 6706
24138.214915 118545 500 500 500 500 74 46 0 74 52 0 74 42 0 74 44 0 100467 1083750 108300 7398 958750 6706
24138.414913 118546 500 500 500 500 74 46 0 74 52 0 74 42 0 74 44 0 100467 1083750 108300 7398 958750 6706
24138.614913 118547 500 500 500 500 74 46 0 74 52 0 74 42 0 74 44 0 99979 1083750 107217 7398 958750 6706
24138.814914 118548 500 500 500 500 74 46 0 74 52 0 74 42 0 74 44 0 99979 1083750 107217 7398 958750 6706
24139.014926 118549 500 500 500 500 74 46 0 74 52 0 74 42 0 74 44 0 100223 1083750 108300 7398 958750 6706
24139.214913 118550 500 500 500 500 74 46 0 74 52 0 74 42 0 74 44 0 100223 1083750 108300 7398 958750 6706
24139.414913 118551 500 500 500 500 74 46 0 74 52 0 74 42 0 74 44 0 99735 1083750 107217 7398 958750 6706
24139.614914 118552 500 500 500 500 74 46 0 74 52 0 74 42 0 74 44 0 100772 1083750 108300 7398 958750 6706
24139.814914 118553 500 500 500 500 74 46 0 74 52 0 74 42 0 74 44 0 100467 1083750 108300 7398 958750 6706
24140.014904 118554 500 500 500 500 74 46 0 74 52 0 74 42 0 74 44 0 99735 1083750 107217 7398 958750 6706
24140.214913 118555 500 500 500 500 74 46 0 74 52 0 74 42 0 74 44 0 99735 1083750 107217 7398 958750 6706
24140.414922 118556 500 500 500 500 74 46 0 74 52 0 74 42 0 74 44 0 100223 1083750 108300 7398 958750 6706
24140.614914 118557 500 500 500 500 74 46 0 74 52 0 74 42 0 74 44 0 100223 1083750 108300 7398 958750 6706
24140.814913 118558 500 500 500 500 74 46 0 74 52 0 74 42 0 74 44 0 99735 1083750 107217 7398 958750 6706
24141.014956 118559 500 500 500 500 74 46 0 74 52 0 74 42 0 74 44 0 99735 1083750 107217 7398 958750 6706
24141.214913 118560 500 500 500 500 74 46 0 74 52 0 74 42 0 74 44 0 100772 1083750 108300 7398 958750 6706
24141.414907 118561 500 500 500 500 74 46 0 74 52 0 74 42 0 74 44 0 100223 1083750 108300 7398 958750 6706
24141.614913 118562 500 500 500 500 74 46 0 74 52 0 74 42 0 74 44 0 100223 1083750 108300 7398 958750 6706
24141.814913 118563 500 500 500 500 74 46 0 74 52 0 74 42 0 74 44 0 100223 1083750 108300 7398 958750 6706
24142.014927 118564 500 500 500 500 74 46 0 74 52 0 74 42 0 74 44 0 100223 1083750 108300 7398 958750 6706
24142.214915 118565 500 500 500 500 74 46 0 74 52 0 74 42 0 74 44 0 100223 1083750 108300 7398 958750 6706
24142.414914 118566 500 500 500 500 74 46 0 74 52 0 74 42 0 74 44 0 99491 1083750 107217 7398 958750 6706
24142.614914 118567 500 500 500 500 74 46 0 74 52 0 74 42 0 74 44 0 99491 1083750 107217 7398 958750 6706
24142.814913 118568 500 500 500 500 74 46 0 74 52 0 74 42 0 74 44 0 99979 1083750 107217 7398 958750 6706
24143.014926 118569 500 500 500 500 74 46 0 74 52 0 74 42 0 74 44 0 100223 1083750 108300 7398 958750 6706
24143.214913 118570 500 500 500 500 74 46 0 74 52 0 74 42 0 74 44 0 101016 1083750 109383 7398 958750 6706
24143.414914 118571 500 500 500 500 74 46 0 74 52 0 74 42 0 74 44 0 101016 1083750 109383 7398 958750 6706
24143.614914 118572 500 500 500 500 74 46 0 74 52 0 74 42 0 74 44 0 101016 1083750 109383 7398 958750 6706
24143.814913 118573 500 500 500 500 74 46 0 74 52 0 74 42 0 74 44 0 100223 1083750 108300 7398 958750 6706
24144.014926 118574 500 500 500 500 74 46 0 74 52 0 74 42 0 74 44 0 99491 1083750 107217 7398 958750 6706
24144.214913 118575 500 500 500 500 74 46 0 74 52 0 74 42 0 74 44 0 99491 1083750 107217 7398 958750 6706
24144.414934 118576 500 500 500 500 74 46 0 74 52 0 74 42 0 74 44 0 99979 1083750 107217 7398 958750 6706
24144.614913 118577 500 500 500 500 74 46 0 74 52 0 74 42 0 74 44 0 99735 1083750 107217 7398 958750 6706
24144.814906 118578 500 500 500 500 74 46 0 74 52 0 74 42 0 74 44 0 100223 1083750 108300 7398 958750 6706
24145.014927 118579 500 500 500 500 73 46 0 73 52 0 73 42 0 73 44 0 100223 1083750 108300 7398 958750 6706
24145.214913 118580 500 500 500 500 73 46 0 73 52 0 73 42 0 73 44 0 99979 1083750 107217 7398 958750 6706
24145.414919 118581 500 500 500 500 73 46 0 73 52 0 73 42 0 73 44 0 99979 1083750 107217 7398 958750 6706
24145.614916 118582 500 500 500 500 73 46 0 73 52 0 73 42 0 73 44 0 99979 1083750 107217 7398 958750 6706
24145.815262 118583 500 500 500 500 73 46 0 73 52 0 73 42 0 73 44 0 101748 1083750 109383 7398 958750 6706
24146.014958 118584 500 500 500 500 73 46 0 73 52 0 73 42 0 73 44 0 101748 1083750 109383 7398 958750 6706
24146.214912 118585 500 500 500 500 73 46 0 73 52 0 73 42 0 73 44 0 100223 1083750 108300 7398 958750 6706
24146.414914 118586 500 500 500 500 73 46 0 73 52 0 73 42 0 73 44 0 99979 1083750 107217 7398 958750 6706
24146.614914 118587 500 500 500 500 73 46 0 73 52 0 73 42 0 73 44 0 99979 1083750 107217 7398 958750 6706
24146.814913 118588 500 500 500 500 73 46 0 73 52 0 73 42 0 73 44 0 99979 1083750 107217 7398 958750 6706
24147.014928 118589 500 500 500 500 73 46 0 73 52 0 73 42 0 73 44 0 100223 1083750 108300 7398 958750 6706
24147.214913 118590 500 500 500 500 73 46 0 73 52 0 73 42 0 73 44 0 100223 1083750 108300 7398 958750 6706
24147.414913 118591 500 500 500 500 73 46 0 73 52 0 73 42 0 73 44 0 100223 1083750 108300 7398 958750 6706
24147.614913 118592 500 500 500 500 73 46 0 73 52 0 73 42 0 73 44 0 100223 1083750 108300 7398 958750 6706
24147.814913 118593 500 500 500 500 73 46 0 73 52 0 73 42 0 73 44 0 99491 1083750 107217 7398 958750 6706
24148.014927 118594 500 500 500 500 73 46 0 73 52 0 73 42 0 73 44 0 100772 1083750 108300 7398 958750 6706
24148.214913 118595 500 500 500 500 73 46 0 73 52 0 73 42 0 73 44 0 100467 1083750 108300 7398 958750 6706
24148.414913 118596 500 500 500 500 73 46 0 73 52 0 73 42 0 73 44 0 100467 1083750 108300 7398 958750 6706
24148.614914 118597 500 500 500 500 73 46 0 73 52 0 73 42 0 73 44 0 100467 1083750 108300 7398 958750 6706
24148.814915 118598 500 500 500 500 73 46 0 73 52 0 73 42 0 73 44 0 101016 1083750 109383 7398 958750 6706
24149.014927 118599 500 500 500 500 73 46 0 73 52 0 73 42 0 73 44 0 100223 1083750 108300 7398 958750 6706
24149.214913 118600 500 500 500 500 73 46 0 73 52 0 73 42 0 73 44 0 100223 1083750 108300 7398 958750 6706
24149.414907 118601 500 500 500 500 73 46 0 73 52 0 73 42 0 73 44 0 100223 1083750 108300 7398 958750 6706
24149.614913 118602 500 500 500 500 73 46 0 73 52 0 73 42 0 73 44 0 100467 1083750 108300 7398 958750 6706
24149.814912 118603 500 500 500 500 73 46 0 73 52 0 73 42 0 73 44 0 100223 1083750 108300 7398 958750 6706
24150.014927 118604 500 500 500 500 73 46 0 73 52 0 73 42 0 73 44 0 100223 1083750 108300 7398 958750 6706
24150.214913 118605 500 500 500 500 73 46 0 73 52 0 73 42 0 73 44 0 99979 1083750 107217 7398 958750 6706
24150.414930 118606 500 500 500 500 73 46 0 73 52 0 73 42 0 73 44 0 100467 1083750 108300 7398 958750 6706
24150.614914 118607 500 500 500 500 73 46 0 73 52 0 73 42 0 73 44 0 100223 1083750 108300 7398 958750 6706
24150.814913 118608 500 500 500 500 73 46 0 73 52 0 73 42 0 73 44 0 100223 1083750 108300 7398 958750 6706
24151.014957 118609 500 500 500 500 73 46 0 73 52 0 73 42 0 73 44 0 100223 1083750 108300 7398 958750 6706
24151.214915 118610 500 500 500 500 73 46 0 73 52 0 73 42 0 73 44 0 99979 1083750 107217 7398 958750 6706
24151.414913 118611 500 500 500 500 73 46 0 73 52 0 73 42 0 73 44 0 99979 1083750 107217 7398 958750 6706
24151.614913 118612 500 500 500 500 73 46 0 73 52 0 73 42 0 73 44 0 99979 1083750 107217 7398 958750 6706
24151.814913 118613 500 500 500 500 73 46 0 73 52 0 73 42 0 73 44 0 100467 1083750 108300 7398 958750 6706
24152.014926 118614 500 500 500 500 73 46 0 73 52 0 73 42 0 73 44 0 99979 1083750 107217 7124 958750 6706
24152.214913 118615 500 500 500 500 73 46 0 73 52 0 73 42 0 73 44 0 100223 1083750 108300 7398 958750 6706
24152.414893 118616 500 500 500 500 73 46 0 73 52 0 73 42 0 73 44 0 100223 1083750 108300 7398 958750 6706
24152.614914 118617 500 500 500 500 73 46 0 73 52 0 73 42 0 73 44 0 100223 1083750 108300 7398 958750 6706
24152.814913 118618 500 500 500 500 73 46 0 73 52 0 73 42 0 73 44 0 100223 1083750 108300 7398 958750 6706
24153.014928 118619 500 500 500 500 73 46 0 73 52 0 73 42 0 73 44 0 99491 1083750 107217 7398 958750 6706
24153.214913 118620 500 500 500 500 73 46 0 73 52 0 73 42 0 73 44 0 99979 1083750 107217 7398 958750 6706
24153.414913 118621 500 500 500 500 73 46 0 73 52 0 73 42 0 73 44 0 99979 1083750 107217 7398 958750 6706
24153.614913 118622 500 500 500 500 73 46 0 73 52 0 73 42 0 73 44 0 100223 1083750 108300 7398 958750 6706
24153.814907 118623 500 500 500 500 73 46 0 73 52 0 73 42 0 73 44 0 100772 1083750 108300 7398 958750 6706
24154.014926 118624 500 500 500 500 73 46 0 73 52 0 73 42 0 73 44 0 100223 1083750 108300 7398 958750 6706
24154.214913 118625 500 500 500 500 73 46 0 73 52 0 73 42 0 73 44 0 100223 1083750 108300 7398 958750 6706
24154.414913 118626 500 500 500 500 73 46 0 73 52 0 73 42 0 73 44 0 99979 1083750 107217 7398 958750 6706
24154.614915 118627 500 500 500 500 73 46 0 73 52 0 73 42 0 73 44 0 99491 1083750 107217 7398 958750 6706
24154.814906 118628 500 500 500 500 73 46 0 73 52 0 73 42 0 73 44 0 100223 1083750 108300 7398 958750 6706
24155.014926 118629 500 500 500 500 73 46 0 73 52 0 73 42 0 73 44 0 100223 1083750 108300 7398 958750 6706
24155.214907 118630 500 500 500 500 73 46 0 73 52 0 73 42 0 73 44 0 99735 1083750 107217 7398 958750 6706
24155.414943 118631 500 500 500 500 73 46 0 73 52 0 73 42 0 73 44 0 100223 1083750 108300 7398 958750 6706
24155.614914 118632 500 500 500 500 73 46 0 73 52 0 73 42 0 73 44 0 101748 1083750 109383 7124 958750 6706
24155.814913 118633 500 500 500 500 73 46 0 73 52 0 73 42 0 73 44 0 101748 1083750 109383 7124 958750 6706
24156.014956 118634 500 500 500 500 73 46 0 73 52 0 73 42 0 73 44 0 101260 1083750 109383 7398 958750 6706
24156.214915 118635 500 500 500 500 73 46 0 73 52 0 73 42 0 73 44 0 99735 1083750 107217 7398 958750 6706
24156.414913 118636 500 500 500 500 73 46 0 73 52 0 73 42 0 73 44 0 100223 1083750 108300 7398 958750 6706
24156.614914 118637 500 500 500 500 73 46 0 73 52 0 73 42 0 73 44 0 100223 1083750 108300 7398 958750 6706
24156.814913 118638 500 500 500 500 73 46 0 73 52 0 73 42 0 73 44 0 99979 1083750 107217 7124 958750 6706
24157.014926 118639 500 500 500 500 73 46 0 73 52 0 73 42 0 73 44 0 99979 1083750 107217 7398 958750 6706
24157.214907 118640 500 500 500 500 73 46 0 73 52 0 73 42 0 73 44 0 100223 1083750 108300 7398 958750 6706
24157.414913 118641 500 500 500 500 73 46 0 73 52 0 73 42 0 73 44 0 100223 1083750 108300 7398 958750 6706
24157.614914 118642 500 500 500 500 73 46 0 73 52 0 73 42 0 73 44 0 99979 1083750 107217 7398 958750 6706
24157.814913 118643 500 500 500 500 73 46 0 73 52 0 73 42 0 73 44 0 100223 1083750 108300 7398 958750 6706
24158.014926 118644 500 500 500 500 73 46 0 73 52 0 73 42 0 73 44 0 100223 1083750 108300 7398 958750 6706
24158.215123 118645 500 500 500 500 73 46 0 73 52 0 73 42 0 73 44 0 99491 1083750 107217 7398 958750 6706
24158.414907 118646 500 500 500 500 73 46 0 73 52 0 73 42 0 73 44 0 99491 1083750 107217 7398 958750 6706
24158.614913 118647 500 500 500 500 73 46 0 73 52 0 73 42 0 73 44 0 99979 1083750 107217 7398 958750 6706
24158.814913 118648 500 500 500 500 73 46 0 73 52 0 73 42 0 73 44 0 100223 1083750 108300 7398 958750 6706
24159.014926 118649 500 500 500 500 73 46 0 73 52 0 73 42 0 73 44 0 100223 1083750 108300 7398 958750 6706
24159.214913 118650 500 500 500 500 73 46 0 73 52 0 73 42 0 73 44 0 100223 1083750 108300 7398 958750 6706
24159.414914 118651 500 500 500 500 73 46 0 73 52 0 73 42 0 73 44 0 100223 1083750 108300 7398 958750 6706
24159.614913 118652 500 500 500 500 73 46 0 73 52 0 73 42 0 73 44 0 100772 1083750 108300 7398 958750 6706
24159.814913 118653 500 500 500 500 73 46 0 73 52 0 73 42 0 73 44 0 100223 1083750 108300 7398 958750 6706
24160.014926 118654 500 500 500 500 73 46 0 73 52 0 73 42 0 73 44 0 100223 1083750 108300 7398 958750 6706
24160.214913 118655 500 500 500 500 73 46 0 73 52 0 73 42 0 73 44 0 99979 1083750 107217 7398 958750 6706
24160.414933 118656 500 500 500 500 73 46 0 73 52 0 73 42 0 73 44 0 100467 1083750 108300 7124 958750 6706
24160.614914 118657 500 500 500 500 73 46 0 73 52 0 73 42 0 73 44 0 101748 1083750 109383 7398 958750 6706
24160.814913 118658 500 500 500 500 73 46 0 73 52 0 73 42 0 73 44 0 101748 1083750 109383 7398 958750 6706
24161.014957 118659 500 500 500 500 73 46 0 73 52 0 73 42 0 73 44 0 99979 1083750 107217 7398 958750 6706
24161.214913 118660 500 500 500 500 73 46 0 73 52 0 73 42 0 73 44 0 100467 1083750 108300 7398 958750 6706
24161.414913 118661 500 500 500 500 73 46 0 73 52 0 73 42 0 73 44 0 99979 1083750 107217 7398 958750 6706
24161.614913 118662 500 500 500 500 73 46 0 73 52 0 73 42 0 73 44 0 99979 1083750 107217 7398 958750 6706
24161.814907 118663 500 500 500 500 73 46 0 73 52 0 73 42 0 73 44 0 100223 1083750 108300 7398 958750 6706
24162.014927 118664 500 500 500 500 73 46 0 73 52 0 73 42 0 73 44 0 99979 1083750 107217 7124 958750 6706
24162.214914 118665 500 500 500 500 73 46 0 73 52 0 73 42 0 73 44 0 99979 1083750 107217 7124 958750 6706
24162.414913 118666 500 500 500 500 73 46 0 73 52 0 73 42 0 73 44 0 99979 1083750 107217 7124 958750 6706
24162.614913 118667 500 500 500 500 73 46 0 73 52 0 73 42 0 73 44 0 100223 1083750 108300 7398 958750 6706
24162.814907 118668 500 500 500 500 73 46 0 73 52 0 73 42 0 73 44 0 100223 1083750 108300 7398 958750 6706
24163.014904 118669 500 500 500 500 73 46 0 73 52 0 73 42 0 73 44 0 99979 1083750 107217 7398 958750 6706
24163.214891 118670 500 500 500 500 73 46 0 73 52 0 73 42 0 73 44 0 99979 1083750 107217 7398 958750 6706
24163.414891 118671 500 500 500 500 73 46 0 73 52 0 73 42 0 73 44 0 100467 1083750 108300 7124 958750 6706
24163.614892 118672 500 500 500 500 73 46 0 73 52 0 73 42 0 73 44 0 100223 1083750 108300 7398 958750 6706
24163.814891 118673 500 500 500 500 73 46 0 73 52 0 73 42 0 73 44 0 99491 1083750 107217 7398 958750 6706
24164.014904 118674 500 500 500 500 73 46 0 73 52 0 73 42 0 73 44 0 99491 1083750 107217 7398 958750 6706
