 4675.883805 22859 1400 1400 1400 1400 75 46 0 75 52 0 75 42 0 75 44 0 15250 1210000 18150 72610 1095000 78840
 4676.083783 22860 1400 1400 1400 1400 74 46 0 74 52 0 74 42 0 74 44 0 15006 1210000 18150 75624 1095000 82125
 4676.283805 22861 1400 1400 1400 1400 74 46 0 74 52 0 74 42 0 74 44 0 15006 1210000 18150 75350 1095000 82125
 4676.483783 22862 1400 1400 1400 1400 74 46 0 74 52 0 74 42 0 74 44 0 15006 1210000 18150 76446 1095000 83220
 4676.683847 22863 1400 1400 1400 1400 74 46 0 74 52 0 74 42 0 74 44 0 15006 1210000 18150 76446 1095000 83220
 4676.883842 22864 1400 1400 1400 1400 74 46 0 74 52 0 74 42 0 74 44 0 15250 1210000 18150 286056 1096250 313456
 4677.083842 22865 1400 1400 1400 1400 74 46 0 74 52 0 74 42 0 74 44 0 15006 1210000 18150 86036 1095000 94170
 4677.283843 22866 1400 1400 1400 1400 74 46 0 74 52 0 74 42 0 74 44 0 15006 1210000 18150 70692 1095000 76650
 4677.483812 22867 1400 1400 1400 1400 74 46 0 74 52 0 74 42 0 74 44 0 15006 1210000 18150 70692 1095000 76650
 4677.683837 22868 1400 1400 1400 1400 74 46 0 74 52 0 74 42 0 74 44 0 15006 1210000 18150 243038 1096250 266328
 4677.883868 22869 1400 1400 1400 1400 74 46 0 74 52 0 74 42 0 74 44 0 15006 1210000 18150 948314 1100000 1042800
 4678.083819 22870 1400 1400 1400 1400 76 46 0 76 52 0 76 42 0 76 44 0 15006 1208750 18120 1040926 1100000 1144000
 4678.283732 22871 1400 1400 1400 1400 76 46 0 76 52 0 76 42 0 76 44 0 15006 1208750 18120 1040926 1100000 1144000
 4678.483730 22872 1400 1400 1400 1400 76 46 0 76 52 0 76 42 0 76 44 0 15006 1210000 18150 979002 1098750 1074942
 4678.683729 22873 1400 1400 1400 1400 76 46 0 76 52 0 76 42 0 76 44 0 15006 1210000 18150 888308 1098750 975024
 4678.883730 22874 1400 1400 1400 1400 76 46 0 76 52 0 76 42 0 76 44 0 15006 1210000 18150 889678 1098750 976122
 4679.083729 22875 1400 1400 1400 1400 76 46 0 76 52 0 76 42 0 76 44 0 15006 1210000 18150 889678 1098750 976122
 4679.283729 22876 1400 1400 1400 1400 76 46 0 76 52 0 76 42 0 76 44 0 15250 1210000 18150 889130 1098750 976122
 4679.483729 22877 1400 1400 1400 1400 76 46 0 76 52 0 76 42 0 76 44 0 15250 1210000 18150 889404 1098750 976122
 4679.683729 22878 1400 1400 1400 1400 76 46 0 76 52 0 76 42 0 76 44 0 15494 1210000 18150 889678 1098750 976122
 4679.883729 22879 1400 1400 1400 1400 76 46 0 76 52 0 76 42 0 76 44 0 15494 1210000 18150 889678 1098750 976122
 4680.083730 22880 1400 1400 1400 1400 77 46 0 77 52 0 77 42 0 77 44 0 15250 1210000 18150 890226 1098750 977220
 4680.283729 22881 1400 1400 1400 1400 77 46 0 77 52 0 77 42 0 77 44 0 15006 1210000 18150 887212 1098750 973926
 4680.483729 22882 1400 1400 1400 1400 77 46 0 77 52 0 77 42 0 77 44 0 15250 1210000 18150 891322 1098750 978318
 4680.683729 22883 1400 1400 1400 1400 77 46 0 77 52 0 77 42 0 77 44 0 15250 1210000 18150 891322 1098750 978318
 4680.883732 22884 1400 1400 1400 1400 77 46 0 77 52 0 77 42 0 77 44 0 15250 1210000 18150 891048 1098750 978318
 4681.083729 22885 1400 1400 1400 1400 77 46 0 77 52 0 77 42 0 77 44 0 15250 1210000 18150 891870 1098750 978318
 4681.283728 22886 1400 1400 1400 1400 77 46 0 77 52 0 77 42 0 77 44 0 15250 1210000 18150 893788 1098750 980514
 4681.483731 22887 1400 1400 1400 1400 77 46 0 77 52 0 77 42 0 77 44 0 15006 1210000 18150 892966 1098750 979416
 4681.683729 22888 1400 1400 1400 1400 77 46 0 77 52 0 77 42 0 77 44 0 15006 1210000 18150 892966 1098750 979416
 4681.883730 22889 1400 1400 1400 1400 77 46 0 77 52 0 77 42 0 77 44 0 15494 1210000 18150 892966 1098750 979416
 4682.083740 22890 1400 1400 1400 1400 77 46 0 77 52 0 77 42 0 77 44 0 15494 1210000 18150 892418 1098750 979416
 4682.283730 22891 1400 1400 1400 1400 77 46 0 77 52 0 77 42 0 77 44 0 15494 1210000 18150 893788 1098750 980514
 4682.483730 22892 1400 1400 1400 1400 77 46 0 77 52 0 77 42 0 77 44 0 15494 1210000 18150 893788 1098750 980514
 4682.683730 22893 1400 1400 1400 1400 77 46 0 77 52 0 77 42 0 77 44 0 15250 1210000 18150 894336 1098750 981612
 4682.883730 22894 1400 1400 1400 1400 77 46 0 77 52 0 77 42 0 77 44 0 15250 1210000 18150 893788 1098750 980514
 4683.083730 22895 1400 1400 1400 1400 77 46 0 77 52 0 77 42 0 77 44 0 15250 1210000 18150 894336 1098750 981612
 4683.283730 22896 1400 1400 1400 1400 77 46 0 77 52 0 77 42 0 77 44 0 15250 1210000 18150 894336 1098750 981612
 4683.483733 22897 1400 1400 1400 1400 77 46 0 77 52 0 77 42 0 77 44 0 15494 1210000 18150 893788 1098750 980514
 4683.683730 22898 1400 1400 1400 1400 77 46 0 77 52 0 77 42 0 77 44 0 15494 1210000 18150 891870 1098750 978318
 4683.883730 22899 1400 1400 1400 1400 77 46 0 77 52 0 77 42 0 77 44 0 15250 1208750 18120 891870 1098750 978318
 4684.083732 22900 1400 1400 1400 1400 77 46 0 77 52 0 77 42 0 77 44 0 15250 1208750 18120 891870 1098750 978318
 4684.283729 22901 1400 1400 1400 1400 77 46 0 77 52 0 77 42 0 77 44 0 15250 1210000 18150 893514 1098750 980514
 4684.483731 22902 1400 1400 1400 1400 77 46 0 77 52 0 77 42 0 77 44 0 15494 1208750 18120 896254 1098750 983808
 4684.683730 22903 1400 1400 1400 1400 77 46 0 77 52 0 77 42 0 77 44 0 15250 1208750 18120 893514 1098750 980514
 4684.883730 22904 1400 1400 1400 1400 77 46 0 77 52 0 77 42 0 77 44 0 15250 1208750 18120 893514 1098750 980514
 4685.083730 22905 1400 1400 1400 1400 77 46 0 77 52 0 77 42 0 77 44 0 15250 1210000 18150 892692 1098750 979416
 4685.283748 22906 1400 1400 1400 1400 77 46 0 77 52 0 77 42 0 77 44 0 15250 1208750 18120 891870 1098750 978318
 4685.483728 22907 1400 1400 1400 1400 77 46 0 77 52 0 77 42 0 77 44 0 15250 1210000 18150 891870 1098750 978318
 4685.683729 22908 1400 1400 1400 1400 77 46 0 77 52 0 77 42 0 77 44 0 15250 1210000 18150 891870 1098750 978318
 4685.883728 22909 1400 1400 1400 1400 77 46 0 77 52 0 77 42 0 77 44 0 15494 1210000 18150 893240 1098750 980514
 4686.083732 22910 1400 1400 1400 1400 78 46 0 78 52 0 78 42 0 78 44 0 15250 1210000 18150 893514 1098750 980514
 4686.283728 22911 1400 1400 1400 1400 78 46 0 78 52 0 78 42 0 78 44 0 15494 1210000 18150 894336 1098750 981612
 4686.483729 22912 1400 1400 1400 1400 78 46 0 78 52 0 78 42 0 78 44 0 15494 1210000 18150 894336 1098750 981612
 4686.683729 22913 1400 1400 1400 1400 78 46 0 78 52 0 78 42 0 78 44 0 15494 1210000 18150 894884 1098750 981612
 4686.883729 22914 1400 1400 1400 1400 78 46 0 78 52 0 78 42 0 78 44 0 15494 1210000 18150 895432 1098750 982710
 4687.083729 22915 1400 1400 1400 1400 78 46 0 78 52 0 78 42 0 78 44 0 15494 1210000 18150 894610 1098750 981612
 4687.284109 22916 1400 1400 1400 1400 78 46 0 78 52 0 78 42 0 78 44 0 15494 1210000 18150 897076 1098750 984906
 4687.483729 22917 1400 1400 1400 1400 78 46 0 78 52 0 78 42 0 78 44 0 15494 1210000 18150 897076 1098750 984906
 4687.683729 22918 1400 1400 1400 1400 78 46 0 78 52 0 78 42 0 78 44 0 15250 1210000 18150 894610 1098750 981612
 4687.883728 22919 1400 1400 1400 1400 78 46 0 78 52 0 78 42 0 78 44 0 15494 1210000 18150 895158 1098750 982710
 4688.083731 22920 1400 1400 1400 1400 78 46 0 78 52 0 78 42 0 78 44 0 15494 1210000 18150 895158 1098750 982710
 4688.283729 22921 1400 1400 1400 1400 78 46 0 78 52 0 78 42 0 78 44 0 15494 1210000 18150 895158 1098750 982710
 4688.483729 22922 1400 1400 1400 1400 78 46 0 78 52 0 78 42 0 78 44 0 15250 1210000 18150 895980 1098750 982710
 4688.683731 22923 1400 1400 1400 1400 78 46 0 78 52 0 78 42 0 78 44 0 15494 1210000 18150 895980 1098750 982710
 4688.883729 22924 1400 1400 1400 1400 78 46 0 78 52 0 78 42 0 78 44 0 15494 1210000 18150 893240 1098750 980514
 4689.083728 22925 1400 1400 1400 1400 78 46 0 78 52 0 78 42 0 78 44 0 15494 1210000 18150 893240 1098750 980514
 4689.283728 22926 1400 1400 1400 1400 78 46 0 78 52 0 78 42 0 78 44 0 15250 1210000 18150 892692 1098750 979416
 4689.483729 22927 1400 1400 1400 1400 78 46 0 78 52 0 78 42 0 78 44 0 15494 1210000 18150 893240 1098750 980514
 4689.683729 22928 1400 1400 1400 1400 78 46 0 78 52 0 78 42 0 78 44 0 15494 1210000 18150 894062 1098750 981612
 4689.883729 22929 1400 1400 1400 1400 78 46 0 78 52 0 78 42 0 78 44 0 15494 1210000 18150 894062 1098750 981612
 4690.083728 22930 1400 1400 1400 1400 78 46 0 78 52 0 78 42 0 78 44 0 15250 1208750 18120 893788 1098750 980514
 4690.283728 22931 1400 1400 1400 1400 78 46 0 78 52 0 78 42 0 78 44 0 15494 1210000 18150 894336 1098750 981612
 4690.483729 22932 1400 1400 1400 1400 78 46 0 78 52 0 78 42 0 78 44 0 15494 1210000 18150 893240 1098750 980514
 4690.683729 22933 1400 1400 1400 1400 78 46 0 78 52 0 78 42 0 78 44 0 15494 1210000 18150 893240 1098750 980514
 4690.883741 22934 1400 1400 1400 1400 78 46 0 78 52 0 78 42 0 78 44 0 15250 1210000 18150 893240 1098750 980514
 4691.083729 22935 1400 1400 1400 1400 78 46 0 78 52 0 78 42 0 78 44 0 15494 1210000 18150 892966 1098750 979416
 4691.283731 22936 1400 1400 1400 1400 78 46 0 78 52 0 78 42 0 78 44 0 15494 1210000 18150 893240 1098750 980514
 4691.483729 22937 1400 1400 1400 1400 78 46 0 78 52 0 78 42 0 78 44 0 15494 1210000 18150 893240 1098750 980514
 4691.683729 22938 1400 1400 1400 1400 78 46 0 78 52 0 78 42 0 78 44 0 15494 1208750 18120 894884 1098750 981612
 4691.883729 22939 1400 1400 1400 1400 78 46 0 78 52 0 78 42 0 78 44 0 15494 1210000 18150 895980 1098750 982710
 4692.083731 22940 1400 1400 1400 1400 78 46 0 78 52 0 78 42 0 78 44 0 15494 1210000 18150 894884 1098750 981612
 4692.283729 22941 1400 1400 1400 1400 78 46 0 78 52 0 78 42 0 78 44 0 15494 1210000 18150 894884 1098750 981612
 4692.483729 22942 1400 1400 1400 1400 78 46 0 78 52 0 78 42 0 78 44 0 15494 1210000 18150 895980 1098750 982710
 4692.683728 22943 1400 1400 1400 1400 78 46 0 78 52 0 78 42 0 78 44 0 15250 1210000 18150 895158 1098750 982710
 4692.883728 22944 1400 1400 1400 1400 78 46 0 78 52 0 78 42 0 78 44 0 15494 1208750 18120 894610 1098750 981612
 4693.083729 22945 1400 1400 1400 1400 78 46 0 78 52 0 78 42 0 78 44 0 15494 1208750 18120 894610 1098750 981612
 4693.283729 22946 1400 1400 1400 1400 78 46 0 78 52 0 78 42 0 78 44 0 15250 1210000 18150 897624 1098750 984906
 4693.483729 22947 1400 1400 1400 1400 78 46 0 78 52 0 78 42 0 78 44 0 15494 1210000 18150 896254 1098750 983808
 4693.683729 22948 1400 1400 1400 1400 78 46 0 78 52 0 78 42 0 78 44 0 15494 1210000 18150 896528 1098750 983808
 4693.883733 22949 1400 1400 1400 1400 78 46 0 78 52 0 78 42 0 78 44 0 15494 1210000 18150 895980 1098750 982710
 4694.083728 22950 1400 1400 1400 1400 78 46 0 78 52 0 78 42 0 78 44 0 15494 1210000 18150 895980 1098750 982710
 4694.283729 22951 1400 1400 1400 1400 78 46 0 78 52 0 78 42 0 78 44 0 15250 1210000 18150 894336 1098750 981612
 4694.483729 22952 1400 1400 1400 1400 78 46 0 78 52 0 78 42 0 78 44 0 15738 1210000 18150 893788 1098750 980514
 4694.683729 22953 1400 1400 1400 1400 78 46 0 78 52 0 78 42 0 78 44 0 15250 1210000 18150 894336 1098750 981612
 4694.883729 22954 1400 1400 1400 1400 78 46 0 78 52 0 78 42 0 78 44 0 15250 1210000 18150 894336 1098750 981612
 4695.083729 22955 1400 1400 1400 1400 78 46 0 78 52 0 78 42 0 78 44 0 15494 1210000 18150 894336 1098750 981612
 4695.283729 22956 1400 1400 1400 1400 78 46 0 78 52 0 78 42 0 78 44 0 15494 1210000 18150 894336 1098750 981612
 4695.483729 22957 1400 1400 1400 1400 78 46 0 78 52 0 78 42 0 78 44 0 15250 1210000 18150 894884 1098750 981612
 4695.683728 22958 1400 1400 1400 1400 78 46 0 78 52 0 78 42 0 78 44 0 15250 1210000 18150 894884 1098750 981612
 4695.883728 22959 1400 1400 1400 1400 78 46 0 78 52 0 78 42 0 78 44 0 15494 1210000 18150 894336 1098750 981612
 4696.083730 22960 1400 1400 1400 1400 78 46 0 78 52 0 78 42 0 78 44 0 15250 1210000 18150 894062 1098750 981612
 4696.283728 22961 1400 1400 1400 1400 78 46 0 78 52 0 78 42 0 78 44 0 15250 1210000 18150 896528 1098750 983808
 4696.483732 22962 1400 1400 1400 1400 78 46 0 78 52 0 78 42 0 78 44 0 15250 1210000 18150 896528 1098750 983808
 4696.683728 22963 1400 1400 1400 1400 78 46 0 78 52 0 78 42 0 78 44 0 15494 1210000 18150 894336 1098750 981612
 4696.883728 22964 1400 1400 1400 1400 78 46 0 78 52 0 78 42 0 78 44 0 15494 1210000 18150 894336 1098750 981612
 4697.083729 22965 1400 1400 1400 1400 78 46 0 78 52 0 78 42 0 78 44 0 15494 1210000 18150 894610 1098750 981612
 4697.283728 22966 1400 1400 1400 1400 78 46 0 78 52 0 78 42 0 78 44 0 15494 1210000 18150 894610 1098750 981612
 4697.483729 22967 1400 1400 1400 1400 78 46 0 78 52 0 78 42 0 78 44 0 15250 1210000 18150 896528 1098750 983808
 4697.683728 22968 1400 1400 1400 1400 78 46 0 78 52 0 78 42 0 78 44 0 15494 1210000 18150 896254 1098750 983808
 4697.883728 22969 1400 1400 1400 1400 78 46 0 78 52 0 78 42 0 78 44 0 15494 1210000 18150 895706 1098750 982710
 4698.083728 22970 1400 1400 1400 1400 78 46 0 78 52 0 78 42 0 78 44 0 15494 1210000 18150 895706 1098750 982710
 4698.283728 22971 1400 1400 1400 1400 78 46 0 78 52 0 78 42 0 78 44 0 15494 1210000 18150 895706 1098750 982710
 4698.483729 22972 1400 1400 1400 1400 78 46 0 78 52 0 78 42 0 78 44 0 15250 1210000 18150 895706 1098750 982710
 4698.683728 22973 1400 1400 1400 1400 78 46 0 78 52 0 78 42 0 78 44 0 15494 1210000 18150 895158 1098750 982710
 4698.883728 22974 1400 1400 1400 1400 78 46 0 78 52 0 78 42 0 78 44 0 15494 1210000 18150 895158 1098750 982710
 4699.083731 22975 1400 1400 1400 1400 78 46 0 78 52 0 78 42 0 78 44 0 15494 1210000 18150 895980 1098750 982710
 4699.283728 22976 1400 1400 1400 1400 78 46 0 78 52 0 78 42 0 78 44 0 15250 1210000 18150 896528 1098750 983808
 4699.483729 22977 1400 1400 1400 1400 78 46 0 78 52 0 78 42 0 78 44 0 15250 1210000 18150 896254 1098750 983808
 4699.683899 22978 1400 1400 1400 1400 78 46 0 78 52 0 78 42 0 78 44 0 15494 1210000 18150 894884 1098750 981612
 4699.883729 22979 1400 1400 1400 1400 78 46 0 78 52 0 78 42 0 78 44 0 15494 1210000 18150 894884 1098750 981612
 4700.083730 22980 1400 1400 1400 1400 78 46 0 78 52 0 78 42 0 78 44 0 15250 1210000 18150 894062 1098750 981612
 4700.283728 22981 1400 1400 1400 1400 78 46 0 78 52 0 78 42 0 78 44 0 15250 1210000 18150 894062 1098750 981612
 4700.483729 22982 1400 1400 1400 1400 78 46 0 78 52 0 78 42 0 78 44 0 15494 1210000 18150 894336 1098750 981612
 4700.683728 22983 1400 1400 1400 1400 78 46 0 78 52 0 78 42 0 78 44 0 15494 1210000 18150 894336 1098750 981612
 4700.883728 22984 1400 1400 1400 1400 78 46 0 78 52 0 78 42 0 78 44 0 15494 1210000 18150 894336 1098750 981612
 4701.083728 22985 1400 1400 1400 1400 78 46 0 78 52 0 78 42 0 78 44 0 15738 1210000 18150 894336 1098750 981612
 4701.283728 22986 1400 1400 1400 1400 78 46 0 78 52 0 78 42 0 78 44 0 15250 1210000 18150 894062 1098750 981612
 4701.483729 22987 1400 1400 1400 1400 78 46 0 78 52 0 78 42 0 78 44 0 15250 1210000 18150 894062 1098750 981612
 4701.683732 22988 1400 1400 1400 1400 78 46 0 78 52 0 78 42 0 78 44 0 15494 1210000 18150 893240 1098750 980514
 4701.883728 22989 1400 1400 1400 1400 78 46 0 78 52 0 78 42 0 78 44 0 15494 1210000 18150 893514 1098750 980514
 4702.083728 22990 1400 1400 1400 1400 78 46 0 78 52 0 78 42 0 78 44 0 15494 1210000 18150 893514 1098750 980514
 4702.283728 22991 1400 1400 1400 1400 78 46 0 78 52 0 78 42 0 78 44 0 15494 1210000 18150 893514 1098750 980514
 4702.483729 22992 1400 1400 1400 1400 78 46 0 78 52 0 78 42 0 78 44 0 15494 1210000 18150 894610 1098750 981612
 4702.683729 22993 1400 1400 1400 1400 78 46 0 78 52 0 78 42 0 78 44 0 15250 1210000 18150 895980 1098750 982710
 4702.883728 22994 1400 1400 1400 1400 78 46 0 78 52 0 78 42 0 78 44 0 15494 1210000 18150 896802 1098750 983808
 4703.083728 22995 1400 1400 1400 1400 78 46 0 78 52 0 78 42 0 78 44 0 15494 1210000 18150 896802 1098750 983808
 4703.283728 22996 1400 1400 1400 1400 78 46 0 78 52 0 78 42 0 78 44 0 15250 1210000 18150 895432 1098750 982710
 4703.483729 22997 1400 1400 1400 1400 78 46 0 78 52 0 78 42 0 78 44 0 15738 1210000 18150 895158 1098750 982710
 4703.683730 22998 1400 1400 1400 1400 78 46 0 78 52 0 78 42 0 78 44 0 15494 1210000 18150 894884 1098750 981612
 4703.883728 22999 1400 1400 1400 1400 78 46 0 78 52 0 78 42 0 78 44 0 15494 1210000 18150 894884 1098750 981612
 4704.083730 23000 1400 1400 1400 1400 78 46 0 78 52 0 78 42 0 78 44 0 15738 1208750 18120 895432 1098750 982710
 4704.283732 23001 1400 1400 1400 1400 78 46 0 78 52 0 78 42 0 78 44 0 15250 1208750 18120 894884 1098750 981612
 4704.483729 23002 1400 1400 1400 1400 78 46 0 78 52 0 78 42 0 78 44 0 15494 1210000 18150 895980 1098750 982710
 4704.683729 23003 1400 1400 1400 1400 78 46 0 78 52 0 78 42 0 78 44 0 15494 1210000 18150 895980 1098750 982710
 4704.883728 23004 1400 1400 1400 1400 78 46 0 78 52 0 78 42 0 78 44 0 15494 1210000 18150 895706 1098750 982710
 4705.083729 23005 1400 1400 1400 1400 78 46 0 78 52 0 78 42 0 78 44 0 15250 1210000 18150 894884 1098750 981612
 4705.283728 23006 1400 1400 1400 1400 78 46 0 78 52 0 78 42 0 78 44 0 15494 1210000 18150 894062 1098750 981612
 4705.483729 23007 1400 1400 1400 1400 78 46 0 78 52 0 78 42 0 78 44 0 15494 1210000 18150 894062 1098750 981612
 4705.683728 23008 1400 1400 1400 1400 78 46 0 78 52 0 78 42 0 78 44 0 15494 1208750 18120 893788 1098750 980514
 4705.883728 23009 1400 1400 1400 1400 78 46 0 78 52 0 78 42 0 78 44 0 15250 1208750 18120 894062 1098750 981612
 4706.083751 23010 1400 1400 1400 1400 78 46 0 78 52 0 78 42 0 78 44 0 15250 1210000 18150 893240 1098750 980514
 4706.283731 23011 1400 1400 1400 1400 78 46 0 78 52 0 78 42 0 78 44 0 15494 1210000 18150 894336 1098750 981612
 4706.483729 23012 1400 1400 1400 1400 78 46 0 78 52 0 78 42 0 78 44 0 15494 1210000 18150 894336 1098750 981612
 4706.683728 23013 1400 1400 1400 1400 78 46 0 78 52 0 78 42 0 78 44 0 15250 1210000 18150 894336 1098750 981612
 4706.883731 23014 1400 1400 1400 1400 78 46 0 78 52 0 78 42 0 78 44 0 15494 1210000 18150 894884 1098750 981612
 4707.083729 23015 1400 1400 1400 1400 78 46 0 78 52 0 78 42 0 78 44 0 15494 1210000 18150 893240 1098750 980514
 4707.283728 23016 1400 1400 1400 1400 78 46 0 78 52 0 78 42 0 78 44 0 15494 1210000 18150 893240 1098750 980514
 4707.483729 23017 1400 1400 1400 1400 78 46 0 78 52 0 78 42 0 78 44 0 15494 1210000 18150 893788 1098750 980514
 4707.683728 23018 1400 1400 1400 1400 78 46 0 78 52 0 78 42 0 78 44 0 15494 1210000 18150 894336 1098750 981612
 4707.883729 23019 1400 1400 1400 1400 78 46 0 78 52 0 78 42 0 78 44 0 15494 1210000 18150 895432 1098750 982710
 4708.083731 23020 1400 1400 1400 1400 78 46 0 78 52 0 78 42 0 78 44 0 15494 1210000 18150 895432 1098750 982710
 4708.283728 23021 1400 1400 1400 1400 78 46 0 78 52 0 78 42 0 78 44 0 15250 1210000 18150 895980 1098750 982710
 4708.483729 23022 1400 1400 1400 1400 78 46 0 78 52 0 78 42 0 78 44 0 15250 1210000 18150 902282 1098750 990396
 4708.683728 23023 1400 1400 1400 1400 78 46 0 78 52 0 78 42 0 78 44 0 15494 1208750 18120 895158 1098750 982710
 4708.883729 23024 1400 1400 1400 1400 78 46 0 78 52 0 78 42 0 78 44 0 15494 1208750 18120 895158 1098750 982710
 4709.083729 23025 1400 1400 1400 1400 78 46 0 78 52 0 78 42 0 78 44 0 15250 1210000 18150 895432 1098750 982710
 4709.283793 23026 1400 1400 1400 1400 78 46 0 78 52 0 78 42 0 78 44 0 15006 1210000 18150 895158 1098750 982710
 4709.483804 23027 1400 1400 1400 1400 78 46 0 78 52 0 78 42 0 78 44 0 15250 1210000 18150 898172 1098750 986004
 4709.683728 23028 1400 1400 1400 1400 78 46 0 78 52 0 78 42 0 78 44 0 15250 1210000 18150 898172 1098750 986004
 4709.883793 23029 1400 1400 1400 1400 78 46 0 78 52 0 78 42 0 78 44 0 15250 1210000 18150 897076 1098750 984906
 4710.083816 23030 1400 1400 1400 1400 78 46 0 78 52 0 78 42 0 78 44 0 15494 1210000 18150 894610 1098750 981612
 4710.283815 23031 1400 1400 1400 1400 78 46 0 78 52 0 78 42 0 78 44 0 15494 1210000 18150 895158 1098750 982710
 4710.483815 23032 1400 1400 1400 1400 78 46 0 78 52 0 78 42 0 78 44 0 15494 1210000 18150 895158 1098750 982710
 4710.683815 23033 1400 1400 1400 1400 78 46 0 78 52 0 78 42 0 78 44 0 15494 1210000 18150 894062 1098750 981612
 4710.883816 23034 1400 1400 1400 1400 78 46 0 78 52 0 78 42 0 78 44 0 15494 1208750 18120 897076 1098750 984906
 4711.083815 23035 1400 1400 1400 1400 78 46 0 78 52 0 78 42 0 78 44 0 15494 1208750 18120 897898 1098750 984906
 4711.283815 23036 1400 1400 1400 1400 78 46 0 78 52 0 78 42 0 78 44 0 15494 1208750 18120 897898 1098750 984906
 4711.483815 23037 1400 1400 1400 1400 78 46 0 78 52 0 78 42 0 78 44 0 15494 1210000 18150 898720 1098750 986004
 4711.683815 23038 1400 1400 1400 1400 78 46 0 78 52 0 78 42 0 78 44 0 15494 1210000 18150 894610 1098750 981612
 4711.883816 23039 1400 1400 1400 1400 78 46 0 78 52 0 78 42 0 78 44 0 15250 1210000 18150 894336 1098750 981612
 4712.083756 23040 1400 1400 1400 1400 78 46 0 78 52 0 78 42 0 78 44 0 15250 1210000 18150 893514 1098750 980514
 4712.283810 23041 1400 1400 1400 1400 78 46 0 78 52 0 78 42 0 78 44 0 15250 1210000 18150 893514 1098750 980514
 4712.483808 23042 1400 1400 1400 1400 78 46 0 78 52 0 78 42 0 78 44 0 15494 1210000 18150 655956 1097500 718535
 4712.683808 23043 1400 1400 1400 1400 78 46 0 78 52 0 78 42 0 78 44 0 15494 1210000 18150 78364 1095000 85410
 4712.883808 23044 1400 1400 1400 1400 78 46 0 78 52 0 78 42 0 78 44 0 15250 1210000 18150 74254 1095000 81030
 4713.083818 23045 1400 1400 1400 1400 76 46 0 76 52 0 76 42 0 76 44 0 15250 1210000 18150 74254 1095000 81030
 4713.283808 23046 1400 1400 1400 1400 76 46 0 76 52 0 76 42 0 76 44 0 15006 1210000 18150 75898 1095000 82125
 4713.483808 23047 1400 1400 1400 1400 76 46 0 76 52 0 76 42 0 76 44 0 15250 1210000 18150 73432 1095000 79935
 4713.683808 23048 1400 1400 1400 1400 76 46 0 76 52 0 76 42 0 76 44 0 15250 1210000 18150 71514 1095000 77745
 4713.883808 23049 1400 1400 1400 1400 76 46 0 76 52 0 76 42 0 76 44 0 15250 1210000 18150 71514 1095000 77745
