27059.304919 133150 300 300 300 300 73 46 0 73 52 0 73 42 0 73 44 0 10248 950000 9500 7398 958750 6706
27059.504916 133151 300 300 300 300 73 46 0 73 52 0 73 42 0 73 44 0 10004 950000 9500 7124 958750 6706
27059.704916 133152 300 300 300 300 73 46 0 73 52 0 73 42 0 73 44 0 9760 950000 8550 7124 958750 6706
27059.904915 133153 300 300 300 300 73 46 0 73 52 0 73 42 0 73 44 0 9760 950000 8550 7124 958750 6706
27060.104936 133154 300 300 300 300 73 46 0 73 52 0 73 42 0 73 44 0 9760 950000 8550 7124 958750 6706
27060.304905 133155 300 300 300 300 73 46 0 73 52 0 73 42 0 73 44 0 9760 950000 8550 7124 958750 6706
27060.504913 133156 300 300 300 300 73 46 0 73 52 0 73 42 0 73 44 0 10004 950000 9500 7124 958750 6706
27060.704913 133157 300 300 300 300 73 46 0 73 52 0 73 42 0 73 44 0 10004 950000 9500 7124 958750 6706
27060.904914 133158 300 300 300 300 73 46 0 73 52 0 73 42 0 73 44 0 10004 950000 9500 7124 958750 6706
27061.104934 133159 300 300 300 300 73 46 0 73 52 0 73 42 0 73 44 0 9760 950000 8550 7398 958750 6706
27061.304861 133160 300 300 300 300 73 46 0 73 52 0 73 42 0 73 44 0 10248 950000 9500 7124 958750 6706
27061.504861 133161 300 300 300 300 73 46 0 73 52 0 73 42 0 73 44 0 9760 950000 8550 7124 958750 6706
27061.704868 133162 300 300 300 300 73 46 0 73 52 0 73 42 0 73 44 0 9760 950000 8550 7124 958750 6706
27061.904906 133163 300 300 300 300 73 46 0 73 52 0 73 42 0 73 44 0 33733 950000 31350 7124 958750 6706
27062.104951 133164 300 300 300 300 73 46 0 73 52 0 73 42 0 73 44 0 10248 950000 9500 7124 958750 6706
27062.304957 133165 300 300 300 300 73 46 0 73 52 0 73 42 0 73 44 0 10004 950000 9500 7398 958750 6706
27062.504975 133166 300 300 300 300 73 46 0 73 52 0 73 42 0 73 44 0 10004 950000 9500 7398 958750 6706
27062.704928 133167 300 300 300 300 73 46 0 73 52 0 73 42 0 73 44 0 41236 948750 38868 7124 958750 6706
27062.909990 133168 300 300 300 300 73 46 0 73 52 0 73 42 0 73 44 0 58011 947500 54926 7124 958750 6706
27063.109947 133169 300 300 300 300 73 46 0 73 52 0 73 42 0 73 44 0 64477 947500 60608 7398 958750 6706
27063.309936 133170 300 300 300 300 73 46 0 73 52 0 73 42 0 73 44 0 64477 947500 60608 7398 958750 6706
27063.509955 133171 300 300 300 300 73 46 0 73 52 0 73 42 0 73 44 0 63013 947500 59661 7124 958750 6706
27063.709954 133172 300 300 300 300 73 46 0 73 52 0 73 42 0 73 44 0 62769 947500 58714 7398 958750 6706
27063.909921 133173 300 300 300 300 73 46 0 73 52 0 73 42 0 73 44 0 61976 947500 57767 7398 958750 6706
27064.114971 133174 300 300 300 300 73 46 0 73 52 0 73 42 0 73 44 0 61976 947500 57767 7398 958750 6706
27064.314986 133175 300 300 300 300 73 46 0 73 52 0 73 42 0 73 44 0 61488 948750 57828 7398 958750 6706
27064.514911 133176 300 300 300 300 73 46 0 73 52 0 73 42 0 73 44 0 59719 948750 55932 7124 958750 6706
27064.714919 133177 300 300 300 300 73 46 0 73 52 0 73 42 0 73 44 0 57218 948750 54036 7398 958750 6706
27064.914918 133178 300 300 300 300 73 46 0 73 52 0 73 42 0 73 44 0 57218 948750 54036 7398 958750 6706
27065.114934 133179 300 300 300 300 73 46 0 73 52 0 73 42 0 73 44 0 53985 948750 50244 7398 958750 6706
27065.314916 133180 300 300 300 300 73 46 0 73 52 0 73 42 0 73 44 0 53253 948750 50244 7398 958750 6706
27065.514915 133181 300 300 300 300 73 46 0 73 52 0 73 42 0 73 44 0 53253 948750 50244 7398 958750 6706
27065.714916 133182 300 300 300 300 73 46 0 73 52 0 73 42 0 73 44 0 53253 948750 50244 7398 958750 6706
27065.914916 133183 300 300 300 300 73 46 0 73 52 0 73 42 0 73 44 0 53253 948750 50244 7124 958750 6706
27066.114937 133184 300 300 300 300 73 46 0 73 52 0 73 42 0 73 44 0 53253 948750 50244 7124 958750 6706
27066.314915 133185 300 300 300 300 73 46 0 73 52 0 73 42 0 73 44 0 53253 948750 50244 7124 958750 6706
27066.514915 133186 300 300 300 300 73 46 0 73 52 0 73 42 0 73 44 0 53497 948750 50244 7398 958750 6706
27066.714915 133187 300 300 300 300 73 46 0 73 52 0 73 42 0 73 44 0 53497 948750 50244 7398 958750 6706
27066.914864 133188 300 300 300 300 73 46 0 73 52 0 73 42 0 73 44 0 53253 948750 50244 7398 958750 6706
27067.114884 133189 300 300 300 300 73 46 0 73 52 0 73 42 0 73 44 0 53253 948750 50244 7124 958750 6706
27067.314853 133190 300 300 300 300 73 46 0 73 52 0 73 42 0 73 44 0 53741 948750 50244 7398 958750 6706
27067.514968 133191 300 300 300 300 73 46 0 73 52 0 73 42 0 73 44 0 53741 948750 50244 7398 958750 6706
27067.714923 133192 300 300 300 300 73 46 0 73 52 0 73 42 0 73 44 0 53253 948750 50244 7398 958750 6706
27067.914920 133193 300 300 300 300 73 46 0 73 52 0 73 42 0 73 44 0 53497 948750 50244 7124 958750 6706
27068.114943 133194 300 300 300 300 73 46 0 73 52 0 73 42 0 73 44 0 53497 948750 50244 7124 958750 6706
27068.314921 133195 300 300 300 300 73 46 0 73 52 0 73 42 0 73 44 0 53497 948750 50244 7124 958750 6706
27068.514921 133196 300 300 300 300 73 46 0 73 52 0 73 42 0 73 44 0 53741 948750 50244 7124 958750 6706
27068.714921 133197 300 300 300 300 73 46 0 73 52 0 73 42 0 73 44 0 53253 948750 50244 7124 958750 6706
27068.914920 133198 300 300 300 300 73 46 0 73 52 0 73 42 0 73 44 0 52765 948750 49296 7398 958750 6706
27069.114941 133199 300 300 300 300 73 46 0 73 52 0 73 42 0 73 44 0 52765 948750 49296 7398 958750 6706
27069.314921 133200 300 300 300 300 73 46 0 73 52 0 73 42 0 73 44 0 53009 948750 50244 7398 958750 6706
27069.514921 133201 300 300 300 300 73 46 0 73 52 0 73 42 0 73 44 0 53253 948750 50244 7398 958750 6706
27069.714909 133202 300 300 300 300 73 46 0 73 52 0 73 42 0 73 44 0 53253 948750 50244 7124 958750 6706
27069.914920 133203 300 300 300 300 73 46 0 73 52 0 73 42 0 73 44 0 53253 948750 50244 7124 958750 6706
27070.114942 133204 300 300 300 300 73 46 0 73 52 0 73 42 0 73 44 0 53497 948750 50244 7398 958750 6706
27070.314921 133205 300 300 300 300 73 46 0 73 52 0 73 42 0 73 44 0 53253 948750 50244 7124 958750 6706
27070.514923 133206 300 300 300 300 73 46 0 73 52 0 73 42 0 73 44 0 52765 948750 49296 7398 958750 6706
27070.714939 133207 300 300 300 300 73 46 0 73 52 0 73 42 0 73 44 0 52765 948750 49296 7398 958750 6706
27070.914939 133208 300 300 300 300 73 46 0 73 52 0 73 42 0 73 44 0 53009 948750 50244 7398 958750 6706
27071.114961 133209 300 300 300 300 73 46 0 73 52 0 73 42 0 73 44 0 53009 948750 50244 7398 958750 6706
27071.314940 133210 300 300 300 300 73 46 0 73 52 0 73 42 0 73 44 0 53253 948750 50244 7124 958750 6706
27071.514939 133211 300 300 300 300 73 46 0 73 52 0 73 42 0 73 44 0 53253 948750 50244 7124 958750 6706
27071.714939 133212 300 300 300 300 73 46 0 73 52 0 73 42 0 73 44 0 53253 948750 50244 7124 958750 6706
27071.914939 133213 300 300 300 300 73 46 0 73 52 0 73 42 0 73 44 0 53253 948750 50244 7124 958750 6706
27072.114930 133214 300 300 300 300 73 46 0 73 52 0 73 42 0 73 44 0 53741 948750 50244 7124 958750 6706
27072.314864 133215 300 300 300 300 73 46 0 73 52 0 73 42 0 73 44 0 53497 948750 50244 7124 958750 6706
27072.514940 133216 300 300 300 300 73 46 0 73 52 0 73 42 0 73 44 0 53497 948750 50244 7124 958750 6706
27072.714939 133217 300 300 300 300 73 46 0 73 52 0 73 42 0 73 44 0 53253 948750 50244 7124 958750 6706
27072.914939 133218 300 300 300 300 73 46 0 73 52 0 73 42 0 73 44 0 53009 948750 50244 7124 958750 6706
27073.114958 133219 300 300 300 300 73 46 0 73 52 0 73 42 0 73 44 0 53253 948750 50244 7124 958750 6706
27073.314940 133220 300 300 300 300 73 46 0 73 52 0 73 42 0 73 44 0 53253 948750 50244 7124 958750 6706
27073.514942 133221 300 300 300 300 73 46 0 73 52 0 73 42 0 73 44 0 53253 948750 50244 7124 958750 6706
27073.714939 133222 300 300 300 300 73 46 0 73 52 0 73 42 0 73 44 0 53253 948750 50244 7124 958750 6706
27073.914939 133223 300 300 300 300 73 46 0 73 52 0 73 42 0 73 44 0 53497 948750 50244 7398 958750 6706
27074.114961 133224 300 300 300 300 73 46 0 73 52 0 73 42 0 73 44 0 53497 948750 50244 7398 958750 6706
27074.314940 133225 300 300 300 300 73 46 0 73 52 0 73 42 0 73 44 0 53253 948750 50244 7398 958750 6706
27074.514929 133226 300 300 300 300 73 46 0 73 52 0 73 42 0 73 44 0 53497 948750 50244 7398 958750 6706
27074.714940 133227 300 300 300 300 73 46 0 73 52 0 73 42 0 73 44 0 53253 948750 50244 7124 958750 6706
27074.914940 133228 300 300 300 300 73 46 0 73 52 0 73 42 0 73 44 0 53253 948750 50244 7124 958750 6706
27075.114960 133229 300 300 300 300 73 46 0 73 52 0 73 42 0 73 44 0 53253 948750 50244 7398 958750 6706
27075.314942 133230 300 300 300 300 73 46 0 73 52 0 73 42 0 73 44 0 53253 948750 50244 7398 958750 6706
27075.514939 133231 300 300 300 300 73 46 0 73 52 0 73 42 0 73 44 0 53253 948750 50244 7124 958750 6706
27075.714940 133232 300 300 300 300 73 46 0 73 52 0 73 42 0 73 44 0 53253 948750 50244 7124 958750 6706
27075.914939 133233 300 300 300 300 73 46 0 73 52 0 73 42 0 73 44 0 53253 948750 50244 7398 958750 6706
27076.114960 133234 300 300 300 300 73 46 0 73 52 0 73 42 0 73 44 0 53497 948750 50244 7398 958750 6706
27076.314939 133235 300 300 300 300 73 46 0 73 52 0 73 42 0 73 44 0 53253 948750 50244 7124 958750 6706
27076.514945 133236 300 300 300 300 73 46 0 73 52 0 73 42 0 73 44 0 53253 948750 50244 7124 958750 6706
27076.714939 133237 300 300 300 300 73 46 0 73 52 0 73 42 0 73 44 0 53253 948750 50244 7124 958750 6706
27076.914929 133238 300 300 300 300 73 46 0 73 52 0 73 42 0 73 44 0 53741 948750 50244 7124 958750 6706
27077.114959 133239 300 300 300 300 73 46 0 73 52 0 73 42 0 73 44 0 53009 948750 50244 7124 958750 6706
27077.314939 133240 300 300 300 300 73 46 0 73 52 0 73 42 0 73 44 0 53009 948750 50244 7124 958750 6706
27077.514940 133241 300 300 300 300 73 46 0 73 52 0 73 42 0 73 44 0 53009 948750 50244 7124 958750 6706
27077.714939 133242 300 300 300 300 73 46 0 73 52 0 73 42 0 73 44 0 53253 948750 50244 7124 958750 6706
27077.914939 133243 300 300 300 300 73 46 0 73 52 0 73 42 0 73 44 0 53253 948750 50244 7124 958750 6706
27078.114940 133244 300 300 300 300 73 46 0 73 52 0 73 42 0 73 44 0 53253 948750 50244 7124 958750 6706
27078.314939 133245 300 300 300 300 73 46 0 73 52 0 73 42 0 73 44 0 53497 948750 50244 7124 958750 6706
27078.514939 133246 300 300 300 300 73 46 0 73 52 0 73 42 0 73 44 0 53253 948750 50244 7398 958750 6706
27078.714939 133247 300 300 300 300 73 46 0 73 52 0 73 42 0 73 44 0 53497 948750 50244 7124 958750 6706
27078.914915 133248 300 300 300 300 73 46 0 73 52 0 73 42 0 73 44 0 53253 948750 50244 7398 958750 6706
27079.114959 133249 300 300 300 300 73 46 0 73 52 0 73 42 0 73 44 0 53253 948750 50244 7398 958750 6706
27079.314929 133250 300 300 300 300 73 46 0 73 52 0 73 42 0 73 44 0 53741 948750 50244 7124 958750 6706
27079.514946 133251 300 300 300 300 73 46 0 73 52 0 73 42 0 73 44 0 53009 948750 50244 7398 958750 6706
27079.714940 133252 300 300 300 300 73 46 0 73 52 0 73 42 0 73 44 0 53253 948750 50244 7398 958750 6706
27079.914940 133253 300 300 300 300 73 46 0 73 52 0 73 42 0 73 44 0 53253 948750 50244 7398 958750 6706
27080.114962 133254 300 300 300 300 73 46 0 73 52 0 73 42 0 73 44 0 53253 948750 50244 7398 958750 6706
27080.314940 133255 300 300 300 300 73 46 0 73 52 0 73 42 0 73 44 0 53497 948750 50244 7124 958750 6706
27080.514939 133256 300 300 300 300 73 46 0 73 52 0 73 42 0 73 44 0 53009 948750 50244 7124 958750 6706
27080.714939 133257 300 300 300 300 73 46 0 73 52 0 73 42 0 73 44 0 53009 948750 50244 7124 958750 6706
27080.914939 133258 300 300 300 300 73 46 0 73 52 0 73 42 0 73 44 0 53497 948750 50244 7124 958750 6706
27081.114960 133259 300 300 300 300 73 46 0 73 52 0 73 42 0 73 44 0 53253 948750 50244 7124 958750 6706
27081.314939 133260 300 300 300 300 73 46 0 73 52 0 73 42 0 73 44 0 53253 948750 50244 7124 958750 6706
27081.514939 133261 300 300 300 300 73 46 0 73 52 0 73 42 0 73 44 0 53253 948750 50244 7124 958750 6706
27081.714930 133262 300 300 300 300 73 46 0 73 52 0 73 42 0 73 44 0 53497 948750 50244 7124 958750 6706
27081.914939 133263 300 300 300 300 73 46 0 73 52 0 73 42 0 73 44 0 53009 948750 50244 7124 958750 6706
27082.114959 133264 300 300 300 300 73 46 0 73 52 0 73 42 0 73 44 0 53253 948750 50244 7124 958750 6706
27082.314939 133265 300 300 300 300 73 46 0 73 52 0 73 42 0 73 44 0 53253 948750 50244 7124 958750 6706
27082.514943 133266 300 300 300 300 73 46 0 73 52 0 73 42 0 73 44 0 53253 948750 50244 7398 958750 6706
27082.714938 133267 300 300 300 300 73 46 0 73 52 0 73 42 0 73 44 0 53253 948750 50244 7124 958750 6706
27082.914939 133268 300 300 300 300 73 46 0 73 52 0 73 42 0 73 44 0 53497 948750 50244 7124 958750 6706
27083.114960 133269 300 300 300 300 73 46 0 73 52 0 73 42 0 73 44 0 53497 948750 50244 7124 958750 6706
27083.314939 133270 300 300 300 300 73 46 0 73 52 0 73 42 0 73 44 0 53497 948750 50244 7398 958750 6706
27083.514939 133271 300 300 300 300 73 46 0 73 52 0 73 42 0 73 44 0 53253 948750 50244 7124 958750 6706
27083.714939 133272 300 300 300 300 73 46 0 73 52 0 73 42 0 73 44 0 53497 948750 50244 7124 958750 6706
27083.914939 133273 300 300 300 300 73 46 0 73 52 0 73 42 0 73 44 0 53497 948750 50244 7124 958750 6706
27084.114952 133274 300 300 300 300 73 46 0 73 52 0 73 42 0 73 44 0 53497 948750 50244 7124 958750 6706
27084.314939 133275 300 300 300 300 73 46 0 73 52 0 73 42 0 73 44 0 53253 948750 50244 7124 958750 6706
27084.514940 133276 300 300 300 300 73 46 0 73 52 0 73 42 0 73 44 0 53497 948750 50244 7124 958750 6706
27084.714920 133277 300 300 300 300 73 46 0 73 52 0 73 42 0 73 44 0 53497 948750 50244 7124 958750 6706
27084.914939 133278 300 300 300 300 73 46 0 73 52 0 73 42 0 73 44 0 53009 948750 50244 7124 958750 6706
27085.114962 133279 300 300 300 300 73 46 0 73 52 0 73 42 0 73 44 0 53253 948750 50244 7124 958750 6706
27085.314940 133280 300 300 300 300 73 46 0 73 52 0 73 42 0 73 44 0 53253 948750 50244 7124 958750 6706
27085.514941 133281 300 300 300 300 73 46 0 73 52 0 73 42 0 73 44 0 53253 948750 50244 7124 958750 6706
27085.714940 133282 300 300 300 300 73 46 0 73 52 0 73 42 0 73 44 0 53253 948750 50244 7124 958750 6706
27085.914939 133283 300 300 300 300 73 46 0 73 52 0 73 42 0 73 44 0 53009 948750 50244 7398 958750 6706
27086.114960 133284 300 300 300 300 73 46 0 73 52 0 73 42 0 73 44 0 53253 948750 50244 7124 958750 6706
27086.314928 133285 300 300 300 300 73 46 0 73 52 0 73 42 0 73 44 0 53253 948750 50244 7124 958750 6706
27086.514939 133286 300 300 300 300 73 46 0 73 52 0 73 42 0 73 44 0 53253 948750 50244 7124 958750 6706
27086.714939 133287 300 300 300 300 73 46 0 73 52 0 73 42 0 73 44 0 52765 948750 49296 7124 958750 6706
27086.914939 133288 300 300 300 300 73 46 0 73 52 0 73 42 0 73 44 0 52765 948750 49296 7124 958750 6706
27087.114958 133289 300 300 300 300 73 46 0 73 52 0 73 42 0 73 44 0 53009 948750 50244 7124 958750 6706
27087.314942 133290 300 300 300 300 73 46 0 73 52 0 73 42 0 73 44 0 53009 948750 50244 7124 958750 6706
27087.514929 133291 300 300 300 300 73 46 0 73 52 0 73 42 0 73 44 0 53253 948750 50244 7398 958750 6706
27087.714939 133292 300 300 300 300 73 46 0 73 52 0 73 42 0 73 44 0 53741 948750 50244 7398 958750 6706
27087.914938 133293 300 300 300 300 73 46 0 73 52 0 73 42 0 73 44 0 53497 948750 50244 7124 958750 6706
27088.114959 133294 300 300 300 300 73 46 0 73 52 0 73 42 0 73 44 0 53497 948750 50244 7124 958750 6706
27088.314939 133295 300 300 300 300 73 46 0 73 52 0 73 42 0 73 44 0 53009 948750 50244 7124 958750 6706
27088.514943 133296 300 300 300 300 73 46 0 73 52 0 73 42 0 73 44 0 53253 948750 50244 7124 958750 6706
27088.714927 133297 300 300 300 300 73 46 0 73 52 0 73 42 0 73 44 0 53253 948750 50244 7398 958750 6706
27088.914939 133298 300 300 300 300 73 46 0 73 52 0 73 42 0 73 44 0 53253 948750 50244 7398 958750 6706
27089.114961 133299 300 300 300 300 73 46 0 73 52 0 73 42 0 73 44 0 53009 948750 50244 7124 958750 6706
27089.314939 133300 300 300 300 300 73 46 0 73 52 0 73 42 0 73 44 0 53253 948750 50244 7124 958750 6706
27089.514938 133301 300 300 300 300 73 46 0 73 52 0 73 42 0 73 44 0 53253 948750 50244 7398 958750 6706
27089.714939 133302 300 300 300 300 73 46 0 73 52 0 73 42 0 73 44 0 53253 948750 50244 7398 958750 6706
27089.914930 133303 300 300 300 300 73 46 0 73 52 0 73 42 0 73 44 0 53497 947500 50191 7124 958750 6706
27090.114959 133304 300 300 300 300 73 46 0 73 52 0 73 42 0 73 44 0 53253 948750 50244 7398 958750 6706
27090.314939 133305 300 300 300 300 73 46 0 73 52 0 73 42 0 73 44 0 53741 948750 50244 7398 958750 6706
27090.514942 133306 300 300 300 300 73 46 0 73 52 0 73 42 0 73 44 0 53741 948750 50244 7398 958750 6706
27090.714940 133307 300 300 300 300 73 46 0 73 52 0 73 42 0 73 44 0 53253 948750 50244 7124 958750 6706
27090.914939 133308 300 300 300 300 73 46 0 73 52 0 73 42 0 73 44 0 52765 947500 49244 7398 958750 6706
27091.114961 133309 300 300 300 300 73 46 0 73 52 0 73 42 0 73 44 0 53009 948750 50244 7398 958750 6706
27091.314914 133310 300 300 300 300 73 46 0 73 52 0 73 42 0 73 44 0 53497 948750 50244 7124 958750 6706
27091.514944 133311 300 300 300 300 73 46 0 73 52 0 73 42 0 73 44 0 53497 948750 50244 7124 958750 6706
27091.714942 133312 300 300 300 300 73 46 0 73 52 0 73 42 0 73 44 0 53497 948750 50244 7398 958750 6706
27091.914938 133313 300 300 300 300 73 46 0 73 52 0 73 42 0 73 44 0 53009 948750 50244 7124 958750 6706
27092.114928 133314 300 300 300 300 73 46 0 73 52 0 73 42 0 73 44 0 53253 948750 50244 7124 958750 6706
27092.314939 133315 300 300 300 300 73 46 0 73 52 0 73 42 0 73 44 0 53253 948750 50244 7124 958750 6706
27092.514939 133316 300 300 300 300 73 46 0 73 52 0 73 42 0 73 44 0 52765 948750 49296 7398 958750 6706
27092.714939 133317 300 300 300 300 73 46 0 73 52 0 73 42 0 73 44 0 52765 947500 49244 7124 958750 6706
27092.914939 133318 300 300 300 300 73 46 0 73 52 0 73 42 0 73 44 0 53009 948750 50244 7398 958750 6706
27093.114939 133319 300 300 300 300 73 46 0 73 52 0 73 42 0 73 44 0 53009 948750 50244 7398 958750 6706
27093.314939 133320 300 300 300 300 73 46 0 73 52 0 73 42 0 73 44 0 53253 947500 50191 7124 958750 6706
27093.514939 133321 300 300 300 300 73 46 0 73 52 0 73 42 0 73 44 0 53009 948750 50244 7124 958750 6706
27093.714939 133322 300 300 300 300 73 46 0 73 52 0 73 42 0 73 44 0 53009 948750 50244 7398 958750 6706
27093.914939 133323 300 300 300 300 73 46 0 73 52 0 73 42 0 73 44 0 53009 948750 50244 7398 958750 6706
27094.114959 133324 300 300 300 300 73 46 0 73 52 0 73 42 0 73 44 0 53009 948750 50244 7124 958750 6706
27094.314939 133325 300 300 300 300 73 46 0 73 52 0 73 42 0 73 44 0 53253 948750 50244 7398 958750 6706
27094.514928 133326 300 300 300 300 73 46 0 73 52 0 73 42 0 73 44 0 53497 948750 50244 7124 958750 6706
27094.714939 133327 300 300 300 300 73 46 0 73 52 0 73 42 0 73 44 0 53497 948750 50244 7124 958750 6706
27094.914939 133328 300 300 300 300 73 46 0 73 52 0 73 42 0 73 44 0 53253 948750 50244 7124 958750 6706
27095.114960 133329 300 300 300 300 73 46 0 73 52 0 73 42 0 73 44 0 53253 948750 50244 7398 958750 6706
27095.314938 133330 300 300 300 300 73 46 0 73 52 0 73 42 0 73 44 0 53497 948750 50244 7398 958750 6706
27095.514941 133331 300 300 300 300 73 46 0 73 52 0 73 42 0 73 44 0 53497 948750 50244 7398 958750 6706
27095.714941 133332 300 300 300 300 73 46 0 73 52 0 73 42 0 73 44 0 53009 948750 50244 7124 958750 6706
27095.914939 133333 300 300 300 300 73 46 0 73 52 0 73 42 0 73 44 0 53497 947500 50191 7124 958750 6706
27096.114961 133334 300 300 300 300 73 46 0 73 52 0 73 42 0 73 44 0 53009 948750 50244 7124 958750 6706
27096.314939 133335 300 300 300 300 73 46 0 73 52 0 73 42 0 73 44 0 53009 948750 50244 7124 958750 6706
27096.514939 133336 300 300 300 300 73 46 0 73 52 0 73 42 0 73 44 0 53497 948750 50244 7124 958750 6706
27096.714939 133337 300 300 300 300 73 46 0 73 52 0 73 42 0 73 44 0 53497 948750 50244 7398 958750 6706
27096.914927 133338 300 300 300 300 73 46 0 73 52 0 73 42 0 73 44 0 53009 947500 50191 7124 958750 6706
27097.114941 133339 300 300 300 300 73 46 0 73 52 0 73 42 0 73 44 0 53009 947500 50191 7124 958750 6706
27097.314938 133340 300 300 300 300 73 46 0 73 52 0 73 42 0 73 44 0 53009 948750 50244 7124 958750 6706
27097.514942 133341 300 300 300 300 73 46 0 73 52 0 73 42 0 73 44 0 53253 948750 50244 7124 958750 6706
27097.714939 133342 300 300 300 300 73 46 0 73 52 0 73 42 0 73 44 0 53009 948750 50244 7398 958750 6706
27097.914914 133343 300 300 300 300 73 46 0 73 52 0 73 42 0 73 44 0 53009 948750 50244 7124 958750 6706
27098.114960 133344 300 300 300 300 73 46 0 73 52 0 73 42 0 73 44 0 53009 948750 50244 7124 958750 6706
27098.314939 133345 300 300 300 300 73 46 0 73 52 0 73 42 0 73 44 0 53253 948750 50244 7124 958750 6706
27098.514939 133346 300 300 300 300 73 46 0 73 52 0 73 42 0 73 44 0 53009 947500 50191 7398 958750 6706
27098.714939 133347 300 300 300 300 73 46 0 73 52 0 73 42 0 73 44 0 53253 947500 50191 7124 958750 6706
27098.914941 133348 300 300 300 300 73 46 0 73 52 0 73 42 0 73 44 0 53253 947500 50191 7124 958750 6706
27099.114957 133349 300 300 300 300 73 46 0 73 52 0 73 42 0 73 44 0 53497 948750 50244 7124 958750 6706
27099.314928 133350 300 300 300 300 73 46 0 73 52 0 73 42 0 73 44 0 53009 948750 50244 7398 958750 6706
27099.514939 133351 300 300 300 300 73 46 0 73 52 0 73 42 0 73 44 0 53009 948750 50244 7124 958750 6706
27099.714939 133352 300 300 300 300 73 46 0 73 52 0 73 42 0 73 44 0 53009 948750 50244 7124 958750 6706
27099.914939 133353 300 300 300 300 73 46 0 73 52 0 73 42 0 73 44 0 53009 947500 50191 7124 958750 6706
27100.114959 133354 300 300 300 300 73 46 0 73 52 0 73 42 0 73 44 0 53497 948750 50244 7398 958750 6706
27100.314939 133355 300 300 300 300 73 46 0 73 52 0 73 42 0 73 44 0 53009 948750 50244 7398 958750 6706
27100.514943 133356 300 300 300 300 73 46 0 73 52 0 73 42 0 73 44 0 53009 948750 50244 7398 958750 6706
27100.714940 133357 300 300 300 300 73 46 0 73 52 0 73 42 0 73 44 0 53253 948750 50244 7398 958750 6706
27100.914939 133358 300 300 300 300 73 46 0 73 52 0 73 42 0 73 44 0 53009 947500 50191 7124 958750 6706
27101.114966 133359 300 300 300 300 73 46 0 73 52 0 73 42 0 73 44 0 53497 947500 50191 7124 958750 6706
27101.314939 133360 300 300 300 300 73 46 0 73 52 0 73 42 0 73 44 0 53497 947500 50191 7124 958750 6706
27101.514939 133361 300 300 300 300 73 46 0 73 52 0 73 42 0 73 44 0 53497 948750 50244 7398 958750 6706
27101.714929 133362 300 300 300 300 73 46 0 73 52 0 73 42 0 73 44 0 53497 948750 50244 7398 958750 6706
27101.914939 133363 300 300 300 300 73 46 0 73 52 0 73 42 0 73 44 0 53253 948750 50244 7398 958750 6706
27102.114961 133364 300 300 300 300 73 46 0 73 52 0 73 42 0 73 44 0 53253 948750 50244 7398 958750 6706
27102.314939 133365 300 300 300 300 73 46 0 73 52 0 73 42 0 73 44 0 53741 948750 50244 7398 958750 6706
27102.514939 133366 300 300 300 300 73 46 0 73 52 0 73 42 0 73 44 0 53741 948750 50244 7398 958750 6706
27102.714938 133367 300 300 300 300 73 46 0 73 52 0 73 42 0 73 44 0 53253 948750 50244 7124 958750 6706
27102.914938 133368 300 300 300 300 73 46 0 73 52 0 73 42 0 73 44 0 53253 948750 50244 7124 958750 6706
27103.114959 133369 300 300 300 300 73 46 0 73 52 0 73 42 0 73 44 0 53009 948750 50244 7398 958750 6706
27103.314939 133370 300 300 300 300 73 46 0 73 52 0 73 42 0 73 44 0 53253 948750 50244 7398 958750 6706
27103.514942 133371 300 300 300 300 73 46 0 73 52 0 73 42 0 73 44 0 53497 948750 50244 7398 958750 6706
27103.714921 133372 300 300 300 300 73 46 0 73 52 0 73 42 0 73 44 0 53497 948750 50244 7398 958750 6706
27103.914939 133373 300 300 300 300 73 46 0 73 52 0 73 42 0 73 44 0 53009 948750 50244 7124 958750 6706
27104.114951 133374 300 300 300 300 73 46 0 73 52 0 73 42 0 73 44 0 53497 948750 50244 7124 958750 6706
27104.314939 133375 300 300 300 300 73 46 0 73 52 0 73 42 0 73 44 0 53253 948750 50244 7124 958750 6706
27104.514939 133376 300 300 300 300 73 46 0 73 52 0 73 42 0 73 44 0 53253 948750 50244 7398 958750 6706
27104.714939 133377 300 300 300 300 73 46 0 73 52 0 73 42 0 73 44 0 53253 948750 50244 7398 958750 6706
27104.914938 133378 300 300 300 300 73 46 0 73 52 0 73 42 0 73 44 0 53253 948750 50244 7124 958750 6706
27105.114960 133379 300 300 300 300 73 46 0 73 52 0 73 42 0 73 44 0 53009 948750 50244 7398 958750 6706
27105.314939 133380 300 300 300 300 73 46 0 73 52 0 73 42 0 73 44 0 53497 948750 50244 7124 958750 6706
27105.514939 133381 300 300 300 300 73 46 0 73 52 0 73 42 0 73 44 0 53497 948750 50244 7124 958750 6706
27105.714939 133382 300 300 300 300 73 46 0 73 52 0 73 42 0 73 44 0 53497 948750 50244 7398 958750 6706
27105.914939 133383 300 300 300 300 73 46 0 73 52 0 73 42 0 73 44 0 53253 948750 50244 7398 958750 6706
27106.114959 133384 300 300 300 300 73 46 0 73 52 0 73 42 0 73 44 0 53009 948750 50244 7124 958750 6706
27106.314938 133385 300 300 300 300 73 46 0 73 52 0 73 42 0 73 44 0 53009 948750 50244 7124 958750 6706
27106.514932 133386 300 300 300 300 73 46 0 73 52 0 73 42 0 73 44 0 53253 948750 50244 7398 958750 6706
27106.714938 133387 300 300 300 300 73 46 0 73 52 0 73 42 0 73 44 0 53253 948750 50244 7124 958750 6706
27106.914939 133388 300 300 300 300 73 46 0 73 52 0 73 42 0 73 44 0 53009 948750 50244 7124 958750 6706
27107.114961 133389 300 300 300 300 73 46 0 73 52 0 73 42 0 73 44 0 53009 948750 50244 7124 958750 6706
27107.314938 133390 300 300 300 300 73 46 0 73 52 0 73 42 0 73 44 0 53741 948750 50244 7124 958750 6706
27107.514941 133391 300 300 300 300 73 46 0 73 52 0 73 42 0 73 44 0 53253 948750 50244 7124 958750 6706
27107.714938 133392 300 300 300 300 73 46 0 73 52 0 73 42 0 73 44 0 53253 948750 50244 7124 958750 6706
27107.914938 133393 300 300 300 300 73 46 0 73 52 0 73 42 0 73 44 0 53253 948750 50244 7124 958750 6706
27108.114959 133394 300 300 300 300 73 46 0 73 52 0 73 42 0 73 44 0 53253 948750 50244 7398 958750 6706
27108.314938 133395 300 300 300 300 73 46 0 73 52 0 73 42 0 73 44 0 53253 948750 50244 7398 958750 6706
27108.514938 133396 300 300 300 300 73 46 0 73 52 0 73 42 0 73 44 0 53009 948750 50244 7124 958750 6706
27108.714940 133397 300 300 300 300 73 46 0 73 52 0 73 42 0 73 44 0 53009 948750 50244 7124 958750 6706
27108.914930 133398 300 300 300 300 73 46 0 73 52 0 73 42 0 73 44 0 53009 948750 50244 7124 958750 6706
27109.114961 133399 300 300 300 300 73 46 0 73 52 0 73 42 0 73 44 0 53253 948750 50244 7398 958750 6706
27109.314939 133400 300 300 300 300 73 46 0 73 52 0 73 42 0 73 44 0 53009 948750 50244 7124 958750 6706
27109.514943 133401 300 300 300 300 73 46 0 73 52 0 73 42 0 73 44 0 53009 948750 50244 7124 958750 6706
27109.714940 133402 300 300 300 300 73 46 0 73 52 0 73 42 0 73 44 0 53009 948750 50244 7124 958750 6706
27109.914939 133403 300 300 300 300 73 46 0 73 52 0 73 42 0 73 44 0 53253 947500 50191 7124 958750 6706
27110.114960 133404 300 300 300 300 73 46 0 73 52 0 73 42 0 73 44 0 53009 948750 50244 7124 958750 6706
27110.314914 133405 300 300 300 300 73 46 0 73 52 0 73 42 0 73 44 0 52765 948750 49296 7124 958750 6706
27110.514939 133406 300 300 300 300 73 46 0 73 52 0 73 42 0 73 44 0 52765 948750 49296 7124 958750 6706
27110.714939 133407 300 300 300 300 73 46 0 73 52 0 73 42 0 73 44 0 53009 948750 50244 7398 958750 6706
27110.914941 133408 300 300 300 300 73 46 0 73 52 0 73 42 0 73 44 0 53009 948750 50244 7124 958750 6706
27111.114927 133409 300 300 300 300 73 46 0 73 52 0 73 42 0 73 44 0 53497 948750 50244 7398 958750 6706
27111.314938 133410 300 300 300 300 73 46 0 73 52 0 73 42 0 73 44 0 53497 948750 50244 7398 958750 6706
27111.514938 133411 300 300 300 300 73 46 0 73 52 0 73 42 0 73 44 0 53253 948750 50244 7124 958750 6706
27111.714938 133412 300 300 300 300 73 46 0 73 52 0 73 42 0 73 44 0 53009 948750 50244 7398 958750 6706
27111.914939 133413 300 300 300 300 73 46 0 73 52 0 73 42 0 73 44 0 52765 948750 49296 7124 958750 6706
27112.114959 133414 300 300 300 300 73 46 0 73 52 0 73 42 0 73 44 0 52765 948750 49296 7124 958750 6706
27112.314930 133415 300 300 300 300 73 46 0 73 52 0 73 42 0 73 44 0 53253 948750 50244 7398 958750 6706
27112.514942 133416 300 300 300 300 73 46 0 73 52 0 73 42 0 73 44 0 53253 948750 50244 7124 958750 6706
27112.714939 133417 300 300 300 300 73 46 0 73 52 0 73 42 0 73 44 0 53253 948750 50244 7398 958750 6706
27112.914939 133418 300 300 300 300 73 46 0 73 52 0 73 42 0 73 44 0 53253 948750 50244 7398 958750 6706
27113.114960 133419 300 300 300 300 73 46 0 73 52 0 73 42 0 73 44 0 53497 947500 50191 7124 958750 6706
27113.314939 133420 300 300 300 300 73 46 0 73 52 0 73 42 0 73 44 0 53741 948750 50244 7124 958750 6706
27113.514928 133421 300 300 300 300 73 46 0 73 52 0 73 42 0 73 44 0 53253 948750 50244 7124 958750 6706
27113.714938 133422 300 300 300 300 73 46 0 73 52 0 73 42 0 73 44 0 53253 948750 50244 7124 958750 6706
27113.914939 133423 300 300 300 300 73 46 0 73 52 0 73 42 0 73 44 0 53497 947500 50191 7124 958750 6706
27114.114962 133424 300 300 300 300 73 46 0 73 52 0 73 42 0 73 44 0 53009 948750 50244 7398 958750 6706
27114.314939 133425 300 300 300 300 73 46 0 73 52 0 73 42 0 73 44 0 53985 948750 50244 7124 958750 6706
27114.514939 133426 300 300 300 300 73 46 0 73 52 0 73 42 0 73 44 0 53985 948750 50244 7124 958750 6706
27114.714929 133427 300 300 300 300 73 46 0 73 52 0 73 42 0 73 44 0 52765 948750 49296 7398 958750 6706
27114.914939 133428 300 300 300 300 73 46 0 73 52 0 73 42 0 73 44 0 53009 948750 50244 7398 958750 6706
27115.114958 133429 300 300 300 300 73 46 0 73 52 0 73 42 0 73 44 0 53253 948750 50244 7124 958750 6706
27115.314939 133430 300 300 300 300 73 46 0 73 52 0 73 42 0 73 44 0 53253 948750 50244 7124 958750 6706
27115.514933 133431 300 300 300 300 73 46 0 73 52 0 73 42 0 73 44 0 53253 948750 50244 7124 958750 6706
27115.714939 133432 300 300 300 300 73 46 0 73 52 0 73 42 0 73 44 0 53253 948750 50244 7124 958750 6706
27115.914938 133433 300 300 300 300 73 46 0 73 52 0 73 42 0 73 44 0 53009 948750 50244 7124 958750 6706
27116.114943 133434 300 300 300 300 73 46 0 73 52 0 73 42 0 73 44 0 53009 948750 50244 7124 958750 6706
27116.314938 133435 300 300 300 300 73 46 0 73 52 0 73 42 0 73 44 0 53253 947500 50191 7124 958750 6706
27116.514939 133436 300 300 300 300 73 46 0 73 52 0 73 42 0 73 44 0 53497 947500 50191 7398 958750 6706
27116.714938 133437 300 300 300 300 73 46 0 73 52 0 73 42 0 73 44 0 52765 948750 49296 7398 958750 6706
27116.914902 133438 300 300 300 300 73 46 0 73 52 0 73 42 0 73 44 0 53009 948750 50244 7124 958750 6706
27117.114958 133439 300 300 300 300 73 46 0 73 52 0 73 42 0 73 44 0 53009 948750 50244 7124 958750 6706
27117.314939 133440 300 300 300 300 73 46 0 73 52 0 73 42 0 73 44 0 53497 948750 50244 7124 958750 6706
27117.514939 133441 300 300 300 300 73 46 0 73 52 0 73 42 0 73 44 0 53253 948750 50244 7124 958750 6706
27117.714938 133442 300 300 300 300 73 46 0 73 52 0 73 42 0 73 44 0 53009 947500 50191 7398 958750 6706
27117.914938 133443 300 300 300 300 73 46 0 73 52 0 73 42 0 73 44 0 53009 947500 50191 7398 958750 6706
27118.114958 133444 300 300 300 300 73 46 0 73 52 0 73 42 0 73 44 0 53253 948750 50244 7398 958750 6706
27118.314940 133445 300 300 300 300 73 46 0 73 52 0 73 42 0 73 44 0 53253 948750 50244 7124 958750 6706
27118.514942 133446 300 300 300 300 73 46 0 73 52 0 73 42 0 73 44 0 53253 948750 50244 7124 958750 6706
27118.714939 133447 300 300 300 300 73 46 0 73 52 0 73 42 0 73 44 0 53253 948750 50244 7124 958750 6706
27118.914938 133448 300 300 300 300 73 46 0 73 52 0 73 42 0 73 44 0 53253 948750 50244 7124 958750 6706
27119.114959 133449 300 300 300 300 73 46 0 73 52 0 73 42 0 73 44 0 53497 948750 50244 7124 958750 6706
27119.314927 133450 300 300 300 300 73 46 0 73 52 0 73 42 0 73 44 0 53497 948750 50244 7124 958750 6706
27119.514938 133451 300 300 300 300 73 46 0 73 52 0 73 42 0 73 44 0 53497 948750 50244 7124 958750 6706
27119.714939 133452 300 300 300 300 73 46 0 73 52 0 73 42 0 73 44 0 53253 948750 50244 7398 958750 6706
27119.914939 133453 300 300 300 300 73 46 0 73 52 0 73 42 0 73 44 0 53497 948750 50244 7124 958750 6706
27120.114959 133454 300 300 300 300 73 46 0 73 52 0 73 42 0 73 44 0 53253 948750 50244 7124 958750 6706
27120.314939 133455 300 300 300 300 73 46 0 73 52 0 73 42 0 73 44 0 53253 948750 50244 7124 958750 6706
27120.514940 133456 300 300 300 300 73 46 0 73 52 0 73 42 0 73 44 0 53253 948750 50244 7124 958750 6706
27120.714938 133457 300 300 300 300 73 46 0 73 52 0 73 42 0 73 44 0 53009 948750 50244 7124 958750 6706
27120.914938 133458 300 300 300 300 73 46 0 73 52 0 73 42 0 73 44 0 53009 948750 50244 7398 958750 6706
27121.114959 133459 300 300 300 300 73 46 0 73 52 0 73 42 0 73 44 0 53009 948750 50244 7398 958750 6706
27121.314927 133460 300 300 300 300 73 46 0 73 52 0 73 42 0 73 44 0 52765 948750 49296 7124 958750 6706
27121.514942 133461 300 300 300 300 73 46 0 73 52 0 73 42 0 73 44 0 53497 948750 50244 7398 958750 6706
27121.714928 133462 300 300 300 300 73 46 0 73 52 0 73 42 0 73 44 0 53497 948750 50244 7124 958750 6706
27121.914938 133463 300 300 300 300 73 46 0 73 52 0 73 42 0 73 44 0 53497 948750 50244 7124 958750 6706
27122.114959 133464 300 300 300 300 73 46 0 73 52 0 73 42 0 73 44 0 53253 948750 50244 7398 958750 6706
27122.314938 133465 300 300 300 300 73 46 0 73 52 0 73 42 0 73 44 0 53253 948750 50244 7124 958750 6706
27122.514939 133466 300 300 300 300 73 46 0 73 52 0 73 42 0 73 44 0 53497 948750 50244 7124 958750 6706
27122.714920 133467 300 300 300 300 73 46 0 73 52 0 73 42 0 73 44 0 53497 948750 50244 7124 958750 6706
27122.914939 133468 300 300 300 300 73 46 0 73 52 0 73 42 0 73 44 0 53253 948750 50244 7124 958750 6706
27123.114959 133469 300 300 300 300 73 46 0 73 52 0 73 42 0 73 44 0 53741 948750 50244 7124 958750 6706
27123.314938 133470 300 300 300 300 73 46 0 73 52 0 73 42 0 73 44 0 53497 948750 50244 7398 958750 6706
27123.514938 133471 300 300 300 300 73 46 0 73 52 0 73 42 0 73 44 0 53009 948750 50244 7124 958750 6706
27123.714941 133472 300 300 300 300 73 46 0 73 52 0 73 42 0 73 44 0 53009 948750 50244 7124 958750 6706
27123.914938 133473 300 300 300 300 73 46 0 73 52 0 73 42 0 73 44 0 53253 948750 50244 7398 958750 6706
27124.114929 133474 300 300 300 300 73 46 0 73 52 0 73 42 0 73 44 0 53253 948750 50244 7124 958750 6706
27124.314914 133475 300 300 300 300 73 46 0 73 52 0 73 42 0 73 44 0 53253 948750 50244 7398 958750 6706
27124.514916 133476 300 300 300 300 73 46 0 73 52 0 73 42 0 73 44 0 53253 948750 50244 7398 958750 6706
27124.714913 133477 300 300 300 300 73 46 0 73 52 0 73 42 0 73 44 0 53253 948750 50244 7124 958750 6706
27124.914914 133478 300 300 300 300 73 46 0 73 52 0 73 42 0 73 44 0 53253 948750 50244 7398 958750 6706
27125.114935 133479 300 300 300 300 73 46 0 73 52 0 73 42 0 73 44 0 53497 948750 50244 7398 958750 6706
27125.314914 133480 300 300 300 300 73 46 0 73 52 0 73 42 0 73 44 0 53497 948750 50244 7398 958750 6706
27125.514915 133481 300 300 300 300 73 46 0 73 52 0 73 42 0 73 44 0 53497 948750 50244 7124 958750 6706
27125.714914 133482 300 300 300 300 73 46 0 73 52 0 73 42 0 73 44 0 53009 948750 50244 7124 958750 6706
27125.914915 133483 300 300 300 300 73 46 0 73 52 0 73 42 0 73 44 0 53253 948750 50244 7398 958750 6706
27126.114937 133484 300 300 300 300 73 46 0 73 52 0 73 42 0 73 44 0 53253 948750 50244 7398 958750 6706
27126.314915 133485 300 300 300 300 73 46 0 73 52 0 73 42 0 73 44 0 53497 948750 50244 7398 958750 6706
27126.514903 133486 300 300 300 300 73 46 0 73 52 0 73 42 0 73 44 0 53253 948750 50244 7124 958750 6706
27126.714864 133487 300 300 300 300 73 46 0 73 52 0 73 42 0 73 44 0 52765 948750 49296 7398 958750 6706
27126.914863 133488 300 300 300 300 73 46 0 73 52 0 73 42 0 73 44 0 52765 948750 49296 7398 958750 6706
27127.114883 133489 300 300 300 300 73 46 0 73 52 0 73 42 0 73 44 0 53253 948750 50244 7124 958750 6706
27127.314922 133490 300 300 300 300 73 46 0 73 52 0 73 42 0 73 44 0 53253 948750 50244 7124 958750 6706
27127.514925 133491 300 300 300 300 73 46 0 73 52 0 73 42 0 73 44 0 53009 948750 50244 7124 958750 6706
27127.714922 133492 300 300 300 300 73 46 0 73 52 0 73 42 0 73 44 0 53009 948750 50244 7124 958750 6706
27127.914921 133493 300 300 300 300 73 46 0 73 52 0 73 42 0 73 44 0 53497 948750 50244 7124 958750 6706
27128.114941 133494 300 300 300 300 73 46 0 73 52 0 73 42 0 73 44 0 53253 948750 50244 7124 958750 6706
27128.314921 133495 300 300 300 300 73 46 0 73 52 0 73 42 0 73 44 0 53009 948750 50244 7398 958750 6706
27128.514921 133496 300 300 300 300 73 46 0 73 52 0 73 42 0 73 44 0 53009 948750 50244 7398 958750 6706
27128.714920 133497 300 300 300 300 73 46 0 73 52 0 73 42 0 73 44 0 53497 948750 50244 7398 958750 6706
27128.914911 133498 300 300 300 300 73 46 0 73 52 0 73 42 0 73 44 0 53253 948750 50244 7398 958750 6706
27129.114942 133499 300 300 300 300 73 46 0 73 52 0 73 42 0 73 44 0 53253 948750 50244 7124 958750 6706
27129.314915 133500 300 300 300 300 73 46 0 73 52 0 73 42 0 73 44 0 53009 948750 50244 7398 958750 6706
27129.514921 133501 300 300 300 300 73 46 0 73 52 0 73 42 0 73 44 0 53009 948750 50244 7398 958750 6706
27129.714921 133502 300 300 300 300 73 46 0 73 52 0 73 42 0 73 44 0 53253 948750 50244 7398 958750 6706
27129.914921 133503 300 300 300 300 73 46 0 73 52 0 73 42 0 73 44 0 53009 948750 50244 7124 958750 6706
27130.114942 133504 300 300 300 300 73 46 0 73 52 0 73 42 0 73 44 0 53009 948750 50244 7124 958750 6706
27130.314921 133505 300 300 300 300 73 46 0 73 52 0 73 42 0 73 44 0 53009 948750 50244 7124 958750 6706
27130.514934 133506 300 300 300 300 73 46 0 73 52 0 73 42 0 73 44 0 53497 948750 50244 7124 958750 6706
27130.714939 133507 300 300 300 300 73 46 0 73 52 0 73 42 0 73 44 0 53253 948750 50244 7398 958750 6706
27130.914939 133508 300 300 300 300 73 46 0 73 52 0 73 42 0 73 44 0 53253 948750 50244 7398 958750 6706
27131.114962 133509 300 300 300 300 73 46 0 73 52 0 73 42 0 73 44 0 53253 948750 50244 7398 958750 6706
27131.314929 133510 300 300 300 300 73 46 0 73 52 0 73 42 0 73 44 0 53253 948750 50244 7124 958750 6706
27131.514940 133511 300 300 300 300 73 46 0 73 52 0 73 42 0 73 44 0 53253 948750 50244 7124 958750 6706
27131.714939 133512 300 300 300 300 73 46 0 73 52 0 73 42 0 73 44 0 53009 948750 50244 7124 958750 6706
27131.914938 133513 300 300 300 300 73 46 0 73 52 0 73 42 0 73 44 0 53009 948750 50244 7124 958750 6706
27132.114960 133514 300 300 300 300 73 46 0 73 52 0 73 42 0 73 44 0 53009 948750 50244 7124 958750 6706
27132.314939 133515 300 300 300 300 73 46 0 73 52 0 73 42 0 73 44 0 53009 948750 50244 7124 958750 6706
27132.514939 133516 300 300 300 300 73 46 0 73 52 0 73 42 0 73 44 0 53497 948750 50244 7398 958750 6706
27132.714939 133517 300 300 300 300 73 46 0 73 52 0 73 42 0 73 44 0 53497 948750 50244 7398 958750 6706
27132.914939 133518 300 300 300 300 73 46 0 73 52 0 73 42 0 73 44 0 53253 948750 50244 7398 958750 6706
27133.114959 133519 300 300 300 300 73 46 0 73 52 0 73 42 0 73 44 0 53253 948750 50244 7124 958750 6706
27133.314939 133520 300 300 300 300 73 46 0 73 52 0 73 42 0 73 44 0 53253 948750 50244 7398 958750 6706
27133.514934 133521 300 300 300 300 73 46 0 73 52 0 73 42 0 73 44 0 53253 948750 50244 7398 958750 6706
27133.714939 133522 300 300 300 300 73 46 0 73 52 0 73 42 0 73 44 0 53253 948750 50244 7398 958750 6706
27133.914939 133523 300 300 300 300 73 46 0 73 52 0 73 42 0 73 44 0 53253 948750 50244 7124 958750 6706
27134.114959 133524 300 300 300 300 73 46 0 73 52 0 73 42 0 73 44 0 53497 948750 50244 7398 958750 6706
27134.314939 133525 300 300 300 300 73 46 0 73 52 0 73 42 0 73 44 0 53497 948750 50244 7398 958750 6706
27134.514939 133526 300 300 300 300 73 46 0 73 52 0 73 42 0 73 44 0 53741 948750 50244 7124 958750 6706
27134.714939 133527 300 300 300 300 73 46 0 73 52 0 73 42 0 73 44 0 53497 948750 50244 7124 958750 6706
27134.914939 133528 300 300 300 300 73 46 0 73 52 0 73 42 0 73 44 0 53497 948750 50244 7124 958750 6706
27135.114941 133529 300 300 300 300 73 46 0 73 52 0 73 42 0 73 44 0 53497 948750 50244 7124 958750 6706
27135.314939 133530 300 300 300 300 73 46 0 73 52 0 73 42 0 73 44 0 53009 948750 50244 7124 958750 6706
27135.514940 133531 300 300 300 300 73 46 0 73 52 0 73 42 0 73 44 0 53253 948750 50244 7124 958750 6706
27135.714939 133532 300 300 300 300 73 46 0 73 52 0 73 42 0 73 44 0 52765 948750 49296 7124 958750 6706
27135.914903 133533 300 300 300 300 73 46 0 73 52 0 73 42 0 73 44 0 53497 948750 50244 7124 958750 6706
27136.114963 133534 300 300 300 300 73 46 0 73 52 0 73 42 0 73 44 0 53497 948750 50244 7124 958750 6706
27136.314940 133535 300 300 300 300 73 46 0 73 52 0 73 42 0 73 44 0 53253 948750 50244 7398 958750 6706
27136.514942 133536 300 300 300 300 73 46 0 73 52 0 73 42 0 73 44 0 53497 948750 50244 7124 958750 6706
27136.714939 133537 300 300 300 300 73 46 0 73 52 0 73 42 0 73 44 0 53253 948750 50244 7124 958750 6706
27136.914939 133538 300 300 300 300 73 46 0 73 52 0 73 42 0 73 44 0 53253 948750 50244 7124 958750 6706
27137.114952 133539 300 300 300 300 73 46 0 73 52 0 73 42 0 73 44 0 53253 948750 50244 7124 958750 6706
27137.314939 133540 300 300 300 300 73 46 0 73 52 0 73 42 0 73 44 0 53009 948750 50244 7124 958750 6706
27137.514938 133541 300 300 300 300 73 46 0 73 52 0 73 42 0 73 44 0 52765 948750 49296 7124 958750 6706
27137.714941 133542 300 300 300 300 73 46 0 73 52 0 73 42 0 73 44 0 52765 948750 49296 7124 958750 6706
27137.914939 133543 300 300 300 300 73 46 0 73 52 0 73 42 0 73 44 0 53253 948750 50244 7398 958750 6706
27138.114960 133544 300 300 300 300 73 46 0 73 52 0 73 42 0 73 44 0 53253 948750 50244 7124 958750 6706
27138.314928 133545 300 300 300 300 73 46 0 73 52 0 73 42 0 73 44 0 53497 948750 50244 7124 958750 6706
27138.514938 133546 300 300 300 300 73 46 0 73 52 0 73 42 0 73 44 0 53497 948750 50244 7124 958750 6706
27138.714939 133547 300 300 300 300 73 46 0 73 52 0 73 42 0 73 44 0 53253 948750 50244 7124 958750 6706
27138.914939 133548 300 300 300 300 73 46 0 73 52 0 73 42 0 73 44 0 53009 948750 50244 7124 958750 6706
27139.114959 133549 300 300 300 300 73 46 0 73 52 0 73 42 0 73 44 0 53253 948750 50244 7398 958750 6706
27139.314939 133550 300 300 300 300 73 46 0 73 52 0 73 42 0 73 44 0 53253 948750 50244 7398 958750 6706
27139.514933 133551 300 300 300 300 73 46 0 73 52 0 73 42 0 73 44 0 53741 948750 50244 7398 958750 6706
27139.714939 133552 300 300 300 300 73 46 0 73 52 0 73 42 0 73 44 0 53009 948750 50244 7398 958750 6706
27139.914941 133553 300 300 300 300 73 46 0 73 52 0 73 42 0 73 44 0 53741 948750 50244 7398 958750 6706
27140.114961 133554 300 300 300 300 73 46 0 73 52 0 73 42 0 73 44 0 53741 948750 50244 7398 958750 6706
27140.314938 133555 300 300 300 300 73 46 0 73 52 0 73 42 0 73 44 0 53497 948750 50244 7124 958750 6706
27140.514939 133556 300 300 300 300 73 46 0 73 52 0 73 42 0 73 44 0 53009 948750 50244 7124 958750 6706
27140.714939 133557 300 300 300 300 73 46 0 73 52 0 73 42 0 73 44 0 53497 948750 50244 7124 958750 6706
27140.914939 133558 300 300 300 300 73 46 0 73 52 0 73 42 0 73 44 0 53497 948750 50244 7124 958750 6706
27141.114961 133559 300 300 300 300 73 46 0 73 52 0 73 42 0 73 44 0 53253 948750 50244 7398 958750 6706
27141.314938 133560 300 300 300 300 73 46 0 73 52 0 73 42 0 73 44 0 53253 948750 50244 7124 958750 6706
27141.514938 133561 300 300 300 300 73 46 0 73 52 0 73 42 0 73 44 0 53497 948750 50244 7124 958750 6706
27141.715077 133562 300 300 300 300 73 46 0 73 52 0 73 42 0 73 44 0 53497 948750 50244 7398 958750 6706
27141.914938 133563 300 300 300 300 73 46 0 73 52 0 73 42 0 73 44 0 53497 948750 50244 7398 958750 6706
27142.114959 133564 300 300 300 300 73 46 0 73 52 0 73 42 0 73 44 0 53253 948750 50244 7124 958750 6706
27142.314939 133565 300 300 300 300 73 46 0 73 52 0 73 42 0 73 44 0 53253 948750 50244 7398 958750 6706
27142.514942 133566 300 300 300 300 73 46 0 73 52 0 73 42 0 73 44 0 53009 948750 50244 7124 958750 6706
27142.714938 133567 300 300 300 300 73 46 0 73 52 0 73 42 0 73 44 0 53009 948750 50244 7124 958750 6706
27142.914940 133568 300 300 300 300 73 46 0 73 52 0 73 42 0 73 44 0 53497 948750 50244 7398 958750 6706
27143.114959 133569 300 300 300 300 73 46 0 73 52 0 73 42 0 73 44 0 53253 948750 50244 7124 958750 6706
27143.314938 133570 300 300 300 300 73 46 0 73 52 0 73 42 0 73 44 0 53009 948750 50244 7124 958750 6706
27143.514938 133571 300 300 300 300 73 46 0 73 52 0 73 42 0 73 44 0 53009 948750 50244 7124 958750 6706
27143.714938 133572 300 300 300 300 73 46 0 73 52 0 73 42 0 73 44 0 53497 948750 50244 7124 958750 6706
27143.914938 133573 300 300 300 300 73 46 0 73 52 0 73 42 0 73 44 0 53497 948750 50244 7124 958750 6706
27144.114928 133574 300 300 300 300 73 46 0 73 52 0 73 42 0 73 44 0 53253 948750 50244 7124 958750 6706
27144.314941 133575 300 300 300 300 73 46 0 73 52 0 73 42 0 73 44 0 53253 948750 50244 7124 958750 6706
27144.514939 133576 300 300 300 300 73 46 0 73 52 0 73 42 0 73 44 0 53253 948750 50244 7124 958750 6706
27144.714939 133577 300 300 300 300 73 46 0 73 52 0 73 42 0 73 44 0 53253 948750 50244 7124 958750 6706
27144.914938 133578 300 300 300 300 73 46 0 73 52 0 73 42 0 73 44 0 53497 948750 50244 7124 958750 6706
27145.114960 133579 300 300 300 300 73 46 0 73 52 0 73 42 0 73 44 0 53497 948750 50244 7124 958750 6706
27145.314938 133580 300 300 300 300 73 46 0 73 52 0 73 42 0 73 44 0 53253 948750 50244 7124 958750 6706
27145.514942 133581 300 300 300 300 73 46 0 73 52 0 73 42 0 73 44 0 53253 948750 50244 7124 958750 6706
27145.714940 133582 300 300 300 300 73 46 0 73 52 0 73 42 0 73 44 0 53497 948750 50244 7124 958750 6706
27145.914938 133583 300 300 300 300 73 46 0 73 52 0 73 42 0 73 44 0 53497 948750 50244 7124 958750 6706
27146.114960 133584 300 300 300 300 73 46 0 73 52 0 73 42 0 73 44 0 53253 948750 50244 7398 958750 6706
27146.314940 133585 300 300 300 300 73 46 0 73 52 0 73 42 0 73 44 0 53497 948750 50244 7124 958750 6706
27146.514929 133586 300 300 300 300 73 46 0 73 52 0 73 42 0 73 44 0 53253 948750 50244 7398 958750 6706
27146.714938 133587 300 300 300 300 73 46 0 73 52 0 73 42 0 73 44 0 53253 948750 50244 7398 958750 6706
27146.914939 133588 300 300 300 300 73 46 0 73 52 0 73 42 0 73 44 0 53497 947500 50191 7124 958750 6706
27147.114960 133589 300 300 300 300 73 46 0 73 52 0 73 42 0 73 44 0 53497 948750 50244 7124 958750 6706
27147.314938 133590 300 300 300 300 73 46 0 73 52 0 73 42 0 73 44 0 53497 948750 50244 7124 958750 6706
27147.514941 133591 300 300 300 300 73 46 0 73 52 0 73 42 0 73 44 0 53497 948750 50244 7124 958750 6706
27147.714939 133592 300 300 300 300 73 46 0 73 52 0 73 42 0 73 44 0 53009 948750 50244 7398 958750 6706
27147.914939 133593 300 300 300 300 73 46 0 73 52 0 73 42 0 73 44 0 53253 947500 50191 7124 958750 6706
27148.114960 133594 300 300 300 300 73 46 0 73 52 0 73 42 0 73 44 0 53497 948750 50244 7398 958750 6706
27148.314915 133595 300 300 300 300 73 46 0 73 52 0 73 42 0 73 44 0 53497 948750 50244 7124 958750 6706
27148.514944 133596 300 300 300 300 73 46 0 73 52 0 73 42 0 73 44 0 53497 948750 50244 7124 958750 6706
27148.714940 133597 300 300 300 300 73 46 0 73 52 0 73 42 0 73 44 0 53497 948750 50244 7124 958750 6706
27148.914928 133598 300 300 300 300 73 46 0 73 52 0 73 42 0 73 44 0 53009 948750 50244 7124 958750 6706
27149.114960 133599 300 300 300 300 73 46 0 73 52 0 73 42 0 73 44 0 53497 948750 50244 7124 958750 6706
27149.314976 133600 300 300 300 300 73 46 0 73 52 0 73 42 0 73 44 0 53497 948750 50244 7124 958750 6706
27149.514960 133601 300 300 300 300 73 46 0 73 52 0 73 42 0 73 44 0 53253 947500 50191 7124 958750 6706
27149.714942 133602 300 300 300 300 73 46 0 73 52 0 73 42 0 73 44 0 15494 950000 14250 7124 958750 6706
27149.914941 133603 300 300 300 300 73 46 0 73 52 0 73 42 0 73 44 0 9760 950000 8550 7124 958750 6706
27150.114965 133604 300 300 300 300 73 46 0 73 52 0 73 42 0 73 44 0 9760 950000 8550 7124 958750 6706
27150.314942 133605 300 300 300 300 73 46 0 73 52 0 73 42 0 73 44 0 10004 950000 9500 7398 958750 6706
27150.514940 133606 300 300 300 300 73 46 0 73 52 0 73 42 0 73 44 0 9760 950000 8550 7124 958750 6706
27150.714941 133607 300 300 300 300 73 46 0 73 52 0 73 42 0 73 44 0 10004 950000 9500 7124 958750 6706
27150.914941 133608 300 300 300 300 73 46 0 73 52 0 73 42 0 73 44 0 10004 950000 9500 7124 958750 6706
27151.114962 133609 300 300 300 300 73 46 0 73 52 0 73 42 0 73 44 0 10248 950000 9500 7124 958750 6706
27151.314930 133610 300 300 300 300 73 46 0 73 52 0 73 42 0 73 44 0 9760 950000 8550 7124 958750 6706
