 5513.743808 27048 1200 1200 1200 1200 74 46 0 74 52 0 74 42 0 74 44 0 15006 1210000 18150 58910 1020000 59160
 5513.943813 27049 1200 1200 1200 1200 74 46 0 74 52 0 74 42 0 74 44 0 15006 1210000 18150 58910 1020000 59160
 5514.143813 27050 1200 1200 1200 1200 74 46 0 74 52 0 74 42 0 74 44 0 14762 1210000 16940 61102 1020000 62220
 5514.343814 27051 1200 1200 1200 1200 74 46 0 74 52 0 74 42 0 74 44 0 14762 1210000 16940 55074 1020000 56100
 5514.543970 27052 1200 1200 1200 1200 74 46 0 74 52 0 74 42 0 74 44 0 14762 1210000 16940 55622 1020000 56100
 5514.743813 27053 1200 1200 1200 1200 74 46 0 74 52 0 74 42 0 74 44 0 14762 1210000 16940 55622 1020000 56100
 5514.943812 27054 1200 1200 1200 1200 74 46 0 74 52 0 74 42 0 74 44 0 14762 1210000 16940 272904 1021250 277712
 5515.143813 27055 1200 1200 1200 1200 73 46 0 73 52 0 73 42 0 73 44 0 14762 1210000 16940 69870 1020000 70380
 5515.343809 27056 1200 1200 1200 1200 73 46 0 73 52 0 73 42 0 73 44 0 14518 1210000 16940 57266 1020000 58140
 5515.543927 27057 1200 1200 1200 1200 73 46 0 73 52 0 73 42 0 73 44 0 14518 1210000 16940 57266 1020000 58140
 5515.743845 27058 1200 1200 1200 1200 73 46 0 73 52 0 73 42 0 73 44 0 14762 1210000 16940 201390 1021250 205221
 5515.948939 27059 1200 1200 1200 1200 73 46 0 73 52 0 73 42 0 73 44 0 14762 1210000 16940 866388 1023750 885918
 5516.148849 27060 1200 1200 1200 1200 76 46 0 76 52 0 76 42 0 76 44 0 14762 1210000 16940 818164 1022500 835996
 5516.348732 27061 1200 1200 1200 1200 76 46 0 76 52 0 76 42 0 76 44 0 14762 1210000 16940 818164 1022500 835996
 5516.548737 27062 1200 1200 1200 1200 76 46 0 76 52 0 76 42 0 76 44 0 14518 1210000 16940 761994 1022500 777742
 5516.748731 27063 1200 1200 1200 1200 76 46 0 76 52 0 76 42 0 76 44 0 15006 1210000 18150 699522 1022500 714378
 5516.948731 27064 1200 1200 1200 1200 76 46 0 76 52 0 76 42 0 76 44 0 15006 1210000 18150 700892 1022500 715400
 5517.149294 27065 1200 1200 1200 1200 75 46 0 75 52 0 75 42 0 75 44 0 14762 1210000 16940 700070 1022500 715400
 5517.348731 27066 1200 1200 1200 1200 75 46 0 75 52 0 75 42 0 75 44 0 14762 1210000 16940 700070 1022500 715400
 5517.548733 27067 1200 1200 1200 1200 75 46 0 75 52 0 75 42 0 75 44 0 15006 1210000 18150 699796 1022500 714378
 5517.748731 27068 1200 1200 1200 1200 75 46 0 75 52 0 75 42 0 75 44 0 15006 1210000 18150 700618 1022500 715400
 5517.948731 27069 1200 1200 1200 1200 75 46 0 75 52 0 75 42 0 75 44 0 14762 1210000 16940 700892 1022500 715400
 5518.148731 27070 1200 1200 1200 1200 75 46 0 75 52 0 75 42 0 75 44 0 14762 1210000 16940 700892 1022500 715400
 5518.348731 27071 1200 1200 1200 1200 75 46 0 75 52 0 75 42 0 75 44 0 15006 1210000 18150 700892 1022500 715400
 5518.548732 27072 1200 1200 1200 1200 75 46 0 75 52 0 75 42 0 75 44 0 15006 1210000 18150 700892 1022500 715400
 5518.748731 27073 1200 1200 1200 1200 75 46 0 75 52 0 75 42 0 75 44 0 15006 1210000 18150 701440 1022500 716422
 5518.948730 27074 1200 1200 1200 1200 75 46 0 75 52 0 75 42 0 75 44 0 15006 1210000 18150 701440 1022500 716422
 5519.148732 27075 1200 1200 1200 1200 75 46 0 75 52 0 75 42 0 75 44 0 15006 1210000 18150 700892 1022500 715400
 5519.348732 27076 1200 1200 1200 1200 75 46 0 75 52 0 75 42 0 75 44 0 15006 1210000 18150 699248 1022500 714378
 5519.548732 27077 1200 1200 1200 1200 75 46 0 75 52 0 75 42 0 75 44 0 15006 1210000 18150 702536 1022500 717444
 5519.748731 27078 1200 1200 1200 1200 75 46 0 75 52 0 75 42 0 75 44 0 15006 1210000 18150 702536 1022500 717444
 5519.948731 27079 1200 1200 1200 1200 75 46 0 75 52 0 75 42 0 75 44 0 15006 1210000 18150 703358 1022500 718466
 5520.148732 27080 1200 1200 1200 1200 75 46 0 75 52 0 75 42 0 75 44 0 15006 1210000 18150 701440 1022500 716422
 5520.348732 27081 1200 1200 1200 1200 75 46 0 75 52 0 75 42 0 75 44 0 15006 1210000 18150 701440 1022500 716422
 5520.548733 27082 1200 1200 1200 1200 75 46 0 75 52 0 75 42 0 75 44 0 15006 1210000 18150 701440 1022500 716422
 5520.748730 27083 1200 1200 1200 1200 75 46 0 75 52 0 75 42 0 75 44 0 15006 1210000 18150 701988 1022500 716422
 5520.948730 27084 1200 1200 1200 1200 75 46 0 75 52 0 75 42 0 75 44 0 15006 1210000 18150 702262 1022500 717444
 5521.148731 27085 1200 1200 1200 1200 76 46 0 76 52 0 76 42 0 76 44 0 14762 1210000 16940 701440 1022500 716422
 5521.348730 27086 1200 1200 1200 1200 76 46 0 76 52 0 76 42 0 76 44 0 14762 1210000 16940 701440 1022500 716422
 5521.548748 27087 1200 1200 1200 1200 76 46 0 76 52 0 76 42 0 76 44 0 15006 1210000 18150 701166 1022500 716422
 5521.748730 27088 1200 1200 1200 1200 76 46 0 76 52 0 76 42 0 76 44 0 15006 1210000 18150 702262 1022500 717444
 5521.948731 27089 1200 1200 1200 1200 76 46 0 76 52 0 76 42 0 76 44 0 15006 1210000 18150 700070 1022500 715400
 5522.148731 27090 1200 1200 1200 1200 75 46 0 75 52 0 75 42 0 75 44 0 15006 1210000 18150 700070 1022500 715400
 5522.348731 27091 1200 1200 1200 1200 75 46 0 75 52 0 75 42 0 75 44 0 15006 1210000 18150 702810 1022500 717444
 5522.548738 27092 1200 1200 1200 1200 75 46 0 75 52 0 75 42 0 75 44 0 15006 1210000 18150 706098 1022500 721532
 5522.748730 27093 1200 1200 1200 1200 75 46 0 75 52 0 75 42 0 75 44 0 15250 1210000 18150 701714 1022500 716422
 5522.948731 27094 1200 1200 1200 1200 75 46 0 75 52 0 75 42 0 75 44 0 15250 1210000 18150 701714 1022500 716422
 5523.148730 27095 1200 1200 1200 1200 76 46 0 76 52 0 76 42 0 76 44 0 15250 1210000 18150 701988 1022500 716422
 5523.348731 27096 1200 1200 1200 1200 76 46 0 76 52 0 76 42 0 76 44 0 15250 1210000 18150 701166 1022500 716422
 5523.548731 27097 1200 1200 1200 1200 76 46 0 76 52 0 76 42 0 76 44 0 15006 1210000 18150 701440 1022500 716422
 5523.748733 27098 1200 1200 1200 1200 76 46 0 76 52 0 76 42 0 76 44 0 15250 1210000 18150 701440 1022500 716422
 5523.948731 27099 1200 1200 1200 1200 76 46 0 76 52 0 76 42 0 76 44 0 15250 1210000 18150 701440 1022500 716422
 5524.148731 27100 1200 1200 1200 1200 76 46 0 76 52 0 76 42 0 76 44 0 15006 1210000 18150 702262 1022500 717444
 5524.348731 27101 1200 1200 1200 1200 76 46 0 76 52 0 76 42 0 76 44 0 15006 1210000 18150 702262 1022500 717444
 5524.548731 27102 1200 1200 1200 1200 76 46 0 76 52 0 76 42 0 76 44 0 15006 1210000 18150 700618 1022500 715400
 5524.748731 27103 1200 1200 1200 1200 76 46 0 76 52 0 76 42 0 76 44 0 15006 1210000 18150 700618 1022500 715400
 5524.948731 27104 1200 1200 1200 1200 76 46 0 76 52 0 76 42 0 76 44 0 15006 1210000 18150 701988 1022500 716422
 5525.148731 27105 1200 1200 1200 1200 76 46 0 76 52 0 76 42 0 76 44 0 15250 1210000 18150 700070 1022500 715400
 5525.348731 27106 1200 1200 1200 1200 76 46 0 76 52 0 76 42 0 76 44 0 15006 1210000 18150 702536 1022500 717444
 5525.548730 27107 1200 1200 1200 1200 76 46 0 76 52 0 76 42 0 76 44 0 15006 1210000 18150 702536 1022500 717444
 5525.748731 27108 1200 1200 1200 1200 76 46 0 76 52 0 76 42 0 76 44 0 15006 1210000 18150 701988 1022500 716422
 5525.948730 27109 1200 1200 1200 1200 76 46 0 76 52 0 76 42 0 76 44 0 15250 1210000 18150 701988 1022500 716422
 5526.148731 27110 1200 1200 1200 1200 76 46 0 76 52 0 76 42 0 76 44 0 15006 1210000 18150 701714 1022500 716422
 5526.348731 27111 1200 1200 1200 1200 76 46 0 76 52 0 76 42 0 76 44 0 15006 1210000 18150 701714 1022500 716422
 5526.548731 27112 1200 1200 1200 1200 76 46 0 76 52 0 76 42 0 76 44 0 15006 1210000 18150 703906 1022500 718466
 5526.748730 27113 1200 1200 1200 1200 76 46 0 76 52 0 76 42 0 76 44 0 15006 1210000 18150 701988 1022500 716422
 5526.948731 27114 1200 1200 1200 1200 76 46 0 76 52 0 76 42 0 76 44 0 15250 1210000 18150 701988 1022500 716422
 5527.148731 27115 1200 1200 1200 1200 76 46 0 76 52 0 76 42 0 76 44 0 15250 1210000 18150 701988 1022500 716422
 5527.348731 27116 1200 1200 1200 1200 76 46 0 76 52 0 76 42 0 76 44 0 15250 1210000 18150 703632 1022500 718466
 5527.548731 27117 1200 1200 1200 1200 76 46 0 76 52 0 76 42 0 76 44 0 14762 1210000 16940 700892 1022500 715400
 5527.748730 27118 1200 1200 1200 1200 76 46 0 76 52 0 76 42 0 76 44 0 15006 1210000 18150 703084 1022500 718466
 5527.948731 27119 1200 1200 1200 1200 76 46 0 76 52 0 76 42 0 76 44 0 15006 1210000 18150 703084 1022500 718466
 5528.148731 27120 1200 1200 1200 1200 76 46 0 76 52 0 76 42 0 76 44 0 15006 1210000 18150 701714 1022500 716422
 5528.348731 27121 1200 1200 1200 1200 76 46 0 76 52 0 76 42 0 76 44 0 15250 1210000 18150 702262 1022500 717444
 5528.548731 27122 1200 1200 1200 1200 76 46 0 76 52 0 76 42 0 76 44 0 15006 1210000 18150 700892 1022500 715400
 5528.748731 27123 1200 1200 1200 1200 76 46 0 76 52 0 76 42 0 76 44 0 15006 1210000 18150 700892 1022500 715400
 5528.948731 27124 1200 1200 1200 1200 76 46 0 76 52 0 76 42 0 76 44 0 15006 1210000 18150 702262 1022500 717444
 5529.148731 27125 1200 1200 1200 1200 76 46 0 76 52 0 76 42 0 76 44 0 15006 1210000 18150 702810 1022500 717444
 5529.348731 27126 1200 1200 1200 1200 76 46 0 76 52 0 76 42 0 76 44 0 15006 1210000 18150 702536 1022500 717444
 5529.549110 27127 1200 1200 1200 1200 76 46 0 76 52 0 76 42 0 76 44 0 15006 1210000 18150 702262 1022500 717444
 5529.748731 27128 1200 1200 1200 1200 76 46 0 76 52 0 76 42 0 76 44 0 15006 1210000 18150 702262 1022500 717444
 5529.948731 27129 1200 1200 1200 1200 76 46 0 76 52 0 76 42 0 76 44 0 15250 1210000 18150 700892 1022500 715400
 5530.148731 27130 1200 1200 1200 1200 76 46 0 76 52 0 76 42 0 76 44 0 15250 1210000 18150 700892 1022500 715400
 5530.348731 27131 1200 1200 1200 1200 76 46 0 76 52 0 76 42 0 76 44 0 15006 1210000 18150 702262 1022500 717444
 5530.548731 27132 1200 1200 1200 1200 76 46 0 76 52 0 76 42 0 76 44 0 15006 1210000 18150 702262 1022500 717444
 5530.748731 27133 1200 1200 1200 1200 76 46 0 76 52 0 76 42 0 76 44 0 15250 1210000 18150 700892 1022500 715400
 5530.948731 27134 1200 1200 1200 1200 76 46 0 76 52 0 76 42 0 76 44 0 15250 1210000 18150 700892 1022500 715400
 5531.148731 27135 1200 1200 1200 1200 76 46 0 76 52 0 76 42 0 76 44 0 15006 1210000 18150 703906 1022500 718466
 5531.348731 27136 1200 1200 1200 1200 76 46 0 76 52 0 76 42 0 76 44 0 15006 1210000 18150 703906 1022500 718466
 5531.548731 27137 1200 1200 1200 1200 76 46 0 76 52 0 76 42 0 76 44 0 15250 1210000 18150 703906 1022500 718466
 5531.748731 27138 1200 1200 1200 1200 76 46 0 76 52 0 76 42 0 76 44 0 15250 1210000 18150 701440 1022500 716422
 5531.948731 27139 1200 1200 1200 1200 76 46 0 76 52 0 76 42 0 76 44 0 15250 1210000 18150 703358 1022500 718466
 5532.148732 27140 1200 1200 1200 1200 76 46 0 76 52 0 76 42 0 76 44 0 15250 1210000 18150 703358 1022500 718466
 5532.348731 27141 1200 1200 1200 1200 76 46 0 76 52 0 76 42 0 76 44 0 15250 1210000 18150 700618 1022500 715400
 5532.548731 27142 1200 1200 1200 1200 76 46 0 76 52 0 76 42 0 76 44 0 15250 1210000 18150 703084 1022500 718466
 5532.748731 27143 1200 1200 1200 1200 76 46 0 76 52 0 76 42 0 76 44 0 15006 1210000 18150 701988 1022500 716422
 5532.948731 27144 1200 1200 1200 1200 76 46 0 76 52 0 76 42 0 76 44 0 15006 1210000 18150 701988 1022500 716422
 5533.148731 27145 1200 1200 1200 1200 76 46 0 76 52 0 76 42 0 76 44 0 15006 1210000 18150 701714 1022500 716422
 5533.348731 27146 1200 1200 1200 1200 76 46 0 76 52 0 76 42 0 76 44 0 15006 1210000 18150 701440 1022500 716422
 5533.548731 27147 1200 1200 1200 1200 76 46 0 76 52 0 76 42 0 76 44 0 15006 1210000 18150 703906 1022500 718466
 5533.748731 27148 1200 1200 1200 1200 76 46 0 76 52 0 76 42 0 76 44 0 15006 1210000 18150 703906 1022500 718466
 5533.948731 27149 1200 1200 1200 1200 76 46 0 76 52 0 76 42 0 76 44 0 15250 1210000 18150 703906 1022500 718466
 5534.148731 27150 1200 1200 1200 1200 76 46 0 76 52 0 76 42 0 76 44 0 15250 1210000 18150 702810 1022500 717444
 5534.348731 27151 1200 1200 1200 1200 76 46 0 76 52 0 76 42 0 76 44 0 15006 1210000 18150 703084 1022500 718466
 5534.548731 27152 1200 1200 1200 1200 76 46 0 76 52 0 76 42 0 76 44 0 15006 1210000 18150 703084 1022500 718466
 5534.748730 27153 1200 1200 1200 1200 76 46 0 76 52 0 76 42 0 76 44 0 15006 1210000 18150 702810 1022500 717444
 5534.948731 27154 1200 1200 1200 1200 76 46 0 76 52 0 76 42 0 76 44 0 15006 1210000 18150 702262 1022500 717444
 5535.148731 27155 1200 1200 1200 1200 76 46 0 76 52 0 76 42 0 76 44 0 15250 1210000 18150 702810 1022500 717444
 5535.348731 27156 1200 1200 1200 1200 76 46 0 76 52 0 76 42 0 76 44 0 15250 1210000 18150 702810 1022500 717444
 5535.548731 27157 1200 1200 1200 1200 76 46 0 76 52 0 76 42 0 76 44 0 15250 1210000 18150 702262 1022500 717444
 5535.748734 27158 1200 1200 1200 1200 76 46 0 76 52 0 76 42 0 76 44 0 15250 1210000 18150 703906 1022500 718466
 5535.948731 27159 1200 1200 1200 1200 76 46 0 76 52 0 76 42 0 76 44 0 15006 1210000 18150 700892 1022500 715400
 5536.148733 27160 1200 1200 1200 1200 76 46 0 76 52 0 76 42 0 76 44 0 15250 1210000 18150 702262 1022500 717444
 5536.348732 27161 1200 1200 1200 1200 76 46 0 76 52 0 76 42 0 76 44 0 15250 1210000 18150 702262 1022500 717444
 5536.548731 27162 1200 1200 1200 1200 76 46 0 76 52 0 76 42 0 76 44 0 15006 1210000 18150 704180 1022500 719488
 5536.748731 27163 1200 1200 1200 1200 76 46 0 76 52 0 76 42 0 76 44 0 15006 1210000 18150 703906 1022500 718466
 5536.948731 27164 1200 1200 1200 1200 76 46 0 76 52 0 76 42 0 76 44 0 15250 1210000 18150 704728 1022500 719488
 5537.148731 27165 1200 1200 1200 1200 76 46 0 76 52 0 76 42 0 76 44 0 15250 1210000 18150 704728 1022500 719488
 5537.348732 27166 1200 1200 1200 1200 76 46 0 76 52 0 76 42 0 76 44 0 15250 1210000 18150 705550 1022500 720510
 5537.548731 27167 1200 1200 1200 1200 76 46 0 76 52 0 76 42 0 76 44 0 15250 1210000 18150 702262 1022500 717444
 5537.748731 27168 1200 1200 1200 1200 76 46 0 76 52 0 76 42 0 76 44 0 15250 1210000 18150 702262 1022500 717444
 5537.948731 27169 1200 1200 1200 1200 76 46 0 76 52 0 76 42 0 76 44 0 15250 1210000 18150 702262 1022500 717444
 5538.148731 27170 1200 1200 1200 1200 76 46 0 76 52 0 76 42 0 76 44 0 15250 1210000 18150 702262 1022500 717444
 5538.348731 27171 1200 1200 1200 1200 76 46 0 76 52 0 76 42 0 76 44 0 15006 1210000 18150 702536 1022500 717444
 5538.548731 27172 1200 1200 1200 1200 76 46 0 76 52 0 76 42 0 76 44 0 15250 1210000 18150 703632 1022500 718466
 5538.748731 27173 1200 1200 1200 1200 76 46 0 76 52 0 76 42 0 76 44 0 15250 1210000 18150 703632 1022500 718466
 5538.948731 27174 1200 1200 1200 1200 76 46 0 76 52 0 76 42 0 76 44 0 14762 1210000 16940 701988 1022500 716422
 5539.148731 27175 1200 1200 1200 1200 76 46 0 76 52 0 76 42 0 76 44 0 15006 1210000 18150 702262 1022500 717444
 5539.348731 27176 1200 1200 1200 1200 76 46 0 76 52 0 76 42 0 76 44 0 15250 1210000 18150 702810 1022500 717444
 5539.548731 27177 1200 1200 1200 1200 76 46 0 76 52 0 76 42 0 76 44 0 15250 1210000 18150 702810 1022500 717444
 5539.748731 27178 1200 1200 1200 1200 76 46 0 76 52 0 76 42 0 76 44 0 15006 1210000 18150 705002 1022500 720510
 5539.948730 27179 1200 1200 1200 1200 76 46 0 76 52 0 76 42 0 76 44 0 15006 1210000 18150 702262 1022500 717444
 5540.148731 27180 1200 1200 1200 1200 76 46 0 76 52 0 76 42 0 76 44 0 15006 1210000 18150 700892 1022500 715400
 5540.348731 27181 1200 1200 1200 1200 76 46 0 76 52 0 76 42 0 76 44 0 15006 1210000 18150 700892 1022500 715400
 5540.548731 27182 1200 1200 1200 1200 76 46 0 76 52 0 76 42 0 76 44 0 15250 1210000 18150 704180 1022500 719488
 5540.748731 27183 1200 1200 1200 1200 76 46 0 76 52 0 76 42 0 76 44 0 15006 1210000 18150 702536 1022500 717444
 5540.948731 27184 1200 1200 1200 1200 76 46 0 76 52 0 76 42 0 76 44 0 15006 1210000 18150 701166 1022500 716422
 5541.148732 27185 1200 1200 1200 1200 76 46 0 76 52 0 76 42 0 76 44 0 15006 1210000 18150 701166 1022500 716422
 5541.348731 27186 1200 1200 1200 1200 76 46 0 76 52 0 76 42 0 76 44 0 15006 1210000 18150 701440 1022500 716422
 5541.548731 27187 1200 1200 1200 1200 76 46 0 76 52 0 76 42 0 76 44 0 14762 1210000 16940 703906 1022500 718466
 5541.748731 27188 1200 1200 1200 1200 76 46 0 76 52 0 76 42 0 76 44 0 15006 1210000 18150 702810 1022500 717444
 5541.948955 27189 1200 1200 1200 1200 76 46 0 76 52 0 76 42 0 76 44 0 15250 1210000 18150 702810 1022500 717444
 5542.148731 27190 1200 1200 1200 1200 76 46 0 76 52 0 76 42 0 76 44 0 15250 1210000 18150 702810 1022500 717444
 5542.348731 27191 1200 1200 1200 1200 76 46 0 76 52 0 76 42 0 76 44 0 15250 1210000 18150 702810 1022500 717444
 5542.548733 27192 1200 1200 1200 1200 76 46 0 76 52 0 76 42 0 76 44 0 15006 1210000 18150 705276 1022500 720510
 5542.748733 27193 1200 1200 1200 1200 76 46 0 76 52 0 76 42 0 76 44 0 15250 1210000 18150 703358 1022500 718466
 5542.948732 27194 1200 1200 1200 1200 76 46 0 76 52 0 76 42 0 76 44 0 15250 1210000 18150 703358 1022500 718466
 5543.148733 27195 1200 1200 1200 1200 76 46 0 76 52 0 76 42 0 76 44 0 15250 1210000 18150 704454 1022500 719488
 5543.348733 27196 1200 1200 1200 1200 76 46 0 76 52 0 76 42 0 76 44 0 15006 1210000 18150 702262 1022500 717444
 5543.548733 27197 1200 1200 1200 1200 76 46 0 76 52 0 76 42 0 76 44 0 15006 1210000 18150 702810 1022500 717444
 5543.748732 27198 1200 1200 1200 1200 76 46 0 76 52 0 76 42 0 76 44 0 15006 1210000 18150 702810 1022500 717444
 5543.948732 27199 1200 1200 1200 1200 76 46 0 76 52 0 76 42 0 76 44 0 15250 1210000 18150 703084 1022500 718466
 5544.148732 27200 1200 1200 1200 1200 76 46 0 76 52 0 76 42 0 76 44 0 15006 1210000 18150 701988 1022500 716422
 5544.348733 27201 1200 1200 1200 1200 76 46 0 76 52 0 76 42 0 76 44 0 15494 1210000 18150 702536 1022500 717444
 5544.548733 27202 1200 1200 1200 1200 76 46 0 76 52 0 76 42 0 76 44 0 15494 1210000 18150 702536 1022500 717444
 5544.748732 27203 1200 1200 1200 1200 76 46 0 76 52 0 76 42 0 76 44 0 15250 1210000 18150 701988 1022500 716422
 5544.948732 27204 1200 1200 1200 1200 76 46 0 76 52 0 76 42 0 76 44 0 15006 1210000 18150 702810 1022500 717444
 5545.148732 27205 1200 1200 1200 1200 76 46 0 76 52 0 76 42 0 76 44 0 15250 1210000 18150 700892 1022500 715400
 5545.348732 27206 1200 1200 1200 1200 76 46 0 76 52 0 76 42 0 76 44 0 15250 1210000 18150 700892 1022500 715400
 5545.548732 27207 1200 1200 1200 1200 76 46 0 76 52 0 76 42 0 76 44 0 15006 1210000 18150 703632 1022500 718466
 5545.748731 27208 1200 1200 1200 1200 76 46 0 76 52 0 76 42 0 76 44 0 15250 1210000 18150 703906 1022500 718466
 5545.948732 27209 1200 1200 1200 1200 76 46 0 76 52 0 76 42 0 76 44 0 15006 1210000 18150 705550 1022500 720510
 5546.148733 27210 1200 1200 1200 1200 76 46 0 76 52 0 76 42 0 76 44 0 15006 1210000 18150 705550 1022500 720510
 5546.348732 27211 1200 1200 1200 1200 76 46 0 76 52 0 76 42 0 76 44 0 15006 1210000 18150 704728 1022500 719488
 5546.548732 27212 1200 1200 1200 1200 76 46 0 76 52 0 76 42 0 76 44 0 15250 1210000 18150 704728 1022500 719488
 5546.748732 27213 1200 1200 1200 1200 76 46 0 76 52 0 76 42 0 76 44 0 15250 1210000 18150 703906 1022500 718466
 5546.948733 27214 1200 1200 1200 1200 76 46 0 76 52 0 76 42 0 76 44 0 15250 1210000 18150 703906 1022500 718466
 5547.148732 27215 1200 1200 1200 1200 76 46 0 76 52 0 76 42 0 76 44 0 15250 1210000 18150 701440 1022500 716422
 5547.348732 27216 1200 1200 1200 1200 76 46 0 76 52 0 76 42 0 76 44 0 15006 1210000 18150 701166 1022500 716422
 5547.548732 27217 1200 1200 1200 1200 76 46 0 76 52 0 76 42 0 76 44 0 15006 1210000 18150 703358 1022500 718466
 5547.748732 27218 1200 1200 1200 1200 76 46 0 76 52 0 76 42 0 76 44 0 15006 1210000 18150 703358 1022500 718466
 5547.948732 27219 1200 1200 1200 1200 76 46 0 76 52 0 76 42 0 76 44 0 15006 1210000 18150 703084 1022500 718466
 5548.148733 27220 1200 1200 1200 1200 76 46 0 76 52 0 76 42 0 76 44 0 15006 1210000 18150 703632 1022500 718466
 5548.348731 27221 1200 1200 1200 1200 76 46 0 76 52 0 76 42 0 76 44 0 15006 1210000 18150 703084 1022500 718466
 5548.548733 27222 1200 1200 1200 1200 76 46 0 76 52 0 76 42 0 76 44 0 15006 1210000 18150 701440 1022500 716422
 5548.748739 27223 1200 1200 1200 1200 76 46 0 76 52 0 76 42 0 76 44 0 15006 1210000 18150 701440 1022500 716422
 5548.948731 27224 1200 1200 1200 1200 76 46 0 76 52 0 76 42 0 76 44 0 15250 1210000 18150 703358 1022500 718466
 5549.148732 27225 1200 1200 1200 1200 76 46 0 76 52 0 76 42 0 76 44 0 15250 1210000 18150 701988 1022500 716422
 5549.348730 27226 1200 1200 1200 1200 76 46 0 76 52 0 76 42 0 76 44 0 15006 1210000 18150 704454 1022500 719488
 5549.548730 27227 1200 1200 1200 1200 76 46 0 76 52 0 76 42 0 76 44 0 15006 1210000 18150 704454 1022500 719488
 5549.748730 27228 1200 1200 1200 1200 76 46 0 76 52 0 76 42 0 76 44 0 14762 1210000 16940 704180 1022500 719488
 5549.948731 27229 1200 1200 1200 1200 76 46 0 76 52 0 76 42 0 76 44 0 15006 1210000 18150 704454 1022500 719488
 5550.148731 27230 1200 1200 1200 1200 76 46 0 76 52 0 76 42 0 76 44 0 15006 1210000 18150 703084 1022500 718466
 5550.348730 27231 1200 1200 1200 1200 76 46 0 76 52 0 76 42 0 76 44 0 15006 1210000 18150 703084 1022500 718466
 5550.548731 27232 1200 1200 1200 1200 76 46 0 76 52 0 76 42 0 76 44 0 15250 1210000 18150 703906 1022500 718466
 5550.748731 27233 1200 1200 1200 1200 76 46 0 76 52 0 76 42 0 76 44 0 15250 1210000 18150 704728 1022500 719488
 5550.948731 27234 1200 1200 1200 1200 76 46 0 76 52 0 76 42 0 76 44 0 15006 1210000 18150 704180 1022500 719488
 5551.148731 27235 1200 1200 1200 1200 76 46 0 76 52 0 76 42 0 76 44 0 15006 1210000 18150 704180 1022500 719488
 5551.348731 27236 1200 1200 1200 1200 76 46 0 76 52 0 76 42 0 76 44 0 15250 1210000 18150 703084 1022500 718466
 5551.548731 27237 1200 1200 1200 1200 76 46 0 76 52 0 76 42 0 76 44 0 15250 1210000 18150 701714 1022500 716422
 5551.748731 27238 1200 1200 1200 1200 76 46 0 76 52 0 76 42 0 76 44 0 14762 1210000 16940 706098 1022500 721532
 5551.948731 27239 1200 1200 1200 1200 76 46 0 76 52 0 76 42 0 76 44 0 14762 1210000 16940 706098 1022500 721532
 5552.148732 27240 1200 1200 1200 1200 76 46 0 76 52 0 76 42 0 76 44 0 15006 1210000 18150 701440 1022500 716422
 5552.348731 27241 1200 1200 1200 1200 76 46 0 76 52 0 76 42 0 76 44 0 15006 1210000 18150 701988 1022500 716422
 5552.548731 27242 1200 1200 1200 1200 76 46 0 76 52 0 76 42 0 76 44 0 15494 1210000 18150 703906 1022500 718466
 5552.748731 27243 1200 1200 1200 1200 76 46 0 76 52 0 76 42 0 76 44 0 15494 1210000 18150 703906 1022500 718466
 5552.948731 27244 1200 1200 1200 1200 76 46 0 76 52 0 76 42 0 76 44 0 15250 1210000 18150 702536 1022500 717444
 5553.148732 27245 1200 1200 1200 1200 76 46 0 76 52 0 76 42 0 76 44 0 15006 1210000 18150 704454 1022500 719488
 5553.348732 27246 1200 1200 1200 1200 76 46 0 76 52 0 76 42 0 76 44 0 15250 1210000 18150 702262 1022500 717444
 5553.548731 27247 1200 1200 1200 1200 76 46 0 76 52 0 76 42 0 76 44 0 15250 1210000 18150 702262 1022500 717444
 5553.748731 27248 1200 1200 1200 1200 76 46 0 76 52 0 76 42 0 76 44 0 15006 1210000 18150 701988 1022500 716422
 5553.948731 27249 1200 1200 1200 1200 76 46 0 76 52 0 76 42 0 76 44 0 15006 1210000 18150 702536 1022500 717444
 5554.148731 27250 1200 1200 1200 1200 76 46 0 76 52 0 76 42 0 76 44 0 15006 1210000 18150 703084 1022500 718466
 5554.348777 27251 1200 1200 1200 1200 76 46 0 76 52 0 76 42 0 76 44 0 15006 1210000 18150 703358 1022500 718466
 5554.548731 27252 1200 1200 1200 1200 76 46 0 76 52 0 76 42 0 76 44 0 15006 1210000 18150 703358 1022500 718466
 5554.748731 27253 1200 1200 1200 1200 76 46 0 76 52 0 76 42 0 76 44 0 15006 1210000 18150 703906 1022500 718466
 5554.948731 27254 1200 1200 1200 1200 76 46 0 76 52 0 76 42 0 76 44 0 15006 1210000 18150 703906 1022500 718466
 5555.148731 27255 1200 1200 1200 1200 76 46 0 76 52 0 76 42 0 76 44 0 15250 1210000 18150 703358 1022500 718466
 5555.348731 27256 1200 1200 1200 1200 76 46 0 76 52 0 76 42 0 76 44 0 15250 1210000 18150 703358 1022500 718466
 5555.548730 27257 1200 1200 1200 1200 76 46 0 76 52 0 76 42 0 76 44 0 15250 1210000 18150 707468 1022500 722554
 5555.748731 27258 1200 1200 1200 1200 76 46 0 76 52 0 76 42 0 76 44 0 15250 1210000 18150 701714 1022500 716422
 5555.948731 27259 1200 1200 1200 1200 76 46 0 76 52 0 76 42 0 76 44 0 15250 1210000 18150 702536 1022500 717444
 5556.148808 27260 1200 1200 1200 1200 76 46 0 76 52 0 76 42 0 76 44 0 15250 1210000 18150 702536 1022500 717444
 5556.348812 27261 1200 1200 1200 1200 76 46 0 76 52 0 76 42 0 76 44 0 15006 1210000 18150 387162 1021250 395127
 5556.548812 27262 1200 1200 1200 1200 76 46 0 76 52 0 76 42 0 76 44 0 15006 1210000 18150 61924 1020000 62220
 5556.748812 27263 1200 1200 1200 1200 76 46 0 76 52 0 76 42 0 76 44 0 14762 1210000 16940 57814 1020000 58140
 5556.948811 27264 1200 1200 1200 1200 76 46 0 76 52 0 76 42 0 76 44 0 14762 1210000 16940 57814 1020000 58140
 5557.148812 27265 1200 1200 1200 1200 74 46 0 74 52 0 74 42 0 74 44 0 15006 1210000 18150 57540 1020000 58140
 5557.348811 27266 1200 1200 1200 1200 74 46 0 74 52 0 74 42 0 74 44 0 14762 1210000 16940 55622 1020000 56100
 5557.548812 27267 1200 1200 1200 1200 74 46 0 74 52 0 74 42 0 74 44 0 15006 1210000 18150 58362 1020000 59160
 5557.748811 27268 1200 1200 1200 1200 74 46 0 74 52 0 74 42 0 74 44 0 15006 1210000 18150 58362 1020000 59160
 5557.948808 27269 1200 1200 1200 1200 74 46 0 74 52 0 74 42 0 74 44 0 14762 1210000 16940 57540 1020000 58140
