  695.219979 1333 500 500 500 500 68 46 0 68 52 0 68 42 0 68 44 0 122000 1082500 132004 5480 908750 4540
  695.419923 1334 500 500 500 500 68 46 0 68 52 0 68 42 0 68 44 0 116022 1082500 125512 5480 908750 4540
  695.619990 1335 500 500 500 500 68 46 0 68 52 0 68 42 0 68 44 0 112728 1082500 121184 5480 908750 4540
  695.819910 1336 500 500 500 500 68 46 0 68 52 0 68 42 0 68 44 0 109251 1083750 118047 5480 908750 4540
  696.019947 1337 500 500 500 500 68 46 0 68 52 0 68 42 0 68 44 0 109251 1083750 118047 5480 908750 4540
  696.219927 1338 500 500 500 500 68 46 0 68 52 0 68 42 0 68 44 0 107238 1083750 115881 5480 908750 4540
  696.419932 1339 500 500 500 500 68 46 0 68 52 0 68 42 0 68 44 0 102480 1082500 110364 5480 908750 4540
  696.619923 1340 500 500 500 500 68 46 0 68 52 0 68 42 0 68 44 0 102968 1082500 110364 5480 908750 4540
  696.819923 1341 500 500 500 500 68 46 0 68 52 0 68 42 0 68 44 0 102968 1082500 110364 5480 908750 4540
  697.019931 1342 500 500 500 500 68 46 0 68 52 0 68 42 0 68 44 0 102724 1082500 110364 5480 908750 4540
  697.219922 1343 500 500 500 500 68 46 0 68 52 0 68 42 0 68 44 0 102724 1082500 110364 5480 908750 4540
  697.419926 1344 500 500 500 500 68 46 0 68 52 0 68 42 0 68 44 0 102480 1082500 110364 5480 908750 4540
  697.619924 1345 500 500 500 500 68 46 0 68 52 0 68 42 0 68 44 0 102480 1082500 110364 5480 908750 4540
  697.819927 1346 500 500 500 500 68 46 0 68 52 0 68 42 0 68 44 0 101992 1082500 109282 5480 908750 4540
  698.019932 1347 500 500 500 500 68 46 0 68 52 0 68 42 0 68 44 0 48739 1083750 51984 5480 908750 4540
  698.219923 1348 500 500 500 500 68 46 0 68 52 0 68 42 0 68 44 0 15982 1085000 16275 5480 908750 4540
  698.419933 1349 500 500 500 500 68 46 0 68 52 0 68 42 0 68 44 0 15982 1085000 16275 5480 908750 4540
  698.619922 1350 500 500 500 500 68 46 0 68 52 0 68 42 0 68 44 0 15494 1085000 16275 5480 908750 4540
