  632.174929 1018 1300 1300 1300 1300 69 46 0 69 52 0 69 42 0 69 44 0 5734 950000 4750 60280 1057500 63420
  632.374917 1019 1300 1300 1300 1300 69 46 0 69 52 0 69 42 0 69 44 0 5734 950000 4750 62198 1057500 65534
  632.574917 1020 1300 1300 1300 1300 69 46 0 69 52 0 69 42 0 69 44 0 5734 950000 4750 59732 1057500 62363
  632.774917 1021 1300 1300 1300 1300 69 46 0 69 52 0 69 42 0 69 44 0 5490 950000 4750 57814 1057500 60249
  632.974917 1022 1300 1300 1300 1300 68 46 0 68 52 0 68 42 0 68 44 0 5490 950000 4750 57814 1057500 60249
  633.174913 1023 1300 1300 1300 1300 68 46 0 68 52 0 68 42 0 68 44 0 5734 950000 4750 53156 1057500 56021
  633.374918 1024 1300 1300 1300 1300 68 46 0 68 52 0 68 42 0 68 44 0 5734 950000 4750 53978 1057500 56021
  633.574920 1025 1300 1300 1300 1300 68 46 0 68 52 0 68 42 0 68 44 0 5734 950000 4750 251258 1058750 265558
  633.774917 1026 1300 1300 1300 1300 68 46 0 68 52 0 68 42 0 68 44 0 5734 950000 4750 251258 1058750 265558
  633.974918 1027 1300 1300 1300 1300 68 46 0 68 52 0 68 42 0 68 44 0 5734 950000 4750 54252 1057500 57078
  634.174931 1028 1300 1300 1300 1300 68 46 0 68 52 0 68 42 0 68 44 0 5734 950000 4750 53156 1057500 56021
  634.374935 1029 1300 1300 1300 1300 68 46 0 68 52 0 68 42 0 68 44 0 5734 950000 4750 281672 1058750 297298
  634.574867 1030 1300 1300 1300 1300 68 46 0 68 52 0 68 42 0 68 44 0 5734 950000 4750 281672 1058750 297298
  634.774970 1031 1300 1300 1300 1300 68 46 0 68 52 0 68 42 0 68 44 0 5490 950000 4750 973522 1061250 1032353
  634.975002 1032 1300 1300 1300 1300 71 46 0 71 52 0 71 42 0 71 44 0 5734 948750 4740 914886 1061250 969754
  635.179973 1033 1300 1300 1300 1300 71 46 0 71 52 0 71 42 0 71 44 0 5490 950000 4750 675136 1060000 715500
  635.379929 1034 1300 1300 1300 1300 71 46 0 71 52 0 71 42 0 71 44 0 5490 950000 4750 675136 1060000 715500
  635.579974 1035 1300 1300 1300 1300 71 46 0 71 52 0 71 42 0 71 44 0 5734 950000 4750 957356 1061250 1015377
  635.780044 1036 1200 1200 1200 1200 71 46 0 71 52 0 71 42 0 71 44 0 5734 948750 4740 891596 1061250 945351
  635.979969 1037 1200 1200 1200 1200 71 46 0 71 52 0 71 42 0 71 44 0 5490 950000 4750 504708 1043750 525672
  636.179898 1038 1200 1200 1200 1200 71 46 0 71 52 0 71 42 0 71 44 0 5734 950000 4750 226598 1021250 230746
  636.379922 1039 1200 1200 1200 1200 71 46 0 71 52 0 71 42 0 71 44 0 5734 950000 4750 226598 1021250 230746
  636.579921 1040 1200 1200 1200 1200 71 46 0 71 52 0 71 42 0 71 44 0 5734 950000 4750 61376 1020000 62220
  636.779957 1041 1200 1200 1200 1200 71 46 0 71 52 0 71 42 0 71 44 0 5734 950000 4750 52060 1020000 53040
  636.980004 1042 1200 1200 1200 1200 69 46 0 69 52 0 69 42 0 69 44 0 5734 950000 4750 561700 1022500 573342
  637.179947 1043 1200 1200 1200 1200 70 46 0 70 52 0 70 42 0 70 44 0 5734 950000 4750 561700 1022500 573342
  637.379994 1044 1200 1200 1200 1200 70 46 0 70 52 0 70 42 0 70 44 0 5490 950000 4750 834604 1022500 852348
  637.580025 1045 1200 1200 1200 1200 70 46 0 70 52 0 70 42 0 70 44 0 5734 950000 4750 785284 1022500 802270
  637.779934 1046 1200 1200 1200 1200 70 46 0 70 52 0 70 42 0 70 44 0 5734 950000 4750 750760 1022500 766500
  637.979924 1047 1200 1200 1200 1200 70 46 0 70 52 0 70 42 0 70 44 0 5734 950000 4750 750760 1022500 766500
  638.179945 1048 1200 1200 1200 1200 70 46 0 70 52 0 70 42 0 70 44 0 5734 950000 4750 764734 1022500 780808
  638.379928 1049 1200 1200 1200 1200 70 46 0 70 52 0 70 42 0 70 44 0 5490 950000 4750 758432 1022500 774676
  638.579928 1050 1200 1200 1200 1200 70 46 0 70 52 0 70 42 0 70 44 0 5490 950000 4750 758432 1022500 774676
  638.779928 1051 1200 1200 1200 1200 70 46 0 70 52 0 70 42 0 70 44 0 5490 950000 4750 758432 1022500 774676
  638.979928 1052 1200 1200 1200 1200 70 46 0 70 52 0 70 42 0 70 44 0 5734 950000 4750 758980 1022500 774676
  639.179934 1053 1200 1200 1200 1200 70 46 0 70 52 0 70 42 0 70 44 0 5734 950000 4750 758432 1022500 774676
  639.379920 1054 1200 1200 1200 1200 70 46 0 70 52 0 70 42 0 70 44 0 5734 950000 4750 541698 1021250 552361
  639.579920 1055 1200 1200 1200 1200 70 46 0 70 52 0 70 42 0 70 44 0 5734 950000 4750 541698 1021250 552361
  639.779920 1056 1200 1200 1200 1200 70 46 0 70 52 0 70 42 0 70 44 0 5734 950000 4750 59732 1020000 60180
  639.979920 1057 1200 1200 1200 1200 69 46 0 69 52 0 69 42 0 69 44 0 5734 950000 4750 55348 1020000 56100
  640.179915 1058 1200 1200 1200 1200 69 46 0 69 52 0 69 42 0 69 44 0 5734 950000 4750 52608 1020000 53040
  640.379920 1059 1200 1200 1200 1200 69 46 0 69 52 0 69 42 0 69 44 0 5734 950000 4750 52608 1020000 53040
