 8562.894938 40669 800 800 800 800 76 46 0 76 52 0 76 42 0 76 44 0 14518 1210000 16940 38634 907500 34466
 8563.094937 40670 800 800 800 800 72 46 0 72 52 0 72 42 0 72 44 0 14518 1210000 16940 38634 907500 34466
 8563.294939 40671 800 800 800 800 72 46 0 72 52 0 72 42 0 72 44 0 14518 1210000 16940 36716 907500 32652
 8563.494937 40672 800 800 800 800 72 46 0 72 52 0 72 42 0 72 44 0 14274 1210000 16940 35620 907500 31745
 8563.694938 40673 800 800 800 800 72 46 0 72 52 0 72 42 0 72 44 0 14518 1210000 16940 37538 907500 33559
 8563.894937 40674 800 800 800 800 72 46 0 72 52 0 72 42 0 72 44 0 14518 1210000 16940 37538 907500 33559
 8564.094937 40675 800 800 800 800 72 46 0 72 52 0 72 42 0 72 44 0 14274 1210000 16940 38908 907500 34466
 8564.294938 40676 800 800 800 800 72 46 0 72 52 0 72 42 0 72 44 0 14518 1210000 16940 37812 907500 33559
 8564.494937 40677 800 800 800 800 72 46 0 72 52 0 72 42 0 72 44 0 14518 1210000 16940 38908 907500 34466
 8564.694937 40678 800 800 800 800 72 46 0 72 52 0 72 42 0 72 44 0 14518 1210000 16940 38908 907500 34466
 8564.894938 40679 800 800 800 800 72 46 0 72 52 0 72 42 0 72 44 0 14274 1210000 16940 60554 907500 54420
 8565.094938 40680 800 800 800 800 72 46 0 72 52 0 72 42 0 72 44 0 14518 1210000 16940 36716 907500 32652
 8565.294938 40681 800 800 800 800 72 46 0 72 52 0 72 42 0 72 44 0 14274 1210000 16940 36168 907500 32652
 8565.495054 40682 800 800 800 800 72 46 0 72 52 0 72 42 0 72 44 0 14274 1210000 16940 36168 907500 32652
 8565.694934 40683 800 800 800 800 72 46 0 72 52 0 72 42 0 72 44 0 14274 1210000 16940 38086 907500 34466
 8565.894938 40684 800 800 800 800 72 46 0 72 52 0 72 42 0 72 44 0 14518 1210000 16940 198650 908750 179784
 8566.094937 40685 800 800 800 800 72 46 0 72 52 0 72 42 0 72 44 0 14274 1210000 16940 41100 907500 37187
 8566.294937 40686 800 800 800 800 72 46 0 72 52 0 72 42 0 72 44 0 14274 1210000 16940 41100 907500 37187
 8566.500023 40687 800 800 800 800 72 46 0 72 52 0 72 42 0 72 44 0 14518 1208750 16912 38634 907500 34466
 8566.699986 40688 800 800 800 800 72 46 0 72 52 0 72 42 0 72 44 0 14274 1210000 16940 100832 907500 90700
 8566.899961 40689 800 800 800 800 72 46 0 72 52 0 72 42 0 72 44 0 14274 1208750 16912 409904 907500 370963
 8567.099986 40690 800 800 800 800 72 46 0 72 52 0 72 42 0 72 44 0 14274 1208750 16912 501420 908750 454908
 8567.299959 40691 800 800 800 800 72 46 0 72 52 0 72 42 0 72 44 0 14274 1208750 16912 501420 908750 454908
 8567.499901 40692 800 800 800 800 72 46 0 72 52 0 72 42 0 72 44 0 14518 1210000 16940 488816 907500 442616
 8567.699893 40693 800 800 800 800 72 46 0 72 52 0 72 42 0 72 44 0 14518 1210000 16940 468540 907500 424476
 8567.899843 40694 800 800 800 800 72 46 0 72 52 0 72 42 0 72 44 0 14274 1210000 16940 454018 907500 411778
 8568.099861 40695 800 800 800 800 74 46 0 74 52 0 74 42 0 74 44 0 14274 1210000 16940 454018 907500 411778
 8568.299841 40696 800 800 800 800 74 46 0 74 52 0 74 42 0 74 44 0 14518 1210000 16940 435660 907500 394545
 8568.499842 40697 800 800 800 800 74 46 0 74 52 0 74 42 0 74 44 0 14274 1210000 16940 435660 907500 394545
 8568.699840 40698 800 800 800 800 74 46 0 74 52 0 74 42 0 74 44 0 14274 1210000 16940 435934 907500 394545
 8568.899843 40699 800 800 800 800 75 46 0 75 52 0 75 42 0 75 44 0 14274 1210000 16940 435934 907500 394545
 8569.099842 40700 800 800 800 800 75 46 0 75 52 0 75 42 0 75 44 0 14518 1210000 16940 435386 907500 394545
 8569.299842 40701 800 800 800 800 75 46 0 75 52 0 75 42 0 75 44 0 14518 1210000 16940 435660 907500 394545
 8569.499841 40702 800 800 800 800 75 46 0 75 52 0 75 42 0 75 44 0 14274 1210000 16940 435112 907500 394545
 8569.699842 40703 800 800 800 800 75 46 0 75 52 0 75 42 0 75 44 0 14274 1210000 16940 435112 907500 394545
 8569.899845 40704 800 800 800 800 75 46 0 75 52 0 75 42 0 75 44 0 14274 1210000 16940 438126 907500 397266
 8570.099924 40705 800 800 800 800 75 46 0 75 52 0 75 42 0 75 44 0 14274 1210000 16940 434290 907500 393638
 8570.299940 40706 800 800 800 800 75 46 0 75 52 0 75 42 0 75 44 0 14274 1210000 16940 435386 907500 394545
 8570.499843 40707 800 800 800 800 75 46 0 75 52 0 75 42 0 75 44 0 14274 1210000 16940 435386 907500 394545
 8570.699924 40708 800 800 800 800 75 46 0 75 52 0 75 42 0 75 44 0 14274 1210000 16940 435934 907500 394545
 8570.899924 40709 800 800 800 800 75 46 0 75 52 0 75 42 0 75 44 0 14274 1210000 16940 437304 907500 396359
 8571.099919 40710 800 800 800 800 75 46 0 75 52 0 75 42 0 75 44 0 14518 1210000 16940 435660 907500 394545
 8571.299920 40711 800 800 800 800 75 46 0 75 52 0 75 42 0 75 44 0 14518 1210000 16940 435660 907500 394545
 8571.499920 40712 800 800 800 800 75 46 0 75 52 0 75 42 0 75 44 0 14518 1210000 16940 436756 907500 395452
 8571.699920 40713 800 800 800 800 75 46 0 75 52 0 75 42 0 75 44 0 14518 1210000 16940 437304 907500 396359
 8571.899919 40714 800 800 800 800 75 46 0 75 52 0 75 42 0 75 44 0 14518 1210000 16940 437030 907500 396359
 8572.099940 40715 800 800 800 800 75 46 0 75 52 0 75 42 0 75 44 0 14518 1210000 16940 437030 907500 396359
 8572.299866 40716 800 800 800 800 75 46 0 75 52 0 75 42 0 75 44 0 14518 1210000 16940 435660 907500 394545
 8572.499860 40717 800 800 800 800 75 46 0 75 52 0 75 42 0 75 44 0 14274 1210000 16940 437304 907500 396359
 8572.699897 40718 800 800 800 800 75 46 0 75 52 0 75 42 0 75 44 0 14518 1210000 16940 436482 907500 395452
 8572.899914 40719 800 800 800 800 75 46 0 75 52 0 75 42 0 75 44 0 14274 1210000 16940 436756 907500 395452
 8573.099945 40720 800 800 800 800 75 46 0 75 52 0 75 42 0 75 44 0 14274 1210000 16940 436756 907500 395452
 8573.299928 40721 800 800 800 800 75 46 0 75 52 0 75 42 0 75 44 0 14274 1210000 16940 441414 907500 399987
 8573.499928 40722 800 800 800 800 75 46 0 75 52 0 75 42 0 75 44 0 14274 1210000 16940 436482 907500 395452
 8573.699926 40723 800 800 800 800 75 46 0 75 52 0 75 42 0 75 44 0 14518 1210000 16940 437578 907500 396359
 8573.899928 40724 800 800 800 800 75 46 0 75 52 0 75 42 0 75 44 0 14518 1210000 16940 437578 907500 396359
 8574.099945 40725 800 800 800 800 75 46 0 75 52 0 75 42 0 75 44 0 14518 1210000 16940 436208 907500 395452
 8574.299927 40726 800 800 800 800 75 46 0 75 52 0 75 42 0 75 44 0 14518 1210000 16940 435934 907500 394545
 8574.499929 40727 800 800 800 800 75 46 0 75 52 0 75 42 0 75 44 0 14274 1208750 16912 435386 907500 394545
 8574.699930 40728 800 800 800 800 75 46 0 75 52 0 75 42 0 75 44 0 14274 1208750 16912 435386 907500 394545
 8574.899928 40729 800 800 800 800 75 46 0 75 52 0 75 42 0 75 44 0 14274 1210000 16940 435660 907500 394545
 8575.099945 40730 800 800 800 800 75 46 0 75 52 0 75 42 0 75 44 0 14518 1210000 16940 436482 907500 395452
 8575.299927 40731 800 800 800 800 75 46 0 75 52 0 75 42 0 75 44 0 14518 1210000 16940 436756 907500 395452
 8575.499928 40732 800 800 800 800 75 46 0 75 52 0 75 42 0 75 44 0 14518 1210000 16940 436756 907500 395452
 8575.699947 40733 800 800 800 800 75 46 0 75 52 0 75 42 0 75 44 0 14518 1210000 16940 436756 907500 395452
 8575.899939 40734 800 800 800 800 75 46 0 75 52 0 75 42 0 75 44 0 14274 1208750 16912 436756 907500 395452
 8576.099964 40735 800 800 800 800 75 46 0 75 52 0 75 42 0 75 44 0 14518 1208750 16912 435934 907500 394545
 8576.299947 40736 800 800 800 800 75 46 0 75 52 0 75 42 0 75 44 0 14518 1208750 16912 435934 907500 394545
 8576.499947 40737 800 800 800 800 75 46 0 75 52 0 75 42 0 75 44 0 14518 1210000 16940 436482 907500 395452
 8576.699945 40738 800 800 800 800 75 46 0 75 52 0 75 42 0 75 44 0 14274 1210000 16940 437852 907500 396359
 8576.899938 40739 800 800 800 800 75 46 0 75 52 0 75 42 0 75 44 0 14274 1210000 16940 438400 907500 397266
 8577.099963 40740 800 800 800 800 75 46 0 75 52 0 75 42 0 75 44 0 14274 1210000 16940 438400 907500 397266
 8577.299946 40741 800 800 800 800 75 46 0 75 52 0 75 42 0 75 44 0 14274 1210000 16940 438948 907500 397266
 8577.499946 40742 800 800 800 800 75 46 0 75 52 0 75 42 0 75 44 0 14274 1210000 16940 438400 907500 397266
 8577.699945 40743 800 800 800 800 75 46 0 75 52 0 75 42 0 75 44 0 14518 1208750 16912 436208 907500 395452
 8577.899947 40744 800 800 800 800 75 46 0 75 52 0 75 42 0 75 44 0 14518 1208750 16912 436208 907500 395452
 8578.099964 40745 800 800 800 800 75 46 0 75 52 0 75 42 0 75 44 0 14518 1208750 16912 435934 907500 394545
 8578.299947 40746 800 800 800 800 75 46 0 75 52 0 75 42 0 75 44 0 14518 1210000 16940 435934 907500 394545
 8578.499947 40747 800 800 800 800 75 46 0 75 52 0 75 42 0 75 44 0 14518 1210000 16940 435934 907500 394545
 8578.699946 40748 800 800 800 800 75 46 0 75 52 0 75 42 0 75 44 0 14518 1210000 16940 435934 907500 394545
 8578.899946 40749 800 800 800 800 75 46 0 75 52 0 75 42 0 75 44 0 14518 1208750 16912 436482 907500 395452
 8579.099963 40750 800 800 800 800 75 46 0 75 52 0 75 42 0 75 44 0 14518 1210000 16940 437030 907500 396359
 8579.299947 40751 800 800 800 800 75 46 0 75 52 0 75 42 0 75 44 0 14518 1210000 16940 437304 907500 396359
 8579.499947 40752 800 800 800 800 75 46 0 75 52 0 75 42 0 75 44 0 14518 1208750 16912 436482 907500 395452
 8579.699944 40753 800 800 800 800 75 46 0 75 52 0 75 42 0 75 44 0 14518 1208750 16912 436482 907500 395452
 8579.899945 40754 800 800 800 800 75 46 0 75 52 0 75 42 0 75 44 0 14518 1208750 16912 436756 907500 395452
 8580.099965 40755 800 800 800 800 75 46 0 75 52 0 75 42 0 75 44 0 14274 1210000 16940 437030 907500 396359
 8580.299937 40756 800 800 800 800 75 46 0 75 52 0 75 42 0 75 44 0 14518 1208750 16912 436756 907500 395452
 8580.499944 40757 800 800 800 800 75 46 0 75 52 0 75 42 0 75 44 0 14518 1208750 16912 436756 907500 395452
 8580.699947 40758 800 800 800 800 75 46 0 75 52 0 75 42 0 75 44 0 14518 1208750 16912 438674 907500 397266
 8580.899947 40759 800 800 800 800 75 46 0 75 52 0 75 42 0 75 44 0 14274 1210000 16940 436756 907500 395452
 8581.099962 40760 800 800 800 800 75 46 0 75 52 0 75 42 0 75 44 0 14518 1208750 16912 437030 907500 396359
 8581.299946 40761 800 800 800 800 75 46 0 75 52 0 75 42 0 75 44 0 14518 1208750 16912 437030 907500 396359
 8581.499939 40762 800 800 800 800 75 46 0 75 52 0 75 42 0 75 44 0 14518 1208750 16912 436756 907500 395452
 8581.699946 40763 800 800 800 800 75 46 0 75 52 0 75 42 0 75 44 0 14518 1210000 16940 436208 907500 395452
 8581.899947 40764 800 800 800 800 75 46 0 75 52 0 75 42 0 75 44 0 14518 1208750 16912 436756 907500 395452
 8582.099962 40765 800 800 800 800 75 46 0 75 52 0 75 42 0 75 44 0 14518 1208750 16912 436756 907500 395452
 8582.299945 40766 800 800 800 800 75 46 0 75 52 0 75 42 0 75 44 0 14518 1208750 16912 436482 907500 395452
 8582.499945 40767 800 800 800 800 75 46 0 75 52 0 75 42 0 75 44 0 14518 1208750 16912 437578 907500 396359
 8582.699945 40768 800 800 800 800 75 46 0 75 52 0 75 42 0 75 44 0 14518 1208750 16912 436756 907500 395452
 8582.899947 40769 800 800 800 800 75 46 0 75 52 0 75 42 0 75 44 0 14518 1208750 16912 436756 907500 395452
 8583.099963 40770 800 800 800 800 75 46 0 75 52 0 75 42 0 75 44 0 14274 1208750 16912 438126 907500 397266
 8583.299946 40771 800 800 800 800 75 46 0 75 52 0 75 42 0 75 44 0 14518 1208750 16912 436482 907500 395452
 8583.499947 40772 800 800 800 800 75 46 0 75 52 0 75 42 0 75 44 0 14518 1210000 16940 436482 907500 395452
 8583.699946 40773 800 800 800 800 75 46 0 75 52 0 75 42 0 75 44 0 14518 1210000 16940 436482 907500 395452
 8583.899946 40774 800 800 800 800 75 46 0 75 52 0 75 42 0 75 44 0 14274 1208750 16912 437030 907500 396359
 8584.099965 40775 800 800 800 800 75 46 0 75 52 0 75 42 0 75 44 0 14518 1208750 16912 437030 907500 396359
 8584.299946 40776 800 800 800 800 75 46 0 75 52 0 75 42 0 75 44 0 14518 1210000 16940 437030 907500 396359
 8584.499947 40777 800 800 800 800 75 46 0 75 52 0 75 42 0 75 44 0 14518 1210000 16940 437030 907500 396359
 8584.699945 40778 800 800 800 800 75 46 0 75 52 0 75 42 0 75 44 0 14274 1208750 16912 437578 907500 396359
 8584.899939 40779 800 800 800 800 75 46 0 75 52 0 75 42 0 75 44 0 14518 1208750 16912 437304 907500 396359
 8585.099962 40780 800 800 800 800 75 46 0 75 52 0 75 42 0 75 44 0 14762 1210000 16940 437304 907500 396359
 8585.299921 40781 800 800 800 800 75 46 0 75 52 0 75 42 0 75 44 0 14274 1208750 16912 438400 907500 397266
 8585.499946 40782 800 800 800 800 75 46 0 75 52 0 75 42 0 75 44 0 14274 1208750 16912 438400 907500 397266
 8585.699945 40783 800 800 800 800 75 46 0 75 52 0 75 42 0 75 44 0 14274 1208750 16912 437852 907500 396359
 8585.899945 40784 800 800 800 800 75 46 0 75 52 0 75 42 0 75 44 0 14518 1210000 16940 438126 907500 397266
 8586.099962 40785 800 800 800 800 76 46 0 76 52 0 76 42 0 76 44 0 14518 1210000 16940 438948 907500 397266
 8586.299946 40786 800 800 800 800 76 46 0 76 52 0 76 42 0 76 44 0 14518 1210000 16940 438948 907500 397266
 8586.499945 40787 800 800 800 800 76 46 0 76 52 0 76 42 0 76 44 0 14518 1208750 16912 439222 907500 398173
 8586.699947 40788 800 800 800 800 76 46 0 76 52 0 76 42 0 76 44 0 14518 1208750 16912 438400 907500 397266
 8586.899946 40789 800 800 800 800 76 46 0 76 52 0 76 42 0 76 44 0 14518 1208750 16912 437304 907500 396359
 8587.099963 40790 800 800 800 800 75 46 0 75 52 0 75 42 0 75 44 0 14518 1208750 16912 437304 907500 396359
 8587.299945 40791 800 800 800 800 75 46 0 75 52 0 75 42 0 75 44 0 14274 1208750 16912 435934 907500 394545
 8587.499945 40792 800 800 800 800 75 46 0 75 52 0 75 42 0 75 44 0 14274 1210000 16940 435386 907500 394545
 8587.699946 40793 800 800 800 800 75 46 0 75 52 0 75 42 0 75 44 0 14518 1208750 16912 435934 907500 394545
 8587.899946 40794 800 800 800 800 75 46 0 75 52 0 75 42 0 75 44 0 14518 1208750 16912 435934 907500 394545
 8588.099964 40795 800 800 800 800 75 46 0 75 52 0 75 42 0 75 44 0 14274 1210000 16940 436756 907500 395452
 8588.299940 40796 800 800 800 800 75 46 0 75 52 0 75 42 0 75 44 0 14518 1208750 16912 436482 907500 395452
 8588.499945 40797 800 800 800 800 75 46 0 75 52 0 75 42 0 75 44 0 14518 1210000 16940 437030 907500 396359
 8588.699944 40798 800 800 800 800 75 46 0 75 52 0 75 42 0 75 44 0 14518 1210000 16940 437030 907500 396359
 8588.899947 40799 800 800 800 800 75 46 0 75 52 0 75 42 0 75 44 0 14274 1208750 16912 436482 907500 395452
 8589.099963 40800 800 800 800 800 76 46 0 76 52 0 76 42 0 76 44 0 14274 1210000 16940 436756 907500 395452
 8589.299939 40801 800 800 800 800 76 46 0 76 52 0 76 42 0 76 44 0 14762 1210000 16940 436756 907500 395452
 8589.499947 40802 800 800 800 800 76 46 0 76 52 0 76 42 0 76 44 0 14762 1210000 16940 436756 907500 395452
 8589.699948 40803 800 800 800 800 75 46 0 75 52 0 75 42 0 75 44 0 14274 1210000 16940 436482 907500 395452
 8589.899945 40804 800 800 800 800 75 46 0 75 52 0 75 42 0 75 44 0 14274 1210000 16940 438400 907500 397266
 8590.099964 40805 800 800 800 800 76 46 0 76 52 0 76 42 0 76 44 0 14518 1210000 16940 437578 907500 396359
 8590.299946 40806 800 800 800 800 76 46 0 76 52 0 76 42 0 76 44 0 14518 1210000 16940 437578 907500 396359
 8590.499947 40807 800 800 800 800 76 46 0 76 52 0 76 42 0 76 44 0 14518 1210000 16940 438126 907500 397266
 8590.699946 40808 800 800 800 800 76 46 0 76 52 0 76 42 0 76 44 0 14274 1208750 16912 437304 907500 396359
 8590.899945 40809 800 800 800 800 76 46 0 76 52 0 76 42 0 76 44 0 14518 1210000 16940 436756 907500 395452
 8591.099962 40810 800 800 800 800 76 46 0 76 52 0 76 42 0 76 44 0 14518 1210000 16940 436756 907500 395452
 8591.299947 40811 800 800 800 800 76 46 0 76 52 0 76 42 0 76 44 0 14518 1210000 16940 436756 907500 395452
 8591.499947 40812 800 800 800 800 76 46 0 76 52 0 76 42 0 76 44 0 14518 1210000 16940 437304 907500 396359
 8591.699945 40813 800 800 800 800 76 46 0 76 52 0 76 42 0 76 44 0 14518 1210000 16940 438400 907500 397266
 8591.899946 40814 800 800 800 800 76 46 0 76 52 0 76 42 0 76 44 0 14274 1210000 16940 439496 907500 398173
 8592.099964 40815 800 800 800 800 76 46 0 76 52 0 76 42 0 76 44 0 14274 1210000 16940 439496 907500 398173
 8592.299947 40816 800 800 800 800 76 46 0 76 52 0 76 42 0 76 44 0 14518 1210000 16940 437852 907500 396359
 8592.499947 40817 800 800 800 800 76 46 0 76 52 0 76 42 0 76 44 0 14518 1210000 16940 437852 907500 396359
 8592.699940 40818 800 800 800 800 76 46 0 76 52 0 76 42 0 76 44 0 14518 1210000 16940 436756 907500 395452
 8592.899945 40819 800 800 800 800 76 46 0 76 52 0 76 42 0 76 44 0 14518 1210000 16940 436756 907500 395452
 8593.099961 40820 800 800 800 800 76 46 0 76 52 0 76 42 0 76 44 0 14518 1210000 16940 436482 907500 395452
 8593.299947 40821 800 800 800 800 76 46 0 76 52 0 76 42 0 76 44 0 14274 1210000 16940 436482 907500 395452
 8593.499946 40822 800 800 800 800 76 46 0 76 52 0 76 42 0 76 44 0 14518 1210000 16940 437030 907500 396359
 8593.699946 40823 800 800 800 800 76 46 0 76 52 0 76 42 0 76 44 0 14518 1210000 16940 437030 907500 396359
 8593.899941 40824 800 800 800 800 76 46 0 76 52 0 76 42 0 76 44 0 14518 1210000 16940 437030 907500 396359
 8594.099963 40825 800 800 800 800 76 46 0 76 52 0 76 42 0 76 44 0 14518 1210000 16940 437030 907500 396359
 8594.299946 40826 800 800 800 800 76 46 0 76 52 0 76 42 0 76 44 0 14518 1210000 16940 437030 907500 396359
 8594.499945 40827 800 800 800 800 76 46 0 76 52 0 76 42 0 76 44 0 14518 1210000 16940 437030 907500 396359
 8594.699944 40828 800 800 800 800 76 46 0 76 52 0 76 42 0 76 44 0 14518 1210000 16940 436482 907500 395452
 8594.899946 40829 800 800 800 800 76 46 0 76 52 0 76 42 0 76 44 0 14518 1210000 16940 437578 907500 396359
 8595.099965 40830 800 800 800 800 76 46 0 76 52 0 76 42 0 76 44 0 14518 1210000 16940 436756 907500 395452
 8595.299946 40831 800 800 800 800 76 46 0 76 52 0 76 42 0 76 44 0 14518 1210000 16940 436756 907500 395452
 8595.499947 40832 800 800 800 800 76 46 0 76 52 0 76 42 0 76 44 0 14274 1210000 16940 438948 907500 397266
 8595.699948 40833 800 800 800 800 76 46 0 76 52 0 76 42 0 76 44 0 14518 1210000 16940 439222 907500 398173
 8595.899947 40834 800 800 800 800 76 46 0 76 52 0 76 42 0 76 44 0 14518 1210000 16940 438674 907500 397266
 8596.099964 40835 800 800 800 800 76 46 0 76 52 0 76 42 0 76 44 0 14518 1210000 16940 438674 907500 397266
 8596.299947 40836 800 800 800 800 76 46 0 76 52 0 76 42 0 76 44 0 14518 1210000 16940 437852 907500 396359
 8596.499947 40837 800 800 800 800 76 46 0 76 52 0 76 42 0 76 44 0 14518 1210000 16940 437852 907500 396359
 8596.699947 40838 800 800 800 800 76 46 0 76 52 0 76 42 0 76 44 0 14762 1208750 16912 436756 907500 395452
 8596.899946 40839 800 800 800 800 76 46 0 76 52 0 76 42 0 76 44 0 14762 1208750 16912 436756 907500 395452
 8597.099945 40840 800 800 800 800 76 46 0 76 52 0 76 42 0 76 44 0 14518 1210000 16940 436482 907500 395452
 8597.299940 40841 800 800 800 800 76 46 0 76 52 0 76 42 0 76 44 0 14518 1210000 16940 438948 907500 397266
 8597.499945 40842 800 800 800 800 76 46 0 76 52 0 76 42 0 76 44 0 14762 1210000 16940 437578 907500 396359
 8597.699921 40843 800 800 800 800 76 46 0 76 52 0 76 42 0 76 44 0 14518 1210000 16940 437578 907500 396359
 8597.899946 40844 800 800 800 800 76 46 0 76 52 0 76 42 0 76 44 0 14518 1210000 16940 437578 907500 396359
 8598.099964 40845 800 800 800 800 76 46 0 76 52 0 76 42 0 76 44 0 14518 1210000 16940 438400 907500 397266
 8598.299995 40846 800 800 800 800 76 46 0 76 52 0 76 42 0 76 44 0 14518 1210000 16940 437304 907500 396359
 8598.499948 40847 800 800 800 800 76 46 0 76 52 0 76 42 0 76 44 0 14518 1210000 16940 437852 907500 396359
 8598.699947 40848 800 800 800 800 76 46 0 76 52 0 76 42 0 76 44 0 14518 1210000 16940 437852 907500 396359
 8598.899945 40849 800 800 800 800 76 46 0 76 52 0 76 42 0 76 44 0 14518 1210000 16940 436756 907500 395452
 8599.099961 40850 800 800 800 800 76 46 0 76 52 0 76 42 0 76 44 0 14518 1210000 16940 438674 907500 397266
 8599.299945 40851 800 800 800 800 76 46 0 76 52 0 76 42 0 76 44 0 14518 1210000 16940 438948 907500 397266
 8599.499945 40852 800 800 800 800 76 46 0 76 52 0 76 42 0 76 44 0 14518 1210000 16940 438948 907500 397266
 8599.699947 40853 800 800 800 800 76 46 0 76 52 0 76 42 0 76 44 0 14518 1210000 16940 438674 907500 397266
 8599.899947 40854 800 800 800 800 76 46 0 76 52 0 76 42 0 76 44 0 14518 1210000 16940 458128 907500 415406
 8600.099963 40855 800 800 800 800 76 46 0 76 52 0 76 42 0 76 44 0 14274 1210000 16940 436208 907500 395452
 8600.299946 40856 800 800 800 800 76 46 0 76 52 0 76 42 0 76 44 0 14274 1210000 16940 436208 907500 395452
 8600.499947 40857 800 800 800 800 76 46 0 76 52 0 76 42 0 76 44 0 14518 1210000 16940 436756 907500 395452
 8600.699939 40858 800 800 800 800 76 46 0 76 52 0 76 42 0 76 44 0 14518 1210000 16940 437030 907500 396359
 8600.899946 40859 800 800 800 800 76 46 0 76 52 0 76 42 0 76 44 0 14518 1210000 16940 438400 907500 397266
 8601.099961 40860 800 800 800 800 76 46 0 76 52 0 76 42 0 76 44 0 14518 1210000 16940 438400 907500 397266
 8601.299947 40861 800 800 800 800 76 46 0 76 52 0 76 42 0 76 44 0 14518 1210000 16940 438126 907500 397266
 8601.499947 40862 800 800 800 800 76 46 0 76 52 0 76 42 0 76 44 0 14274 1210000 16940 437030 907500 396359
 8601.699940 40863 800 800 800 800 76 46 0 76 52 0 76 42 0 76 44 0 14518 1210000 16940 436756 907500 395452
 8601.899945 40864 800 800 800 800 76 46 0 76 52 0 76 42 0 76 44 0 14518 1210000 16940 436756 907500 395452
 8602.099962 40865 800 800 800 800 76 46 0 76 52 0 76 42 0 76 44 0 14762 1210000 16940 436482 907500 395452
 8602.299948 40866 800 800 800 800 76 46 0 76 52 0 76 42 0 76 44 0 14518 1210000 16940 435386 907500 394545
 8602.499945 40867 800 800 800 800 76 46 0 76 52 0 76 42 0 76 44 0 14518 1210000 16940 436208 907500 395452
 8602.699946 40868 800 800 800 800 76 46 0 76 52 0 76 42 0 76 44 0 14518 1210000 16940 436208 907500 395452
 8602.899945 40869 800 800 800 800 76 46 0 76 52 0 76 42 0 76 44 0 14518 1210000 16940 437030 907500 396359
 8603.099962 40870 800 800 800 800 76 46 0 76 52 0 76 42 0 76 44 0 14518 1210000 16940 437304 907500 396359
 8603.299945 40871 800 800 800 800 76 46 0 76 52 0 76 42 0 76 44 0 14518 1210000 16940 443332 907500 401801
 8603.499945 40872 800 800 800 800 76 46 0 76 52 0 76 42 0 76 44 0 14518 1210000 16940 443332 907500 401801
 8603.699945 40873 800 800 800 800 76 46 0 76 52 0 76 42 0 76 44 0 14518 1210000 16940 438126 907500 397266
 8603.899946 40874 800 800 800 800 76 46 0 76 52 0 76 42 0 76 44 0 14518 1210000 16940 438674 907500 397266
 8604.099964 40875 800 800 800 800 75 46 0 75 52 0 75 42 0 75 44 0 14518 1210000 16940 437578 907500 396359
 8604.299947 40876 800 800 800 800 75 46 0 75 52 0 75 42 0 75 44 0 14518 1210000 16940 438126 907500 397266
 8604.499947 40877 800 800 800 800 75 46 0 75 52 0 75 42 0 75 44 0 14518 1210000 16940 438126 907500 397266
 8604.699945 40878 800 800 800 800 75 46 0 75 52 0 75 42 0 75 44 0 14518 1210000 16940 439222 907500 398173
 8604.899946 40879 800 800 800 800 75 46 0 75 52 0 75 42 0 75 44 0 14518 1210000 16940 438948 907500 397266
 8605.099938 40880 800 800 800 800 75 46 0 75 52 0 75 42 0 75 44 0 14518 1210000 16940 439222 907500 398173
 8605.299946 40881 800 800 800 800 75 46 0 75 52 0 75 42 0 75 44 0 14518 1210000 16940 439222 907500 398173
 8605.499947 40882 800 800 800 800 75 46 0 75 52 0 75 42 0 75 44 0 14518 1210000 16940 439222 907500 398173
 8605.699945 40883 800 800 800 800 75 46 0 75 52 0 75 42 0 75 44 0 14518 1210000 16940 437852 907500 396359
 8605.899946 40884 800 800 800 800 75 46 0 75 52 0 75 42 0 75 44 0 14518 1210000 16940 438400 907500 397266
 8606.099962 40885 800 800 800 800 75 46 0 75 52 0 75 42 0 75 44 0 14518 1210000 16940 438400 907500 397266
 8606.299941 40886 800 800 800 800 75 46 0 75 52 0 75 42 0 75 44 0 14518 1210000 16940 437030 907500 396359
 8606.499947 40887 800 800 800 800 75 46 0 75 52 0 75 42 0 75 44 0 14274 1210000 16940 438126 907500 397266
 8606.699945 40888 800 800 800 800 75 46 0 75 52 0 75 42 0 75 44 0 14274 1210000 16940 436756 907500 395452
 8606.899945 40889 800 800 800 800 75 46 0 75 52 0 75 42 0 75 44 0 14274 1210000 16940 436756 907500 395452
 8607.099963 40890 800 800 800 800 76 46 0 76 52 0 76 42 0 76 44 0 14518 1210000 16940 438674 907500 397266
 8607.299945 40891 800 800 800 800 76 46 0 76 52 0 76 42 0 76 44 0 14518 1210000 16940 436482 907500 395452
 8607.499944 40892 800 800 800 800 76 46 0 76 52 0 76 42 0 76 44 0 14518 1210000 16940 436482 907500 395452
 8607.699945 40893 800 800 800 800 76 46 0 76 52 0 76 42 0 76 44 0 14518 1210000 16940 436482 907500 395452
 8607.899945 40894 800 800 800 800 76 46 0 76 52 0 76 42 0 76 44 0 14518 1210000 16940 436208 907500 395452
 8608.099964 40895 800 800 800 800 75 46 0 75 52 0 75 42 0 75 44 0 14762 1210000 16940 436482 907500 395452
 8608.299945 40896 800 800 800 800 75 46 0 75 52 0 75 42 0 75 44 0 14518 1210000 16940 437304 907500 396359
 8608.499946 40897 800 800 800 800 75 46 0 75 52 0 75 42 0 75 44 0 14518 1210000 16940 437304 907500 396359
 8608.699947 40898 800 800 800 800 75 46 0 75 52 0 75 42 0 75 44 0 14518 1210000 16940 437852 907500 396359
 8608.899946 40899 800 800 800 800 75 46 0 75 52 0 75 42 0 75 44 0 14518 1210000 16940 437852 907500 396359
 8609.099962 40900 800 800 800 800 75 46 0 75 52 0 75 42 0 75 44 0 14518 1210000 16940 437030 907500 396359
 8609.299946 40901 800 800 800 800 75 46 0 75 52 0 75 42 0 75 44 0 14518 1210000 16940 437030 907500 396359
 8609.499946 40902 800 800 800 800 75 46 0 75 52 0 75 42 0 75 44 0 14274 1210000 16940 436482 907500 395452
 8609.699938 40903 800 800 800 800 75 46 0 75 52 0 75 42 0 75 44 0 14518 1210000 16940 436482 907500 395452
 8609.899946 40904 800 800 800 800 75 46 0 75 52 0 75 42 0 75 44 0 14518 1210000 16940 437304 907500 396359
 8610.099938 40905 800 800 800 800 75 46 0 75 52 0 75 42 0 75 44 0 14518 1210000 16940 439496 907500 398173
 8610.299947 40906 800 800 800 800 75 46 0 75 52 0 75 42 0 75 44 0 14518 1210000 16940 439496 907500 398173
 8610.499947 40907 800 800 800 800 75 46 0 75 52 0 75 42 0 75 44 0 14518 1210000 16940 437852 907500 396359
 8610.699938 40908 800 800 800 800 75 46 0 75 52 0 75 42 0 75 44 0 14518 1210000 16940 437578 907500 396359
 8610.899945 40909 800 800 800 800 75 46 0 75 52 0 75 42 0 75 44 0 14518 1210000 16940 437578 907500 396359
 8611.099964 40910 800 800 800 800 75 46 0 75 52 0 75 42 0 75 44 0 14518 1210000 16940 437578 907500 396359
 8611.299945 40911 800 800 800 800 75 46 0 75 52 0 75 42 0 75 44 0 14762 1210000 16940 435934 907500 394545
 8611.499947 40912 800 800 800 800 75 46 0 75 52 0 75 42 0 75 44 0 14274 1210000 16940 437030 907500 396359
 8611.699949 40913 800 800 800 800 75 46 0 75 52 0 75 42 0 75 44 0 14518 1210000 16940 436208 907500 395452
 8611.899947 40914 800 800 800 800 75 46 0 75 52 0 75 42 0 75 44 0 14518 1210000 16940 436208 907500 395452
 8612.099964 40915 800 800 800 800 75 46 0 75 52 0 75 42 0 75 44 0 14518 1210000 16940 437304 907500 396359
 8612.299946 40916 800 800 800 800 75 46 0 75 52 0 75 42 0 75 44 0 14518 1210000 16940 438400 907500 397266
 8612.499948 40917 800 800 800 800 75 46 0 75 52 0 75 42 0 75 44 0 14518 1210000 16940 438400 907500 397266
 8612.699944 40918 800 800 800 800 75 46 0 75 52 0 75 42 0 75 44 0 14518 1210000 16940 438400 907500 397266
 8612.899947 40919 800 800 800 800 75 46 0 75 52 0 75 42 0 75 44 0 14518 1210000 16940 437852 907500 396359
 8613.099963 40920 800 800 800 800 75 46 0 75 52 0 75 42 0 75 44 0 14518 1210000 16940 437578 907500 396359
 8613.299945 40921 800 800 800 800 75 46 0 75 52 0 75 42 0 75 44 0 14518 1210000 16940 436756 907500 395452
 8613.499946 40922 800 800 800 800 75 46 0 75 52 0 75 42 0 75 44 0 14518 1210000 16940 436756 907500 395452
 8613.699948 40923 800 800 800 800 75 46 0 75 52 0 75 42 0 75 44 0 14274 1210000 16940 437304 907500 396359
 8613.899945 40924 800 800 800 800 75 46 0 75 52 0 75 42 0 75 44 0 14518 1210000 16940 438126 907500 397266
 8614.099940 40925 800 800 800 800 75 46 0 75 52 0 75 42 0 75 44 0 14274 1210000 16940 437578 907500 396359
 8614.299947 40926 800 800 800 800 75 46 0 75 52 0 75 42 0 75 44 0 14274 1210000 16940 437578 907500 396359
 8614.499947 40927 800 800 800 800 75 46 0 75 52 0 75 42 0 75 44 0 14762 1210000 16940 438674 907500 397266
 8614.699945 40928 800 800 800 800 75 46 0 75 52 0 75 42 0 75 44 0 14274 1210000 16940 438400 907500 397266
 8614.899946 40929 800 800 800 800 75 46 0 75 52 0 75 42 0 75 44 0 14518 1210000 16940 437030 907500 396359
 8615.099962 40930 800 800 800 800 76 46 0 76 52 0 76 42 0 76 44 0 14518 1210000 16940 437030 907500 396359
 8615.299941 40931 800 800 800 800 76 46 0 76 52 0 76 42 0 76 44 0 14518 1210000 16940 436756 907500 395452
 8615.499946 40932 800 800 800 800 76 46 0 76 52 0 76 42 0 76 44 0 14518 1210000 16940 437852 907500 396359
 8615.699944 40933 800 800 800 800 76 46 0 76 52 0 76 42 0 76 44 0 14762 1210000 16940 437030 907500 396359
 8615.899945 40934 800 800 800 800 76 46 0 76 52 0 76 42 0 76 44 0 14762 1210000 16940 437030 907500 396359
 8616.099964 40935 800 800 800 800 75 46 0 75 52 0 75 42 0 75 44 0 14518 1208750 16912 438674 907500 397266
 8616.299945 40936 800 800 800 800 75 46 0 75 52 0 75 42 0 75 44 0 14518 1210000 16940 437030 907500 396359
 8616.499947 40937 800 800 800 800 75 46 0 75 52 0 75 42 0 75 44 0 14518 1210000 16940 437030 907500 396359
 8616.699947 40938 800 800 800 800 75 46 0 75 52 0 75 42 0 75 44 0 14274 1210000 16940 436482 907500 395452
 8616.899945 40939 800 800 800 800 75 46 0 75 52 0 75 42 0 75 44 0 14274 1210000 16940 436482 907500 395452
 8617.099962 40940 800 800 800 800 75 46 0 75 52 0 75 42 0 75 44 0 14518 1210000 16940 436482 907500 395452
 8617.299945 40941 800 800 800 800 75 46 0 75 52 0 75 42 0 75 44 0 14518 1210000 16940 436482 907500 395452
 8617.499940 40942 800 800 800 800 75 46 0 75 52 0 75 42 0 75 44 0 14274 1210000 16940 437304 907500 396359
 8617.699948 40943 800 800 800 800 75 46 0 75 52 0 75 42 0 75 44 0 14274 1210000 16940 437304 907500 396359
 8617.899946 40944 800 800 800 800 75 46 0 75 52 0 75 42 0 75 44 0 14518 1210000 16940 437030 907500 396359
 8618.099940 40945 800 800 800 800 75 46 0 75 52 0 75 42 0 75 44 0 14518 1210000 16940 437578 907500 396359
 8618.299947 40946 800 800 800 800 75 46 0 75 52 0 75 42 0 75 44 0 14274 1210000 16940 438674 907500 397266
 8618.499947 40947 800 800 800 800 75 46 0 75 52 0 75 42 0 75 44 0 14274 1210000 16940 438674 907500 397266
 8618.699939 40948 800 800 800 800 75 46 0 75 52 0 75 42 0 75 44 0 14518 1210000 16940 437304 907500 396359
 8618.899946 40949 800 800 800 800 75 46 0 75 52 0 75 42 0 75 44 0 14518 1210000 16940 439222 907500 398173
 8619.099963 40950 800 800 800 800 75 46 0 75 52 0 75 42 0 75 44 0 14518 1210000 16940 437578 907500 396359
 8619.299948 40951 800 800 800 800 75 46 0 75 52 0 75 42 0 75 44 0 14518 1210000 16940 437578 907500 396359
 8619.499946 40952 800 800 800 800 75 46 0 75 52 0 75 42 0 75 44 0 14518 1210000 16940 437852 907500 396359
 8619.699945 40953 800 800 800 800 75 46 0 75 52 0 75 42 0 75 44 0 14518 1210000 16940 437852 907500 396359
 8619.899945 40954 800 800 800 800 75 46 0 75 52 0 75 42 0 75 44 0 14518 1210000 16940 438948 907500 397266
 8620.099964 40955 800 800 800 800 75 46 0 75 52 0 75 42 0 75 44 0 14518 1210000 16940 438948 907500 397266
 8620.299946 40956 800 800 800 800 75 46 0 75 52 0 75 42 0 75 44 0 14518 1210000 16940 437030 907500 396359
 8620.499945 40957 800 800 800 800 75 46 0 75 52 0 75 42 0 75 44 0 14518 1210000 16940 436482 907500 395452
 8620.699945 40958 800 800 800 800 75 46 0 75 52 0 75 42 0 75 44 0 14518 1208750 16912 436208 907500 395452
 8620.899946 40959 800 800 800 800 75 46 0 75 52 0 75 42 0 75 44 0 14518 1208750 16912 436208 907500 395452
 8621.099962 40960 800 800 800 800 75 46 0 75 52 0 75 42 0 75 44 0 14274 1210000 16940 436482 907500 395452
 8621.299946 40961 800 800 800 800 75 46 0 75 52 0 75 42 0 75 44 0 14518 1210000 16940 437852 907500 396359
 8621.499945 40962 800 800 800 800 75 46 0 75 52 0 75 42 0 75 44 0 14518 1210000 16940 437304 907500 396359
 8621.699945 40963 800 800 800 800 75 46 0 75 52 0 75 42 0 75 44 0 14518 1210000 16940 437304 907500 396359
 8621.899946 40964 800 800 800 800 75 46 0 75 52 0 75 42 0 75 44 0 14518 1210000 16940 437030 907500 396359
 8622.099940 40965 800 800 800 800 76 46 0 76 52 0 76 42 0 76 44 0 14518 1210000 16940 437578 907500 396359
 8622.299946 40966 800 800 800 800 75 46 0 75 52 0 75 42 0 75 44 0 14518 1210000 16940 436482 907500 395452
 8622.499920 40967 800 800 800 800 75 46 0 75 52 0 75 42 0 75 44 0 14518 1210000 16940 436482 907500 395452
 8622.699947 40968 800 800 800 800 75 46 0 75 52 0 75 42 0 75 44 0 14518 1210000 16940 436482 907500 395452
 8622.899945 40969 800 800 800 800 75 46 0 75 52 0 75 42 0 75 44 0 14518 1210000 16940 437304 907500 396359
 8623.099939 40970 800 800 800 800 75 46 0 75 52 0 75 42 0 75 44 0 14518 1210000 16940 437852 907500 396359
 8623.299947 40971 800 800 800 800 75 46 0 75 52 0 75 42 0 75 44 0 14274 1210000 16940 439222 907500 398173
 8623.499949 40972 800 800 800 800 75 46 0 75 52 0 75 42 0 75 44 0 14274 1210000 16940 439222 907500 398173
 8623.699945 40973 800 800 800 800 75 46 0 75 52 0 75 42 0 75 44 0 14518 1210000 16940 438126 907500 397266
 8623.899946 40974 800 800 800 800 75 46 0 75 52 0 75 42 0 75 44 0 14762 1210000 16940 439496 907500 398173
 8624.099964 40975 800 800 800 800 76 46 0 76 52 0 76 42 0 76 44 0 14274 1210000 16940 438400 907500 397266
 8624.299947 40976 800 800 800 800 76 46 0 76 52 0 76 42 0 76 44 0 14274 1210000 16940 438400 907500 397266
 8624.499946 40977 800 800 800 800 76 46 0 76 52 0 76 42 0 76 44 0 14518 1210000 16940 438126 907500 397266
 8624.699944 40978 800 800 800 800 76 46 0 76 52 0 76 42 0 76 44 0 14518 1210000 16940 437852 907500 396359
 8624.899947 40979 800 800 800 800 76 46 0 76 52 0 76 42 0 76 44 0 14762 1210000 16940 439770 907500 398173
 8625.099965 40980 800 800 800 800 76 46 0 76 52 0 76 42 0 76 44 0 14762 1210000 16940 439770 907500 398173
 8625.299946 40981 800 800 800 800 76 46 0 76 52 0 76 42 0 76 44 0 14518 1210000 16940 437030 907500 396359
 8625.499947 40982 800 800 800 800 76 46 0 76 52 0 76 42 0 76 44 0 14274 1210000 16940 437304 907500 396359
 8625.699946 40983 800 800 800 800 76 46 0 76 52 0 76 42 0 76 44 0 14518 1210000 16940 437030 907500 396359
 8625.899945 40984 800 800 800 800 76 46 0 76 52 0 76 42 0 76 44 0 14518 1210000 16940 437030 907500 396359
 8626.099963 40985 800 800 800 800 76 46 0 76 52 0 76 42 0 76 44 0 14518 1210000 16940 436208 907500 395452
 8626.299947 40986 800 800 800 800 76 46 0 76 52 0 76 42 0 76 44 0 14518 1210000 16940 437578 907500 396359
 8626.499913 40987 800 800 800 800 76 46 0 76 52 0 76 42 0 76 44 0 14518 1210000 16940 436756 907500 395452
 8626.699921 40988 800 800 800 800 76 46 0 76 52 0 76 42 0 76 44 0 14518 1210000 16940 436756 907500 395452
 8626.899920 40989 800 800 800 800 76 46 0 76 52 0 76 42 0 76 44 0 14518 1210000 16940 437304 907500 396359
 8627.099937 40990 800 800 800 800 76 46 0 76 52 0 76 42 0 76 44 0 14762 1210000 16940 437030 907500 396359
 8627.299921 40991 800 800 800 800 76 46 0 76 52 0 76 42 0 76 44 0 14518 1208750 16912 437304 907500 396359
 8627.499920 40992 800 800 800 800 76 46 0 76 52 0 76 42 0 76 44 0 14518 1208750 16912 437304 907500 396359
 8627.699914 40993 800 800 800 800 76 46 0 76 52 0 76 42 0 76 44 0 14518 1210000 16940 438126 907500 397266
 8627.899919 40994 800 800 800 800 76 46 0 76 52 0 76 42 0 76 44 0 14518 1210000 16940 437852 907500 396359
 8628.099940 40995 800 800 800 800 76 46 0 76 52 0 76 42 0 76 44 0 14762 1210000 16940 436482 907500 395452
 8628.299920 40996 800 800 800 800 76 46 0 76 52 0 76 42 0 76 44 0 14762 1210000 16940 436482 907500 395452
 8628.499917 40997 800 800 800 800 76 46 0 76 52 0 76 42 0 76 44 0 14518 1210000 16940 436482 907500 395452
 8628.699858 40998 800 800 800 800 76 46 0 76 52 0 76 42 0 76 44 0 14518 1210000 16940 206870 907500 186842
 8628.899858 40999 800 800 800 800 76 46 0 76 52 0 76 42 0 76 44 0 14518 1210000 16940 39730 907500 35373
 8629.099948 41000 800 800 800 800 73 46 0 73 52 0 73 42 0 73 44 0 14274 1210000 16940 39456 907500 35373
 8629.299975 41001 800 800 800 800 73 46 0 73 52 0 73 42 0 73 44 0 14274 1210000 16940 39456 907500 35373
 8629.499923 41002 800 800 800 800 73 46 0 73 52 0 73 42 0 73 44 0 14518 1210000 16940 38908 907500 34466
 8629.699923 41003 800 800 800 800 73 46 0 73 52 0 73 42 0 73 44 0 14274 1210000 16940 47676 907500 42629
 8629.899921 41004 800 800 800 800 73 46 0 73 52 0 73 42 0 73 44 0 14274 1210000 16940 35894 907500 31745
 8630.099938 41005 800 800 800 800 72 46 0 72 52 0 72 42 0 72 44 0 14274 1210000 16940 35894 907500 31745
 8630.299921 41006 800 800 800 800 72 46 0 72 52 0 72 42 0 72 44 0 14274 1210000 16940 35894 907500 31745
 8630.499921 41007 800 800 800 800 72 46 0 72 52 0 72 42 0 72 44 0 14518 1210000 16940 37264 907500 33559
