 3558.929919 15650 1300 1300 1300 1300 74 46 0 74 52 0 74 42 0 74 44 0 5734 950000 4750 64116 1057500 67648
 3559.129918 15651 1300 1300 1300 1300 73 46 0 73 52 0 73 42 0 73 44 0 5734 950000 4750 64116 1057500 67648
 3559.329918 15652 1300 1300 1300 1300 73 46 0 73 52 0 73 42 0 73 44 0 5734 950000 4750 63020 1057500 66591
 3559.529917 15653 1300 1300 1300 1300 73 46 0 73 52 0 73 42 0 73 44 0 5734 950000 4750 59184 1057500 62363
 3559.729919 15654 1300 1300 1300 1300 73 46 0 73 52 0 73 42 0 73 44 0 5734 950000 4750 59184 1057500 62363
 3559.929982 15655 1300 1300 1300 1300 73 46 0 73 52 0 73 42 0 73 44 0 5734 950000 4750 59184 1057500 62363
 3560.129918 15656 1300 1300 1300 1300 73 46 0 73 52 0 73 42 0 73 44 0 5734 950000 4750 266054 1058750 281428
 3560.329924 15657 1300 1300 1300 1300 73 46 0 73 52 0 73 42 0 73 44 0 5978 950000 4750 72336 1057500 76104
 3560.529924 15658 1300 1300 1300 1300 73 46 0 73 52 0 73 42 0 73 44 0 5734 950000 4750 60554 1057500 63420
 3560.729976 15659 1300 1300 1300 1300 73 46 0 73 52 0 73 42 0 73 44 0 5734 950000 4750 60554 1057500 63420
 3560.930001 15660 1300 1300 1300 1300 73 46 0 73 52 0 73 42 0 73 44 0 5490 950000 4750 213172 1058750 225354
 3561.129956 15661 1300 1300 1300 1300 74 46 0 74 52 0 74 42 0 74 44 0 5734 950000 4750 983386 1062500 1043946
 3561.329909 15662 1300 1300 1300 1300 74 46 0 74 52 0 74 42 0 74 44 0 5734 950000 4750 901460 1061250 955961
 3561.529950 15663 1300 1300 1300 1300 74 46 0 74 52 0 74 42 0 74 44 0 5734 950000 4750 901460 1061250 955961
 3561.729960 15664 1300 1300 1300 1300 74 46 0 74 52 0 74 42 0 74 44 0 5734 950000 4750 633762 1060000 670980
 3561.929936 15665 1300 1300 1300 1300 74 46 0 74 52 0 74 42 0 74 44 0 5734 950000 4750 947766 1062500 1005714
 3562.130030 15666 1300 1300 1300 1300 75 46 0 75 52 0 75 42 0 75 44 0 5734 950000 4750 923106 1061250 979303
 3562.329988 15667 1200 1200 1200 1200 75 46 0 75 52 0 75 42 0 75 44 0 5734 950000 4750 923106 1061250 979303
 3562.530010 15668 1200 1200 1200 1200 75 46 0 75 52 0 75 42 0 75 44 0 5978 950000 4750 575948 1046250 601450
 3562.729908 15669 1200 1200 1200 1200 75 46 0 75 52 0 75 42 0 75 44 0 5734 950000 4750 255368 1021250 260355
 3562.929903 15670 1200 1200 1200 1200 75 46 0 75 52 0 75 42 0 75 44 0 5734 950000 4750 255368 1021250 260355
 3563.130443 15671 1200 1200 1200 1200 73 46 0 73 52 0 73 42 0 73 44 0 5734 950000 4750 80556 1020000 81600
 3563.329921 15672 1200 1200 1200 1200 73 46 0 73 52 0 73 42 0 73 44 0 5734 950000 4750 80556 1020000 81600
 3563.530043 15673 1200 1200 1200 1200 73 46 0 73 52 0 73 42 0 73 44 0 5734 950000 4750 53156 1020000 54060
 3563.729935 15674 1200 1200 1200 1200 73 46 0 73 52 0 73 42 0 73 44 0 5734 950000 4750 440044 1022500 449680
 3563.929924 15675 1200 1200 1200 1200 73 46 0 73 52 0 73 42 0 73 44 0 5734 950000 4750 836522 1023750 855228
 3564.129875 15676 1200 1200 1200 1200 75 46 0 75 52 0 75 42 0 75 44 0 5734 950000 4750 836522 1023750 855228
 3564.329835 15677 1200 1200 1200 1200 75 46 0 75 52 0 75 42 0 75 44 0 5734 950000 4750 813780 1023750 831699
 3564.529836 15678 1200 1200 1200 1200 75 46 0 75 52 0 75 42 0 75 44 0 5734 950000 4750 731306 1022500 747082
 3564.729835 15679 1200 1200 1200 1200 75 46 0 75 52 0 75 42 0 75 44 0 5734 950000 4750 734868 1022500 750148
 3564.929836 15680 1200 1200 1200 1200 75 46 0 75 52 0 75 42 0 75 44 0 5734 950000 4750 734868 1022500 750148
 3565.129835 15681 1200 1200 1200 1200 79 46 0 79 52 0 79 42 0 79 44 0 5734 950000 4750 715688 1022500 730730
 3565.329835 15682 1200 1200 1200 1200 79 46 0 79 52 0 79 42 0 79 44 0 5734 950000 4750 716784 1022500 731752
 3565.529834 15683 1200 1200 1200 1200 79 46 0 79 52 0 79 42 0 79 44 0 5978 950000 4750 716510 1022500 731752
 3565.729835 15684 1200 1200 1200 1200 79 46 0 79 52 0 79 42 0 79 44 0 5978 950000 4750 716510 1022500 731752
 3565.929835 15685 1200 1200 1200 1200 79 46 0 79 52 0 79 42 0 79 44 0 5734 950000 4750 715962 1022500 730730
 3566.129835 15686 1200 1200 1200 1200 79 46 0 79 52 0 79 42 0 79 44 0 5734 950000 4750 716236 1022500 731752
 3566.329835 15687 1200 1200 1200 1200 79 46 0 79 52 0 79 42 0 79 44 0 5734 950000 4750 716236 1022500 731752
 3566.529835 15688 1200 1200 1200 1200 79 46 0 79 52 0 79 42 0 79 44 0 5734 950000 4750 716236 1022500 731752
 3566.729835 15689 1200 1200 1200 1200 79 46 0 79 52 0 79 42 0 79 44 0 5978 950000 4750 715688 1022500 730730
 3566.929834 15690 1200 1200 1200 1200 79 46 0 79 52 0 79 42 0 79 44 0 5734 950000 4750 717880 1022500 732774
 3567.129835 15691 1200 1200 1200 1200 79 46 0 79 52 0 79 42 0 79 44 0 5734 950000 4750 715688 1022500 730730
 3567.329836 15692 1200 1200 1200 1200 79 46 0 79 52 0 79 42 0 79 44 0 5734 950000 4750 715688 1022500 730730
 3567.529835 15693 1200 1200 1200 1200 79 46 0 79 52 0 79 42 0 79 44 0 5734 950000 4750 716236 1022500 731752
 3567.729835 15694 1200 1200 1200 1200 79 46 0 79 52 0 79 42 0 79 44 0 5734 950000 4750 714592 1022500 729708
 3567.929835 15695 1200 1200 1200 1200 79 46 0 79 52 0 79 42 0 79 44 0 5978 950000 4750 714318 1022500 729708
 3568.129835 15696 1200 1200 1200 1200 79 46 0 79 52 0 79 42 0 79 44 0 5978 950000 4750 714318 1022500 729708
 3568.329835 15697 1200 1200 1200 1200 79 46 0 79 52 0 79 42 0 79 44 0 5734 950000 4750 714318 1022500 729708
 3568.529835 15698 1200 1200 1200 1200 79 46 0 79 52 0 79 42 0 79 44 0 5734 950000 4750 715414 1022500 730730
 3568.729835 15699 1200 1200 1200 1200 79 46 0 79 52 0 79 42 0 79 44 0 5734 950000 4750 715140 1022500 730730
 3568.929836 15700 1200 1200 1200 1200 79 46 0 79 52 0 79 42 0 79 44 0 5734 950000 4750 715140 1022500 730730
 3569.129835 15701 1200 1200 1200 1200 79 46 0 79 52 0 79 42 0 79 44 0 5734 950000 4750 714592 1022500 729708
 3569.329835 15702 1200 1200 1200 1200 79 46 0 79 52 0 79 42 0 79 44 0 5734 950000 4750 715140 1022500 730730
 3569.529835 15703 1200 1200 1200 1200 79 46 0 79 52 0 79 42 0 79 44 0 5734 950000 4750 723360 1022500 738906
 3569.729837 15704 1200 1200 1200 1200 79 46 0 79 52 0 79 42 0 79 44 0 5734 950000 4750 714866 1022500 729708
 3569.929836 15705 1200 1200 1200 1200 79 46 0 79 52 0 79 42 0 79 44 0 5734 950000 4750 714866 1022500 729708
 3570.129836 15706 1200 1200 1200 1200 79 46 0 79 52 0 79 42 0 79 44 0 5734 950000 4750 714592 1022500 729708
 3570.329835 15707 1200 1200 1200 1200 79 46 0 79 52 0 79 42 0 79 44 0 5734 950000 4750 715140 1022500 730730
 3570.529835 15708 1200 1200 1200 1200 79 46 0 79 52 0 79 42 0 79 44 0 5978 950000 4750 714866 1022500 729708
 3570.729835 15709 1200 1200 1200 1200 79 46 0 79 52 0 79 42 0 79 44 0 5978 950000 4750 714866 1022500 729708
 3570.929835 15710 1200 1200 1200 1200 79 46 0 79 52 0 79 42 0 79 44 0 5734 950000 4750 714318 1022500 729708
 3571.129835 15711 1200 1200 1200 1200 79 46 0 79 52 0 79 42 0 79 44 0 5978 950000 4750 713496 1022500 728686
 3571.329835 15712 1200 1200 1200 1200 79 46 0 79 52 0 79 42 0 79 44 0 5734 950000 4750 715414 1022500 730730
 3571.529836 15713 1200 1200 1200 1200 79 46 0 79 52 0 79 42 0 79 44 0 5734 950000 4750 715414 1022500 730730
 3571.729835 15714 1200 1200 1200 1200 79 46 0 79 52 0 79 42 0 79 44 0 5978 950000 4750 713222 1022500 728686
 3571.929835 15715 1200 1200 1200 1200 79 46 0 79 52 0 79 42 0 79 44 0 5734 950000 4750 714044 1022500 729708
 3572.129836 15716 1200 1200 1200 1200 79 46 0 79 52 0 79 42 0 79 44 0 5734 950000 4750 715140 1022500 730730
 3572.329835 15717 1200 1200 1200 1200 79 46 0 79 52 0 79 42 0 79 44 0 5734 950000 4750 715140 1022500 730730
 3572.529836 15718 1200 1200 1200 1200 79 46 0 79 52 0 79 42 0 79 44 0 5978 950000 4750 716784 1022500 731752
 3572.729835 15719 1200 1200 1200 1200 79 46 0 79 52 0 79 42 0 79 44 0 5734 950000 4750 715688 1022500 730730
 3572.929835 15720 1200 1200 1200 1200 79 46 0 79 52 0 79 42 0 79 44 0 5734 950000 4750 715140 1022500 730730
 3573.129836 15721 1200 1200 1200 1200 79 46 0 79 52 0 79 42 0 79 44 0 5734 950000 4750 715140 1022500 730730
 3573.329835 15722 1200 1200 1200 1200 79 46 0 79 52 0 79 42 0 79 44 0 5978 950000 4750 717058 1022500 732774
 3573.529836 15723 1200 1200 1200 1200 79 46 0 79 52 0 79 42 0 79 44 0 5734 950000 4750 715140 1022500 730730
 3573.729835 15724 1200 1200 1200 1200 79 46 0 79 52 0 79 42 0 79 44 0 5978 950000 4750 713496 1022500 728686
 3573.929835 15725 1200 1200 1200 1200 79 46 0 79 52 0 79 42 0 79 44 0 5978 950000 4750 713496 1022500 728686
 3574.129835 15726 1200 1200 1200 1200 79 46 0 79 52 0 79 42 0 79 44 0 5978 950000 4750 714318 1022500 729708
 3574.329835 15727 1200 1200 1200 1200 79 46 0 79 52 0 79 42 0 79 44 0 5978 950000 4750 716784 1022500 731752
 3574.529835 15728 1200 1200 1200 1200 79 46 0 79 52 0 79 42 0 79 44 0 5734 950000 4750 741444 1022500 757302
 3574.729835 15729 1200 1200 1200 1200 79 46 0 79 52 0 79 42 0 79 44 0 5734 950000 4750 741444 1022500 757302
 3574.929835 15730 1200 1200 1200 1200 79 46 0 79 52 0 79 42 0 79 44 0 5734 950000 4750 717058 1022500 732774
 3575.129835 15731 1200 1200 1200 1200 79 46 0 79 52 0 79 42 0 79 44 0 5734 950000 4750 716236 1022500 731752
 3575.329834 15732 1200 1200 1200 1200 79 46 0 79 52 0 79 42 0 79 44 0 5978 950000 4750 714318 1022500 729708
 3575.530415 15733 1200 1200 1200 1200 79 46 0 79 52 0 79 42 0 79 44 0 5734 950000 4750 715140 1022500 730730
 3575.729835 15734 1200 1200 1200 1200 79 46 0 79 52 0 79 42 0 79 44 0 5734 950000 4750 715140 1022500 730730
 3575.929835 15735 1200 1200 1200 1200 79 46 0 79 52 0 79 42 0 79 44 0 5978 950000 4750 713770 1022500 728686
 3576.129835 15736 1200 1200 1200 1200 79 46 0 79 52 0 79 42 0 79 44 0 5978 950000 4750 714592 1022500 729708
 3576.329835 15737 1200 1200 1200 1200 79 46 0 79 52 0 79 42 0 79 44 0 5734 950000 4750 715962 1022500 730730
 3576.529835 15738 1200 1200 1200 1200 79 46 0 79 52 0 79 42 0 79 44 0 5734 950000 4750 715962 1022500 730730
 3576.729835 15739 1200 1200 1200 1200 79 46 0 79 52 0 79 42 0 79 44 0 5734 950000 4750 715414 1022500 730730
 3576.929835 15740 1200 1200 1200 1200 79 46 0 79 52 0 79 42 0 79 44 0 5978 950000 4750 714866 1022500 729708
 3577.129835 15741 1200 1200 1200 1200 79 46 0 79 52 0 79 42 0 79 44 0 5734 950000 4750 713496 1022500 728686
 3577.329835 15742 1200 1200 1200 1200 79 46 0 79 52 0 79 42 0 79 44 0 5734 950000 4750 713496 1022500 728686
 3577.529836 15743 1200 1200 1200 1200 79 46 0 79 52 0 79 42 0 79 44 0 5978 950000 4750 712126 1022500 727664
 3577.729835 15744 1200 1200 1200 1200 79 46 0 79 52 0 79 42 0 79 44 0 5978 950000 4750 712400 1022500 727664
 3577.929835 15745 1200 1200 1200 1200 79 46 0 79 52 0 79 42 0 79 44 0 5978 950000 4750 713222 1022500 728686
 3578.129835 15746 1200 1200 1200 1200 79 46 0 79 52 0 79 42 0 79 44 0 5978 950000 4750 713222 1022500 728686
 3578.329836 15747 1200 1200 1200 1200 79 46 0 79 52 0 79 42 0 79 44 0 5978 950000 4750 712674 1022500 727664
 3578.529836 15748 1200 1200 1200 1200 79 46 0 79 52 0 79 42 0 79 44 0 5978 950000 4750 714318 1022500 729708
 3578.729835 15749 1200 1200 1200 1200 79 46 0 79 52 0 79 42 0 79 44 0 5978 950000 4750 713770 1022500 728686
 3578.929835 15750 1200 1200 1200 1200 79 46 0 79 52 0 79 42 0 79 44 0 5978 950000 4750 713770 1022500 728686
 3579.129836 15751 1200 1200 1200 1200 79 46 0 79 52 0 79 42 0 79 44 0 5734 950000 4750 712948 1022500 727664
 3579.329835 15752 1200 1200 1200 1200 79 46 0 79 52 0 79 42 0 79 44 0 5734 950000 4750 714044 1022500 729708
 3579.529835 15753 1200 1200 1200 1200 79 46 0 79 52 0 79 42 0 79 44 0 5734 950000 4750 712948 1022500 727664
 3579.729835 15754 1200 1200 1200 1200 79 46 0 79 52 0 79 42 0 79 44 0 5734 950000 4750 712948 1022500 727664
 3579.929835 15755 1200 1200 1200 1200 79 46 0 79 52 0 79 42 0 79 44 0 5734 950000 4750 712948 1022500 727664
 3580.129835 15756 1200 1200 1200 1200 79 46 0 79 52 0 79 42 0 79 44 0 5978 950000 4750 714318 1022500 729708
 3580.329835 15757 1200 1200 1200 1200 79 46 0 79 52 0 79 42 0 79 44 0 5734 950000 4750 715414 1022500 730730
 3580.529835 15758 1200 1200 1200 1200 79 46 0 79 52 0 79 42 0 79 44 0 5734 950000 4750 715414 1022500 730730
 3580.729835 15759 1200 1200 1200 1200 79 46 0 79 52 0 79 42 0 79 44 0 5734 950000 4750 713496 1022500 728686
 3580.929835 15760 1200 1200 1200 1200 79 46 0 79 52 0 79 42 0 79 44 0 5734 950000 4750 712948 1022500 727664
 3581.129836 15761 1200 1200 1200 1200 79 46 0 79 52 0 79 42 0 79 44 0 5978 950000 4750 714318 1022500 729708
 3581.329835 15762 1200 1200 1200 1200 79 46 0 79 52 0 79 42 0 79 44 0 5978 950000 4750 714318 1022500 729708
 3581.529835 15763 1200 1200 1200 1200 79 46 0 79 52 0 79 42 0 79 44 0 5978 950000 4750 714044 1022500 729708
 3581.729835 15764 1200 1200 1200 1200 79 46 0 79 52 0 79 42 0 79 44 0 5734 950000 4750 715140 1022500 730730
 3581.929835 15765 1200 1200 1200 1200 79 46 0 79 52 0 79 42 0 79 44 0 5978 950000 4750 715140 1022500 730730
 3582.129837 15766 1200 1200 1200 1200 79 46 0 79 52 0 79 42 0 79 44 0 5734 950000 4750 716236 1022500 731752
 3582.329835 15767 1200 1200 1200 1200 79 46 0 79 52 0 79 42 0 79 44 0 5734 950000 4750 716236 1022500 731752
 3582.529835 15768 1200 1200 1200 1200 79 46 0 79 52 0 79 42 0 79 44 0 5734 950000 4750 716510 1022500 731752
 3582.729835 15769 1200 1200 1200 1200 79 46 0 79 52 0 79 42 0 79 44 0 5734 950000 4750 714866 1022500 729708
 3582.929836 15770 1200 1200 1200 1200 79 46 0 79 52 0 79 42 0 79 44 0 5978 950000 4750 713496 1022500 728686
 3583.129835 15771 1200 1200 1200 1200 79 46 0 79 52 0 79 42 0 79 44 0 5978 950000 4750 713496 1022500 728686
 3583.329835 15772 1200 1200 1200 1200 79 46 0 79 52 0 79 42 0 79 44 0 5734 950000 4750 715140 1022500 730730
 3583.529835 15773 1200 1200 1200 1200 79 46 0 79 52 0 79 42 0 79 44 0 5978 950000 4750 714592 1022500 729708
 3583.729835 15774 1200 1200 1200 1200 79 46 0 79 52 0 79 42 0 79 44 0 5734 950000 4750 715140 1022500 730730
 3583.929835 15775 1200 1200 1200 1200 79 46 0 79 52 0 79 42 0 79 44 0 5734 950000 4750 715140 1022500 730730
 3584.129835 15776 1200 1200 1200 1200 79 46 0 79 52 0 79 42 0 79 44 0 5978 950000 4750 715962 1022500 730730
 3584.329835 15777 1200 1200 1200 1200 79 46 0 79 52 0 79 42 0 79 44 0 5734 950000 4750 716236 1022500 731752
 3584.529836 15778 1200 1200 1200 1200 79 46 0 79 52 0 79 42 0 79 44 0 5978 950000 4750 715688 1022500 730730
 3584.729835 15779 1200 1200 1200 1200 79 46 0 79 52 0 79 42 0 79 44 0 5978 950000 4750 715688 1022500 730730
 3584.929835 15780 1200 1200 1200 1200 79 46 0 79 52 0 79 42 0 79 44 0 5978 950000 4750 714318 1022500 729708
 3585.129835 15781 1200 1200 1200 1200 79 46 0 79 52 0 79 42 0 79 44 0 5734 950000 4750 714592 1022500 729708
 3585.329835 15782 1200 1200 1200 1200 79 46 0 79 52 0 79 42 0 79 44 0 5978 950000 4750 715414 1022500 730730
 3585.529835 15783 1200 1200 1200 1200 79 46 0 79 52 0 79 42 0 79 44 0 5978 950000 4750 715414 1022500 730730
 3585.729835 15784 1200 1200 1200 1200 79 46 0 79 52 0 79 42 0 79 44 0 5734 950000 4750 713496 1022500 728686
 3585.929836 15785 1200 1200 1200 1200 79 46 0 79 52 0 79 42 0 79 44 0 5978 950000 4750 714866 1022500 729708
 3586.129835 15786 1200 1200 1200 1200 79 46 0 79 52 0 79 42 0 79 44 0 5734 950000 4750 714592 1022500 729708
 3586.329835 15787 1200 1200 1200 1200 79 46 0 79 52 0 79 42 0 79 44 0 5734 950000 4750 714592 1022500 729708
 3586.529835 15788 1200 1200 1200 1200 79 46 0 79 52 0 79 42 0 79 44 0 5734 950000 4750 712948 1022500 727664
 3586.729835 15789 1200 1200 1200 1200 79 46 0 79 52 0 79 42 0 79 44 0 5978 950000 4750 712948 1022500 727664
 3586.929835 15790 1200 1200 1200 1200 79 46 0 79 52 0 79 42 0 79 44 0 5734 950000 4750 712674 1022500 727664
 3587.129838 15791 1200 1200 1200 1200 79 46 0 79 52 0 79 42 0 79 44 0 5734 950000 4750 712674 1022500 727664
 3587.329835 15792 1200 1200 1200 1200 79 46 0 79 52 0 79 42 0 79 44 0 5734 950000 4750 714044 1022500 729708
 3587.529835 15793 1200 1200 1200 1200 79 46 0 79 52 0 79 42 0 79 44 0 5978 950000 4750 714044 1022500 729708
 3587.729835 15794 1200 1200 1200 1200 79 46 0 79 52 0 79 42 0 79 44 0 5734 950000 4750 713770 1022500 728686
 3587.930262 15795 1200 1200 1200 1200 79 46 0 79 52 0 79 42 0 79 44 0 5978 950000 4750 714866 1022500 729708
 3588.129836 15796 1200 1200 1200 1200 79 46 0 79 52 0 79 42 0 79 44 0 5978 950000 4750 714866 1022500 729708
 3588.329835 15797 1200 1200 1200 1200 79 46 0 79 52 0 79 42 0 79 44 0 5734 950000 4750 714044 1022500 729708
 3588.529835 15798 1200 1200 1200 1200 79 46 0 79 52 0 79 42 0 79 44 0 5978 950000 4750 714318 1022500 729708
 3588.729836 15799 1200 1200 1200 1200 79 46 0 79 52 0 79 42 0 79 44 0 5734 950000 4750 712948 1022500 727664
 3588.929835 15800 1200 1200 1200 1200 79 46 0 79 52 0 79 42 0 79 44 0 5734 950000 4750 712948 1022500 727664
 3589.129835 15801 1200 1200 1200 1200 79 46 0 79 52 0 79 42 0 79 44 0 5734 950000 4750 714318 1022500 729708
 3589.329835 15802 1200 1200 1200 1200 79 46 0 79 52 0 79 42 0 79 44 0 5978 950000 4750 714318 1022500 729708
 3589.529836 15803 1200 1200 1200 1200 79 46 0 79 52 0 79 42 0 79 44 0 5978 950000 4750 715140 1022500 730730
 3589.729835 15804 1200 1200 1200 1200 79 46 0 79 52 0 79 42 0 79 44 0 5978 950000 4750 715140 1022500 730730
 3589.929835 15805 1200 1200 1200 1200 79 46 0 79 52 0 79 42 0 79 44 0 5734 950000 4750 714044 1022500 729708
 3590.129835 15806 1200 1200 1200 1200 79 46 0 79 52 0 79 42 0 79 44 0 5978 950000 4750 715688 1022500 730730
 3590.329835 15807 1200 1200 1200 1200 79 46 0 79 52 0 79 42 0 79 44 0 5978 950000 4750 712948 1022500 727664
 3590.529835 15808 1200 1200 1200 1200 79 46 0 79 52 0 79 42 0 79 44 0 5978 950000 4750 712948 1022500 727664
 3590.729835 15809 1200 1200 1200 1200 79 46 0 79 52 0 79 42 0 79 44 0 5978 950000 4750 713222 1022500 728686
 3590.929835 15810 1200 1200 1200 1200 79 46 0 79 52 0 79 42 0 79 44 0 5978 950000 4750 713770 1022500 728686
 3591.129835 15811 1200 1200 1200 1200 79 46 0 79 52 0 79 42 0 79 44 0 5734 950000 4750 716784 1022500 731752
 3591.329835 15812 1200 1200 1200 1200 79 46 0 79 52 0 79 42 0 79 44 0 5734 950000 4750 716784 1022500 731752
 3591.529835 15813 1200 1200 1200 1200 79 46 0 79 52 0 79 42 0 79 44 0 5978 950000 4750 714592 1022500 729708
 3591.729835 15814 1200 1200 1200 1200 79 46 0 79 52 0 79 42 0 79 44 0 5978 950000 4750 714866 1022500 729708
 3591.929835 15815 1200 1200 1200 1200 79 46 0 79 52 0 79 42 0 79 44 0 5978 950000 4750 714592 1022500 729708
 3592.129835 15816 1200 1200 1200 1200 79 46 0 79 52 0 79 42 0 79 44 0 5978 950000 4750 714592 1022500 729708
 3592.329836 15817 1200 1200 1200 1200 79 46 0 79 52 0 79 42 0 79 44 0 5978 950000 4750 715140 1022500 730730
 3592.529835 15818 1200 1200 1200 1200 79 46 0 79 52 0 79 42 0 79 44 0 5734 950000 4750 715140 1022500 730730
 3592.729835 15819 1200 1200 1200 1200 79 46 0 79 52 0 79 42 0 79 44 0 5734 950000 4750 713222 1022500 728686
 3592.929835 15820 1200 1200 1200 1200 79 46 0 79 52 0 79 42 0 79 44 0 5734 950000 4750 713222 1022500 728686
 3593.129835 15821 1200 1200 1200 1200 79 46 0 79 52 0 79 42 0 79 44 0 5734 950000 4750 713770 1022500 728686
 3593.329835 15822 1200 1200 1200 1200 79 46 0 79 52 0 79 42 0 79 44 0 5978 950000 4750 714592 1022500 729708
 3593.529835 15823 1200 1200 1200 1200 79 46 0 79 52 0 79 42 0 79 44 0 5978 950000 4750 715414 1022500 730730
 3593.729835 15824 1200 1200 1200 1200 79 46 0 79 52 0 79 42 0 79 44 0 5978 950000 4750 715414 1022500 730730
 3593.929835 15825 1200 1200 1200 1200 79 46 0 79 52 0 79 42 0 79 44 0 5734 950000 4750 714044 1022500 729708
 3594.129836 15826 1200 1200 1200 1200 79 46 0 79 52 0 79 42 0 79 44 0 5734 950000 4750 713770 1022500 728686
 3594.329835 15827 1200 1200 1200 1200 79 46 0 79 52 0 79 42 0 79 44 0 5734 950000 4750 713222 1022500 728686
 3594.529838 15828 1200 1200 1200 1200 79 46 0 79 52 0 79 42 0 79 44 0 5734 950000 4750 725278 1022500 740950
 3594.729835 15829 1200 1200 1200 1200 79 46 0 79 52 0 79 42 0 79 44 0 5734 950000 4750 725278 1022500 740950
 3594.929835 15830 1200 1200 1200 1200 79 46 0 79 52 0 79 42 0 79 44 0 5978 950000 4750 715962 1022500 730730
 3595.129835 15831 1200 1200 1200 1200 79 46 0 79 52 0 79 42 0 79 44 0 5734 950000 4750 714592 1022500 729708
 3595.329835 15832 1200 1200 1200 1200 79 46 0 79 52 0 79 42 0 79 44 0 5978 950000 4750 715140 1022500 730730
 3595.529835 15833 1200 1200 1200 1200 79 46 0 79 52 0 79 42 0 79 44 0 5978 950000 4750 715140 1022500 730730
 3595.729835 15834 1200 1200 1200 1200 79 46 0 79 52 0 79 42 0 79 44 0 5734 950000 4750 715414 1022500 730730
 3595.929836 15835 1200 1200 1200 1200 79 46 0 79 52 0 79 42 0 79 44 0 5734 950000 4750 714592 1022500 729708
 3596.129835 15836 1200 1200 1200 1200 79 46 0 79 52 0 79 42 0 79 44 0 5734 950000 4750 713770 1022500 728686
 3596.329834 15837 1200 1200 1200 1200 79 46 0 79 52 0 79 42 0 79 44 0 5734 950000 4750 713770 1022500 728686
 3596.529835 15838 1200 1200 1200 1200 79 46 0 79 52 0 79 42 0 79 44 0 5978 950000 4750 714318 1022500 729708
 3596.729836 15839 1200 1200 1200 1200 79 46 0 79 52 0 79 42 0 79 44 0 5734 950000 4750 714592 1022500 729708
 3596.929835 15840 1200 1200 1200 1200 79 46 0 79 52 0 79 42 0 79 44 0 5734 950000 4750 714866 1022500 729708
 3597.129836 15841 1200 1200 1200 1200 79 46 0 79 52 0 79 42 0 79 44 0 5734 950000 4750 714866 1022500 729708
 3597.329835 15842 1200 1200 1200 1200 79 46 0 79 52 0 79 42 0 79 44 0 5734 950000 4750 714318 1022500 729708
 3597.529836 15843 1200 1200 1200 1200 79 46 0 79 52 0 79 42 0 79 44 0 5734 950000 4750 713496 1022500 728686
 3597.729835 15844 1200 1200 1200 1200 79 46 0 79 52 0 79 42 0 79 44 0 5734 950000 4750 712674 1022500 727664
 3597.929835 15845 1200 1200 1200 1200 79 46 0 79 52 0 79 42 0 79 44 0 5734 950000 4750 712674 1022500 727664
 3598.129835 15846 1200 1200 1200 1200 79 46 0 79 52 0 79 42 0 79 44 0 5978 950000 4750 712674 1022500 727664
 3598.329835 15847 1200 1200 1200 1200 79 46 0 79 52 0 79 42 0 79 44 0 5734 950000 4750 714044 1022500 729708
 3598.529835 15848 1200 1200 1200 1200 79 46 0 79 52 0 79 42 0 79 44 0 5734 950000 4750 713222 1022500 728686
 3598.729835 15849 1200 1200 1200 1200 79 46 0 79 52 0 79 42 0 79 44 0 5734 950000 4750 713222 1022500 728686
 3598.929835 15850 1200 1200 1200 1200 79 46 0 79 52 0 79 42 0 79 44 0 5734 950000 4750 713496 1022500 728686
 3599.129835 15851 1200 1200 1200 1200 79 46 0 79 52 0 79 42 0 79 44 0 5734 950000 4750 712400 1022500 727664
 3599.329835 15852 1200 1200 1200 1200 79 46 0 79 52 0 79 42 0 79 44 0 5734 950000 4750 720072 1022500 735840
 3599.529835 15853 1200 1200 1200 1200 79 46 0 79 52 0 79 42 0 79 44 0 5734 950000 4750 720072 1022500 735840
 3599.729835 15854 1200 1200 1200 1200 79 46 0 79 52 0 79 42 0 79 44 0 5978 950000 4750 715140 1022500 730730
 3599.929835 15855 1200 1200 1200 1200 79 46 0 79 52 0 79 42 0 79 44 0 5734 950000 4750 712400 1022500 727664
 3600.129835 15856 1200 1200 1200 1200 79 46 0 79 52 0 79 42 0 79 44 0 5978 950000 4750 714592 1022500 729708
 3600.330122 15857 1200 1200 1200 1200 79 46 0 79 52 0 79 42 0 79 44 0 5978 950000 4750 714592 1022500 729708
 3600.529835 15858 1200 1200 1200 1200 79 46 0 79 52 0 79 42 0 79 44 0 5978 950000 4750 714592 1022500 729708
 3600.729835 15859 1200 1200 1200 1200 79 46 0 79 52 0 79 42 0 79 44 0 5978 950000 4750 713496 1022500 728686
 3600.929835 15860 1200 1200 1200 1200 79 46 0 79 52 0 79 42 0 79 44 0 5978 950000 4750 715140 1022500 730730
 3601.129835 15861 1200 1200 1200 1200 79 46 0 79 52 0 79 42 0 79 44 0 5978 950000 4750 713496 1022500 728686
 3601.329835 15862 1200 1200 1200 1200 79 46 0 79 52 0 79 42 0 79 44 0 5978 950000 4750 713496 1022500 728686
 3601.529835 15863 1200 1200 1200 1200 79 46 0 79 52 0 79 42 0 79 44 0 5978 950000 4750 715140 1022500 730730
 3601.729835 15864 1200 1200 1200 1200 79 46 0 79 52 0 79 42 0 79 44 0 5734 950000 4750 715140 1022500 730730
 3601.929835 15865 1200 1200 1200 1200 79 46 0 79 52 0 79 42 0 79 44 0 5734 950000 4750 715140 1022500 730730
 3602.129835 15866 1200 1200 1200 1200 79 46 0 79 52 0 79 42 0 79 44 0 5734 950000 4750 715140 1022500 730730
 3602.329835 15867 1200 1200 1200 1200 79 46 0 79 52 0 79 42 0 79 44 0 5734 950000 4750 715962 1022500 730730
 3602.529836 15868 1200 1200 1200 1200 79 46 0 79 52 0 79 42 0 79 44 0 5734 950000 4750 715140 1022500 730730
 3602.729835 15869 1200 1200 1200 1200 79 46 0 79 52 0 79 42 0 79 44 0 5978 950000 4750 715140 1022500 730730
 3602.929835 15870 1200 1200 1200 1200 79 46 0 79 52 0 79 42 0 79 44 0 5978 950000 4750 715140 1022500 730730
 3603.129835 15871 1200 1200 1200 1200 79 46 0 79 52 0 79 42 0 79 44 0 5734 950000 4750 714866 1022500 729708
 3603.329835 15872 1200 1200 1200 1200 79 46 0 79 52 0 79 42 0 79 44 0 5734 950000 4750 715962 1022500 730730
 3603.529835 15873 1200 1200 1200 1200 79 46 0 79 52 0 79 42 0 79 44 0 5978 950000 4750 715140 1022500 730730
 3603.729835 15874 1200 1200 1200 1200 79 46 0 79 52 0 79 42 0 79 44 0 5978 950000 4750 715140 1022500 730730
 3603.929835 15875 1200 1200 1200 1200 79 46 0 79 52 0 79 42 0 79 44 0 5734 950000 4750 715414 1022500 730730
 3604.129835 15876 1200 1200 1200 1200 79 46 0 79 52 0 79 42 0 79 44 0 5734 950000 4750 715140 1022500 730730
 3604.329835 15877 1200 1200 1200 1200 79 46 0 79 52 0 79 42 0 79 44 0 5734 950000 4750 715140 1022500 730730
 3604.529835 15878 1200 1200 1200 1200 79 46 0 79 52 0 79 42 0 79 44 0 5734 950000 4750 715140 1022500 730730
 3604.729834 15879 1200 1200 1200 1200 79 46 0 79 52 0 79 42 0 79 44 0 5978 950000 4750 715962 1022500 730730
 3604.929835 15880 1200 1200 1200 1200 79 46 0 79 52 0 79 42 0 79 44 0 5734 950000 4750 714866 1022500 729708
 3605.129835 15881 1200 1200 1200 1200 79 46 0 79 52 0 79 42 0 79 44 0 5734 950000 4750 714866 1022500 729708
 3605.329835 15882 1200 1200 1200 1200 79 46 0 79 52 0 79 42 0 79 44 0 5734 950000 4750 714866 1022500 729708
 3605.529835 15883 1200 1200 1200 1200 79 46 0 79 52 0 79 42 0 79 44 0 5978 950000 4750 720346 1022500 735840
 3605.729835 15884 1200 1200 1200 1200 79 46 0 79 52 0 79 42 0 79 44 0 5978 950000 4750 713770 1022500 728686
 3605.929835 15885 1200 1200 1200 1200 79 46 0 79 52 0 79 42 0 79 44 0 5734 950000 4750 713496 1022500 728686
 3606.129836 15886 1200 1200 1200 1200 79 46 0 79 52 0 79 42 0 79 44 0 5734 950000 4750 713496 1022500 728686
 3606.329836 15887 1200 1200 1200 1200 79 46 0 79 52 0 79 42 0 79 44 0 5978 950000 4750 713770 1022500 728686
 3606.529835 15888 1200 1200 1200 1200 79 46 0 79 52 0 79 42 0 79 44 0 5734 950000 4750 713496 1022500 728686
 3606.729835 15889 1200 1200 1200 1200 79 46 0 79 52 0 79 42 0 79 44 0 5734 950000 4750 712674 1022500 727664
 3606.929837 15890 1200 1200 1200 1200 79 46 0 79 52 0 79 42 0 79 44 0 5734 950000 4750 712400 1022500 727664
 3607.129836 15891 1200 1200 1200 1200 79 46 0 79 52 0 79 42 0 79 44 0 5734 950000 4750 712400 1022500 727664
 3607.329835 15892 1200 1200 1200 1200 79 46 0 79 52 0 79 42 0 79 44 0 5978 950000 4750 714044 1022500 729708
 3607.529835 15893 1200 1200 1200 1200 79 46 0 79 52 0 79 42 0 79 44 0 5734 950000 4750 714318 1022500 729708
 3607.729836 15894 1200 1200 1200 1200 79 46 0 79 52 0 79 42 0 79 44 0 5734 950000 4750 713222 1022500 728686
 3607.929836 15895 1200 1200 1200 1200 79 46 0 79 52 0 79 42 0 79 44 0 5734 950000 4750 713222 1022500 728686
 3608.129835 15896 1200 1200 1200 1200 79 46 0 79 52 0 79 42 0 79 44 0 5734 950000 4750 712674 1022500 727664
 3608.329836 15897 1200 1200 1200 1200 79 46 0 79 52 0 79 42 0 79 44 0 5978 950000 4750 713770 1022500 728686
 3608.529835 15898 1200 1200 1200 1200 79 46 0 79 52 0 79 42 0 79 44 0 5734 950000 4750 713222 1022500 728686
 3608.729835 15899 1200 1200 1200 1200 79 46 0 79 52 0 79 42 0 79 44 0 5734 950000 4750 713222 1022500 728686
 3608.929835 15900 1200 1200 1200 1200 79 46 0 79 52 0 79 42 0 79 44 0 5734 950000 4750 713770 1022500 728686
 3609.129836 15901 1200 1200 1200 1200 79 46 0 79 52 0 79 42 0 79 44 0 5734 950000 4750 715140 1022500 730730
 3609.329917 15902 1200 1200 1200 1200 79 46 0 79 52 0 79 42 0 79 44 0 5978 950000 4750 715688 1022500 730730
 3609.529927 15903 1200 1200 1200 1200 79 46 0 79 52 0 79 42 0 79 44 0 5978 950000 4750 715688 1022500 730730
 3609.729926 15904 1200 1200 1200 1200 79 46 0 79 52 0 79 42 0 79 44 0 5734 950000 4750 737334 1022500 753214
 3609.929925 15905 1200 1200 1200 1200 79 46 0 79 52 0 79 42 0 79 44 0 5734 950000 4750 713770 1022500 728686
 3610.129927 15906 1200 1200 1200 1200 79 46 0 79 52 0 79 42 0 79 44 0 5734 950000 4750 714044 1022500 729708
 3610.329926 15907 1200 1200 1200 1200 79 46 0 79 52 0 79 42 0 79 44 0 5734 950000 4750 714044 1022500 729708
 3610.529926 15908 1200 1200 1200 1200 79 46 0 79 52 0 79 42 0 79 44 0 5978 950000 4750 716510 1022500 731752
 3610.729926 15909 1200 1200 1200 1200 79 46 0 79 52 0 79 42 0 79 44 0 5734 950000 4750 715962 1022500 730730
 3610.929927 15910 1200 1200 1200 1200 79 46 0 79 52 0 79 42 0 79 44 0 5978 950000 4750 717606 1022500 732774
 3611.129925 15911 1200 1200 1200 1200 79 46 0 79 52 0 79 42 0 79 44 0 5978 950000 4750 717606 1022500 732774
 3611.329926 15912 1200 1200 1200 1200 79 46 0 79 52 0 79 42 0 79 44 0 5978 950000 4750 716236 1022500 731752
 3611.529926 15913 1200 1200 1200 1200 79 46 0 79 52 0 79 42 0 79 44 0 5734 950000 4750 715688 1022500 730730
 3611.729927 15914 1200 1200 1200 1200 79 46 0 79 52 0 79 42 0 79 44 0 5978 950000 4750 714044 1022500 729708
 3611.929927 15915 1200 1200 1200 1200 79 46 0 79 52 0 79 42 0 79 44 0 5978 950000 4750 714044 1022500 729708
 3612.129928 15916 1200 1200 1200 1200 79 46 0 79 52 0 79 42 0 79 44 0 5978 950000 4750 714318 1022500 729708
 3612.329927 15917 1200 1200 1200 1200 79 46 0 79 52 0 79 42 0 79 44 0 5734 950000 4750 716236 1022500 731752
 3612.529926 15918 1200 1200 1200 1200 79 46 0 79 52 0 79 42 0 79 44 0 5734 950000 4750 715414 1022500 730730
 3612.729997 15919 1200 1200 1200 1200 79 46 0 79 52 0 79 42 0 79 44 0 5734 950000 4750 715688 1022500 730730
 3612.929926 15920 1200 1200 1200 1200 79 46 0 79 52 0 79 42 0 79 44 0 5734 950000 4750 715688 1022500 730730
 3613.129926 15921 1200 1200 1200 1200 79 46 0 79 52 0 79 42 0 79 44 0 5978 950000 4750 714044 1022500 729708
 3613.329927 15922 1200 1200 1200 1200 79 46 0 79 52 0 79 42 0 79 44 0 5978 950000 4750 715688 1022500 730730
 3613.529926 15923 1200 1200 1200 1200 79 46 0 79 52 0 79 42 0 79 44 0 5734 950000 4750 715962 1022500 730730
 3613.729926 15924 1200 1200 1200 1200 79 46 0 79 52 0 79 42 0 79 44 0 5734 950000 4750 715962 1022500 730730
 3613.929922 15925 1200 1200 1200 1200 79 46 0 79 52 0 79 42 0 79 44 0 5734 950000 4750 715140 1022500 730730
 3614.129925 15926 1200 1200 1200 1200 79 46 0 79 52 0 79 42 0 79 44 0 5978 950000 4750 717606 1022500 732774
 3614.329926 15927 1200 1200 1200 1200 79 46 0 79 52 0 79 42 0 79 44 0 5734 950000 4750 716510 1022500 731752
 3614.529927 15928 1200 1200 1200 1200 79 46 0 79 52 0 79 42 0 79 44 0 5734 950000 4750 716510 1022500 731752
 3614.729926 15929 1200 1200 1200 1200 79 46 0 79 52 0 79 42 0 79 44 0 5734 950000 4750 715140 1022500 730730
 3614.929927 15930 1200 1200 1200 1200 79 46 0 79 52 0 79 42 0 79 44 0 5978 950000 4750 714866 1022500 729708
 3615.129929 15931 1200 1200 1200 1200 79 46 0 79 52 0 79 42 0 79 44 0 5734 950000 4750 715140 1022500 730730
 3615.329926 15932 1200 1200 1200 1200 79 46 0 79 52 0 79 42 0 79 44 0 5734 950000 4750 715140 1022500 730730
 3615.529925 15933 1200 1200 1200 1200 79 46 0 79 52 0 79 42 0 79 44 0 5734 950000 4750 715688 1022500 730730
 3615.729926 15934 1200 1200 1200 1200 79 46 0 79 52 0 79 42 0 79 44 0 5734 950000 4750 714592 1022500 729708
 3615.929926 15935 1200 1200 1200 1200 79 46 0 79 52 0 79 42 0 79 44 0 5978 950000 4750 715414 1022500 730730
 3616.129927 15936 1200 1200 1200 1200 79 46 0 79 52 0 79 42 0 79 44 0 5978 950000 4750 715414 1022500 730730
 3616.329926 15937 1200 1200 1200 1200 79 46 0 79 52 0 79 42 0 79 44 0 5734 950000 4750 717880 1022500 732774
 3616.529927 15938 1200 1200 1200 1200 79 46 0 79 52 0 79 42 0 79 44 0 5978 950000 4750 716236 1022500 731752
 3616.729926 15939 1200 1200 1200 1200 79 46 0 79 52 0 79 42 0 79 44 0 5734 950000 4750 714044 1022500 729708
 3616.929925 15940 1200 1200 1200 1200 79 46 0 79 52 0 79 42 0 79 44 0 5734 950000 4750 714044 1022500 729708
 3617.129926 15941 1200 1200 1200 1200 79 46 0 79 52 0 79 42 0 79 44 0 5734 950000 4750 715140 1022500 730730
 3617.329922 15942 1200 1200 1200 1200 79 46 0 79 52 0 79 42 0 79 44 0 5734 950000 4750 716236 1022500 731752
 3617.529926 15943 1200 1200 1200 1200 79 46 0 79 52 0 79 42 0 79 44 0 5734 950000 4750 715140 1022500 730730
 3617.729926 15944 1200 1200 1200 1200 79 46 0 79 52 0 79 42 0 79 44 0 5734 950000 4750 715140 1022500 730730
 3617.929926 15945 1200 1200 1200 1200 79 46 0 79 52 0 79 42 0 79 44 0 5978 950000 4750 715962 1022500 730730
 3618.129928 15946 1200 1200 1200 1200 79 46 0 79 52 0 79 42 0 79 44 0 5978 950000 4750 715688 1022500 730730
 3618.329921 15947 1200 1200 1200 1200 79 46 0 79 52 0 79 42 0 79 44 0 5734 950000 4750 715140 1022500 730730
 3618.529925 15948 1200 1200 1200 1200 79 46 0 79 52 0 79 42 0 79 44 0 5734 950000 4750 715140 1022500 730730
 3618.729926 15949 1200 1200 1200 1200 79 46 0 79 52 0 79 42 0 79 44 0 5978 950000 4750 712948 1022500 727664
 3618.929925 15950 1200 1200 1200 1200 79 46 0 79 52 0 79 42 0 79 44 0 5734 950000 4750 713496 1022500 728686
 3619.129927 15951 1200 1200 1200 1200 79 46 0 79 52 0 79 42 0 79 44 0 5734 950000 4750 714044 1022500 729708
 3619.329905 15952 1200 1200 1200 1200 79 46 0 79 52 0 79 42 0 79 44 0 5734 950000 4750 714044 1022500 729708
 3619.529925 15953 1200 1200 1200 1200 79 46 0 79 52 0 79 42 0 79 44 0 5734 950000 4750 714044 1022500 729708
 3619.729925 15954 1200 1200 1200 1200 79 46 0 79 52 0 79 42 0 79 44 0 5978 950000 4750 715140 1022500 730730
 3619.929926 15955 1200 1200 1200 1200 79 46 0 79 52 0 79 42 0 79 44 0 5734 950000 4750 715688 1022500 730730
 3620.129926 15956 1200 1200 1200 1200 79 46 0 79 52 0 79 42 0 79 44 0 5978 950000 4750 715688 1022500 730730
 3620.329926 15957 1200 1200 1200 1200 79 46 0 79 52 0 79 42 0 79 44 0 5978 950000 4750 715688 1022500 730730
 3620.529926 15958 1200 1200 1200 1200 79 46 0 79 52 0 79 42 0 79 44 0 5978 950000 4750 714592 1022500 729708
 3620.729927 15959 1200 1200 1200 1200 79 46 0 79 52 0 79 42 0 79 44 0 5978 950000 4750 713496 1022500 728686
 3620.929926 15960 1200 1200 1200 1200 79 46 0 79 52 0 79 42 0 79 44 0 5978 950000 4750 714044 1022500 729708
 3621.129928 15961 1200 1200 1200 1200 79 46 0 79 52 0 79 42 0 79 44 0 5978 950000 4750 714044 1022500 729708
 3621.329926 15962 1200 1200 1200 1200 79 46 0 79 52 0 79 42 0 79 44 0 5978 950000 4750 715688 1022500 730730
 3621.529926 15963 1200 1200 1200 1200 79 46 0 79 52 0 79 42 0 79 44 0 5978 950000 4750 715962 1022500 730730
 3621.729922 15964 1200 1200 1200 1200 79 46 0 79 52 0 79 42 0 79 44 0 5734 950000 4750 716236 1022500 731752
 3621.929942 15965 1200 1200 1200 1200 79 46 0 79 52 0 79 42 0 79 44 0 5734 950000 4750 716236 1022500 731752
 3622.129925 15966 1200 1200 1200 1200 79 46 0 79 52 0 79 42 0 79 44 0 5734 950000 4750 716236 1022500 731752
 3622.329926 15967 1200 1200 1200 1200 79 46 0 79 52 0 79 42 0 79 44 0 5734 950000 4750 717058 1022500 732774
 3622.529924 15968 1200 1200 1200 1200 79 46 0 79 52 0 79 42 0 79 44 0 5978 950000 4750 715414 1022500 730730
 3622.729927 15969 1200 1200 1200 1200 79 46 0 79 52 0 79 42 0 79 44 0 5978 950000 4750 715414 1022500 730730
 3622.929922 15970 1200 1200 1200 1200 79 46 0 79 52 0 79 42 0 79 44 0 5734 950000 4750 715140 1022500 730730
 3623.129926 15971 1200 1200 1200 1200 79 46 0 79 52 0 79 42 0 79 44 0 5978 950000 4750 716236 1022500 731752
 3623.329926 15972 1200 1200 1200 1200 79 46 0 79 52 0 79 42 0 79 44 0 5734 950000 4750 717332 1022500 732774
 3623.529926 15973 1200 1200 1200 1200 79 46 0 79 52 0 79 42 0 79 44 0 5734 950000 4750 717332 1022500 732774
 3623.729927 15974 1200 1200 1200 1200 79 46 0 79 52 0 79 42 0 79 44 0 5978 950000 4750 721716 1022500 736862
 3623.929927 15975 1200 1200 1200 1200 79 46 0 79 52 0 79 42 0 79 44 0 5734 950000 4750 717880 1022500 732774
 3624.129928 15976 1200 1200 1200 1200 79 46 0 79 52 0 79 42 0 79 44 0 5734 950000 4750 715688 1022500 730730
 3624.329926 15977 1200 1200 1200 1200 79 46 0 79 52 0 79 42 0 79 44 0 5734 950000 4750 715688 1022500 730730
 3624.529926 15978 1200 1200 1200 1200 79 46 0 79 52 0 79 42 0 79 44 0 5978 950000 4750 716784 1022500 731752
 3624.729926 15979 1200 1200 1200 1200 79 46 0 79 52 0 79 42 0 79 44 0 5978 950000 4750 715414 1022500 730730
 3624.929926 15980 1200 1200 1200 1200 79 46 0 79 52 0 79 42 0 79 44 0 5734 950000 4750 714318 1022500 729708
 3625.129852 15981 1200 1200 1200 1200 79 46 0 79 52 0 79 42 0 79 44 0 5978 950000 4750 717058 1022500 732774
 3625.329927 15982 1200 1200 1200 1200 79 46 0 79 52 0 79 42 0 79 44 0 5978 950000 4750 717058 1022500 732774
 3625.529927 15983 1200 1200 1200 1200 79 46 0 79 52 0 79 42 0 79 44 0 5734 950000 4750 715414 1022500 730730
 3625.729927 15984 1200 1200 1200 1200 79 46 0 79 52 0 79 42 0 79 44 0 5734 950000 4750 714866 1022500 729708
 3625.929927 15985 1200 1200 1200 1200 79 46 0 79 52 0 79 42 0 79 44 0 5734 950000 4750 713770 1022500 728686
 3626.129926 15986 1200 1200 1200 1200 79 46 0 79 52 0 79 42 0 79 44 0 5734 950000 4750 713770 1022500 728686
 3626.329949 15987 1200 1200 1200 1200 79 46 0 79 52 0 79 42 0 79 44 0 5978 950000 4750 713770 1022500 728686
 3626.529926 15988 1200 1200 1200 1200 79 46 0 79 52 0 79 42 0 79 44 0 5734 950000 4750 715140 1022500 730730
 3626.729927 15989 1200 1200 1200 1200 79 46 0 79 52 0 79 42 0 79 44 0 5978 950000 4750 713770 1022500 728686
 3626.929926 15990 1200 1200 1200 1200 79 46 0 79 52 0 79 42 0 79 44 0 5978 950000 4750 713770 1022500 728686
 3627.129927 15991 1200 1200 1200 1200 79 46 0 79 52 0 79 42 0 79 44 0 5978 950000 4750 715414 1022500 730730
 3627.329926 15992 1200 1200 1200 1200 79 46 0 79 52 0 79 42 0 79 44 0 5734 950000 4750 715140 1022500 730730
 3627.529926 15993 1200 1200 1200 1200 79 46 0 79 52 0 79 42 0 79 44 0 5978 950000 4750 715140 1022500 730730
 3627.729927 15994 1200 1200 1200 1200 79 46 0 79 52 0 79 42 0 79 44 0 5978 950000 4750 715140 1022500 730730
 3627.929926 15995 1200 1200 1200 1200 79 46 0 79 52 0 79 42 0 79 44 0 5734 950000 4750 713222 1022500 728686
 3628.129926 15996 1200 1200 1200 1200 79 46 0 79 52 0 79 42 0 79 44 0 5734 950000 4750 712400 1022500 727664
 3628.329926 15997 1200 1200 1200 1200 79 46 0 79 52 0 79 42 0 79 44 0 5978 950000 4750 712948 1022500 727664
 3628.529926 15998 1200 1200 1200 1200 79 46 0 79 52 0 79 42 0 79 44 0 5978 950000 4750 712948 1022500 727664
 3628.729926 15999 1200 1200 1200 1200 79 46 0 79 52 0 79 42 0 79 44 0 5978 950000 4750 713770 1022500 728686
 3628.929926 16000 1200 1200 1200 1200 79 46 0 79 52 0 79 42 0 79 44 0 5734 950000 4750 715688 1022500 730730
 3629.129927 16001 1200 1200 1200 1200 79 46 0 79 52 0 79 42 0 79 44 0 5978 950000 4750 716236 1022500 731752
 3629.329926 16002 1200 1200 1200 1200 79 46 0 79 52 0 79 42 0 79 44 0 5978 950000 4750 716236 1022500 731752
 3629.529926 16003 1200 1200 1200 1200 79 46 0 79 52 0 79 42 0 79 44 0 5734 950000 4750 716784 1022500 731752
 3629.729922 16004 1200 1200 1200 1200 79 46 0 79 52 0 79 42 0 79 44 0 5734 950000 4750 714866 1022500 729708
 3629.929926 16005 1200 1200 1200 1200 79 46 0 79 52 0 79 42 0 79 44 0 5734 950000 4750 714592 1022500 729708
 3630.129928 16006 1200 1200 1200 1200 79 46 0 79 52 0 79 42 0 79 44 0 5734 950000 4750 714592 1022500 729708
 3630.329927 16007 1200 1200 1200 1200 79 46 0 79 52 0 79 42 0 79 44 0 5734 950000 4750 714318 1022500 729708
 3630.529927 16008 1200 1200 1200 1200 79 46 0 79 52 0 79 42 0 79 44 0 5734 950000 4750 715140 1022500 730730
 3630.729922 16009 1200 1200 1200 1200 79 46 0 79 52 0 79 42 0 79 44 0 5978 950000 4750 716784 1022500 731752
 3630.929925 16010 1200 1200 1200 1200 79 46 0 79 52 0 79 42 0 79 44 0 5978 950000 4750 716784 1022500 731752
 3631.129938 16011 1200 1200 1200 1200 79 46 0 79 52 0 79 42 0 79 44 0 5734 950000 4750 717606 1022500 732774
 3631.329939 16012 1200 1200 1200 1200 79 46 0 79 52 0 79 42 0 79 44 0 5978 950000 4750 717606 1022500 732774
 3631.529926 16013 1200 1200 1200 1200 79 46 0 79 52 0 79 42 0 79 44 0 5734 950000 4750 715688 1022500 730730
 3631.729906 16014 1200 1200 1200 1200 79 46 0 79 52 0 79 42 0 79 44 0 5978 950000 4750 714866 1022500 729708
 3631.929926 16015 1200 1200 1200 1200 79 46 0 79 52 0 79 42 0 79 44 0 5978 950000 4750 714866 1022500 729708
 3632.129927 16016 1200 1200 1200 1200 79 46 0 79 52 0 79 42 0 79 44 0 5978 950000 4750 714044 1022500 729708
 3632.329926 16017 1200 1200 1200 1200 79 46 0 79 52 0 79 42 0 79 44 0 5978 950000 4750 716236 1022500 731752
 3632.529926 16018 1200 1200 1200 1200 79 46 0 79 52 0 79 42 0 79 44 0 5978 950000 4750 718428 1022500 733796
 3632.729941 16019 1200 1200 1200 1200 79 46 0 79 52 0 79 42 0 79 44 0 5978 950000 4750 718428 1022500 733796
 3632.929926 16020 1200 1200 1200 1200 79 46 0 79 52 0 79 42 0 79 44 0 5978 950000 4750 717332 1022500 732774
 3633.129925 16021 1200 1200 1200 1200 79 46 0 79 52 0 79 42 0 79 44 0 5734 950000 4750 718154 1022500 733796
 3633.329927 16022 1200 1200 1200 1200 79 46 0 79 52 0 79 42 0 79 44 0 5734 950000 4750 716784 1022500 731752
 3633.529927 16023 1200 1200 1200 1200 79 46 0 79 52 0 79 42 0 79 44 0 5734 950000 4750 716784 1022500 731752
 3633.729926 16024 1200 1200 1200 1200 79 46 0 79 52 0 79 42 0 79 44 0 5978 950000 4750 714592 1022500 729708
 3633.929926 16025 1200 1200 1200 1200 79 46 0 79 52 0 79 42 0 79 44 0 5978 950000 4750 714318 1022500 729708
 3634.129928 16026 1200 1200 1200 1200 79 46 0 79 52 0 79 42 0 79 44 0 5734 950000 4750 714318 1022500 729708
 3634.329926 16027 1200 1200 1200 1200 79 46 0 79 52 0 79 42 0 79 44 0 5734 950000 4750 714318 1022500 729708
 3634.529927 16028 1200 1200 1200 1200 79 46 0 79 52 0 79 42 0 79 44 0 5734 950000 4750 715414 1022500 730730
 3634.729926 16029 1200 1200 1200 1200 79 46 0 79 52 0 79 42 0 79 44 0 5978 950000 4750 716236 1022500 731752
 3634.929927 16030 1200 1200 1200 1200 79 46 0 79 52 0 79 42 0 79 44 0 5978 950000 4750 716510 1022500 731752
 3635.129926 16031 1200 1200 1200 1200 79 46 0 79 52 0 79 42 0 79 44 0 5978 950000 4750 716510 1022500 731752
 3635.329922 16032 1200 1200 1200 1200 79 46 0 79 52 0 79 42 0 79 44 0 5978 950000 4750 715414 1022500 730730
 3635.529926 16033 1200 1200 1200 1200 79 46 0 79 52 0 79 42 0 79 44 0 5734 950000 4750 714318 1022500 729708
 3635.729927 16034 1200 1200 1200 1200 79 46 0 79 52 0 79 42 0 79 44 0 5978 950000 4750 715140 1022500 730730
 3635.929926 16035 1200 1200 1200 1200 79 46 0 79 52 0 79 42 0 79 44 0 5978 950000 4750 715140 1022500 730730
 3636.129928 16036 1200 1200 1200 1200 79 46 0 79 52 0 79 42 0 79 44 0 5734 950000 4750 713770 1022500 728686
 3636.329927 16037 1200 1200 1200 1200 79 46 0 79 52 0 79 42 0 79 44 0 5734 950000 4750 715688 1022500 730730
 3636.529926 16038 1200 1200 1200 1200 79 46 0 79 52 0 79 42 0 79 44 0 5978 950000 4750 717880 1022500 732774
 3636.729926 16039 1200 1200 1200 1200 79 46 0 79 52 0 79 42 0 79 44 0 5978 950000 4750 717880 1022500 732774
 3636.929927 16040 1200 1200 1200 1200 79 46 0 79 52 0 79 42 0 79 44 0 5978 950000 4750 715414 1022500 730730
 3637.129927 16041 1200 1200 1200 1200 79 46 0 79 52 0 79 42 0 79 44 0 5978 950000 4750 713770 1022500 728686
 3637.329927 16042 1200 1200 1200 1200 79 46 0 79 52 0 79 42 0 79 44 0 5978 950000 4750 713222 1022500 728686
 3637.529854 16043 1200 1200 1200 1200 79 46 0 79 52 0 79 42 0 79 44 0 5978 950000 4750 713222 1022500 728686
 3637.729926 16044 1200 1200 1200 1200 79 46 0 79 52 0 79 42 0 79 44 0 5978 950000 4750 713496 1022500 728686
 3637.929926 16045 1200 1200 1200 1200 79 46 0 79 52 0 79 42 0 79 44 0 5734 950000 4750 713222 1022500 728686
 3638.129926 16046 1200 1200 1200 1200 79 46 0 79 52 0 79 42 0 79 44 0 5978 950000 4750 715688 1022500 730730
 3638.329929 16047 1200 1200 1200 1200 79 46 0 79 52 0 79 42 0 79 44 0 5734 950000 4750 716236 1022500 731752
 3638.529927 16048 1200 1200 1200 1200 79 46 0 79 52 0 79 42 0 79 44 0 5734 950000 4750 716236 1022500 731752
 3638.729926 16049 1200 1200 1200 1200 79 46 0 79 52 0 79 42 0 79 44 0 5734 950000 4750 715414 1022500 730730
 3638.929929 16050 1200 1200 1200 1200 79 46 0 79 52 0 79 42 0 79 44 0 5978 950000 4750 715140 1022500 730730
 3639.129929 16051 1200 1200 1200 1200 79 46 0 79 52 0 79 42 0 79 44 0 5734 950000 4750 715140 1022500 730730
 3639.329926 16052 1200 1200 1200 1200 79 46 0 79 52 0 79 42 0 79 44 0 5734 950000 4750 715140 1022500 730730
 3639.529927 16053 1200 1200 1200 1200 79 46 0 79 52 0 79 42 0 79 44 0 5734 950000 4750 714592 1022500 729708
 3639.729922 16054 1200 1200 1200 1200 79 46 0 79 52 0 79 42 0 79 44 0 5978 950000 4750 714318 1022500 729708
 3639.929926 16055 1200 1200 1200 1200 79 46 0 79 52 0 79 42 0 79 44 0 5734 950000 4750 716784 1022500 731752
 3640.129927 16056 1200 1200 1200 1200 79 46 0 79 52 0 79 42 0 79 44 0 5734 950000 4750 716784 1022500 731752
 3640.329926 16057 1200 1200 1200 1200 79 46 0 79 52 0 79 42 0 79 44 0 5734 950000 4750 717880 1022500 732774
 3640.529926 16058 1200 1200 1200 1200 79 46 0 79 52 0 79 42 0 79 44 0 5978 950000 4750 716236 1022500 731752
 3640.729927 16059 1200 1200 1200 1200 79 46 0 79 52 0 79 42 0 79 44 0 5978 950000 4750 714592 1022500 729708
 3640.929926 16060 1200 1200 1200 1200 79 46 0 79 52 0 79 42 0 79 44 0 5978 950000 4750 714592 1022500 729708
 3641.129928 16061 1200 1200 1200 1200 79 46 0 79 52 0 79 42 0 79 44 0 5978 950000 4750 714318 1022500 729708
 3641.329926 16062 1200 1200 1200 1200 79 46 0 79 52 0 79 42 0 79 44 0 5734 950000 4750 716236 1022500 731752
 3641.529927 16063 1200 1200 1200 1200 79 46 0 79 52 0 79 42 0 79 44 0 5734 950000 4750 714044 1022500 729708
 3641.729927 16064 1200 1200 1200 1200 79 46 0 79 52 0 79 42 0 79 44 0 5734 950000 4750 714044 1022500 729708
 3641.929926 16065 1200 1200 1200 1200 79 46 0 79 52 0 79 42 0 79 44 0 5734 950000 4750 717058 1022500 732774
 3642.129924 16066 1200 1200 1200 1200 79 46 0 79 52 0 79 42 0 79 44 0 5734 950000 4750 717332 1022500 732774
 3642.329927 16067 1200 1200 1200 1200 79 46 0 79 52 0 79 42 0 79 44 0 5734 950000 4750 718428 1022500 733796
 3642.529926 16068 1200 1200 1200 1200 79 46 0 79 52 0 79 42 0 79 44 0 5734 950000 4750 718428 1022500 733796
 3642.729926 16069 1200 1200 1200 1200 79 46 0 79 52 0 79 42 0 79 44 0 5978 950000 4750 716510 1022500 731752
 3642.929927 16070 1200 1200 1200 1200 79 46 0 79 52 0 79 42 0 79 44 0 5734 950000 4750 715140 1022500 730730
 3643.129926 16071 1200 1200 1200 1200 79 46 0 79 52 0 79 42 0 79 44 0 5734 950000 4750 716510 1022500 731752
 3643.329927 16072 1200 1200 1200 1200 79 46 0 79 52 0 79 42 0 79 44 0 5734 950000 4750 716510 1022500 731752
 3643.529926 16073 1200 1200 1200 1200 79 46 0 79 52 0 79 42 0 79 44 0 5978 950000 4750 715688 1022500 730730
 3643.729926 16074 1200 1200 1200 1200 79 46 0 79 52 0 79 42 0 79 44 0 5978 950000 4750 716236 1022500 731752
 3643.929926 16075 1200 1200 1200 1200 79 46 0 79 52 0 79 42 0 79 44 0 5734 950000 4750 716510 1022500 731752
 3644.129901 16076 1200 1200 1200 1200 79 46 0 79 52 0 79 42 0 79 44 0 5734 950000 4750 716236 1022500 731752
 3644.329925 16077 1200 1200 1200 1200 79 46 0 79 52 0 79 42 0 79 44 0 5734 950000 4750 716236 1022500 731752
 3644.529926 16078 1200 1200 1200 1200 79 46 0 79 52 0 79 42 0 79 44 0 5734 950000 4750 731032 1022500 747082
 3644.729926 16079 1200 1200 1200 1200 79 46 0 79 52 0 79 42 0 79 44 0 5978 950000 4750 715140 1022500 730730
 3644.929926 16080 1200 1200 1200 1200 79 46 0 79 52 0 79 42 0 79 44 0 5734 950000 4750 714044 1022500 729708
 3645.129928 16081 1200 1200 1200 1200 79 46 0 79 52 0 79 42 0 79 44 0 5734 950000 4750 714044 1022500 729708
 3645.329925 16082 1200 1200 1200 1200 79 46 0 79 52 0 79 42 0 79 44 0 5978 950000 4750 714592 1022500 729708
 3645.529927 16083 1200 1200 1200 1200 79 46 0 79 52 0 79 42 0 79 44 0 5978 950000 4750 716236 1022500 731752
 3645.729927 16084 1200 1200 1200 1200 79 46 0 79 52 0 79 42 0 79 44 0 5734 950000 4750 714866 1022500 729708
 3645.929926 16085 1200 1200 1200 1200 79 46 0 79 52 0 79 42 0 79 44 0 5734 950000 4750 714866 1022500 729708
 3646.129927 16086 1200 1200 1200 1200 79 46 0 79 52 0 79 42 0 79 44 0 5734 950000 4750 715140 1022500 730730
 3646.329926 16087 1200 1200 1200 1200 79 46 0 79 52 0 79 42 0 79 44 0 5978 950000 4750 715140 1022500 730730
 3646.529953 16088 1200 1200 1200 1200 79 46 0 79 52 0 79 42 0 79 44 0 5734 950000 4750 712948 1022500 727664
 3646.729926 16089 1200 1200 1200 1200 79 46 0 79 52 0 79 42 0 79 44 0 5734 950000 4750 712948 1022500 727664
 3646.929926 16090 1200 1200 1200 1200 79 46 0 79 52 0 79 42 0 79 44 0 5978 950000 4750 713770 1022500 728686
 3647.129926 16091 1200 1200 1200 1200 79 46 0 79 52 0 79 42 0 79 44 0 5978 950000 4750 713770 1022500 728686
 3647.329926 16092 1200 1200 1200 1200 79 46 0 79 52 0 79 42 0 79 44 0 5978 950000 4750 715140 1022500 730730
 3647.529927 16093 1200 1200 1200 1200 79 46 0 79 52 0 79 42 0 79 44 0 5978 950000 4750 715140 1022500 730730
 3647.729925 16094 1200 1200 1200 1200 79 46 0 79 52 0 79 42 0 79 44 0 5978 950000 4750 714044 1022500 729708
 3647.929927 16095 1200 1200 1200 1200 79 46 0 79 52 0 79 42 0 79 44 0 5978 950000 4750 714318 1022500 729708
 3648.129928 16096 1200 1200 1200 1200 79 46 0 79 52 0 79 42 0 79 44 0 5734 950000 4750 715140 1022500 730730
 3648.329925 16097 1200 1200 1200 1200 79 46 0 79 52 0 79 42 0 79 44 0 5734 950000 4750 715140 1022500 730730
 3648.529927 16098 1200 1200 1200 1200 79 46 0 79 52 0 79 42 0 79 44 0 5734 950000 4750 715414 1022500 730730
 3648.729922 16099 1200 1200 1200 1200 79 46 0 79 52 0 79 42 0 79 44 0 5978 950000 4750 713222 1022500 728686
 3648.929927 16100 1200 1200 1200 1200 79 46 0 79 52 0 79 42 0 79 44 0 5978 950000 4750 714318 1022500 729708
 3649.129926 16101 1200 1200 1200 1200 79 46 0 79 52 0 79 42 0 79 44 0 5978 950000 4750 714318 1022500 729708
 3649.329926 16102 1200 1200 1200 1200 79 46 0 79 52 0 79 42 0 79 44 0 5734 950000 4750 717880 1022500 732774
 3649.529926 16103 1200 1200 1200 1200 79 46 0 79 52 0 79 42 0 79 44 0 5734 950000 4750 717058 1022500 732774
 3649.729926 16104 1200 1200 1200 1200 79 46 0 79 52 0 79 42 0 79 44 0 5978 950000 4750 717058 1022500 732774
 3649.929906 16105 1200 1200 1200 1200 79 46 0 79 52 0 79 42 0 79 44 0 5734 950000 4750 716510 1022500 731752
 3650.129926 16106 1200 1200 1200 1200 79 46 0 79 52 0 79 42 0 79 44 0 5734 950000 4750 716510 1022500 731752
 3650.329926 16107 1200 1200 1200 1200 79 46 0 79 52 0 79 42 0 79 44 0 5734 950000 4750 715688 1022500 730730
 3650.529926 16108 1200 1200 1200 1200 79 46 0 79 52 0 79 42 0 79 44 0 5978 950000 4750 715962 1022500 730730
 3650.729926 16109 1200 1200 1200 1200 79 46 0 79 52 0 79 42 0 79 44 0 5734 950000 4750 715414 1022500 730730
 3650.929927 16110 1200 1200 1200 1200 79 46 0 79 52 0 79 42 0 79 44 0 5734 950000 4750 715414 1022500 730730
 3651.129929 16111 1200 1200 1200 1200 79 46 0 79 52 0 79 42 0 79 44 0 5734 950000 4750 717880 1022500 732774
 3651.329926 16112 1200 1200 1200 1200 79 46 0 79 52 0 79 42 0 79 44 0 5734 950000 4750 719250 1022500 734818
 3651.529926 16113 1200 1200 1200 1200 79 46 0 79 52 0 79 42 0 79 44 0 5978 950000 4750 717332 1022500 732774
 3651.729926 16114 1200 1200 1200 1200 79 46 0 79 52 0 79 42 0 79 44 0 5978 950000 4750 717332 1022500 732774
 3651.929926 16115 1200 1200 1200 1200 79 46 0 79 52 0 79 42 0 79 44 0 5978 950000 4750 717332 1022500 732774
 3652.129941 16116 1200 1200 1200 1200 79 46 0 79 52 0 79 42 0 79 44 0 5978 950000 4750 716784 1022500 731752
 3652.329926 16117 1200 1200 1200 1200 79 46 0 79 52 0 79 42 0 79 44 0 5978 950000 4750 716784 1022500 731752
 3652.529927 16118 1200 1200 1200 1200 79 46 0 79 52 0 79 42 0 79 44 0 5978 950000 4750 716784 1022500 731752
 3652.729926 16119 1200 1200 1200 1200 79 46 0 79 52 0 79 42 0 79 44 0 5734 950000 4750 716236 1022500 731752
 3652.929926 16120 1200 1200 1200 1200 79 46 0 79 52 0 79 42 0 79 44 0 5978 950000 4750 716510 1022500 731752
 3653.129923 16121 1200 1200 1200 1200 79 46 0 79 52 0 79 42 0 79 44 0 5978 950000 4750 717058 1022500 732774
 3653.329927 16122 1200 1200 1200 1200 79 46 0 79 52 0 79 42 0 79 44 0 5978 950000 4750 717058 1022500 732774
 3653.529926 16123 1200 1200 1200 1200 79 46 0 79 52 0 79 42 0 79 44 0 5734 950000 4750 715414 1022500 730730
 3653.729927 16124 1200 1200 1200 1200 79 46 0 79 52 0 79 42 0 79 44 0 5978 950000 4750 714866 1022500 729708
 3653.929926 16125 1200 1200 1200 1200 79 46 0 79 52 0 79 42 0 79 44 0 5978 950000 4750 713496 1022500 728686
 3654.129929 16126 1200 1200 1200 1200 79 46 0 79 52 0 79 42 0 79 44 0 5978 950000 4750 713496 1022500 728686
 3654.329926 16127 1200 1200 1200 1200 79 46 0 79 52 0 79 42 0 79 44 0 5734 950000 4750 713770 1022500 728686
 3654.529923 16128 1200 1200 1200 1200 79 46 0 79 52 0 79 42 0 79 44 0 5734 950000 4750 714044 1022500 729708
 3654.729926 16129 1200 1200 1200 1200 79 46 0 79 52 0 79 42 0 79 44 0 5734 950000 4750 721168 1022500 736862
 3654.929927 16130 1200 1200 1200 1200 79 46 0 79 52 0 79 42 0 79 44 0 5734 950000 4750 721168 1022500 736862
 3655.129926 16131 1200 1200 1200 1200 79 46 0 79 52 0 79 42 0 79 44 0 5734 950000 4750 714866 1022500 729708
 3655.329926 16132 1200 1200 1200 1200 79 46 0 79 52 0 79 42 0 79 44 0 5978 950000 4750 715688 1022500 730730
 3655.529926 16133 1200 1200 1200 1200 79 46 0 79 52 0 79 42 0 79 44 0 5734 950000 4750 714318 1022500 729708
 3655.729927 16134 1200 1200 1200 1200 79 46 0 79 52 0 79 42 0 79 44 0 5734 950000 4750 714318 1022500 729708
 3655.929926 16135 1200 1200 1200 1200 79 46 0 79 52 0 79 42 0 79 44 0 5978 950000 4750 714318 1022500 729708
 3656.129925 16136 1200 1200 1200 1200 79 46 0 79 52 0 79 42 0 79 44 0 5978 950000 4750 713496 1022500 728686
 3656.329926 16137 1200 1200 1200 1200 79 46 0 79 52 0 79 42 0 79 44 0 5978 950000 4750 714044 1022500 729708
 3656.529901 16138 1200 1200 1200 1200 79 46 0 79 52 0 79 42 0 79 44 0 5734 950000 4750 716510 1022500 731752
 3656.729927 16139 1200 1200 1200 1200 79 46 0 79 52 0 79 42 0 79 44 0 5734 950000 4750 716510 1022500 731752
 3656.929922 16140 1200 1200 1200 1200 79 46 0 79 52 0 79 42 0 79 44 0 5978 950000 4750 716236 1022500 731752
 3657.129929 16141 1200 1200 1200 1200 79 46 0 79 52 0 79 42 0 79 44 0 5734 950000 4750 715688 1022500 730730
 3657.329928 16142 1200 1200 1200 1200 79 46 0 79 52 0 79 42 0 79 44 0 5734 950000 4750 715962 1022500 730730
 3657.529927 16143 1200 1200 1200 1200 79 46 0 79 52 0 79 42 0 79 44 0 5734 950000 4750 715962 1022500 730730
 3657.729926 16144 1200 1200 1200 1200 79 46 0 79 52 0 79 42 0 79 44 0 5734 950000 4750 713770 1022500 728686
 3657.929926 16145 1200 1200 1200 1200 79 46 0 79 52 0 79 42 0 79 44 0 5734 950000 4750 713222 1022500 728686
 3658.129927 16146 1200 1200 1200 1200 79 46 0 79 52 0 79 42 0 79 44 0 5734 950000 4750 715414 1022500 730730
 3658.329927 16147 1200 1200 1200 1200 79 46 0 79 52 0 79 42 0 79 44 0 5734 950000 4750 715414 1022500 730730
 3658.529926 16148 1200 1200 1200 1200 79 46 0 79 52 0 79 42 0 79 44 0 5978 950000 4750 717606 1022500 732774
 3658.729928 16149 1200 1200 1200 1200 79 46 0 79 52 0 79 42 0 79 44 0 5734 950000 4750 715962 1022500 730730
 3658.929922 16150 1200 1200 1200 1200 79 46 0 79 52 0 79 42 0 79 44 0 5978 950000 4750 715962 1022500 730730
 3659.129926 16151 1200 1200 1200 1200 79 46 0 79 52 0 79 42 0 79 44 0 5978 950000 4750 715962 1022500 730730
 3659.329925 16152 1200 1200 1200 1200 79 46 0 79 52 0 79 42 0 79 44 0 5734 950000 4750 716784 1022500 731752
 3659.529927 16153 1200 1200 1200 1200 79 46 0 79 52 0 79 42 0 79 44 0 5734 950000 4750 715140 1022500 730730
 3659.729926 16154 1200 1200 1200 1200 79 46 0 79 52 0 79 42 0 79 44 0 5734 950000 4750 714044 1022500 729708
 3659.929925 16155 1200 1200 1200 1200 79 46 0 79 52 0 79 42 0 79 44 0 5734 950000 4750 714044 1022500 729708
 3660.129931 16156 1200 1200 1200 1200 79 46 0 79 52 0 79 42 0 79 44 0 5978 950000 4750 714866 1022500 729708
 3660.329926 16157 1200 1200 1200 1200 79 46 0 79 52 0 79 42 0 79 44 0 5978 950000 4750 716510 1022500 731752
 3660.529926 16158 1200 1200 1200 1200 79 46 0 79 52 0 79 42 0 79 44 0 5978 950000 4750 715414 1022500 730730
 3660.729927 16159 1200 1200 1200 1200 79 46 0 79 52 0 79 42 0 79 44 0 5978 950000 4750 715414 1022500 730730
 3660.929927 16160 1200 1200 1200 1200 79 46 0 79 52 0 79 42 0 79 44 0 5734 950000 4750 717058 1022500 732774
 3661.129922 16161 1200 1200 1200 1200 79 46 0 79 52 0 79 42 0 79 44 0 5734 950000 4750 715140 1022500 730730
 3661.329926 16162 1200 1200 1200 1200 79 46 0 79 52 0 79 42 0 79 44 0 5734 950000 4750 716784 1022500 731752
 3661.529926 16163 1200 1200 1200 1200 79 46 0 79 52 0 79 42 0 79 44 0 5734 950000 4750 716784 1022500 731752
 3661.729926 16164 1200 1200 1200 1200 79 46 0 79 52 0 79 42 0 79 44 0 5734 950000 4750 715140 1022500 730730
 3661.929971 16165 1200 1200 1200 1200 79 46 0 79 52 0 79 42 0 79 44 0 5734 950000 4750 714044 1022500 729708
 3662.129937 16166 1200 1200 1200 1200 79 46 0 79 52 0 79 42 0 79 44 0 5978 950000 4750 715688 1022500 730730
 3662.329856 16167 1200 1200 1200 1200 79 46 0 79 52 0 79 42 0 79 44 0 5978 950000 4750 717880 1022500 732774
 3662.529926 16168 1200 1200 1200 1200 79 46 0 79 52 0 79 42 0 79 44 0 5978 950000 4750 717880 1022500 732774
 3662.729926 16169 1200 1200 1200 1200 79 46 0 79 52 0 79 42 0 79 44 0 5734 950000 4750 715962 1022500 730730
 3662.929941 16170 1200 1200 1200 1200 79 46 0 79 52 0 79 42 0 79 44 0 5734 950000 4750 715140 1022500 730730
 3663.129929 16171 1200 1200 1200 1200 79 46 0 79 52 0 79 42 0 79 44 0 5978 950000 4750 714318 1022500 729708
 3663.329926 16172 1200 1200 1200 1200 79 46 0 79 52 0 79 42 0 79 44 0 5978 950000 4750 714318 1022500 729708
 3663.529926 16173 1200 1200 1200 1200 79 46 0 79 52 0 79 42 0 79 44 0 5734 950000 4750 714044 1022500 729708
 3663.729926 16174 1200 1200 1200 1200 79 46 0 79 52 0 79 42 0 79 44 0 5978 950000 4750 713770 1022500 728686
 3663.929928 16175 1200 1200 1200 1200 79 46 0 79 52 0 79 42 0 79 44 0 5734 950000 4750 716784 1022500 731752
 3664.129926 16176 1200 1200 1200 1200 79 46 0 79 52 0 79 42 0 79 44 0 5734 950000 4750 716784 1022500 731752
 3664.329926 16177 1200 1200 1200 1200 79 46 0 79 52 0 79 42 0 79 44 0 5734 950000 4750 715962 1022500 730730
 3664.529927 16178 1200 1200 1200 1200 79 46 0 79 52 0 79 42 0 79 44 0 5734 950000 4750 716510 1022500 731752
 3664.729927 16179 1200 1200 1200 1200 79 46 0 79 52 0 79 42 0 79 44 0 5978 950000 4750 715414 1022500 730730
 3664.929927 16180 1200 1200 1200 1200 79 46 0 79 52 0 79 42 0 79 44 0 5978 950000 4750 715414 1022500 730730
 3665.129928 16181 1200 1200 1200 1200 79 46 0 79 52 0 79 42 0 79 44 0 5978 950000 4750 712948 1022500 727664
 3665.329926 16182 1200 1200 1200 1200 79 46 0 79 52 0 79 42 0 79 44 0 5734 950000 4750 714592 1022500 729708
 3665.529921 16183 1200 1200 1200 1200 79 46 0 79 52 0 79 42 0 79 44 0 5978 950000 4750 714866 1022500 729708
 3665.729927 16184 1200 1200 1200 1200 79 46 0 79 52 0 79 42 0 79 44 0 5978 950000 4750 714866 1022500 729708
 3665.929926 16185 1200 1200 1200 1200 79 46 0 79 52 0 79 42 0 79 44 0 5978 950000 4750 715962 1022500 730730
 3666.129929 16186 1200 1200 1200 1200 79 46 0 79 52 0 79 42 0 79 44 0 5734 950000 4750 716784 1022500 731752
 3666.329926 16187 1200 1200 1200 1200 79 46 0 79 52 0 79 42 0 79 44 0 5978 950000 4750 715140 1022500 730730
 3666.529926 16188 1200 1200 1200 1200 79 46 0 79 52 0 79 42 0 79 44 0 5978 950000 4750 715140 1022500 730730
 3666.729953 16189 1200 1200 1200 1200 79 46 0 79 52 0 79 42 0 79 44 0 5734 950000 4750 713770 1022500 728686
 3666.929922 16190 1200 1200 1200 1200 79 46 0 79 52 0 79 42 0 79 44 0 5978 950000 4750 714044 1022500 729708
 3667.129926 16191 1200 1200 1200 1200 79 46 0 79 52 0 79 42 0 79 44 0 5734 950000 4750 714044 1022500 729708
 3667.329926 16192 1200 1200 1200 1200 79 46 0 79 52 0 79 42 0 79 44 0 5734 950000 4750 714044 1022500 729708
 3667.529926 16193 1200 1200 1200 1200 79 46 0 79 52 0 79 42 0 79 44 0 5978 950000 4750 714318 1022500 729708
 3667.729926 16194 1200 1200 1200 1200 79 46 0 79 52 0 79 42 0 79 44 0 5734 950000 4750 715140 1022500 730730
 3667.929926 16195 1200 1200 1200 1200 79 46 0 79 52 0 79 42 0 79 44 0 5734 950000 4750 715140 1022500 730730
 3668.129926 16196 1200 1200 1200 1200 79 46 0 79 52 0 79 42 0 79 44 0 5734 950000 4750 715140 1022500 730730
 3668.329927 16197 1200 1200 1200 1200 79 46 0 79 52 0 79 42 0 79 44 0 5978 950000 4750 716236 1022500 731752
 3668.529927 16198 1200 1200 1200 1200 79 46 0 79 52 0 79 42 0 79 44 0 5734 950000 4750 715140 1022500 730730
 3668.729926 16199 1200 1200 1200 1200 79 46 0 79 52 0 79 42 0 79 44 0 5734 950000 4750 715140 1022500 730730
 3668.929907 16200 1200 1200 1200 1200 79 46 0 79 52 0 79 42 0 79 44 0 5734 950000 4750 714592 1022500 729708
 3669.129928 16201 1200 1200 1200 1200 79 46 0 79 52 0 79 42 0 79 44 0 5734 950000 4750 714592 1022500 729708
 3669.329926 16202 1200 1200 1200 1200 79 46 0 79 52 0 79 42 0 79 44 0 5978 950000 4750 716236 1022500 731752
 3669.529926 16203 1200 1200 1200 1200 79 46 0 79 52 0 79 42 0 79 44 0 5734 950000 4750 715688 1022500 730730
 3669.729925 16204 1200 1200 1200 1200 79 46 0 79 52 0 79 42 0 79 44 0 5734 950000 4750 715140 1022500 730730
 3669.929926 16205 1200 1200 1200 1200 79 46 0 79 52 0 79 42 0 79 44 0 5734 950000 4750 715140 1022500 730730
 3670.129922 16206 1200 1200 1200 1200 79 46 0 79 52 0 79 42 0 79 44 0 5734 950000 4750 716236 1022500 731752
 3670.329926 16207 1200 1200 1200 1200 79 46 0 79 52 0 79 42 0 79 44 0 5978 950000 4750 717058 1022500 732774
 3670.529926 16208 1200 1200 1200 1200 79 46 0 79 52 0 79 42 0 79 44 0 5978 950000 4750 714866 1022500 729708
 3670.729926 16209 1200 1200 1200 1200 79 46 0 79 52 0 79 42 0 79 44 0 5978 950000 4750 714866 1022500 729708
 3670.929927 16210 1200 1200 1200 1200 79 46 0 79 52 0 79 42 0 79 44 0 5734 950000 4750 716784 1022500 731752
 3671.129922 16211 1200 1200 1200 1200 79 46 0 79 52 0 79 42 0 79 44 0 5734 950000 4750 715962 1022500 730730
 3671.329922 16212 1200 1200 1200 1200 79 46 0 79 52 0 79 42 0 79 44 0 5978 950000 4750 717332 1022500 732774
 3671.529923 16213 1200 1200 1200 1200 79 46 0 79 52 0 79 42 0 79 44 0 5978 950000 4750 717332 1022500 732774
 3671.729926 16214 1200 1200 1200 1200 79 46 0 79 52 0 79 42 0 79 44 0 5734 950000 4750 717606 1022500 732774
 3671.929928 16215 1200 1200 1200 1200 79 46 0 79 52 0 79 42 0 79 44 0 5734 950000 4750 717058 1022500 732774
 3672.129928 16216 1200 1200 1200 1200 79 46 0 79 52 0 79 42 0 79 44 0 5734 950000 4750 714592 1022500 729708
 3672.329925 16217 1200 1200 1200 1200 79 46 0 79 52 0 79 42 0 79 44 0 5734 950000 4750 714592 1022500 729708
 3672.529926 16218 1200 1200 1200 1200 79 46 0 79 52 0 79 42 0 79 44 0 5978 950000 4750 715140 1022500 730730
 3672.729927 16219 1200 1200 1200 1200 79 46 0 79 52 0 79 42 0 79 44 0 5734 950000 4750 715140 1022500 730730
 3672.929926 16220 1200 1200 1200 1200 79 46 0 79 52 0 79 42 0 79 44 0 5734 950000 4750 714592 1022500 729708
 3673.129927 16221 1200 1200 1200 1200 79 46 0 79 52 0 79 42 0 79 44 0 5734 950000 4750 714592 1022500 729708
 3673.329925 16222 1200 1200 1200 1200 79 46 0 79 52 0 79 42 0 79 44 0 5734 950000 4750 714318 1022500 729708
 3673.529925 16223 1200 1200 1200 1200 79 46 0 79 52 0 79 42 0 79 44 0 5734 950000 4750 715140 1022500 730730
 3673.729926 16224 1200 1200 1200 1200 79 46 0 79 52 0 79 42 0 79 44 0 5978 950000 4750 714866 1022500 729708
 3673.929926 16225 1200 1200 1200 1200 79 46 0 79 52 0 79 42 0 79 44 0 5978 950000 4750 714866 1022500 729708
 3674.129927 16226 1200 1200 1200 1200 79 46 0 79 52 0 79 42 0 79 44 0 5734 950000 4750 713496 1022500 728686
 3674.329927 16227 1200 1200 1200 1200 79 46 0 79 52 0 79 42 0 79 44 0 5978 950000 4750 713222 1022500 728686
 3674.529922 16228 1200 1200 1200 1200 79 46 0 79 52 0 79 42 0 79 44 0 5734 950000 4750 718428 1022500 733796
 3674.729856 16229 1200 1200 1200 1200 79 46 0 79 52 0 79 42 0 79 44 0 5734 950000 4750 713770 1022500 728686
 3674.929926 16230 1200 1200 1200 1200 79 46 0 79 52 0 79 42 0 79 44 0 5734 950000 4750 713770 1022500 728686
 3675.129929 16231 1200 1200 1200 1200 79 46 0 79 52 0 79 42 0 79 44 0 5734 950000 4750 715414 1022500 730730
 3675.329927 16232 1200 1200 1200 1200 79 46 0 79 52 0 79 42 0 79 44 0 5734 950000 4750 715688 1022500 730730
 3675.529926 16233 1200 1200 1200 1200 79 46 0 79 52 0 79 42 0 79 44 0 5734 950000 4750 714866 1022500 729708
 3675.729926 16234 1200 1200 1200 1200 79 46 0 79 52 0 79 42 0 79 44 0 5734 950000 4750 714866 1022500 729708
 3675.929923 16235 1200 1200 1200 1200 79 46 0 79 52 0 79 42 0 79 44 0 5978 950000 4750 713496 1022500 728686
 3676.129926 16236 1200 1200 1200 1200 79 46 0 79 52 0 79 42 0 79 44 0 5734 950000 4750 714318 1022500 729708
 3676.329926 16237 1200 1200 1200 1200 79 46 0 79 52 0 79 42 0 79 44 0 5978 950000 4750 715140 1022500 730730
 3676.529926 16238 1200 1200 1200 1200 79 46 0 79 52 0 79 42 0 79 44 0 5978 950000 4750 715140 1022500 730730
 3676.729927 16239 1200 1200 1200 1200 79 46 0 79 52 0 79 42 0 79 44 0 5978 950000 4750 714318 1022500 729708
 3676.929926 16240 1200 1200 1200 1200 79 46 0 79 52 0 79 42 0 79 44 0 5734 950000 4750 715414 1022500 730730
 3677.129926 16241 1200 1200 1200 1200 79 46 0 79 52 0 79 42 0 79 44 0 5734 950000 4750 718976 1022500 733796
 3677.329926 16242 1200 1200 1200 1200 79 46 0 79 52 0 79 42 0 79 44 0 5734 950000 4750 718976 1022500 733796
 3677.529927 16243 1200 1200 1200 1200 79 46 0 79 52 0 79 42 0 79 44 0 5978 950000 4750 716236 1022500 731752
 3677.729925 16244 1200 1200 1200 1200 79 46 0 79 52 0 79 42 0 79 44 0 5734 950000 4750 716784 1022500 731752
 3677.929926 16245 1200 1200 1200 1200 79 46 0 79 52 0 79 42 0 79 44 0 5978 950000 4750 714592 1022500 729708
 3678.129928 16246 1200 1200 1200 1200 79 46 0 79 52 0 79 42 0 79 44 0 5978 950000 4750 714592 1022500 729708
 3678.329925 16247 1200 1200 1200 1200 79 46 0 79 52 0 79 42 0 79 44 0 5734 950000 4750 717058 1022500 732774
 3678.529926 16248 1200 1200 1200 1200 79 46 0 79 52 0 79 42 0 79 44 0 5734 950000 4750 715140 1022500 730730
 3678.729926 16249 1200 1200 1200 1200 79 46 0 79 52 0 79 42 0 79 44 0 5734 950000 4750 717606 1022500 732774
 3678.929925 16250 1200 1200 1200 1200 79 46 0 79 52 0 79 42 0 79 44 0 5734 950000 4750 717606 1022500 732774
 3679.129922 16251 1200 1200 1200 1200 79 46 0 79 52 0 79 42 0 79 44 0 5734 950000 4750 716510 1022500 731752
 3679.329921 16252 1200 1200 1200 1200 79 46 0 79 52 0 79 42 0 79 44 0 5734 950000 4750 717606 1022500 732774
 3679.529926 16253 1200 1200 1200 1200 79 46 0 79 52 0 79 42 0 79 44 0 5734 950000 4750 730484 1022500 746060
 3679.729925 16254 1200 1200 1200 1200 79 46 0 79 52 0 79 42 0 79 44 0 5734 950000 4750 730484 1022500 746060
 3679.929925 16255 1200 1200 1200 1200 79 46 0 79 52 0 79 42 0 79 44 0 5734 950000 4750 714866 1022500 729708
 3680.129925 16256 1200 1200 1200 1200 79 46 0 79 52 0 79 42 0 79 44 0 5734 950000 4750 715140 1022500 730730
 3680.329925 16257 1200 1200 1200 1200 79 46 0 79 52 0 79 42 0 79 44 0 5734 950000 4750 714866 1022500 729708
 3680.529925 16258 1200 1200 1200 1200 79 46 0 79 52 0 79 42 0 79 44 0 5734 950000 4750 714866 1022500 729708
 3680.729926 16259 1200 1200 1200 1200 79 46 0 79 52 0 79 42 0 79 44 0 5734 950000 4750 717058 1022500 732774
 3680.929926 16260 1200 1200 1200 1200 79 46 0 79 52 0 79 42 0 79 44 0 5978 950000 4750 716236 1022500 731752
 3681.129928 16261 1200 1200 1200 1200 79 46 0 79 52 0 79 42 0 79 44 0 5734 950000 4750 717058 1022500 732774
 3681.329905 16262 1200 1200 1200 1200 79 46 0 79 52 0 79 42 0 79 44 0 5734 950000 4750 717058 1022500 732774
 3681.529927 16263 1200 1200 1200 1200 79 46 0 79 52 0 79 42 0 79 44 0 5734 950000 4750 717058 1022500 732774
 3681.729925 16264 1200 1200 1200 1200 79 46 0 79 52 0 79 42 0 79 44 0 5734 950000 4750 715140 1022500 730730
 3681.929927 16265 1200 1200 1200 1200 79 46 0 79 52 0 79 42 0 79 44 0 5978 950000 4750 714592 1022500 729708
 3682.129927 16266 1200 1200 1200 1200 79 46 0 79 52 0 79 42 0 79 44 0 5734 950000 4750 713496 1022500 728686
 3682.329945 16267 1200 1200 1200 1200 79 46 0 79 52 0 79 42 0 79 44 0 5734 950000 4750 713496 1022500 728686
 3682.529917 16268 1200 1200 1200 1200 79 46 0 79 52 0 79 42 0 79 44 0 5734 950000 4750 715140 1022500 730730
 3682.729917 16269 1200 1200 1200 1200 79 46 0 79 52 0 79 42 0 79 44 0 5734 950000 4750 507448 1021250 517647
 3682.929917 16270 1200 1200 1200 1200 79 46 0 79 52 0 79 42 0 79 44 0 5734 950000 4750 58088 1020000 59160
 3683.129916 16271 1200 1200 1200 1200 73 46 0 73 52 0 73 42 0 73 44 0 5734 950000 4750 58088 1020000 59160
 3683.329916 16272 1200 1200 1200 1200 73 46 0 73 52 0 73 42 0 73 44 0 5734 950000 4750 55348 1020000 56100
 3683.529915 16273 1200 1200 1200 1200 73 46 0 73 52 0 73 42 0 73 44 0 5734 950000 4750 53704 1020000 54060
 3683.729915 16274 1200 1200 1200 1200 73 46 0 73 52 0 73 42 0 73 44 0 5734 950000 4750 52060 1020000 53040
 3683.929915 16275 1200 1200 1200 1200 73 46 0 73 52 0 73 42 0 73 44 0 5734 950000 4750 52060 1020000 53040
