 6538.408822 32171 1000 1000 1000 1000 74 46 0 74 52 0 74 42 0 74 44 0 14762 1210000 16940 548822 958750 524984
 6538.608817 32172 1000 1000 1000 1000 74 46 0 74 52 0 74 42 0 74 44 0 14762 1210000 16940 145494 957500 138765
 6538.808821 32173 1000 1000 1000 1000 74 46 0 74 52 0 74 42 0 74 44 0 14762 1210000 16940 145494 957500 138765
 6539.008835 32174 1000 1000 1000 1000 73 46 0 73 52 0 73 42 0 73 44 0 14762 1210000 16940 48224 957500 45936
 6539.208821 32175 1000 1000 1000 1000 73 46 0 73 52 0 73 42 0 73 44 0 14518 1210000 16940 49868 957500 46893
 6539.408821 32176 1000 1000 1000 1000 73 46 0 73 52 0 73 42 0 73 44 0 14762 1210000 16940 46032 957500 44022
 6539.608838 32177 1000 1000 1000 1000 73 46 0 73 52 0 73 42 0 73 44 0 14762 1210000 16940 46032 957500 44022
 6539.808821 32178 1000 1000 1000 1000 73 46 0 73 52 0 73 42 0 73 44 0 14762 1210000 16940 46854 957500 44022
 6540.008834 32179 1000 1000 1000 1000 73 46 0 73 52 0 73 42 0 73 44 0 14518 1210000 16940 42470 957500 40194
 6540.208821 32180 1000 1000 1000 1000 73 46 0 73 52 0 73 42 0 73 44 0 14518 1210000 16940 41374 957500 39237
 6540.408821 32181 1000 1000 1000 1000 73 46 0 73 52 0 73 42 0 73 44 0 14518 1210000 16940 41374 957500 39237
 6540.608822 32182 1000 1000 1000 1000 73 46 0 73 52 0 73 42 0 73 44 0 15006 1210000 18150 43840 957500 41151
 6540.808821 32183 1000 1000 1000 1000 73 46 0 73 52 0 73 42 0 73 44 0 14518 1210000 16940 43840 957500 41151
 6541.008828 32184 1000 1000 1000 1000 72 46 0 72 52 0 72 42 0 72 44 0 14762 1210000 16940 43840 957500 41151
 6541.208804 32185 1000 1000 1000 1000 72 46 0 72 52 0 72 42 0 72 44 0 14762 1210000 16940 43840 957500 41151
 6541.408822 32186 1000 1000 1000 1000 72 46 0 72 52 0 72 42 0 72 44 0 14762 1210000 16940 47128 957500 44979
 6541.608821 32187 1000 1000 1000 1000 72 46 0 72 52 0 72 42 0 72 44 0 14518 1210000 16940 209610 958750 200222
 6541.808821 32188 1000 1000 1000 1000 72 46 0 72 52 0 72 42 0 72 44 0 14518 1210000 16940 42744 957500 40194
 6542.008917 32189 1000 1000 1000 1000 72 46 0 72 52 0 72 42 0 72 44 0 14762 1210000 16940 43292 957500 41151
 6542.208813 32190 1000 1000 1000 1000 72 46 0 72 52 0 72 42 0 72 44 0 14762 1210000 16940 43292 957500 41151
 6542.408856 32191 1000 1000 1000 1000 72 46 0 72 52 0 72 42 0 72 44 0 14762 1210000 16940 171524 958750 163818
 6542.608850 32192 1000 1000 1000 1000 72 46 0 72 52 0 72 42 0 72 44 0 14518 1208750 16912 673766 960000 646080
 6542.808914 32193 1000 1000 1000 1000 72 46 0 72 52 0 72 42 0 72 44 0 14762 1210000 16940 658148 958750 630364
 6543.008911 32194 1000 1000 1000 1000 74 46 0 74 52 0 74 42 0 74 44 0 14762 1210000 16940 658148 958750 630364
 6543.208829 32195 1000 1000 1000 1000 74 46 0 74 52 0 74 42 0 74 44 0 14762 1210000 16940 622802 958750 595876
 6543.408824 32196 1000 1000 1000 1000 74 46 0 74 52 0 74 42 0 74 44 0 14762 1210000 16940 584442 958750 559472
 6543.608828 32197 1000 1000 1000 1000 74 46 0 74 52 0 74 42 0 74 44 0 14518 1210000 16940 584168 958750 559472
 6543.808828 32198 1000 1000 1000 1000 74 46 0 74 52 0 74 42 0 74 44 0 14518 1210000 16940 584168 958750 559472
 6544.008851 32199 1000 1000 1000 1000 74 46 0 74 52 0 74 42 0 74 44 0 14518 1210000 16940 574030 958750 549892
 6544.208829 32200 1000 1000 1000 1000 74 46 0 74 52 0 74 42 0 74 44 0 14518 1210000 16940 574030 958750 549892
 6544.408829 32201 1000 1000 1000 1000 74 46 0 74 52 0 74 42 0 74 44 0 14762 1210000 16940 574852 958750 549892
 6544.608828 32202 1000 1000 1000 1000 74 46 0 74 52 0 74 42 0 74 44 0 14762 1210000 16940 574852 958750 549892
 6544.808829 32203 1000 1000 1000 1000 74 46 0 74 52 0 74 42 0 74 44 0 14518 1210000 16940 574852 958750 549892
 6545.008843 32204 1000 1000 1000 1000 74 46 0 74 52 0 74 42 0 74 44 0 14762 1210000 16940 574852 958750 549892
 6545.208827 32205 1000 1000 1000 1000 74 46 0 74 52 0 74 42 0 74 44 0 14518 1208750 16912 587456 958750 562346
 6545.408828 32206 1000 1000 1000 1000 74 46 0 74 52 0 74 42 0 74 44 0 14518 1208750 16912 587456 958750 562346
 6545.608828 32207 1000 1000 1000 1000 74 46 0 74 52 0 74 42 0 74 44 0 14762 1210000 16940 574030 958750 549892
 6545.808823 32208 1000 1000 1000 1000 74 46 0 74 52 0 74 42 0 74 44 0 14518 1210000 16940 572934 958750 547976
 6546.008845 32209 1000 1000 1000 1000 74 46 0 74 52 0 74 42 0 74 44 0 14762 1210000 16940 573756 958750 548934
 6546.208828 32210 1000 1000 1000 1000 74 46 0 74 52 0 74 42 0 74 44 0 14762 1210000 16940 573756 958750 548934
 6546.408829 32211 1000 1000 1000 1000 74 46 0 74 52 0 74 42 0 74 44 0 14762 1210000 16940 573482 958750 548934
 6546.608831 32212 1000 1000 1000 1000 74 46 0 74 52 0 74 42 0 74 44 0 14762 1210000 16940 574030 958750 549892
 6546.808829 32213 1000 1000 1000 1000 74 46 0 74 52 0 74 42 0 74 44 0 15006 1210000 18150 574852 958750 549892
 6547.008842 32214 1000 1000 1000 1000 74 46 0 74 52 0 74 42 0 74 44 0 15006 1210000 18150 574852 958750 549892
 6547.208829 32215 1000 1000 1000 1000 74 46 0 74 52 0 74 42 0 74 44 0 14762 1210000 16940 575400 958750 550850
 6547.408829 32216 1000 1000 1000 1000 74 46 0 74 52 0 74 42 0 74 44 0 14762 1210000 16940 575948 958750 550850
 6547.608828 32217 1000 1000 1000 1000 74 46 0 74 52 0 74 42 0 74 44 0 14762 1210000 16940 574852 958750 549892
 6547.808811 32218 1000 1000 1000 1000 74 46 0 74 52 0 74 42 0 74 44 0 14762 1210000 16940 574852 958750 549892
 6548.008841 32219 1000 1000 1000 1000 74 46 0 74 52 0 74 42 0 74 44 0 15006 1208750 18120 575126 958750 550850
 6548.208825 32220 1000 1000 1000 1000 74 46 0 74 52 0 74 42 0 74 44 0 14762 1210000 16940 574852 958750 549892
 6548.408807 32221 1000 1000 1000 1000 74 46 0 74 52 0 74 42 0 74 44 0 14762 1210000 16940 576770 958750 551808
 6548.608807 32222 1000 1000 1000 1000 74 46 0 74 52 0 74 42 0 74 44 0 14762 1210000 16940 577044 958750 552766
 6548.808807 32223 1000 1000 1000 1000 74 46 0 74 52 0 74 42 0 74 44 0 14762 1210000 16940 577044 958750 552766
 6549.008870 32224 1000 1000 1000 1000 74 46 0 74 52 0 74 42 0 74 44 0 14762 1210000 16940 576222 958750 551808
 6549.208805 32225 1000 1000 1000 1000 74 46 0 74 52 0 74 42 0 74 44 0 14762 1210000 16940 579784 958750 554682
 6549.408805 32226 1000 1000 1000 1000 74 46 0 74 52 0 74 42 0 74 44 0 15006 1210000 18150 575400 958750 550850
 6549.608854 32227 1000 1000 1000 1000 74 46 0 74 52 0 74 42 0 74 44 0 15006 1210000 18150 575400 958750 550850
 6549.808806 32228 1000 1000 1000 1000 74 46 0 74 52 0 74 42 0 74 44 0 14762 1208750 16912 574578 958750 549892
 6550.008818 32229 1000 1000 1000 1000 74 46 0 74 52 0 74 42 0 74 44 0 14762 1210000 16940 574852 958750 549892
 6550.208806 32230 1000 1000 1000 1000 74 46 0 74 52 0 74 42 0 74 44 0 14762 1210000 16940 575674 958750 550850
 6550.408806 32231 1000 1000 1000 1000 74 46 0 74 52 0 74 42 0 74 44 0 14762 1210000 16940 575674 958750 550850
 6550.608806 32232 1000 1000 1000 1000 74 46 0 74 52 0 74 42 0 74 44 0 14762 1210000 16940 575674 958750 550850
 6550.808754 32233 1000 1000 1000 1000 74 46 0 74 52 0 74 42 0 74 44 0 14762 1210000 16940 576496 958750 551808
 6551.008768 32234 1000 1000 1000 1000 74 46 0 74 52 0 74 42 0 74 44 0 14518 1210000 16940 575948 958750 550850
 6551.208755 32235 1000 1000 1000 1000 74 46 0 74 52 0 74 42 0 74 44 0 14518 1210000 16940 575948 958750 550850
 6551.408755 32236 1000 1000 1000 1000 74 46 0 74 52 0 74 42 0 74 44 0 14762 1210000 16940 575674 958750 550850
 6551.608806 32237 1000 1000 1000 1000 74 46 0 74 52 0 74 42 0 74 44 0 14518 1210000 16940 575126 958750 550850
 6551.808809 32238 1000 1000 1000 1000 74 46 0 74 52 0 74 42 0 74 44 0 15006 1210000 18150 574578 958750 549892
 6552.008887 32239 1000 1000 1000 1000 74 46 0 74 52 0 74 42 0 74 44 0 15006 1210000 18150 574578 958750 549892
 6552.208810 32240 1000 1000 1000 1000 74 46 0 74 52 0 74 42 0 74 44 0 14762 1210000 16940 575126 958750 550850
 6552.408810 32241 1000 1000 1000 1000 74 46 0 74 52 0 74 42 0 74 44 0 14762 1210000 16940 578140 958750 553724
 6552.608811 32242 1000 1000 1000 1000 74 46 0 74 52 0 74 42 0 74 44 0 14762 1210000 16940 575948 958750 550850
 6552.808811 32243 1000 1000 1000 1000 74 46 0 74 52 0 74 42 0 74 44 0 14762 1210000 16940 575948 958750 550850
 6553.008823 32244 1000 1000 1000 1000 75 46 0 75 52 0 75 42 0 75 44 0 14762 1210000 16940 576496 958750 551808
 6553.208811 32245 1000 1000 1000 1000 75 46 0 75 52 0 75 42 0 75 44 0 14762 1210000 16940 575674 958750 550850
 6553.408810 32246 1000 1000 1000 1000 75 46 0 75 52 0 75 42 0 75 44 0 14518 1208750 16912 574852 958750 549892
 6553.608811 32247 1000 1000 1000 1000 75 46 0 75 52 0 75 42 0 75 44 0 14518 1208750 16912 574852 958750 549892
 6553.808811 32248 1000 1000 1000 1000 75 46 0 75 52 0 75 42 0 75 44 0 14762 1210000 16940 575400 958750 550850
 6554.008819 32249 1000 1000 1000 1000 75 46 0 75 52 0 75 42 0 75 44 0 15006 1210000 18150 575948 958750 550850
 6554.208811 32250 1000 1000 1000 1000 75 46 0 75 52 0 75 42 0 75 44 0 14762 1210000 16940 575948 958750 550850
 6554.408805 32251 1000 1000 1000 1000 75 46 0 75 52 0 75 42 0 75 44 0 14518 1210000 16940 575400 958750 550850
 6554.608811 32252 1000 1000 1000 1000 75 46 0 75 52 0 75 42 0 75 44 0 14518 1210000 16940 575400 958750 550850
 6554.808829 32253 1000 1000 1000 1000 75 46 0 75 52 0 75 42 0 75 44 0 14762 1210000 16940 575400 958750 550850
 6555.008902 32254 1000 1000 1000 1000 75 46 0 75 52 0 75 42 0 75 44 0 14762 1208750 16912 575126 958750 550850
 6555.208828 32255 1000 1000 1000 1000 75 46 0 75 52 0 75 42 0 75 44 0 14518 1210000 16940 575948 958750 550850
 6555.408829 32256 1000 1000 1000 1000 75 46 0 75 52 0 75 42 0 75 44 0 14518 1210000 16940 575948 958750 550850
 6555.608827 32257 1000 1000 1000 1000 75 46 0 75 52 0 75 42 0 75 44 0 14762 1210000 16940 574852 958750 549892
 6555.808828 32258 1000 1000 1000 1000 75 46 0 75 52 0 75 42 0 75 44 0 15006 1210000 18150 574578 958750 549892
 6556.008841 32259 1000 1000 1000 1000 75 46 0 75 52 0 75 42 0 75 44 0 14762 1210000 16940 576222 958750 551808
 6556.208829 32260 1000 1000 1000 1000 75 46 0 75 52 0 75 42 0 75 44 0 14762 1210000 16940 576222 958750 551808
 6556.408824 32261 1000 1000 1000 1000 75 46 0 75 52 0 75 42 0 75 44 0 14762 1210000 16940 576770 958750 551808
 6556.608829 32262 1000 1000 1000 1000 75 46 0 75 52 0 75 42 0 75 44 0 15006 1210000 18150 575948 958750 550850
 6556.808828 32263 1000 1000 1000 1000 75 46 0 75 52 0 75 42 0 75 44 0 14762 1210000 16940 576496 958750 551808
 6557.008841 32264 1000 1000 1000 1000 75 46 0 75 52 0 75 42 0 75 44 0 14762 1210000 16940 576496 958750 551808
 6557.208829 32265 1000 1000 1000 1000 75 46 0 75 52 0 75 42 0 75 44 0 14762 1210000 16940 575674 958750 550850
 6557.408830 32266 1000 1000 1000 1000 75 46 0 75 52 0 75 42 0 75 44 0 14762 1210000 16940 575948 958750 550850
 6557.608829 32267 1000 1000 1000 1000 75 46 0 75 52 0 75 42 0 75 44 0 14762 1210000 16940 575948 958750 550850
 6557.808829 32268 1000 1000 1000 1000 75 46 0 75 52 0 75 42 0 75 44 0 14762 1210000 16940 575948 958750 550850
 6558.008900 32269 1000 1000 1000 1000 75 46 0 75 52 0 75 42 0 75 44 0 14762 1210000 16940 576770 958750 551808
 6558.208829 32270 1000 1000 1000 1000 75 46 0 75 52 0 75 42 0 75 44 0 14762 1210000 16940 578962 958750 553724
 6558.408829 32271 1000 1000 1000 1000 75 46 0 75 52 0 75 42 0 75 44 0 14762 1210000 16940 576770 958750 551808
 6558.608829 32272 1000 1000 1000 1000 75 46 0 75 52 0 75 42 0 75 44 0 14762 1210000 16940 576770 958750 551808
 6558.808823 32273 1000 1000 1000 1000 75 46 0 75 52 0 75 42 0 75 44 0 14518 1210000 16940 576496 958750 551808
 6559.008842 32274 1000 1000 1000 1000 75 46 0 75 52 0 75 42 0 75 44 0 14762 1210000 16940 575674 958750 550850
 6559.208830 32275 1000 1000 1000 1000 75 46 0 75 52 0 75 42 0 75 44 0 15006 1210000 18150 576222 958750 551808
 6559.408828 32276 1000 1000 1000 1000 75 46 0 75 52 0 75 42 0 75 44 0 15006 1210000 18150 576222 958750 551808
 6559.608829 32277 1000 1000 1000 1000 75 46 0 75 52 0 75 42 0 75 44 0 14762 1210000 16940 574578 958750 549892
 6559.808829 32278 1000 1000 1000 1000 75 46 0 75 52 0 75 42 0 75 44 0 14762 1210000 16940 575400 958750 550850
 6560.008841 32279 1000 1000 1000 1000 75 46 0 75 52 0 75 42 0 75 44 0 14762 1210000 16940 575948 958750 550850
 6560.208811 32280 1000 1000 1000 1000 75 46 0 75 52 0 75 42 0 75 44 0 14762 1210000 16940 575948 958750 550850
 6560.408830 32281 1000 1000 1000 1000 75 46 0 75 52 0 75 42 0 75 44 0 14762 1210000 16940 576770 958750 551808
 6560.608828 32282 1000 1000 1000 1000 75 46 0 75 52 0 75 42 0 75 44 0 14518 1210000 16940 576770 958750 551808
 6560.808829 32283 1000 1000 1000 1000 75 46 0 75 52 0 75 42 0 75 44 0 14762 1210000 16940 575674 958750 550850
 6561.008849 32284 1000 1000 1000 1000 75 46 0 75 52 0 75 42 0 75 44 0 14762 1210000 16940 574578 958750 549892
 6561.208823 32285 1000 1000 1000 1000 75 46 0 75 52 0 75 42 0 75 44 0 14762 1210000 16940 574578 958750 549892
 6561.408828 32286 1000 1000 1000 1000 75 46 0 75 52 0 75 42 0 75 44 0 15006 1210000 18150 575948 958750 550850
 6561.608829 32287 1000 1000 1000 1000 75 46 0 75 52 0 75 42 0 75 44 0 14762 1210000 16940 575126 958750 550850
 6561.808828 32288 1000 1000 1000 1000 75 46 0 75 52 0 75 42 0 75 44 0 14762 1210000 16940 576222 958750 551808
 6562.008842 32289 1000 1000 1000 1000 75 46 0 75 52 0 75 42 0 75 44 0 14762 1210000 16940 576222 958750 551808
 6562.208828 32290 1000 1000 1000 1000 75 46 0 75 52 0 75 42 0 75 44 0 14762 1210000 16940 576496 958750 551808
 6562.408829 32291 1000 1000 1000 1000 75 46 0 75 52 0 75 42 0 75 44 0 15006 1210000 18150 577592 958750 552766
 6562.608828 32292 1000 1000 1000 1000 75 46 0 75 52 0 75 42 0 75 44 0 14762 1210000 16940 575400 958750 550850
 6562.808829 32293 1000 1000 1000 1000 75 46 0 75 52 0 75 42 0 75 44 0 14762 1210000 16940 575400 958750 550850
 6563.008842 32294 1000 1000 1000 1000 75 46 0 75 52 0 75 42 0 75 44 0 15006 1210000 18150 575126 958750 550850
 6563.208830 32295 1000 1000 1000 1000 75 46 0 75 52 0 75 42 0 75 44 0 14762 1210000 16940 576222 958750 551808
 6563.408825 32296 1000 1000 1000 1000 75 46 0 75 52 0 75 42 0 75 44 0 14518 1210000 16940 576222 958750 551808
 6563.608830 32297 1000 1000 1000 1000 75 46 0 75 52 0 75 42 0 75 44 0 14518 1210000 16940 576222 958750 551808
 6563.808828 32298 1000 1000 1000 1000 75 46 0 75 52 0 75 42 0 75 44 0 14762 1210000 16940 577044 958750 552766
 6564.008903 32299 1000 1000 1000 1000 75 46 0 75 52 0 75 42 0 75 44 0 15006 1210000 18150 577318 958750 552766
 6564.208829 32300 1000 1000 1000 1000 75 46 0 75 52 0 75 42 0 75 44 0 14762 1210000 16940 577592 958750 552766
 6564.408828 32301 1000 1000 1000 1000 75 46 0 75 52 0 75 42 0 75 44 0 14762 1210000 16940 577592 958750 552766
 6564.608828 32302 1000 1000 1000 1000 75 46 0 75 52 0 75 42 0 75 44 0 14762 1210000 16940 577866 958750 552766
 6564.808828 32303 1000 1000 1000 1000 75 46 0 75 52 0 75 42 0 75 44 0 14762 1210000 16940 574852 958750 549892
 6565.008842 32304 1000 1000 1000 1000 75 46 0 75 52 0 75 42 0 75 44 0 14762 1210000 16940 574578 958750 549892
 6565.208829 32305 1000 1000 1000 1000 75 46 0 75 52 0 75 42 0 75 44 0 14762 1210000 16940 574578 958750 549892
 6565.408829 32306 1000 1000 1000 1000 75 46 0 75 52 0 75 42 0 75 44 0 14762 1210000 16940 575126 958750 550850
 6565.608829 32307 1000 1000 1000 1000 75 46 0 75 52 0 75 42 0 75 44 0 14518 1210000 16940 575948 958750 550850
 6565.808823 32308 1000 1000 1000 1000 75 46 0 75 52 0 75 42 0 75 44 0 15006 1210000 18150 575948 958750 550850
 6566.008842 32309 1000 1000 1000 1000 75 46 0 75 52 0 75 42 0 75 44 0 15006 1210000 18150 575948 958750 550850
 6566.208829 32310 1000 1000 1000 1000 75 46 0 75 52 0 75 42 0 75 44 0 15006 1210000 18150 575400 958750 550850
 6566.408829 32311 1000 1000 1000 1000 75 46 0 75 52 0 75 42 0 75 44 0 14518 1210000 16940 575674 958750 550850
 6566.608828 32312 1000 1000 1000 1000 75 46 0 75 52 0 75 42 0 75 44 0 14762 1210000 16940 574852 958750 549892
 6566.809418 32313 1000 1000 1000 1000 75 46 0 75 52 0 75 42 0 75 44 0 14762 1210000 16940 575400 958750 550850
 6567.008901 32314 1000 1000 1000 1000 75 46 0 75 52 0 75 42 0 75 44 0 14762 1210000 16940 575400 958750 550850
 6567.208828 32315 1000 1000 1000 1000 75 46 0 75 52 0 75 42 0 75 44 0 14762 1210000 16940 574852 958750 549892
 6567.408829 32316 1000 1000 1000 1000 75 46 0 75 52 0 75 42 0 75 44 0 14762 1210000 16940 578414 958750 553724
 6567.608830 32317 1000 1000 1000 1000 75 46 0 75 52 0 75 42 0 75 44 0 14762 1210000 16940 576770 958750 551808
 6567.808828 32318 1000 1000 1000 1000 75 46 0 75 52 0 75 42 0 75 44 0 14762 1210000 16940 576770 958750 551808
 6568.008841 32319 1000 1000 1000 1000 75 46 0 75 52 0 75 42 0 75 44 0 14518 1210000 16940 577318 958750 552766
 6568.208824 32320 1000 1000 1000 1000 75 46 0 75 52 0 75 42 0 75 44 0 14762 1210000 16940 576770 958750 551808
 6568.408858 32321 1000 1000 1000 1000 75 46 0 75 52 0 75 42 0 75 44 0 15006 1210000 18150 576496 958750 551808
 6568.608828 32322 1000 1000 1000 1000 75 46 0 75 52 0 75 42 0 75 44 0 15006 1210000 18150 576496 958750 551808
 6568.808829 32323 1000 1000 1000 1000 75 46 0 75 52 0 75 42 0 75 44 0 14762 1210000 16940 575674 958750 550850
 6569.008842 32324 1000 1000 1000 1000 75 46 0 75 52 0 75 42 0 75 44 0 14762 1210000 16940 576496 958750 551808
 6569.208823 32325 1000 1000 1000 1000 75 46 0 75 52 0 75 42 0 75 44 0 14762 1210000 16940 577044 958750 552766
 6569.408829 32326 1000 1000 1000 1000 75 46 0 75 52 0 75 42 0 75 44 0 14762 1210000 16940 577044 958750 552766
 6569.608829 32327 1000 1000 1000 1000 75 46 0 75 52 0 75 42 0 75 44 0 14762 1210000 16940 576770 958750 551808
 6569.808828 32328 1000 1000 1000 1000 75 46 0 75 52 0 75 42 0 75 44 0 15006 1210000 18150 577044 958750 552766
 6570.008902 32329 1000 1000 1000 1000 75 46 0 75 52 0 75 42 0 75 44 0 14762 1210000 16940 577044 958750 552766
 6570.208830 32330 1000 1000 1000 1000 75 46 0 75 52 0 75 42 0 75 44 0 14762 1210000 16940 577044 958750 552766
 6570.408828 32331 1000 1000 1000 1000 75 46 0 75 52 0 75 42 0 75 44 0 14762 1210000 16940 575948 958750 550850
 6570.608824 32332 1000 1000 1000 1000 75 46 0 75 52 0 75 42 0 75 44 0 14762 1210000 16940 575400 958750 550850
 6570.808828 32333 1000 1000 1000 1000 75 46 0 75 52 0 75 42 0 75 44 0 14762 1210000 16940 575674 958750 550850
 6571.008842 32334 1000 1000 1000 1000 75 46 0 75 52 0 75 42 0 75 44 0 14762 1210000 16940 575674 958750 550850
 6571.208828 32335 1000 1000 1000 1000 75 46 0 75 52 0 75 42 0 75 44 0 15006 1210000 18150 575948 958750 550850
 6571.408830 32336 1000 1000 1000 1000 75 46 0 75 52 0 75 42 0 75 44 0 14762 1210000 16940 577318 958750 552766
 6571.608829 32337 1000 1000 1000 1000 75 46 0 75 52 0 75 42 0 75 44 0 14762 1210000 16940 576222 958750 551808
 6571.808828 32338 1000 1000 1000 1000 75 46 0 75 52 0 75 42 0 75 44 0 14762 1210000 16940 576222 958750 551808
 6572.008841 32339 1000 1000 1000 1000 75 46 0 75 52 0 75 42 0 75 44 0 14762 1210000 16940 576770 958750 551808
 6572.208828 32340 1000 1000 1000 1000 75 46 0 75 52 0 75 42 0 75 44 0 14762 1210000 16940 575948 958750 550850
 6572.408828 32341 1000 1000 1000 1000 75 46 0 75 52 0 75 42 0 75 44 0 14762 1210000 16940 575948 958750 550850
 6572.608829 32342 1000 1000 1000 1000 75 46 0 75 52 0 75 42 0 75 44 0 14762 1210000 16940 575948 958750 550850
 6572.808828 32343 1000 1000 1000 1000 75 46 0 75 52 0 75 42 0 75 44 0 14762 1210000 16940 575400 958750 550850
 6573.008898 32344 1000 1000 1000 1000 75 46 0 75 52 0 75 42 0 75 44 0 14762 1210000 16940 575400 958750 550850
 6573.208829 32345 1000 1000 1000 1000 75 46 0 75 52 0 75 42 0 75 44 0 14762 1210000 16940 576770 958750 551808
 6573.408807 32346 1000 1000 1000 1000 75 46 0 75 52 0 75 42 0 75 44 0 14762 1210000 16940 578140 958750 553724
 6573.608829 32347 1000 1000 1000 1000 75 46 0 75 52 0 75 42 0 75 44 0 14762 1210000 16940 578140 958750 553724
 6573.808828 32348 1000 1000 1000 1000 75 46 0 75 52 0 75 42 0 75 44 0 14762 1210000 16940 576496 958750 551808
 6574.008843 32349 1000 1000 1000 1000 75 46 0 75 52 0 75 42 0 75 44 0 14762 1210000 16940 575948 958750 550850
 6574.208829 32350 1000 1000 1000 1000 75 46 0 75 52 0 75 42 0 75 44 0 14518 1210000 16940 575948 958750 550850
 6574.408829 32351 1000 1000 1000 1000 75 46 0 75 52 0 75 42 0 75 44 0 14518 1210000 16940 575948 958750 550850
 6574.608830 32352 1000 1000 1000 1000 75 46 0 75 52 0 75 42 0 75 44 0 15006 1210000 18150 575400 958750 550850
 6574.808828 32353 1000 1000 1000 1000 75 46 0 75 52 0 75 42 0 75 44 0 14762 1210000 16940 574852 958750 549892
 6575.008842 32354 1000 1000 1000 1000 75 46 0 75 52 0 75 42 0 75 44 0 15006 1210000 18150 583894 958750 558514
 6575.208827 32355 1000 1000 1000 1000 75 46 0 75 52 0 75 42 0 75 44 0 15006 1210000 18150 583894 958750 558514
 6575.408824 32356 1000 1000 1000 1000 75 46 0 75 52 0 75 42 0 75 44 0 14762 1210000 16940 578962 958750 553724
 6575.608829 32357 1000 1000 1000 1000 75 46 0 75 52 0 75 42 0 75 44 0 14762 1210000 16940 575948 958750 550850
 6575.808829 32358 1000 1000 1000 1000 75 46 0 75 52 0 75 42 0 75 44 0 14518 1210000 16940 576770 958750 551808
 6576.008902 32359 1000 1000 1000 1000 75 46 0 75 52 0 75 42 0 75 44 0 14518 1210000 16940 576770 958750 551808
 6576.208828 32360 1000 1000 1000 1000 75 46 0 75 52 0 75 42 0 75 44 0 14762 1210000 16940 575400 958750 550850
 6576.408824 32361 1000 1000 1000 1000 75 46 0 75 52 0 75 42 0 75 44 0 14762 1210000 16940 576222 958750 551808
 6576.608828 32362 1000 1000 1000 1000 75 46 0 75 52 0 75 42 0 75 44 0 14762 1210000 16940 575400 958750 550850
 6576.808828 32363 1000 1000 1000 1000 75 46 0 75 52 0 75 42 0 75 44 0 14762 1210000 16940 575400 958750 550850
 6577.008841 32364 1000 1000 1000 1000 75 46 0 75 52 0 75 42 0 75 44 0 14762 1210000 16940 577318 958750 552766
 6577.208828 32365 1000 1000 1000 1000 75 46 0 75 52 0 75 42 0 75 44 0 14762 1210000 16940 577592 958750 552766
 6577.408828 32366 1000 1000 1000 1000 75 46 0 75 52 0 75 42 0 75 44 0 15006 1210000 18150 578414 958750 553724
 6577.608828 32367 1000 1000 1000 1000 75 46 0 75 52 0 75 42 0 75 44 0 15006 1210000 18150 578414 958750 553724
 6577.808822 32368 1000 1000 1000 1000 75 46 0 75 52 0 75 42 0 75 44 0 14762 1210000 16940 578140 958750 553724
 6578.008841 32369 1000 1000 1000 1000 75 46 0 75 52 0 75 42 0 75 44 0 15006 1210000 18150 576222 958750 551808
 6578.208829 32370 1000 1000 1000 1000 75 46 0 75 52 0 75 42 0 75 44 0 14518 1210000 16940 576222 958750 551808
 6578.408829 32371 1000 1000 1000 1000 75 46 0 75 52 0 75 42 0 75 44 0 14518 1210000 16940 576222 958750 551808
 6578.608828 32372 1000 1000 1000 1000 75 46 0 75 52 0 75 42 0 75 44 0 14762 1210000 16940 576222 958750 551808
 6578.808824 32373 1000 1000 1000 1000 75 46 0 75 52 0 75 42 0 75 44 0 15006 1210000 18150 577318 958750 552766
 6579.008904 32374 1000 1000 1000 1000 75 46 0 75 52 0 75 42 0 75 44 0 15006 1210000 18150 577318 958750 552766
 6579.208809 32375 1000 1000 1000 1000 75 46 0 75 52 0 75 42 0 75 44 0 15006 1210000 18150 577318 958750 552766
 6579.408828 32376 1000 1000 1000 1000 75 46 0 75 52 0 75 42 0 75 44 0 14762 1210000 16940 578140 958750 553724
 6579.608827 32377 1000 1000 1000 1000 75 46 0 75 52 0 75 42 0 75 44 0 15006 1210000 18150 576496 958750 551808
 6579.808828 32378 1000 1000 1000 1000 75 46 0 75 52 0 75 42 0 75 44 0 14762 1210000 16940 574852 958750 549892
 6580.008806 32379 1000 1000 1000 1000 75 46 0 75 52 0 75 42 0 75 44 0 14762 1210000 16940 581428 958750 556598
 6580.208828 32380 1000 1000 1000 1000 75 46 0 75 52 0 75 42 0 75 44 0 14762 1210000 16940 581428 958750 556598
 6580.408828 32381 1000 1000 1000 1000 75 46 0 75 52 0 75 42 0 75 44 0 14762 1210000 16940 575400 958750 550850
 6580.608828 32382 1000 1000 1000 1000 75 46 0 75 52 0 75 42 0 75 44 0 14762 1210000 16940 575126 958750 550850
 6580.808828 32383 1000 1000 1000 1000 75 46 0 75 52 0 75 42 0 75 44 0 15006 1210000 18150 575948 958750 550850
 6581.008842 32384 1000 1000 1000 1000 75 46 0 75 52 0 75 42 0 75 44 0 15006 1210000 18150 575948 958750 550850
 6581.208823 32385 1000 1000 1000 1000 75 46 0 75 52 0 75 42 0 75 44 0 14762 1210000 16940 575948 958750 550850
 6581.408828 32386 1000 1000 1000 1000 75 46 0 75 52 0 75 42 0 75 44 0 14762 1210000 16940 577318 958750 552766
 6581.608829 32387 1000 1000 1000 1000 75 46 0 75 52 0 75 42 0 75 44 0 14762 1210000 16940 575674 958750 550850
 6581.808829 32388 1000 1000 1000 1000 75 46 0 75 52 0 75 42 0 75 44 0 14762 1210000 16940 575674 958750 550850
 6582.008904 32389 1000 1000 1000 1000 75 46 0 75 52 0 75 42 0 75 44 0 15006 1210000 18150 575674 958750 550850
 6582.208828 32390 1000 1000 1000 1000 75 46 0 75 52 0 75 42 0 75 44 0 14762 1210000 16940 576222 958750 551808
 6582.408828 32391 1000 1000 1000 1000 75 46 0 75 52 0 75 42 0 75 44 0 14762 1210000 16940 575400 958750 550850
 6582.608828 32392 1000 1000 1000 1000 75 46 0 75 52 0 75 42 0 75 44 0 14762 1210000 16940 575400 958750 550850
 6582.808828 32393 1000 1000 1000 1000 75 46 0 75 52 0 75 42 0 75 44 0 14762 1210000 16940 577044 958750 552766
 6583.008841 32394 1000 1000 1000 1000 75 46 0 75 52 0 75 42 0 75 44 0 14762 1210000 16940 577044 958750 552766
 6583.208828 32395 1000 1000 1000 1000 75 46 0 75 52 0 75 42 0 75 44 0 14762 1210000 16940 577592 958750 552766
 6583.408827 32396 1000 1000 1000 1000 75 46 0 75 52 0 75 42 0 75 44 0 14762 1210000 16940 577592 958750 552766
 6583.608823 32397 1000 1000 1000 1000 75 46 0 75 52 0 75 42 0 75 44 0 14762 1210000 16940 575674 958750 550850
 6583.808828 32398 1000 1000 1000 1000 75 46 0 75 52 0 75 42 0 75 44 0 14762 1210000 16940 576496 958750 551808
 6584.008841 32399 1000 1000 1000 1000 75 46 0 75 52 0 75 42 0 75 44 0 14762 1210000 16940 575948 958750 550850
 6584.208828 32400 1000 1000 1000 1000 75 46 0 75 52 0 75 42 0 75 44 0 14762 1210000 16940 575948 958750 550850
 6584.408829 32401 1000 1000 1000 1000 75 46 0 75 52 0 75 42 0 75 44 0 15006 1210000 18150 575948 958750 550850
 6584.608828 32402 1000 1000 1000 1000 75 46 0 75 52 0 75 42 0 75 44 0 14762 1210000 16940 577592 958750 552766
 6584.808846 32403 1000 1000 1000 1000 75 46 0 75 52 0 75 42 0 75 44 0 14762 1210000 16940 577044 958750 552766
 6585.008901 32404 1000 1000 1000 1000 75 46 0 75 52 0 75 42 0 75 44 0 14762 1210000 16940 577044 958750 552766
 6585.208829 32405 1000 1000 1000 1000 75 46 0 75 52 0 75 42 0 75 44 0 14762 1210000 16940 575674 958750 550850
 6585.408828 32406 1000 1000 1000 1000 75 46 0 75 52 0 75 42 0 75 44 0 14762 1210000 16940 578688 958750 553724
 6585.608827 32407 1000 1000 1000 1000 75 46 0 75 52 0 75 42 0 75 44 0 14762 1210000 16940 576222 958750 551808
 6585.809168 32408 1000 1000 1000 1000 75 46 0 75 52 0 75 42 0 75 44 0 15006 1210000 18150 575674 958750 550850
 6586.008837 32409 1000 1000 1000 1000 75 46 0 75 52 0 75 42 0 75 44 0 15006 1210000 18150 575674 958750 550850
 6586.208828 32410 1000 1000 1000 1000 75 46 0 75 52 0 75 42 0 75 44 0 15006 1210000 18150 575948 958750 550850
 6586.408828 32411 1000 1000 1000 1000 75 46 0 75 52 0 75 42 0 75 44 0 14762 1210000 16940 576770 958750 551808
 6586.608829 32412 1000 1000 1000 1000 75 46 0 75 52 0 75 42 0 75 44 0 14762 1210000 16940 576496 958750 551808
 6586.808829 32413 1000 1000 1000 1000 75 46 0 75 52 0 75 42 0 75 44 0 14762 1210000 16940 576496 958750 551808
 6587.008843 32414 1000 1000 1000 1000 75 46 0 75 52 0 75 42 0 75 44 0 14762 1210000 16940 577592 958750 552766
 6587.208828 32415 1000 1000 1000 1000 75 46 0 75 52 0 75 42 0 75 44 0 14762 1210000 16940 577592 958750 552766
 6587.408828 32416 1000 1000 1000 1000 75 46 0 75 52 0 75 42 0 75 44 0 14762 1210000 16940 574852 958750 549892
 6587.608828 32417 1000 1000 1000 1000 75 46 0 75 52 0 75 42 0 75 44 0 14762 1210000 16940 574852 958750 549892
 6587.808829 32418 1000 1000 1000 1000 75 46 0 75 52 0 75 42 0 75 44 0 14762 1210000 16940 575674 958750 550850
 6588.008901 32419 1000 1000 1000 1000 75 46 0 75 52 0 75 42 0 75 44 0 14762 1210000 16940 576496 958750 551808
 6588.208822 32420 1000 1000 1000 1000 75 46 0 75 52 0 75 42 0 75 44 0 15006 1210000 18150 577866 958750 552766
 6588.408827 32421 1000 1000 1000 1000 75 46 0 75 52 0 75 42 0 75 44 0 15006 1210000 18150 577866 958750 552766
 6588.608823 32422 1000 1000 1000 1000 75 46 0 75 52 0 75 42 0 75 44 0 14762 1210000 16940 577044 958750 552766
 6588.808828 32423 1000 1000 1000 1000 75 46 0 75 52 0 75 42 0 75 44 0 14762 1210000 16940 577044 958750 552766
 6589.008841 32424 1000 1000 1000 1000 75 46 0 75 52 0 75 42 0 75 44 0 15006 1210000 18150 576770 958750 551808
 6589.208846 32425 1000 1000 1000 1000 75 46 0 75 52 0 75 42 0 75 44 0 15006 1210000 18150 576770 958750 551808
 6589.408829 32426 1000 1000 1000 1000 75 46 0 75 52 0 75 42 0 75 44 0 14762 1210000 16940 575948 958750 550850
 6589.608827 32427 1000 1000 1000 1000 75 46 0 75 52 0 75 42 0 75 44 0 15006 1210000 18150 575674 958750 550850
 6589.808828 32428 1000 1000 1000 1000 75 46 0 75 52 0 75 42 0 75 44 0 14762 1210000 16940 576222 958750 551808
 6590.008842 32429 1000 1000 1000 1000 75 46 0 75 52 0 75 42 0 75 44 0 14762 1210000 16940 576222 958750 551808
 6590.208827 32430 1000 1000 1000 1000 75 46 0 75 52 0 75 42 0 75 44 0 15006 1210000 18150 576496 958750 551808
 6590.408828 32431 1000 1000 1000 1000 75 46 0 75 52 0 75 42 0 75 44 0 14762 1210000 16940 575674 958750 550850
 6590.608822 32432 1000 1000 1000 1000 75 46 0 75 52 0 75 42 0 75 44 0 14762 1210000 16940 576222 958750 551808
 6590.808828 32433 1000 1000 1000 1000 75 46 0 75 52 0 75 42 0 75 44 0 14762 1210000 16940 576222 958750 551808
 6591.008902 32434 1000 1000 1000 1000 75 46 0 75 52 0 75 42 0 75 44 0 14518 1210000 16940 576222 958750 551808
 6591.208827 32435 1000 1000 1000 1000 75 46 0 75 52 0 75 42 0 75 44 0 14762 1210000 16940 576496 958750 551808
 6591.408829 32436 1000 1000 1000 1000 75 46 0 75 52 0 75 42 0 75 44 0 14762 1210000 16940 575674 958750 550850
 6591.608827 32437 1000 1000 1000 1000 75 46 0 75 52 0 75 42 0 75 44 0 14762 1210000 16940 575674 958750 550850
 6591.808820 32438 1000 1000 1000 1000 75 46 0 75 52 0 75 42 0 75 44 0 15006 1210000 18150 575674 958750 550850
 6592.008834 32439 1000 1000 1000 1000 74 46 0 74 52 0 74 42 0 74 44 0 14762 1210000 16940 576770 958750 551808
 6592.208819 32440 1000 1000 1000 1000 74 46 0 74 52 0 74 42 0 74 44 0 15006 1210000 18150 99188 957500 94743
 6592.408796 32441 1000 1000 1000 1000 74 46 0 74 52 0 74 42 0 74 44 0 14762 1210000 16940 48224 957500 45936
 6592.608819 32442 1000 1000 1000 1000 74 46 0 74 52 0 74 42 0 74 44 0 14762 1210000 16940 48224 957500 45936
 6592.808820 32443 1000 1000 1000 1000 74 46 0 74 52 0 74 42 0 74 44 0 14762 1210000 16940 47676 957500 44979
 6593.008827 32444 1000 1000 1000 1000 73 46 0 73 52 0 73 42 0 73 44 0 14762 1210000 16940 45210 957500 43065
 6593.208821 32445 1000 1000 1000 1000 73 46 0 73 52 0 73 42 0 73 44 0 14518 1210000 16940 44388 957500 42108
 6593.408820 32446 1000 1000 1000 1000 73 46 0 73 52 0 73 42 0 73 44 0 14518 1210000 16940 44388 957500 42108
 6593.608819 32447 1000 1000 1000 1000 73 46 0 73 52 0 73 42 0 73 44 0 14762 1210000 16940 46854 957500 44022
 6593.808819 32448 1000 1000 1000 1000 73 46 0 73 52 0 73 42 0 73 44 0 15006 1210000 18150 44936 957500 42108
