 3139.919969 13555 250 250 250 250 71 46 0 71 52 0 71 42 0 71 44 0 53009 948750 50244 10412 1158750 11580
 3140.120071 13556 250 250 250 250 71 46 0 71 52 0 71 42 0 71 44 0 53009 948750 50244 10412 1158750 11580
 3140.319996 13557 1600 1600 1600 1600 71 46 0 71 52 0 71 42 0 71 44 0 53497 948750 50244 10412 1158750 11580
 3140.519921 13558 1600 1600 1600 1600 71 46 0 71 52 0 71 42 0 71 44 0 51484 948750 48348 264958 1160000 306240
 3140.719909 13559 1600 1600 1600 1600 71 46 0 71 52 0 71 42 0 71 44 0 10492 950000 9500 104668 1157500 120328
 3140.919909 13560 1600 1600 1600 1600 71 46 0 71 52 0 71 42 0 71 44 0 10492 950000 9500 104668 1157500 120328
 3141.119889 13561 1600 1600 1600 1600 72 46 0 72 52 0 72 42 0 72 44 0 5490 950000 4750 77542 1157500 89089
 3141.320043 13562 1600 1600 1600 1600 72 46 0 72 52 0 72 42 0 72 44 0 5734 950000 4750 258656 1158750 298764
 3141.519945 13563 1600 1600 1600 1600 72 46 0 72 52 0 72 42 0 72 44 0 5490 950000 4750 1312186 1165000 1528480
 3141.720034 13564 1600 1600 1600 1600 72 46 0 72 52 0 72 42 0 72 44 0 5734 950000 4750 1250262 1165000 1456250
 3141.919836 13565 1600 1600 1600 1600 72 46 0 72 52 0 72 42 0 72 44 0 5734 950000 4750 1250262 1165000 1456250
 3142.119901 13566 1600 1600 1600 1600 74 46 0 74 52 0 74 42 0 74 44 0 5734 950000 4750 1079012 1163750 1254877
 3142.319936 13567 1600 1600 1600 1600 74 46 0 74 52 0 74 42 0 74 44 0 5490 950000 4750 1127510 1163750 1310701
 3142.519918 13568 1600 1600 1600 1600 74 46 0 74 52 0 74 42 0 74 44 0 5734 950000 4750 1130250 1163750 1314190
 3142.719918 13569 1600 1600 1600 1600 74 46 0 74 52 0 74 42 0 74 44 0 5734 950000 4750 1130250 1163750 1314190
 3142.919916 13570 1600 1600 1600 1600 74 46 0 74 52 0 74 42 0 74 44 0 5490 950000 4750 1123400 1163750 1306049
 3143.119918 13571 1600 1600 1600 1600 75 46 0 75 52 0 75 42 0 75 44 0 5734 950000 4750 1125592 1163750 1308375
 3143.319918 13572 1600 1600 1600 1600 75 46 0 75 52 0 75 42 0 75 44 0 5734 950000 4750 1137922 1163750 1322331
 3143.519919 13573 1600 1600 1600 1600 75 46 0 75 52 0 75 42 0 75 44 0 5734 950000 4750 1137922 1163750 1322331
 3143.719919 13574 1600 1600 1600 1600 75 46 0 75 52 0 75 42 0 75 44 0 5734 950000 4750 1129428 1163750 1313027
 3143.919918 13575 1600 1600 1600 1600 75 46 0 75 52 0 75 42 0 75 44 0 5978 950000 4750 1127510 1163750 1310701
 3144.119927 13576 1600 1600 1600 1600 76 46 0 76 52 0 76 42 0 76 44 0 5734 950000 4750 1130524 1163750 1314190
 3144.319919 13577 1600 1600 1600 1600 76 46 0 76 52 0 76 42 0 76 44 0 5734 950000 4750 1130524 1163750 1314190
 3144.519918 13578 1600 1600 1600 1600 76 46 0 76 52 0 76 42 0 76 44 0 5978 950000 4750 1130524 1163750 1314190
 3144.719918 13579 1600 1600 1600 1600 76 46 0 76 52 0 76 42 0 76 44 0 5978 950000 4750 1129976 1163750 1313027
 3144.919919 13580 1600 1600 1600 1600 76 46 0 76 52 0 76 42 0 76 44 0 5978 950000 4750 1126414 1163750 1309538
 3145.119927 13581 1600 1600 1600 1600 76 46 0 76 52 0 76 42 0 76 44 0 5978 950000 4750 1126414 1163750 1309538
 3145.319914 13582 1600 1600 1600 1600 76 46 0 76 52 0 76 42 0 76 44 0 5978 950000 4750 1130250 1163750 1314190
 3145.519919 13583 1600 1600 1600 1600 76 46 0 76 52 0 76 42 0 76 44 0 5978 950000 4750 1130250 1163750 1314190
 3145.719918 13584 1600 1600 1600 1600 76 46 0 76 52 0 76 42 0 76 44 0 5978 950000 4750 1132990 1163750 1316516
 3145.919918 13585 1600 1600 1600 1600 76 46 0 76 52 0 76 42 0 76 44 0 5978 950000 4750 1132990 1163750 1316516
 3146.119928 13586 1600 1600 1600 1600 77 46 0 77 52 0 77 42 0 77 44 0 5978 950000 4750 1134360 1163750 1318842
 3146.319919 13587 1600 1600 1600 1600 77 46 0 77 52 0 77 42 0 77 44 0 5978 950000 4750 1131894 1163750 1315353
 3146.519918 13588 1600 1600 1600 1600 77 46 0 77 52 0 77 42 0 77 44 0 5978 950000 4750 1135182 1163750 1320005
 3146.719918 13589 1600 1600 1600 1600 77 46 0 77 52 0 77 42 0 77 44 0 5978 950000 4750 1135182 1163750 1320005
 3146.919918 13590 1600 1600 1600 1600 77 46 0 77 52 0 77 42 0 77 44 0 5978 950000 4750 1132442 1163750 1316516
 3147.119927 13591 1600 1600 1600 1600 77 46 0 77 52 0 77 42 0 77 44 0 5978 950000 4750 1130524 1163750 1314190
 3147.319919 13592 1600 1600 1600 1600 77 46 0 77 52 0 77 42 0 77 44 0 5978 950000 4750 1136826 1163750 1321168
 3147.519851 13593 1600 1600 1600 1600 77 46 0 77 52 0 77 42 0 77 44 0 5978 950000 4750 1134360 1163750 1318842
 3147.719918 13594 1600 1600 1600 1600 77 46 0 77 52 0 77 42 0 77 44 0 5978 950000 4750 1134360 1163750 1318842
 3147.919918 13595 1600 1600 1600 1600 77 46 0 77 52 0 77 42 0 77 44 0 6222 950000 5700 1134908 1163750 1318842
 3148.119927 13596 1600 1600 1600 1600 77 46 0 77 52 0 77 42 0 77 44 0 5978 950000 4750 1139566 1163750 1324657
 3148.319918 13597 1600 1600 1600 1600 77 46 0 77 52 0 77 42 0 77 44 0 6222 950000 5700 1132168 1163750 1316516
 3148.519918 13598 1600 1600 1600 1600 77 46 0 77 52 0 77 42 0 77 44 0 6222 950000 5700 1132168 1163750 1316516
 3148.719914 13599 1600 1600 1600 1600 77 46 0 77 52 0 77 42 0 77 44 0 5978 950000 4750 1137100 1163750 1322331
 3148.919918 13600 1600 1600 1600 1600 77 46 0 77 52 0 77 42 0 77 44 0 6222 950000 5700 1132990 1163750 1316516
 3149.119927 13601 1600 1600 1600 1600 78 46 0 78 52 0 78 42 0 78 44 0 5978 950000 4750 1131346 1163750 1315353
 3149.319918 13602 1600 1600 1600 1600 78 46 0 78 52 0 78 42 0 78 44 0 5978 950000 4750 1131346 1163750 1315353
 3149.519919 13603 1600 1600 1600 1600 78 46 0 78 52 0 78 42 0 78 44 0 6222 950000 5700 1137648 1163750 1322331
 3149.719918 13604 1600 1600 1600 1600 78 46 0 78 52 0 78 42 0 78 44 0 5978 950000 4750 1134634 1163750 1318842
 3149.919918 13605 1600 1600 1600 1600 78 46 0 78 52 0 78 42 0 78 44 0 5978 950000 4750 1132716 1163750 1316516
 3150.119927 13606 1600 1600 1600 1600 78 46 0 78 52 0 78 42 0 78 44 0 5978 950000 4750 1132716 1163750 1316516
 3150.319918 13607 1600 1600 1600 1600 78 46 0 78 52 0 78 42 0 78 44 0 6222 950000 5700 1134634 1163750 1318842
 3150.519918 13608 1600 1600 1600 1600 78 46 0 78 52 0 78 42 0 78 44 0 6222 950000 5700 1133538 1163750 1317679
 3150.719918 13609 1600 1600 1600 1600 78 46 0 78 52 0 78 42 0 78 44 0 6222 950000 5700 1131346 1163750 1315353
 3150.919918 13610 1600 1600 1600 1600 78 46 0 78 52 0 78 42 0 78 44 0 6222 950000 5700 1131346 1163750 1315353
 3151.119924 13611 1600 1600 1600 1600 78 46 0 78 52 0 78 42 0 78 44 0 6222 950000 5700 1131894 1163750 1315353
 3151.319920 13612 1600 1600 1600 1600 78 46 0 78 52 0 78 42 0 78 44 0 6222 950000 5700 1137100 1163750 1322331
 3151.519918 13613 1600 1600 1600 1600 78 46 0 78 52 0 78 42 0 78 44 0 6222 950000 5700 1133538 1163750 1317679
 3151.719918 13614 1600 1600 1600 1600 78 46 0 78 52 0 78 42 0 78 44 0 6222 950000 5700 1133538 1163750 1317679
 3151.919918 13615 1600 1600 1600 1600 78 46 0 78 52 0 78 42 0 78 44 0 5978 950000 4750 1140114 1163750 1325820
 3152.119927 13616 1600 1600 1600 1600 78 46 0 78 52 0 78 42 0 78 44 0 6222 950000 5700 1137100 1163750 1322331
 3152.319919 13617 1600 1600 1600 1600 78 46 0 78 52 0 78 42 0 78 44 0 6222 950000 5700 1134360 1163750 1318842
 3152.519918 13618 1600 1600 1600 1600 78 46 0 78 52 0 78 42 0 78 44 0 6222 950000 5700 1134360 1163750 1318842
 3152.719918 13619 1600 1600 1600 1600 78 46 0 78 52 0 78 42 0 78 44 0 6222 950000 5700 1138744 1163750 1323494
 3152.919918 13620 1600 1600 1600 1600 78 46 0 78 52 0 78 42 0 78 44 0 6222 950000 5700 1136826 1163750 1321168
 3153.119927 13621 1600 1600 1600 1600 78 46 0 78 52 0 78 42 0 78 44 0 6222 950000 5700 1137648 1163750 1322331
 3153.319900 13622 1600 1600 1600 1600 78 46 0 78 52 0 78 42 0 78 44 0 6222 950000 5700 1137648 1163750 1322331
 3153.519916 13623 1600 1600 1600 1600 78 46 0 78 52 0 78 42 0 78 44 0 6222 950000 5700 1139566 1163750 1324657
 3153.719918 13624 1600 1600 1600 1600 78 46 0 78 52 0 78 42 0 78 44 0 6222 950000 5700 1141758 1163750 1326983
 3153.919918 13625 1600 1600 1600 1600 78 46 0 78 52 0 78 42 0 78 44 0 5978 950000 4750 1138196 1163750 1323494
 3154.119906 13626 1600 1600 1600 1600 78 46 0 78 52 0 78 42 0 78 44 0 6222 950000 5700 1138470 1163750 1323494
 3154.319919 13627 1600 1600 1600 1600 78 46 0 78 52 0 78 42 0 78 44 0 6222 950000 5700 1138470 1163750 1323494
 3154.519898 13628 1600 1600 1600 1600 78 46 0 78 52 0 78 42 0 78 44 0 6222 950000 5700 1138196 1163750 1323494
 3154.719897 13629 1600 1600 1600 1600 78 46 0 78 52 0 78 42 0 78 44 0 6222 950000 5700 1179022 1163750 1371177
 3154.919897 13630 1600 1600 1600 1600 78 46 0 78 52 0 78 42 0 78 44 0 6222 950000 5700 1137374 1163750 1322331
 3155.119906 13631 1600 1600 1600 1600 78 46 0 78 52 0 78 42 0 78 44 0 6222 950000 5700 1137374 1163750 1322331
 3155.319897 13632 1600 1600 1600 1600 78 46 0 78 52 0 78 42 0 78 44 0 6222 950000 5700 1139018 1163750 1324657
 3155.519897 13633 1600 1600 1600 1600 78 46 0 78 52 0 78 42 0 78 44 0 6222 950000 5700 1141210 1163750 1326983
 3155.719893 13634 1600 1600 1600 1600 78 46 0 78 52 0 78 42 0 78 44 0 6527 950000 5700 1138470 1163750 1323494
 3155.919897 13635 1600 1600 1600 1600 78 46 0 78 52 0 78 42 0 78 44 0 6527 950000 5700 1138470 1163750 1323494
 3156.119906 13636 1600 1600 1600 1600 79 46 0 79 52 0 79 42 0 79 44 0 6222 950000 5700 1135730 1163750 1320005
 3156.319897 13637 1600 1600 1600 1600 79 46 0 79 52 0 79 42 0 79 44 0 6222 950000 5700 1137922 1163750 1322331
 3156.519897 13638 1600 1600 1600 1600 79 46 0 79 52 0 79 42 0 79 44 0 6222 950000 5700 1139840 1163750 1324657
 3156.719897 13639 1600 1600 1600 1600 79 46 0 79 52 0 79 42 0 79 44 0 6222 950000 5700 1139840 1163750 1324657
 3156.919897 13640 1600 1600 1600 1600 79 46 0 79 52 0 79 42 0 79 44 0 6222 950000 5700 1137374 1163750 1322331
 3157.119860 13641 1600 1600 1600 1600 79 46 0 79 52 0 79 42 0 79 44 0 6222 950000 5700 1142580 1163750 1328146
 3157.319851 13642 1600 1600 1600 1600 79 46 0 79 52 0 79 42 0 79 44 0 6222 950000 5700 1140662 1163750 1325820
 3157.519851 13643 1600 1600 1600 1600 79 46 0 79 52 0 79 42 0 79 44 0 6222 950000 5700 1140662 1163750 1325820
 3157.719851 13644 1600 1600 1600 1600 79 46 0 79 52 0 79 42 0 79 44 0 6527 950000 5700 1134908 1163750 1318842
 3157.919901 13645 1600 1600 1600 1600 79 46 0 79 52 0 79 42 0 79 44 0 6222 950000 5700 1137374 1163750 1322331
 3158.119897 13646 1600 1600 1600 1600 79 46 0 79 52 0 79 42 0 79 44 0 6222 950000 5700 1140388 1163750 1325820
 3158.319901 13647 1600 1600 1600 1600 79 46 0 79 52 0 79 42 0 79 44 0 6222 950000 5700 1140388 1163750 1325820
 3158.519901 13648 1600 1600 1600 1600 79 46 0 79 52 0 79 42 0 79 44 0 6222 950000 5700 1139018 1163750 1324657
 3158.719901 13649 1600 1600 1600 1600 79 46 0 79 52 0 79 42 0 79 44 0 6222 950000 5700 1139018 1163750 1324657
 3158.919901 13650 1600 1600 1600 1600 79 46 0 79 52 0 79 42 0 79 44 0 6222 950000 5700 1138744 1163750 1323494
 3159.119909 13651 1600 1600 1600 1600 79 46 0 79 52 0 79 42 0 79 44 0 6222 950000 5700 1138744 1163750 1323494
 3159.319898 13652 1600 1600 1600 1600 79 46 0 79 52 0 79 42 0 79 44 0 6222 950000 5700 1141758 1163750 1326983
 3159.519900 13653 1600 1600 1600 1600 79 46 0 79 52 0 79 42 0 79 44 0 6222 950000 5700 1139566 1163750 1324657
 3159.719900 13654 1600 1600 1600 1600 79 46 0 79 52 0 79 42 0 79 44 0 5978 950000 4750 1136004 1163750 1321168
 3159.919901 13655 1600 1600 1600 1600 79 46 0 79 52 0 79 42 0 79 44 0 5978 950000 4750 1136004 1163750 1321168
 3160.119910 13656 1600 1600 1600 1600 79 46 0 79 52 0 79 42 0 79 44 0 5978 950000 4750 1137648 1163750 1322331
 3160.319901 13657 1600 1600 1600 1600 79 46 0 79 52 0 79 42 0 79 44 0 6222 950000 5700 1138196 1163750 1323494
 3160.519901 13658 1600 1600 1600 1600 79 46 0 79 52 0 79 42 0 79 44 0 6222 950000 5700 1139840 1163750 1324657
 3160.719901 13659 1600 1600 1600 1600 79 46 0 79 52 0 79 42 0 79 44 0 6222 950000 5700 1140114 1163750 1325820
 3160.919900 13660 1600 1600 1600 1600 79 46 0 79 52 0 79 42 0 79 44 0 6222 950000 5700 1140114 1163750 1325820
 3161.119910 13661 1600 1600 1600 1600 79 46 0 79 52 0 79 42 0 79 44 0 6222 950000 5700 1141484 1163750 1326983
 3161.319901 13662 1600 1600 1600 1600 79 46 0 79 52 0 79 42 0 79 44 0 6222 950000 5700 1136552 1163750 1321168
 3161.519915 13663 1600 1600 1600 1600 79 46 0 79 52 0 79 42 0 79 44 0 6222 950000 5700 1137374 1163750 1322331
 3161.719918 13664 1600 1600 1600 1600 79 46 0 79 52 0 79 42 0 79 44 0 6222 950000 5700 1137374 1163750 1322331
 3161.919918 13665 1600 1600 1600 1600 79 46 0 79 52 0 79 42 0 79 44 0 6222 950000 5700 1137374 1163750 1322331
 3162.119927 13666 1600 1600 1600 1600 79 46 0 79 52 0 79 42 0 79 44 0 6222 950000 5700 1136826 1163750 1321168
 3162.319918 13667 1600 1600 1600 1600 79 46 0 79 52 0 79 42 0 79 44 0 6222 950000 5700 1141210 1163750 1326983
 3162.519919 13668 1600 1600 1600 1600 79 46 0 79 52 0 79 42 0 79 44 0 6222 950000 5700 1141210 1163750 1326983
 3162.719918 13669 1600 1600 1600 1600 79 46 0 79 52 0 79 42 0 79 44 0 6222 950000 5700 1143402 1163750 1329309
 3162.919919 13670 1600 1600 1600 1600 79 46 0 79 52 0 79 42 0 79 44 0 6222 950000 5700 1141484 1163750 1326983
 3163.119928 13671 1600 1600 1600 1600 79 46 0 79 52 0 79 42 0 79 44 0 6222 950000 5700 1141758 1163750 1326983
 3163.319918 13672 1600 1600 1600 1600 79 46 0 79 52 0 79 42 0 79 44 0 6222 950000 5700 1141758 1163750 1326983
 3163.519918 13673 1600 1600 1600 1600 79 46 0 79 52 0 79 42 0 79 44 0 6222 950000 5700 1140388 1163750 1325820
 3163.719918 13674 1600 1600 1600 1600 79 46 0 79 52 0 79 42 0 79 44 0 6222 950000 5700 1138744 1163750 1323494
 3163.919914 13675 1600 1600 1600 1600 79 46 0 79 52 0 79 42 0 79 44 0 6222 950000 5700 1139840 1163750 1324657
 3164.119927 13676 1600 1600 1600 1600 79 46 0 79 52 0 79 42 0 79 44 0 6222 950000 5700 1139840 1163750 1324657
 3164.319918 13677 1600 1600 1600 1600 79 46 0 79 52 0 79 42 0 79 44 0 6222 950000 5700 1143950 1163750 1329309
 3164.519919 13678 1600 1600 1600 1600 79 46 0 79 52 0 79 42 0 79 44 0 6222 950000 5700 1150526 1163750 1337450
 3164.719918 13679 1600 1600 1600 1600 79 46 0 79 52 0 79 42 0 79 44 0 6222 950000 5700 1142580 1163750 1328146
 3164.919918 13680 1600 1600 1600 1600 79 46 0 79 52 0 79 42 0 79 44 0 6222 950000 5700 1142580 1163750 1328146
 3165.119927 13681 1600 1600 1600 1600 79 46 0 79 52 0 79 42 0 79 44 0 6222 950000 5700 1136826 1163750 1321168
 3165.319918 13682 1600 1600 1600 1600 79 46 0 79 52 0 79 42 0 79 44 0 6222 950000 5700 1138744 1163750 1323494
 3165.519918 13683 1600 1600 1600 1600 79 46 0 79 52 0 79 42 0 79 44 0 6222 950000 5700 1138744 1163750 1323494
 3165.719918 13684 1600 1600 1600 1600 79 46 0 79 52 0 79 42 0 79 44 0 6222 950000 5700 1138744 1163750 1323494
 3165.919918 13685 1600 1600 1600 1600 79 46 0 79 52 0 79 42 0 79 44 0 6222 950000 5700 1136278 1163750 1321168
 3166.119928 13686 1600 1600 1600 1600 79 46 0 79 52 0 79 42 0 79 44 0 6222 950000 5700 1142032 1163750 1328146
 3166.319915 13687 1600 1600 1600 1600 79 46 0 79 52 0 79 42 0 79 44 0 6222 950000 5700 1140388 1163750 1325820
 3166.519851 13688 1600 1600 1600 1600 79 46 0 79 52 0 79 42 0 79 44 0 6222 950000 5700 1140388 1163750 1325820
 3166.719918 13689 1600 1600 1600 1600 79 46 0 79 52 0 79 42 0 79 44 0 6222 950000 5700 1140388 1163750 1325820
 3166.919919 13690 1600 1600 1600 1600 79 46 0 79 52 0 79 42 0 79 44 0 6222 950000 5700 1139840 1163750 1324657
 3167.119927 13691 1600 1600 1600 1600 79 46 0 79 52 0 79 42 0 79 44 0 6222 950000 5700 1142032 1163750 1328146
 3167.319918 13692 1600 1600 1600 1600 79 46 0 79 52 0 79 42 0 79 44 0 6222 950000 5700 1137100 1163750 1322331
 3167.519918 13693 1600 1600 1600 1600 79 46 0 79 52 0 79 42 0 79 44 0 6222 950000 5700 1137100 1163750 1322331
 3167.719918 13694 1600 1600 1600 1600 79 46 0 79 52 0 79 42 0 79 44 0 6222 950000 5700 1138470 1163750 1323494
 3167.919918 13695 1600 1600 1600 1600 79 46 0 79 52 0 79 42 0 79 44 0 6222 950000 5700 1143128 1163750 1329309
 3168.119927 13696 1600 1600 1600 1600 79 46 0 79 52 0 79 42 0 79 44 0 6222 950000 5700 1141484 1163750 1326983
 3168.319918 13697 1600 1600 1600 1600 79 46 0 79 52 0 79 42 0 79 44 0 6222 950000 5700 1141484 1163750 1326983
 3168.519919 13698 1600 1600 1600 1600 79 46 0 79 52 0 79 42 0 79 44 0 6222 950000 5700 1143402 1163750 1329309
 3168.719915 13699 1600 1600 1600 1600 79 46 0 79 52 0 79 42 0 79 44 0 6222 950000 5700 1141484 1163750 1326983
 3168.919918 13700 1600 1600 1600 1600 79 46 0 79 52 0 79 42 0 79 44 0 6222 950000 5700 1140662 1163750 1325820
 3169.119927 13701 1600 1600 1600 1600 79 46 0 79 52 0 79 42 0 79 44 0 6222 950000 5700 1140662 1163750 1325820
 3169.319919 13702 1600 1600 1600 1600 79 46 0 79 52 0 79 42 0 79 44 0 6222 950000 5700 1141758 1163750 1326983
 3169.519918 13703 1600 1600 1600 1600 79 46 0 79 52 0 79 42 0 79 44 0 6222 950000 5700 1149704 1163750 1336287
 3169.719919 13704 1600 1600 1600 1600 79 46 0 79 52 0 79 42 0 79 44 0 5978 950000 4750 1143950 1163750 1329309
 3169.919919 13705 1600 1600 1600 1600 79 46 0 79 52 0 79 42 0 79 44 0 5978 950000 4750 1143950 1163750 1329309
 3170.119927 13706 1600 1600 1600 1600 79 46 0 79 52 0 79 42 0 79 44 0 6222 950000 5700 1143128 1163750 1329309
 3170.319918 13707 1600 1600 1600 1600 79 46 0 79 52 0 79 42 0 79 44 0 6222 950000 5700 1141758 1163750 1326983
 3170.519918 13708 1600 1600 1600 1600 79 46 0 79 52 0 79 42 0 79 44 0 6222 950000 5700 1140936 1163750 1325820
 3170.719918 13709 1600 1600 1600 1600 79 46 0 79 52 0 79 42 0 79 44 0 6222 950000 5700 1140936 1163750 1325820
 3170.919918 13710 1600 1600 1600 1600 79 46 0 79 52 0 79 42 0 79 44 0 6222 950000 5700 1138744 1163750 1323494
 3171.119917 13711 1600 1600 1600 1600 79 46 0 79 52 0 79 42 0 79 44 0 6222 950000 5700 1137922 1163750 1322331
 3171.319918 13712 1600 1600 1600 1600 79 46 0 79 52 0 79 42 0 79 44 0 6222 950000 5700 1142854 1163750 1328146
 3171.519919 13713 1600 1600 1600 1600 79 46 0 79 52 0 79 42 0 79 44 0 6222 950000 5700 1142854 1163750 1328146
 3171.719918 13714 1600 1600 1600 1600 79 46 0 79 52 0 79 42 0 79 44 0 6222 950000 5700 1137922 1163750 1322331
 3171.919918 13715 1600 1600 1600 1600 79 46 0 79 52 0 79 42 0 79 44 0 6222 950000 5700 1138744 1163750 1323494
 3172.119928 13716 1600 1600 1600 1600 79 46 0 79 52 0 79 42 0 79 44 0 6222 950000 5700 1139292 1163750 1324657
 3172.319902 13717 1600 1600 1600 1600 79 46 0 79 52 0 79 42 0 79 44 0 6222 950000 5700 1139292 1163750 1324657
 3172.519918 13718 1600 1600 1600 1600 79 46 0 79 52 0 79 42 0 79 44 0 6222 950000 5700 1138196 1163750 1323494
 3172.719918 13719 1600 1600 1600 1600 79 46 0 79 52 0 79 42 0 79 44 0 6222 950000 5700 1139566 1163750 1324657
 3172.919918 13720 1600 1600 1600 1600 79 46 0 79 52 0 79 42 0 79 44 0 6222 950000 5700 1136552 1163750 1321168
 3173.119906 13721 1600 1600 1600 1600 79 46 0 79 52 0 79 42 0 79 44 0 6222 950000 5700 1152718 1163750 1339776
 3173.319919 13722 1600 1600 1600 1600 79 46 0 79 52 0 79 42 0 79 44 0 6222 950000 5700 1152718 1163750 1339776
 3173.519915 13723 1600 1600 1600 1600 79 46 0 79 52 0 79 42 0 79 44 0 6222 950000 5700 1139840 1163750 1324657
 3173.719918 13724 1600 1600 1600 1600 79 46 0 79 52 0 79 42 0 79 44 0 6527 950000 5700 1141210 1163750 1326983
 3173.919919 13725 1600 1600 1600 1600 79 46 0 79 52 0 79 42 0 79 44 0 6222 950000 5700 1143128 1163750 1329309
 3174.119927 13726 1600 1600 1600 1600 79 46 0 79 52 0 79 42 0 79 44 0 6222 950000 5700 1143128 1163750 1329309
 3174.319918 13727 1600 1600 1600 1600 79 46 0 79 52 0 79 42 0 79 44 0 6222 950000 5700 1143128 1163750 1329309
 3174.519915 13728 1600 1600 1600 1600 79 46 0 79 52 0 79 42 0 79 44 0 6222 950000 5700 1141758 1163750 1326983
 3174.719918 13729 1600 1600 1600 1600 79 46 0 79 52 0 79 42 0 79 44 0 6222 950000 5700 1138196 1163750 1323494
 3174.919918 13730 1600 1600 1600 1600 79 46 0 79 52 0 79 42 0 79 44 0 6222 950000 5700 1138196 1163750 1323494
 3175.119927 13731 1600 1600 1600 1600 79 46 0 79 52 0 79 42 0 79 44 0 6222 950000 5700 1140662 1163750 1325820
 3175.319917 13732 1600 1600 1600 1600 79 46 0 79 52 0 79 42 0 79 44 0 6222 950000 5700 1142580 1163750 1328146
 3175.519918 13733 1600 1600 1600 1600 79 46 0 79 52 0 79 42 0 79 44 0 6222 950000 5700 1141484 1163750 1326983
 3175.719918 13734 1600 1600 1600 1600 79 46 0 79 52 0 79 42 0 79 44 0 6222 950000 5700 1141484 1163750 1326983
 3175.919918 13735 1600 1600 1600 1600 79 46 0 79 52 0 79 42 0 79 44 0 6222 950000 5700 1144498 1163750 1330472
 3176.119927 13736 1600 1600 1600 1600 79 46 0 79 52 0 79 42 0 79 44 0 6527 950000 5700 1142032 1163750 1328146
 3176.319918 13737 1600 1600 1600 1600 79 46 0 79 52 0 79 42 0 79 44 0 6222 950000 5700 1138744 1163750 1323494
 3176.519918 13738 1600 1600 1600 1600 79 46 0 79 52 0 79 42 0 79 44 0 6222 950000 5700 1138744 1163750 1323494
 3176.719918 13739 1600 1600 1600 1600 79 46 0 79 52 0 79 42 0 79 44 0 6527 950000 5700 1141484 1163750 1326983
 3176.919915 13740 1600 1600 1600 1600 79 46 0 79 52 0 79 42 0 79 44 0 6222 950000 5700 1138744 1163750 1323494
 3177.119927 13741 1600 1600 1600 1600 79 46 0 79 52 0 79 42 0 79 44 0 6222 950000 5700 1141758 1163750 1326983
 3177.319919 13742 1600 1600 1600 1600 79 46 0 79 52 0 79 42 0 79 44 0 6222 950000 5700 1141758 1163750 1326983
 3177.519918 13743 1600 1600 1600 1600 79 46 0 79 52 0 79 42 0 79 44 0 6222 950000 5700 1143950 1163750 1329309
 3177.719918 13744 1600 1600 1600 1600 79 46 0 79 52 0 79 42 0 79 44 0 6222 950000 5700 1143950 1163750 1329309
 3177.919918 13745 1600 1600 1600 1600 79 46 0 79 52 0 79 42 0 79 44 0 6222 950000 5700 1138196 1163750 1323494
 3178.119928 13746 1600 1600 1600 1600 79 46 0 79 52 0 79 42 0 79 44 0 6222 950000 5700 1138196 1163750 1323494
 3178.319918 13747 1600 1600 1600 1600 79 46 0 79 52 0 79 42 0 79 44 0 6527 950000 5700 1141210 1163750 1326983
 3178.519918 13748 1600 1600 1600 1600 79 46 0 79 52 0 79 42 0 79 44 0 6222 950000 5700 1139292 1163750 1324657
 3178.719918 13749 1600 1600 1600 1600 79 46 0 79 52 0 79 42 0 79 44 0 6222 950000 5700 1135182 1163750 1320005
 3178.919902 13750 1600 1600 1600 1600 79 46 0 79 52 0 79 42 0 79 44 0 6222 950000 5700 1135182 1163750 1320005
 3179.119927 13751 1600 1600 1600 1600 79 46 0 79 52 0 79 42 0 79 44 0 6222 950000 5700 1140388 1163750 1325820
 3179.319915 13752 1600 1600 1600 1600 79 46 0 79 52 0 79 42 0 79 44 0 6222 950000 5700 1144498 1163750 1330472
 3179.519918 13753 1600 1600 1600 1600 79 46 0 79 52 0 79 42 0 79 44 0 6222 950000 5700 1141210 1163750 1326983
 3179.719917 13754 1600 1600 1600 1600 79 46 0 79 52 0 79 42 0 79 44 0 6222 950000 5700 1140936 1163750 1325820
 3179.919918 13755 1600 1600 1600 1600 79 46 0 79 52 0 79 42 0 79 44 0 6222 950000 5700 1140936 1163750 1325820
 3180.119928 13756 1600 1600 1600 1600 79 46 0 79 52 0 79 42 0 79 44 0 6222 950000 5700 1137374 1163750 1322331
 3180.319918 13757 1600 1600 1600 1600 79 46 0 79 52 0 79 42 0 79 44 0 6222 950000 5700 1140662 1163750 1325820
 3180.519917 13758 1600 1600 1600 1600 79 46 0 79 52 0 79 42 0 79 44 0 6527 950000 5700 1138196 1163750 1323494
 3180.719919 13759 1600 1600 1600 1600 79 46 0 79 52 0 79 42 0 79 44 0 6527 950000 5700 1138196 1163750 1323494
 3180.919918 13760 1600 1600 1600 1600 79 46 0 79 52 0 79 42 0 79 44 0 6222 950000 5700 1140388 1163750 1325820
 3181.119927 13761 1600 1600 1600 1600 79 46 0 79 52 0 79 42 0 79 44 0 6222 950000 5700 1143402 1163750 1329309
 3181.319918 13762 1600 1600 1600 1600 79 46 0 79 52 0 79 42 0 79 44 0 6222 950000 5700 1139840 1163750 1324657
 3181.519918 13763 1600 1600 1600 1600 79 46 0 79 52 0 79 42 0 79 44 0 6222 950000 5700 1139840 1163750 1324657
 3181.719915 13764 1600 1600 1600 1600 79 46 0 79 52 0 79 42 0 79 44 0 6222 950000 5700 1138744 1163750 1323494
 3181.919918 13765 1600 1600 1600 1600 79 46 0 79 52 0 79 42 0 79 44 0 5978 950000 4750 1138744 1163750 1323494
 3182.119927 13766 1600 1600 1600 1600 79 46 0 79 52 0 79 42 0 79 44 0 6222 950000 5700 1137648 1163750 1322331
 3182.319918 13767 1600 1600 1600 1600 79 46 0 79 52 0 79 42 0 79 44 0 6222 950000 5700 1137648 1163750 1322331
 3182.519918 13768 1600 1600 1600 1600 79 46 0 79 52 0 79 42 0 79 44 0 6222 950000 5700 1135182 1163750 1320005
 3182.719918 13769 1600 1600 1600 1600 79 46 0 79 52 0 79 42 0 79 44 0 6222 950000 5700 1139566 1163750 1324657
 3182.919918 13770 1600 1600 1600 1600 79 46 0 79 52 0 79 42 0 79 44 0 6222 950000 5700 1140114 1163750 1325820
 3183.119928 13771 1600 1600 1600 1600 79 46 0 79 52 0 79 42 0 79 44 0 6222 950000 5700 1140114 1163750 1325820
 3183.319919 13772 1600 1600 1600 1600 79 46 0 79 52 0 79 42 0 79 44 0 6222 950000 5700 1138470 1163750 1323494
 3183.519918 13773 1600 1600 1600 1600 79 46 0 79 52 0 79 42 0 79 44 0 6222 950000 5700 1139018 1163750 1324657
 3183.719918 13774 1600 1600 1600 1600 79 46 0 79 52 0 79 42 0 79 44 0 6222 950000 5700 1140388 1163750 1325820
 3183.919918 13775 1600 1600 1600 1600 79 46 0 79 52 0 79 42 0 79 44 0 6222 950000 5700 1140388 1163750 1325820
 3184.119925 13776 1600 1600 1600 1600 79 46 0 79 52 0 79 42 0 79 44 0 6222 950000 5700 1140114 1163750 1325820
 3184.319918 13777 1600 1600 1600 1600 79 46 0 79 52 0 79 42 0 79 44 0 6222 950000 5700 1140662 1163750 1325820
 3184.519918 13778 1600 1600 1600 1600 79 46 0 79 52 0 79 42 0 79 44 0 6222 950000 5700 1143402 1163750 1329309
 3184.719919 13779 1600 1600 1600 1600 79 46 0 79 52 0 79 42 0 79 44 0 6222 950000 5700 1143402 1163750 1329309
 3184.919918 13780 1600 1600 1600 1600 79 46 0 79 52 0 79 42 0 79 44 0 6222 950000 5700 1140114 1163750 1325820
 3185.119928 13781 1600 1600 1600 1600 79 46 0 79 52 0 79 42 0 79 44 0 6222 950000 5700 1141758 1163750 1326983
 3185.319918 13782 1600 1600 1600 1600 79 46 0 79 52 0 79 42 0 79 44 0 6222 950000 5700 1155458 1163750 1343265
 3185.519897 13783 1600 1600 1600 1600 79 46 0 79 52 0 79 42 0 79 44 0 6222 950000 5700 1138744 1163750 1323494
 3185.719918 13784 1600 1600 1600 1600 79 46 0 79 52 0 79 42 0 79 44 0 6222 950000 5700 1138744 1163750 1323494
 3185.919918 13785 1600 1600 1600 1600 79 46 0 79 52 0 79 42 0 79 44 0 6222 950000 5700 1141758 1163750 1326983
 3186.119927 13786 1600 1600 1600 1600 79 46 0 79 52 0 79 42 0 79 44 0 6222 950000 5700 1140114 1163750 1325820
 3186.319914 13787 1600 1600 1600 1600 79 46 0 79 52 0 79 42 0 79 44 0 6222 950000 5700 1140388 1163750 1325820
 3186.519919 13788 1600 1600 1600 1600 79 46 0 79 52 0 79 42 0 79 44 0 6222 950000 5700 1140388 1163750 1325820
 3186.719918 13789 1600 1600 1600 1600 79 46 0 79 52 0 79 42 0 79 44 0 6222 950000 5700 1142854 1163750 1328146
 3186.919918 13790 1600 1600 1600 1600 79 46 0 79 52 0 79 42 0 79 44 0 6222 950000 5700 1142306 1163750 1328146
 3187.119927 13791 1600 1600 1600 1600 79 46 0 79 52 0 79 42 0 79 44 0 6222 950000 5700 1140662 1163750 1325820
 3187.319919 13792 1600 1600 1600 1600 79 46 0 79 52 0 79 42 0 79 44 0 6222 950000 5700 1140662 1163750 1325820
 3187.519915 13793 1600 1600 1600 1600 79 46 0 79 52 0 79 42 0 79 44 0 6222 950000 5700 1139018 1163750 1324657
 3187.719918 13794 1600 1600 1600 1600 79 46 0 79 52 0 79 42 0 79 44 0 6222 950000 5700 1138470 1163750 1323494
 3187.919917 13795 1600 1600 1600 1600 79 46 0 79 52 0 79 42 0 79 44 0 6222 950000 5700 1137374 1163750 1322331
 3188.119927 13796 1600 1600 1600 1600 79 46 0 79 52 0 79 42 0 79 44 0 6222 950000 5700 1137374 1163750 1322331
 3188.319918 13797 1600 1600 1600 1600 79 46 0 79 52 0 79 42 0 79 44 0 6222 950000 5700 1140388 1163750 1325820
 3188.519918 13798 1600 1600 1600 1600 79 46 0 79 52 0 79 42 0 79 44 0 6222 950000 5700 1141758 1163750 1326983
 3188.719919 13799 1600 1600 1600 1600 79 46 0 79 52 0 79 42 0 79 44 0 6222 950000 5700 1139566 1163750 1324657
 3188.919918 13800 1600 1600 1600 1600 79 46 0 79 52 0 79 42 0 79 44 0 6222 950000 5700 1139566 1163750 1324657
 3189.119928 13801 1600 1600 1600 1600 79 46 0 79 52 0 79 42 0 79 44 0 6222 950000 5700 1137100 1163750 1322331
 3189.319918 13802 1600 1600 1600 1600 79 46 0 79 52 0 79 42 0 79 44 0 6222 950000 5700 1138744 1163750 1323494
 3189.519918 13803 1600 1600 1600 1600 79 46 0 79 52 0 79 42 0 79 44 0 6222 950000 5700 1158472 1163750 1346754
 3189.719918 13804 1600 1600 1600 1600 79 46 0 79 52 0 79 42 0 79 44 0 6222 950000 5700 1158472 1163750 1346754
 3189.919915 13805 1600 1600 1600 1600 79 46 0 79 52 0 79 42 0 79 44 0 6222 950000 5700 1138744 1163750 1323494
 3190.119927 13806 1600 1600 1600 1600 79 46 0 79 52 0 79 42 0 79 44 0 6222 950000 5700 1143950 1163750 1329309
 3190.319918 13807 1600 1600 1600 1600 79 46 0 79 52 0 79 42 0 79 44 0 6222 950000 5700 1140388 1163750 1325820
 3190.519918 13808 1600 1600 1600 1600 79 46 0 79 52 0 79 42 0 79 44 0 6222 950000 5700 1140388 1163750 1325820
 3190.719918 13809 1600 1600 1600 1600 79 46 0 79 52 0 79 42 0 79 44 0 6222 950000 5700 1142032 1163750 1328146
 3190.919918 13810 1600 1600 1600 1600 79 46 0 79 52 0 79 42 0 79 44 0 6222 950000 5700 1140936 1163750 1325820
 3191.119928 13811 1600 1600 1600 1600 79 46 0 79 52 0 79 42 0 79 44 0 6222 950000 5700 1138470 1163750 1323494
 3191.319900 13812 1600 1600 1600 1600 79 46 0 79 52 0 79 42 0 79 44 0 6222 950000 5700 1138470 1163750 1323494
 3191.519918 13813 1600 1600 1600 1600 79 46 0 79 52 0 79 42 0 79 44 0 6222 950000 5700 1141758 1163750 1326983
 3191.719918 13814 1600 1600 1600 1600 79 46 0 79 52 0 79 42 0 79 44 0 6222 950000 5700 1139566 1163750 1324657
 3191.919918 13815 1600 1600 1600 1600 79 46 0 79 52 0 79 42 0 79 44 0 5978 950000 4750 1140662 1163750 1325820
 3192.119893 13816 1600 1600 1600 1600 79 46 0 79 52 0 79 42 0 79 44 0 6222 950000 5700 1141210 1163750 1326983
 3192.319918 13817 1600 1600 1600 1600 79 46 0 79 52 0 79 42 0 79 44 0 6222 950000 5700 1141210 1163750 1326983
 3192.519918 13818 1600 1600 1600 1600 79 46 0 79 52 0 79 42 0 79 44 0 6222 950000 5700 1140388 1163750 1325820
 3192.719918 13819 1600 1600 1600 1600 79 46 0 79 52 0 79 42 0 79 44 0 6222 950000 5700 1137922 1163750 1322331
 3192.919918 13820 1600 1600 1600 1600 79 46 0 79 52 0 79 42 0 79 44 0 6222 950000 5700 1137374 1163750 1322331
 3193.119927 13821 1600 1600 1600 1600 79 46 0 79 52 0 79 42 0 79 44 0 6222 950000 5700 1137374 1163750 1322331
 3193.319918 13822 1600 1600 1600 1600 79 46 0 79 52 0 79 42 0 79 44 0 6222 950000 5700 1134908 1163750 1318842
 3193.519917 13823 1600 1600 1600 1600 79 46 0 79 52 0 79 42 0 79 44 0 6222 950000 5700 1136004 1163750 1321168
 3193.719919 13824 1600 1600 1600 1600 79 46 0 79 52 0 79 42 0 79 44 0 6222 950000 5700 1139840 1163750 1324657
 3193.919918 13825 1600 1600 1600 1600 79 46 0 79 52 0 79 42 0 79 44 0 6222 950000 5700 1139840 1163750 1324657
 3194.119928 13826 1600 1600 1600 1600 79 46 0 79 52 0 79 42 0 79 44 0 6222 950000 5700 1137648 1163750 1322331
 3194.319918 13827 1600 1600 1600 1600 79 46 0 79 52 0 79 42 0 79 44 0 6222 950000 5700 1139566 1163750 1324657
 3194.519915 13828 1600 1600 1600 1600 79 46 0 79 52 0 79 42 0 79 44 0 6222 950000 5700 1138744 1163750 1323494
 3194.719918 13829 1600 1600 1600 1600 79 46 0 79 52 0 79 42 0 79 44 0 6222 950000 5700 1138744 1163750 1323494
 3194.919919 13830 1600 1600 1600 1600 79 46 0 79 52 0 79 42 0 79 44 0 6222 950000 5700 1136004 1163750 1321168
 3195.119926 13831 1600 1600 1600 1600 79 46 0 79 52 0 79 42 0 79 44 0 6222 950000 5700 1138470 1163750 1323494
 3195.319918 13832 1600 1600 1600 1600 79 46 0 79 52 0 79 42 0 79 44 0 6222 950000 5700 1138470 1163750 1323494
 3195.519918 13833 1600 1600 1600 1600 79 46 0 79 52 0 79 42 0 79 44 0 6222 950000 5700 1138470 1163750 1323494
 3195.719919 13834 1600 1600 1600 1600 79 46 0 79 52 0 79 42 0 79 44 0 6222 950000 5700 1138470 1163750 1323494
 3195.919918 13835 1600 1600 1600 1600 79 46 0 79 52 0 79 42 0 79 44 0 5978 950000 4750 1140388 1163750 1325820
 3196.119927 13836 1600 1600 1600 1600 78 46 0 78 52 0 78 42 0 78 44 0 6222 950000 5700 1141758 1163750 1326983
 3196.319918 13837 1600 1600 1600 1600 78 46 0 78 52 0 78 42 0 78 44 0 6222 950000 5700 1141758 1163750 1326983
 3196.519919 13838 1600 1600 1600 1600 78 46 0 78 52 0 78 42 0 78 44 0 6222 950000 5700 1141484 1163750 1326983
 3196.719918 13839 1600 1600 1600 1600 78 46 0 78 52 0 78 42 0 78 44 0 6222 950000 5700 1139566 1163750 1324657
 3196.919915 13840 1600 1600 1600 1600 78 46 0 78 52 0 78 42 0 78 44 0 6222 950000 5700 1137374 1163750 1322331
 3197.119927 13841 1600 1600 1600 1600 79 46 0 79 52 0 79 42 0 79 44 0 6222 950000 5700 1137374 1163750 1322331
 3197.319918 13842 1600 1600 1600 1600 79 46 0 79 52 0 79 42 0 79 44 0 6222 950000 5700 1140936 1163750 1325820
 3197.519918 13843 1600 1600 1600 1600 79 46 0 79 52 0 79 42 0 79 44 0 6222 950000 5700 1139566 1163750 1324657
 3197.719918 13844 1600 1600 1600 1600 79 46 0 79 52 0 79 42 0 79 44 0 6222 950000 5700 1136826 1163750 1321168
 3197.920490 13845 1600 1600 1600 1600 79 46 0 79 52 0 79 42 0 79 44 0 6222 950000 5700 1141484 1163750 1326983
 3198.119927 13846 1600 1600 1600 1600 78 46 0 78 52 0 78 42 0 78 44 0 6222 950000 5700 1141484 1163750 1326983
 3198.319918 13847 1600 1600 1600 1600 78 46 0 78 52 0 78 42 0 78 44 0 6222 950000 5700 1140936 1163750 1325820
 3198.519918 13848 1600 1600 1600 1600 78 46 0 78 52 0 78 42 0 78 44 0 6222 950000 5700 1135730 1163750 1320005
 3198.719918 13849 1600 1600 1600 1600 78 46 0 78 52 0 78 42 0 78 44 0 5978 950000 4750 1138744 1163750 1323494
 3198.919918 13850 1600 1600 1600 1600 78 46 0 78 52 0 78 42 0 78 44 0 5978 950000 4750 1138744 1163750 1323494
 3199.119928 13851 1600 1600 1600 1600 78 46 0 78 52 0 78 42 0 78 44 0 5978 950000 4750 1142032 1163750 1328146
 3199.319915 13852 1600 1600 1600 1600 78 46 0 78 52 0 78 42 0 78 44 0 6222 950000 5700 1138744 1163750 1323494
 3199.519918 13853 1600 1600 1600 1600 78 46 0 78 52 0 78 42 0 78 44 0 6222 950000 5700 1138196 1163750 1323494
 3199.719918 13854 1600 1600 1600 1600 78 46 0 78 52 0 78 42 0 78 44 0 6222 950000 5700 1138196 1163750 1323494
 3199.919919 13855 1600 1600 1600 1600 78 46 0 78 52 0 78 42 0 78 44 0 6222 950000 5700 1140662 1163750 1325820
 3200.119926 13856 1600 1600 1600 1600 78 46 0 78 52 0 78 42 0 78 44 0 6222 950000 5700 1141210 1163750 1326983
 3200.319918 13857 1600 1600 1600 1600 78 46 0 78 52 0 78 42 0 78 44 0 6222 950000 5700 1137374 1163750 1322331
 3200.519918 13858 1600 1600 1600 1600 78 46 0 78 52 0 78 42 0 78 44 0 6222 950000 5700 1137374 1163750 1322331
 3200.719918 13859 1600 1600 1600 1600 78 46 0 78 52 0 78 42 0 78 44 0 6222 950000 5700 1141210 1163750 1326983
 3200.919918 13860 1600 1600 1600 1600 78 46 0 78 52 0 78 42 0 78 44 0 6222 950000 5700 1138744 1163750 1323494
 3201.119927 13861 1600 1600 1600 1600 78 46 0 78 52 0 78 42 0 78 44 0 6222 950000 5700 1138744 1163750 1323494
 3201.319918 13862 1600 1600 1600 1600 78 46 0 78 52 0 78 42 0 78 44 0 6222 950000 5700 1138744 1163750 1323494
 3201.519918 13863 1600 1600 1600 1600 78 46 0 78 52 0 78 42 0 78 44 0 6222 950000 5700 1143950 1163750 1329309
 3201.719918 13864 1600 1600 1600 1600 78 46 0 78 52 0 78 42 0 78 44 0 6222 950000 5700 1138744 1163750 1323494
 3201.919918 13865 1600 1600 1600 1600 78 46 0 78 52 0 78 42 0 78 44 0 6222 950000 5700 1140114 1163750 1325820
 3202.119928 13866 1600 1600 1600 1600 78 46 0 78 52 0 78 42 0 78 44 0 6222 950000 5700 1140114 1163750 1325820
 3202.319918 13867 1600 1600 1600 1600 78 46 0 78 52 0 78 42 0 78 44 0 6222 950000 5700 1139018 1163750 1324657
 3202.519918 13868 1600 1600 1600 1600 78 46 0 78 52 0 78 42 0 78 44 0 6222 950000 5700 1136004 1163750 1321168
 3202.719915 13869 1600 1600 1600 1600 78 46 0 78 52 0 78 42 0 78 44 0 6222 950000 5700 1138744 1163750 1323494
 3202.919919 13870 1600 1600 1600 1600 78 46 0 78 52 0 78 42 0 78 44 0 6222 950000 5700 1138744 1163750 1323494
 3203.119928 13871 1600 1600 1600 1600 78 46 0 78 52 0 78 42 0 78 44 0 6222 950000 5700 1140388 1163750 1325820
 3203.319918 13872 1600 1600 1600 1600 78 46 0 78 52 0 78 42 0 78 44 0 6222 950000 5700 1136826 1163750 1321168
 3203.519918 13873 1600 1600 1600 1600 78 46 0 78 52 0 78 42 0 78 44 0 6222 950000 5700 1139292 1163750 1324657
 3203.719918 13874 1600 1600 1600 1600 78 46 0 78 52 0 78 42 0 78 44 0 6222 950000 5700 1139292 1163750 1324657
 3203.919918 13875 1600 1600 1600 1600 78 46 0 78 52 0 78 42 0 78 44 0 6222 950000 5700 1139292 1163750 1324657
 3204.119927 13876 1600 1600 1600 1600 78 46 0 78 52 0 78 42 0 78 44 0 6222 950000 5700 1136826 1163750 1321168
 3204.319918 13877 1600 1600 1600 1600 78 46 0 78 52 0 78 42 0 78 44 0 6222 950000 5700 1133812 1163750 1317679
 3204.519897 13878 1600 1600 1600 1600 78 46 0 78 52 0 78 42 0 78 44 0 6222 950000 5700 1137100 1163750 1322331
 3204.719918 13879 1600 1600 1600 1600 78 46 0 78 52 0 78 42 0 78 44 0 6222 950000 5700 1137100 1163750 1322331
 3204.919918 13880 1600 1600 1600 1600 78 46 0 78 52 0 78 42 0 78 44 0 6222 950000 5700 1137100 1163750 1322331
 3205.119914 13881 1600 1600 1600 1600 78 46 0 78 52 0 78 42 0 78 44 0 6222 950000 5700 1141210 1163750 1326983
 3205.319918 13882 1600 1600 1600 1600 78 46 0 78 52 0 78 42 0 78 44 0 6222 950000 5700 1137374 1163750 1322331
 3205.519918 13883 1600 1600 1600 1600 78 46 0 78 52 0 78 42 0 78 44 0 6222 950000 5700 1137374 1163750 1322331
 3205.719918 13884 1600 1600 1600 1600 78 46 0 78 52 0 78 42 0 78 44 0 5978 950000 4750 1141758 1163750 1326983
 3205.919918 13885 1600 1600 1600 1600 78 46 0 78 52 0 78 42 0 78 44 0 5978 950000 4750 1137922 1163750 1322331
 3206.119927 13886 1600 1600 1600 1600 78 46 0 78 52 0 78 42 0 78 44 0 6222 950000 5700 1137374 1163750 1322331
 3206.319918 13887 1600 1600 1600 1600 78 46 0 78 52 0 78 42 0 78 44 0 6222 950000 5700 1137374 1163750 1322331
 3206.519918 13888 1600 1600 1600 1600 78 46 0 78 52 0 78 42 0 78 44 0 6222 950000 5700 1140662 1163750 1325820
 3206.719918 13889 1600 1600 1600 1600 78 46 0 78 52 0 78 42 0 78 44 0 6222 950000 5700 1141758 1163750 1326983
 3206.919918 13890 1600 1600 1600 1600 78 46 0 78 52 0 78 42 0 78 44 0 5978 950000 4750 1140388 1163750 1325820
 3207.119927 13891 1600 1600 1600 1600 78 46 0 78 52 0 78 42 0 78 44 0 5978 950000 4750 1140388 1163750 1325820
 3207.319918 13892 1600 1600 1600 1600 78 46 0 78 52 0 78 42 0 78 44 0 6222 950000 5700 1139840 1163750 1324657
 3207.519915 13893 1600 1600 1600 1600 78 46 0 78 52 0 78 42 0 78 44 0 6222 950000 5700 1140662 1163750 1325820
 3207.719918 13894 1600 1600 1600 1600 78 46 0 78 52 0 78 42 0 78 44 0 6222 950000 5700 1140936 1163750 1325820
 3207.919917 13895 1600 1600 1600 1600 78 46 0 78 52 0 78 42 0 78 44 0 6222 950000 5700 1140936 1163750 1325820
 3208.119927 13896 1600 1600 1600 1600 78 46 0 78 52 0 78 42 0 78 44 0 5978 950000 4750 1139840 1163750 1324657
 3208.319919 13897 1600 1600 1600 1600 78 46 0 78 52 0 78 42 0 78 44 0 5978 950000 4750 1138744 1163750 1323494
 3208.519918 13898 1600 1600 1600 1600 78 46 0 78 52 0 78 42 0 78 44 0 6222 950000 5700 1141758 1163750 1326983
 3208.719918 13899 1600 1600 1600 1600 78 46 0 78 52 0 78 42 0 78 44 0 6222 950000 5700 1141758 1163750 1326983
 3208.919919 13900 1600 1600 1600 1600 78 46 0 78 52 0 78 42 0 78 44 0 6222 950000 5700 1140114 1163750 1325820
 3209.119927 13901 1600 1600 1600 1600 78 46 0 78 52 0 78 42 0 78 44 0 6222 950000 5700 1138470 1163750 1323494
 3209.319918 13902 1600 1600 1600 1600 78 46 0 78 52 0 78 42 0 78 44 0 6222 950000 5700 1139018 1163750 1324657
 3209.519919 13903 1600 1600 1600 1600 78 46 0 78 52 0 78 42 0 78 44 0 6222 950000 5700 1139018 1163750 1324657
 3209.719918 13904 1600 1600 1600 1600 78 46 0 78 52 0 78 42 0 78 44 0 6222 950000 5700 1137922 1163750 1322331
 3209.919915 13905 1600 1600 1600 1600 78 46 0 78 52 0 78 42 0 78 44 0 5978 950000 4750 1137374 1163750 1322331
 3210.119926 13906 1600 1600 1600 1600 78 46 0 78 52 0 78 42 0 78 44 0 6222 950000 5700 1136004 1163750 1321168
 3210.319900 13907 1600 1600 1600 1600 78 46 0 78 52 0 78 42 0 78 44 0 6222 950000 5700 1136004 1163750 1321168
 3210.519918 13908 1600 1600 1600 1600 78 46 0 78 52 0 78 42 0 78 44 0 6222 950000 5700 1135730 1163750 1320005
 3210.719918 13909 1600 1600 1600 1600 78 46 0 78 52 0 78 42 0 78 44 0 6222 950000 5700 1136004 1163750 1321168
 3210.919918 13910 1600 1600 1600 1600 78 46 0 78 52 0 78 42 0 78 44 0 5978 950000 4750 1137374 1163750 1322331
 3211.119915 13911 1600 1600 1600 1600 78 46 0 78 52 0 78 42 0 78 44 0 5978 950000 4750 1139840 1163750 1324657
 3211.319918 13912 1600 1600 1600 1600 78 46 0 78 52 0 78 42 0 78 44 0 5978 950000 4750 1139840 1163750 1324657
 3211.519919 13913 1600 1600 1600 1600 78 46 0 78 52 0 78 42 0 78 44 0 6222 950000 5700 1135456 1163750 1320005
 3211.719917 13914 1600 1600 1600 1600 78 46 0 78 52 0 78 42 0 78 44 0 5978 950000 4750 1136004 1163750 1321168
 3211.919918 13915 1600 1600 1600 1600 78 46 0 78 52 0 78 42 0 78 44 0 6222 950000 5700 1137648 1163750 1322331
 3212.119927 13916 1600 1600 1600 1600 78 46 0 78 52 0 78 42 0 78 44 0 6222 950000 5700 1137648 1163750 1322331
 3212.319915 13917 1600 1600 1600 1600 78 46 0 78 52 0 78 42 0 78 44 0 6222 950000 5700 1140936 1163750 1325820
 3212.519919 13918 1600 1600 1600 1600 78 46 0 78 52 0 78 42 0 78 44 0 6222 950000 5700 1138744 1163750 1323494
 3212.719918 13919 1600 1600 1600 1600 78 46 0 78 52 0 78 42 0 78 44 0 6222 950000 5700 1136826 1163750 1321168
 3212.919918 13920 1600 1600 1600 1600 78 46 0 78 52 0 78 42 0 78 44 0 6222 950000 5700 1136826 1163750 1321168
 3213.119928 13921 1600 1600 1600 1600 78 46 0 78 52 0 78 42 0 78 44 0 6222 950000 5700 1138196 1163750 1323494
 3213.319920 13922 1600 1600 1600 1600 78 46 0 78 52 0 78 42 0 78 44 0 6222 950000 5700 1137922 1163750 1322331
 3213.519919 13923 1600 1600 1600 1600 78 46 0 78 52 0 78 42 0 78 44 0 6222 950000 5700 1136004 1163750 1321168
 3213.719920 13924 1600 1600 1600 1600 78 46 0 78 52 0 78 42 0 78 44 0 6222 950000 5700 1136004 1163750 1321168
 3213.919919 13925 1600 1600 1600 1600 78 46 0 78 52 0 78 42 0 78 44 0 5978 950000 4750 1134634 1163750 1318842
 3214.119928 13926 1600 1600 1600 1600 78 46 0 78 52 0 78 42 0 78 44 0 6222 950000 5700 1137100 1163750 1322331
 3214.319920 13927 1600 1600 1600 1600 78 46 0 78 52 0 78 42 0 78 44 0 6222 950000 5700 1137374 1163750 1322331
 3214.519919 13928 1600 1600 1600 1600 78 46 0 78 52 0 78 42 0 78 44 0 6222 950000 5700 1137374 1163750 1322331
 3214.719920 13929 1600 1600 1600 1600 78 46 0 78 52 0 78 42 0 78 44 0 6222 950000 5700 1141758 1163750 1326983
 3214.919920 13930 1600 1600 1600 1600 78 46 0 78 52 0 78 42 0 78 44 0 5978 950000 4750 1137374 1163750 1322331
 3215.119928 13931 1600 1600 1600 1600 78 46 0 78 52 0 78 42 0 78 44 0 6222 950000 5700 1135730 1163750 1320005
 3215.319919 13932 1600 1600 1600 1600 78 46 0 78 52 0 78 42 0 78 44 0 6222 950000 5700 1135730 1163750 1320005
 3215.519919 13933 1600 1600 1600 1600 78 46 0 78 52 0 78 42 0 78 44 0 6222 950000 5700 1150252 1163750 1337450
 3215.719916 13934 1600 1600 1600 1600 78 46 0 78 52 0 78 42 0 78 44 0 5978 950000 4750 1135456 1163750 1320005
 3215.919920 13935 1600 1600 1600 1600 78 46 0 78 52 0 78 42 0 78 44 0 6222 950000 5700 1137648 1163750 1322331
 3216.119928 13936 1600 1600 1600 1600 78 46 0 78 52 0 78 42 0 78 44 0 6222 950000 5700 1137648 1163750 1322331
 3216.319919 13937 1600 1600 1600 1600 78 46 0 78 52 0 78 42 0 78 44 0 5978 950000 4750 1141484 1163750 1326983
 3216.519919 13938 1600 1600 1600 1600 78 46 0 78 52 0 78 42 0 78 44 0 6222 950000 5700 1139566 1163750 1324657
 3216.719919 13939 1600 1600 1600 1600 78 46 0 78 52 0 78 42 0 78 44 0 6222 950000 5700 1140388 1163750 1325820
 3216.919853 13940 1600 1600 1600 1600 78 46 0 78 52 0 78 42 0 78 44 0 5978 950000 4750 1140662 1163750 1325820
 3217.119928 13941 1600 1600 1600 1600 78 46 0 78 52 0 78 42 0 78 44 0 5978 950000 4750 1140662 1163750 1325820
 3217.319920 13942 1600 1600 1600 1600 78 46 0 78 52 0 78 42 0 78 44 0 6222 950000 5700 1139018 1163750 1324657
 3217.519920 13943 1600 1600 1600 1600 78 46 0 78 52 0 78 42 0 78 44 0 6222 950000 5700 1138470 1163750 1323494
 3217.719919 13944 1600 1600 1600 1600 78 46 0 78 52 0 78 42 0 78 44 0 6222 950000 5700 1140114 1163750 1325820
 3217.919919 13945 1600 1600 1600 1600 78 46 0 78 52 0 78 42 0 78 44 0 6222 950000 5700 1140114 1163750 1325820
 3218.119925 13946 1600 1600 1600 1600 78 46 0 78 52 0 78 42 0 78 44 0 5978 950000 4750 1139292 1163750 1324657
 3218.319920 13947 1600 1600 1600 1600 78 46 0 78 52 0 78 42 0 78 44 0 6222 950000 5700 1137922 1163750 1322331
 3218.519919 13948 1600 1600 1600 1600 78 46 0 78 52 0 78 42 0 78 44 0 6222 950000 5700 1139840 1163750 1324657
 3218.719919 13949 1600 1600 1600 1600 78 46 0 78 52 0 78 42 0 78 44 0 6222 950000 5700 1139840 1163750 1324657
 3218.919919 13950 1600 1600 1600 1600 78 46 0 78 52 0 78 42 0 78 44 0 6222 950000 5700 1137648 1163750 1322331
 3219.119928 13951 1600 1600 1600 1600 78 46 0 78 52 0 78 42 0 78 44 0 6222 950000 5700 1135730 1163750 1320005
 3219.319920 13952 1600 1600 1600 1600 78 46 0 78 52 0 78 42 0 78 44 0 5978 950000 4750 1136552 1163750 1321168
 3219.519920 13953 1600 1600 1600 1600 78 46 0 78 52 0 78 42 0 78 44 0 5978 950000 4750 1136552 1163750 1321168
 3219.719920 13954 1600 1600 1600 1600 78 46 0 78 52 0 78 42 0 78 44 0 6222 950000 5700 1138744 1163750 1323494
 3219.919920 13955 1600 1600 1600 1600 78 46 0 78 52 0 78 42 0 78 44 0 6222 950000 5700 1137922 1163750 1322331
 3220.119929 13956 1600 1600 1600 1600 78 46 0 78 52 0 78 42 0 78 44 0 6222 950000 5700 1141758 1163750 1326983
 3220.319919 13957 1600 1600 1600 1600 78 46 0 78 52 0 78 42 0 78 44 0 6222 950000 5700 1141758 1163750 1326983
 3220.519917 13958 1600 1600 1600 1600 78 46 0 78 52 0 78 42 0 78 44 0 6222 950000 5700 1136826 1163750 1321168
 3220.719919 13959 1600 1600 1600 1600 78 46 0 78 52 0 78 42 0 78 44 0 5978 950000 4750 1132168 1163750 1316516
 3220.919921 13960 1600 1600 1600 1600 78 46 0 78 52 0 78 42 0 78 44 0 6222 950000 5700 1134908 1163750 1318842
 3221.119908 13961 1600 1600 1600 1600 78 46 0 78 52 0 78 42 0 78 44 0 6222 950000 5700 1134908 1163750 1318842
 3221.319898 13962 1600 1600 1600 1600 78 46 0 78 52 0 78 42 0 78 44 0 5978 950000 4750 1135730 1163750 1320005
 3221.519899 13963 1600 1600 1600 1600 78 46 0 78 52 0 78 42 0 78 44 0 5978 950000 4750 1132990 1163750 1316516
 3221.719897 13964 1600 1600 1600 1600 78 46 0 78 52 0 78 42 0 78 44 0 6222 950000 5700 1139018 1163750 1324657
 3221.919897 13965 1600 1600 1600 1600 78 46 0 78 52 0 78 42 0 78 44 0 6222 950000 5700 1139018 1163750 1324657
 3222.119906 13966 1600 1600 1600 1600 78 46 0 78 52 0 78 42 0 78 44 0 6222 950000 5700 1138744 1163750 1323494
 3222.319899 13967 1600 1600 1600 1600 78 46 0 78 52 0 78 42 0 78 44 0 6222 950000 5700 1137374 1163750 1322331
 3222.519897 13968 1600 1600 1600 1600 78 46 0 78 52 0 78 42 0 78 44 0 5978 950000 4750 1137922 1163750 1322331
 3222.719897 13969 1600 1600 1600 1600 78 46 0 78 52 0 78 42 0 78 44 0 5978 950000 4750 1137922 1163750 1322331
 3222.919895 13970 1600 1600 1600 1600 78 46 0 78 52 0 78 42 0 78 44 0 6222 950000 5700 1138196 1163750 1323494
 3223.119907 13971 1600 1600 1600 1600 78 46 0 78 52 0 78 42 0 78 44 0 5978 950000 4750 1136004 1163750 1321168
 3223.319897 13972 1600 1600 1600 1600 78 46 0 78 52 0 78 42 0 78 44 0 6222 950000 5700 1139018 1163750 1324657
 3223.519852 13973 1600 1600 1600 1600 78 46 0 78 52 0 78 42 0 78 44 0 5978 950000 4750 1139292 1163750 1324657
 3223.719851 13974 1600 1600 1600 1600 78 46 0 78 52 0 78 42 0 78 44 0 5978 950000 4750 1139292 1163750 1324657
 3223.919851 13975 1600 1600 1600 1600 78 46 0 78 52 0 78 42 0 78 44 0 6222 950000 5700 1136278 1163750 1321168
 3224.119859 13976 1600 1600 1600 1600 78 46 0 78 52 0 78 42 0 78 44 0 6222 950000 5700 1139018 1163750 1324657
 3224.319901 13977 1600 1600 1600 1600 78 46 0 78 52 0 78 42 0 78 44 0 5978 950000 4750 1137374 1163750 1322331
 3224.519901 13978 1600 1600 1600 1600 78 46 0 78 52 0 78 42 0 78 44 0 5978 950000 4750 1137374 1163750 1322331
 3224.719900 13979 1600 1600 1600 1600 78 46 0 78 52 0 78 42 0 78 44 0 6222 950000 5700 1157102 1163750 1345591
 3224.919901 13980 1600 1600 1600 1600 78 46 0 78 52 0 78 42 0 78 44 0 5978 950000 4750 1136552 1163750 1321168
 3225.119898 13981 1600 1600 1600 1600 78 46 0 78 52 0 78 42 0 78 44 0 6222 950000 5700 1134086 1163750 1318842
 3225.319901 13982 1600 1600 1600 1600 78 46 0 78 52 0 78 42 0 78 44 0 6222 950000 5700 1134086 1163750 1318842
 3225.519901 13983 1600 1600 1600 1600 78 46 0 78 52 0 78 42 0 78 44 0 5978 950000 4750 1135730 1163750 1320005
 3225.719901 13984 1600 1600 1600 1600 78 46 0 78 52 0 78 42 0 78 44 0 6222 950000 5700 1137922 1163750 1322331
 3225.919901 13985 1600 1600 1600 1600 78 46 0 78 52 0 78 42 0 78 44 0 6222 950000 5700 1137922 1163750 1322331
 3226.119910 13986 1600 1600 1600 1600 78 46 0 78 52 0 78 42 0 78 44 0 6222 950000 5700 1137922 1163750 1322331
 3226.319901 13987 1600 1600 1600 1600 78 46 0 78 52 0 78 42 0 78 44 0 6222 950000 5700 1134908 1163750 1318842
 3226.519939 13988 1600 1600 1600 1600 78 46 0 78 52 0 78 42 0 78 44 0 6222 950000 5700 1133264 1163750 1317679
 3226.719901 13989 1600 1600 1600 1600 78 46 0 78 52 0 78 42 0 78 44 0 6222 950000 5700 1132716 1163750 1316516
 3226.919901 13990 1600 1600 1600 1600 78 46 0 78 52 0 78 42 0 78 44 0 6222 950000 5700 1132716 1163750 1316516
 3227.119909 13991 1600 1600 1600 1600 78 46 0 78 52 0 78 42 0 78 44 0 6222 950000 5700 1137374 1163750 1322331
 3227.319900 13992 1600 1600 1600 1600 78 46 0 78 52 0 78 42 0 78 44 0 6222 950000 5700 1138196 1163750 1323494
 3227.519897 13993 1600 1600 1600 1600 78 46 0 78 52 0 78 42 0 78 44 0 5978 950000 4750 1138196 1163750 1323494
 3227.719920 13994 1600 1600 1600 1600 78 46 0 78 52 0 78 42 0 78 44 0 5978 950000 4750 1138196 1163750 1323494
 3227.919918 13995 1600 1600 1600 1600 78 46 0 78 52 0 78 42 0 78 44 0 6222 950000 5700 1140114 1163750 1325820
 3228.119927 13996 1600 1600 1600 1600 78 46 0 78 52 0 78 42 0 78 44 0 6222 950000 5700 1137100 1163750 1322331
 3228.319919 13997 1600 1600 1600 1600 78 46 0 78 52 0 78 42 0 78 44 0 5978 950000 4750 1137922 1163750 1322331
 3228.519917 13998 1600 1600 1600 1600 78 46 0 78 52 0 78 42 0 78 44 0 5978 950000 4750 1137922 1163750 1322331
 3228.719915 13999 1600 1600 1600 1600 78 46 0 78 52 0 78 42 0 78 44 0 6222 950000 5700 1137374 1163750 1322331
 3228.919918 14000 1600 1600 1600 1600 78 46 0 78 52 0 78 42 0 78 44 0 6222 950000 5700 1134634 1163750 1318842
 3229.119927 14001 1600 1600 1600 1600 78 46 0 78 52 0 78 42 0 78 44 0 6222 950000 5700 1142580 1163750 1328146
 3229.319901 14002 1600 1600 1600 1600 78 46 0 78 52 0 78 42 0 78 44 0 6222 950000 5700 1142580 1163750 1328146
 3229.519918 14003 1600 1600 1600 1600 78 46 0 78 52 0 78 42 0 78 44 0 6222 950000 5700 1137374 1163750 1322331
 3229.719918 14004 1600 1600 1600 1600 78 46 0 78 52 0 78 42 0 78 44 0 6222 950000 5700 1142306 1163750 1328146
 3229.919918 14005 1600 1600 1600 1600 78 46 0 78 52 0 78 42 0 78 44 0 6222 950000 5700 1135456 1163750 1320005
 3230.119927 14006 1600 1600 1600 1600 78 46 0 78 52 0 78 42 0 78 44 0 6222 950000 5700 1136004 1163750 1321168
 3230.319918 14007 1600 1600 1600 1600 78 46 0 78 52 0 78 42 0 78 44 0 6222 950000 5700 1136004 1163750 1321168
 3230.519966 14008 1600 1600 1600 1600 78 46 0 78 52 0 78 42 0 78 44 0 6222 950000 5700 1136826 1163750 1321168
 3230.719910 14009 1600 1600 1600 1600 78 46 0 78 52 0 78 42 0 78 44 0 5978 950000 4750 582798 1160000 675120
 3230.919905 14010 1600 1600 1600 1600 78 46 0 78 52 0 78 42 0 78 44 0 5978 950000 4750 90146 1157500 104130
 3231.119918 14011 1600 1600 1600 1600 76 46 0 76 52 0 76 42 0 76 44 0 5978 950000 4750 90146 1157500 104130
 3231.319908 14012 1600 1600 1600 1600 76 46 0 76 52 0 76 42 0 76 44 0 5978 950000 4750 91242 1157500 105287
 3231.519908 14013 1600 1600 1600 1600 76 46 0 76 52 0 76 42 0 76 44 0 6222 950000 5700 87132 1157500 100659
 3231.719908 14014 1600 1600 1600 1600 76 46 0 76 52 0 76 42 0 76 44 0 5978 950000 4750 83844 1157500 96031
