 1663.034909 6171 1500 1500 1500 1500 73 46 0 73 52 0 73 42 0 73 44 0 5734 950000 4750 73980 1132500 82636
 1663.234930 6172 1500 1500 1500 1500 73 46 0 73 52 0 73 42 0 73 44 0 5978 950000 4750 80830 1132500 90560
 1663.434932 6173 1500 1500 1500 1500 73 46 0 73 52 0 73 42 0 73 44 0 5978 950000 4750 80830 1132500 90560
 1663.634934 6174 1500 1500 1500 1500 73 46 0 73 52 0 73 42 0 73 44 0 5978 950000 4750 78090 1132500 88296
 1663.834914 6175 1500 1500 1500 1500 73 46 0 73 52 0 73 42 0 73 44 0 5734 950000 4750 74802 1132500 83768
 1664.034924 6176 1500 1500 1500 1500 73 46 0 73 52 0 73 42 0 73 44 0 5734 950000 4750 307976 1133750 347831
 1664.234911 6177 1500 1500 1500 1500 73 46 0 73 52 0 73 42 0 73 44 0 5734 950000 4750 307976 1133750 347831
 1664.434959 6178 1500 1500 1500 1500 73 46 0 73 52 0 73 42 0 73 44 0 5978 950000 4750 72610 1132500 81504
 1664.640015 6179 1500 1500 1500 1500 72 46 0 72 52 0 72 42 0 72 44 0 5734 950000 4750 80008 1132500 90560
 1664.839942 6180 1500 1500 1500 1500 72 46 0 72 52 0 72 42 0 72 44 0 5978 950000 4750 589374 1136250 669104
 1665.040050 6181 1500 1500 1500 1500 74 46 0 74 52 0 74 42 0 74 44 0 5978 950000 4750 1219574 1138750 1387222
 1665.239931 6182 1500 1500 1500 1500 74 46 0 74 52 0 74 42 0 74 44 0 5978 950000 4750 1219574 1138750 1387222
 1665.439938 6183 1500 1500 1500 1500 74 46 0 74 52 0 74 42 0 74 44 0 5978 950000 4750 1090246 1137500 1239330
 1665.639993 6184 1500 1500 1500 1500 74 46 0 74 52 0 74 42 0 74 44 0 5978 950000 4750 985304 1137500 1119945
 1665.839913 6185 1400 1400 1400 1400 74 46 0 74 52 0 74 42 0 74 44 0 5978 950000 4750 1168062 1138750 1329184
 1666.040033 6186 1400 1400 1400 1400 76 46 0 76 52 0 76 42 0 76 44 0 5978 950000 4750 1168062 1138750 1329184
 1666.239915 6187 1400 1400 1400 1400 76 46 0 76 52 0 76 42 0 76 44 0 5978 950000 4750 897624 1118750 1002846
 1666.439916 6188 1400 1400 1400 1400 76 46 0 76 52 0 76 42 0 76 44 0 5734 950000 4750 103846 1095000 112785
 1666.639913 6189 1400 1400 1400 1400 73 46 0 73 52 0 73 42 0 73 44 0 5734 950000 4750 106586 1095000 116070
 1666.839936 6190 1400 1400 1400 1400 73 46 0 73 52 0 73 42 0 73 44 0 5734 950000 4750 106586 1095000 116070
 1667.039940 6191 1400 1400 1400 1400 75 46 0 75 52 0 75 42 0 75 44 0 5734 950000 4750 129876 1095000 141255
 1667.239999 6192 1400 1400 1400 1400 75 46 0 75 52 0 75 42 0 75 44 0 5734 950000 4750 912420 1100000 1003200
 1667.440105 6193 1400 1400 1400 1400 75 46 0 75 52 0 75 42 0 75 44 0 5978 950000 4750 1035994 1100000 1138500
 1667.639927 6194 1400 1400 1400 1400 75 46 0 75 52 0 75 42 0 75 44 0 5978 950000 4750 1035994 1100000 1138500
 1667.839924 6195 1400 1400 1400 1400 75 46 0 75 52 0 75 42 0 75 44 0 5734 950000 4750 914064 1098750 1003572
 1668.039939 6196 1400 1400 1400 1400 75 46 0 75 52 0 75 42 0 75 44 0 5734 950000 4750 920092 1098750 1010160
 1668.239922 6197 1400 1400 1400 1400 75 46 0 75 52 0 75 42 0 75 44 0 5978 950000 4750 919270 1098750 1009062
 1668.439924 6198 1400 1400 1400 1400 75 46 0 75 52 0 75 42 0 75 44 0 5978 950000 4750 919270 1098750 1009062
 1668.639922 6199 1400 1400 1400 1400 75 46 0 75 52 0 75 42 0 75 44 0 5978 950000 4750 920092 1098750 1010160
 1668.839922 6200 1400 1400 1400 1400 75 46 0 75 52 0 75 42 0 75 44 0 5978 950000 4750 923106 1098750 1013454
 1669.039932 6201 1400 1400 1400 1400 75 46 0 75 52 0 75 42 0 75 44 0 5978 950000 4750 922010 1098750 1012356
 1669.239923 6202 1400 1400 1400 1400 75 46 0 75 52 0 75 42 0 75 44 0 5978 950000 4750 922010 1098750 1012356
 1669.439922 6203 1400 1400 1400 1400 75 46 0 75 52 0 75 42 0 75 44 0 5978 950000 4750 922558 1098750 1012356
 1669.639922 6204 1400 1400 1400 1400 75 46 0 75 52 0 75 42 0 75 44 0 5978 950000 4750 922010 1098750 1012356
 1669.839923 6205 1400 1400 1400 1400 75 46 0 75 52 0 75 42 0 75 44 0 5978 950000 4750 921736 1098750 1011258
 1670.039933 6206 1400 1400 1400 1400 76 46 0 76 52 0 76 42 0 76 44 0 5978 950000 4750 921736 1098750 1011258
 1670.239923 6207 1400 1400 1400 1400 76 46 0 76 52 0 76 42 0 76 44 0 5978 950000 4750 920914 1098750 1010160
 1670.439919 6208 1400 1400 1400 1400 76 46 0 76 52 0 76 42 0 76 44 0 5978 950000 4750 920914 1098750 1010160
 1670.639922 6209 1400 1400 1400 1400 76 46 0 76 52 0 76 42 0 76 44 0 5978 950000 4750 923380 1098750 1013454
 1670.839905 6210 1400 1400 1400 1400 76 46 0 76 52 0 76 42 0 76 44 0 5978 950000 4750 923380 1098750 1013454
 1671.039934 6211 1400 1400 1400 1400 75 46 0 75 52 0 75 42 0 75 44 0 5978 950000 4750 923928 1098750 1013454
 1671.239923 6212 1400 1400 1400 1400 75 46 0 75 52 0 75 42 0 75 44 0 6222 950000 5700 924202 1098750 1014552
 1671.439922 6213 1400 1400 1400 1400 75 46 0 75 52 0 75 42 0 75 44 0 5978 950000 4750 924202 1098750 1014552
 1671.639923 6214 1400 1400 1400 1400 75 46 0 75 52 0 75 42 0 75 44 0 5978 950000 4750 922284 1098750 1012356
 1671.839922 6215 1400 1400 1400 1400 75 46 0 75 52 0 75 42 0 75 44 0 5978 950000 4750 922284 1098750 1012356
 1672.039932 6216 1400 1400 1400 1400 76 46 0 76 52 0 76 42 0 76 44 0 5978 950000 4750 922832 1098750 1012356
 1672.239924 6217 1400 1400 1400 1400 76 46 0 76 52 0 76 42 0 76 44 0 5978 950000 4750 922832 1098750 1012356
 1672.439922 6218 1400 1400 1400 1400 76 46 0 76 52 0 76 42 0 76 44 0 5978 950000 4750 924750 1098750 1014552
 1672.639923 6219 1400 1400 1400 1400 76 46 0 76 52 0 76 42 0 76 44 0 5978 950000 4750 924750 1098750 1014552
 1672.839919 6220 1400 1400 1400 1400 76 46 0 76 52 0 76 42 0 76 44 0 5978 950000 4750 924202 1098750 1014552
 1673.039938 6221 1400 1400 1400 1400 76 46 0 76 52 0 76 42 0 76 44 0 5978 950000 4750 925298 1098750 1015650
 1673.239923 6222 1400 1400 1400 1400 76 46 0 76 52 0 76 42 0 76 44 0 5978 950000 4750 923654 1098750 1013454
 1673.439922 6223 1400 1400 1400 1400 76 46 0 76 52 0 76 42 0 76 44 0 5978 950000 4750 923654 1098750 1013454
 1673.639923 6224 1400 1400 1400 1400 76 46 0 76 52 0 76 42 0 76 44 0 5978 950000 4750 922010 1098750 1012356
 1673.839924 6225 1400 1400 1400 1400 76 46 0 76 52 0 76 42 0 76 44 0 5978 950000 4750 925024 1098750 1015650
 1674.039933 6226 1400 1400 1400 1400 76 46 0 76 52 0 76 42 0 76 44 0 6222 950000 5700 922832 1098750 1012356
 1674.239922 6227 1400 1400 1400 1400 76 46 0 76 52 0 76 42 0 76 44 0 6222 950000 5700 922832 1098750 1012356
 1674.439923 6228 1400 1400 1400 1400 76 46 0 76 52 0 76 42 0 76 44 0 6222 950000 5700 923654 1098750 1013454
 1674.639923 6229 1400 1400 1400 1400 76 46 0 76 52 0 76 42 0 76 44 0 5978 950000 4750 925024 1098750 1015650
 1674.839922 6230 1400 1400 1400 1400 76 46 0 76 52 0 76 42 0 76 44 0 5978 950000 4750 925298 1098750 1015650
 1675.039933 6231 1400 1400 1400 1400 76 46 0 76 52 0 76 42 0 76 44 0 5978 950000 4750 925298 1098750 1015650
 1675.239919 6232 1400 1400 1400 1400 76 46 0 76 52 0 76 42 0 76 44 0 5978 950000 4750 924476 1098750 1014552
 1675.439921 6233 1400 1400 1400 1400 76 46 0 76 52 0 76 42 0 76 44 0 5978 950000 4750 922558 1098750 1012356
 1675.639924 6234 1400 1400 1400 1400 76 46 0 76 52 0 76 42 0 76 44 0 6222 950000 5700 922832 1098750 1012356
 1675.839923 6235 1400 1400 1400 1400 76 46 0 76 52 0 76 42 0 76 44 0 6222 950000 5700 922832 1098750 1012356
 1676.039933 6236 1400 1400 1400 1400 76 46 0 76 52 0 76 42 0 76 44 0 5978 950000 4750 923106 1098750 1013454
 1676.239923 6237 1400 1400 1400 1400 76 46 0 76 52 0 76 42 0 76 44 0 5978 950000 4750 921736 1098750 1011258
 1676.439922 6238 1400 1400 1400 1400 76 46 0 76 52 0 76 42 0 76 44 0 5978 950000 4750 923928 1098750 1013454
 1676.639923 6239 1400 1400 1400 1400 76 46 0 76 52 0 76 42 0 76 44 0 5978 950000 4750 923928 1098750 1013454
 1676.839922 6240 1400 1400 1400 1400 76 46 0 76 52 0 76 42 0 76 44 0 5978 950000 4750 925572 1098750 1015650
 1677.039932 6241 1400 1400 1400 1400 76 46 0 76 52 0 76 42 0 76 44 0 5978 950000 4750 924750 1098750 1014552
 1677.239923 6242 1400 1400 1400 1400 76 46 0 76 52 0 76 42 0 76 44 0 5978 950000 4750 922832 1098750 1012356
 1677.439857 6243 1400 1400 1400 1400 76 46 0 76 52 0 76 42 0 76 44 0 5978 950000 4750 922284 1098750 1012356
 1677.639923 6244 1400 1400 1400 1400 76 46 0 76 52 0 76 42 0 76 44 0 5978 950000 4750 922284 1098750 1012356
 1677.839923 6245 1400 1400 1400 1400 76 46 0 76 52 0 76 42 0 76 44 0 5978 950000 4750 923380 1098750 1013454
 1678.039932 6246 1400 1400 1400 1400 76 46 0 76 52 0 76 42 0 76 44 0 6222 950000 5700 922832 1098750 1012356
 1678.239923 6247 1400 1400 1400 1400 76 46 0 76 52 0 76 42 0 76 44 0 6222 950000 5700 923928 1098750 1013454
 1678.439922 6248 1400 1400 1400 1400 76 46 0 76 52 0 76 42 0 76 44 0 6222 950000 5700 923928 1098750 1013454
 1678.639923 6249 1400 1400 1400 1400 76 46 0 76 52 0 76 42 0 76 44 0 6222 950000 5700 924476 1098750 1014552
 1678.839923 6250 1400 1400 1400 1400 76 46 0 76 52 0 76 42 0 76 44 0 6222 950000 5700 925572 1098750 1015650
 1679.039931 6251 1400 1400 1400 1400 76 46 0 76 52 0 76 42 0 76 44 0 5978 950000 4750 922284 1098750 1012356
 1679.239924 6252 1400 1400 1400 1400 76 46 0 76 52 0 76 42 0 76 44 0 5978 950000 4750 922284 1098750 1012356
 1679.439923 6253 1400 1400 1400 1400 76 46 0 76 52 0 76 42 0 76 44 0 5978 950000 4750 922010 1098750 1012356
 1679.639922 6254 1400 1400 1400 1400 76 46 0 76 52 0 76 42 0 76 44 0 6222 950000 5700 924202 1098750 1014552
 1679.839925 6255 1400 1400 1400 1400 76 46 0 76 52 0 76 42 0 76 44 0 5978 950000 4750 922832 1098750 1012356
 1680.039933 6256 1400 1400 1400 1400 76 46 0 76 52 0 76 42 0 76 44 0 5978 950000 4750 922832 1098750 1012356
 1680.239923 6257 1400 1400 1400 1400 76 46 0 76 52 0 76 42 0 76 44 0 5978 950000 4750 925024 1098750 1015650
 1680.439922 6258 1400 1400 1400 1400 76 46 0 76 52 0 76 42 0 76 44 0 6222 950000 5700 925024 1098750 1015650
 1680.639922 6259 1400 1400 1400 1400 76 46 0 76 52 0 76 42 0 76 44 0 5978 950000 4750 924750 1098750 1014552
 1680.839923 6260 1400 1400 1400 1400 76 46 0 76 52 0 76 42 0 76 44 0 5978 950000 4750 924750 1098750 1014552
 1681.039929 6261 1400 1400 1400 1400 76 46 0 76 52 0 76 42 0 76 44 0 6222 950000 5700 924476 1098750 1014552
 1681.239922 6262 1400 1400 1400 1400 76 46 0 76 52 0 76 42 0 76 44 0 5978 950000 4750 922832 1098750 1012356
 1681.439923 6263 1400 1400 1400 1400 76 46 0 76 52 0 76 42 0 76 44 0 6222 950000 5700 922832 1098750 1012356
 1681.639923 6264 1400 1400 1400 1400 76 46 0 76 52 0 76 42 0 76 44 0 6222 950000 5700 922832 1098750 1012356
 1681.839923 6265 1400 1400 1400 1400 76 46 0 76 52 0 76 42 0 76 44 0 5978 950000 4750 923380 1098750 1013454
 1682.039933 6266 1400 1400 1400 1400 76 46 0 76 52 0 76 42 0 76 44 0 5978 950000 4750 925024 1098750 1015650
 1682.239923 6267 1400 1400 1400 1400 76 46 0 76 52 0 76 42 0 76 44 0 6222 950000 5700 925024 1098750 1015650
 1682.439924 6268 1400 1400 1400 1400 76 46 0 76 52 0 76 42 0 76 44 0 6222 950000 5700 925024 1098750 1015650
 1682.639923 6269 1400 1400 1400 1400 76 46 0 76 52 0 76 42 0 76 44 0 6222 950000 5700 925024 1098750 1015650
 1682.839923 6270 1400 1400 1400 1400 76 46 0 76 52 0 76 42 0 76 44 0 5978 950000 4750 925024 1098750 1015650
 1683.039932 6271 1400 1400 1400 1400 76 46 0 76 52 0 76 42 0 76 44 0 5978 950000 4750 926394 1098750 1016748
 1683.239905 6272 1400 1400 1400 1400 76 46 0 76 52 0 76 42 0 76 44 0 5978 950000 4750 926394 1098750 1016748
 1683.439919 6273 1400 1400 1400 1400 76 46 0 76 52 0 76 42 0 76 44 0 5978 950000 4750 922832 1098750 1012356
 1683.639923 6274 1400 1400 1400 1400 76 46 0 76 52 0 76 42 0 76 44 0 5978 950000 4750 922832 1098750 1012356
 1683.839924 6275 1400 1400 1400 1400 76 46 0 76 52 0 76 42 0 76 44 0 6222 950000 5700 925572 1098750 1015650
 1684.039910 6276 1400 1400 1400 1400 76 46 0 76 52 0 76 42 0 76 44 0 5978 950000 4750 924476 1098750 1014552
 1684.239923 6277 1400 1400 1400 1400 76 46 0 76 52 0 76 42 0 76 44 0 5978 950000 4750 924476 1098750 1014552
 1684.439922 6278 1400 1400 1400 1400 76 46 0 76 52 0 76 42 0 76 44 0 5978 950000 4750 924750 1098750 1014552
 1684.639923 6279 1400 1400 1400 1400 76 46 0 76 52 0 76 42 0 76 44 0 5978 950000 4750 918174 1098750 1007964
 1684.839923 6280 1400 1400 1400 1400 76 46 0 76 52 0 76 42 0 76 44 0 5978 950000 4750 922832 1098750 1012356
 1685.039934 6281 1400 1400 1400 1400 76 46 0 76 52 0 76 42 0 76 44 0 5978 950000 4750 922832 1098750 1012356
 1685.239923 6282 1400 1400 1400 1400 76 46 0 76 52 0 76 42 0 76 44 0 5978 950000 4750 923928 1098750 1013454
 1685.439922 6283 1400 1400 1400 1400 76 46 0 76 52 0 76 42 0 76 44 0 5978 950000 4750 922558 1098750 1012356
 1685.639918 6284 1400 1400 1400 1400 76 46 0 76 52 0 76 42 0 76 44 0 6222 950000 5700 924476 1098750 1014552
 1685.839922 6285 1400 1400 1400 1400 76 46 0 76 52 0 76 42 0 76 44 0 6222 950000 5700 924476 1098750 1014552
 1686.039934 6286 1400 1400 1400 1400 76 46 0 76 52 0 76 42 0 76 44 0 6222 950000 5700 925298 1098750 1015650
 1686.239923 6287 1400 1400 1400 1400 76 46 0 76 52 0 76 42 0 76 44 0 6222 950000 5700 923654 1098750 1013454
 1686.439922 6288 1400 1400 1400 1400 76 46 0 76 52 0 76 42 0 76 44 0 6222 950000 5700 924750 1098750 1014552
 1686.639923 6289 1400 1400 1400 1400 76 46 0 76 52 0 76 42 0 76 44 0 6222 950000 5700 924750 1098750 1014552
 1686.839923 6290 1400 1400 1400 1400 76 46 0 76 52 0 76 42 0 76 44 0 5978 950000 4750 922558 1098750 1012356
 1687.039933 6291 1400 1400 1400 1400 76 46 0 76 52 0 76 42 0 76 44 0 5978 950000 4750 923380 1098750 1013454
 1687.239923 6292 1400 1400 1400 1400 76 46 0 76 52 0 76 42 0 76 44 0 6222 950000 5700 923380 1098750 1013454
 1687.439922 6293 1400 1400 1400 1400 76 46 0 76 52 0 76 42 0 76 44 0 6222 950000 5700 923380 1098750 1013454
 1687.639923 6294 1400 1400 1400 1400 76 46 0 76 52 0 76 42 0 76 44 0 5978 950000 4750 923380 1098750 1013454
 1687.839923 6295 1400 1400 1400 1400 76 46 0 76 52 0 76 42 0 76 44 0 6222 950000 5700 924750 1098750 1014552
 1688.039918 6296 1400 1400 1400 1400 76 46 0 76 52 0 76 42 0 76 44 0 6222 950000 5700 925572 1098750 1015650
 1688.239924 6297 1400 1400 1400 1400 76 46 0 76 52 0 76 42 0 76 44 0 6222 950000 5700 925572 1098750 1015650
 1688.439923 6298 1400 1400 1400 1400 76 46 0 76 52 0 76 42 0 76 44 0 6222 950000 5700 924202 1098750 1014552
 1688.639922 6299 1400 1400 1400 1400 76 46 0 76 52 0 76 42 0 76 44 0 5978 950000 4750 923380 1098750 1013454
 1688.839923 6300 1400 1400 1400 1400 76 46 0 76 52 0 76 42 0 76 44 0 5978 950000 4750 923654 1098750 1013454
 1689.039933 6301 1400 1400 1400 1400 76 46 0 76 52 0 76 42 0 76 44 0 5978 950000 4750 923654 1098750 1013454
 1689.239923 6302 1400 1400 1400 1400 76 46 0 76 52 0 76 42 0 76 44 0 6222 950000 5700 922832 1098750 1012356
 1689.439922 6303 1400 1400 1400 1400 76 46 0 76 52 0 76 42 0 76 44 0 5978 950000 4750 922832 1098750 1012356
 1689.639923 6304 1400 1400 1400 1400 76 46 0 76 52 0 76 42 0 76 44 0 6222 950000 5700 924202 1098750 1014552
 1689.839904 6305 1400 1400 1400 1400 76 46 0 76 52 0 76 42 0 76 44 0 6222 950000 5700 924202 1098750 1014552
 1690.039932 6306 1400 1400 1400 1400 76 46 0 76 52 0 76 42 0 76 44 0 5978 950000 4750 925298 1098750 1015650
 1690.239922 6307 1400 1400 1400 1400 76 46 0 76 52 0 76 42 0 76 44 0 6222 950000 5700 924476 1098750 1014552
 1690.439918 6308 1400 1400 1400 1400 76 46 0 76 52 0 76 42 0 76 44 0 5978 950000 4750 922832 1098750 1012356
 1690.639919 6309 1400 1400 1400 1400 76 46 0 76 52 0 76 42 0 76 44 0 5978 950000 4750 922832 1098750 1012356
 1690.839919 6310 1400 1400 1400 1400 76 46 0 76 52 0 76 42 0 76 44 0 5978 950000 4750 922832 1098750 1012356
 1691.039932 6311 1400 1400 1400 1400 76 46 0 76 52 0 76 42 0 76 44 0 5978 950000 4750 923106 1098750 1013454
 1691.239923 6312 1400 1400 1400 1400 76 46 0 76 52 0 76 42 0 76 44 0 5978 950000 4750 921736 1098750 1011258
 1691.439922 6313 1400 1400 1400 1400 76 46 0 76 52 0 76 42 0 76 44 0 6222 950000 5700 925298 1098750 1015650
 1691.639923 6314 1400 1400 1400 1400 76 46 0 76 52 0 76 42 0 76 44 0 6222 950000 5700 925298 1098750 1015650
 1691.839922 6315 1400 1400 1400 1400 76 46 0 76 52 0 76 42 0 76 44 0 6222 950000 5700 926120 1098750 1016748
 1692.039934 6316 1400 1400 1400 1400 76 46 0 76 52 0 76 42 0 76 44 0 5978 950000 4750 925024 1098750 1015650
 1692.239922 6317 1400 1400 1400 1400 76 46 0 76 52 0 76 42 0 76 44 0 6222 950000 5700 922832 1098750 1012356
 1692.439923 6318 1400 1400 1400 1400 76 46 0 76 52 0 76 42 0 76 44 0 6222 950000 5700 922832 1098750 1012356
 1692.639923 6319 1400 1400 1400 1400 76 46 0 76 52 0 76 42 0 76 44 0 5978 950000 4750 924202 1098750 1014552
 1692.839919 6320 1400 1400 1400 1400 76 46 0 76 52 0 76 42 0 76 44 0 5978 950000 4750 923106 1098750 1013454
 1693.039932 6321 1400 1400 1400 1400 76 46 0 76 52 0 76 42 0 76 44 0 6222 950000 5700 923380 1098750 1013454
 1693.239923 6322 1400 1400 1400 1400 76 46 0 76 52 0 76 42 0 76 44 0 6222 950000 5700 923380 1098750 1013454
 1693.439922 6323 1400 1400 1400 1400 76 46 0 76 52 0 76 42 0 76 44 0 6222 950000 5700 925846 1098750 1015650
 1693.639922 6324 1400 1400 1400 1400 76 46 0 76 52 0 76 42 0 76 44 0 5978 950000 4750 925572 1098750 1015650
 1693.839922 6325 1400 1400 1400 1400 76 46 0 76 52 0 76 42 0 76 44 0 5978 950000 4750 925572 1098750 1015650
 1694.039933 6326 1400 1400 1400 1400 76 46 0 76 52 0 76 42 0 76 44 0 5978 950000 4750 925572 1098750 1015650
 1694.239923 6327 1400 1400 1400 1400 76 46 0 76 52 0 76 42 0 76 44 0 6222 950000 5700 925572 1098750 1015650
 1694.439923 6328 1400 1400 1400 1400 76 46 0 76 52 0 76 42 0 76 44 0 6222 950000 5700 922832 1098750 1012356
 1694.639922 6329 1400 1400 1400 1400 76 46 0 76 52 0 76 42 0 76 44 0 6222 950000 5700 921736 1098750 1011258
 1694.839922 6330 1400 1400 1400 1400 76 46 0 76 52 0 76 42 0 76 44 0 6222 950000 5700 921736 1098750 1011258
 1695.039932 6331 1400 1400 1400 1400 76 46 0 76 52 0 76 42 0 76 44 0 6222 950000 5700 925572 1098750 1015650
 1695.239918 6332 1400 1400 1400 1400 76 46 0 76 52 0 76 42 0 76 44 0 5978 950000 4750 924750 1098750 1014552
 1695.439922 6333 1400 1400 1400 1400 76 46 0 76 52 0 76 42 0 76 44 0 5978 950000 4750 925024 1098750 1015650
 1695.639923 6334 1400 1400 1400 1400 76 46 0 76 52 0 76 42 0 76 44 0 5978 950000 4750 925024 1098750 1015650
 1695.839922 6335 1400 1400 1400 1400 76 46 0 76 52 0 76 42 0 76 44 0 5978 950000 4750 924750 1098750 1014552
 1696.039932 6336 1400 1400 1400 1400 76 46 0 76 52 0 76 42 0 76 44 0 5978 950000 4750 926394 1098750 1016748
 1696.239923 6337 1400 1400 1400 1400 76 46 0 76 52 0 76 42 0 76 44 0 6222 950000 5700 922558 1098750 1012356
 1696.439854 6338 1400 1400 1400 1400 76 46 0 76 52 0 76 42 0 76 44 0 5978 950000 4750 923380 1098750 1013454
 1696.639923 6339 1400 1400 1400 1400 76 46 0 76 52 0 76 42 0 76 44 0 5978 950000 4750 923380 1098750 1013454
 1696.839922 6340 1400 1400 1400 1400 76 46 0 76 52 0 76 42 0 76 44 0 5978 950000 4750 922832 1098750 1012356
 1697.039976 6341 1400 1400 1400 1400 76 46 0 76 52 0 76 42 0 76 44 0 6222 950000 5700 925572 1098750 1015650
 1697.239927 6342 1400 1400 1400 1400 76 46 0 76 52 0 76 42 0 76 44 0 5978 950000 4750 924476 1098750 1014552
 1697.439931 6343 1400 1400 1400 1400 76 46 0 76 52 0 76 42 0 76 44 0 5978 950000 4750 924476 1098750 1014552
 1697.639931 6344 1400 1400 1400 1400 76 46 0 76 52 0 76 42 0 76 44 0 6222 950000 5700 925024 1098750 1015650
 1697.839922 6345 1400 1400 1400 1400 76 46 0 76 52 0 76 42 0 76 44 0 6222 950000 5700 925846 1098750 1015650
 1698.039932 6346 1400 1400 1400 1400 76 46 0 76 52 0 76 42 0 76 44 0 6222 950000 5700 923106 1098750 1013454
 1698.239925 6347 1400 1400 1400 1400 76 46 0 76 52 0 76 42 0 76 44 0 6222 950000 5700 923106 1098750 1013454
 1698.439922 6348 1400 1400 1400 1400 76 46 0 76 52 0 76 42 0 76 44 0 5978 950000 4750 922832 1098750 1012356
 1698.639919 6349 1400 1400 1400 1400 76 46 0 76 52 0 76 42 0 76 44 0 6222 950000 5700 922558 1098750 1012356
 1698.839922 6350 1400 1400 1400 1400 76 46 0 76 52 0 76 42 0 76 44 0 5978 950000 4750 923654 1098750 1013454
 1699.039933 6351 1400 1400 1400 1400 76 46 0 76 52 0 76 42 0 76 44 0 5978 950000 4750 923654 1098750 1013454
 1699.239923 6352 1400 1400 1400 1400 76 46 0 76 52 0 76 42 0 76 44 0 6222 950000 5700 923928 1098750 1013454
 1699.439922 6353 1400 1400 1400 1400 76 46 0 76 52 0 76 42 0 76 44 0 6222 950000 5700 923928 1098750 1013454
 1699.639922 6354 1400 1400 1400 1400 76 46 0 76 52 0 76 42 0 76 44 0 5978 950000 4750 925024 1098750 1015650
 1699.839924 6355 1400 1400 1400 1400 76 46 0 76 52 0 76 42 0 76 44 0 5978 950000 4750 925024 1098750 1015650
 1700.039933 6356 1400 1400 1400 1400 76 46 0 76 52 0 76 42 0 76 44 0 6222 950000 5700 923654 1098750 1013454
 1700.239922 6357 1400 1400 1400 1400 76 46 0 76 52 0 76 42 0 76 44 0 5978 950000 4750 923106 1098750 1013454
 1700.439923 6358 1400 1400 1400 1400 76 46 0 76 52 0 76 42 0 76 44 0 5978 950000 4750 924750 1098750 1014552
 1700.639923 6359 1400 1400 1400 1400 76 46 0 76 52 0 76 42 0 76 44 0 5978 950000 4750 924750 1098750 1014552
 1700.839923 6360 1400 1400 1400 1400 76 46 0 76 52 0 76 42 0 76 44 0 6222 950000 5700 924202 1098750 1014552
 1701.039929 6361 1400 1400 1400 1400 76 46 0 76 52 0 76 42 0 76 44 0 5978 950000 4750 924476 1098750 1014552
 1701.239923 6362 1400 1400 1400 1400 76 46 0 76 52 0 76 42 0 76 44 0 5978 950000 4750 924476 1098750 1014552
 1701.439922 6363 1400 1400 1400 1400 76 46 0 76 52 0 76 42 0 76 44 0 5978 950000 4750 924476 1098750 1014552
 1701.639923 6364 1400 1400 1400 1400 76 46 0 76 52 0 76 42 0 76 44 0 6222 950000 5700 923928 1098750 1013454
 1701.839922 6365 1400 1400 1400 1400 76 46 0 76 52 0 76 42 0 76 44 0 5978 950000 4750 922284 1098750 1012356
 1702.039932 6366 1400 1400 1400 1400 76 46 0 76 52 0 76 42 0 76 44 0 5978 950000 4750 922558 1098750 1012356
 1702.239906 6367 1400 1400 1400 1400 76 46 0 76 52 0 76 42 0 76 44 0 5978 950000 4750 922558 1098750 1012356
 1702.439921 6368 1400 1400 1400 1400 76 46 0 76 52 0 76 42 0 76 44 0 5978 950000 4750 922010 1098750 1012356
 1702.639923 6369 1400 1400 1400 1400 76 46 0 76 52 0 76 42 0 76 44 0 6222 950000 5700 922284 1098750 1012356
 1702.839923 6370 1400 1400 1400 1400 76 46 0 76 52 0 76 42 0 76 44 0 6222 950000 5700 925572 1098750 1015650
 1703.039911 6371 1400 1400 1400 1400 76 46 0 76 52 0 76 42 0 76 44 0 6222 950000 5700 923928 1098750 1013454
 1703.239923 6372 1400 1400 1400 1400 76 46 0 76 52 0 76 42 0 76 44 0 6222 950000 5700 923928 1098750 1013454
 1703.439917 6373 1400 1400 1400 1400 76 46 0 76 52 0 76 42 0 76 44 0 5978 950000 4750 925572 1098750 1015650
 1703.639923 6374 1400 1400 1400 1400 76 46 0 76 52 0 76 42 0 76 44 0 6222 950000 5700 924202 1098750 1014552
 1703.839923 6375 1400 1400 1400 1400 76 46 0 76 52 0 76 42 0 76 44 0 5978 950000 4750 925024 1098750 1015650
 1704.039933 6376 1400 1400 1400 1400 76 46 0 76 52 0 76 42 0 76 44 0 5978 950000 4750 925024 1098750 1015650
 1704.239922 6377 1400 1400 1400 1400 76 46 0 76 52 0 76 42 0 76 44 0 5978 950000 4750 922832 1098750 1012356
 1704.439922 6378 1400 1400 1400 1400 76 46 0 76 52 0 76 42 0 76 44 0 5978 950000 4750 925024 1098750 1015650
 1704.639924 6379 1400 1400 1400 1400 76 46 0 76 52 0 76 42 0 76 44 0 5978 950000 4750 925024 1098750 1015650
 1704.839924 6380 1400 1400 1400 1400 76 46 0 76 52 0 76 42 0 76 44 0 5978 950000 4750 925024 1098750 1015650
 1705.039934 6381 1400 1400 1400 1400 76 46 0 76 52 0 76 42 0 76 44 0 5978 950000 4750 924476 1098750 1014552
 1705.239923 6382 1400 1400 1400 1400 76 46 0 76 52 0 76 42 0 76 44 0 6222 950000 5700 923928 1098750 1013454
 1705.439921 6383 1400 1400 1400 1400 76 46 0 76 52 0 76 42 0 76 44 0 5978 950000 4750 923380 1098750 1013454
 1705.639923 6384 1400 1400 1400 1400 76 46 0 76 52 0 76 42 0 76 44 0 5978 950000 4750 923380 1098750 1013454
 1705.839919 6385 1400 1400 1400 1400 76 46 0 76 52 0 76 42 0 76 44 0 6222 950000 5700 922558 1098750 1012356
 1706.039933 6386 1400 1400 1400 1400 76 46 0 76 52 0 76 42 0 76 44 0 5978 950000 4750 922558 1098750 1012356
 1706.239923 6387 1400 1400 1400 1400 76 46 0 76 52 0 76 42 0 76 44 0 6222 950000 5700 922832 1098750 1012356
 1706.439922 6388 1400 1400 1400 1400 76 46 0 76 52 0 76 42 0 76 44 0 6222 950000 5700 922832 1098750 1012356
 1706.639923 6389 1400 1400 1400 1400 76 46 0 76 52 0 76 42 0 76 44 0 5978 950000 4750 923654 1098750 1013454
 1706.839923 6390 1400 1400 1400 1400 76 46 0 76 52 0 76 42 0 76 44 0 5978 950000 4750 925298 1098750 1015650
 1707.039933 6391 1400 1400 1400 1400 76 46 0 76 52 0 76 42 0 76 44 0 5978 950000 4750 924476 1098750 1014552
 1707.239923 6392 1400 1400 1400 1400 76 46 0 76 52 0 76 42 0 76 44 0 5978 950000 4750 924476 1098750 1014552
 1707.439922 6393 1400 1400 1400 1400 76 46 0 76 52 0 76 42 0 76 44 0 5978 950000 4750 924750 1098750 1014552
 1707.639923 6394 1400 1400 1400 1400 76 46 0 76 52 0 76 42 0 76 44 0 6222 950000 5700 922284 1098750 1012356
 1707.839924 6395 1400 1400 1400 1400 76 46 0 76 52 0 76 42 0 76 44 0 6222 950000 5700 922832 1098750 1012356
 1708.039933 6396 1400 1400 1400 1400 76 46 0 76 52 0 76 42 0 76 44 0 6222 950000 5700 922832 1098750 1012356
 1708.239919 6397 1400 1400 1400 1400 76 46 0 76 52 0 76 42 0 76 44 0 5978 950000 4750 923654 1098750 1013454
 1708.439922 6398 1400 1400 1400 1400 76 46 0 76 52 0 76 42 0 76 44 0 6222 950000 5700 924750 1098750 1014552
 1708.639923 6399 1400 1400 1400 1400 76 46 0 76 52 0 76 42 0 76 44 0 5978 950000 4750 924202 1098750 1014552
 1708.839907 6400 1400 1400 1400 1400 76 46 0 76 52 0 76 42 0 76 44 0 5978 950000 4750 924202 1098750 1014552
 1709.039933 6401 1400 1400 1400 1400 76 46 0 76 52 0 76 42 0 76 44 0 6222 950000 5700 925572 1098750 1015650
 1709.239923 6402 1400 1400 1400 1400 76 46 0 76 52 0 76 42 0 76 44 0 6222 950000 5700 925298 1098750 1015650
 1709.439923 6403 1400 1400 1400 1400 76 46 0 76 52 0 76 42 0 76 44 0 6222 950000 5700 922832 1098750 1012356
 1709.639923 6404 1400 1400 1400 1400 76 46 0 76 52 0 76 42 0 76 44 0 5978 950000 4750 924476 1098750 1014552
 1709.839923 6405 1400 1400 1400 1400 76 46 0 76 52 0 76 42 0 76 44 0 5978 950000 4750 924476 1098750 1014552
 1710.039934 6406 1400 1400 1400 1400 76 46 0 76 52 0 76 42 0 76 44 0 6222 950000 5700 923654 1098750 1013454
 1710.239922 6407 1400 1400 1400 1400 76 46 0 76 52 0 76 42 0 76 44 0 5978 950000 4750 924202 1098750 1014552
 1710.439917 6408 1400 1400 1400 1400 76 46 0 76 52 0 76 42 0 76 44 0 5978 950000 4750 924202 1098750 1014552
 1710.639923 6409 1400 1400 1400 1400 76 46 0 76 52 0 76 42 0 76 44 0 5978 950000 4750 924202 1098750 1014552
 1710.839924 6410 1400 1400 1400 1400 76 46 0 76 52 0 76 42 0 76 44 0 6222 950000 5700 926120 1098750 1016748
 1711.039933 6411 1400 1400 1400 1400 76 46 0 76 52 0 76 42 0 76 44 0 5978 950000 4750 924750 1098750 1014552
 1711.239923 6412 1400 1400 1400 1400 76 46 0 76 52 0 76 42 0 76 44 0 5978 950000 4750 922558 1098750 1012356
 1711.439922 6413 1400 1400 1400 1400 76 46 0 76 52 0 76 42 0 76 44 0 5978 950000 4750 922558 1098750 1012356
 1711.639923 6414 1400 1400 1400 1400 76 46 0 76 52 0 76 42 0 76 44 0 6222 950000 5700 924202 1098750 1014552
 1711.839923 6415 1400 1400 1400 1400 76 46 0 76 52 0 76 42 0 76 44 0 5978 950000 4750 923654 1098750 1013454
 1712.039932 6416 1400 1400 1400 1400 76 46 0 76 52 0 76 42 0 76 44 0 6222 950000 5700 922832 1098750 1012356
 1712.239923 6417 1400 1400 1400 1400 76 46 0 76 52 0 76 42 0 76 44 0 6222 950000 5700 922832 1098750 1012356
 1712.439922 6418 1400 1400 1400 1400 76 46 0 76 52 0 76 42 0 76 44 0 6222 950000 5700 926120 1098750 1016748
 1712.639923 6419 1400 1400 1400 1400 76 46 0 76 52 0 76 42 0 76 44 0 6222 950000 5700 924750 1098750 1014552
 1712.839918 6420 1400 1400 1400 1400 76 46 0 76 52 0 76 42 0 76 44 0 5978 950000 4750 924750 1098750 1014552
 1713.039934 6421 1400 1400 1400 1400 76 46 0 76 52 0 76 42 0 76 44 0 5978 950000 4750 924750 1098750 1014552
 1713.239923 6422 1400 1400 1400 1400 76 46 0 76 52 0 76 42 0 76 44 0 5978 950000 4750 925024 1098750 1015650
 1713.439922 6423 1400 1400 1400 1400 76 46 0 76 52 0 76 42 0 76 44 0 6222 950000 5700 923106 1098750 1013454
 1713.639923 6424 1400 1400 1400 1400 76 46 0 76 52 0 76 42 0 76 44 0 5978 950000 4750 922832 1098750 1012356
 1713.839923 6425 1400 1400 1400 1400 76 46 0 76 52 0 76 42 0 76 44 0 5978 950000 4750 922832 1098750 1012356
 1714.039934 6426 1400 1400 1400 1400 76 46 0 76 52 0 76 42 0 76 44 0 6222 950000 5700 923380 1098750 1013454
 1714.239923 6427 1400 1400 1400 1400 76 46 0 76 52 0 76 42 0 76 44 0 5978 950000 4750 925024 1098750 1015650
 1714.439922 6428 1400 1400 1400 1400 76 46 0 76 52 0 76 42 0 76 44 0 5978 950000 4750 924750 1098750 1014552
 1714.639923 6429 1400 1400 1400 1400 76 46 0 76 52 0 76 42 0 76 44 0 5978 950000 4750 924750 1098750 1014552
 1714.839923 6430 1400 1400 1400 1400 76 46 0 76 52 0 76 42 0 76 44 0 5978 950000 4750 922284 1098750 1012356
 1715.039936 6431 1400 1400 1400 1400 76 46 0 76 52 0 76 42 0 76 44 0 5978 950000 4750 923380 1098750 1013454
 1715.239919 6432 1400 1400 1400 1400 76 46 0 76 52 0 76 42 0 76 44 0 6222 950000 5700 921462 1098750 1011258
 1715.439900 6433 1400 1400 1400 1400 76 46 0 76 52 0 76 42 0 76 44 0 5978 950000 4750 922010 1098750 1012356
 1715.639922 6434 1400 1400 1400 1400 76 46 0 76 52 0 76 42 0 76 44 0 5978 950000 4750 922010 1098750 1012356
 1715.839923 6435 1400 1400 1400 1400 76 46 0 76 52 0 76 42 0 76 44 0 6222 950000 5700 921736 1098750 1011258
 1716.039934 6436 1400 1400 1400 1400 76 46 0 76 52 0 76 42 0 76 44 0 5978 950000 4750 926120 1098750 1016748
 1716.239918 6437 1400 1400 1400 1400 76 46 0 76 52 0 76 42 0 76 44 0 5978 950000 4750 925024 1098750 1015650
 1716.439922 6438 1400 1400 1400 1400 76 46 0 76 52 0 76 42 0 76 44 0 5978 950000 4750 925024 1098750 1015650
 1716.639922 6439 1400 1400 1400 1400 76 46 0 76 52 0 76 42 0 76 44 0 5978 950000 4750 925572 1098750 1015650
 1716.839924 6440 1400 1400 1400 1400 76 46 0 76 52 0 76 42 0 76 44 0 6222 950000 5700 922832 1098750 1012356
 1717.039933 6441 1400 1400 1400 1400 76 46 0 76 52 0 76 42 0 76 44 0 5978 950000 4750 922558 1098750 1012356
 1717.239925 6442 1400 1400 1400 1400 76 46 0 76 52 0 76 42 0 76 44 0 5978 950000 4750 922558 1098750 1012356
 1717.439922 6443 1400 1400 1400 1400 76 46 0 76 52 0 76 42 0 76 44 0 6222 950000 5700 922832 1098750 1012356
 1717.639923 6444 1400 1400 1400 1400 76 46 0 76 52 0 76 42 0 76 44 0 6222 950000 5700 921736 1098750 1011258
 1717.839923 6445 1400 1400 1400 1400 76 46 0 76 52 0 76 42 0 76 44 0 6222 950000 5700 924476 1098750 1014552
 1718.039933 6446 1400 1400 1400 1400 76 46 0 76 52 0 76 42 0 76 44 0 6222 950000 5700 924476 1098750 1014552
 1718.239923 6447 1400 1400 1400 1400 76 46 0 76 52 0 76 42 0 76 44 0 6222 950000 5700 923928 1098750 1013454
 1718.439923 6448 1400 1400 1400 1400 76 46 0 76 52 0 76 42 0 76 44 0 6222 950000 5700 923654 1098750 1013454
 1718.639918 6449 1400 1400 1400 1400 76 46 0 76 52 0 76 42 0 76 44 0 5978 950000 4750 924202 1098750 1014552
 1718.839923 6450 1400 1400 1400 1400 76 46 0 76 52 0 76 42 0 76 44 0 5978 950000 4750 924202 1098750 1014552
 1719.039933 6451 1400 1400 1400 1400 76 46 0 76 52 0 76 42 0 76 44 0 6222 950000 5700 924202 1098750 1014552
 1719.239922 6452 1400 1400 1400 1400 76 46 0 76 52 0 76 42 0 76 44 0 6222 950000 5700 922832 1098750 1012356
 1719.439922 6453 1400 1400 1400 1400 76 46 0 76 52 0 76 42 0 76 44 0 6222 950000 5700 922558 1098750 1012356
 1719.639923 6454 1400 1400 1400 1400 76 46 0 76 52 0 76 42 0 76 44 0 6222 950000 5700 922558 1098750 1012356
 1719.839923 6455 1400 1400 1400 1400 76 46 0 76 52 0 76 42 0 76 44 0 5978 950000 4750 922832 1098750 1012356
 1720.039933 6456 1400 1400 1400 1400 76 46 0 76 52 0 76 42 0 76 44 0 5978 950000 4750 924750 1098750 1014552
 1720.239923 6457 1400 1400 1400 1400 76 46 0 76 52 0 76 42 0 76 44 0 5978 950000 4750 925846 1098750 1015650
 1720.439923 6458 1400 1400 1400 1400 76 46 0 76 52 0 76 42 0 76 44 0 5978 950000 4750 925846 1098750 1015650
 1720.639923 6459 1400 1400 1400 1400 76 46 0 76 52 0 76 42 0 76 44 0 5978 950000 4750 926668 1098750 1016748
 1720.839923 6460 1400 1400 1400 1400 76 46 0 76 52 0 76 42 0 76 44 0 5978 950000 4750 923380 1098750 1013454
 1721.039929 6461 1400 1400 1400 1400 76 46 0 76 52 0 76 42 0 76 44 0 6222 950000 5700 923654 1098750 1013454
 1721.239906 6462 1400 1400 1400 1400 76 46 0 76 52 0 76 42 0 76 44 0 6222 950000 5700 923654 1098750 1013454
 1721.439923 6463 1400 1400 1400 1400 76 46 0 76 52 0 76 42 0 76 44 0 6222 950000 5700 924202 1098750 1014552
 1721.639923 6464 1400 1400 1400 1400 76 46 0 76 52 0 76 42 0 76 44 0 5978 950000 4750 924476 1098750 1014552
 1721.839923 6465 1400 1400 1400 1400 76 46 0 76 52 0 76 42 0 76 44 0 6222 950000 5700 925846 1098750 1015650
 1722.039911 6466 1400 1400 1400 1400 76 46 0 76 52 0 76 42 0 76 44 0 5978 950000 4750 926394 1098750 1016748
 1722.239923 6467 1400 1400 1400 1400 76 46 0 76 52 0 76 42 0 76 44 0 5978 950000 4750 926394 1098750 1016748
 1722.439922 6468 1400 1400 1400 1400 76 46 0 76 52 0 76 42 0 76 44 0 5978 950000 4750 925298 1098750 1015650
 1722.639923 6469 1400 1400 1400 1400 76 46 0 76 52 0 76 42 0 76 44 0 5978 950000 4750 922558 1098750 1012356
 1722.839922 6470 1400 1400 1400 1400 76 46 0 76 52 0 76 42 0 76 44 0 6222 950000 5700 923380 1098750 1013454
 1723.039933 6471 1400 1400 1400 1400 76 46 0 76 52 0 76 42 0 76 44 0 6222 950000 5700 923380 1098750 1013454
 1723.239923 6472 1400 1400 1400 1400 76 46 0 76 52 0 76 42 0 76 44 0 6222 950000 5700 922832 1098750 1012356
 1723.439918 6473 1400 1400 1400 1400 76 46 0 76 52 0 76 42 0 76 44 0 6222 950000 5700 924202 1098750 1014552
 1723.639923 6474 1400 1400 1400 1400 76 46 0 76 52 0 76 42 0 76 44 0 5978 950000 4750 924750 1098750 1014552
 1723.839923 6475 1400 1400 1400 1400 76 46 0 76 52 0 76 42 0 76 44 0 5978 950000 4750 924750 1098750 1014552
 1724.039933 6476 1400 1400 1400 1400 76 46 0 76 52 0 76 42 0 76 44 0 5978 950000 4750 925298 1098750 1015650
 1724.239923 6477 1400 1400 1400 1400 76 46 0 76 52 0 76 42 0 76 44 0 5978 950000 4750 923928 1098750 1013454
 1724.439922 6478 1400 1400 1400 1400 76 46 0 76 52 0 76 42 0 76 44 0 6222 950000 5700 922832 1098750 1012356
 1724.639922 6479 1400 1400 1400 1400 76 46 0 76 52 0 76 42 0 76 44 0 6222 950000 5700 922832 1098750 1012356
 1724.839923 6480 1400 1400 1400 1400 76 46 0 76 52 0 76 42 0 76 44 0 5978 950000 4750 922284 1098750 1012356
 1725.039934 6481 1400 1400 1400 1400 76 46 0 76 52 0 76 42 0 76 44 0 5978 950000 4750 922832 1098750 1012356
 1725.239923 6482 1400 1400 1400 1400 76 46 0 76 52 0 76 42 0 76 44 0 6222 950000 5700 922284 1098750 1012356
 1725.439922 6483 1400 1400 1400 1400 76 46 0 76 52 0 76 42 0 76 44 0 6222 950000 5700 922284 1098750 1012356
 1725.639924 6484 1400 1400 1400 1400 76 46 0 76 52 0 76 42 0 76 44 0 6222 950000 5700 923928 1098750 1013454
 1725.839919 6485 1400 1400 1400 1400 76 46 0 76 52 0 76 42 0 76 44 0 6222 950000 5700 924476 1098750 1014552
 1726.039934 6486 1400 1400 1400 1400 76 46 0 76 52 0 76 42 0 76 44 0 5978 950000 4750 925024 1098750 1015650
 1726.239922 6487 1400 1400 1400 1400 76 46 0 76 52 0 76 42 0 76 44 0 5978 950000 4750 925024 1098750 1015650
 1726.439922 6488 1400 1400 1400 1400 76 46 0 76 52 0 76 42 0 76 44 0 6222 950000 5700 922832 1098750 1012356
 1726.639923 6489 1400 1400 1400 1400 76 46 0 76 52 0 76 42 0 76 44 0 5978 950000 4750 922832 1098750 1012356
 1726.839923 6490 1400 1400 1400 1400 76 46 0 76 52 0 76 42 0 76 44 0 5978 950000 4750 923654 1098750 1013454
 1727.039934 6491 1400 1400 1400 1400 76 46 0 76 52 0 76 42 0 76 44 0 5978 950000 4750 923654 1098750 1013454
 1727.239923 6492 1400 1400 1400 1400 76 46 0 76 52 0 76 42 0 76 44 0 6222 950000 5700 922832 1098750 1012356
 1727.439922 6493 1400 1400 1400 1400 76 46 0 76 52 0 76 42 0 76 44 0 5978 950000 4750 924202 1098750 1014552
 1727.639922 6494 1400 1400 1400 1400 76 46 0 76 52 0 76 42 0 76 44 0 5978 950000 4750 924750 1098750 1014552
 1727.839906 6495 1400 1400 1400 1400 76 46 0 76 52 0 76 42 0 76 44 0 5978 950000 4750 924750 1098750 1014552
 1728.039932 6496 1400 1400 1400 1400 76 46 0 76 52 0 76 42 0 76 44 0 6222 950000 5700 926668 1098750 1016748
 1728.239920 6497 1400 1400 1400 1400 76 46 0 76 52 0 76 42 0 76 44 0 5978 950000 4750 922558 1098750 1012356
 1728.439922 6498 1400 1400 1400 1400 76 46 0 76 52 0 76 42 0 76 44 0 5978 950000 4750 922832 1098750 1012356
 1728.639922 6499 1400 1400 1400 1400 76 46 0 76 52 0 76 42 0 76 44 0 5978 950000 4750 922558 1098750 1012356
 1728.839923 6500 1400 1400 1400 1400 76 46 0 76 52 0 76 42 0 76 44 0 5978 950000 4750 922558 1098750 1012356
 1729.039933 6501 1400 1400 1400 1400 76 46 0 76 52 0 76 42 0 76 44 0 5978 950000 4750 923106 1098750 1013454
 1729.239915 6502 1400 1400 1400 1400 76 46 0 76 52 0 76 42 0 76 44 0 5978 950000 4750 925572 1098750 1015650
 1729.439914 6503 1400 1400 1400 1400 76 46 0 76 52 0 76 42 0 76 44 0 5978 950000 4750 283864 1096250 310168
 1729.639914 6504 1400 1400 1400 1400 76 46 0 76 52 0 76 42 0 76 44 0 5978 950000 4750 283864 1096250 310168
 1729.839913 6505 1400 1400 1400 1400 76 46 0 76 52 0 76 42 0 76 44 0 5978 950000 4750 75076 1095000 82125
 1730.039924 6506 1400 1400 1400 1400 74 46 0 74 52 0 74 42 0 74 44 0 5978 950000 4750 75898 1095000 82125
 1730.239914 6507 1400 1400 1400 1400 74 46 0 74 52 0 74 42 0 74 44 0 5978 950000 4750 71240 1095000 77745
 1730.439914 6508 1400 1400 1400 1400 74 46 0 74 52 0 74 42 0 74 44 0 5978 950000 4750 71240 1095000 77745
