 1970.454898 7708 1100 1100 1100 1100 72 46 0 72 52 0 72 42 0 72 44 0 5734 950000 4750 47950 995000 46765
 1970.654923 7709 1100 1100 1100 1100 72 46 0 72 52 0 72 42 0 72 44 0 5734 950000 4750 51512 995000 50745
 1970.854924 7710 1100 1100 1100 1100 72 46 0 72 52 0 72 42 0 72 44 0 5734 950000 4750 51512 995000 50745
 1971.054922 7711 1100 1100 1100 1100 72 46 0 72 52 0 72 42 0 72 44 0 5734 950000 4750 50690 995000 49750
 1971.254922 7712 1100 1100 1100 1100 72 46 0 72 52 0 72 42 0 72 44 0 5734 950000 4750 229612 996250 228084
 1971.454922 7713 1100 1100 1100 1100 72 46 0 72 52 0 72 42 0 72 44 0 5734 950000 4750 56444 995000 55720
 1971.654923 7714 1100 1100 1100 1100 71 46 0 71 52 0 71 42 0 71 44 0 5734 950000 4750 56444 995000 55720
 1971.854948 7715 1100 1100 1100 1100 71 46 0 71 52 0 71 42 0 71 44 0 5734 950000 4750 50142 995000 49750
 1972.055015 7716 1100 1100 1100 1100 73 46 0 73 52 0 73 42 0 73 44 0 5734 950000 4750 177278 996250 176292
 1972.254949 7717 1100 1100 1100 1100 73 46 0 73 52 0 73 42 0 73 44 0 5490 950000 4750 727196 997500 724819
 1972.455031 7718 1100 1100 1100 1100 73 46 0 73 52 0 73 42 0 73 44 0 5490 950000 4750 727196 997500 724819
 1972.655014 7719 1100 1100 1100 1100 73 46 0 73 52 0 73 42 0 73 44 0 5734 950000 4750 746102 997500 743762
 1972.855018 7720 1100 1100 1100 1100 73 46 0 73 52 0 73 42 0 73 44 0 5734 950000 4750 669382 997500 666993
 1973.054946 7721 1100 1100 1100 1100 73 46 0 73 52 0 73 42 0 73 44 0 5734 950000 4750 552658 997500 550344
 1973.254953 7722 1100 1100 1100 1100 73 46 0 73 52 0 73 42 0 73 44 0 5734 950000 4750 761994 997500 758717
 1973.454947 7723 1100 1100 1100 1100 73 46 0 73 52 0 73 42 0 73 44 0 5734 950000 4750 761994 997500 758717
 1973.654885 7724 1000 1000 1000 1000 74 46 0 74 52 0 74 42 0 74 44 0 5734 950000 4750 712948 997500 709864
 1973.855006 7725 1000 1000 1000 1000 74 46 0 74 52 0 74 42 0 74 44 0 5734 950000 4750 436482 980000 427280
 1974.054946 7726 1000 1000 1000 1000 73 46 0 73 52 0 73 42 0 73 44 0 5734 950000 4750 209062 958750 200222
 1974.254977 7727 1000 1000 1000 1000 73 46 0 73 52 0 73 42 0 73 44 0 5734 950000 4750 209062 958750 200222
 1974.454930 7728 1000 1000 1000 1000 73 46 0 73 52 0 73 42 0 73 44 0 5734 950000 4750 43292 957500 41151
 1974.655036 7729 1000 1000 1000 1000 73 46 0 73 52 0 73 42 0 73 44 0 5734 950000 4750 45484 957500 43065
 1974.855029 7730 1000 1000 1000 1000 73 46 0 73 52 0 73 42 0 73 44 0 5490 950000 4750 257286 958750 246206
 1975.054971 7731 1000 1000 1000 1000 72 46 0 72 52 0 72 42 0 72 44 0 5490 950000 4750 257286 958750 246206
 1975.254918 7732 1000 1000 1000 1000 72 46 0 72 52 0 72 42 0 72 44 0 5734 950000 4750 655408 958750 627490
 1975.455031 7733 1000 1000 1000 1000 72 46 0 72 52 0 72 42 0 72 44 0 5734 950000 4750 643900 958750 615994
 1975.654987 7734 1000 1000 1000 1000 72 46 0 72 52 0 72 42 0 72 44 0 5734 950000 4750 608828 958750 582464
 1975.854940 7735 1000 1000 1000 1000 72 46 0 72 52 0 72 42 0 72 44 0 5734 950000 4750 608828 958750 582464
 1976.054953 7736 1000 1000 1000 1000 73 46 0 73 52 0 73 42 0 73 44 0 5734 950000 4750 541698 958750 518278
 1976.254936 7737 1000 1000 1000 1000 73 46 0 73 52 0 73 42 0 73 44 0 5734 950000 4750 561974 958750 537438
 1976.454936 7738 1000 1000 1000 1000 73 46 0 73 52 0 73 42 0 73 44 0 5734 950000 4750 560878 958750 536480
 1976.654938 7739 1000 1000 1000 1000 73 46 0 73 52 0 73 42 0 73 44 0 5734 950000 4750 560878 958750 536480
 1976.854936 7740 1000 1000 1000 1000 73 46 0 73 52 0 73 42 0 73 44 0 5734 950000 4750 561700 958750 537438
 1977.054950 7741 1000 1000 1000 1000 73 46 0 73 52 0 73 42 0 73 44 0 5734 950000 4750 561700 958750 537438
 1977.254932 7742 1000 1000 1000 1000 73 46 0 73 52 0 73 42 0 73 44 0 5734 950000 4750 561974 958750 537438
 1977.454938 7743 1000 1000 1000 1000 73 46 0 73 52 0 73 42 0 73 44 0 5734 950000 4750 561974 958750 537438
 1977.654936 7744 1000 1000 1000 1000 73 46 0 73 52 0 73 42 0 73 44 0 5734 950000 4750 561700 958750 537438
 1977.854937 7745 1000 1000 1000 1000 73 46 0 73 52 0 73 42 0 73 44 0 5734 950000 4750 561152 958750 537438
 1978.054950 7746 1000 1000 1000 1000 73 46 0 73 52 0 73 42 0 73 44 0 5734 950000 4750 561426 958750 537438
 1978.254936 7747 1000 1000 1000 1000 73 46 0 73 52 0 73 42 0 73 44 0 5734 950000 4750 561426 958750 537438
 1978.454936 7748 1000 1000 1000 1000 73 46 0 73 52 0 73 42 0 73 44 0 5734 950000 4750 561426 958750 537438
 1978.654936 7749 1000 1000 1000 1000 73 46 0 73 52 0 73 42 0 73 44 0 5734 950000 4750 561974 958750 537438
 1978.854936 7750 1000 1000 1000 1000 73 46 0 73 52 0 73 42 0 73 44 0 5734 950000 4750 563618 958750 539354
 1979.054934 7751 1000 1000 1000 1000 73 46 0 73 52 0 73 42 0 73 44 0 5734 950000 4750 563618 958750 539354
 1979.254938 7752 1000 1000 1000 1000 73 46 0 73 52 0 73 42 0 73 44 0 5734 950000 4750 562796 958750 538396
 1979.454936 7753 1000 1000 1000 1000 73 46 0 73 52 0 73 42 0 73 44 0 5734 950000 4750 560604 958750 536480
 1979.654932 7754 1000 1000 1000 1000 73 46 0 73 52 0 73 42 0 73 44 0 5734 950000 4750 562248 958750 538396
 1979.854935 7755 1000 1000 1000 1000 73 46 0 73 52 0 73 42 0 73 44 0 5734 950000 4750 561152 958750 537438
 1980.054950 7756 1000 1000 1000 1000 73 46 0 73 52 0 73 42 0 73 44 0 5734 950000 4750 561152 958750 537438
 1980.254937 7757 1000 1000 1000 1000 73 46 0 73 52 0 73 42 0 73 44 0 5978 950000 4750 561152 958750 537438
 1980.454937 7758 1000 1000 1000 1000 73 46 0 73 52 0 73 42 0 73 44 0 5734 950000 4750 563070 958750 539354
 1980.654937 7759 1000 1000 1000 1000 73 46 0 73 52 0 73 42 0 73 44 0 5734 950000 4750 562522 958750 538396
 1980.854937 7760 1000 1000 1000 1000 73 46 0 73 52 0 73 42 0 73 44 0 5734 950000 4750 562522 958750 538396
 1981.054950 7761 1000 1000 1000 1000 73 46 0 73 52 0 73 42 0 73 44 0 5734 950000 4750 562522 958750 538396
 1981.254935 7762 1000 1000 1000 1000 73 46 0 73 52 0 73 42 0 73 44 0 5734 950000 4750 563070 958750 539354
 1981.454937 7763 1000 1000 1000 1000 73 46 0 73 52 0 73 42 0 73 44 0 5734 950000 4750 561426 958750 537438
 1981.654935 7764 1000 1000 1000 1000 73 46 0 73 52 0 73 42 0 73 44 0 5734 950000 4750 561426 958750 537438
 1981.854936 7765 1000 1000 1000 1000 73 46 0 73 52 0 73 42 0 73 44 0 5734 950000 4750 562796 958750 538396
 1982.054944 7766 1000 1000 1000 1000 73 46 0 73 52 0 73 42 0 73 44 0 5734 950000 4750 561700 958750 537438
 1982.254937 7767 1000 1000 1000 1000 73 46 0 73 52 0 73 42 0 73 44 0 5734 950000 4750 564440 958750 540312
 1982.454937 7768 1000 1000 1000 1000 73 46 0 73 52 0 73 42 0 73 44 0 5734 950000 4750 564440 958750 540312
 1982.654936 7769 1000 1000 1000 1000 73 46 0 73 52 0 73 42 0 73 44 0 5734 950000 4750 563892 958750 539354
 1982.854935 7770 1000 1000 1000 1000 73 46 0 73 52 0 73 42 0 73 44 0 5734 950000 4750 564988 958750 540312
 1983.054949 7771 1000 1000 1000 1000 73 46 0 73 52 0 73 42 0 73 44 0 5734 950000 4750 563618 958750 539354
 1983.254936 7772 1000 1000 1000 1000 73 46 0 73 52 0 73 42 0 73 44 0 5734 950000 4750 563618 958750 539354
 1983.454936 7773 1000 1000 1000 1000 73 46 0 73 52 0 73 42 0 73 44 0 5978 950000 4750 563070 958750 539354
 1983.654937 7774 1000 1000 1000 1000 73 46 0 73 52 0 73 42 0 73 44 0 5734 950000 4750 563070 958750 539354
 1983.854936 7775 1000 1000 1000 1000 73 46 0 73 52 0 73 42 0 73 44 0 5734 950000 4750 563344 958750 539354
 1984.054951 7776 1000 1000 1000 1000 73 46 0 73 52 0 73 42 0 73 44 0 5734 950000 4750 563344 958750 539354
 1984.254936 7777 1000 1000 1000 1000 73 46 0 73 52 0 73 42 0 73 44 0 5734 950000 4750 562522 958750 538396
 1984.454932 7778 1000 1000 1000 1000 73 46 0 73 52 0 73 42 0 73 44 0 5734 950000 4750 566084 958750 542228
 1984.654935 7779 1000 1000 1000 1000 73 46 0 73 52 0 73 42 0 73 44 0 5734 950000 4750 563344 958750 539354
 1984.854936 7780 1000 1000 1000 1000 73 46 0 73 52 0 73 42 0 73 44 0 5734 950000 4750 563344 958750 539354
 1985.054949 7781 1000 1000 1000 1000 73 46 0 73 52 0 73 42 0 73 44 0 5734 950000 4750 563344 958750 539354
 1985.254935 7782 1000 1000 1000 1000 73 46 0 73 52 0 73 42 0 73 44 0 5734 950000 4750 560604 958750 536480
 1985.454936 7783 1000 1000 1000 1000 73 46 0 73 52 0 73 42 0 73 44 0 5734 950000 4750 560604 958750 536480
 1985.654862 7784 1000 1000 1000 1000 73 46 0 73 52 0 73 42 0 73 44 0 5734 950000 4750 561152 958750 537438
 1985.854937 7785 1000 1000 1000 1000 73 46 0 73 52 0 73 42 0 73 44 0 5734 950000 4750 561152 958750 537438
 1986.054949 7786 1000 1000 1000 1000 73 46 0 73 52 0 73 42 0 73 44 0 5734 950000 4750 561426 958750 537438
 1986.254936 7787 1000 1000 1000 1000 73 46 0 73 52 0 73 42 0 73 44 0 5734 950000 4750 561700 958750 537438
 1986.454936 7788 1000 1000 1000 1000 73 46 0 73 52 0 73 42 0 73 44 0 5734 950000 4750 561700 958750 537438
 1986.654938 7789 1000 1000 1000 1000 73 46 0 73 52 0 73 42 0 73 44 0 5734 950000 4750 561700 958750 537438
 1986.854931 7790 1000 1000 1000 1000 73 46 0 73 52 0 73 42 0 73 44 0 5734 950000 4750 561700 958750 537438
 1987.054949 7791 1000 1000 1000 1000 73 46 0 73 52 0 73 42 0 73 44 0 5734 950000 4750 562248 958750 538396
 1987.254936 7792 1000 1000 1000 1000 73 46 0 73 52 0 73 42 0 73 44 0 5734 950000 4750 561700 958750 537438
 1987.454936 7793 1000 1000 1000 1000 73 46 0 73 52 0 73 42 0 73 44 0 5734 950000 4750 561700 958750 537438
 1987.654936 7794 1000 1000 1000 1000 73 46 0 73 52 0 73 42 0 73 44 0 5734 950000 4750 561426 958750 537438
 1987.854936 7795 1000 1000 1000 1000 73 46 0 73 52 0 73 42 0 73 44 0 5734 950000 4750 561426 958750 537438
 1988.054950 7796 1000 1000 1000 1000 73 46 0 73 52 0 73 42 0 73 44 0 5734 950000 4750 563070 958750 539354
 1988.254936 7797 1000 1000 1000 1000 73 46 0 73 52 0 73 42 0 73 44 0 5734 950000 4750 563070 958750 539354
 1988.454936 7798 1000 1000 1000 1000 73 46 0 73 52 0 73 42 0 73 44 0 5978 950000 4750 563344 958750 539354
 1988.654936 7799 1000 1000 1000 1000 73 46 0 73 52 0 73 42 0 73 44 0 5734 950000 4750 562522 958750 538396
 1988.854936 7800 1000 1000 1000 1000 73 46 0 73 52 0 73 42 0 73 44 0 5734 950000 4750 562522 958750 538396
 1989.054949 7801 1000 1000 1000 1000 73 46 0 73 52 0 73 42 0 73 44 0 5734 950000 4750 562522 958750 538396
 1989.254931 7802 1000 1000 1000 1000 73 46 0 73 52 0 73 42 0 73 44 0 5734 950000 4750 561974 958750 537438
 1989.454936 7803 1000 1000 1000 1000 73 46 0 73 52 0 73 42 0 73 44 0 5734 950000 4750 561974 958750 537438
 1989.654937 7804 1000 1000 1000 1000 73 46 0 73 52 0 73 42 0 73 44 0 5734 950000 4750 561152 958750 537438
 1989.854939 7805 1000 1000 1000 1000 73 46 0 73 52 0 73 42 0 73 44 0 5734 950000 4750 561152 958750 537438
 1990.054951 7806 1000 1000 1000 1000 73 46 0 73 52 0 73 42 0 73 44 0 5734 950000 4750 561974 958750 537438
 1990.254936 7807 1000 1000 1000 1000 73 46 0 73 52 0 73 42 0 73 44 0 5734 950000 4750 563344 958750 539354
 1990.454936 7808 1000 1000 1000 1000 73 46 0 73 52 0 73 42 0 73 44 0 5734 950000 4750 562248 958750 538396
 1990.654935 7809 1000 1000 1000 1000 73 46 0 73 52 0 73 42 0 73 44 0 5734 950000 4750 562248 958750 538396
 1990.854936 7810 1000 1000 1000 1000 73 46 0 73 52 0 73 42 0 73 44 0 5978 950000 4750 562248 958750 538396
 1991.054950 7811 1000 1000 1000 1000 73 46 0 73 52 0 73 42 0 73 44 0 5734 950000 4750 563344 958750 539354
 1991.254936 7812 1000 1000 1000 1000 73 46 0 73 52 0 73 42 0 73 44 0 5978 950000 4750 561700 958750 537438
 1991.454917 7813 1000 1000 1000 1000 73 46 0 73 52 0 73 42 0 73 44 0 5978 950000 4750 561700 958750 537438
 1991.654931 7814 1000 1000 1000 1000 73 46 0 73 52 0 73 42 0 73 44 0 5978 950000 4750 561426 958750 537438
 1991.854936 7815 1000 1000 1000 1000 73 46 0 73 52 0 73 42 0 73 44 0 5734 950000 4750 562522 958750 538396
 1992.054949 7816 1000 1000 1000 1000 73 46 0 73 52 0 73 42 0 73 44 0 5734 950000 4750 563344 958750 539354
 1992.254912 7817 1000 1000 1000 1000 73 46 0 73 52 0 73 42 0 73 44 0 5734 950000 4750 564440 958750 540312
 1992.454936 7818 1000 1000 1000 1000 73 46 0 73 52 0 73 42 0 73 44 0 5734 950000 4750 564440 958750 540312
 1992.654936 7819 1000 1000 1000 1000 73 46 0 73 52 0 73 42 0 73 44 0 5734 950000 4750 564440 958750 540312
 1992.854936 7820 1000 1000 1000 1000 73 46 0 73 52 0 73 42 0 73 44 0 5734 950000 4750 561974 958750 537438
 1993.054949 7821 1000 1000 1000 1000 73 46 0 73 52 0 73 42 0 73 44 0 5734 950000 4750 563070 958750 539354
 1993.254936 7822 1000 1000 1000 1000 73 46 0 73 52 0 73 42 0 73 44 0 5734 950000 4750 563070 958750 539354
 1993.454937 7823 1000 1000 1000 1000 73 46 0 73 52 0 73 42 0 73 44 0 5734 950000 4750 563344 958750 539354
 1993.654930 7824 1000 1000 1000 1000 73 46 0 73 52 0 73 42 0 73 44 0 5734 950000 4750 561700 958750 537438
 1993.854931 7825 1000 1000 1000 1000 73 46 0 73 52 0 73 42 0 73 44 0 5734 950000 4750 564714 958750 540312
 1994.054947 7826 1000 1000 1000 1000 73 46 0 73 52 0 73 42 0 73 44 0 5734 950000 4750 564714 958750 540312
 1994.254938 7827 1000 1000 1000 1000 73 46 0 73 52 0 73 42 0 73 44 0 5734 950000 4750 564166 958750 540312
 1994.454937 7828 1000 1000 1000 1000 73 46 0 73 52 0 73 42 0 73 44 0 5734 950000 4750 563344 958750 539354
 1994.654936 7829 1000 1000 1000 1000 73 46 0 73 52 0 73 42 0 73 44 0 5978 950000 4750 561426 958750 537438
 1994.854936 7830 1000 1000 1000 1000 73 46 0 73 52 0 73 42 0 73 44 0 5978 950000 4750 561426 958750 537438
 1995.054949 7831 1000 1000 1000 1000 73 46 0 73 52 0 73 42 0 73 44 0 5734 950000 4750 558686 958750 534564
 1995.254936 7832 1000 1000 1000 1000 73 46 0 73 52 0 73 42 0 73 44 0 5734 950000 4750 561700 958750 537438
 1995.454935 7833 1000 1000 1000 1000 73 46 0 73 52 0 73 42 0 73 44 0 5734 950000 4750 561700 958750 537438
 1995.654937 7834 1000 1000 1000 1000 73 46 0 73 52 0 73 42 0 73 44 0 5734 950000 4750 561700 958750 537438
 1995.854936 7835 1000 1000 1000 1000 73 46 0 73 52 0 73 42 0 73 44 0 5734 950000 4750 562796 958750 538396
 1996.054949 7836 1000 1000 1000 1000 73 46 0 73 52 0 73 42 0 73 44 0 5734 950000 4750 563344 958750 539354
 1996.254930 7837 1000 1000 1000 1000 73 46 0 73 52 0 73 42 0 73 44 0 5734 950000 4750 563618 958750 539354
 1996.454936 7838 1000 1000 1000 1000 73 46 0 73 52 0 73 42 0 73 44 0 5734 950000 4750 563618 958750 539354
 1996.654935 7839 1000 1000 1000 1000 73 46 0 73 52 0 73 42 0 73 44 0 5734 950000 4750 562248 958750 538396
 1996.854936 7840 1000 1000 1000 1000 73 46 0 73 52 0 73 42 0 73 44 0 5734 950000 4750 560878 958750 536480
 1997.054950 7841 1000 1000 1000 1000 73 46 0 73 52 0 73 42 0 73 44 0 5734 950000 4750 561426 958750 537438
 1997.254936 7842 1000 1000 1000 1000 73 46 0 73 52 0 73 42 0 73 44 0 5734 950000 4750 561426 958750 537438
 1997.454936 7843 1000 1000 1000 1000 73 46 0 73 52 0 73 42 0 73 44 0 5978 950000 4750 561700 958750 537438
 1997.654936 7844 1000 1000 1000 1000 73 46 0 73 52 0 73 42 0 73 44 0 5734 950000 4750 563070 958750 539354
 1997.854936 7845 1000 1000 1000 1000 73 46 0 73 52 0 73 42 0 73 44 0 5734 950000 4750 562796 958750 538396
 1998.054931 7846 1000 1000 1000 1000 73 46 0 73 52 0 73 42 0 73 44 0 5734 950000 4750 562796 958750 538396
 1998.254938 7847 1000 1000 1000 1000 73 46 0 73 52 0 73 42 0 73 44 0 5734 950000 4750 562796 958750 538396
 1998.454936 7848 1000 1000 1000 1000 73 46 0 73 52 0 73 42 0 73 44 0 5734 950000 4750 563344 958750 539354
 1998.654931 7849 1000 1000 1000 1000 73 46 0 73 52 0 73 42 0 73 44 0 5978 950000 4750 561700 958750 537438
 1998.854936 7850 1000 1000 1000 1000 73 46 0 73 52 0 73 42 0 73 44 0 5734 950000 4750 562796 958750 538396
 1999.054949 7851 1000 1000 1000 1000 73 46 0 73 52 0 73 42 0 73 44 0 5734 950000 4750 562796 958750 538396
 1999.254936 7852 1000 1000 1000 1000 73 46 0 73 52 0 73 42 0 73 44 0 5734 950000 4750 562522 958750 538396
 1999.454936 7853 1000 1000 1000 1000 73 46 0 73 52 0 73 42 0 73 44 0 5734 950000 4750 563070 958750 539354
 1999.654935 7854 1000 1000 1000 1000 73 46 0 73 52 0 73 42 0 73 44 0 5734 950000 4750 562796 958750 538396
 1999.854937 7855 1000 1000 1000 1000 73 46 0 73 52 0 73 42 0 73 44 0 5734 950000 4750 562796 958750 538396
 2000.054949 7856 1000 1000 1000 1000 73 46 0 73 52 0 73 42 0 73 44 0 5978 950000 4750 564988 958750 540312
 2000.254937 7857 1000 1000 1000 1000 73 46 0 73 52 0 73 42 0 73 44 0 5734 950000 4750 563344 958750 539354
 2000.454936 7858 1000 1000 1000 1000 73 46 0 73 52 0 73 42 0 73 44 0 5734 950000 4750 563618 958750 539354
 2000.654936 7859 1000 1000 1000 1000 73 46 0 73 52 0 73 42 0 73 44 0 5734 950000 4750 563618 958750 539354
 2000.854936 7860 1000 1000 1000 1000 73 46 0 73 52 0 73 42 0 73 44 0 5734 950000 4750 561700 958750 537438
 2001.054944 7861 1000 1000 1000 1000 73 46 0 73 52 0 73 42 0 73 44 0 5978 950000 4750 562522 958750 538396
 2001.254937 7862 1000 1000 1000 1000 73 46 0 73 52 0 73 42 0 73 44 0 5734 950000 4750 562248 958750 538396
 2001.454936 7863 1000 1000 1000 1000 73 46 0 73 52 0 73 42 0 73 44 0 5734 950000 4750 562248 958750 538396
 2001.654935 7864 1000 1000 1000 1000 73 46 0 73 52 0 73 42 0 73 44 0 5734 950000 4750 562796 958750 538396
 2001.854935 7865 1000 1000 1000 1000 73 46 0 73 52 0 73 42 0 73 44 0 5734 950000 4750 562796 958750 538396
 2002.054949 7866 1000 1000 1000 1000 73 46 0 73 52 0 73 42 0 73 44 0 5978 950000 4750 564440 958750 540312
 2002.254936 7867 1000 1000 1000 1000 73 46 0 73 52 0 73 42 0 73 44 0 5978 950000 4750 564440 958750 540312
 2002.454938 7868 1000 1000 1000 1000 73 46 0 73 52 0 73 42 0 73 44 0 5734 950000 4750 562796 958750 538396
 2002.654935 7869 1000 1000 1000 1000 73 46 0 73 52 0 73 42 0 73 44 0 5734 950000 4750 562248 958750 538396
 2002.854935 7870 1000 1000 1000 1000 73 46 0 73 52 0 73 42 0 73 44 0 5734 950000 4750 564166 958750 540312
 2003.054951 7871 1000 1000 1000 1000 73 46 0 73 52 0 73 42 0 73 44 0 5734 950000 4750 564166 958750 540312
 2003.254936 7872 1000 1000 1000 1000 73 46 0 73 52 0 73 42 0 73 44 0 5734 950000 4750 562522 958750 538396
 2003.454930 7873 1000 1000 1000 1000 73 46 0 73 52 0 73 42 0 73 44 0 5734 950000 4750 564166 958750 540312
 2003.654936 7874 1000 1000 1000 1000 73 46 0 73 52 0 73 42 0 73 44 0 5978 950000 4750 563618 958750 539354
 2003.854936 7875 1000 1000 1000 1000 73 46 0 73 52 0 73 42 0 73 44 0 5978 950000 4750 563618 958750 539354
 2004.054950 7876 1000 1000 1000 1000 73 46 0 73 52 0 73 42 0 73 44 0 5734 950000 4750 563892 958750 539354
 2004.254940 7877 1000 1000 1000 1000 73 46 0 73 52 0 73 42 0 73 44 0 5734 950000 4750 561974 958750 537438
 2004.454937 7878 1000 1000 1000 1000 73 46 0 73 52 0 73 42 0 73 44 0 5978 950000 4750 559508 958750 535522
 2004.654863 7879 1000 1000 1000 1000 73 46 0 73 52 0 73 42 0 73 44 0 5978 950000 4750 561426 958750 537438
 2004.854936 7880 1000 1000 1000 1000 73 46 0 73 52 0 73 42 0 73 44 0 5978 950000 4750 561426 958750 537438
 2005.054954 7881 1000 1000 1000 1000 73 46 0 73 52 0 73 42 0 73 44 0 5978 950000 4750 561700 958750 537438
 2005.254936 7882 1000 1000 1000 1000 73 46 0 73 52 0 73 42 0 73 44 0 5978 950000 4750 563344 958750 539354
 2005.454936 7883 1000 1000 1000 1000 73 46 0 73 52 0 73 42 0 73 44 0 5734 950000 4750 562796 958750 538396
 2005.654935 7884 1000 1000 1000 1000 73 46 0 73 52 0 73 42 0 73 44 0 5734 950000 4750 562796 958750 538396
 2005.854931 7885 1000 1000 1000 1000 73 46 0 73 52 0 73 42 0 73 44 0 5734 950000 4750 563892 958750 539354
 2006.054950 7886 1000 1000 1000 1000 73 46 0 73 52 0 73 42 0 73 44 0 5734 950000 4750 563070 958750 539354
 2006.254936 7887 1000 1000 1000 1000 73 46 0 73 52 0 73 42 0 73 44 0 5734 950000 4750 561700 958750 537438
 2006.454936 7888 1000 1000 1000 1000 73 46 0 73 52 0 73 42 0 73 44 0 5734 950000 4750 561700 958750 537438
 2006.654938 7889 1000 1000 1000 1000 73 46 0 73 52 0 73 42 0 73 44 0 5734 950000 4750 561700 958750 537438
 2006.854931 7890 1000 1000 1000 1000 73 46 0 73 52 0 73 42 0 73 44 0 5978 950000 4750 561700 958750 537438
 2007.054949 7891 1000 1000 1000 1000 73 46 0 73 52 0 73 42 0 73 44 0 5734 950000 4750 563892 958750 539354
 2007.254936 7892 1000 1000 1000 1000 73 46 0 73 52 0 73 42 0 73 44 0 5734 950000 4750 563892 958750 539354
 2007.454936 7893 1000 1000 1000 1000 73 46 0 73 52 0 73 42 0 73 44 0 5734 950000 4750 564166 958750 540312
 2007.654937 7894 1000 1000 1000 1000 73 46 0 73 52 0 73 42 0 73 44 0 5734 950000 4750 564166 958750 540312
 2007.854935 7895 1000 1000 1000 1000 73 46 0 73 52 0 73 42 0 73 44 0 5734 950000 4750 564166 958750 540312
 2008.054950 7896 1000 1000 1000 1000 73 46 0 73 52 0 73 42 0 73 44 0 5734 950000 4750 564166 958750 540312
 2008.254931 7897 1000 1000 1000 1000 73 46 0 73 52 0 73 42 0 73 44 0 5734 950000 4750 561974 958750 537438
 2008.454936 7898 1000 1000 1000 1000 73 46 0 73 52 0 73 42 0 73 44 0 5734 950000 4750 564166 958750 540312
 2008.654936 7899 1000 1000 1000 1000 73 46 0 73 52 0 73 42 0 73 44 0 5734 950000 4750 563344 958750 539354
 2008.854937 7900 1000 1000 1000 1000 73 46 0 73 52 0 73 42 0 73 44 0 5734 950000 4750 563344 958750 539354
 2009.054951 7901 1000 1000 1000 1000 73 46 0 73 52 0 73 42 0 73 44 0 5734 950000 4750 565536 958750 541270
 2009.254932 7902 1000 1000 1000 1000 73 46 0 73 52 0 73 42 0 73 44 0 5734 950000 4750 564166 958750 540312
 2009.454936 7903 1000 1000 1000 1000 73 46 0 73 52 0 73 42 0 73 44 0 5734 950000 4750 570468 958750 546060
 2009.654936 7904 1000 1000 1000 1000 73 46 0 73 52 0 73 42 0 73 44 0 5734 950000 4750 570468 958750 546060
 2009.854936 7905 1000 1000 1000 1000 73 46 0 73 52 0 73 42 0 73 44 0 5734 950000 4750 563892 958750 539354
 2010.054950 7906 1000 1000 1000 1000 73 46 0 73 52 0 73 42 0 73 44 0 5734 950000 4750 563618 958750 539354
 2010.254936 7907 1000 1000 1000 1000 73 46 0 73 52 0 73 42 0 73 44 0 5734 950000 4750 562522 958750 538396
 2010.454919 7908 1000 1000 1000 1000 73 46 0 73 52 0 73 42 0 73 44 0 5734 950000 4750 562522 958750 538396
 2010.654936 7909 1000 1000 1000 1000 73 46 0 73 52 0 73 42 0 73 44 0 5734 950000 4750 562522 958750 538396
 2010.854937 7910 1000 1000 1000 1000 73 46 0 73 52 0 73 42 0 73 44 0 5978 950000 4750 562248 958750 538396
 2011.054950 7911 1000 1000 1000 1000 73 46 0 73 52 0 73 42 0 73 44 0 5734 950000 4750 563892 958750 539354
 2011.254913 7912 1000 1000 1000 1000 73 46 0 73 52 0 73 42 0 73 44 0 5734 950000 4750 563070 958750 539354
 2011.454937 7913 1000 1000 1000 1000 73 46 0 73 52 0 73 42 0 73 44 0 5734 950000 4750 563070 958750 539354
 2011.654930 7914 1000 1000 1000 1000 73 46 0 73 52 0 73 42 0 73 44 0 5734 950000 4750 564440 958750 540312
 2011.854936 7915 1000 1000 1000 1000 73 46 0 73 52 0 73 42 0 73 44 0 5734 950000 4750 564714 958750 540312
 2012.054948 7916 1000 1000 1000 1000 73 46 0 73 52 0 73 42 0 73 44 0 5734 950000 4750 563070 958750 539354
 2012.254936 7917 1000 1000 1000 1000 73 46 0 73 52 0 73 42 0 73 44 0 5734 950000 4750 563070 958750 539354
 2012.454936 7918 1000 1000 1000 1000 73 46 0 73 52 0 73 42 0 73 44 0 5978 950000 4750 563070 958750 539354
 2012.654936 7919 1000 1000 1000 1000 73 46 0 73 52 0 73 42 0 73 44 0 5978 950000 4750 562248 958750 538396
 2012.854939 7920 1000 1000 1000 1000 73 46 0 73 52 0 73 42 0 73 44 0 5978 950000 4750 563618 958750 539354
 2013.054950 7921 1000 1000 1000 1000 74 46 0 74 52 0 74 42 0 74 44 0 5978 950000 4750 563618 958750 539354
 2013.254937 7922 1000 1000 1000 1000 74 46 0 74 52 0 74 42 0 74 44 0 5734 950000 4750 564166 958750 540312
 2013.454936 7923 1000 1000 1000 1000 74 46 0 74 52 0 74 42 0 74 44 0 5734 950000 4750 563344 958750 539354
 2013.654936 7924 1000 1000 1000 1000 74 46 0 74 52 0 74 42 0 74 44 0 5734 950000 4750 562248 958750 538396
 2013.854937 7925 1000 1000 1000 1000 74 46 0 74 52 0 74 42 0 74 44 0 5734 950000 4750 562248 958750 538396
 2014.054944 7926 1000 1000 1000 1000 74 46 0 74 52 0 74 42 0 74 44 0 5734 950000 4750 562796 958750 538396
 2014.254936 7927 1000 1000 1000 1000 74 46 0 74 52 0 74 42 0 74 44 0 5734 950000 4750 561974 958750 537438
 2014.454935 7928 1000 1000 1000 1000 74 46 0 74 52 0 74 42 0 74 44 0 5978 950000 4750 561426 958750 537438
 2014.654935 7929 1000 1000 1000 1000 74 46 0 74 52 0 74 42 0 74 44 0 5978 950000 4750 561426 958750 537438
 2014.854936 7930 1000 1000 1000 1000 74 46 0 74 52 0 74 42 0 74 44 0 5978 950000 4750 563070 958750 539354
 2015.054936 7931 1000 1000 1000 1000 74 46 0 74 52 0 74 42 0 74 44 0 5734 950000 4750 563070 958750 539354
 2015.254936 7932 1000 1000 1000 1000 74 46 0 74 52 0 74 42 0 74 44 0 5734 950000 4750 568824 958750 544144
 2015.454935 7933 1000 1000 1000 1000 74 46 0 74 52 0 74 42 0 74 44 0 5734 950000 4750 568824 958750 544144
 2015.654935 7934 1000 1000 1000 1000 74 46 0 74 52 0 74 42 0 74 44 0 5734 950000 4750 562522 958750 538396
 2015.854936 7935 1000 1000 1000 1000 74 46 0 74 52 0 74 42 0 74 44 0 5734 950000 4750 561426 958750 537438
 2016.054950 7936 1000 1000 1000 1000 74 46 0 74 52 0 74 42 0 74 44 0 5734 950000 4750 561700 958750 537438
 2016.254935 7937 1000 1000 1000 1000 74 46 0 74 52 0 74 42 0 74 44 0 5734 950000 4750 561700 958750 537438
 2016.454931 7938 1000 1000 1000 1000 74 46 0 74 52 0 74 42 0 74 44 0 5978 950000 4750 561700 958750 537438
 2016.654937 7939 1000 1000 1000 1000 74 46 0 74 52 0 74 42 0 74 44 0 5978 950000 4750 563070 958750 539354
 2016.854936 7940 1000 1000 1000 1000 74 46 0 74 52 0 74 42 0 74 44 0 5734 950000 4750 564714 958750 540312
 2017.054931 7941 1000 1000 1000 1000 73 46 0 73 52 0 73 42 0 73 44 0 5734 950000 4750 564714 958750 540312
 2017.254937 7942 1000 1000 1000 1000 73 46 0 73 52 0 73 42 0 73 44 0 5734 950000 4750 563618 958750 539354
 2017.454936 7943 1000 1000 1000 1000 73 46 0 73 52 0 73 42 0 73 44 0 5734 950000 4750 563618 958750 539354
 2017.654935 7944 1000 1000 1000 1000 74 46 0 74 52 0 74 42 0 74 44 0 5734 950000 4750 563344 958750 539354
 2017.854936 7945 1000 1000 1000 1000 74 46 0 74 52 0 74 42 0 74 44 0 5734 950000 4750 563344 958750 539354
 2018.054949 7946 1000 1000 1000 1000 73 46 0 73 52 0 73 42 0 73 44 0 5734 950000 4750 563344 958750 539354
 2018.254936 7947 1000 1000 1000 1000 73 46 0 73 52 0 73 42 0 73 44 0 5978 950000 4750 563618 958750 539354
 2018.454936 7948 1000 1000 1000 1000 73 46 0 73 52 0 73 42 0 73 44 0 5978 950000 4750 563618 958750 539354
 2018.654930 7949 1000 1000 1000 1000 73 46 0 73 52 0 73 42 0 73 44 0 5734 950000 4750 564166 958750 540312
 2018.854936 7950 1000 1000 1000 1000 73 46 0 73 52 0 73 42 0 73 44 0 5734 950000 4750 564166 958750 540312
 2019.054950 7951 1000 1000 1000 1000 74 46 0 74 52 0 74 42 0 74 44 0 5734 950000 4750 564440 958750 540312
 2019.254938 7952 1000 1000 1000 1000 74 46 0 74 52 0 74 42 0 74 44 0 5978 950000 4750 564166 958750 540312
 2019.454936 7953 1000 1000 1000 1000 74 46 0 74 52 0 74 42 0 74 44 0 5978 950000 4750 561700 958750 537438
 2019.654936 7954 1000 1000 1000 1000 73 46 0 73 52 0 73 42 0 73 44 0 5978 950000 4750 561700 958750 537438
 2019.854937 7955 1000 1000 1000 1000 73 46 0 73 52 0 73 42 0 73 44 0 5734 950000 4750 561974 958750 537438
 2020.054949 7956 1000 1000 1000 1000 74 46 0 74 52 0 74 42 0 74 44 0 5734 950000 4750 562796 958750 538396
 2020.254935 7957 1000 1000 1000 1000 74 46 0 74 52 0 74 42 0 74 44 0 5978 950000 4750 561974 958750 537438
 2020.454938 7958 1000 1000 1000 1000 74 46 0 74 52 0 74 42 0 74 44 0 5978 950000 4750 561974 958750 537438
 2020.654935 7959 1000 1000 1000 1000 74 46 0 74 52 0 74 42 0 74 44 0 5734 950000 4750 564166 958750 540312
 2020.854936 7960 1000 1000 1000 1000 74 46 0 74 52 0 74 42 0 74 44 0 5734 950000 4750 564440 958750 540312
 2021.054930 7961 1000 1000 1000 1000 74 46 0 74 52 0 74 42 0 74 44 0 5978 950000 4750 564440 958750 540312
 2021.254936 7962 1000 1000 1000 1000 74 46 0 74 52 0 74 42 0 74 44 0 5978 950000 4750 564440 958750 540312
 2021.454936 7963 1000 1000 1000 1000 74 46 0 74 52 0 74 42 0 74 44 0 5734 950000 4750 561974 958750 537438
 2021.654937 7964 1000 1000 1000 1000 74 46 0 74 52 0 74 42 0 74 44 0 5978 950000 4750 562248 958750 538396
 2021.854936 7965 1000 1000 1000 1000 74 46 0 74 52 0 74 42 0 74 44 0 5734 950000 4750 563070 958750 539354
 2022.054949 7966 1000 1000 1000 1000 74 46 0 74 52 0 74 42 0 74 44 0 5734 950000 4750 563070 958750 539354
 2022.254936 7967 1000 1000 1000 1000 74 46 0 74 52 0 74 42 0 74 44 0 5734 950000 4750 563070 958750 539354
 2022.454936 7968 1000 1000 1000 1000 74 46 0 74 52 0 74 42 0 74 44 0 5978 950000 4750 564440 958750 540312
 2022.654936 7969 1000 1000 1000 1000 74 46 0 74 52 0 74 42 0 74 44 0 5978 950000 4750 563618 958750 539354
 2022.854937 7970 1000 1000 1000 1000 74 46 0 74 52 0 74 42 0 74 44 0 5978 950000 4750 563618 958750 539354
 2023.054949 7971 1000 1000 1000 1000 74 46 0 74 52 0 74 42 0 74 44 0 5734 950000 4750 563618 958750 539354
 2023.254936 7972 1000 1000 1000 1000 74 46 0 74 52 0 74 42 0 74 44 0 5734 950000 4750 563070 958750 539354
 2023.454932 7973 1000 1000 1000 1000 74 46 0 74 52 0 74 42 0 74 44 0 5734 950000 4750 562796 958750 538396
 2023.654860 7974 1000 1000 1000 1000 74 46 0 74 52 0 74 42 0 74 44 0 5978 950000 4750 562796 958750 538396
 2023.854936 7975 1000 1000 1000 1000 74 46 0 74 52 0 74 42 0 74 44 0 5978 950000 4750 562796 958750 538396
 2024.054949 7976 1000 1000 1000 1000 74 46 0 74 52 0 74 42 0 74 44 0 5978 950000 4750 563070 958750 539354
 2024.254937 7977 1000 1000 1000 1000 74 46 0 74 52 0 74 42 0 74 44 0 5978 950000 4750 563070 958750 539354
 2024.454935 7978 1000 1000 1000 1000 74 46 0 74 52 0 74 42 0 74 44 0 5978 950000 4750 563070 958750 539354
 2024.654936 7979 1000 1000 1000 1000 74 46 0 74 52 0 74 42 0 74 44 0 5978 950000 4750 563070 958750 539354
 2024.854937 7980 1000 1000 1000 1000 74 46 0 74 52 0 74 42 0 74 44 0 5978 950000 4750 562796 958750 538396
 2025.054949 7981 1000 1000 1000 1000 74 46 0 74 52 0 74 42 0 74 44 0 5978 950000 4750 563070 958750 539354
 2025.254936 7982 1000 1000 1000 1000 74 46 0 74 52 0 74 42 0 74 44 0 5734 950000 4750 561426 958750 537438
 2025.454936 7983 1000 1000 1000 1000 74 46 0 74 52 0 74 42 0 74 44 0 5734 950000 4750 561426 958750 537438
 2025.654936 7984 1000 1000 1000 1000 74 46 0 74 52 0 74 42 0 74 44 0 5734 950000 4750 561700 958750 537438
 2025.854930 7985 1000 1000 1000 1000 74 46 0 74 52 0 74 42 0 74 44 0 5734 950000 4750 561700 958750 537438
 2026.054950 7986 1000 1000 1000 1000 74 46 0 74 52 0 74 42 0 74 44 0 5978 950000 4750 564166 958750 540312
 2026.254937 7987 1000 1000 1000 1000 74 46 0 74 52 0 74 42 0 74 44 0 5978 950000 4750 564166 958750 540312
 2026.454935 7988 1000 1000 1000 1000 74 46 0 74 52 0 74 42 0 74 44 0 5734 950000 4750 563344 958750 539354
 2026.654935 7989 1000 1000 1000 1000 74 46 0 74 52 0 74 42 0 74 44 0 5734 950000 4750 562796 958750 538396
 2026.854936 7990 1000 1000 1000 1000 74 46 0 74 52 0 74 42 0 74 44 0 5734 950000 4750 565810 958750 541270
 2027.054949 7991 1000 1000 1000 1000 74 46 0 74 52 0 74 42 0 74 44 0 5734 950000 4750 565810 958750 541270
 2027.254936 7992 1000 1000 1000 1000 74 46 0 74 52 0 74 42 0 74 44 0 5734 950000 4750 563618 958750 539354
 2027.454936 7993 1000 1000 1000 1000 74 46 0 74 52 0 74 42 0 74 44 0 5978 950000 4750 562796 958750 538396
 2027.654937 7994 1000 1000 1000 1000 74 46 0 74 52 0 74 42 0 74 44 0 5978 950000 4750 563344 958750 539354
 2027.854936 7995 1000 1000 1000 1000 74 46 0 74 52 0 74 42 0 74 44 0 5978 950000 4750 563344 958750 539354
 2028.054950 7996 1000 1000 1000 1000 74 46 0 74 52 0 74 42 0 74 44 0 5734 950000 4750 564714 958750 540312
 2028.254934 7997 1000 1000 1000 1000 74 46 0 74 52 0 74 42 0 74 44 0 5978 950000 4750 564714 958750 540312
 2028.454935 7998 1000 1000 1000 1000 74 46 0 74 52 0 74 42 0 74 44 0 5978 950000 4750 564714 958750 540312
 2028.654936 7999 1000 1000 1000 1000 74 46 0 74 52 0 74 42 0 74 44 0 5978 950000 4750 564714 958750 540312
 2028.854935 8000 1000 1000 1000 1000 74 46 0 74 52 0 74 42 0 74 44 0 5978 950000 4750 564440 958750 540312
 2029.054949 8001 1000 1000 1000 1000 74 46 0 74 52 0 74 42 0 74 44 0 5978 950000 4750 563892 958750 539354
 2029.254936 8002 1000 1000 1000 1000 74 46 0 74 52 0 74 42 0 74 44 0 5978 950000 4750 562522 958750 538396
 2029.454917 8003 1000 1000 1000 1000 74 46 0 74 52 0 74 42 0 74 44 0 5978 950000 4750 562522 958750 538396
 2029.654936 8004 1000 1000 1000 1000 74 46 0 74 52 0 74 42 0 74 44 0 5734 950000 4750 579510 958750 554682
 2029.854937 8005 1000 1000 1000 1000 74 46 0 74 52 0 74 42 0 74 44 0 5978 950000 4750 562248 958750 538396
 2030.054949 8006 1000 1000 1000 1000 74 46 0 74 52 0 74 42 0 74 44 0 5734 950000 4750 564714 958750 540312
 2030.254912 8007 1000 1000 1000 1000 74 46 0 74 52 0 74 42 0 74 44 0 5734 950000 4750 564166 958750 540312
 2030.454937 8008 1000 1000 1000 1000 74 46 0 74 52 0 74 42 0 74 44 0 5734 950000 4750 564166 958750 540312
 2030.654930 8009 1000 1000 1000 1000 74 46 0 74 52 0 74 42 0 74 44 0 5978 950000 4750 563344 958750 539354
 2030.854936 8010 1000 1000 1000 1000 74 46 0 74 52 0 74 42 0 74 44 0 5734 950000 4750 561974 958750 537438
 2031.054949 8011 1000 1000 1000 1000 74 46 0 74 52 0 74 42 0 74 44 0 5734 950000 4750 562248 958750 538396
 2031.254936 8012 1000 1000 1000 1000 74 46 0 74 52 0 74 42 0 74 44 0 5734 950000 4750 562248 958750 538396
 2031.454936 8013 1000 1000 1000 1000 74 46 0 74 52 0 74 42 0 74 44 0 5978 950000 4750 563070 958750 539354
 2031.654936 8014 1000 1000 1000 1000 74 46 0 74 52 0 74 42 0 74 44 0 5978 950000 4750 563618 958750 539354
 2031.854937 8015 1000 1000 1000 1000 74 46 0 74 52 0 74 42 0 74 44 0 5978 950000 4750 564988 958750 540312
 2032.054949 8016 1000 1000 1000 1000 74 46 0 74 52 0 74 42 0 74 44 0 5978 950000 4750 564988 958750 540312
 2032.254936 8017 1000 1000 1000 1000 74 46 0 74 52 0 74 42 0 74 44 0 5978 950000 4750 564440 958750 540312
 2032.454936 8018 1000 1000 1000 1000 74 46 0 74 52 0 74 42 0 74 44 0 5978 950000 4750 563892 958750 539354
 2032.654939 8019 1000 1000 1000 1000 74 46 0 74 52 0 74 42 0 74 44 0 5734 950000 4750 563892 958750 539354
 2032.854935 8020 1000 1000 1000 1000 74 46 0 74 52 0 74 42 0 74 44 0 5734 950000 4750 563892 958750 539354
 2033.054945 8021 1000 1000 1000 1000 74 46 0 74 52 0 74 42 0 74 44 0 5978 950000 4750 563618 958750 539354
 2033.254936 8022 1000 1000 1000 1000 74 46 0 74 52 0 74 42 0 74 44 0 5978 950000 4750 563070 958750 539354
 2033.454935 8023 1000 1000 1000 1000 74 46 0 74 52 0 74 42 0 74 44 0 5734 950000 4750 562796 958750 538396
 2033.654936 8024 1000 1000 1000 1000 74 46 0 74 52 0 74 42 0 74 44 0 5734 950000 4750 562796 958750 538396
 2033.854936 8025 1000 1000 1000 1000 74 46 0 74 52 0 74 42 0 74 44 0 5978 950000 4750 564166 958750 540312
 2034.054949 8026 1000 1000 1000 1000 74 46 0 74 52 0 74 42 0 74 44 0 5978 950000 4750 563618 958750 539354
 2034.254935 8027 1000 1000 1000 1000 74 46 0 74 52 0 74 42 0 74 44 0 5978 950000 4750 563892 958750 539354
 2034.454937 8028 1000 1000 1000 1000 74 46 0 74 52 0 74 42 0 74 44 0 5978 950000 4750 563892 958750 539354
 2034.654935 8029 1000 1000 1000 1000 74 46 0 74 52 0 74 42 0 74 44 0 5734 950000 4750 563344 958750 539354
 2034.854935 8030 1000 1000 1000 1000 74 46 0 74 52 0 74 42 0 74 44 0 5734 950000 4750 561700 958750 537438
 2035.054949 8031 1000 1000 1000 1000 74 46 0 74 52 0 74 42 0 74 44 0 5978 950000 4750 563070 958750 539354
 2035.254936 8032 1000 1000 1000 1000 74 46 0 74 52 0 74 42 0 74 44 0 5978 950000 4750 563070 958750 539354
 2035.454930 8033 1000 1000 1000 1000 74 46 0 74 52 0 74 42 0 74 44 0 5734 950000 4750 562522 958750 538396
 2035.654985 8034 1000 1000 1000 1000 74 46 0 74 52 0 74 42 0 74 44 0 5978 950000 4750 563070 958750 539354
 2035.854936 8035 1000 1000 1000 1000 74 46 0 74 52 0 74 42 0 74 44 0 5978 950000 4750 565536 958750 541270
 2036.054933 8036 1000 1000 1000 1000 74 46 0 74 52 0 74 42 0 74 44 0 5978 950000 4750 565536 958750 541270
 2036.254936 8037 1000 1000 1000 1000 74 46 0 74 52 0 74 42 0 74 44 0 5734 950000 4750 563892 958750 539354
 2036.454937 8038 1000 1000 1000 1000 74 46 0 74 52 0 74 42 0 74 44 0 5734 950000 4750 564166 958750 540312
 2036.654936 8039 1000 1000 1000 1000 74 46 0 74 52 0 74 42 0 74 44 0 5734 950000 4750 562796 958750 538396
 2036.854936 8040 1000 1000 1000 1000 74 46 0 74 52 0 74 42 0 74 44 0 5734 950000 4750 563344 958750 539354
 2037.054949 8041 1000 1000 1000 1000 74 46 0 74 52 0 74 42 0 74 44 0 5734 950000 4750 563344 958750 539354
 2037.254935 8042 1000 1000 1000 1000 74 46 0 74 52 0 74 42 0 74 44 0 5734 950000 4750 563892 958750 539354
 2037.454936 8043 1000 1000 1000 1000 74 46 0 74 52 0 74 42 0 74 44 0 5734 950000 4750 564440 958750 540312
 2037.654930 8044 1000 1000 1000 1000 74 46 0 74 52 0 74 42 0 74 44 0 5978 950000 4750 564440 958750 540312
 2037.854937 8045 1000 1000 1000 1000 74 46 0 74 52 0 74 42 0 74 44 0 5978 950000 4750 564440 958750 540312
 2038.054950 8046 1000 1000 1000 1000 74 46 0 74 52 0 74 42 0 74 44 0 5978 950000 4750 564988 958750 540312
 2038.254936 8047 1000 1000 1000 1000 74 46 0 74 52 0 74 42 0 74 44 0 5734 950000 4750 564714 958750 540312
 2038.454936 8048 1000 1000 1000 1000 74 46 0 74 52 0 74 42 0 74 44 0 5978 950000 4750 562522 958750 538396
 2038.654935 8049 1000 1000 1000 1000 74 46 0 74 52 0 74 42 0 74 44 0 5978 950000 4750 562522 958750 538396
 2038.854936 8050 1000 1000 1000 1000 74 46 0 74 52 0 74 42 0 74 44 0 5978 950000 4750 564440 958750 540312
 2039.054949 8051 1000 1000 1000 1000 74 46 0 74 52 0 74 42 0 74 44 0 5734 950000 4750 562248 958750 538396
 2039.254936 8052 1000 1000 1000 1000 74 46 0 74 52 0 74 42 0 74 44 0 5978 950000 4750 562522 958750 538396
 2039.454936 8053 1000 1000 1000 1000 74 46 0 74 52 0 74 42 0 74 44 0 5978 950000 4750 562522 958750 538396
 2039.654936 8054 1000 1000 1000 1000 74 46 0 74 52 0 74 42 0 74 44 0 5978 950000 4750 563892 958750 539354
 2039.854937 8055 1000 1000 1000 1000 74 46 0 74 52 0 74 42 0 74 44 0 5978 950000 4750 563892 958750 539354
 2040.054930 8056 1000 1000 1000 1000 74 46 0 74 52 0 74 42 0 74 44 0 5734 950000 4750 563892 958750 539354
 2040.254938 8057 1000 1000 1000 1000 74 46 0 74 52 0 74 42 0 74 44 0 5734 950000 4750 563892 958750 539354
 2040.454936 8058 1000 1000 1000 1000 74 46 0 74 52 0 74 42 0 74 44 0 5978 950000 4750 562796 958750 538396
 2040.654936 8059 1000 1000 1000 1000 74 46 0 74 52 0 74 42 0 74 44 0 5978 950000 4750 562796 958750 538396
 2040.854936 8060 1000 1000 1000 1000 74 46 0 74 52 0 74 42 0 74 44 0 5734 950000 4750 562522 958750 538396
 2041.054950 8061 1000 1000 1000 1000 74 46 0 74 52 0 74 42 0 74 44 0 5734 950000 4750 562522 958750 538396
 2041.254936 8062 1000 1000 1000 1000 74 46 0 74 52 0 74 42 0 74 44 0 5734 950000 4750 562248 958750 538396
 2041.454936 8063 1000 1000 1000 1000 74 46 0 74 52 0 74 42 0 74 44 0 5734 950000 4750 564440 958750 540312
 2041.654935 8064 1000 1000 1000 1000 74 46 0 74 52 0 74 42 0 74 44 0 5734 950000 4750 563892 958750 539354
 2041.854935 8065 1000 1000 1000 1000 74 46 0 74 52 0 74 42 0 74 44 0 5734 950000 4750 563892 958750 539354
 2042.054950 8066 1000 1000 1000 1000 74 46 0 74 52 0 74 42 0 74 44 0 5734 950000 4750 564714 958750 540312
 2042.254936 8067 1000 1000 1000 1000 74 46 0 74 52 0 74 42 0 74 44 0 5734 950000 4750 563070 958750 539354
 2042.454930 8068 1000 1000 1000 1000 74 46 0 74 52 0 74 42 0 74 44 0 5734 950000 4750 562522 958750 538396
 2042.654862 8069 1000 1000 1000 1000 74 46 0 74 52 0 74 42 0 74 44 0 5978 950000 4750 562796 958750 538396
 2042.854936 8070 1000 1000 1000 1000 74 46 0 74 52 0 74 42 0 74 44 0 5978 950000 4750 562796 958750 538396
 2043.054949 8071 1000 1000 1000 1000 74 46 0 74 52 0 74 42 0 74 44 0 5978 950000 4750 563344 958750 539354
 2043.254935 8072 1000 1000 1000 1000 74 46 0 74 52 0 74 42 0 74 44 0 5978 950000 4750 563892 958750 539354
 2043.454936 8073 1000 1000 1000 1000 74 46 0 74 52 0 74 42 0 74 44 0 5978 950000 4750 563892 958750 539354
 2043.654938 8074 1000 1000 1000 1000 74 46 0 74 52 0 74 42 0 74 44 0 5978 950000 4750 563892 958750 539354
 2043.854936 8075 1000 1000 1000 1000 74 46 0 74 52 0 74 42 0 74 44 0 5734 950000 4750 564440 958750 540312
 2044.054949 8076 1000 1000 1000 1000 74 46 0 74 52 0 74 42 0 74 44 0 5978 950000 4750 563070 958750 539354
 2044.254996 8077 1000 1000 1000 1000 74 46 0 74 52 0 74 42 0 74 44 0 5734 950000 4750 562796 958750 538396
 2044.454937 8078 1000 1000 1000 1000 74 46 0 74 52 0 74 42 0 74 44 0 5734 950000 4750 562796 958750 538396
 2044.654936 8079 1000 1000 1000 1000 74 46 0 74 52 0 74 42 0 74 44 0 5978 950000 4750 567180 958750 543186
 2044.854930 8080 1000 1000 1000 1000 74 46 0 74 52 0 74 42 0 74 44 0 5978 950000 4750 563344 958750 539354
 2045.054950 8081 1000 1000 1000 1000 74 46 0 74 52 0 74 42 0 74 44 0 5734 950000 4750 563618 958750 539354
 2045.254936 8082 1000 1000 1000 1000 74 46 0 74 52 0 74 42 0 74 44 0 5734 950000 4750 563618 958750 539354
 2045.454936 8083 1000 1000 1000 1000 74 46 0 74 52 0 74 42 0 74 44 0 5734 950000 4750 563344 958750 539354
 2045.654935 8084 1000 1000 1000 1000 74 46 0 74 52 0 74 42 0 74 44 0 5978 950000 4750 563070 958750 539354
 2045.854936 8085 1000 1000 1000 1000 74 46 0 74 52 0 74 42 0 74 44 0 5978 950000 4750 564440 958750 540312
 2046.054949 8086 1000 1000 1000 1000 74 46 0 74 52 0 74 42 0 74 44 0 5978 950000 4750 564440 958750 540312
 2046.254936 8087 1000 1000 1000 1000 74 46 0 74 52 0 74 42 0 74 44 0 5978 950000 4750 562796 958750 538396
 2046.454936 8088 1000 1000 1000 1000 74 46 0 74 52 0 74 42 0 74 44 0 5734 950000 4750 562796 958750 538396
 2046.654936 8089 1000 1000 1000 1000 74 46 0 74 52 0 74 42 0 74 44 0 5978 950000 4750 563618 958750 539354
 2046.854936 8090 1000 1000 1000 1000 74 46 0 74 52 0 74 42 0 74 44 0 5978 950000 4750 563618 958750 539354
 2047.054949 8091 1000 1000 1000 1000 74 46 0 74 52 0 74 42 0 74 44 0 5734 950000 4750 565536 958750 541270
 2047.254931 8092 1000 1000 1000 1000 74 46 0 74 52 0 74 42 0 74 44 0 5978 950000 4750 564714 958750 540312
 2047.454935 8093 1000 1000 1000 1000 74 46 0 74 52 0 74 42 0 74 44 0 5978 950000 4750 564714 958750 540312
 2047.654935 8094 1000 1000 1000 1000 74 46 0 74 52 0 74 42 0 74 44 0 5978 950000 4750 564714 958750 540312
 2047.854935 8095 1000 1000 1000 1000 74 46 0 74 52 0 74 42 0 74 44 0 5734 950000 4750 564714 958750 540312
 2048.054950 8096 1000 1000 1000 1000 74 46 0 74 52 0 74 42 0 74 44 0 5978 950000 4750 566358 958750 542228
 2048.254936 8097 1000 1000 1000 1000 74 46 0 74 52 0 74 42 0 74 44 0 5978 950000 4750 563618 958750 539354
 2048.454919 8098 1000 1000 1000 1000 74 46 0 74 52 0 74 42 0 74 44 0 5978 950000 4750 563618 958750 539354
 2048.654939 8099 1000 1000 1000 1000 74 46 0 74 52 0 74 42 0 74 44 0 5978 950000 4750 564440 958750 540312
 2048.854935 8100 1000 1000 1000 1000 74 46 0 74 52 0 74 42 0 74 44 0 5734 950000 4750 563070 958750 539354
 2049.054950 8101 1000 1000 1000 1000 74 46 0 74 52 0 74 42 0 74 44 0 5978 950000 4750 564440 958750 540312
 2049.254913 8102 1000 1000 1000 1000 74 46 0 74 52 0 74 42 0 74 44 0 5734 950000 4750 564440 958750 540312
 2049.454936 8103 1000 1000 1000 1000 74 46 0 74 52 0 74 42 0 74 44 0 5734 950000 4750 564440 958750 540312
 2049.654931 8104 1000 1000 1000 1000 74 46 0 74 52 0 74 42 0 74 44 0 5978 950000 4750 564714 958750 540312
 2049.854936 8105 1000 1000 1000 1000 74 46 0 74 52 0 74 42 0 74 44 0 5978 950000 4750 562248 958750 538396
 2050.054950 8106 1000 1000 1000 1000 74 46 0 74 52 0 74 42 0 74 44 0 5734 950000 4750 562522 958750 538396
 2050.254936 8107 1000 1000 1000 1000 74 46 0 74 52 0 74 42 0 74 44 0 5734 950000 4750 562522 958750 538396
 2050.454937 8108 1000 1000 1000 1000 74 46 0 74 52 0 74 42 0 74 44 0 5734 950000 4750 563344 958750 539354
 2050.654935 8109 1000 1000 1000 1000 74 46 0 74 52 0 74 42 0 74 44 0 5978 950000 4750 562522 958750 538396
 2050.854936 8110 1000 1000 1000 1000 74 46 0 74 52 0 74 42 0 74 44 0 5978 950000 4750 564440 958750 540312
 2051.054937 8111 1000 1000 1000 1000 74 46 0 74 52 0 74 42 0 74 44 0 5978 950000 4750 564440 958750 540312
 2051.254936 8112 1000 1000 1000 1000 74 46 0 74 52 0 74 42 0 74 44 0 5734 950000 4750 564440 958750 540312
 2051.454938 8113 1000 1000 1000 1000 74 46 0 74 52 0 74 42 0 74 44 0 5978 950000 4750 565262 958750 541270
 2051.654936 8114 1000 1000 1000 1000 74 46 0 74 52 0 74 42 0 74 44 0 5734 950000 4750 562796 958750 538396
 2051.854936 8115 1000 1000 1000 1000 74 46 0 74 52 0 74 42 0 74 44 0 5734 950000 4750 562796 958750 538396
 2052.054946 8116 1000 1000 1000 1000 74 46 0 74 52 0 74 42 0 74 44 0 5978 950000 4750 563070 958750 539354
 2052.254936 8117 1000 1000 1000 1000 74 46 0 74 52 0 74 42 0 74 44 0 5978 950000 4750 563618 958750 539354
 2052.454937 8118 1000 1000 1000 1000 74 46 0 74 52 0 74 42 0 74 44 0 5978 950000 4750 563618 958750 539354
 2052.654935 8119 1000 1000 1000 1000 74 46 0 74 52 0 74 42 0 74 44 0 5978 950000 4750 563618 958750 539354
 2052.854937 8120 1000 1000 1000 1000 74 46 0 74 52 0 74 42 0 74 44 0 5978 950000 4750 563892 958750 539354
 2053.054950 8121 1000 1000 1000 1000 74 46 0 74 52 0 74 42 0 74 44 0 5978 950000 4750 565262 958750 541270
 2053.254935 8122 1000 1000 1000 1000 74 46 0 74 52 0 74 42 0 74 44 0 5978 950000 4750 564988 958750 540312
 2053.454935 8123 1000 1000 1000 1000 74 46 0 74 52 0 74 42 0 74 44 0 5978 950000 4750 564988 958750 540312
 2053.654930 8124 1000 1000 1000 1000 74 46 0 74 52 0 74 42 0 74 44 0 5978 950000 4750 563344 958750 539354
 2053.854936 8125 1000 1000 1000 1000 74 46 0 74 52 0 74 42 0 74 44 0 5978 950000 4750 563070 958750 539354
 2054.054950 8126 1000 1000 1000 1000 74 46 0 74 52 0 74 42 0 74 44 0 5978 950000 4750 564166 958750 540312
 2054.254936 8127 1000 1000 1000 1000 74 46 0 74 52 0 74 42 0 74 44 0 5978 950000 4750 564166 958750 540312
 2054.454932 8128 1000 1000 1000 1000 74 46 0 74 52 0 74 42 0 74 44 0 5978 950000 4750 562522 958750 538396
 2054.654937 8129 1000 1000 1000 1000 74 46 0 74 52 0 74 42 0 74 44 0 5978 950000 4750 563618 958750 539354
 2054.854936 8130 1000 1000 1000 1000 74 46 0 74 52 0 74 42 0 74 44 0 5734 950000 4750 564166 958750 540312
 2055.054931 8131 1000 1000 1000 1000 74 46 0 74 52 0 74 42 0 74 44 0 5734 950000 4750 564166 958750 540312
 2055.254935 8132 1000 1000 1000 1000 74 46 0 74 52 0 74 42 0 74 44 0 5978 950000 4750 564440 958750 540312
 2055.454937 8133 1000 1000 1000 1000 74 46 0 74 52 0 74 42 0 74 44 0 5978 950000 4750 563344 958750 539354
 2055.654935 8134 1000 1000 1000 1000 74 46 0 74 52 0 74 42 0 74 44 0 5978 950000 4750 562522 958750 538396
 2055.854935 8135 1000 1000 1000 1000 74 46 0 74 52 0 74 42 0 74 44 0 5978 950000 4750 562522 958750 538396
 2056.054950 8136 1000 1000 1000 1000 74 46 0 74 52 0 74 42 0 74 44 0 5978 950000 4750 562522 958750 538396
 2056.254936 8137 1000 1000 1000 1000 74 46 0 74 52 0 74 42 0 74 44 0 5978 950000 4750 563344 958750 539354
 2056.454935 8138 1000 1000 1000 1000 74 46 0 74 52 0 74 42 0 74 44 0 5978 950000 4750 565262 958750 541270
 2056.654930 8139 1000 1000 1000 1000 74 46 0 74 52 0 74 42 0 74 44 0 5734 950000 4750 564714 958750 540312
 2056.854931 8140 1000 1000 1000 1000 74 46 0 74 52 0 74 42 0 74 44 0 5734 950000 4750 564714 958750 540312
 2057.054952 8141 1000 1000 1000 1000 74 46 0 74 52 0 74 42 0 74 44 0 5734 950000 4750 566906 958750 542228
 2057.254936 8142 1000 1000 1000 1000 74 46 0 74 52 0 74 42 0 74 44 0 5978 950000 4750 564714 958750 540312
 2057.454936 8143 1000 1000 1000 1000 74 46 0 74 52 0 74 42 0 74 44 0 5734 950000 4750 564440 958750 540312
 2057.654937 8144 1000 1000 1000 1000 74 46 0 74 52 0 74 42 0 74 44 0 5734 950000 4750 564440 958750 540312
 2057.854936 8145 1000 1000 1000 1000 74 46 0 74 52 0 74 42 0 74 44 0 5734 950000 4750 563892 958750 539354
 2058.054950 8146 1000 1000 1000 1000 74 46 0 74 52 0 74 42 0 74 44 0 5978 950000 4750 563892 958750 539354
 2058.254936 8147 1000 1000 1000 1000 74 46 0 74 52 0 74 42 0 74 44 0 5734 950000 4750 565262 958750 541270
 2058.454937 8148 1000 1000 1000 1000 74 46 0 74 52 0 74 42 0 74 44 0 5734 950000 4750 565262 958750 541270
 2058.654935 8149 1000 1000 1000 1000 74 46 0 74 52 0 74 42 0 74 44 0 5978 950000 4750 565536 958750 541270
 2058.854937 8150 1000 1000 1000 1000 74 46 0 74 52 0 74 42 0 74 44 0 5978 950000 4750 564440 958750 540312
 2059.054929 8151 1000 1000 1000 1000 74 46 0 74 52 0 74 42 0 74 44 0 5978 950000 4750 564440 958750 540312
 2059.254937 8152 1000 1000 1000 1000 74 46 0 74 52 0 74 42 0 74 44 0 5978 950000 4750 564440 958750 540312
 2059.454936 8153 1000 1000 1000 1000 74 46 0 74 52 0 74 42 0 74 44 0 5734 950000 4750 564166 958750 540312
 2059.654935 8154 1000 1000 1000 1000 74 46 0 74 52 0 74 42 0 74 44 0 5734 950000 4750 561974 958750 537438
 2059.854936 8155 1000 1000 1000 1000 74 46 0 74 52 0 74 42 0 74 44 0 5978 950000 4750 563344 958750 539354
 2060.054950 8156 1000 1000 1000 1000 74 46 0 74 52 0 74 42 0 74 44 0 5978 950000 4750 563344 958750 539354
 2060.254936 8157 1000 1000 1000 1000 74 46 0 74 52 0 74 42 0 74 44 0 5978 950000 4750 563892 958750 539354
 2060.454936 8158 1000 1000 1000 1000 74 46 0 74 52 0 74 42 0 74 44 0 5978 950000 4750 564988 958750 540312
 2060.654936 8159 1000 1000 1000 1000 74 46 0 74 52 0 74 42 0 74 44 0 5734 950000 4750 564166 958750 540312
 2060.854938 8160 1000 1000 1000 1000 74 46 0 74 52 0 74 42 0 74 44 0 5734 950000 4750 564166 958750 540312
 2061.054950 8161 1000 1000 1000 1000 74 46 0 74 52 0 74 42 0 74 44 0 5978 950000 4750 564440 958750 540312
 2061.254938 8162 1000 1000 1000 1000 74 46 0 74 52 0 74 42 0 74 44 0 5734 950000 4750 562248 958750 538396
 2061.454930 8163 1000 1000 1000 1000 74 46 0 74 52 0 74 42 0 74 44 0 5978 950000 4750 562796 958750 538396
 2061.654862 8164 1000 1000 1000 1000 74 46 0 74 52 0 74 42 0 74 44 0 5978 950000 4750 562796 958750 538396
 2061.854936 8165 1000 1000 1000 1000 74 46 0 74 52 0 74 42 0 74 44 0 5978 950000 4750 562796 958750 538396
 2062.054944 8166 1000 1000 1000 1000 74 46 0 74 52 0 74 42 0 74 44 0 5978 950000 4750 563344 958750 539354
 2062.254928 8167 1000 1000 1000 1000 74 46 0 74 52 0 74 42 0 74 44 0 5978 950000 4750 344144 958750 329552
 2062.454928 8168 1000 1000 1000 1000 74 46 0 74 52 0 74 42 0 74 44 0 5734 950000 4750 47402 957500 44979
