  503.275039 374 1300 1300 1300 1300 67 46 0 67 52 0 67 42 0 67 44 0 5734 950000 4750 74254 1057500 78218
  503.474916 375 1300 1300 1300 1300 67 46 0 67 52 0 67 42 0 67 44 0 5490 950000 4750 223584 1058750 235934
  503.674916 376 1300 1300 1300 1300 67 46 0 67 52 0 67 42 0 67 44 0 5490 950000 4750 223584 1058750 235934
  503.874916 377 1300 1300 1300 1300 67 46 0 67 52 0 67 42 0 67 44 0 5734 950000 4750 58088 1057500 61306
  504.074995 378 1300 1300 1300 1300 66 46 0 66 52 0 66 42 0 66 44 0 5490 950000 4750 56992 1057500 59192
  504.275039 379 1300 1300 1300 1300 66 46 0 66 52 0 66 42 0 66 44 0 5490 950000 4750 307976 1058750 324806
  504.474949 380 1300 1300 1300 1300 66 46 0 66 52 0 66 42 0 66 44 0 5490 950000 4750 307976 1058750 324806
  504.675034 381 1300 1300 1300 1300 66 46 0 66 52 0 66 42 0 66 44 0 5490 948750 4740 954068 1061250 1012194
  504.875051 382 1300 1300 1300 1300 66 46 0 66 52 0 66 42 0 66 44 0 5490 948750 4740 902008 1061250 957022
  505.075059 383 1300 1300 1300 1300 68 46 0 68 52 0 68 42 0 68 44 0 5490 950000 4750 657052 1060000 696420
  505.274952 384 1300 1300 1300 1300 68 46 0 68 52 0 68 42 0 68 44 0 5490 950000 4750 657052 1060000 696420
  505.479951 385 1300 1300 1300 1300 68 46 0 68 52 0 68 42 0 68 44 0 5734 948750 4740 948314 1061250 1005828
  505.680002 386 1200 1200 1200 1200 68 46 0 68 52 0 68 42 0 68 44 0 5734 950000 4750 885020 1061250 938985
  505.880038 387 1200 1200 1200 1200 68 46 0 68 52 0 68 42 0 68 44 0 5734 950000 4750 531560 1038750 551178
  506.079950 388 1200 1200 1200 1200 69 46 0 69 52 0 69 42 0 69 44 0 5734 950000 4750 531560 1038750 551178
  506.279922 389 1200 1200 1200 1200 69 46 0 69 52 0 69 42 0 69 44 0 5490 950000 4750 166318 1020000 169320
  506.479921 390 1200 1200 1200 1200 69 46 0 69 52 0 69 42 0 69 44 0 5734 950000 4750 63842 1020000 64260
  506.679920 391 1200 1200 1200 1200 69 46 0 69 52 0 69 42 0 69 44 0 5490 950000 4750 52608 1020000 53040
  506.880006 392 1200 1200 1200 1200 69 46 0 69 52 0 69 42 0 69 44 0 5734 950000 4750 357570 1021250 364497
  507.079942 393 1200 1200 1200 1200 69 46 0 69 52 0 69 42 0 69 44 0 5734 950000 4750 357570 1021250 364497
  507.279939 394 1200 1200 1200 1200 69 46 0 69 52 0 69 42 0 69 44 0 5490 950000 4750 834330 1022500 852348
  507.485025 395 1200 1200 1200 1200 69 46 0 69 52 0 69 42 0 69 44 0 5490 950000 4750 794874 1022500 811468
  507.684922 396 1200 1200 1200 1200 69 46 0 69 52 0 69 42 0 69 44 0 5490 950000 4750 675410 1022500 689850
  507.884966 397 1200 1200 1200 1200 68 46 0 68 52 0 68 42 0 68 44 0 5490 950000 4750 675410 1022500 689850
  508.084935 398 1200 1200 1200 1200 68 46 0 68 52 0 68 42 0 68 44 0 5734 950000 4750 53978 1020000 54060
  508.284920 399 1200 1200 1200 1200 68 46 0 68 52 0 68 42 0 68 44 0 5490 950000 4750 48772 1020000 48960
  508.484920 400 1200 1200 1200 1200 68 46 0 68 52 0 68 42 0 68 44 0 5490 950000 4750 45758 1020000 45900
  508.684921 401 1200 1200 1200 1200 68 46 0 68 52 0 68 42 0 68 44 0 5490 950000 4750 45758 1020000 45900
  508.884973 402 1200 1200 1200 1200 67 46 0 67 52 0 67 42 0 67 44 0 5734 950000 4750 47128 1020000 47940
  509.084934 403 1200 1200 1200 1200 67 46 0 67 52 0 67 42 0 67 44 0 5490 950000 4750 46854 1020000 46920
  509.284920 404 1200 1200 1200 1200 67 46 0 67 52 0 67 42 0 67 44 0 5490 950000 4750 55622 1020000 56100
  509.484922 405 1200 1200 1200 1200 67 46 0 67 52 0 67 42 0 67 44 0 5490 950000 4750 55622 1020000 56100
  509.684920 406 1200 1200 1200 1200 67 46 0 67 52 0 67 42 0 67 44 0 5490 950000 4750 61102 1020000 62220
  509.884971 407 1200 1200 1200 1200 67 46 0 67 52 0 67 42 0 67 44 0 5734 950000 4750 50416 1020000 51000
  510.084933 408 1200 1200 1200 1200 67 46 0 67 52 0 67 42 0 67 44 0 5734 950000 4750 49594 1020000 49980
  510.284920 409 1200 1200 1200 1200 67 46 0 67 52 0 67 42 0 67 44 0 5734 950000 4750 49594 1020000 49980
  510.484916 410 1200 1200 1200 1200 67 46 0 67 52 0 67 42 0 67 44 0 5490 950000 4750 48772 1020000 48960
