 3447.329997 15092 1300 1300 1300 1300 74 46 0 74 52 0 74 42 0 74 44 0 5734 950000 4750 208514 1058750 220064
 3447.530023 15093 1300 1300 1300 1300 74 46 0 74 52 0 74 42 0 74 44 0 5734 950000 4750 208514 1058750 220064
 3447.729906 15094 1300 1300 1300 1300 74 46 0 74 52 0 74 42 0 74 44 0 5734 950000 4750 865292 1061250 917765
 3447.929977 15095 1300 1300 1300 1300 74 46 0 74 52 0 74 42 0 74 44 0 5978 950000 4750 929956 1061250 985669
 3448.129990 15096 1300 1300 1300 1300 75 46 0 75 52 0 75 42 0 75 44 0 5734 950000 4750 847208 1061250 898667
 3448.329980 15097 1300 1300 1300 1300 75 46 0 75 52 0 75 42 0 75 44 0 5734 950000 4750 847208 1061250 898667
 3448.529980 15098 1300 1300 1300 1300 75 46 0 75 52 0 75 42 0 75 44 0 5734 950000 4750 819808 1061250 868959
 3448.729979 15099 1300 1300 1300 1300 75 46 0 75 52 0 75 42 0 75 44 0 5734 950000 4750 818986 1061250 867898
 3448.929981 15100 1300 1300 1300 1300 75 46 0 75 52 0 75 42 0 75 44 0 5734 950000 4750 816520 1060000 864960
 3449.129972 15101 1300 1300 1300 1300 75 46 0 75 52 0 75 42 0 75 44 0 5734 950000 4750 816520 1060000 864960
 3449.329981 15102 1300 1300 1300 1300 75 46 0 75 52 0 75 42 0 75 44 0 5734 950000 4750 818164 1061250 867898
 3449.529980 15103 1300 1300 1300 1300 75 46 0 75 52 0 75 42 0 75 44 0 5734 950000 4750 825014 1061250 875325
 3449.729980 15104 1300 1300 1300 1300 75 46 0 75 52 0 75 42 0 75 44 0 5734 950000 4750 825288 1060000 874500
 3449.929942 15105 1300 1300 1300 1300 75 46 0 75 52 0 75 42 0 75 44 0 5734 950000 4750 819260 1061250 868959
 3450.129989 15106 1300 1300 1300 1300 75 46 0 75 52 0 75 42 0 75 44 0 5734 950000 4750 819260 1061250 868959
 3450.329980 15107 1300 1300 1300 1300 75 46 0 75 52 0 75 42 0 75 44 0 5734 950000 4750 821726 1060000 870260
 3450.529980 15108 1300 1300 1300 1300 75 46 0 75 52 0 75 42 0 75 44 0 5978 950000 4750 817068 1060000 866020
 3450.729980 15109 1300 1300 1300 1300 75 46 0 75 52 0 75 42 0 75 44 0 5734 950000 4750 819534 1061250 868959
 3450.929980 15110 1300 1300 1300 1300 75 46 0 75 52 0 75 42 0 75 44 0 5734 950000 4750 819534 1061250 868959
 3451.129989 15111 1300 1300 1300 1300 75 46 0 75 52 0 75 42 0 75 44 0 5978 950000 4750 819534 1061250 868959
 3451.329980 15112 1300 1300 1300 1300 75 46 0 75 52 0 75 42 0 75 44 0 5978 950000 4750 820356 1061250 870020
 3451.529981 15113 1300 1300 1300 1300 75 46 0 75 52 0 75 42 0 75 44 0 5978 950000 4750 820082 1061250 870020
 3451.729978 15114 1300 1300 1300 1300 75 46 0 75 52 0 75 42 0 75 44 0 5978 950000 4750 820082 1061250 870020
 3451.929979 15115 1300 1300 1300 1300 75 46 0 75 52 0 75 42 0 75 44 0 5978 950000 4750 820630 1060000 869200
 3452.129986 15116 1300 1300 1300 1300 75 46 0 75 52 0 75 42 0 75 44 0 5734 950000 4750 817342 1060000 866020
 3452.329974 15117 1300 1300 1300 1300 75 46 0 75 52 0 75 42 0 75 44 0 5734 950000 4750 816246 1061250 865776
 3452.529979 15118 1300 1300 1300 1300 75 46 0 75 52 0 75 42 0 75 44 0 5734 950000 4750 816246 1061250 865776
 3452.729979 15119 1300 1300 1300 1300 75 46 0 75 52 0 75 42 0 75 44 0 5978 950000 4750 814876 1061250 863654
 3452.929978 15120 1300 1300 1300 1300 75 46 0 75 52 0 75 42 0 75 44 0 5734 950000 4750 814876 1061250 863654
 3453.129988 15121 1300 1300 1300 1300 75 46 0 75 52 0 75 42 0 75 44 0 5978 950000 4750 816520 1061250 865776
 3453.329979 15122 1300 1300 1300 1300 75 46 0 75 52 0 75 42 0 75 44 0 5978 950000 4750 816520 1061250 865776
 3453.529979 15123 1300 1300 1300 1300 75 46 0 75 52 0 75 42 0 75 44 0 5978 950000 4750 817616 1061250 866837
 3453.729980 15124 1300 1300 1300 1300 75 46 0 75 52 0 75 42 0 75 44 0 5978 950000 4750 817342 1061250 866837
 3453.929979 15125 1300 1300 1300 1300 75 46 0 75 52 0 75 42 0 75 44 0 5978 950000 4750 817342 1061250 866837
 3454.129988 15126 1300 1300 1300 1300 75 46 0 75 52 0 75 42 0 75 44 0 5978 950000 4750 817342 1061250 866837
 3454.329980 15127 1300 1300 1300 1300 75 46 0 75 52 0 75 42 0 75 44 0 5978 950000 4750 817068 1061250 866837
 3454.529979 15128 1300 1300 1300 1300 75 46 0 75 52 0 75 42 0 75 44 0 5978 950000 4750 815698 1060000 863900
 3454.729973 15129 1300 1300 1300 1300 75 46 0 75 52 0 75 42 0 75 44 0 5978 950000 4750 817068 1061250 866837
 3454.929980 15130 1300 1300 1300 1300 75 46 0 75 52 0 75 42 0 75 44 0 5978 950000 4750 817068 1061250 866837
 3455.129992 15131 1300 1300 1300 1300 75 46 0 75 52 0 75 42 0 75 44 0 5978 950000 4750 818164 1061250 867898
 3455.329934 15132 1300 1300 1300 1300 75 46 0 75 52 0 75 42 0 75 44 0 5734 950000 4750 820904 1061250 870020
 3455.529935 15133 1300 1300 1300 1300 75 46 0 75 52 0 75 42 0 75 44 0 5734 950000 4750 818986 1060000 867080
 3455.730141 15134 1300 1300 1300 1300 75 46 0 75 52 0 75 42 0 75 44 0 5734 950000 4750 818986 1060000 867080
 3455.929994 15135 1300 1300 1300 1300 75 46 0 75 52 0 75 42 0 75 44 0 5978 950000 4750 818438 1061250 867898
 3456.129936 15136 1300 1300 1300 1300 75 46 0 75 52 0 75 42 0 75 44 0 5734 950000 4750 816246 1060000 864960
 3456.329935 15137 1300 1300 1300 1300 75 46 0 75 52 0 75 42 0 75 44 0 5978 950000 4750 817890 1061250 866837
 3456.529938 15138 1300 1300 1300 1300 75 46 0 75 52 0 75 42 0 75 44 0 5734 950000 4750 817342 1060000 866020
 3456.729935 15139 1300 1300 1300 1300 75 46 0 75 52 0 75 42 0 75 44 0 5734 950000 4750 817342 1060000 866020
 3456.929933 15140 1300 1300 1300 1300 75 46 0 75 52 0 75 42 0 75 44 0 5978 950000 4750 817616 1061250 866837
 3457.129935 15141 1300 1300 1300 1300 75 46 0 75 52 0 75 42 0 75 44 0 5978 950000 4750 821726 1061250 871081
 3457.329934 15142 1300 1300 1300 1300 75 46 0 75 52 0 75 42 0 75 44 0 5734 950000 4750 819808 1061250 868959
 3457.529936 15143 1300 1300 1300 1300 75 46 0 75 52 0 75 42 0 75 44 0 5734 950000 4750 819808 1061250 868959
 3457.729934 15144 1300 1300 1300 1300 75 46 0 75 52 0 75 42 0 75 44 0 5978 950000 4750 819260 1061250 868959
 3457.929935 15145 1300 1300 1300 1300 75 46 0 75 52 0 75 42 0 75 44 0 5978 950000 4750 816246 1061250 865776
 3458.129935 15146 1300 1300 1300 1300 75 46 0 75 52 0 75 42 0 75 44 0 5734 950000 4750 817342 1061250 866837
 3458.329935 15147 1300 1300 1300 1300 75 46 0 75 52 0 75 42 0 75 44 0 5734 950000 4750 817342 1061250 866837
 3458.529935 15148 1300 1300 1300 1300 75 46 0 75 52 0 75 42 0 75 44 0 5734 950000 4750 817068 1060000 866020
 3458.729935 15149 1300 1300 1300 1300 75 46 0 75 52 0 75 42 0 75 44 0 5734 950000 4750 816794 1060000 864960
 3458.929935 15150 1300 1300 1300 1300 75 46 0 75 52 0 75 42 0 75 44 0 5978 950000 4750 818438 1060000 867080
 3459.129935 15151 1300 1300 1300 1300 75 46 0 75 52 0 75 42 0 75 44 0 5978 950000 4750 818438 1060000 867080
 3459.329934 15152 1300 1300 1300 1300 75 46 0 75 52 0 75 42 0 75 44 0 5978 950000 4750 816520 1061250 865776
 3459.529935 15153 1300 1300 1300 1300 75 46 0 75 52 0 75 42 0 75 44 0 5734 950000 4750 818438 1060000 867080
 3459.729935 15154 1300 1300 1300 1300 75 46 0 75 52 0 75 42 0 75 44 0 5978 950000 4750 814876 1061250 863654
 3459.929935 15155 1300 1300 1300 1300 75 46 0 75 52 0 75 42 0 75 44 0 5978 950000 4750 814876 1061250 863654
 3460.129936 15156 1300 1300 1300 1300 75 46 0 75 52 0 75 42 0 75 44 0 5978 950000 4750 819808 1061250 868959
 3460.329935 15157 1300 1300 1300 1300 75 46 0 75 52 0 75 42 0 75 44 0 5978 950000 4750 818164 1061250 867898
 3460.529934 15158 1300 1300 1300 1300 75 46 0 75 52 0 75 42 0 75 44 0 5734 950000 4750 818438 1061250 867898
 3460.729935 15159 1300 1300 1300 1300 75 46 0 75 52 0 75 42 0 75 44 0 5734 950000 4750 818438 1061250 867898
 3460.929935 15160 1300 1300 1300 1300 75 46 0 75 52 0 75 42 0 75 44 0 5978 950000 4750 820082 1061250 870020
 3461.129935 15161 1300 1300 1300 1300 75 46 0 75 52 0 75 42 0 75 44 0 5734 950000 4750 820904 1061250 870020
 3461.329934 15162 1300 1300 1300 1300 75 46 0 75 52 0 75 42 0 75 44 0 5734 950000 4750 821178 1061250 871081
 3461.529934 15163 1300 1300 1300 1300 75 46 0 75 52 0 75 42 0 75 44 0 5734 950000 4750 821178 1061250 871081
 3461.729935 15164 1300 1300 1300 1300 75 46 0 75 52 0 75 42 0 75 44 0 5978 950000 4750 818712 1061250 867898
 3461.929935 15165 1300 1300 1300 1300 75 46 0 75 52 0 75 42 0 75 44 0 5734 950000 4750 818164 1061250 867898
 3462.129936 15166 1300 1300 1300 1300 75 46 0 75 52 0 75 42 0 75 44 0 5734 950000 4750 817342 1061250 866837
 3462.329935 15167 1300 1300 1300 1300 75 46 0 75 52 0 75 42 0 75 44 0 5978 950000 4750 818164 1061250 867898
 3462.529935 15168 1300 1300 1300 1300 75 46 0 75 52 0 75 42 0 75 44 0 5978 950000 4750 818164 1061250 867898
 3462.729935 15169 1300 1300 1300 1300 75 46 0 75 52 0 75 42 0 75 44 0 5978 950000 4750 817068 1061250 866837
 3462.929935 15170 1300 1300 1300 1300 75 46 0 75 52 0 75 42 0 75 44 0 5978 950000 4750 817890 1061250 866837
 3463.129935 15171 1300 1300 1300 1300 75 46 0 75 52 0 75 42 0 75 44 0 5978 950000 4750 818986 1060000 867080
 3463.329935 15172 1300 1300 1300 1300 75 46 0 75 52 0 75 42 0 75 44 0 5978 950000 4750 818986 1060000 867080
 3463.529935 15173 1300 1300 1300 1300 75 46 0 75 52 0 75 42 0 75 44 0 5978 950000 4750 817068 1061250 866837
 3463.729935 15174 1300 1300 1300 1300 75 46 0 75 52 0 75 42 0 75 44 0 5734 950000 4750 816246 1061250 865776
 3463.929934 15175 1300 1300 1300 1300 75 46 0 75 52 0 75 42 0 75 44 0 5978 950000 4750 815698 1061250 864715
 3464.129935 15176 1300 1300 1300 1300 75 46 0 75 52 0 75 42 0 75 44 0 5978 950000 4750 815698 1061250 864715
 3464.329935 15177 1300 1300 1300 1300 75 46 0 75 52 0 75 42 0 75 44 0 5978 950000 4750 818164 1061250 867898
 3464.529935 15178 1300 1300 1300 1300 75 46 0 75 52 0 75 42 0 75 44 0 5978 950000 4750 817616 1061250 866837
 3464.729993 15179 1300 1300 1300 1300 75 46 0 75 52 0 75 42 0 75 44 0 5978 950000 4750 816246 1061250 865776
 3464.929991 15180 1300 1300 1300 1300 75 46 0 75 52 0 75 42 0 75 44 0 5978 950000 4750 816246 1061250 865776
 3465.129935 15181 1300 1300 1300 1300 75 46 0 75 52 0 75 42 0 75 44 0 5734 950000 4750 818438 1061250 867898
 3465.329935 15182 1300 1300 1300 1300 75 46 0 75 52 0 75 42 0 75 44 0 5734 950000 4750 818438 1061250 867898
 3465.529936 15183 1300 1300 1300 1300 75 46 0 75 52 0 75 42 0 75 44 0 5978 950000 4750 817068 1061250 866837
 3465.729934 15184 1300 1300 1300 1300 75 46 0 75 52 0 75 42 0 75 44 0 5978 950000 4750 817068 1061250 866837
 3465.929935 15185 1300 1300 1300 1300 75 46 0 75 52 0 75 42 0 75 44 0 5734 950000 4750 817068 1061250 866837
 3466.129935 15186 1300 1300 1300 1300 75 46 0 75 52 0 75 42 0 75 44 0 5978 950000 4750 818438 1061250 867898
 3466.329935 15187 1300 1300 1300 1300 75 46 0 75 52 0 75 42 0 75 44 0 5978 950000 4750 818986 1061250 867898
 3466.529936 15188 1300 1300 1300 1300 75 46 0 75 52 0 75 42 0 75 44 0 5978 950000 4750 818986 1061250 867898
 3466.729936 15189 1300 1300 1300 1300 75 46 0 75 52 0 75 42 0 75 44 0 5734 950000 4750 817616 1060000 866020
 3466.929935 15190 1300 1300 1300 1300 75 46 0 75 52 0 75 42 0 75 44 0 5978 950000 4750 819808 1061250 868959
 3467.129935 15191 1300 1300 1300 1300 75 46 0 75 52 0 75 42 0 75 44 0 5978 950000 4750 819534 1060000 868140
 3467.329935 15192 1300 1300 1300 1300 75 46 0 75 52 0 75 42 0 75 44 0 5978 950000 4750 819534 1060000 868140
 3467.529935 15193 1300 1300 1300 1300 75 46 0 75 52 0 75 42 0 75 44 0 5978 950000 4750 817616 1061250 866837
 3467.729934 15194 1300 1300 1300 1300 75 46 0 75 52 0 75 42 0 75 44 0 5978 950000 4750 816246 1061250 865776
 3467.929935 15195 1300 1300 1300 1300 75 46 0 75 52 0 75 42 0 75 44 0 5978 950000 4750 815424 1061250 864715
 3468.129935 15196 1300 1300 1300 1300 75 46 0 75 52 0 75 42 0 75 44 0 5978 950000 4750 815424 1061250 864715
 3468.329934 15197 1300 1300 1300 1300 75 46 0 75 52 0 75 42 0 75 44 0 5978 950000 4750 819534 1060000 868140
 3468.529936 15198 1300 1300 1300 1300 75 46 0 75 52 0 75 42 0 75 44 0 5978 950000 4750 818986 1060000 867080
 3468.729935 15199 1300 1300 1300 1300 75 46 0 75 52 0 75 42 0 75 44 0 5978 950000 4750 818438 1061250 867898
 3468.929934 15200 1300 1300 1300 1300 75 46 0 75 52 0 75 42 0 75 44 0 5978 950000 4750 820356 1061250 870020
 3469.129934 15201 1300 1300 1300 1300 75 46 0 75 52 0 75 42 0 75 44 0 5978 950000 4750 820356 1061250 870020
 3469.329932 15202 1300 1300 1300 1300 75 46 0 75 52 0 75 42 0 75 44 0 5978 950000 4750 817068 1061250 866837
 3469.529935 15203 1300 1300 1300 1300 75 46 0 75 52 0 75 42 0 75 44 0 6222 950000 5700 851044 1061250 902911
 3469.729935 15204 1300 1300 1300 1300 75 46 0 75 52 0 75 42 0 75 44 0 5978 950000 4750 818438 1060000 867080
 3469.929935 15205 1300 1300 1300 1300 75 46 0 75 52 0 75 42 0 75 44 0 5978 950000 4750 818438 1060000 867080
 3470.129935 15206 1300 1300 1300 1300 75 46 0 75 52 0 75 42 0 75 44 0 5978 950000 4750 819534 1060000 868140
 3470.329935 15207 1300 1300 1300 1300 75 46 0 75 52 0 75 42 0 75 44 0 5978 950000 4750 820082 1061250 870020
 3470.529936 15208 1300 1300 1300 1300 75 46 0 75 52 0 75 42 0 75 44 0 5978 950000 4750 820082 1061250 870020
 3470.729935 15209 1300 1300 1300 1300 75 46 0 75 52 0 75 42 0 75 44 0 5978 950000 4750 820082 1061250 870020
 3470.929935 15210 1300 1300 1300 1300 75 46 0 75 52 0 75 42 0 75 44 0 5978 950000 4750 818986 1060000 867080
 3471.129936 15211 1300 1300 1300 1300 75 46 0 75 52 0 75 42 0 75 44 0 5734 950000 4750 818438 1061250 867898
 3471.329935 15212 1300 1300 1300 1300 75 46 0 75 52 0 75 42 0 75 44 0 5734 950000 4750 817890 1061250 866837
 3471.529934 15213 1300 1300 1300 1300 75 46 0 75 52 0 75 42 0 75 44 0 5734 950000 4750 817890 1061250 866837
 3471.729935 15214 1300 1300 1300 1300 75 46 0 75 52 0 75 42 0 75 44 0 5978 950000 4750 818164 1061250 867898
 3471.929935 15215 1300 1300 1300 1300 75 46 0 75 52 0 75 42 0 75 44 0 5734 950000 4750 818164 1061250 867898
 3472.129934 15216 1300 1300 1300 1300 75 46 0 75 52 0 75 42 0 75 44 0 5978 950000 4750 820082 1061250 870020
 3472.329934 15217 1300 1300 1300 1300 75 46 0 75 52 0 75 42 0 75 44 0 5978 950000 4750 820082 1061250 870020
 3472.529935 15218 1300 1300 1300 1300 75 46 0 75 52 0 75 42 0 75 44 0 5978 950000 4750 818438 1061250 867898
 3472.729935 15219 1300 1300 1300 1300 75 46 0 75 52 0 75 42 0 75 44 0 5734 950000 4750 818438 1061250 867898
 3472.929936 15220 1300 1300 1300 1300 75 46 0 75 52 0 75 42 0 75 44 0 5978 950000 4750 818438 1061250 867898
 3473.129935 15221 1300 1300 1300 1300 75 46 0 75 52 0 75 42 0 75 44 0 5978 950000 4750 818438 1061250 867898
 3473.329935 15222 1300 1300 1300 1300 75 46 0 75 52 0 75 42 0 75 44 0 5978 950000 4750 815698 1061250 864715
 3473.529934 15223 1300 1300 1300 1300 75 46 0 75 52 0 75 42 0 75 44 0 5734 950000 4750 817342 1061250 866837
 3473.729935 15224 1300 1300 1300 1300 75 46 0 75 52 0 75 42 0 75 44 0 5978 950000 4750 815424 1061250 864715
 3473.929935 15225 1300 1300 1300 1300 75 46 0 75 52 0 75 42 0 75 44 0 5978 950000 4750 815424 1061250 864715
 3474.129936 15226 1300 1300 1300 1300 75 46 0 75 52 0 75 42 0 75 44 0 5734 950000 4750 817068 1061250 866837
 3474.329935 15227 1300 1300 1300 1300 75 46 0 75 52 0 75 42 0 75 44 0 5734 950000 4750 818164 1060000 867080
 3474.529935 15228 1300 1300 1300 1300 75 46 0 75 52 0 75 42 0 75 44 0 5734 950000 4750 818164 1061250 867898
 3474.729988 15229 1300 1300 1300 1300 75 46 0 75 52 0 75 42 0 75 44 0 5734 950000 4750 818164 1061250 867898
 3474.929934 15230 1300 1300 1300 1300 75 46 0 75 52 0 75 42 0 75 44 0 5734 950000 4750 817616 1061250 866837
 3475.129935 15231 1300 1300 1300 1300 75 46 0 75 52 0 75 42 0 75 44 0 5734 950000 4750 814602 1061250 863654
 3475.329935 15232 1300 1300 1300 1300 75 46 0 75 52 0 75 42 0 75 44 0 5978 950000 4750 818986 1061250 867898
 3475.529934 15233 1300 1300 1300 1300 75 46 0 75 52 0 75 42 0 75 44 0 5978 950000 4750 817068 1061250 866837
 3475.729935 15234 1300 1300 1300 1300 75 46 0 75 52 0 75 42 0 75 44 0 5978 950000 4750 817068 1061250 866837
 3475.929934 15235 1300 1300 1300 1300 75 46 0 75 52 0 75 42 0 75 44 0 5734 950000 4750 818712 1061250 867898
 3476.129935 15236 1300 1300 1300 1300 75 46 0 75 52 0 75 42 0 75 44 0 5978 950000 4750 820082 1061250 870020
 3476.329935 15237 1300 1300 1300 1300 75 46 0 75 52 0 75 42 0 75 44 0 5978 950000 4750 819260 1060000 868140
 3476.529935 15238 1300 1300 1300 1300 75 46 0 75 52 0 75 42 0 75 44 0 5978 950000 4750 819260 1060000 868140
 3476.729935 15239 1300 1300 1300 1300 75 46 0 75 52 0 75 42 0 75 44 0 5978 950000 4750 815972 1061250 864715
 3476.929935 15240 1300 1300 1300 1300 75 46 0 75 52 0 75 42 0 75 44 0 5978 950000 4750 817068 1060000 866020
 3477.129937 15241 1300 1300 1300 1300 75 46 0 75 52 0 75 42 0 75 44 0 5978 950000 4750 818164 1061250 867898
 3477.329935 15242 1300 1300 1300 1300 75 46 0 75 52 0 75 42 0 75 44 0 5978 950000 4750 818164 1061250 867898
 3477.529934 15243 1300 1300 1300 1300 75 46 0 75 52 0 75 42 0 75 44 0 5734 950000 4750 820630 1061250 870020
 3477.729935 15244 1300 1300 1300 1300 75 46 0 75 52 0 75 42 0 75 44 0 5978 950000 4750 819808 1060000 868140
 3477.929934 15245 1300 1300 1300 1300 75 46 0 75 52 0 75 42 0 75 44 0 5978 950000 4750 818712 1060000 867080
 3478.129935 15246 1300 1300 1300 1300 75 46 0 75 52 0 75 42 0 75 44 0 5978 950000 4750 818712 1060000 867080
 3478.329935 15247 1300 1300 1300 1300 75 46 0 75 52 0 75 42 0 75 44 0 5734 950000 4750 823096 1061250 873203
 3478.529934 15248 1300 1300 1300 1300 75 46 0 75 52 0 75 42 0 75 44 0 5978 950000 4750 815150 1061250 864715
 3478.729934 15249 1300 1300 1300 1300 75 46 0 75 52 0 75 42 0 75 44 0 5978 950000 4750 816520 1061250 865776
 3478.929935 15250 1300 1300 1300 1300 75 46 0 75 52 0 75 42 0 75 44 0 5978 950000 4750 816520 1061250 865776
 3479.129935 15251 1300 1300 1300 1300 75 46 0 75 52 0 75 42 0 75 44 0 5978 950000 4750 816246 1060000 864960
 3479.329935 15252 1300 1300 1300 1300 75 46 0 75 52 0 75 42 0 75 44 0 5978 950000 4750 816246 1061250 865776
 3479.529935 15253 1300 1300 1300 1300 75 46 0 75 52 0 75 42 0 75 44 0 5734 950000 4750 828850 1060000 877680
 3479.729934 15254 1300 1300 1300 1300 75 46 0 75 52 0 75 42 0 75 44 0 5734 950000 4750 828850 1060000 877680
 3479.929935 15255 1300 1300 1300 1300 75 46 0 75 52 0 75 42 0 75 44 0 5978 950000 4750 819808 1060000 868140
 3480.129935 15256 1300 1300 1300 1300 75 46 0 75 52 0 75 42 0 75 44 0 5978 950000 4750 818712 1061250 867898
 3480.329934 15257 1300 1300 1300 1300 75 46 0 75 52 0 75 42 0 75 44 0 5734 950000 4750 816520 1061250 865776
 3480.529935 15258 1300 1300 1300 1300 75 46 0 75 52 0 75 42 0 75 44 0 5734 950000 4750 816520 1061250 865776
 3480.729936 15259 1300 1300 1300 1300 75 46 0 75 52 0 75 42 0 75 44 0 5978 950000 4750 818164 1061250 867898
 3480.929935 15260 1300 1300 1300 1300 75 46 0 75 52 0 75 42 0 75 44 0 5978 950000 4750 817342 1060000 866020
 3481.129992 15261 1300 1300 1300 1300 75 46 0 75 52 0 75 42 0 75 44 0 5978 950000 4750 817616 1061250 866837
 3481.329963 15262 1300 1300 1300 1300 75 46 0 75 52 0 75 42 0 75 44 0 5978 950000 4750 820356 1061250 870020
 3481.529981 15263 1300 1300 1300 1300 75 46 0 75 52 0 75 42 0 75 44 0 5978 950000 4750 820356 1061250 870020
 3481.729980 15264 1300 1300 1300 1300 75 46 0 75 52 0 75 42 0 75 44 0 5978 950000 4750 820082 1060000 869200
 3481.929979 15265 1300 1300 1300 1300 75 46 0 75 52 0 75 42 0 75 44 0 5734 950000 4750 817890 1061250 866837
 3482.129979 15266 1300 1300 1300 1300 75 46 0 75 52 0 75 42 0 75 44 0 5978 950000 4750 818986 1061250 867898
 3482.329979 15267 1300 1300 1300 1300 75 46 0 75 52 0 75 42 0 75 44 0 5978 950000 4750 818986 1061250 867898
 3482.529979 15268 1300 1300 1300 1300 75 46 0 75 52 0 75 42 0 75 44 0 5978 950000 4750 818164 1061250 867898
 3482.729980 15269 1300 1300 1300 1300 75 46 0 75 52 0 75 42 0 75 44 0 5978 950000 4750 816794 1061250 865776
 3482.929973 15270 1300 1300 1300 1300 75 46 0 75 52 0 75 42 0 75 44 0 5978 950000 4750 815698 1060000 863900
 3483.129990 15271 1300 1300 1300 1300 75 46 0 75 52 0 75 42 0 75 44 0 5978 950000 4750 815698 1060000 863900
 3483.329980 15272 1300 1300 1300 1300 75 46 0 75 52 0 75 42 0 75 44 0 5978 950000 4750 820082 1061250 870020
 3483.529979 15273 1300 1300 1300 1300 75 46 0 75 52 0 75 42 0 75 44 0 5978 950000 4750 816794 1061250 865776
 3483.729979 15274 1300 1300 1300 1300 75 46 0 75 52 0 75 42 0 75 44 0 5978 950000 4750 819260 1061250 868959
 3483.929978 15275 1300 1300 1300 1300 75 46 0 75 52 0 75 42 0 75 44 0 5978 950000 4750 819260 1061250 868959
 3484.129989 15276 1300 1300 1300 1300 75 46 0 75 52 0 75 42 0 75 44 0 5978 950000 4750 817342 1061250 866837
 3484.329979 15277 1300 1300 1300 1300 75 46 0 75 52 0 75 42 0 75 44 0 5978 950000 4750 817068 1061250 866837
 3484.529978 15278 1300 1300 1300 1300 75 46 0 75 52 0 75 42 0 75 44 0 5978 950000 4750 815150 1060000 863900
 3484.729979 15279 1300 1300 1300 1300 75 46 0 75 52 0 75 42 0 75 44 0 5978 950000 4750 815150 1060000 863900
 3484.929980 15280 1300 1300 1300 1300 75 46 0 75 52 0 75 42 0 75 44 0 5734 950000 4750 817342 1061250 866837
 3485.129989 15281 1300 1300 1300 1300 75 46 0 75 52 0 75 42 0 75 44 0 5978 950000 4750 817890 1061250 866837
 3485.329974 15282 1300 1300 1300 1300 75 46 0 75 52 0 75 42 0 75 44 0 5978 950000 4750 818712 1061250 867898
 3485.529980 15283 1300 1300 1300 1300 75 46 0 75 52 0 75 42 0 75 44 0 5978 950000 4750 818712 1061250 867898
 3485.729979 15284 1300 1300 1300 1300 75 46 0 75 52 0 75 42 0 75 44 0 5978 950000 4750 817342 1061250 866837
 3485.929979 15285 1300 1300 1300 1300 75 46 0 75 52 0 75 42 0 75 44 0 5978 950000 4750 817616 1061250 866837
 3486.129990 15286 1300 1300 1300 1300 75 46 0 75 52 0 75 42 0 75 44 0 5978 950000 4750 816246 1061250 865776
 3486.329979 15287 1300 1300 1300 1300 75 46 0 75 52 0 75 42 0 75 44 0 5978 950000 4750 816246 1061250 865776
 3486.529978 15288 1300 1300 1300 1300 75 46 0 75 52 0 75 42 0 75 44 0 5734 950000 4750 817342 1061250 866837
 3486.729978 15289 1300 1300 1300 1300 75 46 0 75 52 0 75 42 0 75 44 0 5978 950000 4750 817616 1061250 866837
 3486.929978 15290 1300 1300 1300 1300 75 46 0 75 52 0 75 42 0 75 44 0 5978 950000 4750 818986 1060000 867080
 3487.129972 15291 1300 1300 1300 1300 75 46 0 75 52 0 75 42 0 75 44 0 5978 950000 4750 818986 1060000 867080
 3487.329981 15292 1300 1300 1300 1300 75 46 0 75 52 0 75 42 0 75 44 0 5978 950000 4750 822548 1061250 872142
 3487.529980 15293 1300 1300 1300 1300 75 46 0 75 52 0 75 42 0 75 44 0 5978 950000 4750 820356 1061250 870020
 3487.729975 15294 1300 1300 1300 1300 75 46 0 75 52 0 75 42 0 75 44 0 5978 950000 4750 819808 1061250 868959
 3487.929980 15295 1300 1300 1300 1300 75 46 0 75 52 0 75 42 0 75 44 0 5978 950000 4750 818712 1061250 867898
 3488.129986 15296 1300 1300 1300 1300 75 46 0 75 52 0 75 42 0 75 44 0 5978 950000 4750 818712 1061250 867898
 3488.329981 15297 1300 1300 1300 1300 75 46 0 75 52 0 75 42 0 75 44 0 5978 950000 4750 818164 1061250 867898
 3488.529977 15298 1300 1300 1300 1300 75 46 0 75 52 0 75 42 0 75 44 0 5978 950000 4750 818438 1060000 867080
 3488.729980 15299 1300 1300 1300 1300 75 46 0 75 52 0 75 42 0 75 44 0 5978 950000 4750 818986 1061250 867898
 3488.929977 15300 1300 1300 1300 1300 75 46 0 75 52 0 75 42 0 75 44 0 5978 950000 4750 818986 1061250 867898
 3489.129988 15301 1300 1300 1300 1300 75 46 0 75 52 0 75 42 0 75 44 0 5734 950000 4750 817890 1061250 866837
 3489.329980 15302 1300 1300 1300 1300 75 46 0 75 52 0 75 42 0 75 44 0 5978 950000 4750 818986 1061250 867898
 3489.529979 15303 1300 1300 1300 1300 75 46 0 75 52 0 75 42 0 75 44 0 5734 950000 4750 829672 1061250 879569
 3489.729978 15304 1300 1300 1300 1300 75 46 0 75 52 0 75 42 0 75 44 0 5734 950000 4750 829672 1061250 879569
 3489.929979 15305 1300 1300 1300 1300 75 46 0 75 52 0 75 42 0 75 44 0 5978 950000 4750 817890 1060000 866020
 3490.129975 15306 1300 1300 1300 1300 75 46 0 75 52 0 75 42 0 75 44 0 5978 950000 4750 817890 1061250 866837
 3490.329978 15307 1300 1300 1300 1300 75 46 0 75 52 0 75 42 0 75 44 0 5734 950000 4750 818986 1061250 867898
 3490.529980 15308 1300 1300 1300 1300 75 46 0 75 52 0 75 42 0 75 44 0 5734 950000 4750 818986 1061250 867898
 3490.729981 15309 1300 1300 1300 1300 75 46 0 75 52 0 75 42 0 75 44 0 5734 950000 4750 818164 1061250 867898
 3490.929977 15310 1300 1300 1300 1300 75 46 0 75 52 0 75 42 0 75 44 0 5978 950000 4750 820356 1061250 870020
 3491.129987 15311 1300 1300 1300 1300 75 46 0 75 52 0 75 42 0 75 44 0 5978 950000 4750 823096 1061250 873203
 3491.329979 15312 1300 1300 1300 1300 75 46 0 75 52 0 75 42 0 75 44 0 5978 950000 4750 823096 1061250 873203
 3491.529980 15313 1300 1300 1300 1300 75 46 0 75 52 0 75 42 0 75 44 0 5978 950000 4750 830220 1061250 880630
 3491.729977 15314 1300 1300 1300 1300 75 46 0 75 52 0 75 42 0 75 44 0 5978 950000 4750 816520 1061250 865776
 3491.929980 15315 1300 1300 1300 1300 75 46 0 75 52 0 75 42 0 75 44 0 5734 950000 4750 816520 1060000 864960
 3492.129986 15316 1300 1300 1300 1300 75 46 0 75 52 0 75 42 0 75 44 0 5734 950000 4750 816520 1060000 864960
 3492.329950 15317 1300 1300 1300 1300 75 46 0 75 52 0 75 42 0 75 44 0 5978 950000 4750 819534 1061250 868959
 3492.529941 15318 1300 1300 1300 1300 75 46 0 75 52 0 75 42 0 75 44 0 5978 950000 4750 816520 1061250 865776
 3492.729951 15319 1300 1300 1300 1300 75 46 0 75 52 0 75 42 0 75 44 0 5978 950000 4750 818986 1061250 867898
 3492.929951 15320 1300 1300 1300 1300 75 46 0 75 52 0 75 42 0 75 44 0 5978 950000 4750 818986 1061250 867898
 3493.129965 15321 1300 1300 1300 1300 75 46 0 75 52 0 75 42 0 75 44 0 5978 950000 4750 819534 1061250 868959
 3493.329950 15322 1300 1300 1300 1300 75 46 0 75 52 0 75 42 0 75 44 0 5978 950000 4750 819260 1060000 868140
 3493.529950 15323 1300 1300 1300 1300 75 46 0 75 52 0 75 42 0 75 44 0 5978 950000 4750 817068 1061250 866837
 3493.729890 15324 1300 1300 1300 1300 75 46 0 75 52 0 75 42 0 75 44 0 5978 950000 4750 815150 1061250 864715
 3493.929949 15325 1300 1300 1300 1300 75 46 0 75 52 0 75 42 0 75 44 0 5978 950000 4750 815150 1061250 864715
 3494.129964 15326 1300 1300 1300 1300 75 46 0 75 52 0 75 42 0 75 44 0 5734 950000 4750 815698 1061250 864715
 3494.329950 15327 1300 1300 1300 1300 75 46 0 75 52 0 75 42 0 75 44 0 5734 950000 4750 816794 1060000 864960
 3494.529951 15328 1300 1300 1300 1300 75 46 0 75 52 0 75 42 0 75 44 0 5978 950000 4750 816520 1061250 865776
 3494.729889 15329 1300 1300 1300 1300 75 46 0 75 52 0 75 42 0 75 44 0 5978 950000 4750 816520 1061250 865776
 3494.929886 15330 1300 1300 1300 1300 75 46 0 75 52 0 75 42 0 75 44 0 5734 950000 4750 817616 1061250 866837
 3495.129905 15331 1300 1300 1300 1300 75 46 0 75 52 0 75 42 0 75 44 0 5978 950000 4750 816246 1061250 865776
 3495.329938 15332 1300 1300 1300 1300 75 46 0 75 52 0 75 42 0 75 44 0 5978 950000 4750 817342 1061250 866837
 3495.529959 15333 1300 1300 1300 1300 75 46 0 75 52 0 75 42 0 75 44 0 5978 950000 4750 817342 1061250 866837
 3495.729960 15334 1300 1300 1300 1300 75 46 0 75 52 0 75 42 0 75 44 0 5978 950000 4750 814328 1061250 863654
 3495.929960 15335 1300 1300 1300 1300 75 46 0 75 52 0 75 42 0 75 44 0 5978 950000 4750 814876 1061250 863654
 3496.129971 15336 1300 1300 1300 1300 75 46 0 75 52 0 75 42 0 75 44 0 5978 950000 4750 819534 1061250 868959
 3496.329960 15337 1300 1300 1300 1300 75 46 0 75 52 0 75 42 0 75 44 0 5978 950000 4750 819534 1061250 868959
 3496.529960 15338 1300 1300 1300 1300 75 46 0 75 52 0 75 42 0 75 44 0 5978 950000 4750 819260 1061250 868959
 3496.729960 15339 1300 1300 1300 1300 75 46 0 75 52 0 75 42 0 75 44 0 5734 950000 4750 820356 1061250 870020
 3496.929960 15340 1300 1300 1300 1300 75 46 0 75 52 0 75 42 0 75 44 0 5734 950000 4750 820630 1061250 870020
 3497.129969 15341 1300 1300 1300 1300 75 46 0 75 52 0 75 42 0 75 44 0 5734 950000 4750 820630 1061250 870020
 3497.329952 15342 1300 1300 1300 1300 75 46 0 75 52 0 75 42 0 75 44 0 5978 950000 4750 820356 1061250 870020
 3497.529960 15343 1300 1300 1300 1300 75 46 0 75 52 0 75 42 0 75 44 0 5978 950000 4750 818986 1061250 867898
 3497.729960 15344 1300 1300 1300 1300 75 46 0 75 52 0 75 42 0 75 44 0 5978 950000 4750 818438 1061250 867898
 3497.929959 15345 1300 1300 1300 1300 75 46 0 75 52 0 75 42 0 75 44 0 5978 950000 4750 818438 1061250 867898
 3498.129969 15346 1300 1300 1300 1300 75 46 0 75 52 0 75 42 0 75 44 0 5978 950000 4750 818712 1061250 867898
 3498.329959 15347 1300 1300 1300 1300 75 46 0 75 52 0 75 42 0 75 44 0 5734 950000 4750 820904 1060000 869200
 3498.529961 15348 1300 1300 1300 1300 75 46 0 75 52 0 75 42 0 75 44 0 5734 950000 4750 819534 1061250 868959
 3498.729980 15349 1300 1300 1300 1300 75 46 0 75 52 0 75 42 0 75 44 0 5734 950000 4750 819534 1061250 868959
 3498.929979 15350 1300 1300 1300 1300 75 46 0 75 52 0 75 42 0 75 44 0 5978 950000 4750 819808 1061250 868959
 3499.129988 15351 1300 1300 1300 1300 75 46 0 75 52 0 75 42 0 75 44 0 5978 950000 4750 820904 1061250 870020
 3499.329979 15352 1300 1300 1300 1300 75 46 0 75 52 0 75 42 0 75 44 0 5978 950000 4750 817616 1060000 866020
 3499.529960 15353 1300 1300 1300 1300 75 46 0 75 52 0 75 42 0 75 44 0 5978 950000 4750 817616 1060000 866020
 3499.729975 15354 1300 1300 1300 1300 75 46 0 75 52 0 75 42 0 75 44 0 5734 950000 4750 819260 1061250 868959
 3499.929980 15355 1300 1300 1300 1300 75 46 0 75 52 0 75 42 0 75 44 0 5978 950000 4750 817616 1061250 866837
 3500.129987 15356 1300 1300 1300 1300 75 46 0 75 52 0 75 42 0 75 44 0 5978 950000 4750 820082 1060000 869200
 3500.329949 15357 1300 1300 1300 1300 75 46 0 75 52 0 75 42 0 75 44 0 5978 950000 4750 819808 1060000 868140
 3500.529979 15358 1300 1300 1300 1300 75 46 0 75 52 0 75 42 0 75 44 0 5978 950000 4750 819808 1060000 868140
 3500.729981 15359 1300 1300 1300 1300 75 46 0 75 52 0 75 42 0 75 44 0 5978 950000 4750 821452 1061250 871081
 3500.929981 15360 1300 1300 1300 1300 75 46 0 75 52 0 75 42 0 75 44 0 5734 950000 4750 818438 1060000 867080
 3501.129988 15361 1300 1300 1300 1300 75 46 0 75 52 0 75 42 0 75 44 0 5978 950000 4750 819260 1061250 868959
 3501.329979 15362 1300 1300 1300 1300 75 46 0 75 52 0 75 42 0 75 44 0 5978 950000 4750 819260 1061250 868959
 3501.529979 15363 1300 1300 1300 1300 75 46 0 75 52 0 75 42 0 75 44 0 5734 950000 4750 815150 1061250 864715
 3501.729981 15364 1300 1300 1300 1300 75 46 0 75 52 0 75 42 0 75 44 0 5978 950000 4750 815972 1060000 863900
 3501.929973 15365 1300 1300 1300 1300 75 46 0 75 52 0 75 42 0 75 44 0 5978 950000 4750 818438 1061250 867898
 3502.129994 15366 1300 1300 1300 1300 75 46 0 75 52 0 75 42 0 75 44 0 5978 950000 4750 818438 1061250 867898
 3502.329926 15367 1300 1300 1300 1300 75 46 0 75 52 0 75 42 0 75 44 0 5734 950000 4750 818712 1061250 867898
 3502.529927 15368 1300 1300 1300 1300 75 46 0 75 52 0 75 42 0 75 44 0 5978 950000 4750 817342 1060000 866020
 3502.729927 15369 1300 1300 1300 1300 75 46 0 75 52 0 75 42 0 75 44 0 5978 950000 4750 817342 1060000 866020
 3502.929926 15370 1300 1300 1300 1300 75 46 0 75 52 0 75 42 0 75 44 0 5978 950000 4750 817342 1060000 866020
 3503.129927 15371 1300 1300 1300 1300 75 46 0 75 52 0 75 42 0 75 44 0 5978 950000 4750 818712 1061250 867898
 3503.329927 15372 1300 1300 1300 1300 75 46 0 75 52 0 75 42 0 75 44 0 5978 950000 4750 818164 1060000 867080
 3503.529927 15373 1300 1300 1300 1300 75 46 0 75 52 0 75 42 0 75 44 0 5978 950000 4750 817890 1061250 866837
 3503.729935 15374 1300 1300 1300 1300 75 46 0 75 52 0 75 42 0 75 44 0 5978 950000 4750 817890 1061250 866837
 3503.929927 15375 1300 1300 1300 1300 75 46 0 75 52 0 75 42 0 75 44 0 5978 950000 4750 817342 1061250 866837
 3504.129927 15376 1300 1300 1300 1300 75 46 0 75 52 0 75 42 0 75 44 0 5978 950000 4750 818712 1061250 867898
 3504.329934 15377 1300 1300 1300 1300 75 46 0 75 52 0 75 42 0 75 44 0 5978 950000 4750 817616 1061250 866837
 3504.529935 15378 1300 1300 1300 1300 75 46 0 75 52 0 75 42 0 75 44 0 5978 950000 4750 817616 1061250 866837
 3504.729934 15379 1300 1300 1300 1300 75 46 0 75 52 0 75 42 0 75 44 0 5978 950000 4750 832960 1061250 882752
 3504.929935 15380 1300 1300 1300 1300 75 46 0 75 52 0 75 42 0 75 44 0 5734 950000 4750 815424 1061250 864715
 3505.129996 15381 1300 1300 1300 1300 75 46 0 75 52 0 75 42 0 75 44 0 5978 950000 4750 817890 1061250 866837
 3505.329979 15382 1300 1300 1300 1300 75 46 0 75 52 0 75 42 0 75 44 0 5978 950000 4750 817890 1061250 866837
 3505.529973 15383 1300 1300 1300 1300 75 46 0 75 52 0 75 42 0 75 44 0 5978 950000 4750 815698 1061250 864715
 3505.729980 15384 1300 1300 1300 1300 75 46 0 75 52 0 75 42 0 75 44 0 5978 950000 4750 816520 1061250 865776
 3505.929981 15385 1300 1300 1300 1300 75 46 0 75 52 0 75 42 0 75 44 0 5734 950000 4750 817068 1060000 866020
 3506.129970 15386 1300 1300 1300 1300 75 46 0 75 52 0 75 42 0 75 44 0 5734 950000 4750 817068 1060000 866020
 3506.329979 15387 1300 1300 1300 1300 75 46 0 75 52 0 75 42 0 75 44 0 5978 950000 4750 817616 1061250 866837
 3506.529978 15388 1300 1300 1300 1300 75 46 0 75 52 0 75 42 0 75 44 0 5734 950000 4750 820082 1060000 869200
 3506.729979 15389 1300 1300 1300 1300 75 46 0 75 52 0 75 42 0 75 44 0 5978 950000 4750 817890 1061250 866837
 3506.929979 15390 1300 1300 1300 1300 75 46 0 75 52 0 75 42 0 75 44 0 5978 950000 4750 817890 1060000 866020
 3507.129988 15391 1300 1300 1300 1300 75 46 0 75 52 0 75 42 0 75 44 0 5978 950000 4750 817890 1060000 866020
 3507.329978 15392 1300 1300 1300 1300 75 46 0 75 52 0 75 42 0 75 44 0 5978 950000 4750 819808 1061250 868959
 3507.529980 15393 1300 1300 1300 1300 75 46 0 75 52 0 75 42 0 75 44 0 5978 950000 4750 816246 1061250 865776
 3507.729973 15394 1300 1300 1300 1300 75 46 0 75 52 0 75 42 0 75 44 0 5734 950000 4750 820356 1061250 870020
 3507.929979 15395 1300 1300 1300 1300 75 46 0 75 52 0 75 42 0 75 44 0 5734 950000 4750 820356 1061250 870020
 3508.129988 15396 1300 1300 1300 1300 75 46 0 75 52 0 75 42 0 75 44 0 5978 950000 4750 820356 1061250 870020
 3508.329979 15397 1300 1300 1300 1300 75 46 0 75 52 0 75 42 0 75 44 0 5978 950000 4750 821452 1061250 871081
 3508.529979 15398 1300 1300 1300 1300 75 46 0 75 52 0 75 42 0 75 44 0 5734 950000 4750 818712 1061250 867898
 3508.729979 15399 1300 1300 1300 1300 75 46 0 75 52 0 75 42 0 75 44 0 5734 950000 4750 818712 1061250 867898
 3508.929979 15400 1300 1300 1300 1300 75 46 0 75 52 0 75 42 0 75 44 0 5734 950000 4750 818712 1061250 867898
 3509.129989 15401 1300 1300 1300 1300 75 46 0 75 52 0 75 42 0 75 44 0 5978 950000 4750 816794 1061250 865776
 3509.329979 15402 1300 1300 1300 1300 75 46 0 75 52 0 75 42 0 75 44 0 5734 950000 4750 818164 1061250 867898
 3509.529978 15403 1300 1300 1300 1300 75 46 0 75 52 0 75 42 0 75 44 0 5734 950000 4750 818164 1061250 867898
 3509.729980 15404 1300 1300 1300 1300 75 46 0 75 52 0 75 42 0 75 44 0 5978 950000 4750 820356 1061250 870020
 3509.929978 15405 1300 1300 1300 1300 75 46 0 75 52 0 75 42 0 75 44 0 5978 950000 4750 817890 1060000 866020
 3510.129974 15406 1300 1300 1300 1300 75 46 0 75 52 0 75 42 0 75 44 0 5978 950000 4750 820082 1061250 870020
 3510.329979 15407 1300 1300 1300 1300 75 46 0 75 52 0 75 42 0 75 44 0 5978 950000 4750 820082 1061250 870020
 3510.529981 15408 1300 1300 1300 1300 75 46 0 75 52 0 75 42 0 75 44 0 5978 950000 4750 821178 1061250 871081
 3510.729979 15409 1300 1300 1300 1300 75 46 0 75 52 0 75 42 0 75 44 0 5978 950000 4750 817068 1061250 866837
 3510.929979 15410 1300 1300 1300 1300 75 46 0 75 52 0 75 42 0 75 44 0 5978 950000 4750 818712 1061250 867898
 3511.129989 15411 1300 1300 1300 1300 75 46 0 75 52 0 75 42 0 75 44 0 5978 950000 4750 818712 1061250 867898
 3511.329979 15412 1300 1300 1300 1300 75 46 0 75 52 0 75 42 0 75 44 0 5978 950000 4750 820356 1061250 870020
 3511.529979 15413 1300 1300 1300 1300 75 46 0 75 52 0 75 42 0 75 44 0 5978 950000 4750 817890 1061250 866837
 3511.729980 15414 1300 1300 1300 1300 75 46 0 75 52 0 75 42 0 75 44 0 5978 950000 4750 819534 1060000 868140
 3511.929980 15415 1300 1300 1300 1300 75 46 0 75 52 0 75 42 0 75 44 0 5978 950000 4750 819534 1060000 868140
 3512.129987 15416 1300 1300 1300 1300 75 46 0 75 52 0 75 42 0 75 44 0 5978 950000 4750 817890 1061250 866837
 3512.329979 15417 1300 1300 1300 1300 75 46 0 75 52 0 75 42 0 75 44 0 5978 950000 4750 820356 1061250 870020
 3512.529973 15418 1300 1300 1300 1300 75 46 0 75 52 0 75 42 0 75 44 0 5978 950000 4750 817068 1061250 866837
 3512.729887 15419 1300 1300 1300 1300 75 46 0 75 52 0 75 42 0 75 44 0 5978 950000 4750 816520 1061250 865776
 3512.929980 15420 1300 1300 1300 1300 75 46 0 75 52 0 75 42 0 75 44 0 5978 950000 4750 816520 1061250 865776
 3513.129989 15421 1300 1300 1300 1300 75 46 0 75 52 0 75 42 0 75 44 0 5978 950000 4750 816520 1061250 865776
 3513.329978 15422 1300 1300 1300 1300 75 46 0 75 52 0 75 42 0 75 44 0 5734 950000 4750 821178 1061250 871081
 3513.529978 15423 1300 1300 1300 1300 75 46 0 75 52 0 75 42 0 75 44 0 5978 950000 4750 817890 1061250 866837
 3513.729978 15424 1300 1300 1300 1300 75 46 0 75 52 0 75 42 0 75 44 0 5978 950000 4750 817890 1061250 866837
 3513.929979 15425 1300 1300 1300 1300 75 46 0 75 52 0 75 42 0 75 44 0 5734 950000 4750 818164 1061250 867898
 3514.129988 15426 1300 1300 1300 1300 75 46 0 75 52 0 75 42 0 75 44 0 5978 950000 4750 818712 1061250 867898
 3514.329979 15427 1300 1300 1300 1300 75 46 0 75 52 0 75 42 0 75 44 0 5734 950000 4750 814602 1060000 862840
 3514.529979 15428 1300 1300 1300 1300 75 46 0 75 52 0 75 42 0 75 44 0 5734 950000 4750 814602 1060000 862840
 3514.729979 15429 1300 1300 1300 1300 75 46 0 75 52 0 75 42 0 75 44 0 5734 950000 4750 814876 1061250 863654
 3514.929975 15430 1300 1300 1300 1300 75 46 0 75 52 0 75 42 0 75 44 0 5978 950000 4750 815424 1061250 864715
 3515.129993 15431 1300 1300 1300 1300 75 46 0 75 52 0 75 42 0 75 44 0 5978 950000 4750 815698 1061250 864715
 3515.329934 15432 1300 1300 1300 1300 75 46 0 75 52 0 75 42 0 75 44 0 5978 950000 4750 815698 1061250 864715
 3515.529935 15433 1300 1300 1300 1300 75 46 0 75 52 0 75 42 0 75 44 0 5978 950000 4750 817342 1061250 866837
 3515.729935 15434 1300 1300 1300 1300 75 46 0 75 52 0 75 42 0 75 44 0 5978 950000 4750 816794 1061250 865776
 3515.929934 15435 1300 1300 1300 1300 75 46 0 75 52 0 75 42 0 75 44 0 5978 950000 4750 815698 1061250 864715
 3516.129935 15436 1300 1300 1300 1300 75 46 0 75 52 0 75 42 0 75 44 0 5978 950000 4750 815698 1061250 864715
 3516.329994 15437 1300 1300 1300 1300 75 46 0 75 52 0 75 42 0 75 44 0 5734 950000 4750 814876 1061250 863654
 3516.529994 15438 1300 1300 1300 1300 75 46 0 75 52 0 75 42 0 75 44 0 5978 950000 4750 817616 1061250 866837
 3516.729928 15439 1300 1300 1300 1300 75 46 0 75 52 0 75 42 0 75 44 0 5734 950000 4750 818712 1061250 867898
 3516.929927 15440 1300 1300 1300 1300 75 46 0 75 52 0 75 42 0 75 44 0 5734 950000 4750 818712 1061250 867898
 3517.129927 15441 1300 1300 1300 1300 75 46 0 75 52 0 75 42 0 75 44 0 5978 950000 4750 819808 1061250 868959
 3517.329926 15442 1300 1300 1300 1300 75 46 0 75 52 0 75 42 0 75 44 0 5734 950000 4750 820630 1061250 870020
 3517.529926 15443 1300 1300 1300 1300 75 46 0 75 52 0 75 42 0 75 44 0 5978 950000 4750 819808 1060000 868140
 3517.729934 15444 1300 1300 1300 1300 75 46 0 75 52 0 75 42 0 75 44 0 5978 950000 4750 819808 1060000 868140
 3517.929928 15445 1300 1300 1300 1300 75 46 0 75 52 0 75 42 0 75 44 0 5978 950000 4750 820082 1060000 869200
 3518.129927 15446 1300 1300 1300 1300 75 46 0 75 52 0 75 42 0 75 44 0 5734 950000 4750 818986 1060000 867080
 3518.329927 15447 1300 1300 1300 1300 75 46 0 75 52 0 75 42 0 75 44 0 5734 950000 4750 818438 1060000 867080
 3518.529936 15448 1300 1300 1300 1300 75 46 0 75 52 0 75 42 0 75 44 0 5734 950000 4750 818438 1060000 867080
 3518.729926 15449 1300 1300 1300 1300 75 46 0 75 52 0 75 42 0 75 44 0 5978 950000 4750 817342 1061250 866837
 3518.929927 15450 1300 1300 1300 1300 75 46 0 75 52 0 75 42 0 75 44 0 5978 950000 4750 818438 1060000 867080
 3519.129927 15451 1300 1300 1300 1300 75 46 0 75 52 0 75 42 0 75 44 0 5978 950000 4750 820082 1061250 870020
 3519.329926 15452 1300 1300 1300 1300 75 46 0 75 52 0 75 42 0 75 44 0 5978 950000 4750 818986 1060000 867080
 3519.529934 15453 1300 1300 1300 1300 75 46 0 75 52 0 75 42 0 75 44 0 5978 950000 4750 818986 1060000 867080
 3519.729927 15454 1300 1300 1300 1300 75 46 0 75 52 0 75 42 0 75 44 0 5978 950000 4750 819808 1060000 868140
 3519.929928 15455 1300 1300 1300 1300 75 46 0 75 52 0 75 42 0 75 44 0 5734 950000 4750 817616 1060000 866020
 3520.129926 15456 1300 1300 1300 1300 75 46 0 75 52 0 75 42 0 75 44 0 5734 950000 4750 818712 1060000 867080
 3520.329935 15457 1300 1300 1300 1300 75 46 0 75 52 0 75 42 0 75 44 0 5734 950000 4750 818712 1060000 867080
 3520.529928 15458 1300 1300 1300 1300 75 46 0 75 52 0 75 42 0 75 44 0 5734 950000 4750 817342 1061250 866837
 3520.729927 15459 1300 1300 1300 1300 75 46 0 75 52 0 75 42 0 75 44 0 5978 950000 4750 815698 1061250 864715
 3520.929926 15460 1300 1300 1300 1300 75 46 0 75 52 0 75 42 0 75 44 0 5978 950000 4750 817616 1060000 866020
 3521.129927 15461 1300 1300 1300 1300 75 46 0 75 52 0 75 42 0 75 44 0 5978 950000 4750 817616 1060000 866020
 3521.329927 15462 1300 1300 1300 1300 75 46 0 75 52 0 75 42 0 75 44 0 5978 950000 4750 817342 1061250 866837
 3521.529926 15463 1300 1300 1300 1300 75 46 0 75 52 0 75 42 0 75 44 0 5978 950000 4750 815424 1061250 864715
 3521.729926 15464 1300 1300 1300 1300 75 46 0 75 52 0 75 42 0 75 44 0 5734 950000 4750 814602 1061250 863654
 3521.929927 15465 1300 1300 1300 1300 75 46 0 75 52 0 75 42 0 75 44 0 5734 950000 4750 814602 1061250 863654
 3522.129926 15466 1300 1300 1300 1300 75 46 0 75 52 0 75 42 0 75 44 0 5978 950000 4750 814602 1061250 863654
 3522.329927 15467 1300 1300 1300 1300 75 46 0 75 52 0 75 42 0 75 44 0 5734 950000 4750 816794 1061250 865776
 3522.529927 15468 1300 1300 1300 1300 75 46 0 75 52 0 75 42 0 75 44 0 5978 950000 4750 815972 1060000 863900
 3522.729934 15469 1300 1300 1300 1300 75 46 0 75 52 0 75 42 0 75 44 0 5978 950000 4750 815972 1060000 863900
 3522.929927 15470 1300 1300 1300 1300 75 46 0 75 52 0 75 42 0 75 44 0 5734 950000 4750 817890 1061250 866837
 3523.129927 15471 1300 1300 1300 1300 75 46 0 75 52 0 75 42 0 75 44 0 5734 950000 4750 820082 1061250 870020
 3523.329926 15472 1300 1300 1300 1300 75 46 0 75 52 0 75 42 0 75 44 0 5978 950000 4750 818438 1061250 867898
 3523.529934 15473 1300 1300 1300 1300 75 46 0 75 52 0 75 42 0 75 44 0 5978 950000 4750 818438 1061250 867898
 3523.729927 15474 1300 1300 1300 1300 75 46 0 75 52 0 75 42 0 75 44 0 5978 950000 4750 816520 1061250 865776
 3523.929927 15475 1300 1300 1300 1300 75 46 0 75 52 0 75 42 0 75 44 0 5978 950000 4750 816520 1061250 865776
 3524.129927 15476 1300 1300 1300 1300 75 46 0 75 52 0 75 42 0 75 44 0 5978 950000 4750 817342 1061250 866837
 3524.329926 15477 1300 1300 1300 1300 75 46 0 75 52 0 75 42 0 75 44 0 5978 950000 4750 817342 1061250 866837
 3524.529926 15478 1300 1300 1300 1300 75 46 0 75 52 0 75 42 0 75 44 0 5978 950000 4750 817342 1061250 866837
 3524.729927 15479 1300 1300 1300 1300 75 46 0 75 52 0 75 42 0 75 44 0 5978 950000 4750 818438 1060000 867080
 3524.929927 15480 1300 1300 1300 1300 75 46 0 75 52 0 75 42 0 75 44 0 5734 950000 4750 817616 1061250 866837
 3525.129926 15481 1300 1300 1300 1300 75 46 0 75 52 0 75 42 0 75 44 0 5734 950000 4750 817616 1061250 866837
 3525.329993 15482 1300 1300 1300 1300 75 46 0 75 52 0 75 42 0 75 44 0 5978 950000 4750 819534 1061250 868959
 3525.529972 15483 1300 1300 1300 1300 75 46 0 75 52 0 75 42 0 75 44 0 5978 950000 4750 816520 1061250 865776
 3525.729980 15484 1300 1300 1300 1300 75 46 0 75 52 0 75 42 0 75 44 0 5978 950000 4750 815972 1061250 864715
 3525.929979 15485 1300 1300 1300 1300 75 46 0 75 52 0 75 42 0 75 44 0 5734 950000 4750 818712 1061250 867898
 3526.129987 15486 1300 1300 1300 1300 75 46 0 75 52 0 75 42 0 75 44 0 5734 950000 4750 818712 1061250 867898
 3526.329980 15487 1300 1300 1300 1300 75 46 0 75 52 0 75 42 0 75 44 0 5978 950000 4750 818712 1061250 867898
 3526.529980 15488 1300 1300 1300 1300 75 46 0 75 52 0 75 42 0 75 44 0 5978 950000 4750 820082 1061250 870020
 3526.729979 15489 1300 1300 1300 1300 75 46 0 75 52 0 75 42 0 75 44 0 5734 950000 4750 820082 1060000 869200
 3526.929978 15490 1300 1300 1300 1300 75 46 0 75 52 0 75 42 0 75 44 0 5734 950000 4750 820082 1060000 869200
 3527.129988 15491 1300 1300 1300 1300 75 46 0 75 52 0 75 42 0 75 44 0 5978 950000 4750 820356 1060000 869200
 3527.329979 15492 1300 1300 1300 1300 75 46 0 75 52 0 75 42 0 75 44 0 5978 950000 4750 823644 1061250 873203
 3527.529978 15493 1300 1300 1300 1300 75 46 0 75 52 0 75 42 0 75 44 0 5978 950000 4750 817890 1060000 866020
 3527.729980 15494 1300 1300 1300 1300 75 46 0 75 52 0 75 42 0 75 44 0 5978 950000 4750 817890 1060000 866020
 3527.929974 15495 1300 1300 1300 1300 75 46 0 75 52 0 75 42 0 75 44 0 5978 950000 4750 817616 1061250 866837
 3528.129988 15496 1300 1300 1300 1300 75 46 0 75 52 0 75 42 0 75 44 0 5734 950000 4750 820630 1061250 870020
 3528.329979 15497 1300 1300 1300 1300 75 46 0 75 52 0 75 42 0 75 44 0 5978 950000 4750 820082 1061250 870020
 3528.529979 15498 1300 1300 1300 1300 75 46 0 75 52 0 75 42 0 75 44 0 5978 950000 4750 820082 1061250 870020
 3528.729979 15499 1300 1300 1300 1300 75 46 0 75 52 0 75 42 0 75 44 0 5734 950000 4750 819534 1061250 868959
 3528.929979 15500 1300 1300 1300 1300 75 46 0 75 52 0 75 42 0 75 44 0 5734 950000 4750 820356 1061250 870020
 3529.129988 15501 1300 1300 1300 1300 75 46 0 75 52 0 75 42 0 75 44 0 5978 950000 4750 820356 1061250 870020
 3529.329978 15502 1300 1300 1300 1300 75 46 0 75 52 0 75 42 0 75 44 0 5978 950000 4750 820356 1061250 870020
 3529.529979 15503 1300 1300 1300 1300 75 46 0 75 52 0 75 42 0 75 44 0 5734 950000 4750 819260 1061250 868959
 3529.729980 15504 1300 1300 1300 1300 75 46 0 75 52 0 75 42 0 75 44 0 5734 950000 4750 817890 1061250 866837
 3529.929978 15505 1300 1300 1300 1300 75 46 0 75 52 0 75 42 0 75 44 0 5734 950000 4750 818712 1061250 867898
 3530.129989 15506 1300 1300 1300 1300 75 46 0 75 52 0 75 42 0 75 44 0 5734 950000 4750 818712 1061250 867898
 3530.329974 15507 1300 1300 1300 1300 75 46 0 75 52 0 75 42 0 75 44 0 5978 950000 4750 817616 1061250 866837
 3530.529979 15508 1300 1300 1300 1300 75 46 0 75 52 0 75 42 0 75 44 0 5978 950000 4750 820356 1061250 870020
 3530.729978 15509 1300 1300 1300 1300 75 46 0 75 52 0 75 42 0 75 44 0 5978 950000 4750 817616 1060000 866020
 3530.929980 15510 1300 1300 1300 1300 75 46 0 75 52 0 75 42 0 75 44 0 5978 950000 4750 817616 1060000 866020
 3531.129988 15511 1300 1300 1300 1300 75 46 0 75 52 0 75 42 0 75 44 0 5978 950000 4750 817890 1061250 866837
 3531.329980 15512 1300 1300 1300 1300 75 46 0 75 52 0 75 42 0 75 44 0 5978 950000 4750 815972 1060000 863900
 3531.529979 15513 1300 1300 1300 1300 75 46 0 75 52 0 75 42 0 75 44 0 5978 950000 4750 816246 1060000 864960
 3531.729949 15514 1300 1300 1300 1300 75 46 0 75 52 0 75 42 0 75 44 0 5978 950000 4750 814328 1061250 863654
 3531.929979 15515 1300 1300 1300 1300 75 46 0 75 52 0 75 42 0 75 44 0 5978 950000 4750 814328 1061250 863654
 3532.129988 15516 1300 1300 1300 1300 75 46 0 75 52 0 75 42 0 75 44 0 5978 950000 4750 818986 1061250 867898
 3532.329979 15517 1300 1300 1300 1300 75 46 0 75 52 0 75 42 0 75 44 0 5978 950000 4750 818986 1061250 867898
 3532.529973 15518 1300 1300 1300 1300 75 46 0 75 52 0 75 42 0 75 44 0 5978 950000 4750 817890 1061250 866837
 3532.729981 15519 1300 1300 1300 1300 75 46 0 75 52 0 75 42 0 75 44 0 5978 950000 4750 817890 1061250 866837
 3532.929979 15520 1300 1300 1300 1300 75 46 0 75 52 0 75 42 0 75 44 0 5978 950000 4750 817890 1061250 866837
 3533.129988 15521 1300 1300 1300 1300 75 46 0 75 52 0 75 42 0 75 44 0 5734 950000 4750 817890 1061250 866837
 3533.329980 15522 1300 1300 1300 1300 75 46 0 75 52 0 75 42 0 75 44 0 5978 950000 4750 817616 1061250 866837
 3533.529979 15523 1300 1300 1300 1300 75 46 0 75 52 0 75 42 0 75 44 0 5978 950000 4750 817616 1061250 866837
 3533.729979 15524 1300 1300 1300 1300 75 46 0 75 52 0 75 42 0 75 44 0 5978 950000 4750 817068 1061250 866837
 3533.929980 15525 1300 1300 1300 1300 75 46 0 75 52 0 75 42 0 75 44 0 5978 950000 4750 817342 1061250 866837
 3534.129989 15526 1300 1300 1300 1300 75 46 0 75 52 0 75 42 0 75 44 0 5978 950000 4750 818438 1061250 867898
 3534.329979 15527 1300 1300 1300 1300 75 46 0 75 52 0 75 42 0 75 44 0 5978 950000 4750 818438 1061250 867898
 3534.529979 15528 1300 1300 1300 1300 75 46 0 75 52 0 75 42 0 75 44 0 5978 950000 4750 818712 1061250 867898
 3534.729979 15529 1300 1300 1300 1300 75 46 0 75 52 0 75 42 0 75 44 0 5978 950000 4750 817342 1061250 866837
 3534.929974 15530 1300 1300 1300 1300 75 46 0 75 52 0 75 42 0 75 44 0 5978 950000 4750 815972 1061250 864715
 3535.129989 15531 1300 1300 1300 1300 75 46 0 75 52 0 75 42 0 75 44 0 5978 950000 4750 815972 1061250 864715
 3535.329980 15532 1300 1300 1300 1300 75 46 0 75 52 0 75 42 0 75 44 0 5978 950000 4750 817068 1061250 866837
 3535.529980 15533 1300 1300 1300 1300 75 46 0 75 52 0 75 42 0 75 44 0 5978 950000 4750 815150 1061250 864715
 3535.729980 15534 1300 1300 1300 1300 75 46 0 75 52 0 75 42 0 75 44 0 5978 950000 4750 814876 1061250 863654
 3535.929979 15535 1300 1300 1300 1300 75 46 0 75 52 0 75 42 0 75 44 0 5978 950000 4750 814876 1061250 863654
 3536.129987 15536 1300 1300 1300 1300 75 46 0 75 52 0 75 42 0 75 44 0 5978 950000 4750 818164 1061250 867898
 3536.329980 15537 1300 1300 1300 1300 75 46 0 75 52 0 75 42 0 75 44 0 5978 950000 4750 820082 1061250 870020
 3536.529980 15538 1300 1300 1300 1300 75 46 0 75 52 0 75 42 0 75 44 0 5978 950000 4750 820082 1060000 869200
 3536.729980 15539 1300 1300 1300 1300 75 46 0 75 52 0 75 42 0 75 44 0 5978 950000 4750 820082 1060000 869200
 3536.929979 15540 1300 1300 1300 1300 75 46 0 75 52 0 75 42 0 75 44 0 5978 950000 4750 817616 1061250 866837
 3537.129990 15541 1300 1300 1300 1300 75 46 0 75 52 0 75 42 0 75 44 0 5978 950000 4750 817616 1061250 866837
 3537.329975 15542 1300 1300 1300 1300 75 46 0 75 52 0 75 42 0 75 44 0 5978 950000 4750 818712 1061250 867898
 3537.529960 15543 1300 1300 1300 1300 75 46 0 75 52 0 75 42 0 75 44 0 5978 950000 4750 818712 1061250 867898
 3537.729979 15544 1300 1300 1300 1300 75 46 0 75 52 0 75 42 0 75 44 0 5734 950000 4750 817616 1061250 866837
 3537.929980 15545 1300 1300 1300 1300 75 46 0 75 52 0 75 42 0 75 44 0 5978 950000 4750 820904 1061250 870020
 3538.129989 15546 1300 1300 1300 1300 75 46 0 75 52 0 75 42 0 75 44 0 5978 950000 4750 820904 1061250 870020
 3538.329951 15547 1300 1300 1300 1300 75 46 0 75 52 0 75 42 0 75 44 0 5734 950000 4750 820904 1061250 870020
 3538.529980 15548 1300 1300 1300 1300 75 46 0 75 52 0 75 42 0 75 44 0 5734 950000 4750 820904 1061250 870020
 3538.729980 15549 1300 1300 1300 1300 75 46 0 75 52 0 75 42 0 75 44 0 5978 950000 4750 820356 1061250 870020
 3538.929979 15550 1300 1300 1300 1300 75 46 0 75 52 0 75 42 0 75 44 0 5978 950000 4750 820356 1061250 870020
 3539.129990 15551 1300 1300 1300 1300 75 46 0 75 52 0 75 42 0 75 44 0 5978 950000 4750 819534 1061250 868959
 3539.329978 15552 1300 1300 1300 1300 75 46 0 75 52 0 75 42 0 75 44 0 5978 950000 4750 819534 1061250 868959
 3539.529980 15553 1300 1300 1300 1300 75 46 0 75 52 0 75 42 0 75 44 0 5978 950000 4750 820082 1061250 870020
 3539.729974 15554 1300 1300 1300 1300 75 46 0 75 52 0 75 42 0 75 44 0 5978 950000 4750 834878 1061250 884874
 3539.929979 15555 1300 1300 1300 1300 75 46 0 75 52 0 75 42 0 75 44 0 5978 950000 4750 819534 1060000 868140
 3540.129987 15556 1300 1300 1300 1300 75 46 0 75 52 0 75 42 0 75 44 0 5978 950000 4750 819534 1060000 868140
 3540.329979 15557 1300 1300 1300 1300 75 46 0 75 52 0 75 42 0 75 44 0 5978 950000 4750 820356 1061250 870020
 3540.529979 15558 1300 1300 1300 1300 75 46 0 75 52 0 75 42 0 75 44 0 5978 950000 4750 820904 1061250 870020
 3540.729980 15559 1300 1300 1300 1300 75 46 0 75 52 0 75 42 0 75 44 0 5978 950000 4750 817068 1061250 866837
 3540.929981 15560 1300 1300 1300 1300 75 46 0 75 52 0 75 42 0 75 44 0 5978 950000 4750 817068 1061250 866837
 3541.129991 15561 1300 1300 1300 1300 75 46 0 75 52 0 75 42 0 75 44 0 5978 950000 4750 816794 1060000 864960
 3541.329963 15562 1300 1300 1300 1300 75 46 0 75 52 0 75 42 0 75 44 0 5734 950000 4750 817342 1061250 866837
 3541.529964 15563 1300 1300 1300 1300 75 46 0 75 52 0 75 42 0 75 44 0 5978 950000 4750 817616 1061250 866837
 3541.729964 15564 1300 1300 1300 1300 75 46 0 75 52 0 75 42 0 75 44 0 5978 950000 4750 817616 1061250 866837
 3541.929965 15565 1300 1300 1300 1300 75 46 0 75 52 0 75 42 0 75 44 0 5734 950000 4750 816520 1061250 865776
 3542.129952 15566 1300 1300 1300 1300 75 46 0 75 52 0 75 42 0 75 44 0 5978 950000 4750 817068 1061250 866837
 3542.329962 15567 1300 1300 1300 1300 75 46 0 75 52 0 75 42 0 75 44 0 5978 950000 4750 816794 1060000 864960
 3542.529964 15568 1300 1300 1300 1300 75 46 0 75 52 0 75 42 0 75 44 0 5978 950000 4750 816794 1060000 864960
 3542.729984 15569 1300 1300 1300 1300 75 46 0 75 52 0 75 42 0 75 44 0 5978 950000 4750 815424 1061250 864715
 3542.929978 15570 1300 1300 1300 1300 75 46 0 75 52 0 75 42 0 75 44 0 5978 950000 4750 816520 1061250 865776
 3543.129973 15571 1300 1300 1300 1300 75 46 0 75 52 0 75 42 0 75 44 0 5734 950000 4750 817068 1060000 866020
 3543.329917 15572 1300 1300 1300 1300 75 46 0 75 52 0 75 42 0 75 44 0 5734 950000 4750 817068 1060000 866020
 3543.529917 15573 1300 1300 1300 1300 75 46 0 75 52 0 75 42 0 75 44 0 5734 950000 4750 818164 1060000 867080
 3543.729908 15574 1300 1300 1300 1300 75 46 0 75 52 0 75 42 0 75 44 0 5734 950000 4750 817616 1061250 866837
 3543.929906 15575 1300 1300 1300 1300 75 46 0 75 52 0 75 42 0 75 44 0 5734 950000 4750 817890 1061250 866837
 3544.129910 15576 1300 1300 1300 1300 75 46 0 75 52 0 75 42 0 75 44 0 5734 950000 4750 817890 1061250 866837
 3544.329910 15577 1300 1300 1300 1300 75 46 0 75 52 0 75 42 0 75 44 0 5978 950000 4750 820630 1061250 870020
 3544.529909 15578 1300 1300 1300 1300 75 46 0 75 52 0 75 42 0 75 44 0 5978 950000 4750 815972 1060000 863900
 3544.729909 15579 1300 1300 1300 1300 75 46 0 75 52 0 75 42 0 75 44 0 5978 950000 4750 815424 1061250 864715
 3544.929912 15580 1300 1300 1300 1300 75 46 0 75 52 0 75 42 0 75 44 0 5978 950000 4750 815150 1061250 864715
 3545.129908 15581 1300 1300 1300 1300 75 46 0 75 52 0 75 42 0 75 44 0 5978 950000 4750 815150 1061250 864715
 3545.329909 15582 1300 1300 1300 1300 75 46 0 75 52 0 75 42 0 75 44 0 5978 950000 4750 817616 1061250 866837
 3545.529986 15583 1300 1300 1300 1300 75 46 0 75 52 0 75 42 0 75 44 0 5978 950000 4750 817068 1061250 866837
 3545.729970 15584 1300 1300 1300 1300 75 46 0 75 52 0 75 42 0 75 44 0 5734 950000 4750 818986 1061250 867898
 3545.929970 15585 1300 1300 1300 1300 75 46 0 75 52 0 75 42 0 75 44 0 5734 950000 4750 818986 1061250 867898
 3546.129974 15586 1300 1300 1300 1300 75 46 0 75 52 0 75 42 0 75 44 0 5978 950000 4750 817616 1061250 866837
 3546.329909 15587 1300 1300 1300 1300 75 46 0 75 52 0 75 42 0 75 44 0 5978 950000 4750 818164 1061250 867898
 3546.529977 15588 1300 1300 1300 1300 75 46 0 75 52 0 75 42 0 75 44 0 5978 950000 4750 817616 1061250 866837
 3546.729970 15589 1300 1300 1300 1300 75 46 0 75 52 0 75 42 0 75 44 0 5978 950000 4750 817616 1061250 866837
 3546.929968 15590 1300 1300 1300 1300 75 46 0 75 52 0 75 42 0 75 44 0 5734 950000 4750 816794 1061250 865776
 3547.129973 15591 1300 1300 1300 1300 75 46 0 75 52 0 75 42 0 75 44 0 5978 950000 4750 818712 1061250 867898
 3547.329910 15592 1300 1300 1300 1300 75 46 0 75 52 0 75 42 0 75 44 0 5978 950000 4750 820630 1060000 869200
 3547.529917 15593 1300 1300 1300 1300 75 46 0 75 52 0 75 42 0 75 44 0 5978 950000 4750 820630 1060000 869200
 3547.729909 15594 1300 1300 1300 1300 75 46 0 75 52 0 75 42 0 75 44 0 5978 950000 4750 818438 1061250 867898
 3547.929910 15595 1300 1300 1300 1300 75 46 0 75 52 0 75 42 0 75 44 0 5734 950000 4750 819534 1061250 868959
 3548.129911 15596 1300 1300 1300 1300 75 46 0 75 52 0 75 42 0 75 44 0 5734 950000 4750 818986 1061250 867898
 3548.329917 15597 1300 1300 1300 1300 75 46 0 75 52 0 75 42 0 75 44 0 5734 950000 4750 818986 1061250 867898
 3548.529909 15598 1300 1300 1300 1300 75 46 0 75 52 0 75 42 0 75 44 0 5734 950000 4750 817890 1061250 866837
 3548.729909 15599 1300 1300 1300 1300 75 46 0 75 52 0 75 42 0 75 44 0 5734 950000 4750 817890 1061250 866837
 3548.929910 15600 1300 1300 1300 1300 75 46 0 75 52 0 75 42 0 75 44 0 5978 950000 4750 817342 1061250 866837
 3549.129909 15601 1300 1300 1300 1300 75 46 0 75 52 0 75 42 0 75 44 0 5978 950000 4750 817342 1061250 866837
 3549.329909 15602 1300 1300 1300 1300 75 46 0 75 52 0 75 42 0 75 44 0 5978 950000 4750 818438 1060000 867080
 3549.529909 15603 1300 1300 1300 1300 75 46 0 75 52 0 75 42 0 75 44 0 5734 950000 4750 828302 1061250 878508
 3549.729909 15604 1300 1300 1300 1300 75 46 0 75 52 0 75 42 0 75 44 0 5978 950000 4750 819534 1060000 868140
 3549.929909 15605 1300 1300 1300 1300 75 46 0 75 52 0 75 42 0 75 44 0 5978 950000 4750 819534 1060000 868140
 3550.129909 15606 1300 1300 1300 1300 75 46 0 75 52 0 75 42 0 75 44 0 5734 950000 4750 817616 1061250 866837
 3550.329909 15607 1300 1300 1300 1300 75 46 0 75 52 0 75 42 0 75 44 0 5734 950000 4750 815698 1061250 864715
 3550.529909 15608 1300 1300 1300 1300 75 46 0 75 52 0 75 42 0 75 44 0 5978 950000 4750 815150 1061250 864715
 3550.729909 15609 1300 1300 1300 1300 75 46 0 75 52 0 75 42 0 75 44 0 5978 950000 4750 814602 1061250 863654
 3550.929910 15610 1300 1300 1300 1300 75 46 0 75 52 0 75 42 0 75 44 0 5978 950000 4750 814602 1061250 863654
 3551.129909 15611 1300 1300 1300 1300 75 46 0 75 52 0 75 42 0 75 44 0 5978 950000 4750 816246 1061250 865776
 3551.329909 15612 1300 1300 1300 1300 75 46 0 75 52 0 75 42 0 75 44 0 5734 950000 4750 817616 1061250 866837
 3551.529908 15613 1300 1300 1300 1300 75 46 0 75 52 0 75 42 0 75 44 0 5734 950000 4750 816246 1061250 865776
 3551.729916 15614 1300 1300 1300 1300 75 46 0 75 52 0 75 42 0 75 44 0 5734 950000 4750 816246 1061250 865776
 3551.929911 15615 1300 1300 1300 1300 75 46 0 75 52 0 75 42 0 75 44 0 5978 950000 4750 814602 1060000 862840
 3552.129910 15616 1300 1300 1300 1300 75 46 0 75 52 0 75 42 0 75 44 0 5978 950000 4750 815150 1061250 864715
 3552.329908 15617 1300 1300 1300 1300 75 46 0 75 52 0 75 42 0 75 44 0 5978 950000 4750 815424 1060000 863900
 3552.529917 15618 1300 1300 1300 1300 75 46 0 75 52 0 75 42 0 75 44 0 5978 950000 4750 815424 1060000 863900
 3552.729909 15619 1300 1300 1300 1300 75 46 0 75 52 0 75 42 0 75 44 0 5978 950000 4750 816246 1061250 865776
 3552.929911 15620 1300 1300 1300 1300 75 46 0 75 52 0 75 42 0 75 44 0 5978 950000 4750 817890 1061250 866837
 3553.129909 15621 1300 1300 1300 1300 75 46 0 75 52 0 75 42 0 75 44 0 5978 950000 4750 821178 1061250 871081
 3553.329918 15622 1300 1300 1300 1300 75 46 0 75 52 0 75 42 0 75 44 0 5978 950000 4750 821178 1061250 871081
 3553.529909 15623 1300 1300 1300 1300 75 46 0 75 52 0 75 42 0 75 44 0 5978 950000 4750 818712 1061250 867898
 3553.729909 15624 1300 1300 1300 1300 75 46 0 75 52 0 75 42 0 75 44 0 5978 950000 4750 817342 1061250 866837
 3553.929926 15625 1300 1300 1300 1300 75 46 0 75 52 0 75 42 0 75 44 0 5978 950000 4750 815698 1061250 864715
 3554.129927 15626 1300 1300 1300 1300 75 46 0 75 52 0 75 42 0 75 44 0 5978 950000 4750 815698 1061250 864715
 3554.329928 15627 1300 1300 1300 1300 75 46 0 75 52 0 75 42 0 75 44 0 5734 950000 4750 818712 1061250 867898
 3554.529926 15628 1300 1300 1300 1300 75 46 0 75 52 0 75 42 0 75 44 0 5734 950000 4750 817616 1061250 866837
 3554.729927 15629 1300 1300 1300 1300 75 46 0 75 52 0 75 42 0 75 44 0 5978 950000 4750 817342 1061250 866837
 3554.929927 15630 1300 1300 1300 1300 75 46 0 75 52 0 75 42 0 75 44 0 5978 950000 4750 817342 1061250 866837
 3555.129926 15631 1300 1300 1300 1300 75 46 0 75 52 0 75 42 0 75 44 0 5978 950000 4750 819260 1060000 868140
 3555.329927 15632 1300 1300 1300 1300 75 46 0 75 52 0 75 42 0 75 44 0 5978 950000 4750 818986 1060000 867080
 3555.529926 15633 1300 1300 1300 1300 75 46 0 75 52 0 75 42 0 75 44 0 5978 950000 4750 818164 1060000 867080
 3555.729926 15634 1300 1300 1300 1300 75 46 0 75 52 0 75 42 0 75 44 0 5978 950000 4750 818164 1060000 867080
 3555.929927 15635 1300 1300 1300 1300 75 46 0 75 52 0 75 42 0 75 44 0 5734 950000 4750 816520 1061250 865776
 3556.129927 15636 1300 1300 1300 1300 75 46 0 75 52 0 75 42 0 75 44 0 5978 950000 4750 818438 1061250 867898
 3556.329927 15637 1300 1300 1300 1300 75 46 0 75 52 0 75 42 0 75 44 0 5734 950000 4750 817342 1061250 866837
 3556.529934 15638 1300 1300 1300 1300 75 46 0 75 52 0 75 42 0 75 44 0 5734 950000 4750 817342 1061250 866837
 3556.729927 15639 1300 1300 1300 1300 75 46 0 75 52 0 75 42 0 75 44 0 5978 950000 4750 819260 1061250 868959
 3556.929920 15640 1300 1300 1300 1300 75 46 0 75 52 0 75 42 0 75 44 0 5978 950000 4750 818164 1061250 867898
 3557.129918 15641 1300 1300 1300 1300 75 46 0 75 52 0 75 42 0 75 44 0 5734 950000 4750 352912 1058750 372416
 3557.329918 15642 1300 1300 1300 1300 75 46 0 75 52 0 75 42 0 75 44 0 5978 950000 4750 66308 1057500 69762
 3557.529925 15643 1300 1300 1300 1300 75 46 0 75 52 0 75 42 0 75 44 0 5978 950000 4750 66308 1057500 69762
 3557.729919 15644 1300 1300 1300 1300 75 46 0 75 52 0 75 42 0 75 44 0 5978 950000 4750 61102 1057500 64477
 3557.929921 15645 1300 1300 1300 1300 75 46 0 75 52 0 75 42 0 75 44 0 5734 950000 4750 60280 1057500 63420
 3558.129918 15646 1300 1300 1300 1300 74 46 0 74 52 0 74 42 0 74 44 0 5734 950000 4750 62746 1057500 65534
 3558.329926 15647 1300 1300 1300 1300 74 46 0 74 52 0 74 42 0 74 44 0 5734 950000 4750 62746 1057500 65534
 3558.529917 15648 1300 1300 1300 1300 74 46 0 74 52 0 74 42 0 74 44 0 5734 950000 4750 64664 1057500 67648
 3558.729918 15649 1300 1300 1300 1300 74 46 0 74 52 0 74 42 0 74 44 0 5978 950000 4750 61376 1057500 64477
