  623.764916 976 1400 1400 1400 1400 69 46 0 69 52 0 69 42 0 69 44 0 5734 950000 4750 59458 1095000 64605
  623.964915 977 1400 1400 1400 1400 69 46 0 69 52 0 69 42 0 69 44 0 5734 950000 4750 63020 1095000 68985
  624.164924 978 1400 1400 1400 1400 69 46 0 69 52 0 69 42 0 69 44 0 5734 950000 4750 69322 1095000 75555
  624.364914 979 1400 1400 1400 1400 69 46 0 69 52 0 69 42 0 69 44 0 5734 950000 4750 65486 1095000 71175
  624.564897 980 1400 1400 1400 1400 69 46 0 69 52 0 69 42 0 69 44 0 5734 950000 4750 65486 1095000 71175
  624.764914 981 1400 1400 1400 1400 69 46 0 69 52 0 69 42 0 69 44 0 5734 950000 4750 67130 1095000 73365
  624.964947 982 1400 1400 1400 1400 68 46 0 68 52 0 68 42 0 68 44 0 5490 950000 4750 65212 1095000 71175
  625.164911 983 1400 1400 1400 1400 69 46 0 69 52 0 69 42 0 69 44 0 5734 950000 4750 220296 1096250 241120
  625.364914 984 1400 1400 1400 1400 69 46 0 69 52 0 69 42 0 69 44 0 5734 950000 4750 83844 1095000 90885
  625.564915 985 1400 1400 1400 1400 69 46 0 69 52 0 69 42 0 69 44 0 5734 950000 4750 83844 1095000 90885
  625.765028 986 1400 1400 1400 1400 69 46 0 69 52 0 69 42 0 69 44 0 5490 950000 4750 66856 1095000 72270
  625.969944 987 1400 1400 1400 1400 69 46 0 69 52 0 69 42 0 69 44 0 5490 950000 4750 232352 1096250 254272
  626.169957 988 1400 1400 1400 1400 69 46 0 69 52 0 69 42 0 69 44 0 5734 950000 4750 929134 1098750 1020042
  626.370156 989 1400 1400 1400 1400 69 46 0 69 52 0 69 42 0 69 44 0 5734 950000 4750 929134 1098750 1020042
  626.569967 990 1400 1400 1400 1400 69 46 0 69 52 0 69 42 0 69 44 0 5734 948750 4740 1039830 1100000 1142900
  626.770007 991 1400 1400 1400 1400 69 46 0 69 52 0 69 42 0 69 44 0 5490 950000 4750 756514 1097500 829332
  626.969943 992 1400 1400 1400 1400 71 46 0 71 52 0 71 42 0 71 44 0 5734 950000 4750 969138 1100000 1065900
  627.174925 993 1400 1400 1400 1400 71 46 0 71 52 0 71 42 0 71 44 0 5734 950000 4750 969138 1100000 1065900
  627.375051 994 1300 1300 1300 1300 71 46 0 71 52 0 71 42 0 71 44 0 5734 948750 4740 1028596 1100000 1130800
  627.574918 995 1300 1300 1300 1300 71 46 0 71 52 0 71 42 0 71 44 0 5490 950000 4750 599512 1076250 644524
  627.774917 996 1300 1300 1300 1300 71 46 0 71 52 0 71 42 0 71 44 0 5734 950000 4750 180566 1057500 190260
  627.974917 997 1300 1300 1300 1300 69 46 0 69 52 0 69 42 0 69 44 0 5734 950000 4750 180566 1057500 190260
  628.174931 998 1300 1300 1300 1300 69 46 0 69 52 0 69 42 0 69 44 0 5490 950000 4750 72336 1057500 76104
  628.374932 999 1300 1300 1300 1300 69 46 0 69 52 0 69 42 0 69 44 0 5734 950000 4750 59184 1057500 62363
  628.574950 1000 1300 1300 1300 1300 69 46 0 69 52 0 69 42 0 69 44 0 5490 950000 4750 564714 1060000 597840
  628.775001 1001 1300 1300 1300 1300 69 46 0 69 52 0 69 42 0 69 44 0 5490 950000 4750 564714 1060000 597840
  628.974938 1002 1300 1300 1300 1300 72 46 0 72 52 0 72 42 0 72 44 0 5734 950000 4750 949958 1061250 1006889
  629.174928 1003 1300 1300 1300 1300 72 46 0 72 52 0 72 42 0 72 44 0 5734 950000 4750 900090 1061250 954900
  629.374925 1004 1300 1300 1300 1300 72 46 0 72 52 0 72 42 0 72 44 0 5734 950000 4750 859264 1061250 911399
  629.574912 1005 1300 1300 1300 1300 72 46 0 72 52 0 72 42 0 72 44 0 5734 950000 4750 859264 1061250 911399
  629.774926 1006 1300 1300 1300 1300 72 46 0 72 52 0 72 42 0 72 44 0 5734 950000 4750 915434 1061250 970815
  629.974926 1007 1300 1300 1300 1300 71 46 0 71 52 0 71 42 0 71 44 0 5734 950000 4750 858168 1060000 909480
  630.174939 1008 1300 1300 1300 1300 71 46 0 71 52 0 71 42 0 71 44 0 5734 950000 4750 863100 1061250 915643
  630.374988 1009 1300 1300 1300 1300 71 46 0 71 52 0 71 42 0 71 44 0 5490 950000 4750 860908 1060000 911600
  630.574918 1010 1300 1300 1300 1300 71 46 0 71 52 0 71 42 0 71 44 0 5490 950000 4750 860908 1060000 911600
  630.774914 1011 1300 1300 1300 1300 71 46 0 71 52 0 71 42 0 71 44 0 5734 950000 4750 267698 1058750 282486
  630.974917 1012 1300 1300 1300 1300 70 46 0 70 52 0 70 42 0 70 44 0 5734 950000 4750 58088 1057500 61306
  631.174928 1013 1300 1300 1300 1300 70 46 0 70 52 0 70 42 0 70 44 0 5734 950000 4750 58636 1057500 61306
  631.374917 1014 1300 1300 1300 1300 70 46 0 70 52 0 70 42 0 70 44 0 5734 950000 4750 58636 1057500 61306
  631.574917 1015 1300 1300 1300 1300 70 46 0 70 52 0 70 42 0 70 44 0 5734 950000 4750 57814 1057500 60249
  631.774918 1016 1300 1300 1300 1300 70 46 0 70 52 0 70 42 0 70 44 0 5734 950000 4750 59732 1057500 62363
  631.974917 1017 1300 1300 1300 1300 69 46 0 69 52 0 69 42 0 69 44 0 5734 950000 4750 60280 1057500 63420
