27151.514945 133611 300 300 300 300 73 46 0 73 52 0 73 42 0 73 44 0 10004 950000 9500 7398 958750 6706
27151.714944 133612 300 300 300 300 73 46 0 73 52 0 73 42 0 73 44 0 10004 950000 9500 7398 958750 6706
27151.914941 133613 300 300 300 300 73 46 0 73 52 0 73 42 0 73 44 0 10004 950000 9500 7124 958750 6706
27152.114963 133614 300 300 300 300 73 46 0 73 52 0 73 42 0 73 44 0 10004 950000 9500 7124 958750 6706
27152.314944 133615 300 300 300 300 73 46 0 73 52 0 73 42 0 73 44 0 10248 950000 9500 7124 958750 6706
27152.514948 133616 300 300 300 300 73 46 0 73 52 0 73 42 0 73 44 0 10248 950000 9500 7124 958750 6706
27152.714943 133617 300 300 300 300 73 46 0 73 52 0 73 42 0 73 44 0 33733 948750 31284 7124 958750 6706
27152.914942 133618 300 300 300 300 73 46 0 73 52 0 73 42 0 73 44 0 9760 950000 8550 7124 958750 6706
27153.114969 133619 300 300 300 300 73 46 0 73 52 0 73 42 0 73 44 0 9516 950000 8550 7124 958750 6706
27153.314958 133620 300 300 300 300 73 46 0 73 52 0 73 42 0 73 44 0 9516 950000 8550 7124 958750 6706
27153.514982 133621 300 300 300 300 73 46 0 73 52 0 73 42 0 73 44 0 9272 950000 8550 7124 958750 6706
27153.714936 133622 300 300 300 300 73 46 0 73 52 0 73 42 0 73 44 0 45750 948750 42660 7124 958750 6706
27153.914999 133623 300 300 300 300 73 46 0 73 52 0 73 42 0 73 44 0 68991 947500 64396 7124 958750 6706
27154.114983 133624 300 300 300 300 73 46 0 73 52 0 73 42 0 73 44 0 68991 947500 64396 7124 958750 6706
27154.315011 133625 300 300 300 300 73 46 0 73 52 0 73 42 0 73 44 0 63745 947500 59661 7124 958750 6706
27154.515026 133626 300 300 300 300 73 46 0 73 52 0 73 42 0 73 44 0 63501 947500 59661 7124 958750 6706
27154.714998 133627 300 300 300 300 73 46 0 73 52 0 73 42 0 73 44 0 62525 947500 58714 7398 958750 6706
27154.914954 133628 300 300 300 300 73 46 0 73 52 0 73 42 0 73 44 0 61732 947500 57767 7124 958750 6706
27155.114983 133629 300 300 300 300 73 46 0 73 52 0 73 42 0 73 44 0 61732 947500 57767 7124 958750 6706
27155.319978 133630 300 300 300 300 73 46 0 73 52 0 73 42 0 73 44 0 62769 947500 58714 7398 958750 6706
27155.519940 133631 300 300 300 300 73 46 0 73 52 0 73 42 0 73 44 0 59719 948750 55932 7398 958750 6706
27155.719944 133632 300 300 300 300 73 46 0 73 52 0 73 42 0 73 44 0 57767 947500 53979 7398 958750 6706
27155.919940 133633 300 300 300 300 73 46 0 73 52 0 73 42 0 73 44 0 57767 947500 53979 7398 958750 6706
27156.119955 133634 300 300 300 300 73 46 0 73 52 0 73 42 0 73 44 0 56486 947500 53032 7398 958750 6706
27156.319940 133635 300 300 300 300 73 46 0 73 52 0 73 42 0 73 44 0 56242 947500 53032 7124 958750 6706
27156.519940 133636 300 300 300 300 73 46 0 73 52 0 73 42 0 73 44 0 55998 947500 52085 7124 958750 6706
27156.719940 133637 300 300 300 300 73 46 0 73 52 0 73 42 0 73 44 0 55998 947500 52085 7124 958750 6706
27156.919939 133638 300 300 300 300 73 46 0 73 52 0 73 42 0 73 44 0 56242 947500 53032 7398 958750 6706
27157.119960 133639 300 300 300 300 73 46 0 73 52 0 73 42 0 73 44 0 56486 948750 53088 7124 958750 6706
27157.319939 133640 300 300 300 300 73 46 0 73 52 0 73 42 0 73 44 0 56242 948750 53088 7124 958750 6706
27157.519938 133641 300 300 300 300 73 46 0 73 52 0 73 42 0 73 44 0 56242 948750 53088 7124 958750 6706
27157.719938 133642 300 300 300 300 73 46 0 73 52 0 73 42 0 73 44 0 56486 947500 53032 7398 958750 6706
27157.919939 133643 300 300 300 300 73 46 0 73 52 0 73 42 0 73 44 0 56242 947500 53032 7398 958750 6706
27158.119958 133644 300 300 300 300 73 46 0 73 52 0 73 42 0 73 44 0 56730 947500 53032 7124 958750 6706
27158.319939 133645 300 300 300 300 73 46 0 73 52 0 73 42 0 73 44 0 56730 947500 53032 7124 958750 6706
27158.519934 133646 300 300 300 300 73 46 0 73 52 0 73 42 0 73 44 0 56486 948750 53088 7124 958750 6706
27158.719939 133647 300 300 300 300 73 46 0 73 52 0 73 42 0 73 44 0 56242 948750 53088 7398 958750 6706
27158.919940 133648 300 300 300 300 73 46 0 73 52 0 73 42 0 73 44 0 55998 948750 52140 7124 958750 6706
27159.119963 133649 300 300 300 300 73 46 0 73 52 0 73 42 0 73 44 0 55998 948750 52140 7124 958750 6706
27159.319939 133650 300 300 300 300 73 46 0 73 52 0 73 42 0 73 44 0 56486 948750 53088 7124 958750 6706
27159.519939 133651 300 300 300 300 73 46 0 73 52 0 73 42 0 73 44 0 55998 948750 52140 7398 958750 6706
27159.719940 133652 300 300 300 300 73 46 0 73 52 0 73 42 0 73 44 0 55998 947500 52085 7124 958750 6706
27159.919911 133653 300 300 300 300 73 46 0 73 52 0 73 42 0 73 44 0 55998 947500 52085 7124 958750 6706
27160.119959 133654 300 300 300 300 73 46 0 73 52 0 73 42 0 73 44 0 55998 947500 52085 7398 958750 6706
27160.319939 133655 300 300 300 300 73 46 0 73 52 0 73 42 0 73 44 0 56242 948750 53088 7124 958750 6706
27160.519940 133656 300 300 300 300 73 46 0 73 52 0 73 42 0 73 44 0 56242 948750 53088 7124 958750 6706
27160.719902 133657 300 300 300 300 73 46 0 73 52 0 73 42 0 73 44 0 55510 948750 52140 7124 958750 6706
27160.919939 133658 300 300 300 300 73 46 0 73 52 0 73 42 0 73 44 0 55510 948750 52140 7124 958750 6706
27161.119963 133659 300 300 300 300 73 46 0 73 52 0 73 42 0 73 44 0 55998 948750 52140 7124 958750 6706
27161.319940 133660 300 300 300 300 73 46 0 73 52 0 73 42 0 73 44 0 55998 947500 52085 7398 958750 6706
27161.519943 133661 300 300 300 300 73 46 0 73 52 0 73 42 0 73 44 0 55998 948750 52140 7124 958750 6706
27161.719939 133662 300 300 300 300 73 46 0 73 52 0 73 42 0 73 44 0 55998 948750 52140 7124 958750 6706
27161.919940 133663 300 300 300 300 73 46 0 73 52 0 73 42 0 73 44 0 55998 948750 52140 7124 958750 6706
27162.119960 133664 300 300 300 300 73 46 0 73 52 0 73 42 0 73 44 0 56242 948750 53088 7124 958750 6706
27162.319938 133665 300 300 300 300 73 46 0 73 52 0 73 42 0 73 44 0 56486 948750 53088 7398 958750 6706
27162.519939 133666 300 300 300 300 73 46 0 73 52 0 73 42 0 73 44 0 56486 948750 53088 7398 958750 6706
27162.719938 133667 300 300 300 300 73 46 0 73 52 0 73 42 0 73 44 0 56242 948750 53088 7124 958750 6706
27162.919939 133668 300 300 300 300 73 46 0 73 52 0 73 42 0 73 44 0 56242 948750 53088 7124 958750 6706
27163.119928 133669 300 300 300 300 73 46 0 73 52 0 73 42 0 73 44 0 56242 948750 53088 7124 958750 6706
27163.319939 133670 300 300 300 300 73 46 0 73 52 0 73 42 0 73 44 0 56242 948750 53088 7124 958750 6706
27163.519939 133671 300 300 300 300 73 46 0 73 52 0 73 42 0 73 44 0 56242 948750 53088 7398 958750 6706
27163.719939 133672 300 300 300 300 73 46 0 73 52 0 73 42 0 73 44 0 56486 947500 53032 7398 958750 6706
27163.919938 133673 300 300 300 300 73 46 0 73 52 0 73 42 0 73 44 0 55998 948750 52140 7124 958750 6706
27164.119960 133674 300 300 300 300 73 46 0 73 52 0 73 42 0 73 44 0 55998 948750 52140 7124 958750 6706
27164.319942 133675 300 300 300 300 73 46 0 73 52 0 73 42 0 73 44 0 56242 947500 53032 7124 958750 6706
27164.519942 133676 300 300 300 300 73 46 0 73 52 0 73 42 0 73 44 0 56486 947500 53032 7124 958750 6706
27164.719939 133677 300 300 300 300 73 46 0 73 52 0 73 42 0 73 44 0 56486 947500 53032 7398 958750 6706
27164.919939 133678 300 300 300 300 73 46 0 73 52 0 73 42 0 73 44 0 56486 947500 53032 7398 958750 6706
27165.119960 133679 300 300 300 300 73 46 0 73 52 0 73 42 0 73 44 0 56242 947500 53032 7398 958750 6706
27165.319938 133680 300 300 300 300 73 46 0 73 52 0 73 42 0 73 44 0 56242 948750 53088 7124 958750 6706
27165.519930 133681 300 300 300 300 73 46 0 73 52 0 73 42 0 73 44 0 55998 948750 52140 7124 958750 6706
27165.719937 133682 300 300 300 300 73 46 0 73 52 0 73 42 0 73 44 0 55998 948750 52140 7124 958750 6706
27165.919938 133683 300 300 300 300 73 46 0 73 52 0 73 42 0 73 44 0 56242 948750 53088 7398 958750 6706
27166.119960 133684 300 300 300 300 73 46 0 73 52 0 73 42 0 73 44 0 55998 948750 52140 7124 958750 6706
27166.319939 133685 300 300 300 300 73 46 0 73 52 0 73 42 0 73 44 0 56486 948750 53088 7124 958750 6706
27166.520506 133686 300 300 300 300 73 46 0 73 52 0 73 42 0 73 44 0 56242 947500 53032 7398 958750 6706
27166.719938 133687 300 300 300 300 73 46 0 73 52 0 73 42 0 73 44 0 56242 947500 53032 7398 958750 6706
27166.919938 133688 300 300 300 300 73 46 0 73 52 0 73 42 0 73 44 0 56730 948750 53088 7124 958750 6706
27167.119960 133689 300 300 300 300 73 46 0 73 52 0 73 42 0 73 44 0 55998 948750 52140 7398 958750 6706
27167.319940 133690 300 300 300 300 73 46 0 73 52 0 73 42 0 73 44 0 56242 948750 53088 7124 958750 6706
27167.519942 133691 300 300 300 300 73 46 0 73 52 0 73 42 0 73 44 0 56242 948750 53088 7124 958750 6706
27167.719939 133692 300 300 300 300 73 46 0 73 52 0 73 42 0 73 44 0 56730 948750 53088 7124 958750 6706
27167.919928 133693 300 300 300 300 73 46 0 73 52 0 73 42 0 73 44 0 56242 948750 53088 7124 958750 6706
27168.119960 133694 300 300 300 300 73 46 0 73 52 0 73 42 0 73 44 0 56730 948750 53088 7124 958750 6706
27168.319938 133695 300 300 300 300 73 46 0 73 52 0 73 42 0 73 44 0 56730 948750 53088 7124 958750 6706
27168.519938 133696 300 300 300 300 73 46 0 73 52 0 73 42 0 73 44 0 56730 947500 53032 7398 958750 6706
27168.719939 133697 300 300 300 300 73 46 0 73 52 0 73 42 0 73 44 0 56730 948750 53088 7124 958750 6706
27168.919939 133698 300 300 300 300 73 46 0 73 52 0 73 42 0 73 44 0 56486 947500 53032 7124 958750 6706
27169.119959 133699 300 300 300 300 73 46 0 73 52 0 73 42 0 73 44 0 56486 947500 53032 7124 958750 6706
27169.319938 133700 300 300 300 300 73 46 0 73 52 0 73 42 0 73 44 0 56730 948750 53088 7124 958750 6706
27169.519939 133701 300 300 300 300 73 46 0 73 52 0 73 42 0 73 44 0 56242 948750 53088 7124 958750 6706
27169.719938 133702 300 300 300 300 73 46 0 73 52 0 73 42 0 73 44 0 55998 947500 52085 7124 958750 6706
27169.919939 133703 300 300 300 300 73 46 0 73 52 0 73 42 0 73 44 0 55998 947500 52085 7124 958750 6706
27170.119958 133704 300 300 300 300 73 46 0 73 52 0 73 42 0 73 44 0 56242 948750 53088 7124 958750 6706
27170.319928 133705 300 300 300 300 73 46 0 73 52 0 73 42 0 73 44 0 56242 948750 53088 7124 958750 6706
27170.519942 133706 300 300 300 300 73 46 0 73 52 0 73 42 0 73 44 0 56486 947500 53032 7124 958750 6706
27170.719938 133707 300 300 300 300 73 46 0 73 52 0 73 42 0 73 44 0 56486 947500 53032 7124 958750 6706
27170.919941 133708 300 300 300 300 73 46 0 73 52 0 73 42 0 73 44 0 56242 948750 53088 7398 958750 6706
27171.119961 133709 300 300 300 300 73 46 0 73 52 0 73 42 0 73 44 0 56486 948750 53088 7398 958750 6706
27171.319939 133710 300 300 300 300 73 46 0 73 52 0 73 42 0 73 44 0 55998 948750 52140 7124 958750 6706
27171.519939 133711 300 300 300 300 73 46 0 73 52 0 73 42 0 73 44 0 55998 948750 52140 7124 958750 6706
27171.719939 133712 300 300 300 300 73 46 0 73 52 0 73 42 0 73 44 0 55998 948750 52140 7124 958750 6706
27171.919939 133713 300 300 300 300 73 46 0 73 52 0 73 42 0 73 44 0 56486 947500 53032 7398 958750 6706
27172.119959 133714 300 300 300 300 73 46 0 73 52 0 73 42 0 73 44 0 56486 947500 53032 7398 958750 6706
27172.319940 133715 300 300 300 300 73 46 0 73 52 0 73 42 0 73 44 0 56486 947500 53032 7398 958750 6706
27172.519939 133716 300 300 300 300 73 46 0 73 52 0 73 42 0 73 44 0 56730 947500 53032 7124 958750 6706
27172.719929 133717 300 300 300 300 73 46 0 73 52 0 73 42 0 73 44 0 56242 948750 53088 7124 958750 6706
27172.919939 133718 300 300 300 300 73 46 0 73 52 0 73 42 0 73 44 0 56242 947500 53032 7124 958750 6706
27173.119934 133719 300 300 300 300 73 46 0 73 52 0 73 42 0 73 44 0 56730 947500 53032 7398 958750 6706
27173.319940 133720 300 300 300 300 73 46 0 73 52 0 73 42 0 73 44 0 56730 947500 53032 7398 958750 6706
27173.519943 133721 300 300 300 300 73 46 0 73 52 0 73 42 0 73 44 0 56242 948750 53088 7124 958750 6706
27173.719928 133722 300 300 300 300 73 46 0 73 52 0 73 42 0 73 44 0 56486 947500 53032 7124 958750 6706
27173.919939 133723 300 300 300 300 73 46 0 73 52 0 73 42 0 73 44 0 56486 947500 53032 7124 958750 6706
27174.119962 133724 300 300 300 300 73 46 0 73 52 0 73 42 0 73 44 0 56486 947500 53032 7124 958750 6706
27174.319940 133725 300 300 300 300 73 46 0 73 52 0 73 42 0 73 44 0 56486 947500 53032 7124 958750 6706
27174.519939 133726 300 300 300 300 73 46 0 73 52 0 73 42 0 73 44 0 56486 948750 53088 7398 958750 6706
27174.719928 133727 300 300 300 300 73 46 0 73 52 0 73 42 0 73 44 0 56242 948750 53088 7124 958750 6706
27174.919939 133728 300 300 300 300 73 46 0 73 52 0 73 42 0 73 44 0 56242 948750 53088 7124 958750 6706
27175.119958 133729 300 300 300 300 73 46 0 73 52 0 73 42 0 73 44 0 55998 948750 52140 7398 958750 6706
27175.319939 133730 300 300 300 300 73 46 0 73 52 0 73 42 0 73 44 0 56486 948750 53088 7124 958750 6706
27175.519938 133731 300 300 300 300 73 46 0 73 52 0 73 42 0 73 44 0 56486 948750 53088 7124 958750 6706
27175.719939 133732 300 300 300 300 73 46 0 73 52 0 73 42 0 73 44 0 56486 948750 53088 7124 958750 6706
27175.919939 133733 300 300 300 300 73 46 0 73 52 0 73 42 0 73 44 0 56486 948750 53088 7398 958750 6706
27176.119929 133734 300 300 300 300 73 46 0 73 52 0 73 42 0 73 44 0 56730 948750 53088 7124 958750 6706
27176.319941 133735 300 300 300 300 73 46 0 73 52 0 73 42 0 73 44 0 56242 948750 53088 7398 958750 6706
27176.519943 133736 300 300 300 300 73 46 0 73 52 0 73 42 0 73 44 0 56242 948750 53088 7398 958750 6706
27176.719938 133737 300 300 300 300 73 46 0 73 52 0 73 42 0 73 44 0 55998 948750 52140 7124 958750 6706
27176.919938 133738 300 300 300 300 73 46 0 73 52 0 73 42 0 73 44 0 55998 948750 52140 7124 958750 6706
27177.119960 133739 300 300 300 300 73 46 0 73 52 0 73 42 0 73 44 0 55998 948750 52140 7398 958750 6706
27177.319939 133740 300 300 300 300 73 46 0 73 52 0 73 42 0 73 44 0 55998 948750 52140 7398 958750 6706
27177.519939 133741 300 300 300 300 73 46 0 73 52 0 73 42 0 73 44 0 56242 948750 53088 7124 958750 6706
27177.719939 133742 300 300 300 300 73 46 0 73 52 0 73 42 0 73 44 0 56486 948750 53088 7124 958750 6706
27177.919939 133743 300 300 300 300 73 46 0 73 52 0 73 42 0 73 44 0 56486 948750 53088 7398 958750 6706
27178.119959 133744 300 300 300 300 73 46 0 73 52 0 73 42 0 73 44 0 56486 948750 53088 7398 958750 6706
27178.319941 133745 300 300 300 300 73 46 0 73 52 0 73 42 0 73 44 0 56242 948750 53088 7398 958750 6706
27178.519929 133746 300 300 300 300 73 46 0 73 52 0 73 42 0 73 44 0 56242 948750 53088 7124 958750 6706
27178.719939 133747 300 300 300 300 73 46 0 73 52 0 73 42 0 73 44 0 56486 948750 53088 7124 958750 6706
27178.919920 133748 300 300 300 300 73 46 0 73 52 0 73 42 0 73 44 0 56486 948750 53088 7124 958750 6706
27179.119959 133749 300 300 300 300 73 46 0 73 52 0 73 42 0 73 44 0 56242 948750 53088 7398 958750 6706
27179.319939 133750 300 300 300 300 73 46 0 73 52 0 73 42 0 73 44 0 56486 948750 53088 7124 958750 6706
27179.519945 133751 300 300 300 300 73 46 0 73 52 0 73 42 0 73 44 0 56730 948750 53088 7124 958750 6706
27179.719939 133752 300 300 300 300 73 46 0 73 52 0 73 42 0 73 44 0 56486 947500 53032 7124 958750 6706
27179.919939 133753 300 300 300 300 73 46 0 73 52 0 73 42 0 73 44 0 56486 947500 53032 7124 958750 6706
27180.119959 133754 300 300 300 300 73 46 0 73 52 0 73 42 0 73 44 0 56242 948750 53088 7124 958750 6706
27180.319939 133755 300 300 300 300 73 46 0 73 52 0 73 42 0 73 44 0 56486 947500 53032 7124 958750 6706
27180.519939 133756 300 300 300 300 73 46 0 73 52 0 73 42 0 73 44 0 56486 948750 53088 7124 958750 6706
27180.719941 133757 300 300 300 300 73 46 0 73 52 0 73 42 0 73 44 0 56486 948750 53088 7124 958750 6706
27180.919930 133758 300 300 300 300 73 46 0 73 52 0 73 42 0 73 44 0 56486 948750 53088 7124 958750 6706
27181.119959 133759 300 300 300 300 73 46 0 73 52 0 73 42 0 73 44 0 56730 948750 53088 7124 958750 6706
27181.319940 133760 300 300 300 300 73 46 0 73 52 0 73 42 0 73 44 0 56486 948750 53088 7124 958750 6706
27181.519941 133761 300 300 300 300 73 46 0 73 52 0 73 42 0 73 44 0 56486 948750 53088 7124 958750 6706
27181.719939 133762 300 300 300 300 73 46 0 73 52 0 73 42 0 73 44 0 56242 948750 53088 7124 958750 6706
27181.919939 133763 300 300 300 300 73 46 0 73 52 0 73 42 0 73 44 0 56486 948750 53088 7124 958750 6706
27182.119960 133764 300 300 300 300 73 46 0 73 52 0 73 42 0 73 44 0 56242 947500 53032 7124 958750 6706
27182.319939 133765 300 300 300 300 73 46 0 73 52 0 73 42 0 73 44 0 56242 947500 53032 7124 958750 6706
27182.519942 133766 300 300 300 300 73 46 0 73 52 0 73 42 0 73 44 0 55998 948750 52140 7398 958750 6706
27182.719939 133767 300 300 300 300 73 46 0 73 52 0 73 42 0 73 44 0 56486 948750 53088 7124 958750 6706
27182.919938 133768 300 300 300 300 73 46 0 73 52 0 73 42 0 73 44 0 56486 948750 53088 7124 958750 6706
27183.119958 133769 300 300 300 300 73 46 0 73 52 0 73 42 0 73 44 0 56486 948750 53088 7124 958750 6706
27183.319932 133770 300 300 300 300 73 46 0 73 52 0 73 42 0 73 44 0 56242 948750 53088 7124 958750 6706
27183.519939 133771 300 300 300 300 73 46 0 73 52 0 73 42 0 73 44 0 55998 948750 52140 7124 958750 6706
27183.719940 133772 300 300 300 300 73 46 0 73 52 0 73 42 0 73 44 0 55998 948750 52140 7124 958750 6706
27183.919939 133773 300 300 300 300 73 46 0 73 52 0 73 42 0 73 44 0 55998 948750 52140 7124 958750 6706
27184.119966 133774 300 300 300 300 73 46 0 73 52 0 73 42 0 73 44 0 56242 948750 53088 7124 958750 6706
27184.319939 133775 300 300 300 300 73 46 0 73 52 0 73 42 0 73 44 0 56486 948750 53088 7124 958750 6706
27184.519943 133776 300 300 300 300 73 46 0 73 52 0 73 42 0 73 44 0 56486 948750 53088 7398 958750 6706
27184.719939 133777 300 300 300 300 73 46 0 73 52 0 73 42 0 73 44 0 56486 948750 53088 7398 958750 6706
27184.919939 133778 300 300 300 300 73 46 0 73 52 0 73 42 0 73 44 0 56730 948750 53088 7124 958750 6706
27185.119960 133779 300 300 300 300 73 46 0 73 52 0 73 42 0 73 44 0 56730 948750 53088 7124 958750 6706
27185.319940 133780 300 300 300 300 73 46 0 73 52 0 73 42 0 73 44 0 55998 948750 52140 7124 958750 6706
27185.520130 133781 300 300 300 300 73 46 0 73 52 0 73 42 0 73 44 0 55754 948750 52140 7124 958750 6706
27185.719939 133782 300 300 300 300 73 46 0 73 52 0 73 42 0 73 44 0 55754 948750 52140 7124 958750 6706
27185.919939 133783 300 300 300 300 73 46 0 73 52 0 73 42 0 73 44 0 55998 948750 52140 7398 958750 6706
27186.119965 133784 300 300 300 300 73 46 0 73 52 0 73 42 0 73 44 0 56486 947500 53032 7124 958750 6706
27186.319939 133785 300 300 300 300 73 46 0 73 52 0 73 42 0 73 44 0 56242 948750 53088 7124 958750 6706
27186.519913 133786 300 300 300 300 73 46 0 73 52 0 73 42 0 73 44 0 56242 948750 53088 7124 958750 6706
27186.719915 133787 300 300 300 300 73 46 0 73 52 0 73 42 0 73 44 0 56486 948750 53088 7398 958750 6706
27186.919914 133788 300 300 300 300 73 46 0 73 52 0 73 42 0 73 44 0 56242 948750 53088 7124 958750 6706
27187.119935 133789 300 300 300 300 73 46 0 73 52 0 73 42 0 73 44 0 56486 948750 53088 7398 958750 6706
27187.319914 133790 300 300 300 300 73 46 0 73 52 0 73 42 0 73 44 0 56486 948750 53088 7398 958750 6706
27187.519914 133791 300 300 300 300 73 46 0 73 52 0 73 42 0 73 44 0 55998 948750 52140 7124 958750 6706
27187.719914 133792 300 300 300 300 73 46 0 73 52 0 73 42 0 73 44 0 56486 948750 53088 7124 958750 6706
27187.919902 133793 300 300 300 300 73 46 0 73 52 0 73 42 0 73 44 0 56242 948750 53088 7398 958750 6706
27188.119935 133794 300 300 300 300 73 46 0 73 52 0 73 42 0 73 44 0 56242 948750 53088 7398 958750 6706
27188.319916 133795 300 300 300 300 73 46 0 73 52 0 73 42 0 73 44 0 56730 948750 53088 7124 958750 6706
27188.519917 133796 300 300 300 300 73 46 0 73 52 0 73 42 0 73 44 0 56242 948750 53088 7398 958750 6706
27188.719915 133797 300 300 300 300 73 46 0 73 52 0 73 42 0 73 44 0 56242 948750 53088 7398 958750 6706
27188.919863 133798 300 300 300 300 73 46 0 73 52 0 73 42 0 73 44 0 56242 948750 53088 7398 958750 6706
27189.119883 133799 300 300 300 300 73 46 0 73 52 0 73 42 0 73 44 0 56486 948750 53088 7124 958750 6706
27189.319863 133800 300 300 300 300 73 46 0 73 52 0 73 42 0 73 44 0 55998 948750 52140 7124 958750 6706
27189.519922 133801 300 300 300 300 73 46 0 73 52 0 73 42 0 73 44 0 55998 948750 52140 7124 958750 6706
27189.719922 133802 300 300 300 300 73 46 0 73 52 0 73 42 0 73 44 0 55998 948750 52140 7124 958750 6706
27189.919921 133803 300 300 300 300 73 46 0 73 52 0 73 42 0 73 44 0 56242 948750 53088 7124 958750 6706
27190.119942 133804 300 300 300 300 73 46 0 73 52 0 73 42 0 73 44 0 56242 948750 53088 7398 958750 6706
27190.319910 133805 300 300 300 300 73 46 0 73 52 0 73 42 0 73 44 0 56486 948750 53088 7398 958750 6706
27190.519926 133806 300 300 300 300 73 46 0 73 52 0 73 42 0 73 44 0 56486 948750 53088 7398 958750 6706
27190.719922 133807 300 300 300 300 73 46 0 73 52 0 73 42 0 73 44 0 55998 948750 52140 7124 958750 6706
27190.919922 133808 300 300 300 300 73 46 0 73 52 0 73 42 0 73 44 0 56242 948750 53088 7124 958750 6706
27191.119945 133809 300 300 300 300 73 46 0 73 52 0 73 42 0 73 44 0 56730 948750 53088 7124 958750 6706
27191.319921 133810 300 300 300 300 73 46 0 73 52 0 73 42 0 73 44 0 56730 948750 53088 7124 958750 6706
27191.519927 133811 300 300 300 300 73 46 0 73 52 0 73 42 0 73 44 0 56730 947500 53032 7124 958750 6706
27191.719922 133812 300 300 300 300 73 46 0 73 52 0 73 42 0 73 44 0 56242 948750 53088 7398 958750 6706
27191.919921 133813 300 300 300 300 73 46 0 73 52 0 73 42 0 73 44 0 56242 948750 53088 7398 958750 6706
27192.119935 133814 300 300 300 300 73 46 0 73 52 0 73 42 0 73 44 0 56730 948750 53088 7124 958750 6706
27192.319922 133815 300 300 300 300 73 46 0 73 52 0 73 42 0 73 44 0 56730 948750 53088 7124 958750 6706
27192.519922 133816 300 300 300 300 73 46 0 73 52 0 73 42 0 73 44 0 56486 948750 53088 7124 958750 6706
27192.719928 133817 300 300 300 300 73 46 0 73 52 0 73 42 0 73 44 0 56242 948750 53088 7398 958750 6706
27192.919939 133818 300 300 300 300 73 46 0 73 52 0 73 42 0 73 44 0 55998 948750 52140 7398 958750 6706
27193.119959 133819 300 300 300 300 73 46 0 73 52 0 73 42 0 73 44 0 55998 948750 52140 7398 958750 6706
27193.319939 133820 300 300 300 300 73 46 0 73 52 0 73 42 0 73 44 0 56486 948750 53088 7398 958750 6706
27193.519939 133821 300 300 300 300 73 46 0 73 52 0 73 42 0 73 44 0 55998 948750 52140 7398 958750 6706
27193.719939 133822 300 300 300 300 73 46 0 73 52 0 73 42 0 73 44 0 56242 948750 53088 7124 958750 6706
27193.919938 133823 300 300 300 300 73 46 0 73 52 0 73 42 0 73 44 0 56242 948750 53088 7124 958750 6706
27194.119958 133824 300 300 300 300 73 46 0 73 52 0 73 42 0 73 44 0 56486 948750 53088 7398 958750 6706
27194.319939 133825 300 300 300 300 73 46 0 73 52 0 73 42 0 73 44 0 56486 948750 53088 7398 958750 6706
27194.519942 133826 300 300 300 300 73 46 0 73 52 0 73 42 0 73 44 0 55998 948750 52140 7124 958750 6706
27194.719939 133827 300 300 300 300 73 46 0 73 52 0 73 42 0 73 44 0 55998 948750 52140 7124 958750 6706
27194.919939 133828 300 300 300 300 73 46 0 73 52 0 73 42 0 73 44 0 56242 948750 53088 7398 958750 6706
27195.119929 133829 300 300 300 300 73 46 0 73 52 0 73 42 0 73 44 0 56486 948750 53088 7398 958750 6706
27195.319938 133830 300 300 300 300 73 46 0 73 52 0 73 42 0 73 44 0 56242 948750 53088 7398 958750 6706
27195.519939 133831 300 300 300 300 73 46 0 73 52 0 73 42 0 73 44 0 56242 948750 53088 7398 958750 6706
27195.719939 133832 300 300 300 300 73 46 0 73 52 0 73 42 0 73 44 0 56242 948750 53088 7398 958750 6706
27195.919939 133833 300 300 300 300 73 46 0 73 52 0 73 42 0 73 44 0 56486 948750 53088 7124 958750 6706
27196.119961 133834 300 300 300 300 73 46 0 73 52 0 73 42 0 73 44 0 56486 948750 53088 7124 958750 6706
27196.319939 133835 300 300 300 300 73 46 0 73 52 0 73 42 0 73 44 0 56486 948750 53088 7124 958750 6706
27196.519939 133836 300 300 300 300 73 46 0 73 52 0 73 42 0 73 44 0 56242 948750 53088 7398 958750 6706
27196.719939 133837 300 300 300 300 73 46 0 73 52 0 73 42 0 73 44 0 56242 948750 53088 7398 958750 6706
27196.919938 133838 300 300 300 300 73 46 0 73 52 0 73 42 0 73 44 0 56242 948750 53088 7398 958750 6706
27197.119962 133839 300 300 300 300 73 46 0 73 52 0 73 42 0 73 44 0 56242 948750 53088 7398 958750 6706
27197.319939 133840 300 300 300 300 73 46 0 73 52 0 73 42 0 73 44 0 56242 948750 53088 7124 958750 6706
27197.519933 133841 300 300 300 300 73 46 0 73 52 0 73 42 0 73 44 0 56242 948750 53088 7398 958750 6706
27197.719940 133842 300 300 300 300 73 46 0 73 52 0 73 42 0 73 44 0 56730 948750 53088 7124 958750 6706
27197.919921 133843 300 300 300 300 73 46 0 73 52 0 73 42 0 73 44 0 56730 948750 53088 7124 958750 6706
27198.119960 133844 300 300 300 300 73 46 0 73 52 0 73 42 0 73 44 0 55998 948750 52140 7398 958750 6706
27198.319939 133845 300 300 300 300 73 46 0 73 52 0 73 42 0 73 44 0 55998 947500 52085 7398 958750 6706
27198.519939 133846 300 300 300 300 73 46 0 73 52 0 73 42 0 73 44 0 56242 948750 53088 7398 958750 6706
27198.719939 133847 300 300 300 300 73 46 0 73 52 0 73 42 0 73 44 0 56242 947500 53032 7398 958750 6706
27198.919938 133848 300 300 300 300 73 46 0 73 52 0 73 42 0 73 44 0 56242 947500 53032 7398 958750 6706
27199.119959 133849 300 300 300 300 73 46 0 73 52 0 73 42 0 73 44 0 56242 947500 53032 7398 958750 6706
27199.319939 133850 300 300 300 300 73 46 0 73 52 0 73 42 0 73 44 0 56242 947500 53032 7124 958750 6706
27199.519938 133851 300 300 300 300 73 46 0 73 52 0 73 42 0 73 44 0 56486 947500 53032 7124 958750 6706
27199.719938 133852 300 300 300 300 73 46 0 73 52 0 73 42 0 73 44 0 56486 947500 53032 7124 958750 6706
27199.919929 133853 300 300 300 300 73 46 0 73 52 0 73 42 0 73 44 0 56242 947500 53032 7124 958750 6706
27200.119959 133854 300 300 300 300 73 46 0 73 52 0 73 42 0 73 44 0 56486 947500 53032 7124 958750 6706
27200.319941 133855 300 300 300 300 73 46 0 73 52 0 73 42 0 73 44 0 55998 948750 52140 7124 958750 6706
27200.519942 133856 300 300 300 300 73 46 0 73 52 0 73 42 0 73 44 0 55998 948750 52140 7124 958750 6706
27200.719939 133857 300 300 300 300 73 46 0 73 52 0 73 42 0 73 44 0 55998 948750 52140 7398 958750 6706
27200.919928 133858 300 300 300 300 73 46 0 73 52 0 73 42 0 73 44 0 56242 948750 53088 7124 958750 6706
27201.119959 133859 300 300 300 300 73 46 0 73 52 0 73 42 0 73 44 0 56486 948750 53088 7124 958750 6706
27201.319939 133860 300 300 300 300 73 46 0 73 52 0 73 42 0 73 44 0 56486 948750 53088 7124 958750 6706
27201.519939 133861 300 300 300 300 73 46 0 73 52 0 73 42 0 73 44 0 56486 948750 53088 7124 958750 6706
27201.719938 133862 300 300 300 300 73 46 0 73 52 0 73 42 0 73 44 0 56242 947500 53032 7124 958750 6706
27201.919939 133863 300 300 300 300 73 46 0 73 52 0 73 42 0 73 44 0 56730 948750 53088 7124 958750 6706
27202.119959 133864 300 300 300 300 73 46 0 73 52 0 73 42 0 73 44 0 56730 948750 53088 7124 958750 6706
27202.319939 133865 300 300 300 300 73 46 0 73 52 0 73 42 0 73 44 0 56486 948750 53088 7124 958750 6706
27202.519939 133866 300 300 300 300 73 46 0 73 52 0 73 42 0 73 44 0 56242 947500 53032 7398 958750 6706
27202.719938 133867 300 300 300 300 73 46 0 73 52 0 73 42 0 73 44 0 56486 947500 53032 7124 958750 6706
27202.919939 133868 300 300 300 300 73 46 0 73 52 0 73 42 0 73 44 0 56486 947500 53032 7124 958750 6706
27203.119958 133869 300 300 300 300 73 46 0 73 52 0 73 42 0 73 44 0 56242 947500 53032 7124 958750 6706
27203.319928 133870 300 300 300 300 73 46 0 73 52 0 73 42 0 73 44 0 56730 948750 53088 7398 958750 6706
27203.519941 133871 300 300 300 300 73 46 0 73 52 0 73 42 0 73 44 0 56242 948750 53088 7124 958750 6706
27203.719939 133872 300 300 300 300 73 46 0 73 52 0 73 42 0 73 44 0 56242 948750 53088 7124 958750 6706
27203.919939 133873 300 300 300 300 73 46 0 73 52 0 73 42 0 73 44 0 56242 948750 53088 7124 958750 6706
27204.119964 133874 300 300 300 300 73 46 0 73 52 0 73 42 0 73 44 0 56486 947500 53032 7124 958750 6706
27204.319939 133875 300 300 300 300 73 46 0 73 52 0 73 42 0 73 44 0 56242 948750 53088 7124 958750 6706
27204.519863 133876 300 300 300 300 73 46 0 73 52 0 73 42 0 73 44 0 55998 948750 52140 7398 958750 6706
27204.719939 133877 300 300 300 300 73 46 0 73 52 0 73 42 0 73 44 0 55998 948750 52140 7398 958750 6706
27204.919939 133878 300 300 300 300 73 46 0 73 52 0 73 42 0 73 44 0 55998 948750 52140 7124 958750 6706
27205.119960 133879 300 300 300 300 73 46 0 73 52 0 73 42 0 73 44 0 56242 948750 53088 7398 958750 6706
27205.319939 133880 300 300 300 300 73 46 0 73 52 0 73 42 0 73 44 0 56242 948750 53088 7398 958750 6706
27205.519940 133881 300 300 300 300 73 46 0 73 52 0 73 42 0 73 44 0 56242 948750 53088 7398 958750 6706
27205.719930 133882 300 300 300 300 73 46 0 73 52 0 73 42 0 73 44 0 56242 947500 53032 7398 958750 6706
27205.919940 133883 300 300 300 300 73 46 0 73 52 0 73 42 0 73 44 0 55998 948750 52140 7124 958750 6706
27206.119961 133884 300 300 300 300 73 46 0 73 52 0 73 42 0 73 44 0 56486 948750 53088 7398 958750 6706
27206.319939 133885 300 300 300 300 73 46 0 73 52 0 73 42 0 73 44 0 56486 948750 53088 7398 958750 6706
27206.519944 133886 300 300 300 300 73 46 0 73 52 0 73 42 0 73 44 0 56486 948750 53088 7124 958750 6706
27206.719939 133887 300 300 300 300 73 46 0 73 52 0 73 42 0 73 44 0 56486 948750 53088 7124 958750 6706
27206.919939 133888 300 300 300 300 73 46 0 73 52 0 73 42 0 73 44 0 56242 948750 53088 7398 958750 6706
27207.119960 133889 300 300 300 300 73 46 0 73 52 0 73 42 0 73 44 0 56242 948750 53088 7398 958750 6706
27207.319939 133890 300 300 300 300 73 46 0 73 52 0 73 42 0 73 44 0 55998 948750 52140 7124 958750 6706
27207.519939 133891 300 300 300 300 73 46 0 73 52 0 73 42 0 73 44 0 56486 948750 53088 7124 958750 6706
27207.719939 133892 300 300 300 300 73 46 0 73 52 0 73 42 0 73 44 0 56486 948750 53088 7124 958750 6706
27207.919943 133893 300 300 300 300 73 46 0 73 52 0 73 42 0 73 44 0 56486 948750 53088 7124 958750 6706
27208.119949 133894 300 300 300 300 73 46 0 73 52 0 73 42 0 73 44 0 56242 948750 53088 7124 958750 6706
27208.319939 133895 300 300 300 300 73 46 0 73 52 0 73 42 0 73 44 0 56486 948750 53088 7398 958750 6706
27208.519939 133896 300 300 300 300 73 46 0 73 52 0 73 42 0 73 44 0 56730 948750 53088 7398 958750 6706
27208.719938 133897 300 300 300 300 73 46 0 73 52 0 73 42 0 73 44 0 56730 948750 53088 7398 958750 6706
27208.919941 133898 300 300 300 300 73 46 0 73 52 0 73 42 0 73 44 0 56242 948750 53088 7124 958750 6706
27209.119958 133899 300 300 300 300 73 46 0 73 52 0 73 42 0 73 44 0 56486 948750 53088 7398 958750 6706
27209.319939 133900 300 300 300 300 73 46 0 73 52 0 73 42 0 73 44 0 56242 948750 53088 7124 958750 6706
27209.519943 133901 300 300 300 300 73 46 0 73 52 0 73 42 0 73 44 0 56242 948750 53088 7124 958750 6706
27209.719939 133902 300 300 300 300 73 46 0 73 52 0 73 42 0 73 44 0 56974 948750 53088 7398 958750 6706
27209.919938 133903 300 300 300 300 73 46 0 73 52 0 73 42 0 73 44 0 56486 948750 53088 7124 958750 6706
27210.119961 133904 300 300 300 300 73 46 0 73 52 0 73 42 0 73 44 0 56486 948750 53088 7124 958750 6706
27210.319921 133905 300 300 300 300 73 46 0 73 52 0 73 42 0 73 44 0 56486 948750 53088 7124 958750 6706
27210.519929 133906 300 300 300 300 73 46 0 73 52 0 73 42 0 73 44 0 55998 948750 52140 7398 958750 6706
27210.719938 133907 300 300 300 300 73 46 0 73 52 0 73 42 0 73 44 0 56242 947500 53032 7398 958750 6706
27210.919939 133908 300 300 300 300 73 46 0 73 52 0 73 42 0 73 44 0 56242 948750 53088 7124 958750 6706
27211.119935 133909 300 300 300 300 73 46 0 73 52 0 73 42 0 73 44 0 56486 947500 53032 7124 958750 6706
27211.319938 133910 300 300 300 300 73 46 0 73 52 0 73 42 0 73 44 0 56486 947500 53032 7124 958750 6706
27211.519942 133911 300 300 300 300 73 46 0 73 52 0 73 42 0 73 44 0 56242 948750 53088 7124 958750 6706
27211.719939 133912 300 300 300 300 73 46 0 73 52 0 73 42 0 73 44 0 55998 948750 52140 7124 958750 6706
27211.919940 133913 300 300 300 300 73 46 0 73 52 0 73 42 0 73 44 0 56730 948750 53088 7124 958750 6706
27212.119960 133914 300 300 300 300 73 46 0 73 52 0 73 42 0 73 44 0 56730 948750 53088 7124 958750 6706
27212.319939 133915 300 300 300 300 73 46 0 73 52 0 73 42 0 73 44 0 55998 948750 52140 7398 958750 6706
27212.519943 133916 300 300 300 300 73 46 0 73 52 0 73 42 0 73 44 0 55998 948750 52140 7124 958750 6706
27212.719927 133917 300 300 300 300 73 46 0 73 52 0 73 42 0 73 44 0 55998 948750 52140 7124 958750 6706
27212.919939 133918 300 300 300 300 73 46 0 73 52 0 73 42 0 73 44 0 55998 948750 52140 7124 958750 6706
27213.119960 133919 300 300 300 300 73 46 0 73 52 0 73 42 0 73 44 0 56242 948750 53088 7398 958750 6706
27213.319941 133920 300 300 300 300 73 46 0 73 52 0 73 42 0 73 44 0 56486 948750 53088 7124 958750 6706
27213.519939 133921 300 300 300 300 73 46 0 73 52 0 73 42 0 73 44 0 56242 948750 53088 7124 958750 6706
27213.719939 133922 300 300 300 300 73 46 0 73 52 0 73 42 0 73 44 0 56242 948750 53088 7124 958750 6706
27213.919939 133923 300 300 300 300 73 46 0 73 52 0 73 42 0 73 44 0 56242 948750 53088 7124 958750 6706
27214.119958 133924 300 300 300 300 73 46 0 73 52 0 73 42 0 73 44 0 56486 948750 53088 7398 958750 6706
27214.319939 133925 300 300 300 300 73 46 0 73 52 0 73 42 0 73 44 0 56486 948750 53088 7124 958750 6706
27214.519939 133926 300 300 300 300 73 46 0 73 52 0 73 42 0 73 44 0 56486 948750 53088 7124 958750 6706
27214.719938 133927 300 300 300 300 73 46 0 73 52 0 73 42 0 73 44 0 56486 948750 53088 7398 958750 6706
27214.919938 133928 300 300 300 300 73 46 0 73 52 0 73 42 0 73 44 0 55998 948750 52140 7124 958750 6706
27215.119928 133929 300 300 300 300 73 46 0 73 52 0 73 42 0 73 44 0 56974 948750 53088 7124 958750 6706
27215.319938 133930 300 300 300 300 73 46 0 73 52 0 73 42 0 73 44 0 56974 948750 53088 7124 958750 6706
27215.519943 133931 300 300 300 300 73 46 0 73 52 0 73 42 0 73 44 0 56486 947500 53032 7124 958750 6706
27215.719939 133932 300 300 300 300 73 46 0 73 52 0 73 42 0 73 44 0 56242 948750 53088 7398 958750 6706
27215.919938 133933 300 300 300 300 73 46 0 73 52 0 73 42 0 73 44 0 55998 948750 52140 7398 958750 6706
27216.119960 133934 300 300 300 300 73 46 0 73 52 0 73 42 0 73 44 0 55998 948750 52140 7398 958750 6706
27216.319939 133935 300 300 300 300 73 46 0 73 52 0 73 42 0 73 44 0 56730 948750 53088 7398 958750 6706
27216.519939 133936 300 300 300 300 73 46 0 73 52 0 73 42 0 73 44 0 56242 947500 53032 7124 958750 6706
27216.719938 133937 300 300 300 300 73 46 0 73 52 0 73 42 0 73 44 0 56486 947500 53032 7124 958750 6706
27216.919921 133938 300 300 300 300 73 46 0 73 52 0 73 42 0 73 44 0 56486 947500 53032 7124 958750 6706
27217.119959 133939 300 300 300 300 73 46 0 73 52 0 73 42 0 73 44 0 56242 948750 53088 7124 958750 6706
27217.319940 133940 300 300 300 300 73 46 0 73 52 0 73 42 0 73 44 0 56486 948750 53088 7124 958750 6706
27217.519928 133941 300 300 300 300 73 46 0 73 52 0 73 42 0 73 44 0 56486 948750 53088 7398 958750 6706
27217.719939 133942 300 300 300 300 73 46 0 73 52 0 73 42 0 73 44 0 56242 947500 53032 7124 958750 6706
27217.919938 133943 300 300 300 300 73 46 0 73 52 0 73 42 0 73 44 0 56242 947500 53032 7124 958750 6706
27218.119958 133944 300 300 300 300 73 46 0 73 52 0 73 42 0 73 44 0 56486 948750 53088 7124 958750 6706
27218.319939 133945 300 300 300 300 73 46 0 73 52 0 73 42 0 73 44 0 56242 948750 53088 7124 958750 6706
27218.519943 133946 300 300 300 300 73 46 0 73 52 0 73 42 0 73 44 0 56486 948750 53088 7124 958750 6706
27218.719941 133947 300 300 300 300 73 46 0 73 52 0 73 42 0 73 44 0 56486 948750 53088 7124 958750 6706
27218.919939 133948 300 300 300 300 73 46 0 73 52 0 73 42 0 73 44 0 56242 948750 53088 7124 958750 6706
27219.119959 133949 300 300 300 300 73 46 0 73 52 0 73 42 0 73 44 0 56486 948750 53088 7124 958750 6706
27219.319938 133950 300 300 300 300 73 46 0 73 52 0 73 42 0 73 44 0 56486 948750 53088 7124 958750 6706
27219.519937 133951 300 300 300 300 73 46 0 73 52 0 73 42 0 73 44 0 56486 948750 53088 7124 958750 6706
27219.719939 133952 300 300 300 300 73 46 0 73 52 0 73 42 0 73 44 0 55998 948750 52140 7124 958750 6706
27219.919928 133953 300 300 300 300 73 46 0 73 52 0 73 42 0 73 44 0 56242 947500 53032 7398 958750 6706
27220.119959 133954 300 300 300 300 73 46 0 73 52 0 73 42 0 73 44 0 56486 948750 53088 7124 958750 6706
27220.319938 133955 300 300 300 300 73 46 0 73 52 0 73 42 0 73 44 0 56486 948750 53088 7124 958750 6706
27220.519938 133956 300 300 300 300 73 46 0 73 52 0 73 42 0 73 44 0 56486 948750 53088 7124 958750 6706
27220.719939 133957 300 300 300 300 73 46 0 73 52 0 73 42 0 73 44 0 56486 948750 53088 7398 958750 6706
27220.919938 133958 300 300 300 300 73 46 0 73 52 0 73 42 0 73 44 0 56486 948750 53088 7398 958750 6706
27221.119960 133959 300 300 300 300 73 46 0 73 52 0 73 42 0 73 44 0 56486 948750 53088 7398 958750 6706
27221.319939 133960 300 300 300 300 73 46 0 73 52 0 73 42 0 73 44 0 56242 948750 53088 7398 958750 6706
27221.519942 133961 300 300 300 300 73 46 0 73 52 0 73 42 0 73 44 0 55998 947500 52085 7124 958750 6706
27221.719939 133962 300 300 300 300 73 46 0 73 52 0 73 42 0 73 44 0 56242 948750 53088 7124 958750 6706
27221.919941 133963 300 300 300 300 73 46 0 73 52 0 73 42 0 73 44 0 56242 948750 53088 7124 958750 6706
27222.119959 133964 300 300 300 300 73 46 0 73 52 0 73 42 0 73 44 0 56486 948750 53088 7398 958750 6706
27222.319929 133965 300 300 300 300 73 46 0 73 52 0 73 42 0 73 44 0 56242 948750 53088 7124 958750 6706
27222.519939 133966 300 300 300 300 73 46 0 73 52 0 73 42 0 73 44 0 56486 948750 53088 7398 958750 6706
27222.719938 133967 300 300 300 300 73 46 0 73 52 0 73 42 0 73 44 0 56486 948750 53088 7398 958750 6706
27222.919938 133968 300 300 300 300 73 46 0 73 52 0 73 42 0 73 44 0 56730 948750 53088 7124 958750 6706
27223.119958 133969 300 300 300 300 73 46 0 73 52 0 73 42 0 73 44 0 56242 947500 53032 7398 958750 6706
27223.319938 133970 300 300 300 300 73 46 0 73 52 0 73 42 0 73 44 0 56242 948750 53088 7124 958750 6706
27223.519862 133971 300 300 300 300 73 46 0 73 52 0 73 42 0 73 44 0 56242 947500 53032 7124 958750 6706
27223.719939 133972 300 300 300 300 73 46 0 73 52 0 73 42 0 73 44 0 56242 947500 53032 7124 958750 6706
27223.919938 133973 300 300 300 300 73 46 0 73 52 0 73 42 0 73 44 0 56486 947500 53032 7124 958750 6706
27224.119958 133974 300 300 300 300 73 46 0 73 52 0 73 42 0 73 44 0 56242 948750 53088 7398 958750 6706
27224.319939 133975 300 300 300 300 73 46 0 73 52 0 73 42 0 73 44 0 56730 948750 53088 7124 958750 6706
27224.519942 133976 300 300 300 300 73 46 0 73 52 0 73 42 0 73 44 0 56730 948750 53088 7124 958750 6706
27224.719928 133977 300 300 300 300 73 46 0 73 52 0 73 42 0 73 44 0 56242 947500 53032 7124 958750 6706
27224.919939 133978 300 300 300 300 73 46 0 73 52 0 73 42 0 73 44 0 56242 947500 53032 7124 958750 6706
27225.119961 133979 300 300 300 300 73 46 0 73 52 0 73 42 0 73 44 0 56486 948750 53088 7124 958750 6706
27225.319939 133980 300 300 300 300 73 46 0 73 52 0 73 42 0 73 44 0 56486 948750 53088 7124 958750 6706
27225.519941 133981 300 300 300 300 73 46 0 73 52 0 73 42 0 73 44 0 56242 947500 53032 7398 958750 6706
27225.719940 133982 300 300 300 300 73 46 0 73 52 0 73 42 0 73 44 0 56242 948750 53088 7124 958750 6706
27225.919940 133983 300 300 300 300 73 46 0 73 52 0 73 42 0 73 44 0 56486 948750 53088 7398 958750 6706
27226.119963 133984 300 300 300 300 73 46 0 73 52 0 73 42 0 73 44 0 56486 948750 53088 7398 958750 6706
27226.319941 133985 300 300 300 300 73 46 0 73 52 0 73 42 0 73 44 0 55998 947500 52085 7124 958750 6706
27226.519939 133986 300 300 300 300 73 46 0 73 52 0 73 42 0 73 44 0 56242 948750 53088 7124 958750 6706
27226.719939 133987 300 300 300 300 73 46 0 73 52 0 73 42 0 73 44 0 56242 948750 53088 7124 958750 6706
27226.919938 133988 300 300 300 300 73 46 0 73 52 0 73 42 0 73 44 0 56242 948750 53088 7124 958750 6706
27227.119950 133989 300 300 300 300 73 46 0 73 52 0 73 42 0 73 44 0 55998 947500 52085 7124 958750 6706
27227.319940 133990 300 300 300 300 73 46 0 73 52 0 73 42 0 73 44 0 55754 947500 52085 7124 958750 6706
27227.519943 133991 300 300 300 300 73 46 0 73 52 0 73 42 0 73 44 0 56242 948750 53088 7398 958750 6706
27227.719939 133992 300 300 300 300 73 46 0 73 52 0 73 42 0 73 44 0 56242 948750 53088 7398 958750 6706
27227.919939 133993 300 300 300 300 73 46 0 73 52 0 73 42 0 73 44 0 56486 948750 53088 7398 958750 6706
27228.119929 133994 300 300 300 300 73 46 0 73 52 0 73 42 0 73 44 0 56486 948750 53088 7124 958750 6706
27228.319939 133995 300 300 300 300 73 46 0 73 52 0 73 42 0 73 44 0 56486 948750 53088 7398 958750 6706
27228.519938 133996 300 300 300 300 73 46 0 73 52 0 73 42 0 73 44 0 56486 948750 53088 7398 958750 6706
27228.719939 133997 300 300 300 300 73 46 0 73 52 0 73 42 0 73 44 0 56242 948750 53088 7398 958750 6706
27228.919938 133998 300 300 300 300 73 46 0 73 52 0 73 42 0 73 44 0 55998 947500 52085 7398 958750 6706
27229.119959 133999 300 300 300 300 73 46 0 73 52 0 73 42 0 73 44 0 56242 948750 53088 7124 958750 6706
27229.319921 134000 300 300 300 300 73 46 0 73 52 0 73 42 0 73 44 0 56242 948750 53088 7124 958750 6706
27229.519939 134001 300 300 300 300 73 46 0 73 52 0 73 42 0 73 44 0 56730 947500 53032 7398 958750 6706
27229.719938 134002 300 300 300 300 73 46 0 73 52 0 73 42 0 73 44 0 56730 948750 53088 7124 958750 6706
27229.919938 134003 300 300 300 300 73 46 0 73 52 0 73 42 0 73 44 0 56486 947500 53032 7124 958750 6706
27230.119934 134004 300 300 300 300 73 46 0 73 52 0 73 42 0 73 44 0 56486 948750 53088 7124 958750 6706
27230.319938 134005 300 300 300 300 73 46 0 73 52 0 73 42 0 73 44 0 56486 948750 53088 7124 958750 6706
27230.519936 134006 300 300 300 300 73 46 0 73 52 0 73 42 0 73 44 0 56486 948750 53088 7398 958750 6706
27230.719939 134007 300 300 300 300 73 46 0 73 52 0 73 42 0 73 44 0 56242 948750 53088 7124 958750 6706
27230.919938 134008 300 300 300 300 73 46 0 73 52 0 73 42 0 73 44 0 56486 948750 53088 7124 958750 6706
27231.119961 134009 300 300 300 300 73 46 0 73 52 0 73 42 0 73 44 0 56486 948750 53088 7124 958750 6706
27231.319938 134010 300 300 300 300 73 46 0 73 52 0 73 42 0 73 44 0 56486 947500 53032 7124 958750 6706
27231.519938 134011 300 300 300 300 73 46 0 73 52 0 73 42 0 73 44 0 56486 948750 53088 7398 958750 6706
27231.719938 134012 300 300 300 300 73 46 0 73 52 0 73 42 0 73 44 0 55998 948750 52140 7124 958750 6706
27231.919938 134013 300 300 300 300 73 46 0 73 52 0 73 42 0 73 44 0 55998 948750 52140 7124 958750 6706
27232.119959 134014 300 300 300 300 73 46 0 73 52 0 73 42 0 73 44 0 55998 947500 52085 7124 958750 6706
27232.319939 134015 300 300 300 300 73 46 0 73 52 0 73 42 0 73 44 0 56242 948750 53088 7398 958750 6706
27232.519939 134016 300 300 300 300 73 46 0 73 52 0 73 42 0 73 44 0 56486 947500 53032 7398 958750 6706
27232.719940 134017 300 300 300 300 73 46 0 73 52 0 73 42 0 73 44 0 56486 947500 53032 7398 958750 6706
27232.919929 134018 300 300 300 300 73 46 0 73 52 0 73 42 0 73 44 0 55998 948750 52140 7124 958750 6706
27233.119959 134019 300 300 300 300 73 46 0 73 52 0 73 42 0 73 44 0 56242 947500 53032 7124 958750 6706
27233.319939 134020 300 300 300 300 73 46 0 73 52 0 73 42 0 73 44 0 56242 948750 53088 7124 958750 6706
27233.519943 134021 300 300 300 300 73 46 0 73 52 0 73 42 0 73 44 0 56242 948750 53088 7124 958750 6706
27233.719939 134022 300 300 300 300 73 46 0 73 52 0 73 42 0 73 44 0 56486 948750 53088 7124 958750 6706
27233.919939 134023 300 300 300 300 73 46 0 73 52 0 73 42 0 73 44 0 56242 947500 53032 7124 958750 6706
27234.119959 134024 300 300 300 300 73 46 0 73 52 0 73 42 0 73 44 0 56242 948750 53088 7124 958750 6706
27234.319938 134025 300 300 300 300 73 46 0 73 52 0 73 42 0 73 44 0 56242 948750 53088 7124 958750 6706
27234.519938 134026 300 300 300 300 73 46 0 73 52 0 73 42 0 73 44 0 56486 947500 53032 7124 958750 6706
27234.719942 134027 300 300 300 300 73 46 0 73 52 0 73 42 0 73 44 0 56486 947500 53032 7124 958750 6706
27234.919938 134028 300 300 300 300 73 46 0 73 52 0 73 42 0 73 44 0 56730 947500 53032 7398 958750 6706
27235.119960 134029 300 300 300 300 73 46 0 73 52 0 73 42 0 73 44 0 56730 947500 53032 7398 958750 6706
27235.319929 134030 300 300 300 300 73 46 0 73 52 0 73 42 0 73 44 0 56242 948750 53088 7398 958750 6706
27235.519938 134031 300 300 300 300 73 46 0 73 52 0 73 42 0 73 44 0 56486 948750 53088 7124 958750 6706
27235.719939 134032 300 300 300 300 73 46 0 73 52 0 73 42 0 73 44 0 56730 947500 53032 7124 958750 6706
27235.919920 134033 300 300 300 300 73 46 0 73 52 0 73 42 0 73 44 0 56730 947500 53032 7124 958750 6706
27236.119959 134034 300 300 300 300 73 46 0 73 52 0 73 42 0 73 44 0 56486 947500 53032 7124 958750 6706
27236.319939 134035 300 300 300 300 73 46 0 73 52 0 73 42 0 73 44 0 56730 947500 53032 7398 958750 6706
27236.519941 134036 300 300 300 300 73 46 0 73 52 0 73 42 0 73 44 0 56730 948750 53088 7398 958750 6706
27236.719939 134037 300 300 300 300 73 46 0 73 52 0 73 42 0 73 44 0 56486 947500 53032 7398 958750 6706
27236.919938 134038 300 300 300 300 73 46 0 73 52 0 73 42 0 73 44 0 56486 947500 53032 7398 958750 6706
27237.119960 134039 300 300 300 300 73 46 0 73 52 0 73 42 0 73 44 0 56486 948750 53088 7398 958750 6706
27237.319940 134040 300 300 300 300 73 46 0 73 52 0 73 42 0 73 44 0 56486 947500 53032 7124 958750 6706
27237.519927 134041 300 300 300 300 73 46 0 73 52 0 73 42 0 73 44 0 56242 947500 53032 7124 958750 6706
27237.719939 134042 300 300 300 300 73 46 0 73 52 0 73 42 0 73 44 0 56242 947500 53032 7124 958750 6706
27237.919939 134043 300 300 300 300 73 46 0 73 52 0 73 42 0 73 44 0 55998 947500 52085 7124 958750 6706
27238.119958 134044 300 300 300 300 73 46 0 73 52 0 73 42 0 73 44 0 55998 948750 52140 7124 958750 6706
27238.319939 134045 300 300 300 300 73 46 0 73 52 0 73 42 0 73 44 0 56242 948750 53088 7398 958750 6706
27238.519939 134046 300 300 300 300 73 46 0 73 52 0 73 42 0 73 44 0 56242 948750 53088 7398 958750 6706
27238.719938 134047 300 300 300 300 73 46 0 73 52 0 73 42 0 73 44 0 55998 947500 52085 7398 958750 6706
27238.919939 134048 300 300 300 300 73 46 0 73 52 0 73 42 0 73 44 0 56486 948750 53088 7398 958750 6706
27239.119958 134049 300 300 300 300 73 46 0 73 52 0 73 42 0 73 44 0 55998 947500 52085 7124 958750 6706
27239.319938 134050 300 300 300 300 73 46 0 73 52 0 73 42 0 73 44 0 55998 947500 52085 7124 958750 6706
27239.519942 134051 300 300 300 300 73 46 0 73 52 0 73 42 0 73 44 0 55998 947500 52085 7124 958750 6706
27239.719944 134052 300 300 300 300 73 46 0 73 52 0 73 42 0 73 44 0 56242 947500 53032 7124 958750 6706
27239.919928 134053 300 300 300 300 73 46 0 73 52 0 73 42 0 73 44 0 56242 948750 53088 7124 958750 6706
27240.119959 134054 300 300 300 300 73 46 0 73 52 0 73 42 0 73 44 0 56242 948750 53088 7124 958750 6706
27240.319942 134055 300 300 300 300 73 46 0 73 52 0 73 42 0 73 44 0 56730 948750 53088 7124 958750 6706
27240.519941 134056 300 300 300 300 73 46 0 73 52 0 73 42 0 73 44 0 56486 948750 53088 7124 958750 6706
27240.719939 134057 300 300 300 300 73 46 0 73 52 0 73 42 0 73 44 0 56242 948750 53088 7124 958750 6706
27240.919938 134058 300 300 300 300 73 46 0 73 52 0 73 42 0 73 44 0 56242 948750 53088 7124 958750 6706
27241.119962 134059 300 300 300 300 73 46 0 73 52 0 73 42 0 73 44 0 55998 948750 52140 7124 958750 6706
27241.319939 134060 300 300 300 300 73 46 0 73 52 0 73 42 0 73 44 0 56242 947500 53032 7398 958750 6706
27241.519939 134061 300 300 300 300 73 46 0 73 52 0 73 42 0 73 44 0 56242 947500 53032 7124 958750 6706
27241.719939 134062 300 300 300 300 73 46 0 73 52 0 73 42 0 73 44 0 56242 947500 53032 7124 958750 6706
27241.919939 134063 300 300 300 300 73 46 0 73 52 0 73 42 0 73 44 0 56242 948750 53088 7124 958750 6706
27242.119959 134064 300 300 300 300 73 46 0 73 52 0 73 42 0 73 44 0 56242 948750 53088 7124 958750 6706
27242.319928 134065 300 300 300 300 73 46 0 73 52 0 73 42 0 73 44 0 56486 947500 53032 7124 958750 6706
27242.519866 134066 300 300 300 300 73 46 0 73 52 0 73 42 0 73 44 0 56486 948750 53088 7124 958750 6706
27242.719939 134067 300 300 300 300 73 46 0 73 52 0 73 42 0 73 44 0 56486 948750 53088 7124 958750 6706
27242.919939 134068 300 300 300 300 73 46 0 73 52 0 73 42 0 73 44 0 56242 947500 53032 7124 958750 6706
27243.119959 134069 300 300 300 300 73 46 0 73 52 0 73 42 0 73 44 0 56486 948750 53088 7124 958750 6706
27243.319928 134070 300 300 300 300 73 46 0 73 52 0 73 42 0 73 44 0 56486 947500 53032 7124 958750 6706
27243.519940 134071 300 300 300 300 73 46 0 73 52 0 73 42 0 73 44 0 56486 947500 53032 7124 958750 6706
27243.719939 134072 300 300 300 300 73 46 0 73 52 0 73 42 0 73 44 0 56486 947500 53032 7124 958750 6706
27243.919939 134073 300 300 300 300 73 46 0 73 52 0 73 42 0 73 44 0 56486 948750 53088 7398 958750 6706
27244.119960 134074 300 300 300 300 73 46 0 73 52 0 73 42 0 73 44 0 56242 948750 53088 7124 958750 6706
27244.319939 134075 300 300 300 300 73 46 0 73 52 0 73 42 0 73 44 0 56242 948750 53088 7124 958750 6706
27244.519939 134076 300 300 300 300 73 46 0 73 52 0 73 42 0 73 44 0 56242 947500 53032 7124 958750 6706
27244.719928 134077 300 300 300 300 73 46 0 73 52 0 73 42 0 73 44 0 56486 947500 53032 7398 958750 6706
27244.919938 134078 300 300 300 300 73 46 0 73 52 0 73 42 0 73 44 0 56242 948750 53088 7398 958750 6706
27245.119959 134079 300 300 300 300 73 46 0 73 52 0 73 42 0 73 44 0 56242 948750 53088 7398 958750 6706
27245.319939 134080 300 300 300 300 73 46 0 73 52 0 73 42 0 73 44 0 56730 947500 53032 7124 958750 6706
27245.519942 134081 300 300 300 300 73 46 0 73 52 0 73 42 0 73 44 0 56242 947500 53032 7124 958750 6706
27245.719941 134082 300 300 300 300 73 46 0 73 52 0 73 42 0 73 44 0 56486 947500 53032 7124 958750 6706
27245.919939 134083 300 300 300 300 73 46 0 73 52 0 73 42 0 73 44 0 56486 947500 53032 7124 958750 6706
27246.119959 134084 300 300 300 300 73 46 0 73 52 0 73 42 0 73 44 0 56486 947500 53032 7124 958750 6706
27246.319914 134085 300 300 300 300 73 46 0 73 52 0 73 42 0 73 44 0 56486 947500 53032 7398 958750 6706
27246.519914 134086 300 300 300 300 73 46 0 73 52 0 73 42 0 73 44 0 56486 947500 53032 7398 958750 6706
27246.719914 134087 300 300 300 300 73 46 0 73 52 0 73 42 0 73 44 0 56486 947500 53032 7398 958750 6706
27246.919914 134088 300 300 300 300 73 46 0 73 52 0 73 42 0 73 44 0 56486 947500 53032 7124 958750 6706
27247.119904 134089 300 300 300 300 73 46 0 73 52 0 73 42 0 73 44 0 56730 947500 53032 7124 958750 6706
27247.319914 134090 300 300 300 300 73 46 0 73 52 0 73 42 0 73 44 0 56486 947500 53032 7124 958750 6706
27247.519914 134091 300 300 300 300 73 46 0 73 52 0 73 42 0 73 44 0 56486 947500 53032 7124 958750 6706
27247.719914 134092 300 300 300 300 73 46 0 73 52 0 73 42 0 73 44 0 56730 947500 53032 7124 958750 6706
27247.919914 134093 300 300 300 300 73 46 0 73 52 0 73 42 0 73 44 0 56242 947500 53032 7124 958750 6706
27248.119934 134094 300 300 300 300 73 46 0 73 52 0 73 42 0 73 44 0 56486 948750 53088 7124 958750 6706
27248.319915 134095 300 300 300 300 73 46 0 73 52 0 73 42 0 73 44 0 56486 948750 53088 7124 958750 6706
27248.519866 134096 300 300 300 300 73 46 0 73 52 0 73 42 0 73 44 0 56730 947500 53032 7124 958750 6706
27248.719863 134097 300 300 300 300 73 46 0 73 52 0 73 42 0 73 44 0 56242 947500 53032 7398 958750 6706
27248.919863 134098 300 300 300 300 73 46 0 73 52 0 73 42 0 73 44 0 56242 947500 53032 7124 958750 6706
27249.119902 134099 300 300 300 300 73 46 0 73 52 0 73 42 0 73 44 0 56242 947500 53032 7124 958750 6706
27249.319922 134100 300 300 300 300 73 46 0 73 52 0 73 42 0 73 44 0 56242 947500 53032 7124 958750 6706
27249.519911 134101 300 300 300 300 73 46 0 73 52 0 73 42 0 73 44 0 56730 948750 53088 7398 958750 6706
27249.719920 134102 300 300 300 300 73 46 0 73 52 0 73 42 0 73 44 0 56242 948750 53088 7124 958750 6706
27249.919921 134103 300 300 300 300 73 46 0 73 52 0 73 42 0 73 44 0 56486 948750 53088 7398 958750 6706
27250.119944 134104 300 300 300 300 73 46 0 73 52 0 73 42 0 73 44 0 56486 948750 53088 7398 958750 6706
27250.319922 134105 300 300 300 300 73 46 0 73 52 0 73 42 0 73 44 0 56242 947500 53032 7124 958750 6706
27250.519922 134106 300 300 300 300 73 46 0 73 52 0 73 42 0 73 44 0 56486 947500 53032 7124 958750 6706
27250.719921 134107 300 300 300 300 73 46 0 73 52 0 73 42 0 73 44 0 56242 948750 53088 7124 958750 6706
27250.919921 134108 300 300 300 300 73 46 0 73 52 0 73 42 0 73 44 0 56242 948750 53088 7124 958750 6706
27251.119943 134109 300 300 300 300 73 46 0 73 52 0 73 42 0 73 44 0 56242 947500 53032 7124 958750 6706
27251.319922 134110 300 300 300 300 73 46 0 73 52 0 73 42 0 73 44 0 56242 947500 53032 7124 958750 6706
27251.519925 134111 300 300 300 300 73 46 0 73 52 0 73 42 0 73 44 0 56242 947500 53032 7124 958750 6706
27251.719922 134112 300 300 300 300 73 46 0 73 52 0 73 42 0 73 44 0 56242 947500 53032 7124 958750 6706
27251.919911 134113 300 300 300 300 73 46 0 73 52 0 73 42 0 73 44 0 55998 947500 52085 7124 958750 6706
27252.119942 134114 300 300 300 300 73 46 0 73 52 0 73 42 0 73 44 0 56242 947500 53032 7398 958750 6706
27252.319941 134115 300 300 300 300 73 46 0 73 52 0 73 42 0 73 44 0 56242 947500 53032 7398 958750 6706
27252.519938 134116 300 300 300 300 73 46 0 73 52 0 73 42 0 73 44 0 56242 947500 53032 7398 958750 6706
27252.719939 134117 300 300 300 300 73 46 0 73 52 0 73 42 0 73 44 0 56730 948750 53088 7124 958750 6706
27252.919940 134118 300 300 300 300 73 46 0 73 52 0 73 42 0 73 44 0 56486 948750 53088 7124 958750 6706
27253.119959 134119 300 300 300 300 73 46 0 73 52 0 73 42 0 73 44 0 56242 948750 53088 7124 958750 6706
27253.319939 134120 300 300 300 300 73 46 0 73 52 0 73 42 0 73 44 0 56242 948750 53088 7124 958750 6706
27253.519939 134121 300 300 300 300 73 46 0 73 52 0 73 42 0 73 44 0 56242 948750 53088 7124 958750 6706
27253.719940 134122 300 300 300 300 73 46 0 73 52 0 73 42 0 73 44 0 56242 948750 53088 7124 958750 6706
27253.919939 134123 300 300 300 300 73 46 0 73 52 0 73 42 0 73 44 0 56242 948750 53088 7124 958750 6706
27254.119960 134124 300 300 300 300 73 46 0 73 52 0 73 42 0 73 44 0 56242 948750 53088 7124 958750 6706
27254.319930 134125 300 300 300 300 73 46 0 73 52 0 73 42 0 73 44 0 56486 948750 53088 7124 958750 6706
27254.519943 134126 300 300 300 300 73 46 0 73 52 0 73 42 0 73 44 0 56242 948750 53088 7124 958750 6706
27254.719938 134127 300 300 300 300 73 46 0 73 52 0 73 42 0 73 44 0 56730 948750 53088 7124 958750 6706
27254.919923 134128 300 300 300 300 73 46 0 73 52 0 73 42 0 73 44 0 56730 948750 53088 7124 958750 6706
27255.119960 134129 300 300 300 300 73 46 0 73 52 0 73 42 0 73 44 0 56486 948750 53088 7124 958750 6706
27255.319930 134130 300 300 300 300 73 46 0 73 52 0 73 42 0 73 44 0 56242 948750 53088 7398 958750 6706
27255.519972 134131 300 300 300 300 73 46 0 73 52 0 73 42 0 73 44 0 55754 948750 52140 7124 958750 6706
27255.719945 134132 300 300 300 300 73 46 0 73 52 0 73 42 0 73 44 0 48007 948750 45504 7124 958750 6706
27255.919939 134133 300 300 300 300 73 46 0 73 52 0 73 42 0 73 44 0 48007 948750 45504 7124 958750 6706
27256.119963 134134 300 300 300 300 73 46 0 73 52 0 73 42 0 73 44 0 9760 950000 8550 7124 958750 6706
27256.319940 134135 300 300 300 300 73 46 0 73 52 0 73 42 0 73 44 0 9760 950000 8550 7398 958750 6706
27256.519937 134136 300 300 300 300 73 46 0 73 52 0 73 42 0 73 44 0 9760 950000 8550 7124 958750 6706
27256.719939 134137 300 300 300 300 73 46 0 73 52 0 73 42 0 73 44 0 9760 950000 8550 7124 958750 6706
27256.919939 134138 300 300 300 300 73 46 0 73 52 0 73 42 0 73 44 0 9516 950000 8550 7124 958750 6706
27257.119961 134139 300 300 300 300 73 46 0 73 52 0 73 42 0 73 44 0 9272 950000 8550 7124 958750 6706
27257.319938 134140 300 300 300 300 73 46 0 73 52 0 73 42 0 73 44 0 10004 950000 9500 7398 958750 6706
