25004.239919 122875 400 400 400 400 73 46 0 73 52 0 73 42 0 73 44 0 12017 975000 11700 7398 958750 6706
25004.439924 122876 400 400 400 400 73 46 0 73 52 0 73 42 0 73 44 0 12017 975000 11700 7398 958750 6706
25004.639923 122877 400 400 400 400 73 46 0 73 52 0 73 42 0 73 44 0 11773 975000 10725 7124 958750 6706
25004.839948 122878 400 400 400 400 73 46 0 73 52 0 73 42 0 73 44 0 11773 975000 10725 7124 958750 6706
25005.039956 122879 400 400 400 400 73 46 0 73 52 0 73 42 0 73 44 0 12017 975000 11700 7398 958750 6706
25005.239925 122880 400 400 400 400 73 46 0 73 52 0 73 42 0 73 44 0 35014 975000 34125 7398 958750 6706
25005.439924 122881 400 400 400 400 73 46 0 73 52 0 73 42 0 73 44 0 12261 975000 11700 7398 958750 6706
25005.639955 122882 400 400 400 400 73 46 0 73 52 0 73 42 0 73 44 0 12261 975000 11700 7398 958750 6706
25005.839940 122883 400 400 400 400 73 46 0 73 52 0 73 42 0 73 44 0 12017 975000 11700 7398 958750 6706
25006.039900 122884 400 400 400 400 73 46 0 73 52 0 73 42 0 73 44 0 68015 973750 66164 7398 958750 6706
25006.239961 122885 400 400 400 400 73 46 0 73 52 0 73 42 0 73 44 0 87230 972500 84564 7398 958750 6706
25006.439971 122886 400 400 400 400 73 46 0 73 52 0 73 42 0 73 44 0 87230 972500 84564 7398 958750 6706
25006.639964 122887 400 400 400 400 73 46 0 73 52 0 73 42 0 73 44 0 83021 972500 80676 7398 958750 6706
25006.839957 122888 400 400 400 400 73 46 0 73 52 0 73 42 0 73 44 0 83997 972500 80676 7124 958750 6706
25007.039945 122889 400 400 400 400 73 46 0 73 52 0 73 42 0 73 44 0 81984 972500 78732 7398 958750 6706
25007.239934 122890 400 400 400 400 73 46 0 73 52 0 73 42 0 73 44 0 81984 972500 78732 7398 958750 6706
25007.439947 122891 400 400 400 400 73 46 0 73 52 0 73 42 0 73 44 0 79239 972500 76788 7398 958750 6706
25007.639919 122892 400 400 400 400 73 46 0 73 52 0 73 42 0 73 44 0 78995 972500 75816 7398 958750 6706
25007.839924 122893 400 400 400 400 73 46 0 73 52 0 73 42 0 73 44 0 75762 972500 72900 7398 958750 6706
25008.039945 122894 400 400 400 400 74 46 0 74 52 0 74 42 0 74 44 0 75762 972500 72900 7398 958750 6706
25008.239924 122895 400 400 400 400 74 46 0 74 52 0 74 42 0 74 44 0 74969 972500 71928 7398 958750 6706
25008.439924 122896 400 400 400 400 74 46 0 74 52 0 74 42 0 74 44 0 75518 972500 72900 7398 958750 6706
25008.639927 122897 400 400 400 400 74 46 0 74 52 0 74 42 0 74 44 0 75274 972500 72900 7398 958750 6706
25008.839924 122898 400 400 400 400 74 46 0 74 52 0 74 42 0 74 44 0 75274 972500 72900 7398 958750 6706
25009.039940 122899 400 400 400 400 73 46 0 73 52 0 73 42 0 73 44 0 75274 972500 72900 7398 958750 6706
25009.239924 122900 400 400 400 400 73 46 0 73 52 0 73 42 0 73 44 0 75518 972500 72900 7398 958750 6706
25009.439923 122901 400 400 400 400 73 46 0 73 52 0 73 42 0 73 44 0 75274 972500 72900 7398 958750 6706
25009.639907 122902 400 400 400 400 73 46 0 73 52 0 73 42 0 73 44 0 75274 972500 72900 7398 958750 6706
25009.839924 122903 400 400 400 400 73 46 0 73 52 0 73 42 0 73 44 0 75518 972500 72900 7398 958750 6706
25010.039932 122904 400 400 400 400 73 46 0 73 52 0 73 42 0 73 44 0 74969 972500 71928 7398 958750 6706
25010.239929 122905 400 400 400 400 73 46 0 73 52 0 73 42 0 73 44 0 75274 972500 72900 7398 958750 6706
25010.439923 122906 400 400 400 400 73 46 0 73 52 0 73 42 0 73 44 0 75518 972500 72900 7398 958750 6706
25010.639925 122907 400 400 400 400 73 46 0 73 52 0 73 42 0 73 44 0 75518 972500 72900 7398 958750 6706
25010.839926 122908 400 400 400 400 73 46 0 73 52 0 73 42 0 73 44 0 75518 972500 72900 7124 958750 6706
25011.039940 122909 400 400 400 400 73 46 0 73 52 0 73 42 0 73 44 0 75762 972500 72900 7398 958750 6706
25011.239923 122910 400 400 400 400 73 46 0 73 52 0 73 42 0 73 44 0 75518 972500 72900 7398 958750 6706
25011.439924 122911 400 400 400 400 73 46 0 73 52 0 73 42 0 73 44 0 75518 972500 72900 7398 958750 6706
25011.639924 122912 400 400 400 400 73 46 0 73 52 0 73 42 0 73 44 0 75518 972500 72900 7398 958750 6706
25011.839924 122913 400 400 400 400 73 46 0 73 52 0 73 42 0 73 44 0 75274 972500 72900 7398 958750 6706
25012.039940 122914 400 400 400 400 74 46 0 74 52 0 74 42 0 74 44 0 75274 972500 72900 7398 958750 6706
25012.239924 122915 400 400 400 400 74 46 0 74 52 0 74 42 0 74 44 0 75274 972500 72900 7398 958750 6706
25012.439916 122916 400 400 400 400 74 46 0 74 52 0 74 42 0 74 44 0 75518 972500 72900 7398 958750 6706
25012.639924 122917 400 400 400 400 74 46 0 74 52 0 74 42 0 74 44 0 74969 972500 71928 7398 958750 6706
25012.839923 122918 400 400 400 400 74 46 0 74 52 0 74 42 0 74 44 0 75274 972500 72900 7398 958750 6706
25013.039952 122919 400 400 400 400 73 46 0 73 52 0 73 42 0 73 44 0 75274 972500 72900 7398 958750 6706
25013.239904 122920 400 400 400 400 73 46 0 73 52 0 73 42 0 73 44 0 75762 972500 72900 7124 958750 6706
25013.439899 122921 400 400 400 400 73 46 0 73 52 0 73 42 0 73 44 0 76006 972500 73872 7398 958750 6706
25013.639899 122922 400 400 400 400 73 46 0 73 52 0 73 42 0 73 44 0 74725 972500 71928 7398 958750 6706
25013.839898 122923 400 400 400 400 73 46 0 73 52 0 73 42 0 73 44 0 74725 972500 71928 7398 958750 6706
25014.039899 122924 400 400 400 400 73 46 0 73 52 0 73 42 0 73 44 0 74969 972500 71928 7398 958750 6706
25014.239899 122925 400 400 400 400 73 46 0 73 52 0 73 42 0 73 44 0 75274 972500 72900 7398 958750 6706
25014.439899 122926 400 400 400 400 73 46 0 73 52 0 73 42 0 73 44 0 75274 972500 72900 7398 958750 6706
25014.639898 122927 400 400 400 400 73 46 0 73 52 0 73 42 0 73 44 0 75274 972500 72900 7398 958750 6706
25014.839899 122928 400 400 400 400 73 46 0 73 52 0 73 42 0 73 44 0 75518 973750 72975 7398 958750 6706
25015.039899 122929 400 400 400 400 73 46 0 73 52 0 73 42 0 73 44 0 75518 972500 72900 7398 958750 6706
25015.239899 122930 400 400 400 400 73 46 0 73 52 0 73 42 0 73 44 0 75274 972500 72900 7124 958750 6706
25015.439898 122931 400 400 400 400 73 46 0 73 52 0 73 42 0 73 44 0 75274 972500 72900 7124 958750 6706
25015.639899 122932 400 400 400 400 73 46 0 73 52 0 73 42 0 73 44 0 74969 973750 72002 7398 958750 6706
25015.839899 122933 400 400 400 400 73 46 0 73 52 0 73 42 0 73 44 0 75762 972500 72900 7398 958750 6706
25016.039901 122934 400 400 400 400 73 46 0 73 52 0 73 42 0 73 44 0 75518 972500 72900 7398 958750 6706
25016.239901 122935 400 400 400 400 73 46 0 73 52 0 73 42 0 73 44 0 76006 973750 73948 7398 958750 6706
25016.439898 122936 400 400 400 400 73 46 0 73 52 0 73 42 0 73 44 0 76006 973750 73948 7398 958750 6706
25016.639899 122937 400 400 400 400 73 46 0 73 52 0 73 42 0 73 44 0 75762 972500 72900 7398 958750 6706
25016.839899 122938 400 400 400 400 73 46 0 73 52 0 73 42 0 73 44 0 75762 973750 72975 7398 958750 6706
25017.039970 122939 400 400 400 400 73 46 0 73 52 0 73 42 0 73 44 0 75274 972500 72900 7398 958750 6706
25017.239919 122940 400 400 400 400 73 46 0 73 52 0 73 42 0 73 44 0 75274 972500 72900 7398 958750 6706
25017.439923 122941 400 400 400 400 73 46 0 73 52 0 73 42 0 73 44 0 75518 972500 72900 7124 958750 6706
25017.639923 122942 400 400 400 400 73 46 0 73 52 0 73 42 0 73 44 0 75274 972500 72900 7398 958750 6706
25017.839923 122943 400 400 400 400 73 46 0 73 52 0 73 42 0 73 44 0 75274 973750 72975 7398 958750 6706
25018.039939 122944 400 400 400 400 73 46 0 73 52 0 73 42 0 73 44 0 75274 973750 72975 7398 958750 6706
25018.239923 122945 400 400 400 400 73 46 0 73 52 0 73 42 0 73 44 0 75518 972500 72900 7398 958750 6706
25018.439923 122946 400 400 400 400 73 46 0 73 52 0 73 42 0 73 44 0 75518 973750 72975 7398 958750 6706
25018.639925 122947 400 400 400 400 73 46 0 73 52 0 73 42 0 73 44 0 75518 973750 72975 7398 958750 6706
25018.839923 122948 400 400 400 400 73 46 0 73 52 0 73 42 0 73 44 0 75518 973750 72975 7398 958750 6706
25019.039939 122949 400 400 400 400 73 46 0 73 52 0 73 42 0 73 44 0 75762 972500 72900 7398 958750 6706
25019.239926 122950 400 400 400 400 73 46 0 73 52 0 73 42 0 73 44 0 75518 973750 72975 7398 958750 6706
25019.439916 122951 400 400 400 400 73 46 0 73 52 0 73 42 0 73 44 0 75274 973750 72975 7398 958750 6706
25019.639924 122952 400 400 400 400 73 46 0 73 52 0 73 42 0 73 44 0 75274 973750 72975 7398 958750 6706
25019.839923 122953 400 400 400 400 73 46 0 73 52 0 73 42 0 73 44 0 75274 973750 72975 7398 958750 6706
25020.039940 122954 400 400 400 400 73 46 0 73 52 0 73 42 0 73 44 0 75762 972500 72900 7398 958750 6706
25020.239923 122955 400 400 400 400 73 46 0 73 52 0 73 42 0 73 44 0 75518 972500 72900 7398 958750 6706
25020.439925 122956 400 400 400 400 73 46 0 73 52 0 73 42 0 73 44 0 75518 972500 72900 7398 958750 6706
25020.639919 122957 400 400 400 400 73 46 0 73 52 0 73 42 0 73 44 0 75762 973750 72975 7398 958750 6706
25020.839924 122958 400 400 400 400 73 46 0 73 52 0 73 42 0 73 44 0 77226 973750 74921 7398 958750 6706
25021.039941 122959 400 400 400 400 73 46 0 73 52 0 73 42 0 73 44 0 75274 973750 72975 7398 958750 6706
25021.239923 122960 400 400 400 400 73 46 0 73 52 0 73 42 0 73 44 0 75274 973750 72975 7398 958750 6706
25021.439924 122961 400 400 400 400 73 46 0 73 52 0 73 42 0 73 44 0 75274 973750 72975 7398 958750 6706
25021.639925 122962 400 400 400 400 73 46 0 73 52 0 73 42 0 73 44 0 75762 972500 72900 7398 958750 6706
25021.839923 122963 400 400 400 400 73 46 0 73 52 0 73 42 0 73 44 0 75762 973750 72975 7398 958750 6706
25022.039921 122964 400 400 400 400 73 46 0 73 52 0 73 42 0 73 44 0 75762 973750 72975 7398 958750 6706
25022.239907 122965 400 400 400 400 73 46 0 73 52 0 73 42 0 73 44 0 75518 972500 72900 7124 958750 6706
25022.439927 122966 400 400 400 400 73 46 0 73 52 0 73 42 0 73 44 0 75762 973750 72975 7398 958750 6706
25022.639924 122967 400 400 400 400 73 46 0 73 52 0 73 42 0 73 44 0 75274 972500 72900 7398 958750 6706
25022.839893 122968 400 400 400 400 73 46 0 73 52 0 73 42 0 73 44 0 74969 972500 71928 7124 958750 6706
25023.039940 122969 400 400 400 400 73 46 0 73 52 0 73 42 0 73 44 0 74969 972500 71928 7124 958750 6706
25023.239923 122970 400 400 400 400 73 46 0 73 52 0 73 42 0 73 44 0 75274 972500 72900 7124 958750 6706
25023.439922 122971 400 400 400 400 73 46 0 73 52 0 73 42 0 73 44 0 75274 973750 72975 7398 958750 6706
25023.639923 122972 400 400 400 400 73 46 0 73 52 0 73 42 0 73 44 0 74725 972500 71928 7398 958750 6706
25023.839925 122973 400 400 400 400 73 46 0 73 52 0 73 42 0 73 44 0 74725 972500 71928 7398 958750 6706
25024.039939 122974 400 400 400 400 73 46 0 73 52 0 73 42 0 73 44 0 74725 972500 71928 7398 958750 6706
25024.239924 122975 400 400 400 400 73 46 0 73 52 0 73 42 0 73 44 0 75274 972500 72900 7398 958750 6706
25024.439923 122976 400 400 400 400 73 46 0 73 52 0 73 42 0 73 44 0 74725 972500 71928 7398 958750 6706
25024.639924 122977 400 400 400 400 73 46 0 73 52 0 73 42 0 73 44 0 74725 972500 71928 7398 958750 6706
25024.839923 122978 400 400 400 400 73 46 0 73 52 0 73 42 0 73 44 0 74969 972500 71928 7124 958750 6706
25025.039939 122979 400 400 400 400 73 46 0 73 52 0 73 42 0 73 44 0 75274 972500 72900 7398 958750 6706
25025.239894 122980 400 400 400 400 73 46 0 73 52 0 73 42 0 73 44 0 75274 973750 72975 7398 958750 6706
25025.439924 122981 400 400 400 400 73 46 0 73 52 0 73 42 0 73 44 0 75274 973750 72975 7398 958750 6706
25025.639926 122982 400 400 400 400 73 46 0 73 52 0 73 42 0 73 44 0 75762 972500 72900 7398 958750 6706
25025.839925 122983 400 400 400 400 73 46 0 73 52 0 73 42 0 73 44 0 74969 972500 71928 7398 958750 6706
25026.039940 122984 400 400 400 400 73 46 0 73 52 0 73 42 0 73 44 0 74969 972500 71928 7398 958750 6706
25026.239926 122985 400 400 400 400 73 46 0 73 52 0 73 42 0 73 44 0 74969 972500 71928 7398 958750 6706
25026.439924 122986 400 400 400 400 73 46 0 73 52 0 73 42 0 73 44 0 75518 972500 72900 7398 958750 6706
25026.639925 122987 400 400 400 400 73 46 0 73 52 0 73 42 0 73 44 0 75274 972500 72900 7398 958750 6706
25026.839924 122988 400 400 400 400 73 46 0 73 52 0 73 42 0 73 44 0 75518 972500 72900 7398 958750 6706
25027.039940 122989 400 400 400 400 73 46 0 73 52 0 73 42 0 73 44 0 75518 972500 72900 7398 958750 6706
25027.239924 122990 400 400 400 400 73 46 0 73 52 0 73 42 0 73 44 0 75518 972500 72900 7398 958750 6706
25027.439928 122991 400 400 400 400 73 46 0 73 52 0 73 42 0 73 44 0 75518 972500 72900 7398 958750 6706
25027.639916 122992 400 400 400 400 73 46 0 73 52 0 73 42 0 73 44 0 75762 972500 72900 7398 958750 6706
25027.839924 122993 400 400 400 400 73 46 0 73 52 0 73 42 0 73 44 0 75762 972500 72900 7398 958750 6706
25028.039940 122994 400 400 400 400 73 46 0 73 52 0 73 42 0 73 44 0 75762 972500 72900 7398 958750 6706
25028.239903 122995 400 400 400 400 73 46 0 73 52 0 73 42 0 73 44 0 75518 973750 72975 7398 958750 6706
25028.439926 122996 400 400 400 400 73 46 0 73 52 0 73 42 0 73 44 0 75518 972500 72900 7398 958750 6706
25028.640515 122997 400 400 400 400 73 46 0 73 52 0 73 42 0 73 44 0 75762 973750 72975 7398 958750 6706
25028.839924 122998 400 400 400 400 73 46 0 73 52 0 73 42 0 73 44 0 75762 973750 72975 7398 958750 6706
25029.039940 122999 400 400 400 400 73 46 0 73 52 0 73 42 0 73 44 0 75762 972500 72900 7398 958750 6706
25029.239924 123000 400 400 400 400 73 46 0 73 52 0 73 42 0 73 44 0 75762 972500 72900 7398 958750 6706
25029.439923 123001 400 400 400 400 73 46 0 73 52 0 73 42 0 73 44 0 75518 972500 72900 7398 958750 6706
25029.639924 123002 400 400 400 400 73 46 0 73 52 0 73 42 0 73 44 0 75518 972500 72900 7398 958750 6706
25029.839923 123003 400 400 400 400 73 46 0 73 52 0 73 42 0 73 44 0 75274 972500 72900 7398 958750 6706
25030.039931 123004 400 400 400 400 73 46 0 73 52 0 73 42 0 73 44 0 75518 972500 72900 7398 958750 6706
25030.239923 123005 400 400 400 400 73 46 0 73 52 0 73 42 0 73 44 0 75762 972500 72900 7398 958750 6706
25030.439925 123006 400 400 400 400 73 46 0 73 52 0 73 42 0 73 44 0 75762 972500 72900 7398 958750 6706
25030.639925 123007 400 400 400 400 73 46 0 73 52 0 73 42 0 73 44 0 75518 972500 72900 7398 958750 6706
25030.839924 123008 400 400 400 400 73 46 0 73 52 0 73 42 0 73 44 0 75518 973750 72975 7398 958750 6706
25031.039978 123009 400 400 400 400 73 46 0 73 52 0 73 42 0 73 44 0 75274 972500 72900 7124 958750 6706
25031.239902 123010 400 400 400 400 73 46 0 73 52 0 73 42 0 73 44 0 75274 972500 72900 7124 958750 6706
25031.439899 123011 400 400 400 400 73 46 0 73 52 0 73 42 0 73 44 0 76006 972500 73872 7398 958750 6706
25031.639968 123012 400 400 400 400 73 46 0 73 52 0 73 42 0 73 44 0 75518 972500 72900 7398 958750 6706
25031.839930 123013 400 400 400 400 73 46 0 73 52 0 73 42 0 73 44 0 75518 972500 72900 7398 958750 6706
25032.039940 123014 400 400 400 400 73 46 0 73 52 0 73 42 0 73 44 0 75518 972500 72900 7398 958750 6706
25032.239925 123015 400 400 400 400 73 46 0 73 52 0 73 42 0 73 44 0 75274 972500 72900 7398 958750 6706
25032.439926 123016 400 400 400 400 73 46 0 73 52 0 73 42 0 73 44 0 75762 972500 72900 7398 958750 6706
25032.639924 123017 400 400 400 400 73 46 0 73 52 0 73 42 0 73 44 0 75518 972500 72900 7398 958750 6706
25032.839923 123018 400 400 400 400 73 46 0 73 52 0 73 42 0 73 44 0 75518 972500 72900 7398 958750 6706
25033.039940 123019 400 400 400 400 73 46 0 73 52 0 73 42 0 73 44 0 75518 972500 72900 7124 958750 6706
25033.239923 123020 400 400 400 400 73 46 0 73 52 0 73 42 0 73 44 0 75274 972500 72900 7398 958750 6706
25033.439915 123021 400 400 400 400 73 46 0 73 52 0 73 42 0 73 44 0 75518 972500 72900 7398 958750 6706
25033.639924 123022 400 400 400 400 73 46 0 73 52 0 73 42 0 73 44 0 75518 972500 72900 7398 958750 6706
25033.839923 123023 400 400 400 400 73 46 0 73 52 0 73 42 0 73 44 0 75518 972500 72900 7398 958750 6706
25034.039939 123024 400 400 400 400 73 46 0 73 52 0 73 42 0 73 44 0 75518 972500 72900 7398 958750 6706
25034.239903 123025 400 400 400 400 73 46 0 73 52 0 73 42 0 73 44 0 75762 972500 72900 7398 958750 6706
25034.439927 123026 400 400 400 400 73 46 0 73 52 0 73 42 0 73 44 0 75762 972500 72900 7398 958750 6706
25034.639925 123027 400 400 400 400 73 46 0 73 52 0 73 42 0 73 44 0 75518 972500 72900 7124 958750 6706
25034.839924 123028 400 400 400 400 73 46 0 73 52 0 73 42 0 73 44 0 75762 972500 72900 7398 958750 6706
25035.039940 123029 400 400 400 400 73 46 0 73 52 0 73 42 0 73 44 0 75518 972500 72900 7398 958750 6706
25035.239900 123030 400 400 400 400 73 46 0 73 52 0 73 42 0 73 44 0 75518 972500 72900 7398 958750 6706
25035.439924 123031 400 400 400 400 73 46 0 73 52 0 73 42 0 73 44 0 75518 972500 72900 7398 958750 6706
25035.639925 123032 400 400 400 400 73 46 0 73 52 0 73 42 0 73 44 0 75274 972500 72900 7398 958750 6706
25035.839916 123033 400 400 400 400 73 46 0 73 52 0 73 42 0 73 44 0 76982 972500 73872 7398 958750 6706
25036.039969 123034 400 400 400 400 73 46 0 73 52 0 73 42 0 73 44 0 75762 973750 72975 7398 958750 6706
25036.239926 123035 400 400 400 400 73 46 0 73 52 0 73 42 0 73 44 0 75762 973750 72975 7398 958750 6706
25036.439923 123036 400 400 400 400 73 46 0 73 52 0 73 42 0 73 44 0 75762 972500 72900 7398 958750 6706
25036.639925 123037 400 400 400 400 73 46 0 73 52 0 73 42 0 73 44 0 75518 972500 72900 7124 958750 6706
25036.839924 123038 400 400 400 400 73 46 0 73 52 0 73 42 0 73 44 0 74969 972500 71928 7398 958750 6706
25037.039940 123039 400 400 400 400 73 46 0 73 52 0 73 42 0 73 44 0 74969 972500 71928 7398 958750 6706
25037.239903 123040 400 400 400 400 73 46 0 73 52 0 73 42 0 73 44 0 74969 973750 72002 7398 958750 6706
25037.439926 123041 400 400 400 400 73 46 0 73 52 0 73 42 0 73 44 0 75274 972500 72900 7398 958750 6706
25037.639924 123042 400 400 400 400 73 46 0 73 52 0 73 42 0 73 44 0 75274 973750 72975 7398 958750 6706
25037.839924 123043 400 400 400 400 73 46 0 73 52 0 73 42 0 73 44 0 75274 973750 72975 7398 958750 6706
25038.039940 123044 400 400 400 400 73 46 0 73 52 0 73 42 0 73 44 0 74969 972500 71928 7398 958750 6706
25038.239916 123045 400 400 400 400 73 46 0 73 52 0 73 42 0 73 44 0 75518 972500 72900 7398 958750 6706
25038.439923 123046 400 400 400 400 73 46 0 73 52 0 73 42 0 73 44 0 75518 972500 72900 7398 958750 6706
25038.639925 123047 400 400 400 400 73 46 0 73 52 0 73 42 0 73 44 0 75518 972500 72900 7398 958750 6706
25038.839923 123048 400 400 400 400 73 46 0 73 52 0 73 42 0 73 44 0 75518 973750 72975 7398 958750 6706
25039.039939 123049 400 400 400 400 73 46 0 73 52 0 73 42 0 73 44 0 75762 972500 72900 7398 958750 6706
25039.239923 123050 400 400 400 400 73 46 0 73 52 0 73 42 0 73 44 0 75518 972500 72900 7398 958750 6706
25039.439923 123051 400 400 400 400 73 46 0 73 52 0 73 42 0 73 44 0 75518 972500 72900 7398 958750 6706
25039.639924 123052 400 400 400 400 73 46 0 73 52 0 73 42 0 73 44 0 75518 972500 72900 7398 958750 6706
25039.839924 123053 400 400 400 400 73 46 0 73 52 0 73 42 0 73 44 0 75762 972500 72900 7398 958750 6706
25040.039938 123054 400 400 400 400 73 46 0 73 52 0 73 42 0 73 44 0 75518 972500 72900 7398 958750 6706
25040.239906 123055 400 400 400 400 73 46 0 73 52 0 73 42 0 73 44 0 75518 972500 72900 7398 958750 6706
25040.439925 123056 400 400 400 400 73 46 0 73 52 0 73 42 0 73 44 0 75274 972500 72900 7398 958750 6706
25040.639917 123057 400 400 400 400 73 46 0 73 52 0 73 42 0 73 44 0 75762 972500 72900 7398 958750 6706
25040.839924 123058 400 400 400 400 73 46 0 73 52 0 73 42 0 73 44 0 75518 972500 72900 7398 958750 6706
25041.039924 123059 400 400 400 400 73 46 0 73 52 0 73 42 0 73 44 0 75518 972500 72900 7398 958750 6706
25041.239924 123060 400 400 400 400 73 46 0 73 52 0 73 42 0 73 44 0 75518 972500 72900 7398 958750 6706
25041.439923 123061 400 400 400 400 73 46 0 73 52 0 73 42 0 73 44 0 75518 972500 72900 7398 958750 6706
25041.639924 123062 400 400 400 400 73 46 0 73 52 0 73 42 0 73 44 0 75518 973750 72975 7398 958750 6706
25041.839924 123063 400 400 400 400 73 46 0 73 52 0 73 42 0 73 44 0 75274 972500 72900 7398 958750 6706
25042.039939 123064 400 400 400 400 73 46 0 73 52 0 73 42 0 73 44 0 75274 972500 72900 7398 958750 6706
25042.239923 123065 400 400 400 400 73 46 0 73 52 0 73 42 0 73 44 0 75274 972500 72900 7398 958750 6706
25042.439924 123066 400 400 400 400 73 46 0 73 52 0 73 42 0 73 44 0 75274 972500 72900 7398 958750 6706
25042.639924 123067 400 400 400 400 73 46 0 73 52 0 73 42 0 73 44 0 75518 972500 72900 7398 958750 6706
25042.839923 123068 400 400 400 400 73 46 0 73 52 0 73 42 0 73 44 0 75518 972500 72900 7398 958750 6706
25043.039934 123069 400 400 400 400 73 46 0 73 52 0 73 42 0 73 44 0 75518 972500 72900 7398 958750 6706
25043.239904 123070 400 400 400 400 73 46 0 73 52 0 73 42 0 73 44 0 75518 972500 72900 7398 958750 6706
25043.439926 123071 400 400 400 400 73 46 0 73 52 0 73 42 0 73 44 0 75518 972500 72900 7398 958750 6706
25043.639925 123072 400 400 400 400 73 46 0 73 52 0 73 42 0 73 44 0 75518 972500 72900 7398 958750 6706
25043.839924 123073 400 400 400 400 73 46 0 73 52 0 73 42 0 73 44 0 75518 972500 72900 7398 958750 6706
25044.039939 123074 400 400 400 400 73 46 0 73 52 0 73 42 0 73 44 0 75274 972500 72900 7398 958750 6706
25044.239923 123075 400 400 400 400 73 46 0 73 52 0 73 42 0 73 44 0 75274 972500 72900 7398 958750 6706
25044.439923 123076 400 400 400 400 73 46 0 73 52 0 73 42 0 73 44 0 75274 972500 72900 7398 958750 6706
25044.639925 123077 400 400 400 400 73 46 0 73 52 0 73 42 0 73 44 0 75518 972500 72900 7124 958750 6706
25044.839924 123078 400 400 400 400 73 46 0 73 52 0 73 42 0 73 44 0 75518 973750 72975 7398 958750 6706
25045.039939 123079 400 400 400 400 73 46 0 73 52 0 73 42 0 73 44 0 75518 972500 72900 7398 958750 6706
25045.239925 123080 400 400 400 400 73 46 0 73 52 0 73 42 0 73 44 0 75518 972500 72900 7398 958750 6706
25045.439923 123081 400 400 400 400 73 46 0 73 52 0 73 42 0 73 44 0 75762 973750 72975 7398 958750 6706
25045.639925 123082 400 400 400 400 73 46 0 73 52 0 73 42 0 73 44 0 75518 973750 72975 7398 958750 6706
25045.839923 123083 400 400 400 400 73 46 0 73 52 0 73 42 0 73 44 0 75274 972500 72900 7398 958750 6706
25046.039938 123084 400 400 400 400 73 46 0 73 52 0 73 42 0 73 44 0 75274 972500 72900 7398 958750 6706
25046.239906 123085 400 400 400 400 73 46 0 73 52 0 73 42 0 73 44 0 75274 972500 72900 7398 958750 6706
25046.439916 123086 400 400 400 400 73 46 0 73 52 0 73 42 0 73 44 0 75518 972500 72900 7398 958750 6706
25046.639924 123087 400 400 400 400 73 46 0 73 52 0 73 42 0 73 44 0 75518 972500 72900 7398 958750 6706
25046.839924 123088 400 400 400 400 73 46 0 73 52 0 73 42 0 73 44 0 75518 972500 72900 7398 958750 6706
25047.039939 123089 400 400 400 400 73 46 0 73 52 0 73 42 0 73 44 0 75518 972500 72900 7398 958750 6706
25047.239923 123090 400 400 400 400 73 46 0 73 52 0 73 42 0 73 44 0 75518 972500 72900 7398 958750 6706
25047.439923 123091 400 400 400 400 73 46 0 73 52 0 73 42 0 73 44 0 75518 972500 72900 7398 958750 6706
25047.639854 123092 400 400 400 400 73 46 0 73 52 0 73 42 0 73 44 0 75518 972500 72900 7398 958750 6706
25047.839923 123093 400 400 400 400 73 46 0 73 52 0 73 42 0 73 44 0 75518 972500 72900 7398 958750 6706
25048.039938 123094 400 400 400 400 73 46 0 73 52 0 73 42 0 73 44 0 75274 972500 72900 7398 958750 6706
25048.239923 123095 400 400 400 400 73 46 0 73 52 0 73 42 0 73 44 0 74969 972500 71928 7398 958750 6706
25048.439923 123096 400 400 400 400 73 46 0 73 52 0 73 42 0 73 44 0 75518 972500 72900 7398 958750 6706
25048.639925 123097 400 400 400 400 73 46 0 73 52 0 73 42 0 73 44 0 75518 972500 72900 7398 958750 6706
25048.839917 123098 400 400 400 400 73 46 0 73 52 0 73 42 0 73 44 0 75518 972500 72900 7398 958750 6706
25049.039939 123099 400 400 400 400 74 46 0 74 52 0 74 42 0 74 44 0 75274 972500 72900 7398 958750 6706
25049.239902 123100 400 400 400 400 74 46 0 74 52 0 74 42 0 74 44 0 75274 972500 72900 7398 958750 6706
25049.439927 123101 400 400 400 400 74 46 0 74 52 0 74 42 0 74 44 0 75274 972500 72900 7398 958750 6706
25049.639923 123102 400 400 400 400 74 46 0 74 52 0 74 42 0 74 44 0 74969 972500 71928 7398 958750 6706
25049.839923 123103 400 400 400 400 74 46 0 74 52 0 74 42 0 74 44 0 74969 972500 71928 7398 958750 6706
25050.039939 123104 400 400 400 400 73 46 0 73 52 0 73 42 0 73 44 0 74969 972500 71928 7398 958750 6706
25050.239924 123105 400 400 400 400 73 46 0 73 52 0 73 42 0 73 44 0 74969 972500 71928 7398 958750 6706
25050.439922 123106 400 400 400 400 74 46 0 74 52 0 74 42 0 74 44 0 74969 972500 71928 7398 958750 6706
25050.639924 123107 400 400 400 400 74 46 0 74 52 0 74 42 0 74 44 0 74969 972500 71928 7398 958750 6706
25050.839923 123108 400 400 400 400 74 46 0 74 52 0 74 42 0 74 44 0 75274 973750 72975 7398 958750 6706
25051.039939 123109 400 400 400 400 73 46 0 73 52 0 73 42 0 73 44 0 75274 973750 72975 7398 958750 6706
25051.239916 123110 400 400 400 400 73 46 0 73 52 0 73 42 0 73 44 0 75274 972500 72900 7398 958750 6706
25051.439923 123111 400 400 400 400 73 46 0 73 52 0 73 42 0 73 44 0 75274 972500 72900 7398 958750 6706
25051.639924 123112 400 400 400 400 73 46 0 73 52 0 73 42 0 73 44 0 74969 972500 71928 7398 958750 6706
25051.839925 123113 400 400 400 400 73 46 0 73 52 0 73 42 0 73 44 0 74969 972500 71928 7398 958750 6706
25052.039938 123114 400 400 400 400 73 46 0 73 52 0 73 42 0 73 44 0 75274 972500 72900 7124 958750 6706
25052.239905 123115 400 400 400 400 73 46 0 73 52 0 73 42 0 73 44 0 75762 972500 72900 7398 958750 6706
25052.439926 123116 400 400 400 400 74 46 0 74 52 0 74 42 0 74 44 0 75518 973750 72975 7398 958750 6706
25052.639924 123117 400 400 400 400 74 46 0 74 52 0 74 42 0 74 44 0 75518 973750 72975 7398 958750 6706
25052.839924 123118 400 400 400 400 74 46 0 74 52 0 74 42 0 74 44 0 75274 972500 72900 7398 958750 6706
25053.039939 123119 400 400 400 400 73 46 0 73 52 0 73 42 0 73 44 0 75274 972500 72900 7398 958750 6706
25053.239923 123120 400 400 400 400 73 46 0 73 52 0 73 42 0 73 44 0 75274 972500 72900 7398 958750 6706
25053.439905 123121 400 400 400 400 73 46 0 73 52 0 73 42 0 73 44 0 75274 972500 72900 7398 958750 6706
25053.639917 123122 400 400 400 400 73 46 0 73 52 0 73 42 0 73 44 0 75518 972500 72900 7398 958750 6706
25053.839923 123123 400 400 400 400 73 46 0 73 52 0 73 42 0 73 44 0 75518 972500 72900 7124 958750 6706
25054.039939 123124 400 400 400 400 73 46 0 73 52 0 73 42 0 73 44 0 75518 972500 72900 7398 958750 6706
25054.239900 123125 400 400 400 400 73 46 0 73 52 0 73 42 0 73 44 0 75762 972500 72900 7398 958750 6706
25054.439923 123126 400 400 400 400 73 46 0 73 52 0 73 42 0 73 44 0 75762 972500 72900 7398 958750 6706
25054.639924 123127 400 400 400 400 73 46 0 73 52 0 73 42 0 73 44 0 75518 972500 72900 7398 958750 6706
25054.839923 123128 400 400 400 400 73 46 0 73 52 0 73 42 0 73 44 0 74969 972500 71928 7398 958750 6706
25055.039938 123129 400 400 400 400 73 46 0 73 52 0 73 42 0 73 44 0 75518 972500 72900 7398 958750 6706
25055.239906 123130 400 400 400 400 73 46 0 73 52 0 73 42 0 73 44 0 75518 972500 72900 7398 958750 6706
25055.439924 123131 400 400 400 400 73 46 0 73 52 0 73 42 0 73 44 0 75762 972500 72900 7398 958750 6706
25055.639926 123132 400 400 400 400 73 46 0 73 52 0 73 42 0 73 44 0 75274 972500 72900 7398 958750 6706
25055.839915 123133 400 400 400 400 73 46 0 73 52 0 73 42 0 73 44 0 78019 972500 75816 7124 958750 6706
25056.039939 123134 400 400 400 400 73 46 0 73 52 0 73 42 0 73 44 0 78019 972500 75816 7124 958750 6706
25056.239923 123135 400 400 400 400 73 46 0 73 52 0 73 42 0 73 44 0 75518 972500 72900 7398 958750 6706
25056.439923 123136 400 400 400 400 73 46 0 73 52 0 73 42 0 73 44 0 75274 973750 72975 7398 958750 6706
25056.639924 123137 400 400 400 400 73 46 0 73 52 0 73 42 0 73 44 0 74969 972500 71928 7398 958750 6706
25056.839923 123138 400 400 400 400 73 46 0 73 52 0 73 42 0 73 44 0 74969 972500 71928 7398 958750 6706
25057.039939 123139 400 400 400 400 73 46 0 73 52 0 73 42 0 73 44 0 75762 972500 72900 7398 958750 6706
25057.239923 123140 400 400 400 400 73 46 0 73 52 0 73 42 0 73 44 0 75274 972500 72900 7398 958750 6706
25057.439923 123141 400 400 400 400 73 46 0 73 52 0 73 42 0 73 44 0 75518 972500 72900 7398 958750 6706
25057.639924 123142 400 400 400 400 73 46 0 73 52 0 73 42 0 73 44 0 75518 972500 72900 7398 958750 6706
25057.839924 123143 400 400 400 400 73 46 0 73 52 0 73 42 0 73 44 0 75762 972500 72900 7398 958750 6706
25058.039938 123144 400 400 400 400 73 46 0 73 52 0 73 42 0 73 44 0 75762 972500 72900 7398 958750 6706
25058.239904 123145 400 400 400 400 73 46 0 73 52 0 73 42 0 73 44 0 74969 972500 71928 7398 958750 6706
25058.439927 123146 400 400 400 400 73 46 0 73 52 0 73 42 0 73 44 0 74969 972500 71928 7398 958750 6706
25058.639924 123147 400 400 400 400 73 46 0 73 52 0 73 42 0 73 44 0 75274 972500 72900 7398 958750 6706
25058.839924 123148 400 400 400 400 73 46 0 73 52 0 73 42 0 73 44 0 75762 972500 72900 7398 958750 6706
25059.039938 123149 400 400 400 400 73 46 0 73 52 0 73 42 0 73 44 0 75518 972500 72900 7398 958750 6706
25059.239924 123150 400 400 400 400 73 46 0 73 52 0 73 42 0 73 44 0 75518 972500 72900 7398 958750 6706
25059.439916 123151 400 400 400 400 73 46 0 73 52 0 73 42 0 73 44 0 76006 972500 73872 7398 958750 6706
25059.639924 123152 400 400 400 400 73 46 0 73 52 0 73 42 0 73 44 0 75762 972500 72900 7398 958750 6706
25059.839923 123153 400 400 400 400 73 46 0 73 52 0 73 42 0 73 44 0 75274 972500 72900 7398 958750 6706
25060.039921 123154 400 400 400 400 73 46 0 73 52 0 73 42 0 73 44 0 75274 972500 72900 7398 958750 6706
25060.239924 123155 400 400 400 400 73 46 0 73 52 0 73 42 0 73 44 0 75518 972500 72900 7398 958750 6706
25060.439923 123156 400 400 400 400 73 46 0 73 52 0 73 42 0 73 44 0 75518 972500 72900 7398 958750 6706
25060.639925 123157 400 400 400 400 73 46 0 73 52 0 73 42 0 73 44 0 75274 972500 72900 7398 958750 6706
25060.839924 123158 400 400 400 400 73 46 0 73 52 0 73 42 0 73 44 0 75518 972500 72900 7398 958750 6706
25061.039940 123159 400 400 400 400 73 46 0 73 52 0 73 42 0 73 44 0 75518 972500 72900 7398 958750 6706
25061.239906 123160 400 400 400 400 73 46 0 73 52 0 73 42 0 73 44 0 75518 972500 72900 7398 958750 6706
25061.439925 123161 400 400 400 400 73 46 0 73 52 0 73 42 0 73 44 0 75518 973750 72975 7398 958750 6706
25061.639916 123162 400 400 400 400 73 46 0 73 52 0 73 42 0 73 44 0 75274 972500 72900 7398 958750 6706
25061.839924 123163 400 400 400 400 73 46 0 73 52 0 73 42 0 73 44 0 75274 972500 72900 7398 958750 6706
25062.039940 123164 400 400 400 400 73 46 0 73 52 0 73 42 0 73 44 0 75518 972500 72900 7398 958750 6706
25062.239923 123165 400 400 400 400 73 46 0 73 52 0 73 42 0 73 44 0 74969 972500 71928 7398 958750 6706
25062.439923 123166 400 400 400 400 73 46 0 73 52 0 73 42 0 73 44 0 75274 972500 72900 7398 958750 6706
25062.639924 123167 400 400 400 400 73 46 0 73 52 0 73 42 0 73 44 0 75274 972500 72900 7398 958750 6706
25062.839923 123168 400 400 400 400 73 46 0 73 52 0 73 42 0 73 44 0 75274 972500 72900 7398 958750 6706
25063.039939 123169 400 400 400 400 73 46 0 73 52 0 73 42 0 73 44 0 75274 973750 72975 7398 958750 6706
25063.239923 123170 400 400 400 400 73 46 0 73 52 0 73 42 0 73 44 0 75762 972500 72900 7398 958750 6706
25063.439923 123171 400 400 400 400 73 46 0 73 52 0 73 42 0 73 44 0 75762 972500 72900 7398 958750 6706
25063.639924 123172 400 400 400 400 73 46 0 73 52 0 73 42 0 73 44 0 74969 972500 71928 7398 958750 6706
25063.839923 123173 400 400 400 400 73 46 0 73 52 0 73 42 0 73 44 0 75274 972500 72900 7398 958750 6706
25064.039915 123174 400 400 400 400 73 46 0 73 52 0 73 42 0 73 44 0 75274 972500 72900 7398 958750 6706
25064.239906 123175 400 400 400 400 73 46 0 73 52 0 73 42 0 73 44 0 75274 972500 72900 7398 958750 6706
25064.439925 123176 400 400 400 400 73 46 0 73 52 0 73 42 0 73 44 0 75762 972500 72900 7398 958750 6706
25064.639924 123177 400 400 400 400 73 46 0 73 52 0 73 42 0 73 44 0 75274 972500 72900 7398 958750 6706
25064.839923 123178 400 400 400 400 73 46 0 73 52 0 73 42 0 73 44 0 75274 972500 72900 7398 958750 6706
25065.039939 123179 400 400 400 400 73 46 0 73 52 0 73 42 0 73 44 0 75274 972500 72900 7398 958750 6706
25065.239923 123180 400 400 400 400 73 46 0 73 52 0 73 42 0 73 44 0 75274 972500 72900 7398 958750 6706
25065.439923 123181 400 400 400 400 73 46 0 73 52 0 73 42 0 73 44 0 75274 972500 72900 7398 958750 6706
25065.639924 123182 400 400 400 400 73 46 0 73 52 0 73 42 0 73 44 0 75518 972500 72900 7398 958750 6706
25065.839923 123183 400 400 400 400 73 46 0 73 52 0 73 42 0 73 44 0 75518 972500 72900 7398 958750 6706
25066.039938 123184 400 400 400 400 73 46 0 73 52 0 73 42 0 73 44 0 75762 972500 72900 7398 958750 6706
25066.239923 123185 400 400 400 400 73 46 0 73 52 0 73 42 0 73 44 0 75518 972500 72900 7398 958750 6706
25066.439915 123186 400 400 400 400 73 46 0 73 52 0 73 42 0 73 44 0 75274 972500 72900 7398 958750 6706
25066.639853 123187 400 400 400 400 73 46 0 73 52 0 73 42 0 73 44 0 75518 972500 72900 7398 958750 6706
25066.839923 123188 400 400 400 400 73 46 0 73 52 0 73 42 0 73 44 0 75518 972500 72900 7398 958750 6706
25067.039939 123189 400 400 400 400 73 46 0 73 52 0 73 42 0 73 44 0 74969 973750 72002 7398 958750 6706
25067.239903 123190 400 400 400 400 73 46 0 73 52 0 73 42 0 73 44 0 75518 972500 72900 7124 958750 6706
25067.439925 123191 400 400 400 400 73 46 0 73 52 0 73 42 0 73 44 0 75274 972500 72900 7398 958750 6706
25067.639926 123192 400 400 400 400 73 46 0 73 52 0 73 42 0 73 44 0 75274 972500 72900 7398 958750 6706
25067.839923 123193 400 400 400 400 73 46 0 73 52 0 73 42 0 73 44 0 74969 972500 71928 7398 958750 6706
25068.039939 123194 400 400 400 400 73 46 0 73 52 0 73 42 0 73 44 0 75274 972500 72900 7398 958750 6706
25068.239922 123195 400 400 400 400 73 46 0 73 52 0 73 42 0 73 44 0 75518 972500 72900 7398 958750 6706
25068.439923 123196 400 400 400 400 73 46 0 73 52 0 73 42 0 73 44 0 75518 972500 72900 7398 958750 6706
25068.639923 123197 400 400 400 400 73 46 0 73 52 0 73 42 0 73 44 0 75274 972500 72900 7398 958750 6706
25068.839915 123198 400 400 400 400 73 46 0 73 52 0 73 42 0 73 44 0 75762 973750 72975 7398 958750 6706
25069.039938 123199 400 400 400 400 73 46 0 73 52 0 73 42 0 73 44 0 75274 972500 72900 7398 958750 6706
25069.239923 123200 400 400 400 400 73 46 0 73 52 0 73 42 0 73 44 0 75274 972500 72900 7398 958750 6706
25069.439923 123201 400 400 400 400 73 46 0 73 52 0 73 42 0 73 44 0 75274 972500 72900 7398 958750 6706
25069.639924 123202 400 400 400 400 73 46 0 73 52 0 73 42 0 73 44 0 75518 972500 72900 7398 958750 6706
25069.839915 123203 400 400 400 400 73 46 0 73 52 0 73 42 0 73 44 0 75762 973750 72975 7398 958750 6706
25070.039938 123204 400 400 400 400 73 46 0 73 52 0 73 42 0 73 44 0 75762 973750 72975 7398 958750 6706
25070.239905 123205 400 400 400 400 73 46 0 73 52 0 73 42 0 73 44 0 75762 972500 72900 7124 958750 6706
25070.439924 123206 400 400 400 400 73 46 0 73 52 0 73 42 0 73 44 0 75274 972500 72900 7124 958750 6706
25070.639924 123207 400 400 400 400 73 46 0 73 52 0 73 42 0 73 44 0 76250 972500 73872 7398 958750 6706
25070.839925 123208 400 400 400 400 73 46 0 73 52 0 73 42 0 73 44 0 76250 972500 73872 7398 958750 6706
25071.039981 123209 400 400 400 400 73 46 0 73 52 0 73 42 0 73 44 0 75274 972500 72900 7398 958750 6706
25071.239899 123210 400 400 400 400 73 46 0 73 52 0 73 42 0 73 44 0 75762 972500 72900 7398 958750 6706
25071.439899 123211 400 400 400 400 73 46 0 73 52 0 73 42 0 73 44 0 75518 972500 72900 7398 958750 6706
25071.639899 123212 400 400 400 400 73 46 0 73 52 0 73 42 0 73 44 0 75518 972500 72900 7398 958750 6706
25071.839899 123213 400 400 400 400 73 46 0 73 52 0 73 42 0 73 44 0 75518 972500 72900 7398 958750 6706
25072.039900 123214 400 400 400 400 73 46 0 73 52 0 73 42 0 73 44 0 75762 972500 72900 7398 958750 6706
25072.239899 123215 400 400 400 400 73 46 0 73 52 0 73 42 0 73 44 0 75518 972500 72900 7398 958750 6706
25072.439897 123216 400 400 400 400 73 46 0 73 52 0 73 42 0 73 44 0 75518 972500 72900 7398 958750 6706
25072.639899 123217 400 400 400 400 73 46 0 73 52 0 73 42 0 73 44 0 75518 972500 72900 7398 958750 6706
25072.839899 123218 400 400 400 400 73 46 0 73 52 0 73 42 0 73 44 0 75518 972500 72900 7398 958750 6706
25073.039898 123219 400 400 400 400 73 46 0 73 52 0 73 42 0 73 44 0 75762 972500 72900 7398 958750 6706
25073.239904 123220 400 400 400 400 73 46 0 73 52 0 73 42 0 73 44 0 75274 972500 72900 7398 958750 6706
25073.439898 123221 400 400 400 400 73 46 0 73 52 0 73 42 0 73 44 0 75274 972500 72900 7398 958750 6706
25073.639901 123222 400 400 400 400 73 46 0 73 52 0 73 42 0 73 44 0 75518 973750 72975 7398 958750 6706
25073.839899 123223 400 400 400 400 73 46 0 73 52 0 73 42 0 73 44 0 75274 973750 72975 7398 958750 6706
25074.039899 123224 400 400 400 400 73 46 0 73 52 0 73 42 0 73 44 0 75274 972500 72900 7398 958750 6706
25074.239898 123225 400 400 400 400 73 46 0 73 52 0 73 42 0 73 44 0 75274 972500 72900 7398 958750 6706
25074.439899 123226 400 400 400 400 73 46 0 73 52 0 73 42 0 73 44 0 75274 972500 72900 7398 958750 6706
25074.639899 123227 400 400 400 400 73 46 0 73 52 0 73 42 0 73 44 0 75274 972500 72900 7398 958750 6706
25074.839899 123228 400 400 400 400 73 46 0 73 52 0 73 42 0 73 44 0 75518 972500 72900 7398 958750 6706
25075.039898 123229 400 400 400 400 73 46 0 73 52 0 73 42 0 73 44 0 75518 972500 72900 7398 958750 6706
25075.239971 123230 400 400 400 400 73 46 0 73 52 0 73 42 0 73 44 0 74969 972500 71928 7398 958750 6706
25075.439922 123231 400 400 400 400 73 46 0 73 52 0 73 42 0 73 44 0 75762 972500 72900 7398 958750 6706
25075.639924 123232 400 400 400 400 73 46 0 73 52 0 73 42 0 73 44 0 75762 972500 72900 7398 958750 6706
25075.839923 123233 400 400 400 400 73 46 0 73 52 0 73 42 0 73 44 0 75762 972500 72900 7398 958750 6706
25076.039940 123234 400 400 400 400 73 46 0 73 52 0 73 42 0 73 44 0 75762 972500 72900 7398 958750 6706
25076.239862 123235 400 400 400 400 73 46 0 73 52 0 73 42 0 73 44 0 75274 972500 72900 7398 958750 6706
25076.439926 123236 400 400 400 400 73 46 0 73 52 0 73 42 0 73 44 0 75274 972500 72900 7398 958750 6706
25076.639924 123237 400 400 400 400 73 46 0 73 52 0 73 42 0 73 44 0 75274 972500 72900 7398 958750 6706
25076.839924 123238 400 400 400 400 73 46 0 73 52 0 73 42 0 73 44 0 74969 972500 71928 7398 958750 6706
25077.039931 123239 400 400 400 400 73 46 0 73 52 0 73 42 0 73 44 0 75518 972500 72900 7398 958750 6706
25077.239923 123240 400 400 400 400 73 46 0 73 52 0 73 42 0 73 44 0 75274 972500 72900 7398 958750 6706
25077.439923 123241 400 400 400 400 73 46 0 73 52 0 73 42 0 73 44 0 75274 972500 72900 7398 958750 6706
25077.639924 123242 400 400 400 400 73 46 0 73 52 0 73 42 0 73 44 0 75518 972500 72900 7398 958750 6706
25077.839923 123243 400 400 400 400 73 46 0 73 52 0 73 42 0 73 44 0 75518 972500 72900 7398 958750 6706
25078.039938 123244 400 400 400 400 73 46 0 73 52 0 73 42 0 73 44 0 75274 972500 72900 7398 958750 6706
25078.239925 123245 400 400 400 400 73 46 0 73 52 0 73 42 0 73 44 0 75274 972500 72900 7398 958750 6706
25078.439924 123246 400 400 400 400 73 46 0 73 52 0 73 42 0 73 44 0 74969 972500 71928 7398 958750 6706
25078.639924 123247 400 400 400 400 73 46 0 73 52 0 73 42 0 73 44 0 75518 972500 72900 7398 958750 6706
25078.839923 123248 400 400 400 400 73 46 0 73 52 0 73 42 0 73 44 0 75518 972500 72900 7398 958750 6706
25079.039921 123249 400 400 400 400 73 46 0 73 52 0 73 42 0 73 44 0 75518 972500 72900 7398 958750 6706
25079.239860 123250 400 400 400 400 73 46 0 73 52 0 73 42 0 73 44 0 74969 973750 72002 7398 958750 6706
25079.439917 123251 400 400 400 400 73 46 0 73 52 0 73 42 0 73 44 0 75518 972500 72900 7398 958750 6706
25079.639926 123252 400 400 400 400 73 46 0 73 52 0 73 42 0 73 44 0 74969 973750 72002 7398 958750 6706
25079.839924 123253 400 400 400 400 73 46 0 73 52 0 73 42 0 73 44 0 74969 972500 71928 7398 958750 6706
25080.039939 123254 400 400 400 400 73 46 0 73 52 0 73 42 0 73 44 0 74969 972500 71928 7398 958750 6706
25080.239923 123255 400 400 400 400 73 46 0 73 52 0 73 42 0 73 44 0 75518 972500 72900 7398 958750 6706
25080.439925 123256 400 400 400 400 73 46 0 73 52 0 73 42 0 73 44 0 75518 973750 72975 7398 958750 6706
25080.639924 123257 400 400 400 400 73 46 0 73 52 0 73 42 0 73 44 0 75274 972500 72900 7398 958750 6706
25080.839926 123258 400 400 400 400 73 46 0 73 52 0 73 42 0 73 44 0 75274 972500 72900 7398 958750 6706
25081.039941 123259 400 400 400 400 73 46 0 73 52 0 73 42 0 73 44 0 75762 972500 72900 7398 958750 6706
25081.239923 123260 400 400 400 400 73 46 0 73 52 0 73 42 0 73 44 0 75274 972500 72900 7398 958750 6706
25081.439923 123261 400 400 400 400 73 46 0 73 52 0 73 42 0 73 44 0 75518 972500 72900 7398 958750 6706
25081.639924 123262 400 400 400 400 73 46 0 73 52 0 73 42 0 73 44 0 75518 972500 72900 7398 958750 6706
25081.839916 123263 400 400 400 400 73 46 0 73 52 0 73 42 0 73 44 0 75518 972500 72900 7398 958750 6706
25082.039939 123264 400 400 400 400 73 46 0 73 52 0 73 42 0 73 44 0 75762 972500 72900 7398 958750 6706
