34964.139953 172673 1200 1200 1200 1200 73 46 0 73 52 0 73 42 0 73 44 0 5734 950000 4750 301948 1018750 306418
34964.339907 172674 1200 1200 1200 1200 73 46 0 73 52 0 73 42 0 73 44 0 5734 950000 4750 73158 1020000 74460
34964.539908 172675 1200 1200 1200 1200 73 46 0 73 52 0 73 42 0 73 44 0 5734 950000 4750 73158 1020000 74460
34964.739907 172676 1200 1200 1200 1200 73 46 0 73 52 0 73 42 0 73 44 0 5490 950000 4750 56170 1020000 57120
34964.939925 172677 1200 1200 1200 1200 73 46 0 73 52 0 73 42 0 73 44 0 5734 950000 4750 58088 1020000 59160
34965.139929 172678 1200 1200 1200 1200 74 46 0 74 52 0 74 42 0 74 44 0 5490 950000 4750 689658 1023750 704847
34965.339939 172679 1200 1200 1200 1200 74 46 0 74 52 0 74 42 0 74 44 0 5490 950000 4750 689658 1023750 704847
34965.539976 172680 1200 1200 1200 1200 74 46 0 74 52 0 74 42 0 74 44 0 5734 950000 4750 848852 1023750 867504
34965.739938 172681 1200 1200 1200 1200 74 46 0 74 52 0 74 42 0 74 44 0 5734 950000 4750 800902 1022500 817600
34965.939967 172682 1200 1200 1200 1200 74 46 0 74 52 0 74 42 0 74 44 0 5734 950000 4750 641708 1022500 655102
34966.139850 172683 1200 1200 1200 1200 75 46 0 75 52 0 75 42 0 75 44 0 5734 950000 4750 871868 1023750 891033
34966.339981 172684 1200 1200 1200 1200 75 46 0 75 52 0 75 42 0 75 44 0 5734 950000 4750 871868 1023750 891033
34966.540011 172685 1600 1600 1600 1600 76 46 0 76 52 0 76 42 0 76 44 0 5734 950000 4750 795422 1023750 813285
34966.739900 172686 1600 1600 1600 1600 76 46 0 76 52 0 76 42 0 76 44 0 5978 950000 4750 596498 1117500 665732
34966.939896 172687 1600 1600 1600 1600 76 46 0 76 52 0 76 42 0 76 44 0 5734 950000 4750 103298 1157500 119171
34967.139909 172688 1600 1600 1600 1600 74 46 0 74 52 0 74 42 0 74 44 0 5734 950000 4750 103298 1157500 119171
34967.339925 172689 1600 1600 1600 1600 74 46 0 74 52 0 74 42 0 74 44 0 5734 950000 4750 84392 1157500 97188
34967.539985 172690 1600 1600 1600 1600 74 46 0 74 52 0 74 42 0 74 44 0 5734 950000 4750 433742 1160000 502280
34967.739921 172691 1600 1600 1600 1600 74 46 0 74 52 0 74 42 0 74 44 0 5734 950000 4750 1368904 1165000 1593720
34967.939880 172692 1600 1600 1600 1600 74 46 0 74 52 0 74 42 0 74 44 0 5734 950000 4750 1368904 1165000 1593720
34968.139960 172693 1600 1600 1600 1600 77 46 0 77 52 0 77 42 0 77 44 0 5734 950000 4750 1189160 1163750 1382807
34968.339903 172694 1600 1600 1600 1600 77 46 0 77 52 0 77 42 0 77 44 0 5978 950000 4750 1070792 1163750 1244410
34968.539907 172695 1600 1600 1600 1600 77 46 0 77 52 0 77 42 0 77 44 0 5978 950000 4750 1070792 1163750 1244410
34968.739915 172696 1600 1600 1600 1600 77 46 0 77 52 0 77 42 0 77 44 0 5978 950000 4750 1070792 1163750 1244410
34968.939917 172697 1600 1600 1600 1600 77 46 0 77 52 0 77 42 0 77 44 0 5978 950000 4750 1109152 1163750 1289767
34969.139928 172698 1600 1600 1600 1600 78 46 0 78 52 0 78 42 0 78 44 0 5978 950000 4750 1110522 1163750 1290930
34969.339907 172699 1600 1600 1600 1600 78 46 0 78 52 0 78 42 0 78 44 0 5978 950000 4750 1111618 1163750 1292093
34969.539909 172700 1600 1600 1600 1600 78 46 0 78 52 0 78 42 0 78 44 0 5978 950000 4750 1111618 1163750 1292093
34969.739907 172701 1600 1600 1600 1600 78 46 0 78 52 0 78 42 0 78 44 0 5978 950000 4750 1115180 1163750 1296745
34969.939907 172702 1600 1600 1600 1600 78 46 0 78 52 0 78 42 0 78 44 0 6222 950000 5700 1114632 1163750 1295582
34970.139915 172703 1600 1600 1600 1600 78 46 0 78 52 0 78 42 0 78 44 0 6222 950000 5700 1116002 1163750 1297908
34970.339914 172704 1600 1600 1600 1600 78 46 0 78 52 0 78 42 0 78 44 0 6222 950000 5700 1116002 1163750 1297908
34970.539908 172705 1600 1600 1600 1600 78 46 0 78 52 0 78 42 0 78 44 0 5978 950000 4750 1115180 1163750 1296745
34970.739904 172706 1600 1600 1600 1600 78 46 0 78 52 0 78 42 0 78 44 0 5978 950000 4750 1198750 1163750 1393274
34970.939907 172707 1600 1600 1600 1600 78 46 0 78 52 0 78 42 0 78 44 0 6222 950000 5700 1115180 1163750 1296745
34971.139906 172708 1600 1600 1600 1600 79 46 0 79 52 0 79 42 0 79 44 0 6222 950000 5700 1115180 1163750 1296745
34971.339909 172709 1600 1600 1600 1600 79 46 0 79 52 0 79 42 0 79 44 0 5978 950000 4750 1115180 1163750 1296745
34971.539907 172710 1600 1600 1600 1600 79 46 0 79 52 0 79 42 0 79 44 0 5978 950000 4750 1119838 1163750 1301397
34971.739906 172711 1600 1600 1600 1600 79 46 0 79 52 0 79 42 0 79 44 0 6222 950000 5700 1119016 1163750 1301397
34971.939893 172712 1600 1600 1600 1600 79 46 0 79 52 0 79 42 0 79 44 0 6222 950000 5700 1119016 1163750 1301397
34972.139965 172713 1600 1600 1600 1600 79 46 0 79 52 0 79 42 0 79 44 0 6222 950000 5700 1119016 1163750 1301397
34972.339981 172714 1600 1600 1600 1600 79 46 0 79 52 0 79 42 0 79 44 0 6222 950000 5700 1115728 1163750 1296745
34972.539908 172715 1600 1600 1600 1600 79 46 0 79 52 0 79 42 0 79 44 0 6222 950000 5700 1114358 1163750 1295582
34972.739886 172716 1600 1600 1600 1600 79 46 0 79 52 0 79 42 0 79 44 0 6222 950000 5700 1114906 1163750 1295582
34972.939907 172717 1600 1600 1600 1600 79 46 0 79 52 0 79 42 0 79 44 0 6222 950000 5700 1114906 1163750 1295582
34973.139904 172718 1600 1600 1600 1600 79 46 0 79 52 0 79 42 0 79 44 0 6222 950000 5700 1115454 1163750 1296745
34973.339907 172719 1600 1600 1600 1600 79 46 0 79 52 0 79 42 0 79 44 0 6222 950000 5700 1118742 1163750 1300234
34973.539907 172720 1600 1600 1600 1600 79 46 0 79 52 0 79 42 0 79 44 0 6222 950000 5700 1119016 1163750 1301397
34973.739907 172721 1600 1600 1600 1600 79 46 0 79 52 0 79 42 0 79 44 0 6222 950000 5700 1119016 1163750 1301397
34973.939908 172722 1600 1600 1600 1600 79 46 0 79 52 0 79 42 0 79 44 0 6222 950000 5700 1119016 1163750 1301397
34974.139906 172723 1600 1600 1600 1600 79 46 0 79 52 0 79 42 0 79 44 0 6527 950000 5700 1118742 1163750 1300234
34974.339907 172724 1600 1600 1600 1600 79 46 0 79 52 0 79 42 0 79 44 0 6222 950000 5700 1118194 1163750 1300234
34974.539909 172725 1600 1600 1600 1600 79 46 0 79 52 0 79 42 0 79 44 0 6222 950000 5700 1118194 1163750 1300234
34974.739907 172726 1600 1600 1600 1600 79 46 0 79 52 0 79 42 0 79 44 0 6222 950000 5700 1116824 1163750 1297908
34974.939907 172727 1600 1600 1600 1600 79 46 0 79 52 0 79 42 0 79 44 0 6527 950000 5700 1117372 1163750 1299071
34975.139916 172728 1600 1600 1600 1600 80 46 0 80 52 0 80 42 0 80 44 0 6222 950000 5700 1122578 1163750 1304886
34975.339907 172729 1600 1600 1600 1600 80 46 0 80 52 0 80 42 0 80 44 0 6222 950000 5700 1122578 1163750 1304886
34975.539904 172730 1600 1600 1600 1600 80 46 0 80 52 0 80 42 0 80 44 0 6222 950000 5700 1122852 1163750 1304886
34975.739906 172731 1600 1600 1600 1600 80 46 0 80 52 0 80 42 0 80 44 0 6222 950000 5700 1122304 1163750 1304886
34975.939906 172732 1600 1600 1600 1600 80 46 0 80 52 0 80 42 0 80 44 0 6222 950000 5700 1123126 1163750 1306049
34976.139959 172733 1600 1600 1600 1600 80 46 0 80 52 0 80 42 0 80 44 0 6222 950000 5700 1123126 1163750 1306049
34976.339985 172734 1600 1600 1600 1600 80 46 0 80 52 0 80 42 0 80 44 0 6222 950000 5700 1120112 1163750 1302560
34976.539907 172735 1600 1600 1600 1600 80 46 0 80 52 0 80 42 0 80 44 0 6527 950000 5700 1122030 1163750 1304886
34976.739906 172736 1600 1600 1600 1600 80 46 0 80 52 0 80 42 0 80 44 0 6527 950000 5700 1122030 1163750 1304886
34976.939907 172737 1600 1600 1600 1600 80 46 0 80 52 0 80 42 0 80 44 0 6527 950000 5700 1122030 1163750 1304886
34977.139907 172738 1600 1600 1600 1600 80 46 0 80 52 0 80 42 0 80 44 0 6222 950000 5700 1123400 1163750 1306049
34977.339933 172739 1600 1600 1600 1600 80 46 0 80 52 0 80 42 0 80 44 0 6527 950000 5700 1125044 1163750 1308375
34977.539908 172740 1600 1600 1600 1600 80 46 0 80 52 0 80 42 0 80 44 0 6527 950000 5700 1123674 1163750 1306049
34977.739906 172741 1600 1600 1600 1600 80 46 0 80 52 0 80 42 0 80 44 0 6527 950000 5700 1123674 1163750 1306049
34977.939907 172742 1600 1600 1600 1600 80 46 0 80 52 0 80 42 0 80 44 0 6527 950000 5700 1179022 1163750 1371177
34978.139918 172743 1600 1600 1600 1600 80 46 0 80 52 0 80 42 0 80 44 0 6527 950000 5700 1120112 1163750 1302560
34978.339907 172744 1600 1600 1600 1600 80 46 0 80 52 0 80 42 0 80 44 0 6527 950000 5700 1119290 1163750 1301397
34978.539890 172745 1600 1600 1600 1600 80 46 0 80 52 0 80 42 0 80 44 0 6527 950000 5700 1119290 1163750 1301397
34978.739906 172746 1600 1600 1600 1600 80 46 0 80 52 0 80 42 0 80 44 0 6527 950000 5700 1120934 1163750 1302560
34978.939903 172747 1600 1600 1600 1600 80 46 0 80 52 0 80 42 0 80 44 0 6527 950000 5700 1122852 1163750 1304886
34979.139916 172748 1600 1600 1600 1600 80 46 0 80 52 0 80 42 0 80 44 0 6222 950000 5700 1123674 1163750 1306049
34979.339907 172749 1600 1600 1600 1600 80 46 0 80 52 0 80 42 0 80 44 0 6527 950000 5700 1124496 1163750 1307212
34979.539907 172750 1600 1600 1600 1600 80 46 0 80 52 0 80 42 0 80 44 0 6527 950000 5700 1124496 1163750 1307212
34979.739906 172751 1600 1600 1600 1600 80 46 0 80 52 0 80 42 0 80 44 0 6527 950000 5700 1123126 1163750 1306049
34979.939907 172752 1600 1600 1600 1600 80 46 0 80 52 0 80 42 0 80 44 0 6222 950000 5700 1120934 1163750 1302560
34980.139956 172753 1600 1600 1600 1600 80 46 0 80 52 0 80 42 0 80 44 0 6527 950000 5700 1121482 1163750 1303723
34980.339909 172754 1600 1600 1600 1600 80 46 0 80 52 0 80 42 0 80 44 0 6527 950000 5700 1121482 1163750 1303723
34980.539908 172755 1600 1600 1600 1600 80 46 0 80 52 0 80 42 0 80 44 0 6527 950000 5700 1125044 1163750 1308375
34980.739907 172756 1600 1600 1600 1600 80 46 0 80 52 0 80 42 0 80 44 0 6222 950000 5700 1124496 1163750 1307212
34980.939907 172757 1600 1600 1600 1600 80 46 0 80 52 0 80 42 0 80 44 0 6222 950000 5700 1124770 1163750 1307212
34981.139915 172758 1600 1600 1600 1600 81 46 0 81 52 0 81 42 0 81 44 0 6222 950000 5700 1124770 1163750 1307212
34981.339904 172759 1600 1600 1600 1600 81 46 0 81 52 0 81 42 0 81 44 0 6527 950000 5700 1125044 1163750 1308375
34981.539907 172760 1600 1600 1600 1600 81 46 0 81 52 0 81 42 0 81 44 0 6527 950000 5700 1123674 1163750 1306049
34981.739907 172761 1600 1600 1600 1600 81 46 0 81 52 0 81 42 0 81 44 0 6527 950000 5700 1121756 1163750 1303723
34981.939907 172762 1600 1600 1600 1600 81 46 0 81 52 0 81 42 0 81 44 0 6527 950000 5700 1121756 1163750 1303723
34982.139916 172763 1600 1600 1600 1600 81 46 0 81 52 0 81 42 0 81 44 0 6527 950000 5700 1122578 1163750 1304886
34982.339907 172764 1600 1600 1600 1600 81 46 0 81 52 0 81 42 0 81 44 0 6527 950000 5700 1121756 1163750 1303723
34982.539907 172765 1600 1600 1600 1600 81 46 0 81 52 0 81 42 0 81 44 0 6527 950000 5700 1124496 1163750 1307212
34982.739907 172766 1600 1600 1600 1600 81 46 0 81 52 0 81 42 0 81 44 0 6527 950000 5700 1124496 1163750 1307212
34982.939907 172767 1600 1600 1600 1600 81 46 0 81 52 0 81 42 0 81 44 0 6527 950000 5700 1125318 1163750 1308375
