 9212.929915 43919 600 600 600 600 72 46 0 72 52 0 72 42 0 72 44 0 22753 1208750 26576 6576 908750 5448
 9213.129923 43920 600 600 600 600 72 46 0 72 52 0 72 42 0 72 44 0 22997 1208750 26576 6576 908750 5448
 9213.329936 43921 600 600 600 600 72 46 0 72 52 0 72 42 0 72 44 0 22753 1208750 26576 6576 908750 5448
 9213.529933 43922 600 600 600 600 72 46 0 72 52 0 72 42 0 72 44 0 22753 1208750 26576 6576 908750 5448
 9213.729915 43923 600 600 600 600 72 46 0 72 52 0 72 42 0 72 44 0 56974 1210000 67760 6576 908750 5448
 9213.929912 43924 600 600 600 600 72 46 0 72 52 0 72 42 0 72 44 0 22997 1208750 26576 6576 908750 5448
 9214.129936 43925 600 600 600 600 72 46 0 72 52 0 72 42 0 72 44 0 37759 1210000 44770 6576 908750 5448
 9214.329964 43926 600 600 600 600 72 46 0 72 52 0 72 42 0 72 44 0 37759 1210000 44770 6576 908750 5448
 9214.529942 43927 600 600 600 600 72 46 0 72 52 0 72 42 0 72 44 0 156221 1211250 188916 6576 908750 5448
 9214.729973 43928 600 600 600 600 72 46 0 72 52 0 72 42 0 72 44 0 157990 1210000 189970 6576 908750 5448
 9214.929940 43929 600 600 600 600 72 46 0 72 52 0 72 42 0 72 44 0 155245 1210000 187550 6576 908750 5448
 9215.129978 43930 600 600 600 600 72 46 0 72 52 0 72 42 0 72 44 0 155245 1210000 187550 6576 908750 5448
 9215.329917 43931 600 600 600 600 72 46 0 72 52 0 72 42 0 72 44 0 148962 1208750 178784 6576 908750 5448
 9215.529914 43932 600 600 600 600 72 46 0 72 52 0 72 42 0 72 44 0 148962 1207500 178636 6850 908750 5448
 9215.729914 43933 600 600 600 600 72 46 0 72 52 0 72 42 0 72 44 0 144265 1207500 173808 6576 908750 5448
 9215.929903 43934 600 600 600 600 72 46 0 72 52 0 72 42 0 72 44 0 144265 1207500 173808 6576 908750 5448
 9216.129926 43935 600 600 600 600 72 46 0 72 52 0 72 42 0 72 44 0 143716 1207500 172601 6576 908750 5448
 9216.329908 43936 600 600 600 600 72 46 0 72 52 0 72 42 0 72 44 0 144509 1207500 173808 6576 908750 5448
 9216.529913 43937 600 600 600 600 72 46 0 72 52 0 72 42 0 72 44 0 144753 1207500 173808 6576 908750 5448
 9216.729912 43938 600 600 600 600 72 46 0 72 52 0 72 42 0 72 44 0 144509 1208750 173952 6850 908750 5448
 9216.929916 43939 600 600 600 600 72 46 0 72 52 0 72 42 0 72 44 0 144509 1208750 173952 6850 908750 5448
 9217.129924 43940 600 600 600 600 72 46 0 72 52 0 72 42 0 72 44 0 144509 1207500 173808 6850 908750 5448
 9217.329912 43941 600 600 600 600 72 46 0 72 52 0 72 42 0 72 44 0 144997 1207500 173808 6850 908750 5448
 9217.529913 43942 600 600 600 600 72 46 0 72 52 0 72 42 0 72 44 0 144021 1207500 173808 6576 908750 5448
 9217.729912 43943 600 600 600 600 72 46 0 72 52 0 72 42 0 72 44 0 144021 1207500 173808 6576 908750 5448
 9217.929915 43944 600 600 600 600 72 46 0 72 52 0 72 42 0 72 44 0 144753 1207500 173808 6576 908750 5448
 9218.129888 43945 600 600 600 600 73 46 0 73 52 0 73 42 0 73 44 0 144021 1208750 173952 6576 908750 5448
 9218.329913 43946 600 600 600 600 73 46 0 73 52 0 73 42 0 73 44 0 144021 1207500 173808 6576 908750 5448
 9218.529913 43947 600 600 600 600 73 46 0 73 52 0 73 42 0 73 44 0 144021 1207500 173808 6576 908750 5448
 9218.729907 43948 600 600 600 600 73 46 0 73 52 0 73 42 0 73 44 0 144509 1208750 173952 6850 908750 5448
 9218.929914 43949 600 600 600 600 73 46 0 73 52 0 73 42 0 73 44 0 144753 1207500 173808 6576 908750 5448
 9219.129923 43950 600 600 600 600 73 46 0 73 52 0 73 42 0 73 44 0 144753 1207500 173808 6850 908750 5448
 9219.329912 43951 600 600 600 600 73 46 0 73 52 0 73 42 0 73 44 0 144753 1207500 173808 6850 908750 5448
 9219.529913 43952 600 600 600 600 73 46 0 73 52 0 73 42 0 73 44 0 144021 1207500 173808 6576 908750 5448
 9219.729907 43953 600 600 600 600 73 46 0 73 52 0 73 42 0 73 44 0 144997 1208750 173952 6576 908750 5448
 9219.929913 43954 600 600 600 600 73 46 0 73 52 0 73 42 0 73 44 0 143716 1207500 172601 6576 908750 5448
 9220.129922 43955 600 600 600 600 73 46 0 73 52 0 73 42 0 73 44 0 143716 1207500 172601 6576 908750 5448
 9220.329913 43956 600 600 600 600 73 46 0 73 52 0 73 42 0 73 44 0 144753 1207500 173808 6576 908750 5448
 9220.529912 43957 600 600 600 600 73 46 0 73 52 0 73 42 0 73 44 0 144509 1207500 173808 6576 908750 5448
 9220.729913 43958 600 600 600 600 73 46 0 73 52 0 73 42 0 73 44 0 144509 1207500 173808 6576 908750 5448
 9220.929914 43959 600 600 600 600 73 46 0 73 52 0 73 42 0 73 44 0 144509 1207500 173808 6576 908750 5448
 9221.129894 43960 600 600 600 600 73 46 0 73 52 0 73 42 0 73 44 0 145241 1207500 175015 6576 908750 5448
 9221.329913 43961 600 600 600 600 73 46 0 73 52 0 73 42 0 73 44 0 144509 1208750 173952 6576 908750 5448
 9221.529913 43962 600 600 600 600 73 46 0 73 52 0 73 42 0 73 44 0 144265 1207500 173808 6850 908750 5448
 9221.729913 43963 600 600 600 600 73 46 0 73 52 0 73 42 0 73 44 0 144265 1207500 173808 6850 908750 5448
 9221.929916 43964 600 600 600 600 73 46 0 73 52 0 73 42 0 73 44 0 143472 1207500 172601 6576 908750 5448
 9222.129908 43965 600 600 600 600 73 46 0 73 52 0 73 42 0 73 44 0 144753 1207500 173808 6576 908750 5448
 9222.329913 43966 600 600 600 600 73 46 0 73 52 0 73 42 0 73 44 0 144509 1207500 173808 6850 908750 5448
 9222.529891 43967 600 600 600 600 73 46 0 73 52 0 73 42 0 73 44 0 144265 1207500 173808 6576 908750 5448
 9222.729912 43968 600 600 600 600 73 46 0 73 52 0 73 42 0 73 44 0 144265 1207500 173808 6576 908750 5448
 9222.929914 43969 600 600 600 600 73 46 0 73 52 0 73 42 0 73 44 0 144753 1207500 173808 6576 908750 5448
 9223.129923 43970 600 600 600 600 73 46 0 73 52 0 73 42 0 73 44 0 144997 1207500 173808 6576 908750 5448
 9223.329912 43971 600 600 600 600 73 46 0 73 52 0 73 42 0 73 44 0 144997 1207500 173808 6576 908750 5448
 9223.529912 43972 600 600 600 600 73 46 0 73 52 0 73 42 0 73 44 0 144997 1207500 173808 6576 908750 5448
 9223.729912 43973 600 600 600 600 73 46 0 73 52 0 73 42 0 73 44 0 145485 1207500 175015 6576 908750 5448
 9223.929913 43974 600 600 600 600 73 46 0 73 52 0 73 42 0 73 44 0 144265 1207500 173808 6576 908750 5448
 9224.129892 43975 600 600 600 600 73 46 0 73 52 0 73 42 0 73 44 0 144265 1207500 173808 6576 908750 5448
 9224.329913 43976 600 600 600 600 73 46 0 73 52 0 73 42 0 73 44 0 144265 1207500 173808 6576 908750 5448
 9224.529908 43977 600 600 600 600 73 46 0 73 52 0 73 42 0 73 44 0 144265 1207500 173808 6576 908750 5448
 9224.729912 43978 600 600 600 600 73 46 0 73 52 0 73 42 0 73 44 0 144509 1207500 173808 6576 908750 5448
 9224.929913 43979 600 600 600 600 73 46 0 73 52 0 73 42 0 73 44 0 145241 1207500 175015 6850 908750 5448
 9225.129923 43980 600 600 600 600 73 46 0 73 52 0 73 42 0 73 44 0 145241 1207500 175015 6850 908750 5448
 9225.329911 43981 600 600 600 600 73 46 0 73 52 0 73 42 0 73 44 0 144753 1207500 173808 6850 908750 5448
 9225.529912 43982 600 600 600 600 73 46 0 73 52 0 73 42 0 73 44 0 144021 1208750 173952 6576 908750 5448
 9225.729912 43983 600 600 600 600 73 46 0 73 52 0 73 42 0 73 44 0 144265 1208750 173952 6576 908750 5448
 9225.929912 43984 600 600 600 600 73 46 0 73 52 0 73 42 0 73 44 0 144265 1208750 173952 6576 908750 5448
 9226.129923 43985 600 600 600 600 73 46 0 73 52 0 73 42 0 73 44 0 144753 1207500 173808 6576 908750 5448
 9226.329911 43986 600 600 600 600 73 46 0 73 52 0 73 42 0 73 44 0 144753 1207500 173808 6850 908750 5448
 9226.529913 43987 600 600 600 600 73 46 0 73 52 0 73 42 0 73 44 0 144753 1207500 173808 6576 908750 5448
 9226.729912 43988 600 600 600 600 73 46 0 73 52 0 73 42 0 73 44 0 144753 1207500 173808 6576 908750 5448
 9226.929914 43989 600 600 600 600 73 46 0 73 52 0 73 42 0 73 44 0 144753 1207500 173808 6576 908750 5448
 9227.129891 43990 600 600 600 600 73 46 0 73 52 0 73 42 0 73 44 0 144753 1207500 173808 6576 908750 5448
 9227.329911 43991 600 600 600 600 73 46 0 73 52 0 73 42 0 73 44 0 144997 1207500 173808 6576 908750 5448
 9227.529913 43992 600 600 600 600 73 46 0 73 52 0 73 42 0 73 44 0 144997 1207500 173808 6576 908750 5448
 9227.729911 43993 600 600 600 600 73 46 0 73 52 0 73 42 0 73 44 0 144509 1207500 173808 6576 908750 5448
 9227.929908 43994 600 600 600 600 73 46 0 73 52 0 73 42 0 73 44 0 144753 1207500 173808 6850 908750 5448
 9228.129923 43995 600 600 600 600 73 46 0 73 52 0 73 42 0 73 44 0 144509 1207500 173808 6576 908750 5448
 9228.329894 43996 600 600 600 600 73 46 0 73 52 0 73 42 0 73 44 0 144509 1207500 173808 6576 908750 5448
 9228.529912 43997 600 600 600 600 73 46 0 73 52 0 73 42 0 73 44 0 144997 1207500 173808 6576 908750 5448
 9228.729912 43998 600 600 600 600 73 46 0 73 52 0 73 42 0 73 44 0 144753 1207500 173808 6850 908750 5448
 9228.929913 43999 600 600 600 600 73 46 0 73 52 0 73 42 0 73 44 0 144509 1207500 173808 6576 908750 5448
 9229.129923 44000 600 600 600 600 73 46 0 73 52 0 73 42 0 73 44 0 145241 1207500 175015 6850 908750 5448
 9229.329913 44001 600 600 600 600 73 46 0 73 52 0 73 42 0 73 44 0 145241 1207500 175015 6850 908750 5448
 9229.529914 44002 600 600 600 600 73 46 0 73 52 0 73 42 0 73 44 0 144753 1207500 173808 6576 908750 5448
 9229.729912 44003 600 600 600 600 73 46 0 73 52 0 73 42 0 73 44 0 144753 1207500 173808 6576 908750 5448
 9229.929913 44004 600 600 600 600 73 46 0 73 52 0 73 42 0 73 44 0 144753 1207500 173808 6850 908750 5448
 9230.129892 44005 600 600 600 600 73 46 0 73 52 0 73 42 0 73 44 0 144753 1207500 173808 6850 908750 5448
 9230.329907 44006 600 600 600 600 73 46 0 73 52 0 73 42 0 73 44 0 144997 1207500 173808 6576 908750 5448
 9230.529912 44007 600 600 600 600 73 46 0 73 52 0 73 42 0 73 44 0 145241 1207500 175015 6576 908750 5448
 9230.729912 44008 600 600 600 600 73 46 0 73 52 0 73 42 0 73 44 0 144753 1207500 173808 6850 908750 5448
 9230.929914 44009 600 600 600 600 73 46 0 73 52 0 73 42 0 73 44 0 144753 1207500 173808 6850 908750 5448
 9231.129922 44010 600 600 600 600 73 46 0 73 52 0 73 42 0 73 44 0 144509 1207500 173808 6576 908750 5448
 9231.329912 44011 600 600 600 600 73 46 0 73 52 0 73 42 0 73 44 0 144753 1207500 173808 6576 908750 5448
 9231.529912 44012 600 600 600 600 73 46 0 73 52 0 73 42 0 73 44 0 144021 1207500 173808 6576 908750 5448
 9231.729912 44013 600 600 600 600 73 46 0 73 52 0 73 42 0 73 44 0 144021 1207500 173808 6576 908750 5448
 9231.929914 44014 600 600 600 600 73 46 0 73 52 0 73 42 0 73 44 0 144753 1207500 173808 6576 908750 5448
 9232.129922 44015 600 600 600 600 73 46 0 73 52 0 73 42 0 73 44 0 144753 1207500 173808 6850 908750 5448
 9232.329912 44016 600 600 600 600 73 46 0 73 52 0 73 42 0 73 44 0 144753 1207500 173808 6576 908750 5448
 9232.529912 44017 600 600 600 600 73 46 0 73 52 0 73 42 0 73 44 0 144753 1207500 173808 6576 908750 5448
 9232.729907 44018 600 600 600 600 73 46 0 73 52 0 73 42 0 73 44 0 144509 1207500 173808 6576 908750 5448
 9232.929913 44019 600 600 600 600 73 46 0 73 52 0 73 42 0 73 44 0 143716 1207500 172601 6850 908750 5448
 9233.129891 44020 600 600 600 600 73 46 0 73 52 0 73 42 0 73 44 0 144753 1207500 173808 6576 908750 5448
 9233.329912 44021 600 600 600 600 73 46 0 73 52 0 73 42 0 73 44 0 144753 1207500 173808 6576 908750 5448
 9233.529912 44022 600 600 600 600 73 46 0 73 52 0 73 42 0 73 44 0 143716 1207500 172601 6576 908750 5448
 9233.729912 44023 600 600 600 600 73 46 0 73 52 0 73 42 0 73 44 0 144021 1208750 173952 6576 908750 5448
 9233.929913 44024 600 600 600 600 73 46 0 73 52 0 73 42 0 73 44 0 144753 1207500 173808 6850 908750 5448
 9234.129923 44025 600 600 600 600 73 46 0 73 52 0 73 42 0 73 44 0 144753 1207500 173808 6850 908750 5448
 9234.329912 44026 600 600 600 600 73 46 0 73 52 0 73 42 0 73 44 0 144997 1207500 173808 6576 908750 5448
 9234.529921 44027 600 600 600 600 73 46 0 73 52 0 73 42 0 73 44 0 144753 1207500 173808 6576 908750 5448
 9234.729913 44028 600 600 600 600 73 46 0 73 52 0 73 42 0 73 44 0 144753 1207500 173808 6850 908750 5448
 9234.929849 44029 600 600 600 600 73 46 0 73 52 0 73 42 0 73 44 0 144509 1207500 173808 6850 908750 5448
 9235.129923 44030 600 600 600 600 73 46 0 73 52 0 73 42 0 73 44 0 144509 1207500 173808 6850 908750 5448
 9235.329912 44031 600 600 600 600 73 46 0 73 52 0 73 42 0 73 44 0 144021 1207500 173808 6576 908750 5448
 9235.529912 44032 600 600 600 600 73 46 0 73 52 0 73 42 0 73 44 0 144509 1207500 173808 6850 908750 5448
 9235.729912 44033 600 600 600 600 73 46 0 73 52 0 73 42 0 73 44 0 144509 1207500 173808 6850 908750 5448
 9235.929915 44034 600 600 600 600 73 46 0 73 52 0 73 42 0 73 44 0 144509 1207500 173808 6850 908750 5448
 9236.129887 44035 600 600 600 600 73 46 0 73 52 0 73 42 0 73 44 0 144753 1207500 173808 6850 908750 5448
 9236.329911 44036 600 600 600 600 73 46 0 73 52 0 73 42 0 73 44 0 144265 1207500 173808 6576 908750 5448
 9236.529912 44037 600 600 600 600 73 46 0 73 52 0 73 42 0 73 44 0 144509 1207500 173808 6576 908750 5448
 9236.729911 44038 600 600 600 600 73 46 0 73 52 0 73 42 0 73 44 0 144509 1207500 173808 6576 908750 5448
 9236.929914 44039 600 600 600 600 73 46 0 73 52 0 73 42 0 73 44 0 143472 1208750 172744 6576 908750 5448
 9237.129924 44040 600 600 600 600 73 46 0 73 52 0 73 42 0 73 44 0 144509 1207500 173808 6850 908750 5448
 9237.329912 44041 600 600 600 600 73 46 0 73 52 0 73 42 0 73 44 0 144509 1207500 173808 6576 908750 5448
 9237.529911 44042 600 600 600 600 73 46 0 73 52 0 73 42 0 73 44 0 144509 1207500 173808 6576 908750 5448
 9237.729911 44043 600 600 600 600 73 46 0 73 52 0 73 42 0 73 44 0 144997 1207500 173808 6576 908750 5448
 9237.929913 44044 600 600 600 600 73 46 0 73 52 0 73 42 0 73 44 0 144997 1207500 173808 6850 908750 5448
 9238.129927 44045 600 600 600 600 73 46 0 73 52 0 73 42 0 73 44 0 144753 1207500 173808 6576 908750 5448
 9238.329912 44046 600 600 600 600 73 46 0 73 52 0 73 42 0 73 44 0 144753 1207500 173808 6576 908750 5448
 9238.529906 44047 600 600 600 600 73 46 0 73 52 0 73 42 0 73 44 0 144509 1207500 173808 6576 908750 5448
 9238.729911 44048 600 600 600 600 73 46 0 73 52 0 73 42 0 73 44 0 144753 1207500 173808 6576 908750 5448
 9238.929912 44049 600 600 600 600 73 46 0 73 52 0 73 42 0 73 44 0 144753 1207500 173808 6576 908750 5448
 9239.129891 44050 600 600 600 600 73 46 0 73 52 0 73 42 0 73 44 0 144753 1207500 173808 6576 908750 5448
 9239.329913 44051 600 600 600 600 73 46 0 73 52 0 73 42 0 73 44 0 144265 1207500 173808 6850 908750 5448
 9239.529912 44052 600 600 600 600 73 46 0 73 52 0 73 42 0 73 44 0 145241 1207500 175015 6576 908750 5448
 9239.729911 44053 600 600 600 600 73 46 0 73 52 0 73 42 0 73 44 0 145485 1207500 175015 6576 908750 5448
 9239.929914 44054 600 600 600 600 73 46 0 73 52 0 73 42 0 73 44 0 145485 1207500 175015 6576 908750 5448
 9240.129922 44055 600 600 600 600 73 46 0 73 52 0 73 42 0 73 44 0 144021 1207500 173808 6576 908750 5448
 9240.329912 44056 600 600 600 600 73 46 0 73 52 0 73 42 0 73 44 0 145241 1207500 175015 6850 908750 5448
 9240.529912 44057 600 600 600 600 73 46 0 73 52 0 73 42 0 73 44 0 144753 1207500 173808 6850 908750 5448
 9240.729894 44058 600 600 600 600 73 46 0 73 52 0 73 42 0 73 44 0 144753 1207500 173808 6850 908750 5448
 9240.929909 44059 600 600 600 600 73 46 0 73 52 0 73 42 0 73 44 0 144753 1207500 173808 6850 908750 5448
 9241.129923 44060 600 600 600 600 73 46 0 73 52 0 73 42 0 73 44 0 144753 1207500 173808 6576 908750 5448
 9241.329912 44061 600 600 600 600 73 46 0 73 52 0 73 42 0 73 44 0 144997 1207500 173808 6850 908750 5448
 9241.529891 44062 600 600 600 600 73 46 0 73 52 0 73 42 0 73 44 0 144997 1207500 173808 6850 908750 5448
 9241.729911 44063 600 600 600 600 73 46 0 73 52 0 73 42 0 73 44 0 144997 1207500 173808 6850 908750 5448
 9241.929907 44064 600 600 600 600 73 46 0 73 52 0 73 42 0 73 44 0 144997 1207500 173808 6576 908750 5448
 9242.129893 44065 600 600 600 600 73 46 0 73 52 0 73 42 0 73 44 0 145485 1207500 175015 6850 908750 5448
 9242.329912 44066 600 600 600 600 73 46 0 73 52 0 73 42 0 73 44 0 145241 1207500 175015 6576 908750 5448
 9242.529912 44067 600 600 600 600 73 46 0 73 52 0 73 42 0 73 44 0 145241 1207500 175015 6576 908750 5448
 9242.729911 44068 600 600 600 600 73 46 0 73 52 0 73 42 0 73 44 0 144509 1207500 173808 6576 908750 5448
 9242.929914 44069 600 600 600 600 73 46 0 73 52 0 73 42 0 73 44 0 144997 1207500 173808 6576 908750 5448
 9243.129922 44070 600 600 600 600 73 46 0 73 52 0 73 42 0 73 44 0 144997 1207500 173808 6850 908750 5448
 9243.329913 44071 600 600 600 600 73 46 0 73 52 0 73 42 0 73 44 0 144997 1207500 173808 6850 908750 5448
 9243.529912 44072 600 600 600 600 73 46 0 73 52 0 73 42 0 73 44 0 144509 1207500 173808 6576 908750 5448
 9243.729912 44073 600 600 600 600 73 46 0 73 52 0 73 42 0 73 44 0 144753 1207500 173808 6850 908750 5448
 9243.929912 44074 600 600 600 600 73 46 0 73 52 0 73 42 0 73 44 0 145241 1207500 175015 6576 908750 5448
 9244.129926 44075 600 600 600 600 73 46 0 73 52 0 73 42 0 73 44 0 145241 1207500 175015 6576 908750 5448
 9244.329907 44076 600 600 600 600 73 46 0 73 52 0 73 42 0 73 44 0 144265 1208750 173952 6576 908750 5448
 9244.529932 44077 600 600 600 600 73 46 0 73 52 0 73 42 0 73 44 0 144509 1207500 173808 6576 908750 5448
 9244.729913 44078 600 600 600 600 73 46 0 73 52 0 73 42 0 73 44 0 142008 1207500 171394 6576 908750 5448
 9244.929916 44079 600 600 600 600 73 46 0 73 52 0 73 42 0 73 44 0 142008 1207500 171394 6576 908750 5448
 9245.129893 44080 600 600 600 600 73 46 0 73 52 0 73 42 0 73 44 0 145241 1207500 175015 6576 908750 5448
 9245.329912 44081 600 600 600 600 73 46 0 73 52 0 73 42 0 73 44 0 144509 1207500 173808 6850 908750 5448
 9245.529913 44082 600 600 600 600 73 46 0 73 52 0 73 42 0 73 44 0 144509 1207500 173808 6576 908750 5448
 9245.729912 44083 600 600 600 600 73 46 0 73 52 0 73 42 0 73 44 0 144509 1207500 173808 6576 908750 5448
 9245.929914 44084 600 600 600 600 73 46 0 73 52 0 73 42 0 73 44 0 144021 1207500 173808 6576 908750 5448
 9246.129924 44085 600 600 600 600 73 46 0 73 52 0 73 42 0 73 44 0 144997 1207500 173808 6850 908750 5448
 9246.329912 44086 600 600 600 600 73 46 0 73 52 0 73 42 0 73 44 0 145241 1207500 175015 6850 908750 5448
 9246.529913 44087 600 600 600 600 73 46 0 73 52 0 73 42 0 73 44 0 145241 1207500 175015 6850 908750 5448
 9246.729907 44088 600 600 600 600 73 46 0 73 52 0 73 42 0 73 44 0 144265 1207500 173808 6850 908750 5448
 9246.929913 44089 600 600 600 600 73 46 0 73 52 0 73 42 0 73 44 0 144753 1207500 173808 6850 908750 5448
 9247.129923 44090 600 600 600 600 73 46 0 73 52 0 73 42 0 73 44 0 144753 1208750 173952 6850 908750 5448
 9247.329894 44091 600 600 600 600 73 46 0 73 52 0 73 42 0 73 44 0 144753 1208750 173952 6850 908750 5448
 9247.529912 44092 600 600 600 600 73 46 0 73 52 0 73 42 0 73 44 0 144509 1207500 173808 6576 908750 5448
 9247.729912 44093 600 600 600 600 73 46 0 73 52 0 73 42 0 73 44 0 144021 1207500 173808 6850 908750 5448
 9247.929912 44094 600 600 600 600 73 46 0 73 52 0 73 42 0 73 44 0 143716 1207500 172601 6850 908750 5448
 9248.129891 44095 600 600 600 600 73 46 0 73 52 0 73 42 0 73 44 0 145241 1207500 175015 6850 908750 5448
 9248.329913 44096 600 600 600 600 73 46 0 73 52 0 73 42 0 73 44 0 145241 1207500 175015 6850 908750 5448
 9248.529913 44097 600 600 600 600 73 46 0 73 52 0 73 42 0 73 44 0 144753 1207500 173808 6850 908750 5448
 9248.729916 44098 600 600 600 600 73 46 0 73 52 0 73 42 0 73 44 0 144997 1207500 173808 6850 908750 5448
 9248.929907 44099 600 600 600 600 73 46 0 73 52 0 73 42 0 73 44 0 144265 1207500 173808 6850 908750 5448
 9249.129923 44100 600 600 600 600 73 46 0 73 52 0 73 42 0 73 44 0 144265 1207500 173808 6850 908750 5448
 9249.329912 44101 600 600 600 600 73 46 0 73 52 0 73 42 0 73 44 0 144753 1207500 173808 6576 908750 5448
 9249.529920 44102 600 600 600 600 73 46 0 73 52 0 73 42 0 73 44 0 144753 1207500 173808 6576 908750 5448
 9249.729913 44103 600 600 600 600 73 46 0 73 52 0 73 42 0 73 44 0 144753 1207500 173808 6850 908750 5448
 9249.929916 44104 600 600 600 600 73 46 0 73 52 0 73 42 0 73 44 0 144753 1207500 173808 6850 908750 5448
 9250.129918 44105 600 600 600 600 73 46 0 73 52 0 73 42 0 73 44 0 144753 1207500 173808 6576 908750 5448
 9250.329912 44106 600 600 600 600 73 46 0 73 52 0 73 42 0 73 44 0 144753 1207500 173808 6850 908750 5448
 9250.529913 44107 600 600 600 600 73 46 0 73 52 0 73 42 0 73 44 0 145241 1207500 175015 6850 908750 5448
 9250.729913 44108 600 600 600 600 73 46 0 73 52 0 73 42 0 73 44 0 145241 1207500 175015 6850 908750 5448
 9250.929914 44109 600 600 600 600 73 46 0 73 52 0 73 42 0 73 44 0 144021 1207500 173808 6850 908750 5448
 9251.129892 44110 600 600 600 600 73 46 0 73 52 0 73 42 0 73 44 0 144021 1207500 173808 6850 908750 5448
 9251.329913 44111 600 600 600 600 73 46 0 73 52 0 73 42 0 73 44 0 144997 1207500 173808 6850 908750 5448
 9251.529913 44112 600 600 600 600 73 46 0 73 52 0 73 42 0 73 44 0 144997 1207500 173808 6850 908750 5448
 9251.729912 44113 600 600 600 600 73 46 0 73 52 0 73 42 0 73 44 0 144509 1207500 173808 6576 908750 5448
 9251.929914 44114 600 600 600 600 73 46 0 73 52 0 73 42 0 73 44 0 144265 1207500 173808 6576 908750 5448
 9252.129924 44115 600 600 600 600 73 46 0 73 52 0 73 42 0 73 44 0 144265 1207500 173808 6576 908750 5448
 9252.329913 44116 600 600 600 600 73 46 0 73 52 0 73 42 0 73 44 0 144265 1207500 173808 6576 908750 5448
 9252.529907 44117 600 600 600 600 73 46 0 73 52 0 73 42 0 73 44 0 144753 1207500 173808 6850 908750 5448
 9252.729911 44118 600 600 600 600 73 46 0 73 52 0 73 42 0 73 44 0 143716 1207500 172601 6850 908750 5448
 9252.929913 44119 600 600 600 600 73 46 0 73 52 0 73 42 0 73 44 0 144265 1207500 173808 6850 908750 5448
 9253.129922 44120 600 600 600 600 73 46 0 73 52 0 73 42 0 73 44 0 144265 1207500 173808 6850 908750 5448
 9253.329911 44121 600 600 600 600 73 46 0 73 52 0 73 42 0 73 44 0 144509 1208750 173952 6850 908750 5448
 9253.529912 44122 600 600 600 600 73 46 0 73 52 0 73 42 0 73 44 0 145241 1207500 175015 6850 908750 5448
 9253.729915 44123 600 600 600 600 73 46 0 73 52 0 73 42 0 73 44 0 144509 1207500 173808 6850 908750 5448
 9253.929892 44124 600 600 600 600 73 46 0 73 52 0 73 42 0 73 44 0 144753 1207500 173808 6850 908750 5448
 9254.129891 44125 600 600 600 600 73 46 0 73 52 0 73 42 0 73 44 0 144753 1207500 173808 6850 908750 5448
 9254.329912 44126 600 600 600 600 73 46 0 73 52 0 73 42 0 73 44 0 144997 1207500 173808 6850 908750 5448
 9254.529914 44127 600 600 600 600 73 46 0 73 52 0 73 42 0 73 44 0 144997 1207500 173808 6576 908750 5448
 9254.729906 44128 600 600 600 600 73 46 0 73 52 0 73 42 0 73 44 0 144265 1207500 173808 6850 908750 5448
 9254.929915 44129 600 600 600 600 73 46 0 73 52 0 73 42 0 73 44 0 144265 1207500 173808 6850 908750 5448
 9255.129922 44130 600 600 600 600 73 46 0 73 52 0 73 42 0 73 44 0 144265 1207500 173808 6850 908750 5448
 9255.329912 44131 600 600 600 600 73 46 0 73 52 0 73 42 0 73 44 0 144509 1207500 173808 6576 908750 5448
 9255.529912 44132 600 600 600 600 73 46 0 73 52 0 73 42 0 73 44 0 144509 1207500 173808 6576 908750 5448
 9255.729913 44133 600 600 600 600 73 46 0 73 52 0 73 42 0 73 44 0 144509 1207500 173808 6576 908750 5448
 9255.929913 44134 600 600 600 600 73 46 0 73 52 0 73 42 0 73 44 0 144753 1207500 173808 6850 908750 5448
 9256.129923 44135 600 600 600 600 73 46 0 73 52 0 73 42 0 73 44 0 145241 1207500 175015 6850 908750 5448
 9256.329911 44136 600 600 600 600 73 46 0 73 52 0 73 42 0 73 44 0 145241 1207500 175015 6850 908750 5448
 9256.529912 44137 600 600 600 600 73 46 0 73 52 0 73 42 0 73 44 0 145241 1207500 175015 6850 908750 5448
 9256.729912 44138 600 600 600 600 73 46 0 73 52 0 73 42 0 73 44 0 144509 1207500 173808 6576 908750 5448
 9256.929913 44139 600 600 600 600 73 46 0 73 52 0 73 42 0 73 44 0 144509 1207500 173808 6850 908750 5448
 9257.129887 44140 600 600 600 600 73 46 0 73 52 0 73 42 0 73 44 0 144509 1207500 173808 6850 908750 5448
 9257.329912 44141 600 600 600 600 73 46 0 73 52 0 73 42 0 73 44 0 144509 1207500 173808 6850 908750 5448
 9257.529912 44142 600 600 600 600 73 46 0 73 52 0 73 42 0 73 44 0 144753 1207500 173808 6850 908750 5448
 9257.729912 44143 600 600 600 600 73 46 0 73 52 0 73 42 0 73 44 0 144021 1207500 173808 6576 908750 5448
 9257.929914 44144 600 600 600 600 73 46 0 73 52 0 73 42 0 73 44 0 144509 1207500 173808 6576 908750 5448
 9258.129923 44145 600 600 600 600 73 46 0 73 52 0 73 42 0 73 44 0 144509 1207500 173808 6576 908750 5448
 9258.329906 44146 600 600 600 600 73 46 0 73 52 0 73 42 0 73 44 0 144753 1207500 173808 6576 908750 5448
 9258.529911 44147 600 600 600 600 73 46 0 73 52 0 73 42 0 73 44 0 144753 1207500 173808 6576 908750 5448
 9258.729912 44148 600 600 600 600 73 46 0 73 52 0 73 42 0 73 44 0 144753 1207500 173808 6576 908750 5448
 9258.929915 44149 600 600 600 600 73 46 0 73 52 0 73 42 0 73 44 0 144753 1207500 173808 6576 908750 5448
 9259.129922 44150 600 600 600 600 73 46 0 73 52 0 73 42 0 73 44 0 145485 1207500 175015 6850 908750 5448
 9259.329911 44151 600 600 600 600 73 46 0 73 52 0 73 42 0 73 44 0 144509 1207500 173808 6850 908750 5448
 9259.529912 44152 600 600 600 600 73 46 0 73 52 0 73 42 0 73 44 0 144753 1207500 173808 6850 908750 5448
 9259.729894 44153 600 600 600 600 73 46 0 73 52 0 73 42 0 73 44 0 144753 1207500 173808 6850 908750 5448
 9259.929913 44154 600 600 600 600 73 46 0 73 52 0 73 42 0 73 44 0 143472 1207500 172601 6850 908750 5448
 9260.129891 44155 600 600 600 600 73 46 0 73 52 0 73 42 0 73 44 0 144753 1207500 173808 6576 908750 5448
 9260.329912 44156 600 600 600 600 73 46 0 73 52 0 73 42 0 73 44 0 145241 1207500 175015 6850 908750 5448
 9260.529885 44157 600 600 600 600 73 46 0 73 52 0 73 42 0 73 44 0 144753 1207500 173808 6576 908750 5448
 9260.729912 44158 600 600 600 600 73 46 0 73 52 0 73 42 0 73 44 0 144753 1207500 173808 6576 908750 5448
 9260.929914 44159 600 600 600 600 73 46 0 73 52 0 73 42 0 73 44 0 144509 1207500 173808 6850 908750 5448
 9261.129923 44160 600 600 600 600 73 46 0 73 52 0 73 42 0 73 44 0 145485 1207500 175015 6576 908750 5448
 9261.329912 44161 600 600 600 600 73 46 0 73 52 0 73 42 0 73 44 0 144997 1207500 173808 6850 908750 5448
 9261.529912 44162 600 600 600 600 73 46 0 73 52 0 73 42 0 73 44 0 144997 1207500 173808 6850 908750 5448
 9261.729912 44163 600 600 600 600 73 46 0 73 52 0 73 42 0 73 44 0 144509 1208750 173952 6850 908750 5448
 9261.929915 44164 600 600 600 600 73 46 0 73 52 0 73 42 0 73 44 0 144509 1207500 173808 6850 908750 5448
 9262.129923 44165 600 600 600 600 73 46 0 73 52 0 73 42 0 73 44 0 144997 1207500 173808 6576 908750 5448
 9262.329912 44166 600 600 600 600 73 46 0 73 52 0 73 42 0 73 44 0 144997 1207500 173808 6576 908750 5448
 9262.529912 44167 600 600 600 600 73 46 0 73 52 0 73 42 0 73 44 0 144753 1207500 173808 6850 908750 5448
 9262.729912 44168 600 600 600 600 73 46 0 73 52 0 73 42 0 73 44 0 144753 1207500 173808 6850 908750 5448
 9262.929907 44169 600 600 600 600 73 46 0 73 52 0 73 42 0 73 44 0 144753 1208750 173952 6850 908750 5448
 9263.129890 44170 600 600 600 600 73 46 0 73 52 0 73 42 0 73 44 0 144753 1208750 173952 6850 908750 5448
 9263.329911 44171 600 600 600 600 73 46 0 73 52 0 73 42 0 73 44 0 144997 1207500 173808 6850 908750 5448
 9263.529912 44172 600 600 600 600 73 46 0 73 52 0 73 42 0 73 44 0 144753 1207500 173808 6850 908750 5448
 9263.729912 44173 600 600 600 600 73 46 0 73 52 0 73 42 0 73 44 0 144509 1207500 173808 6850 908750 5448
 9263.929915 44174 600 600 600 600 73 46 0 73 52 0 73 42 0 73 44 0 144509 1207500 173808 6850 908750 5448
 9264.129923 44175 600 600 600 600 73 46 0 73 52 0 73 42 0 73 44 0 144753 1207500 173808 6850 908750 5448
 9264.329912 44176 600 600 600 600 73 46 0 73 52 0 73 42 0 73 44 0 144997 1207500 173808 6850 908750 5448
 9264.529913 44177 600 600 600 600 73 46 0 73 52 0 73 42 0 73 44 0 143716 1207500 172601 6576 908750 5448
 9264.729911 44178 600 600 600 600 73 46 0 73 52 0 73 42 0 73 44 0 143716 1207500 172601 6576 908750 5448
 9264.929913 44179 600 600 600 600 73 46 0 73 52 0 73 42 0 73 44 0 144997 1207500 173808 6850 908750 5448
 9265.129938 44180 600 600 600 600 73 46 0 73 52 0 73 42 0 73 44 0 144021 1207500 173808 6576 908750 5448
 9265.329907 44181 600 600 600 600 73 46 0 73 52 0 73 42 0 73 44 0 99735 1208750 119592 6850 908750 5448
 9265.529912 44182 600 600 600 600 73 46 0 73 52 0 73 42 0 73 44 0 99735 1208750 119592 6850 908750 5448
 9265.729911 44183 600 600 600 600 73 46 0 73 52 0 73 42 0 73 44 0 22509 1208750 26576 6850 908750 5448
 9265.929915 44184 600 600 600 600 73 46 0 73 52 0 73 42 0 73 44 0 22997 1208750 26576 6576 908750 5448
