 3333.324887 14522 1500 1500 1500 1500 75 46 0 75 52 0 75 42 0 75 44 0 5978 950000 4750 79460 1132500 89428
 3333.524911 14523 1500 1500 1500 1500 75 46 0 75 52 0 75 42 0 75 44 0 5978 950000 4750 79460 1132500 89428
 3333.724911 14524 1500 1500 1500 1500 75 46 0 75 52 0 75 42 0 75 44 0 5978 950000 4750 83296 1132500 93956
 3333.924910 14525 1500 1500 1500 1500 75 46 0 75 52 0 75 42 0 75 44 0 5978 950000 4750 80830 1132500 90560
 3334.124920 14526 1500 1500 1500 1500 74 46 0 74 52 0 74 42 0 74 44 0 5978 950000 4750 80008 1132500 90560
 3334.324911 14527 1500 1500 1500 1500 74 46 0 74 52 0 74 42 0 74 44 0 5978 950000 4750 80008 1132500 90560
 3334.524911 14528 1500 1500 1500 1500 74 46 0 74 52 0 74 42 0 74 44 0 5978 950000 4750 78912 1132500 88296
 3334.724907 14529 1500 1500 1500 1500 74 46 0 74 52 0 74 42 0 74 44 0 5978 950000 4750 75350 1132500 84900
 3334.924910 14530 1500 1500 1500 1500 74 46 0 74 52 0 74 42 0 74 44 0 5978 950000 4750 75624 1132500 84900
 3335.124911 14531 1500 1500 1500 1500 74 46 0 74 52 0 74 42 0 74 44 0 5978 950000 4750 75624 1132500 84900
 3335.324910 14532 1500 1500 1500 1500 74 46 0 74 52 0 74 42 0 74 44 0 5978 950000 4750 275644 1133750 311575
 3335.524910 14533 1500 1500 1500 1500 74 46 0 74 52 0 74 42 0 74 44 0 5978 950000 4750 115080 1132500 130180
 3335.724910 14534 1500 1500 1500 1500 74 46 0 74 52 0 74 42 0 74 44 0 5978 950000 4750 79734 1132500 89428
 3335.924932 14535 1500 1500 1500 1500 74 46 0 74 52 0 74 42 0 74 44 0 5978 950000 4750 79734 1132500 89428
 3336.124984 14536 1500 1500 1500 1500 75 46 0 75 52 0 75 42 0 75 44 0 5734 950000 4750 200294 1133750 226600
 3336.325017 14537 1500 1500 1500 1500 75 46 0 75 52 0 75 42 0 75 44 0 5734 950000 4750 1034624 1138750 1176692
 3336.524950 14538 1500 1500 1500 1500 75 46 0 75 52 0 75 42 0 75 44 0 5734 950000 4750 1156006 1138750 1315528
 3336.724874 14539 1500 1500 1500 1500 75 46 0 75 52 0 75 42 0 75 44 0 5978 950000 4750 918448 1137500 1043766
 3336.924880 14540 1500 1500 1500 1500 75 46 0 75 52 0 75 42 0 75 44 0 5978 950000 4750 918448 1137500 1043766
 3337.125066 14541 1400 1400 1400 1400 83 46 0 83 52 0 83 42 0 83 44 0 5978 950000 4750 1194914 1138750 1358772
 3337.325066 14542 1400 1400 1400 1400 83 46 0 83 52 0 83 42 0 83 44 0 5978 950000 4750 1139566 1138750 1296182
 3337.524910 14543 1400 1400 1400 1400 83 46 0 83 52 0 83 42 0 83 44 0 5978 950000 4750 385792 1097500 422345
 3337.724913 14544 1400 1400 1400 1400 83 46 0 83 52 0 83 42 0 83 44 0 5978 950000 4750 385792 1097500 422345
 3337.924913 14545 1400 1400 1400 1400 83 46 0 83 52 0 83 42 0 83 44 0 5978 950000 4750 153714 1095000 167535
 3338.124909 14546 1400 1400 1400 1400 74 46 0 74 52 0 74 42 0 74 44 0 5978 950000 4750 72062 1095000 78840
 3338.325032 14547 1400 1400 1400 1400 74 46 0 74 52 0 74 42 0 74 44 0 5978 950000 4750 178100 1096250 195088
 3338.524937 14548 1400 1400 1400 1400 74 46 0 74 52 0 74 42 0 74 44 0 5978 950000 4750 178100 1096250 195088
 3338.724976 14549 1400 1400 1400 1400 74 46 0 74 52 0 74 42 0 74 44 0 5978 950000 4750 906392 1100000 996600
 3338.924975 14550 1400 1400 1400 1400 74 46 0 74 52 0 74 42 0 74 44 0 5978 950000 4750 1050242 1100000 1155000
 3339.124939 14551 1400 1400 1400 1400 76 46 0 76 52 0 76 42 0 76 44 0 5734 950000 4750 912694 1100000 1003200
 3339.324923 14552 1400 1400 1400 1400 76 46 0 76 52 0 76 42 0 76 44 0 5734 950000 4750 912694 1100000 1003200
 3339.524923 14553 1400 1400 1400 1400 76 46 0 76 52 0 76 42 0 76 44 0 5734 950000 4750 939272 1100000 1032900
 3339.724923 14554 1400 1400 1400 1400 76 46 0 76 52 0 76 42 0 76 44 0 5978 950000 4750 946122 1100000 1040600
 3339.924923 14555 1400 1400 1400 1400 76 46 0 76 52 0 76 42 0 76 44 0 5978 950000 4750 935984 1098750 1026630
 3340.124933 14556 1400 1400 1400 1400 76 46 0 76 52 0 76 42 0 76 44 0 5978 950000 4750 935984 1098750 1026630
 3340.324923 14557 1400 1400 1400 1400 76 46 0 76 52 0 76 42 0 76 44 0 5978 950000 4750 934340 1098750 1025532
 3340.524919 14558 1400 1400 1400 1400 76 46 0 76 52 0 76 42 0 76 44 0 5978 950000 4750 934614 1100000 1027400
 3340.724923 14559 1400 1400 1400 1400 76 46 0 76 52 0 76 42 0 76 44 0 5978 950000 4750 934066 1100000 1027400
 3340.924922 14560 1400 1400 1400 1400 76 46 0 76 52 0 76 42 0 76 44 0 5978 950000 4750 934066 1100000 1027400
 3341.124933 14561 1400 1400 1400 1400 76 46 0 76 52 0 76 42 0 76 44 0 5734 950000 4750 938176 1100000 1031800
 3341.324923 14562 1400 1400 1400 1400 76 46 0 76 52 0 76 42 0 76 44 0 5734 950000 4750 945300 1100000 1039500
 3341.524926 14563 1400 1400 1400 1400 76 46 0 76 52 0 76 42 0 76 44 0 5978 950000 4750 937902 1098750 1028826
 3341.724923 14564 1400 1400 1400 1400 76 46 0 76 52 0 76 42 0 76 44 0 5978 950000 4750 937902 1098750 1028826
 3341.924918 14565 1400 1400 1400 1400 76 46 0 76 52 0 76 42 0 76 44 0 5978 950000 4750 936806 1100000 1029600
 3342.124933 14566 1400 1400 1400 1400 76 46 0 76 52 0 76 42 0 76 44 0 5734 950000 4750 934888 1100000 1027400
 3342.324922 14567 1400 1400 1400 1400 76 46 0 76 52 0 76 42 0 76 44 0 5978 950000 4750 936806 1100000 1029600
 3342.524905 14568 1400 1400 1400 1400 76 46 0 76 52 0 76 42 0 76 44 0 5978 950000 4750 936806 1100000 1029600
 3342.724923 14569 1400 1400 1400 1400 76 46 0 76 52 0 76 42 0 76 44 0 5734 950000 4750 935710 1100000 1028500
 3342.924920 14570 1400 1400 1400 1400 76 46 0 76 52 0 76 42 0 76 44 0 5978 950000 4750 935984 1100000 1028500
 3343.124935 14571 1400 1400 1400 1400 76 46 0 76 52 0 76 42 0 76 44 0 5734 950000 4750 938450 1100000 1031800
 3343.324922 14572 1400 1400 1400 1400 76 46 0 76 52 0 76 42 0 76 44 0 5978 950000 4750 937628 1100000 1030700
 3343.524922 14573 1400 1400 1400 1400 76 46 0 76 52 0 76 42 0 76 44 0 5978 950000 4750 937628 1100000 1030700
 3343.724923 14574 1400 1400 1400 1400 76 46 0 76 52 0 76 42 0 76 44 0 5978 950000 4750 937628 1100000 1030700
 3343.924922 14575 1400 1400 1400 1400 76 46 0 76 52 0 76 42 0 76 44 0 5978 950000 4750 936258 1100000 1029600
 3344.124932 14576 1400 1400 1400 1400 76 46 0 76 52 0 76 42 0 76 44 0 5978 950000 4750 938450 1100000 1031800
 3344.324923 14577 1400 1400 1400 1400 76 46 0 76 52 0 76 42 0 76 44 0 5978 950000 4750 938450 1100000 1031800
 3344.524922 14578 1400 1400 1400 1400 76 46 0 76 52 0 76 42 0 76 44 0 5978 950000 4750 936806 1100000 1029600
 3344.724922 14579 1400 1400 1400 1400 76 46 0 76 52 0 76 42 0 76 44 0 5978 950000 4750 939272 1100000 1032900
 3344.924922 14580 1400 1400 1400 1400 76 46 0 76 52 0 76 42 0 76 44 0 5978 950000 4750 940094 1100000 1034000
 3345.124932 14581 1400 1400 1400 1400 76 46 0 76 52 0 76 42 0 76 44 0 5978 950000 4750 940094 1100000 1034000
 3345.324919 14582 1400 1400 1400 1400 76 46 0 76 52 0 76 42 0 76 44 0 5978 950000 4750 941464 1100000 1035100
 3345.524923 14583 1400 1400 1400 1400 76 46 0 76 52 0 76 42 0 76 44 0 5978 950000 4750 940642 1100000 1034000
 3345.724922 14584 1400 1400 1400 1400 76 46 0 76 52 0 76 42 0 76 44 0 5978 950000 4750 938450 1100000 1031800
 3345.924923 14585 1400 1400 1400 1400 76 46 0 76 52 0 76 42 0 76 44 0 5978 950000 4750 938450 1100000 1031800
 3346.124932 14586 1400 1400 1400 1400 76 46 0 76 52 0 76 42 0 76 44 0 6222 950000 5700 936806 1100000 1029600
 3346.324923 14587 1400 1400 1400 1400 76 46 0 76 52 0 76 42 0 76 44 0 5978 950000 4750 939546 1100000 1032900
 3346.524923 14588 1400 1400 1400 1400 76 46 0 76 52 0 76 42 0 76 44 0 5978 950000 4750 937354 1100000 1030700
 3346.724924 14589 1400 1400 1400 1400 76 46 0 76 52 0 76 42 0 76 44 0 5978 950000 4750 937354 1100000 1030700
 3346.924923 14590 1400 1400 1400 1400 76 46 0 76 52 0 76 42 0 76 44 0 5978 950000 4750 937628 1100000 1030700
 3347.124932 14591 1400 1400 1400 1400 76 46 0 76 52 0 76 42 0 76 44 0 5978 950000 4750 937628 1100000 1030700
 3347.324923 14592 1400 1400 1400 1400 76 46 0 76 52 0 76 42 0 76 44 0 5978 950000 4750 936806 1100000 1029600
 3347.524922 14593 1400 1400 1400 1400 76 46 0 76 52 0 76 42 0 76 44 0 5978 950000 4750 936806 1100000 1029600
 3347.724923 14594 1400 1400 1400 1400 76 46 0 76 52 0 76 42 0 76 44 0 5978 950000 4750 935984 1100000 1028500
 3347.924922 14595 1400 1400 1400 1400 76 46 0 76 52 0 76 42 0 76 44 0 6222 950000 5700 935162 1100000 1028500
 3348.124932 14596 1400 1400 1400 1400 76 46 0 76 52 0 76 42 0 76 44 0 5978 950000 4750 936806 1100000 1029600
 3348.324922 14597 1400 1400 1400 1400 76 46 0 76 52 0 76 42 0 76 44 0 5978 950000 4750 936806 1100000 1029600
 3348.524922 14598 1400 1400 1400 1400 76 46 0 76 52 0 76 42 0 76 44 0 5978 950000 4750 935162 1100000 1028500
 3348.724919 14599 1400 1400 1400 1400 76 46 0 76 52 0 76 42 0 76 44 0 5978 950000 4750 937354 1100000 1030700
 3348.924923 14600 1400 1400 1400 1400 76 46 0 76 52 0 76 42 0 76 44 0 5978 950000 4750 936806 1100000 1029600
 3349.124910 14601 1400 1400 1400 1400 76 46 0 76 52 0 76 42 0 76 44 0 5734 950000 4750 936806 1100000 1029600
 3349.324922 14602 1400 1400 1400 1400 76 46 0 76 52 0 76 42 0 76 44 0 5734 950000 4750 936806 1100000 1029600
 3349.524922 14603 1400 1400 1400 1400 76 46 0 76 52 0 76 42 0 76 44 0 5978 950000 4750 938998 1100000 1031800
 3349.724922 14604 1400 1400 1400 1400 76 46 0 76 52 0 76 42 0 76 44 0 5978 950000 4750 936806 1100000 1029600
 3349.924923 14605 1400 1400 1400 1400 76 46 0 76 52 0 76 42 0 76 44 0 5978 950000 4750 936532 1100000 1029600
 3350.124932 14606 1400 1400 1400 1400 76 46 0 76 52 0 76 42 0 76 44 0 5978 950000 4750 936532 1100000 1029600
 3350.324922 14607 1400 1400 1400 1400 76 46 0 76 52 0 76 42 0 76 44 0 5978 950000 4750 936532 1100000 1029600
 3350.524922 14608 1400 1400 1400 1400 76 46 0 76 52 0 76 42 0 76 44 0 5978 950000 4750 938176 1100000 1031800
 3350.724922 14609 1400 1400 1400 1400 76 46 0 76 52 0 76 42 0 76 44 0 5978 950000 4750 937628 1100000 1030700
 3350.924923 14610 1400 1400 1400 1400 76 46 0 76 52 0 76 42 0 76 44 0 5978 950000 4750 937628 1100000 1030700
 3351.124929 14611 1400 1400 1400 1400 76 46 0 76 52 0 76 42 0 76 44 0 5978 950000 4750 939820 1100000 1032900
 3351.324922 14612 1400 1400 1400 1400 76 46 0 76 52 0 76 42 0 76 44 0 5978 950000 4750 936806 1100000 1029600
 3351.524922 14613 1400 1400 1400 1400 76 46 0 76 52 0 76 42 0 76 44 0 5978 950000 4750 937628 1100000 1030700
 3351.724922 14614 1400 1400 1400 1400 76 46 0 76 52 0 76 42 0 76 44 0 5978 950000 4750 937628 1100000 1030700
 3351.924923 14615 1400 1400 1400 1400 76 46 0 76 52 0 76 42 0 76 44 0 5978 950000 4750 939272 1100000 1032900
 3352.124932 14616 1400 1400 1400 1400 76 46 0 76 52 0 76 42 0 76 44 0 5978 950000 4750 938176 1100000 1031800
 3352.324922 14617 1400 1400 1400 1400 76 46 0 76 52 0 76 42 0 76 44 0 5978 950000 4750 940094 1100000 1034000
 3352.524922 14618 1400 1400 1400 1400 76 46 0 76 52 0 76 42 0 76 44 0 5978 950000 4750 940094 1100000 1034000
 3352.724922 14619 1400 1400 1400 1400 76 46 0 76 52 0 76 42 0 76 44 0 5978 950000 4750 940368 1100000 1034000
 3352.924922 14620 1400 1400 1400 1400 76 46 0 76 52 0 76 42 0 76 44 0 5978 950000 4750 940368 1100000 1034000
 3353.124932 14621 1400 1400 1400 1400 76 46 0 76 52 0 76 42 0 76 44 0 5978 950000 4750 939546 1098750 1031022
 3353.324921 14622 1400 1400 1400 1400 76 46 0 76 52 0 76 42 0 76 44 0 5978 950000 4750 939546 1098750 1031022
 3353.524919 14623 1400 1400 1400 1400 76 46 0 76 52 0 76 42 0 76 44 0 5978 950000 4750 940916 1100000 1034000
 3353.724922 14624 1400 1400 1400 1400 76 46 0 76 52 0 76 42 0 76 44 0 5978 950000 4750 937902 1100000 1030700
 3353.924921 14625 1400 1400 1400 1400 77 46 0 77 52 0 77 42 0 77 44 0 5978 950000 4750 937354 1100000 1030700
 3354.124933 14626 1400 1400 1400 1400 76 46 0 76 52 0 76 42 0 76 44 0 5978 950000 4750 937354 1100000 1030700
 3354.324923 14627 1400 1400 1400 1400 76 46 0 76 52 0 76 42 0 76 44 0 5978 950000 4750 939820 1100000 1032900
 3354.524923 14628 1400 1400 1400 1400 76 46 0 76 52 0 76 42 0 76 44 0 5978 950000 4750 942012 1100000 1036200
 3354.724923 14629 1400 1400 1400 1400 76 46 0 76 52 0 76 42 0 76 44 0 5978 950000 4750 938998 1100000 1031800
 3354.924906 14630 1400 1400 1400 1400 76 46 0 76 52 0 76 42 0 76 44 0 5978 950000 4750 938998 1100000 1031800
 3355.124933 14631 1400 1400 1400 1400 76 46 0 76 52 0 76 42 0 76 44 0 5978 950000 4750 938450 1100000 1031800
 3355.324922 14632 1400 1400 1400 1400 76 46 0 76 52 0 76 42 0 76 44 0 5978 950000 4750 940368 1100000 1034000
 3355.524922 14633 1400 1400 1400 1400 76 46 0 76 52 0 76 42 0 76 44 0 5978 950000 4750 938724 1100000 1031800
 3355.724899 14634 1400 1400 1400 1400 76 46 0 76 52 0 76 42 0 76 44 0 5978 950000 4750 938176 1100000 1031800
 3355.924922 14635 1400 1400 1400 1400 76 46 0 76 52 0 76 42 0 76 44 0 5978 950000 4750 938176 1100000 1031800
 3356.124996 14636 1400 1400 1400 1400 76 46 0 76 52 0 76 42 0 76 44 0 5978 950000 4750 939272 1098750 1031022
 3356.324900 14637 1400 1400 1400 1400 76 46 0 76 52 0 76 42 0 76 44 0 5978 950000 4750 942286 1100000 1036200
 3356.524900 14638 1400 1400 1400 1400 76 46 0 76 52 0 76 42 0 76 44 0 5978 950000 4750 941464 1100000 1035100
 3356.724900 14639 1400 1400 1400 1400 76 46 0 76 52 0 76 42 0 76 44 0 5978 950000 4750 941464 1100000 1035100
 3356.924899 14640 1400 1400 1400 1400 76 46 0 76 52 0 76 42 0 76 44 0 5978 950000 4750 937628 1100000 1030700
 3357.124900 14641 1400 1400 1400 1400 77 46 0 77 52 0 77 42 0 77 44 0 5978 950000 4750 935984 1100000 1028500
 3357.324900 14642 1400 1400 1400 1400 77 46 0 77 52 0 77 42 0 77 44 0 5978 950000 4750 937902 1100000 1030700
 3357.524901 14643 1400 1400 1400 1400 77 46 0 77 52 0 77 42 0 77 44 0 5978 950000 4750 937902 1100000 1030700
 3357.724901 14644 1400 1400 1400 1400 77 46 0 77 52 0 77 42 0 77 44 0 6222 950000 5700 935162 1100000 1028500
 3357.924900 14645 1400 1400 1400 1400 77 46 0 77 52 0 77 42 0 77 44 0 5978 950000 4750 936806 1100000 1029600
 3358.124900 14646 1400 1400 1400 1400 76 46 0 76 52 0 76 42 0 76 44 0 5978 950000 4750 936806 1100000 1029600
 3358.324900 14647 1400 1400 1400 1400 76 46 0 76 52 0 76 42 0 76 44 0 5978 950000 4750 936806 1100000 1029600
 3358.524899 14648 1400 1400 1400 1400 76 46 0 76 52 0 76 42 0 76 44 0 5978 950000 4750 936532 1100000 1029600
 3358.724899 14649 1400 1400 1400 1400 76 46 0 76 52 0 76 42 0 76 44 0 5978 950000 4750 938450 1100000 1031800
 3358.924899 14650 1400 1400 1400 1400 76 46 0 76 52 0 76 42 0 76 44 0 6222 950000 5700 934888 1100000 1027400
 3359.124899 14651 1400 1400 1400 1400 76 46 0 76 52 0 76 42 0 76 44 0 6222 950000 5700 934888 1100000 1027400
 3359.324901 14652 1400 1400 1400 1400 76 46 0 76 52 0 76 42 0 76 44 0 5978 950000 4750 937628 1100000 1030700
 3359.524900 14653 1400 1400 1400 1400 76 46 0 76 52 0 76 42 0 76 44 0 5978 950000 4750 937628 1100000 1030700
 3359.724900 14654 1400 1400 1400 1400 76 46 0 76 52 0 76 42 0 76 44 0 5978 950000 4750 939546 1100000 1032900
 3359.924899 14655 1400 1400 1400 1400 76 46 0 76 52 0 76 42 0 76 44 0 5978 950000 4750 939546 1100000 1032900
 3360.124899 14656 1400 1400 1400 1400 76 46 0 76 52 0 76 42 0 76 44 0 5734 950000 4750 939272 1100000 1032900
 3360.324899 14657 1400 1400 1400 1400 76 46 0 76 52 0 76 42 0 76 44 0 5978 950000 4750 940094 1100000 1034000
 3360.524900 14658 1400 1400 1400 1400 76 46 0 76 52 0 76 42 0 76 44 0 5978 950000 4750 940368 1100000 1034000
 3360.724899 14659 1400 1400 1400 1400 76 46 0 76 52 0 76 42 0 76 44 0 5978 950000 4750 940368 1100000 1034000
 3360.924899 14660 1400 1400 1400 1400 76 46 0 76 52 0 76 42 0 76 44 0 5978 950000 4750 938450 1100000 1031800
 3361.124934 14661 1400 1400 1400 1400 76 46 0 76 52 0 76 42 0 76 44 0 5978 950000 4750 937902 1100000 1030700
 3361.324919 14662 1400 1400 1400 1400 76 46 0 76 52 0 76 42 0 76 44 0 5978 950000 4750 938176 1100000 1031800
 3361.525399 14663 1400 1400 1400 1400 76 46 0 76 52 0 76 42 0 76 44 0 5978 950000 4750 938176 1100000 1031800
 3361.724904 14664 1400 1400 1400 1400 76 46 0 76 52 0 76 42 0 76 44 0 5978 950000 4750 940094 1100000 1034000
 3361.924905 14665 1400 1400 1400 1400 76 46 0 76 52 0 76 42 0 76 44 0 5978 950000 4750 940368 1100000 1034000
 3362.124904 14666 1400 1400 1400 1400 76 46 0 76 52 0 76 42 0 76 44 0 5978 950000 4750 941464 1100000 1035100
 3362.324905 14667 1400 1400 1400 1400 76 46 0 76 52 0 76 42 0 76 44 0 5978 950000 4750 941464 1100000 1035100
 3362.524904 14668 1400 1400 1400 1400 76 46 0 76 52 0 76 42 0 76 44 0 5978 950000 4750 941464 1100000 1035100
 3362.724905 14669 1400 1400 1400 1400 76 46 0 76 52 0 76 42 0 76 44 0 5978 950000 4750 936806 1100000 1029600
 3362.924902 14670 1400 1400 1400 1400 76 46 0 76 52 0 76 42 0 76 44 0 5978 950000 4750 937628 1100000 1030700
 3363.124915 14671 1400 1400 1400 1400 76 46 0 76 52 0 76 42 0 76 44 0 5978 950000 4750 939820 1100000 1032900
 3363.324906 14672 1400 1400 1400 1400 76 46 0 76 52 0 76 42 0 76 44 0 5978 950000 4750 939820 1100000 1032900
 3363.524905 14673 1400 1400 1400 1400 76 46 0 76 52 0 76 42 0 76 44 0 5978 950000 4750 939820 1100000 1032900
 3363.724904 14674 1400 1400 1400 1400 76 46 0 76 52 0 76 42 0 76 44 0 6222 950000 5700 939546 1100000 1032900
 3363.924900 14675 1400 1400 1400 1400 76 46 0 76 52 0 76 42 0 76 44 0 5978 950000 4750 938450 1100000 1031800
 3364.124916 14676 1400 1400 1400 1400 77 46 0 77 52 0 77 42 0 77 44 0 5978 950000 4750 938450 1100000 1031800
 3364.324905 14677 1400 1400 1400 1400 77 46 0 77 52 0 77 42 0 77 44 0 5978 950000 4750 939546 1100000 1032900
 3364.524904 14678 1400 1400 1400 1400 77 46 0 77 52 0 77 42 0 77 44 0 5978 950000 4750 937080 1100000 1030700
 3364.724923 14679 1400 1400 1400 1400 77 46 0 77 52 0 77 42 0 77 44 0 5978 950000 4750 973796 1100000 1070300
 3364.924922 14680 1400 1400 1400 1400 77 46 0 77 52 0 77 42 0 77 44 0 5978 950000 4750 973796 1100000 1070300
 3365.124932 14681 1400 1400 1400 1400 76 46 0 76 52 0 76 42 0 76 44 0 6222 950000 5700 936258 1100000 1029600
 3365.324923 14682 1400 1400 1400 1400 76 46 0 76 52 0 76 42 0 76 44 0 5978 950000 4750 939546 1100000 1032900
 3365.524923 14683 1400 1400 1400 1400 76 46 0 76 52 0 76 42 0 76 44 0 5978 950000 4750 939820 1100000 1032900
 3365.724922 14684 1400 1400 1400 1400 76 46 0 76 52 0 76 42 0 76 44 0 5978 950000 4750 939820 1100000 1032900
 3365.924921 14685 1400 1400 1400 1400 76 46 0 76 52 0 76 42 0 76 44 0 5978 950000 4750 939820 1100000 1032900
 3366.124933 14686 1400 1400 1400 1400 77 46 0 77 52 0 77 42 0 77 44 0 5978 950000 4750 940642 1100000 1034000
 3366.324918 14687 1400 1400 1400 1400 77 46 0 77 52 0 77 42 0 77 44 0 5978 950000 4750 939820 1100000 1032900
 3366.524922 14688 1400 1400 1400 1400 77 46 0 77 52 0 77 42 0 77 44 0 5978 950000 4750 939820 1100000 1032900
 3366.724922 14689 1400 1400 1400 1400 77 46 0 77 52 0 77 42 0 77 44 0 5978 950000 4750 938176 1100000 1031800
 3366.924923 14690 1400 1400 1400 1400 77 46 0 77 52 0 77 42 0 77 44 0 5978 950000 4750 937354 1100000 1030700
 3367.124933 14691 1400 1400 1400 1400 77 46 0 77 52 0 77 42 0 77 44 0 5978 950000 4750 937354 1100000 1030700
 3367.324924 14692 1400 1400 1400 1400 77 46 0 77 52 0 77 42 0 77 44 0 5978 950000 4750 937354 1100000 1030700
 3367.524922 14693 1400 1400 1400 1400 77 46 0 77 52 0 77 42 0 77 44 0 5978 950000 4750 940094 1100000 1034000
 3367.724923 14694 1400 1400 1400 1400 77 46 0 77 52 0 77 42 0 77 44 0 5978 950000 4750 939820 1100000 1032900
 3367.924922 14695 1400 1400 1400 1400 77 46 0 77 52 0 77 42 0 77 44 0 5978 950000 4750 938176 1100000 1031800
 3368.124912 14696 1400 1400 1400 1400 77 46 0 77 52 0 77 42 0 77 44 0 5978 950000 4750 935984 1100000 1028500
 3368.324922 14697 1400 1400 1400 1400 77 46 0 77 52 0 77 42 0 77 44 0 5978 950000 4750 935984 1100000 1028500
 3368.524922 14698 1400 1400 1400 1400 77 46 0 77 52 0 77 42 0 77 44 0 6222 950000 5700 937902 1100000 1030700
 3368.724918 14699 1400 1400 1400 1400 77 46 0 77 52 0 77 42 0 77 44 0 5978 950000 4750 935162 1100000 1028500
 3368.924921 14700 1400 1400 1400 1400 77 46 0 77 52 0 77 42 0 77 44 0 5978 950000 4750 936258 1100000 1029600
 3369.124934 14701 1400 1400 1400 1400 77 46 0 77 52 0 77 42 0 77 44 0 5978 950000 4750 936258 1100000 1029600
 3369.324925 14702 1400 1400 1400 1400 77 46 0 77 52 0 77 42 0 77 44 0 5978 950000 4750 939546 1100000 1032900
 3369.524923 14703 1400 1400 1400 1400 77 46 0 77 52 0 77 42 0 77 44 0 5978 950000 4750 945574 1100000 1039500
 3369.724923 14704 1400 1400 1400 1400 77 46 0 77 52 0 77 42 0 77 44 0 5978 950000 4750 938724 1100000 1031800
 3369.924924 14705 1400 1400 1400 1400 77 46 0 77 52 0 77 42 0 77 44 0 5978 950000 4750 938724 1100000 1031800
 3370.124932 14706 1400 1400 1400 1400 77 46 0 77 52 0 77 42 0 77 44 0 6222 950000 5700 935984 1100000 1028500
 3370.324922 14707 1400 1400 1400 1400 77 46 0 77 52 0 77 42 0 77 44 0 5978 950000 4750 936532 1100000 1029600
 3370.524922 14708 1400 1400 1400 1400 77 46 0 77 52 0 77 42 0 77 44 0 5978 950000 4750 937628 1100000 1030700
 3370.724922 14709 1400 1400 1400 1400 77 46 0 77 52 0 77 42 0 77 44 0 5978 950000 4750 937628 1100000 1030700
 3370.924923 14710 1400 1400 1400 1400 77 46 0 77 52 0 77 42 0 77 44 0 6222 950000 5700 937354 1100000 1030700
 3371.124921 14711 1400 1400 1400 1400 77 46 0 77 52 0 77 42 0 77 44 0 5978 950000 4750 937902 1100000 1030700
 3371.324923 14712 1400 1400 1400 1400 77 46 0 77 52 0 77 42 0 77 44 0 5978 950000 4750 949684 1100000 1043900
 3371.524923 14713 1400 1400 1400 1400 77 46 0 77 52 0 77 42 0 77 44 0 5978 950000 4750 949684 1100000 1043900
 3371.724923 14714 1400 1400 1400 1400 77 46 0 77 52 0 77 42 0 77 44 0 5978 950000 4750 941464 1100000 1035100
 3371.924922 14715 1400 1400 1400 1400 77 46 0 77 52 0 77 42 0 77 44 0 5978 950000 4750 937902 1100000 1030700
 3372.124933 14716 1400 1400 1400 1400 76 46 0 76 52 0 76 42 0 76 44 0 5978 950000 4750 942560 1100000 1036200
 3372.324922 14717 1400 1400 1400 1400 76 46 0 76 52 0 76 42 0 76 44 0 5978 950000 4750 942560 1100000 1036200
 3372.524922 14718 1400 1400 1400 1400 76 46 0 76 52 0 76 42 0 76 44 0 5978 950000 4750 939272 1100000 1032900
 3372.724923 14719 1400 1400 1400 1400 76 46 0 76 52 0 76 42 0 76 44 0 5978 950000 4750 938176 1100000 1031800
 3372.924923 14720 1400 1400 1400 1400 76 46 0 76 52 0 76 42 0 76 44 0 6222 950000 5700 940916 1100000 1034000
 3373.124933 14721 1400 1400 1400 1400 76 46 0 76 52 0 76 42 0 76 44 0 6222 950000 5700 940916 1100000 1034000
 3373.324923 14722 1400 1400 1400 1400 76 46 0 76 52 0 76 42 0 76 44 0 5978 950000 4750 941190 1100000 1035100
 3373.524919 14723 1400 1400 1400 1400 76 46 0 76 52 0 76 42 0 76 44 0 5978 950000 4750 938450 1100000 1031800
 3373.724921 14724 1400 1400 1400 1400 76 46 0 76 52 0 76 42 0 76 44 0 5978 950000 4750 939272 1100000 1032900
 3373.924905 14725 1400 1400 1400 1400 76 46 0 76 52 0 76 42 0 76 44 0 5978 950000 4750 939272 1100000 1032900
 3374.124932 14726 1400 1400 1400 1400 77 46 0 77 52 0 77 42 0 77 44 0 5978 950000 4750 937628 1100000 1030700
 3374.324923 14727 1400 1400 1400 1400 77 46 0 77 52 0 77 42 0 77 44 0 5978 950000 4750 938450 1100000 1031800
 3374.524922 14728 1400 1400 1400 1400 77 46 0 77 52 0 77 42 0 77 44 0 5978 950000 4750 943930 1100000 1037300
 3374.724922 14729 1400 1400 1400 1400 77 46 0 77 52 0 77 42 0 77 44 0 5978 950000 4750 939820 1100000 1032900
 3374.924922 14730 1400 1400 1400 1400 77 46 0 77 52 0 77 42 0 77 44 0 5978 950000 4750 939820 1100000 1032900
 3375.124932 14731 1400 1400 1400 1400 77 46 0 77 52 0 77 42 0 77 44 0 5978 950000 4750 942012 1100000 1036200
 3375.324923 14732 1400 1400 1400 1400 77 46 0 77 52 0 77 42 0 77 44 0 5978 950000 4750 938998 1100000 1031800
 3375.524923 14733 1400 1400 1400 1400 77 46 0 77 52 0 77 42 0 77 44 0 5978 950000 4750 938176 1100000 1031800
 3375.724923 14734 1400 1400 1400 1400 77 46 0 77 52 0 77 42 0 77 44 0 5978 950000 4750 938176 1100000 1031800
 3375.924919 14735 1400 1400 1400 1400 77 46 0 77 52 0 77 42 0 77 44 0 5978 950000 4750 937080 1100000 1030700
 3376.124933 14736 1400 1400 1400 1400 76 46 0 76 52 0 76 42 0 76 44 0 5978 950000 4750 938998 1100000 1031800
 3376.324922 14737 1400 1400 1400 1400 76 46 0 76 52 0 76 42 0 76 44 0 5978 950000 4750 938998 1100000 1031800
 3376.524923 14738 1400 1400 1400 1400 76 46 0 76 52 0 76 42 0 76 44 0 5978 950000 4750 938998 1100000 1031800
 3376.724922 14739 1400 1400 1400 1400 76 46 0 76 52 0 76 42 0 76 44 0 6222 950000 5700 939820 1100000 1032900
 3376.924923 14740 1400 1400 1400 1400 76 46 0 76 52 0 76 42 0 76 44 0 6222 950000 5700 939820 1100000 1032900
 3377.124932 14741 1400 1400 1400 1400 77 46 0 77 52 0 77 42 0 77 44 0 6222 950000 5700 946670 1100000 1040600
 3377.324923 14742 1400 1400 1400 1400 77 46 0 77 52 0 77 42 0 77 44 0 6222 950000 5700 946670 1100000 1040600
 3377.524922 14743 1400 1400 1400 1400 77 46 0 77 52 0 77 42 0 77 44 0 5978 950000 4750 938450 1100000 1031800
 3377.724922 14744 1400 1400 1400 1400 77 46 0 77 52 0 77 42 0 77 44 0 6222 950000 5700 935984 1100000 1028500
 3377.924922 14745 1400 1400 1400 1400 77 46 0 77 52 0 77 42 0 77 44 0 5978 950000 4750 936532 1100000 1029600
 3378.124933 14746 1400 1400 1400 1400 77 46 0 77 52 0 77 42 0 77 44 0 5978 950000 4750 936532 1100000 1029600
 3378.324919 14747 1400 1400 1400 1400 77 46 0 77 52 0 77 42 0 77 44 0 5978 950000 4750 938176 1100000 1031800
 3378.524923 14748 1400 1400 1400 1400 77 46 0 77 52 0 77 42 0 77 44 0 5978 950000 4750 937628 1100000 1030700
 3378.724922 14749 1400 1400 1400 1400 77 46 0 77 52 0 77 42 0 77 44 0 5978 950000 4750 937080 1100000 1030700
 3378.924922 14750 1400 1400 1400 1400 77 46 0 77 52 0 77 42 0 77 44 0 5978 950000 4750 937080 1100000 1030700
 3379.124934 14751 1400 1400 1400 1400 77 46 0 77 52 0 77 42 0 77 44 0 5978 950000 4750 936806 1100000 1029600
 3379.324922 14752 1400 1400 1400 1400 77 46 0 77 52 0 77 42 0 77 44 0 5978 950000 4750 938450 1100000 1031800
 3379.524922 14753 1400 1400 1400 1400 77 46 0 77 52 0 77 42 0 77 44 0 5978 950000 4750 935984 1100000 1028500
 3379.724922 14754 1400 1400 1400 1400 77 46 0 77 52 0 77 42 0 77 44 0 5978 950000 4750 935984 1100000 1028500
 3379.924923 14755 1400 1400 1400 1400 77 46 0 77 52 0 77 42 0 77 44 0 5978 950000 4750 937354 1100000 1030700
 3380.124933 14756 1400 1400 1400 1400 77 46 0 77 52 0 77 42 0 77 44 0 5978 950000 4750 936806 1100000 1029600
 3380.324923 14757 1400 1400 1400 1400 77 46 0 77 52 0 77 42 0 77 44 0 5978 950000 4750 939546 1100000 1032900
 3380.524848 14758 1400 1400 1400 1400 77 46 0 77 52 0 77 42 0 77 44 0 5978 950000 4750 938724 1100000 1031800
 3380.724922 14759 1400 1400 1400 1400 77 46 0 77 52 0 77 42 0 77 44 0 5978 950000 4750 938724 1100000 1031800
 3380.924921 14760 1400 1400 1400 1400 77 46 0 77 52 0 77 42 0 77 44 0 5978 950000 4750 937354 1100000 1030700
 3381.124933 14761 1400 1400 1400 1400 76 46 0 76 52 0 76 42 0 76 44 0 5978 950000 4750 941738 1100000 1035100
 3381.324922 14762 1400 1400 1400 1400 76 46 0 76 52 0 76 42 0 76 44 0 5978 950000 4750 937902 1100000 1030700
 3381.524923 14763 1400 1400 1400 1400 76 46 0 76 52 0 76 42 0 76 44 0 5978 950000 4750 937902 1100000 1030700
 3381.724919 14764 1400 1400 1400 1400 76 46 0 76 52 0 76 42 0 76 44 0 5978 950000 4750 938450 1100000 1031800
 3381.924922 14765 1400 1400 1400 1400 76 46 0 76 52 0 76 42 0 76 44 0 5978 950000 4750 938450 1100000 1031800
 3382.124932 14766 1400 1400 1400 1400 76 46 0 76 52 0 76 42 0 76 44 0 6222 950000 5700 941464 1100000 1035100
 3382.324922 14767 1400 1400 1400 1400 76 46 0 76 52 0 76 42 0 76 44 0 6222 950000 5700 941464 1100000 1035100
 3382.524922 14768 1400 1400 1400 1400 76 46 0 76 52 0 76 42 0 76 44 0 5978 950000 4750 941738 1100000 1035100
 3382.724922 14769 1400 1400 1400 1400 76 46 0 76 52 0 76 42 0 76 44 0 5978 950000 4750 941190 1100000 1035100
 3382.924922 14770 1400 1400 1400 1400 76 46 0 76 52 0 76 42 0 76 44 0 5978 950000 4750 941190 1100000 1035100
 3383.124933 14771 1400 1400 1400 1400 77 46 0 77 52 0 77 42 0 77 44 0 5978 950000 4750 941190 1100000 1035100
 3383.324922 14772 1400 1400 1400 1400 77 46 0 77 52 0 77 42 0 77 44 0 5978 950000 4750 942012 1100000 1036200
 3383.524922 14773 1400 1400 1400 1400 77 46 0 77 52 0 77 42 0 77 44 0 5978 950000 4750 941738 1100000 1035100
 3383.724922 14774 1400 1400 1400 1400 77 46 0 77 52 0 77 42 0 77 44 0 5978 950000 4750 940094 1100000 1034000
 3383.924922 14775 1400 1400 1400 1400 77 46 0 77 52 0 77 42 0 77 44 0 5978 950000 4750 940094 1100000 1034000
 3384.124994 14776 1400 1400 1400 1400 77 46 0 77 52 0 77 42 0 77 44 0 5978 950000 4750 939546 1100000 1032900
 3384.324900 14777 1400 1400 1400 1400 77 46 0 77 52 0 77 42 0 77 44 0 5978 950000 4750 943382 1100000 1037300
 3384.524901 14778 1400 1400 1400 1400 77 46 0 77 52 0 77 42 0 77 44 0 5978 950000 4750 940368 1100000 1034000
 3384.724899 14779 1400 1400 1400 1400 77 46 0 77 52 0 77 42 0 77 44 0 5978 950000 4750 940368 1100000 1034000
 3384.924900 14780 1400 1400 1400 1400 77 46 0 77 52 0 77 42 0 77 44 0 5978 950000 4750 938998 1100000 1031800
 3385.124899 14781 1400 1400 1400 1400 77 46 0 77 52 0 77 42 0 77 44 0 5978 950000 4750 937354 1100000 1030700
 3385.324899 14782 1400 1400 1400 1400 77 46 0 77 52 0 77 42 0 77 44 0 5978 950000 4750 938998 1100000 1031800
 3385.524899 14783 1400 1400 1400 1400 77 46 0 77 52 0 77 42 0 77 44 0 5978 950000 4750 938998 1100000 1031800
 3385.724900 14784 1400 1400 1400 1400 77 46 0 77 52 0 77 42 0 77 44 0 6222 950000 5700 937080 1100000 1030700
 3385.924899 14785 1400 1400 1400 1400 77 46 0 77 52 0 77 42 0 77 44 0 5978 950000 4750 939272 1100000 1032900
 3386.124900 14786 1400 1400 1400 1400 77 46 0 77 52 0 77 42 0 77 44 0 5978 950000 4750 938724 1100000 1031800
 3386.324853 14787 1400 1400 1400 1400 77 46 0 77 52 0 77 42 0 77 44 0 5978 950000 4750 938724 1100000 1031800
 3386.524853 14788 1400 1400 1400 1400 77 46 0 77 52 0 77 42 0 77 44 0 5978 950000 4750 938450 1100000 1031800
 3386.724852 14789 1400 1400 1400 1400 77 46 0 77 52 0 77 42 0 77 44 0 5978 950000 4750 939272 1100000 1032900
 3386.924853 14790 1400 1400 1400 1400 77 46 0 77 52 0 77 42 0 77 44 0 5978 950000 4750 938176 1100000 1031800
 3387.124852 14791 1400 1400 1400 1400 77 46 0 77 52 0 77 42 0 77 44 0 5978 950000 4750 937628 1100000 1030700
 3387.324853 14792 1400 1400 1400 1400 77 46 0 77 52 0 77 42 0 77 44 0 5978 950000 4750 937628 1100000 1030700
 3387.524853 14793 1400 1400 1400 1400 77 46 0 77 52 0 77 42 0 77 44 0 5978 950000 4750 938724 1100000 1031800
 3387.724853 14794 1400 1400 1400 1400 77 46 0 77 52 0 77 42 0 77 44 0 5978 950000 4750 938998 1100000 1031800
 3387.924856 14795 1400 1400 1400 1400 77 46 0 77 52 0 77 42 0 77 44 0 6222 950000 5700 938998 1100000 1031800
 3388.124919 14796 1400 1400 1400 1400 77 46 0 77 52 0 77 42 0 77 44 0 6222 950000 5700 938998 1100000 1031800
 3388.324900 14797 1400 1400 1400 1400 77 46 0 77 52 0 77 42 0 77 44 0 6222 950000 5700 938450 1100000 1031800
 3388.524900 14798 1400 1400 1400 1400 77 46 0 77 52 0 77 42 0 77 44 0 6222 950000 5700 939820 1100000 1032900
 3388.724901 14799 1400 1400 1400 1400 77 46 0 77 52 0 77 42 0 77 44 0 5978 950000 4750 936806 1100000 1029600
 3388.924899 14800 1400 1400 1400 1400 77 46 0 77 52 0 77 42 0 77 44 0 5978 950000 4750 936806 1100000 1029600
 3389.124900 14801 1400 1400 1400 1400 77 46 0 77 52 0 77 42 0 77 44 0 6222 950000 5700 937080 1100000 1030700
 3389.324900 14802 1400 1400 1400 1400 77 46 0 77 52 0 77 42 0 77 44 0 5978 950000 4750 937080 1100000 1030700
 3389.524899 14803 1400 1400 1400 1400 77 46 0 77 52 0 77 42 0 77 44 0 6222 950000 5700 938998 1100000 1031800
 3389.724900 14804 1400 1400 1400 1400 77 46 0 77 52 0 77 42 0 77 44 0 6222 950000 5700 938998 1100000 1031800
 3389.924900 14805 1400 1400 1400 1400 77 46 0 77 52 0 77 42 0 77 44 0 5978 950000 4750 939820 1100000 1032900
 3390.124899 14806 1400 1400 1400 1400 77 46 0 77 52 0 77 42 0 77 44 0 5978 950000 4750 937628 1100000 1030700
 3390.324900 14807 1400 1400 1400 1400 77 46 0 77 52 0 77 42 0 77 44 0 5978 950000 4750 941190 1100000 1035100
 3390.524899 14808 1400 1400 1400 1400 77 46 0 77 52 0 77 42 0 77 44 0 5978 950000 4750 941190 1100000 1035100
 3390.724899 14809 1400 1400 1400 1400 77 46 0 77 52 0 77 42 0 77 44 0 5978 950000 4750 936806 1100000 1029600
 3390.924900 14810 1400 1400 1400 1400 77 46 0 77 52 0 77 42 0 77 44 0 5978 950000 4750 936258 1100000 1029600
 3391.124985 14811 1400 1400 1400 1400 77 46 0 77 52 0 77 42 0 77 44 0 5978 950000 4750 938450 1100000 1031800
 3391.324919 14812 1400 1400 1400 1400 77 46 0 77 52 0 77 42 0 77 44 0 5978 950000 4750 938450 1100000 1031800
 3391.524922 14813 1400 1400 1400 1400 77 46 0 77 52 0 77 42 0 77 44 0 5978 950000 4750 939546 1100000 1032900
 3391.724922 14814 1400 1400 1400 1400 77 46 0 77 52 0 77 42 0 77 44 0 5978 950000 4750 938450 1100000 1031800
 3391.924922 14815 1400 1400 1400 1400 77 46 0 77 52 0 77 42 0 77 44 0 5978 950000 4750 940094 1100000 1034000
 3392.124933 14816 1400 1400 1400 1400 77 46 0 77 52 0 77 42 0 77 44 0 5978 950000 4750 940094 1100000 1034000
 3392.324923 14817 1400 1400 1400 1400 77 46 0 77 52 0 77 42 0 77 44 0 5978 950000 4750 940916 1100000 1034000
 3392.524924 14818 1400 1400 1400 1400 77 46 0 77 52 0 77 42 0 77 44 0 5978 950000 4750 940368 1100000 1034000
 3392.724922 14819 1400 1400 1400 1400 77 46 0 77 52 0 77 42 0 77 44 0 5978 950000 4750 939820 1100000 1032900
 3392.924905 14820 1400 1400 1400 1400 77 46 0 77 52 0 77 42 0 77 44 0 5978 950000 4750 939820 1100000 1032900
 3393.124933 14821 1400 1400 1400 1400 77 46 0 77 52 0 77 42 0 77 44 0 6222 950000 5700 938450 1100000 1031800
 3393.324922 14822 1400 1400 1400 1400 77 46 0 77 52 0 77 42 0 77 44 0 5978 950000 4750 941464 1100000 1035100
 3393.524918 14823 1400 1400 1400 1400 77 46 0 77 52 0 77 42 0 77 44 0 5978 950000 4750 941190 1100000 1035100
 3393.724923 14824 1400 1400 1400 1400 77 46 0 77 52 0 77 42 0 77 44 0 5978 950000 4750 940916 1100000 1034000
 3393.924922 14825 1400 1400 1400 1400 77 46 0 77 52 0 77 42 0 77 44 0 5978 950000 4750 940916 1100000 1034000
 3394.124932 14826 1400 1400 1400 1400 77 46 0 77 52 0 77 42 0 77 44 0 5978 950000 4750 940094 1100000 1034000
 3394.324923 14827 1400 1400 1400 1400 77 46 0 77 52 0 77 42 0 77 44 0 5978 950000 4750 938998 1100000 1031800
 3394.524922 14828 1400 1400 1400 1400 77 46 0 77 52 0 77 42 0 77 44 0 5978 950000 4750 937628 1100000 1030700
 3394.724922 14829 1400 1400 1400 1400 77 46 0 77 52 0 77 42 0 77 44 0 5978 950000 4750 937628 1100000 1030700
 3394.924922 14830 1400 1400 1400 1400 77 46 0 77 52 0 77 42 0 77 44 0 5978 950000 4750 936806 1100000 1029600
 3395.124933 14831 1400 1400 1400 1400 77 46 0 77 52 0 77 42 0 77 44 0 6222 950000 5700 936532 1100000 1029600
 3395.324923 14832 1400 1400 1400 1400 77 46 0 77 52 0 77 42 0 77 44 0 6222 950000 5700 940368 1100000 1034000
 3395.524923 14833 1400 1400 1400 1400 77 46 0 77 52 0 77 42 0 77 44 0 6222 950000 5700 940368 1100000 1034000
 3395.724922 14834 1400 1400 1400 1400 77 46 0 77 52 0 77 42 0 77 44 0 5978 950000 4750 938724 1100000 1031800
 3395.924918 14835 1400 1400 1400 1400 77 46 0 77 52 0 77 42 0 77 44 0 5978 950000 4750 938724 1100000 1031800
 3396.124933 14836 1400 1400 1400 1400 77 46 0 77 52 0 77 42 0 77 44 0 5978 950000 4750 936806 1100000 1029600
 3396.324974 14837 1400 1400 1400 1400 77 46 0 77 52 0 77 42 0 77 44 0 5978 950000 4750 936806 1100000 1029600
 3396.524922 14838 1400 1400 1400 1400 77 46 0 77 52 0 77 42 0 77 44 0 6222 950000 5700 938450 1100000 1031800
 3396.724922 14839 1400 1400 1400 1400 77 46 0 77 52 0 77 42 0 77 44 0 5978 950000 4750 938724 1100000 1031800
 3396.924923 14840 1400 1400 1400 1400 77 46 0 77 52 0 77 42 0 77 44 0 5978 950000 4750 938176 1100000 1031800
 3397.124933 14841 1400 1400 1400 1400 77 46 0 77 52 0 77 42 0 77 44 0 5978 950000 4750 938176 1100000 1031800
 3397.324923 14842 1400 1400 1400 1400 77 46 0 77 52 0 77 42 0 77 44 0 5978 950000 4750 940642 1100000 1034000
 3397.524922 14843 1400 1400 1400 1400 77 46 0 77 52 0 77 42 0 77 44 0 6222 950000 5700 939546 1100000 1032900
 3397.724922 14844 1400 1400 1400 1400 77 46 0 77 52 0 77 42 0 77 44 0 5978 950000 4750 940368 1100000 1034000
 3397.924923 14845 1400 1400 1400 1400 77 46 0 77 52 0 77 42 0 77 44 0 5978 950000 4750 940368 1100000 1034000
 3398.124932 14846 1400 1400 1400 1400 77 46 0 77 52 0 77 42 0 77 44 0 5978 950000 4750 937354 1100000 1030700
 3398.324919 14847 1400 1400 1400 1400 77 46 0 77 52 0 77 42 0 77 44 0 5978 950000 4750 937080 1100000 1030700
 3398.524922 14848 1400 1400 1400 1400 77 46 0 77 52 0 77 42 0 77 44 0 5978 950000 4750 936806 1100000 1029600
 3398.724923 14849 1400 1400 1400 1400 77 46 0 77 52 0 77 42 0 77 44 0 5978 950000 4750 936806 1100000 1029600
 3398.924921 14850 1400 1400 1400 1400 77 46 0 77 52 0 77 42 0 77 44 0 5978 950000 4750 938176 1100000 1031800
 3399.124932 14851 1400 1400 1400 1400 77 46 0 77 52 0 77 42 0 77 44 0 6222 950000 5700 939272 1100000 1032900
 3399.324918 14852 1400 1400 1400 1400 77 46 0 77 52 0 77 42 0 77 44 0 5978 950000 4750 942560 1100000 1036200
 3399.524855 14853 1400 1400 1400 1400 77 46 0 77 52 0 77 42 0 77 44 0 5978 950000 4750 967494 1100000 1063700
 3399.724922 14854 1400 1400 1400 1400 77 46 0 77 52 0 77 42 0 77 44 0 5978 950000 4750 967494 1100000 1063700
 3399.924922 14855 1400 1400 1400 1400 77 46 0 77 52 0 77 42 0 77 44 0 5978 950000 4750 939546 1100000 1032900
 3400.124933 14856 1400 1400 1400 1400 77 46 0 77 52 0 77 42 0 77 44 0 5978 950000 4750 937902 1100000 1030700
 3400.324923 14857 1400 1400 1400 1400 77 46 0 77 52 0 77 42 0 77 44 0 5978 950000 4750 937902 1100000 1030700
 3400.524923 14858 1400 1400 1400 1400 77 46 0 77 52 0 77 42 0 77 44 0 5978 950000 4750 937902 1100000 1030700
 3400.724923 14859 1400 1400 1400 1400 77 46 0 77 52 0 77 42 0 77 44 0 5978 950000 4750 936532 1100000 1029600
 3400.924923 14860 1400 1400 1400 1400 77 46 0 77 52 0 77 42 0 77 44 0 5978 950000 4750 938998 1100000 1031800
 3401.124933 14861 1400 1400 1400 1400 77 46 0 77 52 0 77 42 0 77 44 0 5978 950000 4750 939820 1100000 1032900
 3401.324923 14862 1400 1400 1400 1400 77 46 0 77 52 0 77 42 0 77 44 0 5978 950000 4750 939820 1100000 1032900
 3401.524923 14863 1400 1400 1400 1400 77 46 0 77 52 0 77 42 0 77 44 0 5978 950000 4750 938724 1100000 1031800
 3401.724918 14864 1400 1400 1400 1400 77 46 0 77 52 0 77 42 0 77 44 0 5978 950000 4750 937902 1100000 1030700
 3401.924922 14865 1400 1400 1400 1400 77 46 0 77 52 0 77 42 0 77 44 0 5978 950000 4750 935984 1100000 1028500
 3402.124934 14866 1400 1400 1400 1400 77 46 0 77 52 0 77 42 0 77 44 0 5978 950000 4750 935984 1100000 1028500
 3402.324922 14867 1400 1400 1400 1400 77 46 0 77 52 0 77 42 0 77 44 0 5978 950000 4750 940916 1100000 1034000
 3402.524922 14868 1400 1400 1400 1400 77 46 0 77 52 0 77 42 0 77 44 0 6222 950000 5700 939272 1100000 1032900
 3402.724922 14869 1400 1400 1400 1400 77 46 0 77 52 0 77 42 0 77 44 0 6222 950000 5700 939820 1100000 1032900
 3402.924922 14870 1400 1400 1400 1400 77 46 0 77 52 0 77 42 0 77 44 0 6222 950000 5700 939820 1100000 1032900
 3403.124932 14871 1400 1400 1400 1400 77 46 0 77 52 0 77 42 0 77 44 0 5978 950000 4750 941190 1100000 1035100
 3403.324922 14872 1400 1400 1400 1400 77 46 0 77 52 0 77 42 0 77 44 0 5978 950000 4750 942012 1100000 1036200
 3403.524923 14873 1400 1400 1400 1400 77 46 0 77 52 0 77 42 0 77 44 0 5978 950000 4750 940094 1100000 1034000
 3403.724922 14874 1400 1400 1400 1400 77 46 0 77 52 0 77 42 0 77 44 0 5978 950000 4750 940094 1100000 1034000
 3403.924922 14875 1400 1400 1400 1400 77 46 0 77 52 0 77 42 0 77 44 0 6222 950000 5700 939546 1100000 1032900
 3404.124919 14876 1400 1400 1400 1400 77 46 0 77 52 0 77 42 0 77 44 0 5978 950000 4750 939820 1100000 1032900
 3404.324923 14877 1400 1400 1400 1400 77 46 0 77 52 0 77 42 0 77 44 0 6222 950000 5700 940916 1100000 1034000
 3404.524922 14878 1400 1400 1400 1400 77 46 0 77 52 0 77 42 0 77 44 0 6222 950000 5700 940916 1100000 1034000
 3404.724923 14879 1400 1400 1400 1400 77 46 0 77 52 0 77 42 0 77 44 0 5978 950000 4750 939820 1100000 1032900
 3404.924921 14880 1400 1400 1400 1400 77 46 0 77 52 0 77 42 0 77 44 0 5978 950000 4750 939272 1100000 1032900
 3405.124932 14881 1400 1400 1400 1400 77 46 0 77 52 0 77 42 0 77 44 0 5978 950000 4750 940916 1100000 1034000
 3405.324905 14882 1400 1400 1400 1400 77 46 0 77 52 0 77 42 0 77 44 0 5978 950000 4750 940916 1100000 1034000
 3405.524923 14883 1400 1400 1400 1400 77 46 0 77 52 0 77 42 0 77 44 0 6222 950000 5700 940916 1100000 1034000
 3405.724923 14884 1400 1400 1400 1400 77 46 0 77 52 0 77 42 0 77 44 0 5978 950000 4750 938176 1100000 1031800
 3405.924922 14885 1400 1400 1400 1400 77 46 0 77 52 0 77 42 0 77 44 0 5978 950000 4750 936806 1100000 1029600
 3406.124911 14886 1400 1400 1400 1400 77 46 0 77 52 0 77 42 0 77 44 0 5978 950000 4750 938998 1100000 1031800
 3406.324922 14887 1400 1400 1400 1400 77 46 0 77 52 0 77 42 0 77 44 0 5978 950000 4750 938998 1100000 1031800
 3406.524919 14888 1400 1400 1400 1400 77 46 0 77 52 0 77 42 0 77 44 0 6222 950000 5700 940642 1100000 1034000
 3406.724922 14889 1400 1400 1400 1400 77 46 0 77 52 0 77 42 0 77 44 0 6222 950000 5700 939820 1100000 1032900
 3406.924923 14890 1400 1400 1400 1400 77 46 0 77 52 0 77 42 0 77 44 0 5978 950000 4750 939820 1100000 1032900
 3407.124933 14891 1400 1400 1400 1400 77 46 0 77 52 0 77 42 0 77 44 0 5978 950000 4750 939820 1100000 1032900
 3407.324922 14892 1400 1400 1400 1400 77 46 0 77 52 0 77 42 0 77 44 0 5978 950000 4750 939546 1100000 1032900
 3407.524922 14893 1400 1400 1400 1400 77 46 0 77 52 0 77 42 0 77 44 0 5978 950000 4750 937628 1100000 1030700
 3407.724923 14894 1400 1400 1400 1400 77 46 0 77 52 0 77 42 0 77 44 0 5978 950000 4750 937902 1100000 1030700
 3407.924921 14895 1400 1400 1400 1400 77 46 0 77 52 0 77 42 0 77 44 0 5978 950000 4750 937902 1100000 1030700
 3408.124933 14896 1400 1400 1400 1400 77 46 0 77 52 0 77 42 0 77 44 0 5978 950000 4750 938176 1100000 1031800
 3408.324923 14897 1400 1400 1400 1400 77 46 0 77 52 0 77 42 0 77 44 0 6222 950000 5700 939546 1100000 1032900
 3408.524923 14898 1400 1400 1400 1400 77 46 0 77 52 0 77 42 0 77 44 0 5978 950000 4750 938176 1100000 1031800
 3408.724922 14899 1400 1400 1400 1400 77 46 0 77 52 0 77 42 0 77 44 0 5978 950000 4750 938176 1100000 1031800
 3408.924919 14900 1400 1400 1400 1400 77 46 0 77 52 0 77 42 0 77 44 0 5978 950000 4750 939820 1100000 1032900
 3409.124932 14901 1400 1400 1400 1400 77 46 0 77 52 0 77 42 0 77 44 0 6222 950000 5700 939820 1100000 1032900
 3409.324923 14902 1400 1400 1400 1400 77 46 0 77 52 0 77 42 0 77 44 0 5978 950000 4750 936806 1100000 1029600
 3409.524923 14903 1400 1400 1400 1400 77 46 0 77 52 0 77 42 0 77 44 0 5978 950000 4750 936806 1100000 1029600
 3409.724924 14904 1400 1400 1400 1400 77 46 0 77 52 0 77 42 0 77 44 0 5978 950000 4750 945300 1100000 1039500
 3409.924923 14905 1400 1400 1400 1400 77 46 0 77 52 0 77 42 0 77 44 0 5978 950000 4750 938724 1100000 1031800
 3410.124933 14906 1400 1400 1400 1400 77 46 0 77 52 0 77 42 0 77 44 0 5978 950000 4750 939820 1100000 1032900
 3410.324924 14907 1400 1400 1400 1400 77 46 0 77 52 0 77 42 0 77 44 0 5978 950000 4750 939820 1100000 1032900
 3410.524922 14908 1400 1400 1400 1400 77 46 0 77 52 0 77 42 0 77 44 0 5978 950000 4750 938176 1100000 1031800
 3410.724922 14909 1400 1400 1400 1400 77 46 0 77 52 0 77 42 0 77 44 0 5978 950000 4750 939272 1100000 1032900
 3410.924922 14910 1400 1400 1400 1400 77 46 0 77 52 0 77 42 0 77 44 0 6222 950000 5700 940094 1100000 1034000
 3411.124932 14911 1400 1400 1400 1400 77 46 0 77 52 0 77 42 0 77 44 0 6222 950000 5700 940094 1100000 1034000
 3411.324919 14912 1400 1400 1400 1400 77 46 0 77 52 0 77 42 0 77 44 0 5978 950000 4750 938724 1100000 1031800
 3411.524922 14913 1400 1400 1400 1400 77 46 0 77 52 0 77 42 0 77 44 0 5978 950000 4750 936806 1100000 1029600
 3411.724922 14914 1400 1400 1400 1400 77 46 0 77 52 0 77 42 0 77 44 0 5978 950000 4750 937354 1100000 1030700
 3411.924904 14915 1400 1400 1400 1400 77 46 0 77 52 0 77 42 0 77 44 0 5978 950000 4750 937354 1100000 1030700
 3412.124933 14916 1400 1400 1400 1400 77 46 0 77 52 0 77 42 0 77 44 0 5978 950000 4750 938998 1100000 1031800
 3412.324922 14917 1400 1400 1400 1400 77 46 0 77 52 0 77 42 0 77 44 0 5978 950000 4750 940094 1100000 1034000
 3412.524922 14918 1400 1400 1400 1400 77 46 0 77 52 0 77 42 0 77 44 0 6222 950000 5700 939272 1100000 1032900
 3412.724922 14919 1400 1400 1400 1400 77 46 0 77 52 0 77 42 0 77 44 0 5978 950000 4750 939272 1100000 1032900
 3412.924923 14920 1400 1400 1400 1400 77 46 0 77 52 0 77 42 0 77 44 0 5978 950000 4750 939272 1100000 1032900
 3413.124932 14921 1400 1400 1400 1400 77 46 0 77 52 0 77 42 0 77 44 0 5978 950000 4750 940642 1100000 1034000
 3413.324923 14922 1400 1400 1400 1400 77 46 0 77 52 0 77 42 0 77 44 0 5978 950000 4750 940368 1100000 1034000
 3413.524918 14923 1400 1400 1400 1400 77 46 0 77 52 0 77 42 0 77 44 0 5978 950000 4750 942834 1100000 1036200
 3413.724923 14924 1400 1400 1400 1400 77 46 0 77 52 0 77 42 0 77 44 0 5978 950000 4750 942834 1100000 1036200
 3413.924922 14925 1400 1400 1400 1400 77 46 0 77 52 0 77 42 0 77 44 0 5978 950000 4750 940094 1100000 1034000
 3414.124932 14926 1400 1400 1400 1400 77 46 0 77 52 0 77 42 0 77 44 0 5978 950000 4750 940916 1100000 1034000
 3414.324923 14927 1400 1400 1400 1400 77 46 0 77 52 0 77 42 0 77 44 0 6222 950000 5700 943108 1100000 1037300
 3414.524923 14928 1400 1400 1400 1400 77 46 0 77 52 0 77 42 0 77 44 0 6222 950000 5700 943108 1100000 1037300
 3414.724919 14929 1400 1400 1400 1400 77 46 0 77 52 0 77 42 0 77 44 0 6222 950000 5700 939820 1100000 1032900
 3414.924922 14930 1400 1400 1400 1400 77 46 0 77 52 0 77 42 0 77 44 0 5978 950000 4750 938176 1100000 1031800
 3415.124932 14931 1400 1400 1400 1400 77 46 0 77 52 0 77 42 0 77 44 0 5978 950000 4750 939546 1100000 1032900
 3415.324923 14932 1400 1400 1400 1400 77 46 0 77 52 0 77 42 0 77 44 0 5978 950000 4750 939546 1100000 1032900
 3415.524922 14933 1400 1400 1400 1400 77 46 0 77 52 0 77 42 0 77 44 0 5978 950000 4750 938724 1100000 1031800
 3415.724922 14934 1400 1400 1400 1400 77 46 0 77 52 0 77 42 0 77 44 0 5978 950000 4750 938176 1100000 1031800
 3415.924922 14935 1400 1400 1400 1400 77 46 0 77 52 0 77 42 0 77 44 0 6222 950000 5700 939272 1100000 1032900
 3416.124933 14936 1400 1400 1400 1400 77 46 0 77 52 0 77 42 0 77 44 0 6222 950000 5700 939272 1100000 1032900
 3416.324922 14937 1400 1400 1400 1400 77 46 0 77 52 0 77 42 0 77 44 0 5978 950000 4750 938724 1100000 1031800
 3416.524923 14938 1400 1400 1400 1400 77 46 0 77 52 0 77 42 0 77 44 0 6222 950000 5700 940916 1100000 1034000
 3416.724922 14939 1400 1400 1400 1400 77 46 0 77 52 0 77 42 0 77 44 0 5978 950000 4750 936806 1100000 1029600
 3416.924918 14940 1400 1400 1400 1400 77 46 0 77 52 0 77 42 0 77 44 0 5978 950000 4750 936806 1100000 1029600
 3417.124929 14941 1400 1400 1400 1400 77 46 0 77 52 0 77 42 0 77 44 0 5978 950000 4750 937354 1100000 1030700
 3417.324922 14942 1400 1400 1400 1400 77 46 0 77 52 0 77 42 0 77 44 0 6222 950000 5700 937628 1100000 1030700
 3417.524922 14943 1400 1400 1400 1400 77 46 0 77 52 0 77 42 0 77 44 0 5978 950000 4750 938450 1100000 1031800
 3417.724922 14944 1400 1400 1400 1400 77 46 0 77 52 0 77 42 0 77 44 0 5978 950000 4750 938450 1100000 1031800
 3417.924923 14945 1400 1400 1400 1400 77 46 0 77 52 0 77 42 0 77 44 0 6222 950000 5700 938724 1100000 1031800
 3418.124933 14946 1400 1400 1400 1400 77 46 0 77 52 0 77 42 0 77 44 0 5978 950000 4750 938176 1100000 1031800
 3418.324923 14947 1400 1400 1400 1400 77 46 0 77 52 0 77 42 0 77 44 0 5978 950000 4750 940368 1100000 1034000
 3418.524900 14948 1400 1400 1400 1400 77 46 0 77 52 0 77 42 0 77 44 0 5978 950000 4750 937080 1100000 1030700
 3418.724922 14949 1400 1400 1400 1400 77 46 0 77 52 0 77 42 0 77 44 0 5978 950000 4750 937080 1100000 1030700
 3418.924923 14950 1400 1400 1400 1400 77 46 0 77 52 0 77 42 0 77 44 0 5978 950000 4750 937080 1100000 1030700
 3419.124932 14951 1400 1400 1400 1400 77 46 0 77 52 0 77 42 0 77 44 0 5978 950000 4750 937902 1100000 1030700
 3419.324918 14952 1400 1400 1400 1400 77 46 0 77 52 0 77 42 0 77 44 0 5978 950000 4750 938450 1100000 1031800
 3419.524922 14953 1400 1400 1400 1400 77 46 0 77 52 0 77 42 0 77 44 0 5978 950000 4750 938450 1100000 1031800
 3419.724922 14954 1400 1400 1400 1400 77 46 0 77 52 0 77 42 0 77 44 0 5978 950000 4750 940094 1100000 1034000
 3419.924921 14955 1400 1400 1400 1400 77 46 0 77 52 0 77 42 0 77 44 0 5978 950000 4750 940916 1100000 1034000
 3420.124932 14956 1400 1400 1400 1400 77 46 0 77 52 0 77 42 0 77 44 0 5978 950000 4750 940642 1100000 1034000
 3420.324922 14957 1400 1400 1400 1400 77 46 0 77 52 0 77 42 0 77 44 0 5978 950000 4750 940642 1100000 1034000
 3420.524922 14958 1400 1400 1400 1400 77 46 0 77 52 0 77 42 0 77 44 0 5978 950000 4750 940094 1100000 1034000
 3420.724922 14959 1400 1400 1400 1400 77 46 0 77 52 0 77 42 0 77 44 0 5978 950000 4750 937902 1100000 1030700
 3420.924923 14960 1400 1400 1400 1400 77 46 0 77 52 0 77 42 0 77 44 0 5978 950000 4750 937080 1100000 1030700
 3421.124932 14961 1400 1400 1400 1400 77 46 0 77 52 0 77 42 0 77 44 0 5978 950000 4750 937080 1100000 1030700
 3421.324924 14962 1400 1400 1400 1400 77 46 0 77 52 0 77 42 0 77 44 0 6222 950000 5700 938176 1100000 1031800
 3421.524923 14963 1400 1400 1400 1400 77 46 0 77 52 0 77 42 0 77 44 0 5978 950000 4750 938998 1100000 1031800
 3421.724918 14964 1400 1400 1400 1400 77 46 0 77 52 0 77 42 0 77 44 0 5978 950000 4750 938724 1100000 1031800
 3421.924923 14965 1400 1400 1400 1400 77 46 0 77 52 0 77 42 0 77 44 0 5978 950000 4750 938724 1100000 1031800
 3422.124932 14966 1400 1400 1400 1400 77 46 0 77 52 0 77 42 0 77 44 0 6222 950000 5700 938176 1100000 1031800
 3422.324923 14967 1400 1400 1400 1400 77 46 0 77 52 0 77 42 0 77 44 0 5978 950000 4750 937902 1100000 1030700
 3422.524922 14968 1400 1400 1400 1400 77 46 0 77 52 0 77 42 0 77 44 0 5978 950000 4750 935436 1100000 1028500
 3422.724923 14969 1400 1400 1400 1400 77 46 0 77 52 0 77 42 0 77 44 0 5978 950000 4750 935436 1100000 1028500
 3422.924922 14970 1400 1400 1400 1400 77 46 0 77 52 0 77 42 0 77 44 0 5978 950000 4750 936806 1100000 1029600
 3423.124932 14971 1400 1400 1400 1400 77 46 0 77 52 0 77 42 0 77 44 0 6222 950000 5700 937354 1100000 1030700
 3423.324926 14972 1400 1400 1400 1400 77 46 0 77 52 0 77 42 0 77 44 0 5978 950000 4750 942560 1100000 1036200
 3423.524901 14973 1400 1400 1400 1400 77 46 0 77 52 0 77 42 0 77 44 0 5978 950000 4750 942560 1100000 1036200
 3423.724901 14974 1400 1400 1400 1400 77 46 0 77 52 0 77 42 0 77 44 0 5978 950000 4750 941738 1098750 1033218
 3423.924900 14975 1400 1400 1400 1400 77 46 0 77 52 0 77 42 0 77 44 0 5978 950000 4750 941738 1100000 1035100
 3424.124897 14976 1400 1400 1400 1400 77 46 0 77 52 0 77 42 0 77 44 0 5978 950000 4750 938998 1100000 1031800
 3424.324901 14977 1400 1400 1400 1400 77 46 0 77 52 0 77 42 0 77 44 0 5978 950000 4750 938998 1100000 1031800
 3424.524901 14978 1400 1400 1400 1400 77 46 0 77 52 0 77 42 0 77 44 0 5978 950000 4750 939820 1100000 1032900
 3424.724900 14979 1400 1400 1400 1400 77 46 0 77 52 0 77 42 0 77 44 0 5978 950000 4750 938998 1100000 1031800
 3424.924900 14980 1400 1400 1400 1400 77 46 0 77 52 0 77 42 0 77 44 0 5978 950000 4750 937628 1100000 1030700
 3425.124910 14981 1400 1400 1400 1400 77 46 0 77 52 0 77 42 0 77 44 0 5978 950000 4750 941738 1100000 1035100
 3425.324901 14982 1400 1400 1400 1400 77 46 0 77 52 0 77 42 0 77 44 0 5978 950000 4750 941738 1100000 1035100
 3425.524900 14983 1400 1400 1400 1400 77 46 0 77 52 0 77 42 0 77 44 0 5978 950000 4750 941738 1100000 1035100
 3425.724900 14984 1400 1400 1400 1400 77 46 0 77 52 0 77 42 0 77 44 0 5978 950000 4750 940368 1100000 1034000
 3425.924854 14985 1400 1400 1400 1400 77 46 0 77 52 0 77 42 0 77 44 0 5978 950000 4750 940094 1100000 1034000
 3426.124864 14986 1400 1400 1400 1400 76 46 0 76 52 0 76 42 0 76 44 0 5978 950000 4750 940094 1100000 1034000
 3426.324856 14987 1400 1400 1400 1400 76 46 0 76 52 0 76 42 0 76 44 0 5978 950000 4750 940368 1100000 1034000
 3426.524864 14988 1400 1400 1400 1400 76 46 0 76 52 0 76 42 0 76 44 0 5978 950000 4750 938176 1100000 1031800
 3426.724905 14989 1400 1400 1400 1400 76 46 0 76 52 0 76 42 0 76 44 0 5978 950000 4750 938176 1100000 1031800
 3426.924904 14990 1400 1400 1400 1400 76 46 0 76 52 0 76 42 0 76 44 0 5978 950000 4750 938176 1100000 1031800
 3427.124914 14991 1400 1400 1400 1400 77 46 0 77 52 0 77 42 0 77 44 0 5978 950000 4750 939820 1100000 1032900
 3427.324905 14992 1400 1400 1400 1400 77 46 0 77 52 0 77 42 0 77 44 0 5978 950000 4750 940642 1100000 1034000
 3427.524904 14993 1400 1400 1400 1400 77 46 0 77 52 0 77 42 0 77 44 0 5978 950000 4750 939820 1100000 1032900
 3427.724904 14994 1400 1400 1400 1400 77 46 0 77 52 0 77 42 0 77 44 0 5978 950000 4750 939820 1100000 1032900
 3427.924904 14995 1400 1400 1400 1400 77 46 0 77 52 0 77 42 0 77 44 0 5978 950000 4750 938176 1100000 1031800
 3428.124915 14996 1400 1400 1400 1400 77 46 0 77 52 0 77 42 0 77 44 0 6222 950000 5700 937354 1100000 1030700
 3428.324905 14997 1400 1400 1400 1400 77 46 0 77 52 0 77 42 0 77 44 0 6222 950000 5700 937628 1100000 1030700
 3428.524904 14998 1400 1400 1400 1400 77 46 0 77 52 0 77 42 0 77 44 0 6222 950000 5700 937628 1100000 1030700
 3428.724904 14999 1400 1400 1400 1400 77 46 0 77 52 0 77 42 0 77 44 0 5978 950000 4750 936806 1100000 1029600
 3428.924901 15000 1400 1400 1400 1400 77 46 0 77 52 0 77 42 0 77 44 0 6222 950000 5700 939546 1100000 1032900
 3429.124915 15001 1400 1400 1400 1400 77 46 0 77 52 0 77 42 0 77 44 0 6222 950000 5700 940368 1100000 1034000
 3429.324906 15002 1400 1400 1400 1400 77 46 0 77 52 0 77 42 0 77 44 0 6222 950000 5700 940368 1100000 1034000
 3429.524905 15003 1400 1400 1400 1400 77 46 0 77 52 0 77 42 0 77 44 0 5978 950000 4750 938998 1100000 1031800
 3429.724905 15004 1400 1400 1400 1400 77 46 0 77 52 0 77 42 0 77 44 0 5978 950000 4750 939820 1100000 1032900
 3429.924904 15005 1400 1400 1400 1400 77 46 0 77 52 0 77 42 0 77 44 0 5978 950000 4750 936532 1098750 1027728
 3430.124932 15006 1400 1400 1400 1400 77 46 0 77 52 0 77 42 0 77 44 0 5978 950000 4750 936532 1098750 1027728
 3430.324922 15007 1400 1400 1400 1400 77 46 0 77 52 0 77 42 0 77 44 0 6222 950000 5700 938176 1100000 1031800
 3430.524922 15008 1400 1400 1400 1400 77 46 0 77 52 0 77 42 0 77 44 0 5978 950000 4750 936806 1100000 1029600
 3430.724924 15009 1400 1400 1400 1400 77 46 0 77 52 0 77 42 0 77 44 0 5978 950000 4750 940094 1100000 1034000
 3430.924905 15010 1400 1400 1400 1400 77 46 0 77 52 0 77 42 0 77 44 0 5978 950000 4750 940094 1100000 1034000
 3431.124932 15011 1400 1400 1400 1400 77 46 0 77 52 0 77 42 0 77 44 0 5978 950000 4750 938450 1100000 1031800
 3431.324922 15012 1400 1400 1400 1400 77 46 0 77 52 0 77 42 0 77 44 0 5978 950000 4750 940094 1100000 1034000
 3431.524922 15013 1400 1400 1400 1400 77 46 0 77 52 0 77 42 0 77 44 0 5978 950000 4750 939272 1100000 1032900
 3431.724923 15014 1400 1400 1400 1400 77 46 0 77 52 0 77 42 0 77 44 0 5978 950000 4750 936532 1100000 1029600
 3431.924922 15015 1400 1400 1400 1400 77 46 0 77 52 0 77 42 0 77 44 0 5978 950000 4750 936532 1100000 1029600
 3432.124934 15016 1400 1400 1400 1400 77 46 0 77 52 0 77 42 0 77 44 0 5978 950000 4750 936806 1100000 1029600
 3432.324919 15017 1400 1400 1400 1400 77 46 0 77 52 0 77 42 0 77 44 0 5978 950000 4750 939820 1100000 1032900
 3432.524923 15018 1400 1400 1400 1400 77 46 0 77 52 0 77 42 0 77 44 0 5978 950000 4750 940094 1100000 1034000
 3432.724922 15019 1400 1400 1400 1400 77 46 0 77 52 0 77 42 0 77 44 0 5978 950000 4750 940094 1100000 1034000
 3432.924922 15020 1400 1400 1400 1400 77 46 0 77 52 0 77 42 0 77 44 0 5978 950000 4750 939272 1098750 1031022
 3433.124932 15021 1400 1400 1400 1400 77 46 0 77 52 0 77 42 0 77 44 0 5978 950000 4750 941190 1098750 1033218
 3433.324922 15022 1400 1400 1400 1400 77 46 0 77 52 0 77 42 0 77 44 0 5978 950000 4750 941738 1100000 1035100
 3433.524922 15023 1400 1400 1400 1400 77 46 0 77 52 0 77 42 0 77 44 0 5978 950000 4750 941738 1100000 1035100
 3433.724922 15024 1400 1400 1400 1400 77 46 0 77 52 0 77 42 0 77 44 0 5978 950000 4750 938450 1100000 1031800
 3433.924922 15025 1400 1400 1400 1400 77 46 0 77 52 0 77 42 0 77 44 0 5978 950000 4750 939820 1100000 1032900
 3434.124932 15026 1400 1400 1400 1400 77 46 0 77 52 0 77 42 0 77 44 0 5978 950000 4750 939272 1100000 1032900
 3434.324924 15027 1400 1400 1400 1400 77 46 0 77 52 0 77 42 0 77 44 0 5978 950000 4750 939272 1100000 1032900
 3434.524922 15028 1400 1400 1400 1400 77 46 0 77 52 0 77 42 0 77 44 0 5978 950000 4750 949136 1100000 1043900
 3434.724919 15029 1400 1400 1400 1400 77 46 0 77 52 0 77 42 0 77 44 0 5978 950000 4750 943930 1100000 1037300
 3434.924922 15030 1400 1400 1400 1400 77 46 0 77 52 0 77 42 0 77 44 0 6222 950000 5700 941464 1100000 1035100
 3435.124932 15031 1400 1400 1400 1400 77 46 0 77 52 0 77 42 0 77 44 0 6222 950000 5700 941464 1100000 1035100
 3435.324922 15032 1400 1400 1400 1400 77 46 0 77 52 0 77 42 0 77 44 0 5978 950000 4750 942286 1100000 1036200
 3435.524922 15033 1400 1400 1400 1400 77 46 0 77 52 0 77 42 0 77 44 0 5978 950000 4750 939820 1100000 1032900
 3435.724923 15034 1400 1400 1400 1400 77 46 0 77 52 0 77 42 0 77 44 0 5978 950000 4750 938176 1100000 1031800
 3435.924922 15035 1400 1400 1400 1400 77 46 0 77 52 0 77 42 0 77 44 0 5978 950000 4750 938176 1100000 1031800
 3436.124932 15036 1400 1400 1400 1400 77 46 0 77 52 0 77 42 0 77 44 0 5978 950000 4750 938724 1100000 1031800
 3436.324922 15037 1400 1400 1400 1400 77 46 0 77 52 0 77 42 0 77 44 0 6222 950000 5700 942012 1100000 1036200
 3436.524922 15038 1400 1400 1400 1400 77 46 0 77 52 0 77 42 0 77 44 0 5978 950000 4750 938724 1100000 1031800
 3436.724923 15039 1400 1400 1400 1400 77 46 0 77 52 0 77 42 0 77 44 0 5978 950000 4750 938724 1100000 1031800
 3436.924922 15040 1400 1400 1400 1400 77 46 0 77 52 0 77 42 0 77 44 0 5978 950000 4750 938724 1100000 1031800
 3437.124918 15041 1400 1400 1400 1400 77 46 0 77 52 0 77 42 0 77 44 0 5978 950000 4750 940094 1100000 1034000
 3437.324925 15042 1400 1400 1400 1400 77 46 0 77 52 0 77 42 0 77 44 0 5978 950000 4750 936806 1100000 1029600
 3437.524900 15043 1400 1400 1400 1400 77 46 0 77 52 0 77 42 0 77 44 0 5978 950000 4750 938450 1100000 1031800
 3437.724922 15044 1400 1400 1400 1400 77 46 0 77 52 0 77 42 0 77 44 0 5978 950000 4750 938450 1100000 1031800
 3437.924921 15045 1400 1400 1400 1400 77 46 0 77 52 0 77 42 0 77 44 0 5978 950000 4750 937354 1100000 1030700
 3438.124932 15046 1400 1400 1400 1400 77 46 0 77 52 0 77 42 0 77 44 0 5978 950000 4750 939820 1100000 1032900
 3438.324922 15047 1400 1400 1400 1400 77 46 0 77 52 0 77 42 0 77 44 0 5978 950000 4750 937354 1100000 1030700
 3438.524922 15048 1400 1400 1400 1400 77 46 0 77 52 0 77 42 0 77 44 0 5978 950000 4750 937354 1100000 1030700
 3438.724922 15049 1400 1400 1400 1400 77 46 0 77 52 0 77 42 0 77 44 0 5978 950000 4750 938176 1100000 1031800
 3438.924922 15050 1400 1400 1400 1400 77 46 0 77 52 0 77 42 0 77 44 0 5978 950000 4750 937080 1100000 1030700
 3439.124933 15051 1400 1400 1400 1400 77 46 0 77 52 0 77 42 0 77 44 0 5978 950000 4750 939272 1100000 1032900
 3439.324923 15052 1400 1400 1400 1400 77 46 0 77 52 0 77 42 0 77 44 0 5978 950000 4750 939272 1100000 1032900
 3439.524918 15053 1400 1400 1400 1400 77 46 0 77 52 0 77 42 0 77 44 0 5978 950000 4750 937354 1100000 1030700
 3439.724923 15054 1400 1400 1400 1400 77 46 0 77 52 0 77 42 0 77 44 0 6222 950000 5700 938998 1100000 1031800
 3439.924923 15055 1400 1400 1400 1400 77 46 0 77 52 0 77 42 0 77 44 0 5978 950000 4750 939546 1100000 1032900
 3440.124933 15056 1400 1400 1400 1400 77 46 0 77 52 0 77 42 0 77 44 0 5978 950000 4750 939546 1100000 1032900
 3440.324922 15057 1400 1400 1400 1400 77 46 0 77 52 0 77 42 0 77 44 0 5978 950000 4750 941738 1100000 1035100
 3440.524922 15058 1400 1400 1400 1400 77 46 0 77 52 0 77 42 0 77 44 0 5978 950000 4750 939820 1100000 1032900
 3440.724914 15059 1400 1400 1400 1400 77 46 0 77 52 0 77 42 0 77 44 0 5978 950000 4750 572386 1097500 627484
