  615.559895 935 1500 1500 1500 1500 69 46 0 69 52 0 69 42 0 69 44 0 5734 950000 4750 67404 1132500 75844
  615.759912 936 1500 1500 1500 1500 69 46 0 69 52 0 69 42 0 69 44 0 5490 950000 4750 66582 1132500 74712
  615.959912 937 1500 1500 1500 1500 68 46 0 68 52 0 68 42 0 68 44 0 5734 950000 4750 69596 1132500 78108
  616.159922 938 1500 1500 1500 1500 68 46 0 68 52 0 68 42 0 68 44 0 5490 950000 4750 67678 1132500 75844
  616.359911 939 1500 1500 1500 1500 68 46 0 68 52 0 68 42 0 68 44 0 5490 950000 4750 67678 1132500 75844
  616.559912 940 1500 1500 1500 1500 68 46 0 68 52 0 68 42 0 68 44 0 5490 950000 4750 72336 1132500 81504
  616.760138 941 1500 1500 1500 1500 68 46 0 68 52 0 68 42 0 68 44 0 5734 950000 4750 72062 1132500 81504
  616.959911 942 1500 1500 1500 1500 68 46 0 68 52 0 68 42 0 68 44 0 5734 950000 4750 238380 1133750 269654
  617.159912 943 1500 1500 1500 1500 68 46 0 68 52 0 68 42 0 68 44 0 5734 950000 4750 238380 1133750 269654
  617.359911 944 1500 1500 1500 1500 68 46 0 68 52 0 68 42 0 68 44 0 5490 950000 4750 100832 1132500 113200
  617.559967 945 1500 1500 1500 1500 68 46 0 68 52 0 68 42 0 68 44 0 5734 950000 4750 76446 1132500 86032
  617.759951 946 1500 1500 1500 1500 68 46 0 68 52 0 68 42 0 68 44 0 5734 950000 4750 158920 1133750 179014
  617.959942 947 1500 1500 1500 1500 70 46 0 70 52 0 70 42 0 70 44 0 5734 950000 4750 158920 1133750 179014
  618.164940 948 1500 1500 1500 1500 70 46 0 70 52 0 70 42 0 70 44 0 5734 948750 4740 1001196 1137500 1138137
  618.364966 949 1500 1500 1500 1500 70 46 0 70 52 0 70 42 0 70 44 0 5734 950000 4750 1135730 1138750 1291630
  618.564937 950 1500 1500 1500 1500 70 46 0 70 52 0 70 42 0 70 44 0 5734 950000 4750 814054 1136250 924704
  618.764958 951 1500 1500 1500 1500 70 46 0 70 52 0 70 42 0 70 44 0 5734 948750 4740 1190804 1138750 1354220
  618.965002 952 1400 1400 1400 1400 72 46 0 72 52 0 72 42 0 72 44 0 5734 948750 4740 1190804 1138750 1354220
  619.165161 953 1400 1400 1400 1400 71 46 0 71 52 0 71 42 0 71 44 0 5490 950000 4750 1114084 1137500 1266618
  619.364914 954 1400 1400 1400 1400 71 46 0 71 52 0 71 42 0 71 44 0 5490 950000 4750 379764 1102500 417658
  619.564913 955 1400 1400 1400 1400 71 46 0 71 52 0 71 42 0 71 44 0 5734 950000 4750 144946 1095000 157680
  619.764915 956 1400 1400 1400 1400 71 46 0 71 52 0 71 42 0 71 44 0 5734 950000 4750 144946 1095000 157680
  619.964961 957 1400 1400 1400 1400 69 46 0 69 52 0 69 42 0 69 44 0 5734 950000 4750 87132 1095000 95265
  620.165020 958 1400 1400 1400 1400 69 46 0 69 52 0 69 42 0 69 44 0 5734 950000 4750 65486 1095000 71175
  620.364941 959 1400 1400 1400 1400 69 46 0 69 52 0 69 42 0 69 44 0 5490 950000 4750 803368 1098750 881694
  620.564941 960 1400 1400 1400 1400 69 46 0 69 52 0 69 42 0 69 44 0 5490 950000 4750 803368 1098750 881694
  620.764903 961 1400 1400 1400 1400 69 46 0 69 52 0 69 42 0 69 44 0 5734 950000 4750 1042022 1100000 1146200
  620.964924 962 1400 1400 1400 1400 71 46 0 71 52 0 71 42 0 71 44 0 5734 950000 4750 903652 1100000 993300
  621.164901 963 1400 1400 1400 1400 71 46 0 71 52 0 71 42 0 71 44 0 5734 950000 4750 967768 1098750 1061766
  621.364925 964 1400 1400 1400 1400 71 46 0 71 52 0 71 42 0 71 44 0 5734 950000 4750 967768 1098750 1061766
  621.564924 965 1400 1400 1400 1400 71 46 0 71 52 0 71 42 0 71 44 0 5734 948750 4740 968864 1098750 1062864
  621.764924 966 1400 1400 1400 1400 71 46 0 71 52 0 71 42 0 71 44 0 5734 950000 4750 961466 1098750 1055178
  621.964968 967 1400 1400 1400 1400 71 46 0 71 52 0 71 42 0 71 44 0 5734 950000 4750 960918 1098750 1054080
  622.164926 968 1400 1400 1400 1400 71 46 0 71 52 0 71 42 0 71 44 0 5734 950000 4750 960918 1098750 1054080
  622.364914 969 1400 1400 1400 1400 71 46 0 71 52 0 71 42 0 71 44 0 5734 950000 4750 524436 1096250 574304
  622.564911 970 1400 1400 1400 1400 71 46 0 71 52 0 71 42 0 71 44 0 5734 950000 4750 65486 1095000 71175
  622.764915 971 1400 1400 1400 1400 71 46 0 71 52 0 71 42 0 71 44 0 5734 950000 4750 64116 1095000 70080
  622.964915 972 1400 1400 1400 1400 69 46 0 69 52 0 69 42 0 69 44 0 5734 950000 4750 64116 1095000 70080
  623.164925 973 1400 1400 1400 1400 69 46 0 69 52 0 69 42 0 69 44 0 5734 950000 4750 62746 1095000 67890
  623.364914 974 1400 1400 1400 1400 69 46 0 69 52 0 69 42 0 69 44 0 5734 950000 4750 65486 1095000 71175
  623.564915 975 1400 1400 1400 1400 69 46 0 69 52 0 69 42 0 69 44 0 5734 950000 4750 59458 1095000 64605
