 3821.944894 16965 1100 1100 1100 1100 71 46 0 71 52 0 71 42 0 71 44 0 5734 950000 4750 49594 995000 48755
 3822.144929 16966 1100 1100 1100 1100 71 46 0 71 52 0 71 42 0 71 44 0 5490 950000 4750 49320 995000 48755
 3822.344923 16967 1100 1100 1100 1100 71 46 0 71 52 0 71 42 0 71 44 0 5734 950000 4750 222214 996250 221112
 3822.544922 16968 1100 1100 1100 1100 71 46 0 71 52 0 71 42 0 71 44 0 5490 950000 4750 47128 995000 46765
 3822.744956 16969 1100 1100 1100 1100 71 46 0 71 52 0 71 42 0 71 44 0 5490 950000 4750 47128 995000 46765
 3822.944999 16970 1100 1100 1100 1100 71 46 0 71 52 0 71 42 0 71 44 0 5734 950000 4750 44114 995000 43780
 3823.144952 16971 1100 1100 1100 1100 72 46 0 72 52 0 72 42 0 72 44 0 5734 950000 4750 528820 997500 526416
 3823.344948 16972 1100 1100 1100 1100 72 46 0 72 52 0 72 42 0 72 44 0 5734 950000 4750 757884 997500 754729
 3823.544914 16973 1100 1100 1100 1100 72 46 0 72 52 0 72 42 0 72 44 0 5734 950000 4750 757884 997500 754729
 3823.744943 16974 1100 1100 1100 1100 72 46 0 72 52 0 72 42 0 72 44 0 5490 950000 4750 709386 997500 706873
 3823.945025 16975 1100 1100 1100 1100 72 46 0 72 52 0 72 42 0 72 44 0 5734 950000 4750 563070 997500 561311
 3824.144982 16976 1100 1100 1100 1100 73 46 0 73 52 0 73 42 0 73 44 0 5490 950000 4750 732676 997500 729804
 3824.345054 16977 1100 1100 1100 1100 73 46 0 73 52 0 73 42 0 73 44 0 5490 950000 4750 732676 997500 729804
 3824.545034 16978 1100 1100 1100 1100 73 46 0 73 52 0 73 42 0 73 44 0 5490 950000 4750 738978 997500 735786
 3824.745074 16979 1000 1000 1000 1000 73 46 0 73 52 0 73 42 0 73 44 0 5490 950000 4750 657600 997500 655029
 3824.944931 16980 1000 1000 1000 1000 73 46 0 73 52 0 73 42 0 73 44 0 5734 950000 4750 277014 960000 265920
 3825.144922 16981 1000 1000 1000 1000 72 46 0 72 52 0 72 42 0 72 44 0 5734 950000 4750 90694 957500 86130
 3825.344928 16982 1000 1000 1000 1000 72 46 0 72 52 0 72 42 0 72 44 0 5734 950000 4750 90694 957500 86130
 3825.544925 16983 1000 1000 1000 1000 72 46 0 72 52 0 72 42 0 72 44 0 5734 950000 4750 44936 957500 42108
 3825.744972 16984 1000 1000 1000 1000 72 46 0 72 52 0 72 42 0 72 44 0 5490 950000 4750 175086 957500 167475
 3825.944944 16985 1000 1000 1000 1000 72 46 0 72 52 0 72 42 0 72 44 0 5734 950000 4750 547726 958750 524026
 3826.144984 16986 1000 1000 1000 1000 72 46 0 72 52 0 72 42 0 72 44 0 5734 950000 4750 547726 958750 524026
 3826.349945 16987 1000 1000 1000 1000 72 46 0 72 52 0 72 42 0 72 44 0 5734 950000 4750 649654 958750 621742
 3826.550009 16988 1000 1000 1000 1000 72 46 0 72 52 0 72 42 0 72 44 0 5734 950000 4750 629926 958750 602582
 3826.749930 16989 1000 1000 1000 1000 72 46 0 72 52 0 72 42 0 72 44 0 5490 950000 4750 542520 958750 519236
 3826.949841 16990 1000 1000 1000 1000 72 46 0 72 52 0 72 42 0 72 44 0 5490 950000 4750 542520 958750 519236
 3827.149838 16991 1000 1000 1000 1000 75 46 0 75 52 0 75 42 0 75 44 0 5734 950000 4750 558960 958750 534564
 3827.349838 16992 1000 1000 1000 1000 75 46 0 75 52 0 75 42 0 75 44 0 5734 950000 4750 555124 958750 531690
 3827.549838 16993 1000 1000 1000 1000 75 46 0 75 52 0 75 42 0 75 44 0 5734 950000 4750 553754 958750 529774
 3827.749838 16994 1000 1000 1000 1000 75 46 0 75 52 0 75 42 0 75 44 0 5734 950000 4750 553754 958750 529774
 3827.949839 16995 1000 1000 1000 1000 75 46 0 75 52 0 75 42 0 75 44 0 5734 950000 4750 554028 958750 530732
 3828.149839 16996 1000 1000 1000 1000 75 46 0 75 52 0 75 42 0 75 44 0 5734 950000 4750 555946 958750 531690
 3828.349838 16997 1000 1000 1000 1000 75 46 0 75 52 0 75 42 0 75 44 0 5734 950000 4750 553480 958750 529774
 3828.549839 16998 1000 1000 1000 1000 75 46 0 75 52 0 75 42 0 75 44 0 5734 950000 4750 553480 958750 529774
 3828.749839 16999 1000 1000 1000 1000 75 46 0 75 52 0 75 42 0 75 44 0 5734 950000 4750 553206 958750 529774
 3828.949839 17000 1000 1000 1000 1000 75 46 0 75 52 0 75 42 0 75 44 0 5734 950000 4750 552384 958750 528816
 3829.149837 17001 1000 1000 1000 1000 76 46 0 76 52 0 76 42 0 76 44 0 5734 950000 4750 553754 958750 529774
 3829.349838 17002 1000 1000 1000 1000 76 46 0 76 52 0 76 42 0 76 44 0 5734 950000 4750 553754 958750 529774
 3829.549851 17003 1000 1000 1000 1000 76 46 0 76 52 0 76 42 0 76 44 0 5734 950000 4750 560056 958750 536480
 3829.749838 17004 1000 1000 1000 1000 76 46 0 76 52 0 76 42 0 76 44 0 5734 950000 4750 553754 958750 529774
 3829.949838 17005 1000 1000 1000 1000 76 46 0 76 52 0 76 42 0 76 44 0 5490 950000 4750 553206 958750 529774
 3830.149838 17006 1000 1000 1000 1000 76 46 0 76 52 0 76 42 0 76 44 0 5490 950000 4750 553206 958750 529774
 3830.349839 17007 1000 1000 1000 1000 75 46 0 75 52 0 75 42 0 75 44 0 5734 950000 4750 555946 958750 531690
 3830.549838 17008 1000 1000 1000 1000 75 46 0 75 52 0 75 42 0 75 44 0 5734 950000 4750 555946 958750 531690
 3830.749838 17009 1000 1000 1000 1000 75 46 0 75 52 0 75 42 0 75 44 0 5734 950000 4750 554302 958750 530732
 3830.949841 17010 1000 1000 1000 1000 75 46 0 75 52 0 75 42 0 75 44 0 5490 950000 4750 554028 958750 530732
 3831.149838 17011 1000 1000 1000 1000 76 46 0 76 52 0 76 42 0 76 44 0 5490 950000 4750 554028 958750 530732
 3831.349839 17012 1000 1000 1000 1000 76 46 0 76 52 0 76 42 0 76 44 0 5734 950000 4750 555124 958750 531690
 3831.549838 17013 1000 1000 1000 1000 76 46 0 76 52 0 76 42 0 76 44 0 5734 950000 4750 554302 958750 530732
 3831.749838 17014 1000 1000 1000 1000 76 46 0 76 52 0 76 42 0 76 44 0 5734 950000 4750 555124 958750 531690
 3831.949838 17015 1000 1000 1000 1000 76 46 0 76 52 0 76 42 0 76 44 0 5734 950000 4750 555124 958750 531690
 3832.149839 17016 1000 1000 1000 1000 76 46 0 76 52 0 76 42 0 76 44 0 5734 950000 4750 555398 958750 531690
 3832.349923 17017 1000 1000 1000 1000 76 46 0 76 52 0 76 42 0 76 44 0 5734 950000 4750 555946 958750 531690
 3832.549937 17018 1000 1000 1000 1000 76 46 0 76 52 0 76 42 0 76 44 0 5734 950000 4750 554576 958750 530732
 3832.749934 17019 1000 1000 1000 1000 76 46 0 76 52 0 76 42 0 76 44 0 5734 950000 4750 554576 958750 530732
 3832.949934 17020 1000 1000 1000 1000 76 46 0 76 52 0 76 42 0 76 44 0 5734 950000 4750 554850 958750 530732
 3833.149934 17021 1000 1000 1000 1000 76 46 0 76 52 0 76 42 0 76 44 0 5734 950000 4750 555398 958750 531690
 3833.349938 17022 1000 1000 1000 1000 76 46 0 76 52 0 76 42 0 76 44 0 5490 950000 4750 555398 958750 531690
 3833.549933 17023 1000 1000 1000 1000 76 46 0 76 52 0 76 42 0 76 44 0 5490 950000 4750 555398 958750 531690
 3833.749934 17024 1000 1000 1000 1000 76 46 0 76 52 0 76 42 0 76 44 0 5490 950000 4750 555124 958750 531690
 3833.949934 17025 1000 1000 1000 1000 76 46 0 76 52 0 76 42 0 76 44 0 5734 950000 4750 552932 958750 528816
 3834.149935 17026 1000 1000 1000 1000 76 46 0 76 52 0 76 42 0 76 44 0 5734 950000 4750 554028 958750 530732
 3834.349934 17027 1000 1000 1000 1000 76 46 0 76 52 0 76 42 0 76 44 0 5734 950000 4750 554028 958750 530732
 3834.549935 17028 1000 1000 1000 1000 76 46 0 76 52 0 76 42 0 76 44 0 5734 950000 4750 554302 958750 530732
 3834.749930 17029 1000 1000 1000 1000 76 46 0 76 52 0 76 42 0 76 44 0 5734 950000 4750 555672 958750 531690
 3834.949934 17030 1000 1000 1000 1000 76 46 0 76 52 0 76 42 0 76 44 0 5734 950000 4750 554576 958750 530732
 3835.149934 17031 1000 1000 1000 1000 76 46 0 76 52 0 76 42 0 76 44 0 5734 950000 4750 554576 958750 530732
 3835.349935 17032 1000 1000 1000 1000 76 46 0 76 52 0 76 42 0 76 44 0 5734 950000 4750 555124 958750 531690
 3835.549936 17033 1000 1000 1000 1000 76 46 0 76 52 0 76 42 0 76 44 0 5734 950000 4750 554850 958750 530732
 3835.749929 17034 1000 1000 1000 1000 76 46 0 76 52 0 76 42 0 76 44 0 5490 950000 4750 553754 958750 529774
 3835.949933 17035 1000 1000 1000 1000 76 46 0 76 52 0 76 42 0 76 44 0 5490 950000 4750 553754 958750 529774
 3836.149935 17036 1000 1000 1000 1000 76 46 0 76 52 0 76 42 0 76 44 0 5734 950000 4750 554576 958750 530732
 3836.349934 17037 1000 1000 1000 1000 76 46 0 76 52 0 76 42 0 76 44 0 5734 950000 4750 555398 958750 531690
 3836.549934 17038 1000 1000 1000 1000 76 46 0 76 52 0 76 42 0 76 44 0 5734 950000 4750 555946 958750 531690
 3836.750526 17039 1000 1000 1000 1000 76 46 0 76 52 0 76 42 0 76 44 0 5734 950000 4750 555672 958750 531690
 3836.949934 17040 1000 1000 1000 1000 76 46 0 76 52 0 76 42 0 76 44 0 5734 950000 4750 555672 958750 531690
 3837.149934 17041 1000 1000 1000 1000 76 46 0 76 52 0 76 42 0 76 44 0 5734 950000 4750 555672 958750 531690
 3837.349934 17042 1000 1000 1000 1000 76 46 0 76 52 0 76 42 0 76 44 0 5490 950000 4750 555946 958750 531690
 3837.549936 17043 1000 1000 1000 1000 76 46 0 76 52 0 76 42 0 76 44 0 5734 950000 4750 555672 958750 531690
 3837.749934 17044 1000 1000 1000 1000 76 46 0 76 52 0 76 42 0 76 44 0 5734 950000 4750 555672 958750 531690
 3837.949934 17045 1000 1000 1000 1000 76 46 0 76 52 0 76 42 0 76 44 0 5734 950000 4750 554850 958750 530732
 3838.149934 17046 1000 1000 1000 1000 76 46 0 76 52 0 76 42 0 76 44 0 5734 950000 4750 554302 958750 530732
 3838.349934 17047 1000 1000 1000 1000 76 46 0 76 52 0 76 42 0 76 44 0 5490 950000 4750 557864 958750 533606
 3838.549935 17048 1000 1000 1000 1000 76 46 0 76 52 0 76 42 0 76 44 0 5490 950000 4750 557864 958750 533606
 3838.749934 17049 1000 1000 1000 1000 76 46 0 76 52 0 76 42 0 76 44 0 5734 950000 4750 556768 958750 532648
 3838.949934 17050 1000 1000 1000 1000 76 46 0 76 52 0 76 42 0 76 44 0 5734 950000 4750 556220 958750 532648
 3839.149929 17051 1000 1000 1000 1000 76 46 0 76 52 0 76 42 0 76 44 0 5734 950000 4750 556494 958750 532648
 3839.349934 17052 1000 1000 1000 1000 76 46 0 76 52 0 76 42 0 76 44 0 5734 950000 4750 556494 958750 532648
 3839.549935 17053 1000 1000 1000 1000 76 46 0 76 52 0 76 42 0 76 44 0 5734 950000 4750 555946 958750 531690
 3839.749934 17054 1000 1000 1000 1000 76 46 0 76 52 0 76 42 0 76 44 0 5734 950000 4750 557316 958750 533606
 3839.949934 17055 1000 1000 1000 1000 76 46 0 76 52 0 76 42 0 76 44 0 5734 950000 4750 555124 958750 531690
 3840.149934 17056 1000 1000 1000 1000 76 46 0 76 52 0 76 42 0 76 44 0 5734 950000 4750 555124 958750 531690
 3840.349929 17057 1000 1000 1000 1000 76 46 0 76 52 0 76 42 0 76 44 0 5734 950000 4750 557590 958750 533606
 3840.549934 17058 1000 1000 1000 1000 76 46 0 76 52 0 76 42 0 76 44 0 5734 950000 4750 557590 958750 533606
 3840.749933 17059 1000 1000 1000 1000 76 46 0 76 52 0 76 42 0 76 44 0 5490 950000 4750 557316 958750 533606
 3840.949934 17060 1000 1000 1000 1000 76 46 0 76 52 0 76 42 0 76 44 0 5490 950000 4750 557316 958750 533606
 3841.149934 17061 1000 1000 1000 1000 76 46 0 76 52 0 76 42 0 76 44 0 5734 950000 4750 556220 958750 532648
 3841.349934 17062 1000 1000 1000 1000 76 46 0 76 52 0 76 42 0 76 44 0 5734 950000 4750 555946 958750 531690
 3841.549937 17063 1000 1000 1000 1000 76 46 0 76 52 0 76 42 0 76 44 0 5734 950000 4750 554850 958750 530732
 3841.749935 17064 1000 1000 1000 1000 76 46 0 76 52 0 76 42 0 76 44 0 5734 950000 4750 554850 958750 530732
 3841.949934 17065 1000 1000 1000 1000 76 46 0 76 52 0 76 42 0 76 44 0 5734 950000 4750 554576 958750 530732
 3842.149949 17066 1000 1000 1000 1000 76 46 0 76 52 0 76 42 0 76 44 0 5490 950000 4750 554576 958750 530732
 3842.349934 17067 1000 1000 1000 1000 76 46 0 76 52 0 76 42 0 76 44 0 5734 950000 4750 554576 958750 530732
 3842.549933 17068 1000 1000 1000 1000 76 46 0 76 52 0 76 42 0 76 44 0 5734 950000 4750 554576 958750 530732
 3842.749934 17069 1000 1000 1000 1000 76 46 0 76 52 0 76 42 0 76 44 0 5734 950000 4750 554028 958750 530732
 3842.949934 17070 1000 1000 1000 1000 76 46 0 76 52 0 76 42 0 76 44 0 5734 950000 4750 552932 958750 528816
 3843.149935 17071 1000 1000 1000 1000 76 46 0 76 52 0 76 42 0 76 44 0 5734 950000 4750 553206 958750 529774
 3843.349911 17072 1000 1000 1000 1000 76 46 0 76 52 0 76 42 0 76 44 0 5734 950000 4750 552932 958750 528816
 3843.549934 17073 1000 1000 1000 1000 76 46 0 76 52 0 76 42 0 76 44 0 5734 950000 4750 552932 958750 528816
 3843.749930 17074 1000 1000 1000 1000 76 46 0 76 52 0 76 42 0 76 44 0 5734 950000 4750 552932 958750 528816
 3843.949934 17075 1000 1000 1000 1000 76 46 0 76 52 0 76 42 0 76 44 0 5734 950000 4750 554028 958750 530732
 3844.149934 17076 1000 1000 1000 1000 76 46 0 76 52 0 76 42 0 76 44 0 5734 950000 4750 554850 958750 530732
 3844.349934 17077 1000 1000 1000 1000 76 46 0 76 52 0 76 42 0 76 44 0 5734 950000 4750 554850 958750 530732
 3844.549936 17078 1000 1000 1000 1000 76 46 0 76 52 0 76 42 0 76 44 0 5734 950000 4750 555398 958750 531690
 3844.749928 17079 1000 1000 1000 1000 76 46 0 76 52 0 76 42 0 76 44 0 5734 950000 4750 553754 958750 529774
 3844.949934 17080 1000 1000 1000 1000 76 46 0 76 52 0 76 42 0 76 44 0 5734 950000 4750 554576 958750 530732
 3845.149934 17081 1000 1000 1000 1000 76 46 0 76 52 0 76 42 0 76 44 0 5734 950000 4750 554576 958750 530732
 3845.349934 17082 1000 1000 1000 1000 76 46 0 76 52 0 76 42 0 76 44 0 5734 950000 4750 557316 958750 533606
 3845.549933 17083 1000 1000 1000 1000 76 46 0 76 52 0 76 42 0 76 44 0 5734 950000 4750 555124 958750 531690
 3845.749933 17084 1000 1000 1000 1000 76 46 0 76 52 0 76 42 0 76 44 0 5734 950000 4750 556768 958750 532648
 3845.949934 17085 1000 1000 1000 1000 76 46 0 76 52 0 76 42 0 76 44 0 5734 950000 4750 556768 958750 532648
 3846.149934 17086 1000 1000 1000 1000 76 46 0 76 52 0 76 42 0 76 44 0 5734 950000 4750 556220 958750 532648
 3846.349933 17087 1000 1000 1000 1000 76 46 0 76 52 0 76 42 0 76 44 0 5734 950000 4750 558138 958750 534564
 3846.549934 17088 1000 1000 1000 1000 76 46 0 76 52 0 76 42 0 76 44 0 5734 950000 4750 557042 958750 533606
 3846.749933 17089 1000 1000 1000 1000 76 46 0 76 52 0 76 42 0 76 44 0 5734 950000 4750 557042 958750 533606
 3846.949934 17090 1000 1000 1000 1000 76 46 0 76 52 0 76 42 0 76 44 0 5734 950000 4750 556220 958750 532648
 3847.149930 17091 1000 1000 1000 1000 76 46 0 76 52 0 76 42 0 76 44 0 5734 950000 4750 555946 958750 531690
 3847.349933 17092 1000 1000 1000 1000 76 46 0 76 52 0 76 42 0 76 44 0 5734 950000 4750 557042 958750 533606
 3847.549935 17093 1000 1000 1000 1000 76 46 0 76 52 0 76 42 0 76 44 0 5734 950000 4750 557042 958750 533606
 3847.749935 17094 1000 1000 1000 1000 76 46 0 76 52 0 76 42 0 76 44 0 5734 950000 4750 555672 958750 531690
 3847.949933 17095 1000 1000 1000 1000 76 46 0 76 52 0 76 42 0 76 44 0 5734 950000 4750 556220 958750 532648
 3848.149934 17096 1000 1000 1000 1000 76 46 0 76 52 0 76 42 0 76 44 0 5734 950000 4750 555398 958750 531690
 3848.349934 17097 1000 1000 1000 1000 76 46 0 76 52 0 76 42 0 76 44 0 5734 950000 4750 555398 958750 531690
 3848.549934 17098 1000 1000 1000 1000 76 46 0 76 52 0 76 42 0 76 44 0 5490 950000 4750 556220 958750 532648
 3848.749934 17099 1000 1000 1000 1000 76 46 0 76 52 0 76 42 0 76 44 0 5734 950000 4750 554302 958750 530732
 3848.949934 17100 1000 1000 1000 1000 76 46 0 76 52 0 76 42 0 76 44 0 5734 950000 4750 554028 958750 530732
 3849.149860 17101 1000 1000 1000 1000 76 46 0 76 52 0 76 42 0 76 44 0 5734 950000 4750 554028 958750 530732
 3849.349933 17102 1000 1000 1000 1000 76 46 0 76 52 0 76 42 0 76 44 0 5734 950000 4750 553206 958750 529774
 3849.549934 17103 1000 1000 1000 1000 76 46 0 76 52 0 76 42 0 76 44 0 5734 950000 4750 555946 958750 531690
 3849.749935 17104 1000 1000 1000 1000 76 46 0 76 52 0 76 42 0 76 44 0 5734 950000 4750 555946 958750 531690
 3849.949934 17105 1000 1000 1000 1000 76 46 0 76 52 0 76 42 0 76 44 0 5490 950000 4750 556768 958750 532648
 3850.149935 17106 1000 1000 1000 1000 76 46 0 76 52 0 76 42 0 76 44 0 5490 950000 4750 556768 958750 532648
 3850.349933 17107 1000 1000 1000 1000 76 46 0 76 52 0 76 42 0 76 44 0 5734 950000 4750 555946 958750 531690
 3850.549936 17108 1000 1000 1000 1000 76 46 0 76 52 0 76 42 0 76 44 0 5490 950000 4750 553480 958750 529774
 3850.749934 17109 1000 1000 1000 1000 76 46 0 76 52 0 76 42 0 76 44 0 5734 950000 4750 555124 958750 531690
 3850.949934 17110 1000 1000 1000 1000 76 46 0 76 52 0 76 42 0 76 44 0 5734 950000 4750 555124 958750 531690
 3851.149934 17111 1000 1000 1000 1000 76 46 0 76 52 0 76 42 0 76 44 0 5734 950000 4750 554028 958750 530732
 3851.349933 17112 1000 1000 1000 1000 76 46 0 76 52 0 76 42 0 76 44 0 5734 950000 4750 555946 958750 531690
 3851.549929 17113 1000 1000 1000 1000 76 46 0 76 52 0 76 42 0 76 44 0 5734 950000 4750 555398 958750 531690
 3851.749934 17114 1000 1000 1000 1000 76 46 0 76 52 0 76 42 0 76 44 0 5734 950000 4750 555398 958750 531690
 3851.949933 17115 1000 1000 1000 1000 76 46 0 76 52 0 76 42 0 76 44 0 5734 950000 4750 555124 958750 531690
 3852.149935 17116 1000 1000 1000 1000 76 46 0 76 52 0 76 42 0 76 44 0 5734 950000 4750 555946 958750 531690
 3852.349935 17117 1000 1000 1000 1000 76 46 0 76 52 0 76 42 0 76 44 0 5734 950000 4750 555124 958750 531690
 3852.549964 17118 1000 1000 1000 1000 76 46 0 76 52 0 76 42 0 76 44 0 5734 950000 4750 555124 958750 531690
 3852.749929 17119 1000 1000 1000 1000 76 46 0 76 52 0 76 42 0 76 44 0 5734 950000 4750 552932 958750 528816
 3852.949934 17120 1000 1000 1000 1000 76 46 0 76 52 0 76 42 0 76 44 0 5734 950000 4750 552932 958750 528816
 3853.149934 17121 1000 1000 1000 1000 76 46 0 76 52 0 76 42 0 76 44 0 5734 950000 4750 556220 958750 532648
 3853.349935 17122 1000 1000 1000 1000 76 46 0 76 52 0 76 42 0 76 44 0 5734 950000 4750 556220 958750 532648
 3853.549936 17123 1000 1000 1000 1000 76 46 0 76 52 0 76 42 0 76 44 0 5734 950000 4750 555124 958750 531690
 3853.749934 17124 1000 1000 1000 1000 76 46 0 76 52 0 76 42 0 76 44 0 5734 950000 4750 554576 958750 530732
 3853.949935 17125 1000 1000 1000 1000 76 46 0 76 52 0 76 42 0 76 44 0 5734 950000 4750 554576 958750 530732
 3854.149935 17126 1000 1000 1000 1000 76 46 0 76 52 0 76 42 0 76 44 0 5734 950000 4750 554576 958750 530732
 3854.349929 17127 1000 1000 1000 1000 76 46 0 76 52 0 76 42 0 76 44 0 5734 950000 4750 554302 958750 530732
 3854.549934 17128 1000 1000 1000 1000 76 46 0 76 52 0 76 42 0 76 44 0 5734 950000 4750 579236 958750 554682
 3854.749935 17129 1000 1000 1000 1000 76 46 0 76 52 0 76 42 0 76 44 0 5734 950000 4750 554850 958750 530732
 3854.949934 17130 1000 1000 1000 1000 76 46 0 76 52 0 76 42 0 76 44 0 5734 950000 4750 554850 958750 530732
 3855.149934 17131 1000 1000 1000 1000 76 46 0 76 52 0 76 42 0 76 44 0 5734 950000 4750 554850 958750 530732
 3855.349933 17132 1000 1000 1000 1000 76 46 0 76 52 0 76 42 0 76 44 0 5734 950000 4750 556494 958750 532648
 3855.549934 17133 1000 1000 1000 1000 76 46 0 76 52 0 76 42 0 76 44 0 5734 950000 4750 555946 958750 531690
 3855.749913 17134 1000 1000 1000 1000 76 46 0 76 52 0 76 42 0 76 44 0 5734 950000 4750 556494 958750 532648
 3855.949933 17135 1000 1000 1000 1000 76 46 0 76 52 0 76 42 0 76 44 0 5734 950000 4750 556494 958750 532648
 3856.149934 17136 1000 1000 1000 1000 76 46 0 76 52 0 76 42 0 76 44 0 5734 950000 4750 554576 958750 530732
 3856.349933 17137 1000 1000 1000 1000 76 46 0 76 52 0 76 42 0 76 44 0 5734 950000 4750 556768 958750 532648
 3856.549936 17138 1000 1000 1000 1000 76 46 0 76 52 0 76 42 0 76 44 0 5734 950000 4750 554850 958750 530732
 3856.749934 17139 1000 1000 1000 1000 76 46 0 76 52 0 76 42 0 76 44 0 5734 950000 4750 554850 958750 530732
 3856.949934 17140 1000 1000 1000 1000 76 46 0 76 52 0 76 42 0 76 44 0 5734 950000 4750 555672 958750 531690
 3857.149930 17141 1000 1000 1000 1000 76 46 0 76 52 0 76 42 0 76 44 0 5734 950000 4750 556220 958750 532648
 3857.349933 17142 1000 1000 1000 1000 76 46 0 76 52 0 76 42 0 76 44 0 5734 950000 4750 560878 958750 536480
 3857.549934 17143 1000 1000 1000 1000 76 46 0 76 52 0 76 42 0 76 44 0 5734 950000 4750 560878 958750 536480
 3857.749934 17144 1000 1000 1000 1000 76 46 0 76 52 0 76 42 0 76 44 0 5734 950000 4750 555398 958750 531690
 3857.949935 17145 1000 1000 1000 1000 76 46 0 76 52 0 76 42 0 76 44 0 5734 950000 4750 555398 958750 531690
 3858.149934 17146 1000 1000 1000 1000 76 46 0 76 52 0 76 42 0 76 44 0 5734 950000 4750 555124 958750 531690
 3858.349934 17147 1000 1000 1000 1000 76 46 0 76 52 0 76 42 0 76 44 0 5734 950000 4750 555124 958750 531690
 3858.549934 17148 1000 1000 1000 1000 76 46 0 76 52 0 76 42 0 76 44 0 5734 950000 4750 554850 958750 530732
 3858.749934 17149 1000 1000 1000 1000 76 46 0 76 52 0 76 42 0 76 44 0 5734 950000 4750 556220 958750 532648
 3858.949933 17150 1000 1000 1000 1000 76 46 0 76 52 0 76 42 0 76 44 0 5490 950000 4750 556220 958750 532648
 3859.149952 17151 1000 1000 1000 1000 76 46 0 76 52 0 76 42 0 76 44 0 5490 950000 4750 556220 958750 532648
 3859.349934 17152 1000 1000 1000 1000 76 46 0 76 52 0 76 42 0 76 44 0 5734 950000 4750 555672 958750 531690
 3859.549931 17153 1000 1000 1000 1000 76 46 0 76 52 0 76 42 0 76 44 0 5734 950000 4750 556768 958750 532648
 3859.749934 17154 1000 1000 1000 1000 76 46 0 76 52 0 76 42 0 76 44 0 5734 950000 4750 555398 958750 531690
 3859.949935 17155 1000 1000 1000 1000 76 46 0 76 52 0 76 42 0 76 44 0 5734 950000 4750 555398 958750 531690
 3860.149934 17156 1000 1000 1000 1000 76 46 0 76 52 0 76 42 0 76 44 0 5734 950000 4750 555946 958750 531690
 3860.349934 17157 1000 1000 1000 1000 76 46 0 76 52 0 76 42 0 76 44 0 5734 950000 4750 554850 958750 530732
 3860.549933 17158 1000 1000 1000 1000 76 46 0 76 52 0 76 42 0 76 44 0 5734 950000 4750 555398 958750 531690
 3860.749934 17159 1000 1000 1000 1000 76 46 0 76 52 0 76 42 0 76 44 0 5734 950000 4750 555398 958750 531690
 3860.949935 17160 1000 1000 1000 1000 76 46 0 76 52 0 76 42 0 76 44 0 5734 950000 4750 555946 958750 531690
 3861.149934 17161 1000 1000 1000 1000 76 46 0 76 52 0 76 42 0 76 44 0 5734 950000 4750 556768 958750 532648
 3861.349934 17162 1000 1000 1000 1000 76 46 0 76 52 0 76 42 0 76 44 0 5490 950000 4750 558686 958750 534564
 3861.549855 17163 1000 1000 1000 1000 76 46 0 76 52 0 76 42 0 76 44 0 5490 950000 4750 558686 958750 534564
 3861.749935 17164 1000 1000 1000 1000 76 46 0 76 52 0 76 42 0 76 44 0 5734 950000 4750 556220 958750 532648
 3861.949935 17165 1000 1000 1000 1000 76 46 0 76 52 0 76 42 0 76 44 0 5734 950000 4750 556768 958750 532648
 3862.149934 17166 1000 1000 1000 1000 76 46 0 76 52 0 76 42 0 76 44 0 5734 950000 4750 558138 958750 534564
 3862.349934 17167 1000 1000 1000 1000 76 46 0 76 52 0 76 42 0 76 44 0 5734 950000 4750 556494 958750 532648
 3862.549936 17168 1000 1000 1000 1000 76 46 0 76 52 0 76 42 0 76 44 0 5734 950000 4750 556494 958750 532648
 3862.749934 17169 1000 1000 1000 1000 76 46 0 76 52 0 76 42 0 76 44 0 5734 950000 4750 558138 958750 534564
 3862.949935 17170 1000 1000 1000 1000 76 46 0 76 52 0 76 42 0 76 44 0 5734 950000 4750 557042 958750 533606
 3863.149934 17171 1000 1000 1000 1000 76 46 0 76 52 0 76 42 0 76 44 0 5734 950000 4750 557042 958750 533606
 3863.349885 17172 1000 1000 1000 1000 76 46 0 76 52 0 76 42 0 76 44 0 5734 950000 4750 557042 958750 533606
 3863.549905 17173 1000 1000 1000 1000 76 46 0 76 52 0 76 42 0 76 44 0 5734 950000 4750 557316 958750 533606
 3863.749885 17174 1000 1000 1000 1000 76 46 0 76 52 0 76 42 0 76 44 0 5734 950000 4750 552658 958750 528816
 3863.949887 17175 1000 1000 1000 1000 76 46 0 76 52 0 76 42 0 76 44 0 5490 950000 4750 655408 960000 628800
 3864.149887 17176 1000 1000 1000 1000 73 46 0 73 52 0 73 42 0 73 44 0 5490 950000 4750 655408 960000 628800
 3864.349887 17177 1000 1000 1000 1000 73 46 0 73 52 0 73 42 0 73 44 0 5734 950000 4750 559782 958750 535522
 3864.549888 17178 1000 1000 1000 1000 73 46 0 73 52 0 73 42 0 73 44 0 5734 950000 4750 559508 958750 535522
 3864.749872 17179 1000 1000 1000 1000 73 46 0 73 52 0 73 42 0 73 44 0 5734 950000 4750 566084 958750 542228
 3864.949945 17180 1000 1000 1000 1000 73 46 0 73 52 0 73 42 0 73 44 0 5734 950000 4750 566084 958750 542228
 3865.149916 17181 1000 1000 1000 1000 72 46 0 72 52 0 72 42 0 72 44 0 5734 950000 4750 558686 958750 534564
 3865.349916 17182 1000 1000 1000 1000 72 46 0 72 52 0 72 42 0 72 44 0 5490 950000 4750 557590 958750 533606
 3865.549969 17183 1000 1000 1000 1000 72 46 0 72 52 0 72 42 0 72 44 0 5490 950000 4750 556494 958750 532648
 3865.749915 17184 1000 1000 1000 1000 72 46 0 72 52 0 72 42 0 72 44 0 5490 950000 4750 556494 958750 532648
 3865.949917 17185 1000 1000 1000 1000 72 46 0 72 52 0 72 42 0 72 44 0 5490 950000 4750 555946 958750 531690
 3866.149917 17186 1000 1000 1000 1000 72 46 0 72 52 0 72 42 0 72 44 0 5734 950000 4750 558412 958750 534564
 3866.349917 17187 1000 1000 1000 1000 72 46 0 72 52 0 72 42 0 72 44 0 5734 950000 4750 557590 958750 533606
 3866.549915 17188 1000 1000 1000 1000 72 46 0 72 52 0 72 42 0 72 44 0 5734 950000 4750 557590 958750 533606
 3866.749916 17189 1000 1000 1000 1000 72 46 0 72 52 0 72 42 0 72 44 0 5734 950000 4750 557590 958750 533606
 3866.949917 17190 1000 1000 1000 1000 72 46 0 72 52 0 72 42 0 72 44 0 5734 950000 4750 557316 958750 533606
 3867.149916 17191 1000 1000 1000 1000 72 46 0 72 52 0 72 42 0 72 44 0 5734 950000 4750 555946 958750 531690
 3867.349917 17192 1000 1000 1000 1000 72 46 0 72 52 0 72 42 0 72 44 0 5734 950000 4750 555946 958750 531690
 3867.549916 17193 1000 1000 1000 1000 72 46 0 72 52 0 72 42 0 72 44 0 5734 950000 4750 554576 958750 530732
 3867.749916 17194 1000 1000 1000 1000 72 46 0 72 52 0 72 42 0 72 44 0 5734 950000 4750 555672 958750 531690
 3867.949916 17195 1000 1000 1000 1000 72 46 0 72 52 0 72 42 0 72 44 0 5490 950000 4750 554028 958750 530732
 3868.149917 17196 1000 1000 1000 1000 72 46 0 72 52 0 72 42 0 72 44 0 5734 950000 4750 556494 958750 532648
 3868.349915 17197 1000 1000 1000 1000 72 46 0 72 52 0 72 42 0 72 44 0 5734 950000 4750 556494 958750 532648
 3868.549970 17198 1000 1000 1000 1000 72 46 0 72 52 0 72 42 0 72 44 0 5490 950000 4750 556494 958750 532648
 3868.749917 17199 1000 1000 1000 1000 72 46 0 72 52 0 72 42 0 72 44 0 5734 950000 4750 555946 958750 531690
 3868.949916 17200 1000 1000 1000 1000 72 46 0 72 52 0 72 42 0 72 44 0 5734 950000 4750 556768 958750 532648
 3869.149916 17201 1000 1000 1000 1000 72 46 0 72 52 0 72 42 0 72 44 0 5734 950000 4750 556768 958750 532648
 3869.349917 17202 1000 1000 1000 1000 72 46 0 72 52 0 72 42 0 72 44 0 5734 950000 4750 555124 958750 531690
 3869.549915 17203 1000 1000 1000 1000 72 46 0 72 52 0 72 42 0 72 44 0 5734 950000 4750 560056 958750 536480
 3869.749916 17204 1000 1000 1000 1000 72 46 0 72 52 0 72 42 0 72 44 0 5734 950000 4750 555398 958750 531690
 3869.949917 17205 1000 1000 1000 1000 72 46 0 72 52 0 72 42 0 72 44 0 5734 950000 4750 555398 958750 531690
 3870.149916 17206 1000 1000 1000 1000 72 46 0 72 52 0 72 42 0 72 44 0 5734 950000 4750 556494 958750 532648
 3870.349917 17207 1000 1000 1000 1000 72 46 0 72 52 0 72 42 0 72 44 0 5734 950000 4750 558138 958750 534564
 3870.549915 17208 1000 1000 1000 1000 72 46 0 72 52 0 72 42 0 72 44 0 5734 950000 4750 556768 958750 532648
 3870.749917 17209 1000 1000 1000 1000 72 46 0 72 52 0 72 42 0 72 44 0 5734 950000 4750 556768 958750 532648
 3870.949917 17210 1000 1000 1000 1000 72 46 0 72 52 0 72 42 0 72 44 0 5734 950000 4750 556494 958750 532648
 3871.149916 17211 1000 1000 1000 1000 72 46 0 72 52 0 72 42 0 72 44 0 5734 950000 4750 555946 958750 531690
 3871.349917 17212 1000 1000 1000 1000 72 46 0 72 52 0 72 42 0 72 44 0 5734 950000 4750 557590 958750 533606
 3871.549970 17213 1000 1000 1000 1000 72 46 0 72 52 0 72 42 0 72 44 0 5734 950000 4750 557590 958750 533606
 3871.749917 17214 1000 1000 1000 1000 72 46 0 72 52 0 72 42 0 72 44 0 5734 950000 4750 555398 958750 531690
 3871.949917 17215 1000 1000 1000 1000 72 46 0 72 52 0 72 42 0 72 44 0 5734 950000 4750 555946 958750 531690
 3872.150008 17216 1000 1000 1000 1000 72 46 0 72 52 0 72 42 0 72 44 0 5734 950000 4750 557316 958750 533606
 3872.349934 17217 1000 1000 1000 1000 72 46 0 72 52 0 72 42 0 72 44 0 5734 950000 4750 557316 958750 533606
 3872.549936 17218 1000 1000 1000 1000 72 46 0 72 52 0 72 42 0 72 44 0 5734 950000 4750 557590 958750 533606
 3872.749934 17219 1000 1000 1000 1000 72 46 0 72 52 0 72 42 0 72 44 0 5490 950000 4750 556768 958750 532648
 3872.949935 17220 1000 1000 1000 1000 72 46 0 72 52 0 72 42 0 72 44 0 5734 950000 4750 555946 958750 531690
 3873.149934 17221 1000 1000 1000 1000 72 46 0 72 52 0 72 42 0 72 44 0 5734 950000 4750 555946 958750 531690
 3873.349934 17222 1000 1000 1000 1000 72 46 0 72 52 0 72 42 0 72 44 0 5490 950000 4750 555946 958750 531690
 3873.549934 17223 1000 1000 1000 1000 72 46 0 72 52 0 72 42 0 72 44 0 5734 950000 4750 556768 958750 532648
 3873.749934 17224 1000 1000 1000 1000 72 46 0 72 52 0 72 42 0 72 44 0 5734 950000 4750 555946 958750 531690
 3873.949916 17225 1000 1000 1000 1000 72 46 0 72 52 0 72 42 0 72 44 0 5734 950000 4750 555946 958750 531690
 3874.149934 17226 1000 1000 1000 1000 72 46 0 72 52 0 72 42 0 72 44 0 5734 950000 4750 557590 958750 533606
 3874.349934 17227 1000 1000 1000 1000 72 46 0 72 52 0 72 42 0 72 44 0 5490 950000 4750 558686 958750 534564
 3874.549905 17228 1000 1000 1000 1000 72 46 0 72 52 0 72 42 0 72 44 0 5734 950000 4750 557590 958750 533606
 3874.749934 17229 1000 1000 1000 1000 72 46 0 72 52 0 72 42 0 72 44 0 5734 950000 4750 558960 958750 534564
 3874.949935 17230 1000 1000 1000 1000 72 46 0 72 52 0 72 42 0 72 44 0 5734 950000 4750 558960 958750 534564
 3875.149935 17231 1000 1000 1000 1000 72 46 0 72 52 0 72 42 0 72 44 0 5490 950000 4750 555672 958750 531690
 3875.349934 17232 1000 1000 1000 1000 72 46 0 72 52 0 72 42 0 72 44 0 5490 950000 4750 555946 958750 531690
 3875.549935 17233 1000 1000 1000 1000 72 46 0 72 52 0 72 42 0 72 44 0 5734 950000 4750 557316 958750 533606
 3875.749934 17234 1000 1000 1000 1000 72 46 0 72 52 0 72 42 0 72 44 0 5734 950000 4750 557316 958750 533606
 3875.949934 17235 1000 1000 1000 1000 72 46 0 72 52 0 72 42 0 72 44 0 5490 950000 4750 557864 958750 533606
 3876.149934 17236 1000 1000 1000 1000 72 46 0 72 52 0 72 42 0 72 44 0 5490 950000 4750 557864 958750 533606
 3876.349934 17237 1000 1000 1000 1000 72 46 0 72 52 0 72 42 0 72 44 0 5734 950000 4750 558412 958750 534564
 3876.549934 17238 1000 1000 1000 1000 72 46 0 72 52 0 72 42 0 72 44 0 5734 950000 4750 558412 958750 534564
 3876.749934 17239 1000 1000 1000 1000 72 46 0 72 52 0 72 42 0 72 44 0 5734 950000 4750 556494 958750 532648
 3876.949931 17240 1000 1000 1000 1000 72 46 0 72 52 0 72 42 0 72 44 0 5734 950000 4750 554576 958750 530732
 3877.149934 17241 1000 1000 1000 1000 72 46 0 72 52 0 72 42 0 72 44 0 5734 950000 4750 556494 958750 532648
 3877.349934 17242 1000 1000 1000 1000 72 46 0 72 52 0 72 42 0 72 44 0 5734 950000 4750 556494 958750 532648
 3877.549909 17243 1000 1000 1000 1000 72 46 0 72 52 0 72 42 0 72 44 0 5734 950000 4750 554576 958750 530732
 3877.749935 17244 1000 1000 1000 1000 72 46 0 72 52 0 72 42 0 72 44 0 5490 950000 4750 555946 958750 531690
 3877.949935 17245 1000 1000 1000 1000 72 46 0 72 52 0 72 42 0 72 44 0 5734 950000 4750 558138 958750 534564
 3878.149935 17246 1000 1000 1000 1000 72 46 0 72 52 0 72 42 0 72 44 0 5734 950000 4750 558138 958750 534564
 3878.349935 17247 1000 1000 1000 1000 72 46 0 72 52 0 72 42 0 72 44 0 5734 950000 4750 557316 958750 533606
 3878.549933 17248 1000 1000 1000 1000 72 46 0 72 52 0 72 42 0 72 44 0 5734 950000 4750 556768 958750 532648
 3878.749935 17249 1000 1000 1000 1000 72 46 0 72 52 0 72 42 0 72 44 0 5734 950000 4750 555124 958750 531690
 3878.949935 17250 1000 1000 1000 1000 72 46 0 72 52 0 72 42 0 72 44 0 5734 950000 4750 555124 958750 531690
 3879.149935 17251 1000 1000 1000 1000 72 46 0 72 52 0 72 42 0 72 44 0 5734 950000 4750 555946 958750 531690
 3879.349929 17252 1000 1000 1000 1000 72 46 0 72 52 0 72 42 0 72 44 0 5734 950000 4750 557864 958750 533606
 3879.549934 17253 1000 1000 1000 1000 72 46 0 72 52 0 72 42 0 72 44 0 5490 950000 4750 557042 958750 533606
 3879.749934 17254 1000 1000 1000 1000 72 46 0 72 52 0 72 42 0 72 44 0 5490 950000 4750 557042 958750 533606
 3879.949934 17255 1000 1000 1000 1000 72 46 0 72 52 0 72 42 0 72 44 0 5490 950000 4750 557590 958750 533606
 3880.149934 17256 1000 1000 1000 1000 72 46 0 72 52 0 72 42 0 72 44 0 5734 950000 4750 557864 958750 533606
 3880.349934 17257 1000 1000 1000 1000 72 46 0 72 52 0 72 42 0 72 44 0 5734 950000 4750 558412 958750 534564
 3880.549857 17258 1000 1000 1000 1000 72 46 0 72 52 0 72 42 0 72 44 0 5490 950000 4750 556220 958750 532648
 3880.749935 17259 1000 1000 1000 1000 72 46 0 72 52 0 72 42 0 72 44 0 5490 950000 4750 556220 958750 532648
 3880.949935 17260 1000 1000 1000 1000 72 46 0 72 52 0 72 42 0 72 44 0 5734 950000 4750 557316 958750 533606
 3881.149934 17261 1000 1000 1000 1000 72 46 0 72 52 0 72 42 0 72 44 0 5490 950000 4750 555672 958750 531690
 3881.349934 17262 1000 1000 1000 1000 72 46 0 72 52 0 72 42 0 72 44 0 5734 950000 4750 555946 958750 531690
 3881.549934 17263 1000 1000 1000 1000 72 46 0 72 52 0 72 42 0 72 44 0 5734 950000 4750 555946 958750 531690
 3881.749930 17264 1000 1000 1000 1000 72 46 0 72 52 0 72 42 0 72 44 0 5734 950000 4750 556220 958750 532648
 3881.949934 17265 1000 1000 1000 1000 72 46 0 72 52 0 72 42 0 72 44 0 5734 950000 4750 556768 958750 532648
 3882.149934 17266 1000 1000 1000 1000 72 46 0 72 52 0 72 42 0 72 44 0 5734 950000 4750 558138 958750 534564
 3882.349934 17267 1000 1000 1000 1000 72 46 0 72 52 0 72 42 0 72 44 0 5734 950000 4750 558138 958750 534564
 3882.549935 17268 1000 1000 1000 1000 72 46 0 72 52 0 72 42 0 72 44 0 5734 950000 4750 557042 958750 533606
 3882.749935 17269 1000 1000 1000 1000 72 46 0 72 52 0 72 42 0 72 44 0 5490 950000 4750 555946 958750 531690
 3882.949935 17270 1000 1000 1000 1000 72 46 0 72 52 0 72 42 0 72 44 0 5734 950000 4750 555398 958750 531690
 3883.149935 17271 1000 1000 1000 1000 72 46 0 72 52 0 72 42 0 72 44 0 5734 950000 4750 555398 958750 531690
 3883.349935 17272 1000 1000 1000 1000 72 46 0 72 52 0 72 42 0 72 44 0 5490 950000 4750 555946 958750 531690
 3883.549910 17273 1000 1000 1000 1000 72 46 0 72 52 0 72 42 0 72 44 0 5734 950000 4750 557316 958750 533606
 3883.749934 17274 1000 1000 1000 1000 72 46 0 72 52 0 72 42 0 72 44 0 5734 950000 4750 558412 958750 534564
 3883.949935 17275 1000 1000 1000 1000 72 46 0 72 52 0 72 42 0 72 44 0 5734 950000 4750 558412 958750 534564
 3884.149930 17276 1000 1000 1000 1000 72 46 0 72 52 0 72 42 0 72 44 0 5734 950000 4750 558412 958750 534564
 3884.349980 17277 1000 1000 1000 1000 72 46 0 72 52 0 72 42 0 72 44 0 5490 950000 4750 558412 958750 534564
 3884.549935 17278 1000 1000 1000 1000 72 46 0 72 52 0 72 42 0 72 44 0 5734 950000 4750 587730 958750 562346
 3884.749936 17279 1000 1000 1000 1000 72 46 0 72 52 0 72 42 0 72 44 0 5734 950000 4750 587730 958750 562346
 3884.949935 17280 1000 1000 1000 1000 72 46 0 72 52 0 72 42 0 72 44 0 5734 950000 4750 565810 958750 541270
 3885.149935 17281 1000 1000 1000 1000 72 46 0 72 52 0 72 42 0 72 44 0 5734 950000 4750 556768 958750 532648
 3885.349939 17282 1000 1000 1000 1000 72 46 0 72 52 0 72 42 0 72 44 0 5734 950000 4750 557316 958750 533606
 3885.549934 17283 1000 1000 1000 1000 72 46 0 72 52 0 72 42 0 72 44 0 5734 950000 4750 557316 958750 533606
 3885.749934 17284 1000 1000 1000 1000 72 46 0 72 52 0 72 42 0 72 44 0 5734 950000 4750 558412 958750 534564
 3885.949935 17285 1000 1000 1000 1000 72 46 0 72 52 0 72 42 0 72 44 0 5490 950000 4750 557864 958750 533606
 3886.149935 17286 1000 1000 1000 1000 72 46 0 72 52 0 72 42 0 72 44 0 5734 950000 4750 558686 958750 534564
 3886.349917 17287 1000 1000 1000 1000 72 46 0 72 52 0 72 42 0 72 44 0 5734 950000 4750 558686 958750 534564
 3886.549905 17288 1000 1000 1000 1000 72 46 0 72 52 0 72 42 0 72 44 0 5734 950000 4750 555398 958750 531690
 3886.749934 17289 1000 1000 1000 1000 72 46 0 72 52 0 72 42 0 72 44 0 5734 950000 4750 554576 958750 530732
 3886.949935 17290 1000 1000 1000 1000 72 46 0 72 52 0 72 42 0 72 44 0 5734 950000 4750 555124 958750 531690
 3887.149911 17291 1000 1000 1000 1000 72 46 0 72 52 0 72 42 0 72 44 0 5734 950000 4750 555946 958750 531690
 3887.349934 17292 1000 1000 1000 1000 72 46 0 72 52 0 72 42 0 72 44 0 5734 950000 4750 555946 958750 531690
 3887.549934 17293 1000 1000 1000 1000 72 46 0 72 52 0 72 42 0 72 44 0 5490 950000 4750 556220 958750 532648
 3887.749935 17294 1000 1000 1000 1000 72 46 0 72 52 0 72 42 0 72 44 0 5734 950000 4750 555946 958750 531690
 3887.949934 17295 1000 1000 1000 1000 72 46 0 72 52 0 72 42 0 72 44 0 5734 950000 4750 556220 958750 532648
 3888.149935 17296 1000 1000 1000 1000 72 46 0 72 52 0 72 42 0 72 44 0 5734 950000 4750 556220 958750 532648
 3888.349935 17297 1000 1000 1000 1000 72 46 0 72 52 0 72 42 0 72 44 0 5734 950000 4750 556494 958750 532648
 3888.549935 17298 1000 1000 1000 1000 72 46 0 72 52 0 72 42 0 72 44 0 5490 950000 4750 555672 958750 531690
 3888.749929 17299 1000 1000 1000 1000 72 46 0 72 52 0 72 42 0 72 44 0 5734 950000 4750 555946 958750 531690
 3888.949935 17300 1000 1000 1000 1000 72 46 0 72 52 0 72 42 0 72 44 0 5734 950000 4750 555946 958750 531690
 3889.149935 17301 1000 1000 1000 1000 72 46 0 72 52 0 72 42 0 72 44 0 5734 950000 4750 555946 958750 531690
 3889.349935 17302 1000 1000 1000 1000 72 46 0 72 52 0 72 42 0 72 44 0 5490 950000 4750 558686 958750 534564
 3889.549910 17303 1000 1000 1000 1000 72 46 0 72 52 0 72 42 0 72 44 0 5734 950000 4750 557590 958750 533606
 3889.749935 17304 1000 1000 1000 1000 72 46 0 72 52 0 72 42 0 72 44 0 5734 950000 4750 557590 958750 533606
 3889.949936 17305 1000 1000 1000 1000 72 46 0 72 52 0 72 42 0 72 44 0 5734 950000 4750 558138 958750 534564
 3890.149935 17306 1000 1000 1000 1000 72 46 0 72 52 0 72 42 0 72 44 0 5734 950000 4750 557590 958750 533606
 3890.349935 17307 1000 1000 1000 1000 72 46 0 72 52 0 72 42 0 72 44 0 5490 950000 4750 556220 958750 532648
 3890.549935 17308 1000 1000 1000 1000 72 46 0 72 52 0 72 42 0 72 44 0 5490 950000 4750 556220 958750 532648
 3890.749934 17309 1000 1000 1000 1000 72 46 0 72 52 0 72 42 0 72 44 0 5490 950000 4750 555946 958750 531690
 3890.949934 17310 1000 1000 1000 1000 72 46 0 72 52 0 72 42 0 72 44 0 5734 950000 4750 555946 958750 531690
 3891.149929 17311 1000 1000 1000 1000 72 46 0 72 52 0 72 42 0 72 44 0 5734 950000 4750 557864 958750 533606
 3891.349934 17312 1000 1000 1000 1000 72 46 0 72 52 0 72 42 0 72 44 0 5734 950000 4750 557864 958750 533606
 3891.549935 17313 1000 1000 1000 1000 72 46 0 72 52 0 72 42 0 72 44 0 5734 950000 4750 556768 958750 532648
 3891.749934 17314 1000 1000 1000 1000 72 46 0 72 52 0 72 42 0 72 44 0 5734 950000 4750 558686 958750 534564
 3891.949936 17315 1000 1000 1000 1000 72 46 0 72 52 0 72 42 0 72 44 0 5490 950000 4750 556220 958750 532648
 3892.149935 17316 1000 1000 1000 1000 73 46 0 73 52 0 73 42 0 73 44 0 5490 950000 4750 556220 958750 532648
 3892.349934 17317 1000 1000 1000 1000 73 46 0 73 52 0 73 42 0 73 44 0 5734 950000 4750 556768 958750 532648
 3892.549911 17318 1000 1000 1000 1000 73 46 0 73 52 0 73 42 0 73 44 0 5734 950000 4750 557042 958750 533606
 3892.749934 17319 1000 1000 1000 1000 73 46 0 73 52 0 73 42 0 73 44 0 5490 950000 4750 557590 958750 533606
 3892.949917 17320 1000 1000 1000 1000 73 46 0 73 52 0 73 42 0 73 44 0 5490 950000 4750 557590 958750 533606
 3893.149935 17321 1000 1000 1000 1000 73 46 0 73 52 0 73 42 0 73 44 0 5490 950000 4750 557042 958750 533606
 3893.349934 17322 1000 1000 1000 1000 73 46 0 73 52 0 73 42 0 73 44 0 5490 950000 4750 557864 958750 533606
 3893.549929 17323 1000 1000 1000 1000 73 46 0 73 52 0 73 42 0 73 44 0 5734 950000 4750 558686 958750 534564
 3893.749935 17324 1000 1000 1000 1000 72 46 0 72 52 0 72 42 0 72 44 0 5734 950000 4750 558686 958750 534564
 3893.949935 17325 1000 1000 1000 1000 72 46 0 72 52 0 72 42 0 72 44 0 5734 950000 4750 558686 958750 534564
 3894.149934 17326 1000 1000 1000 1000 72 46 0 72 52 0 72 42 0 72 44 0 5734 950000 4750 556768 958750 532648
 3894.349971 17327 1000 1000 1000 1000 72 46 0 72 52 0 72 42 0 72 44 0 5978 950000 4750 558138 958750 534564
 3894.549934 17328 1000 1000 1000 1000 72 46 0 72 52 0 72 42 0 72 44 0 5490 950000 4750 557316 958750 533606
 3894.749935 17329 1000 1000 1000 1000 72 46 0 72 52 0 72 42 0 72 44 0 5490 950000 4750 557316 958750 533606
 3894.949934 17330 1000 1000 1000 1000 72 46 0 72 52 0 72 42 0 72 44 0 5734 950000 4750 558412 958750 534564
 3895.149934 17331 1000 1000 1000 1000 72 46 0 72 52 0 72 42 0 72 44 0 5734 950000 4750 560056 958750 536480
 3895.349935 17332 1000 1000 1000 1000 72 46 0 72 52 0 72 42 0 72 44 0 5490 950000 4750 558686 958750 534564
 3895.549910 17333 1000 1000 1000 1000 72 46 0 72 52 0 72 42 0 72 44 0 5490 950000 4750 558686 958750 534564
 3895.749935 17334 1000 1000 1000 1000 73 46 0 73 52 0 73 42 0 73 44 0 5734 950000 4750 557316 958750 533606
 3895.949930 17335 1000 1000 1000 1000 73 46 0 73 52 0 73 42 0 73 44 0 5734 950000 4750 556494 958750 532648
 3896.149936 17336 1000 1000 1000 1000 73 46 0 73 52 0 73 42 0 73 44 0 5734 950000 4750 555124 958750 531690
 3896.349934 17337 1000 1000 1000 1000 73 46 0 73 52 0 73 42 0 73 44 0 5734 950000 4750 555124 958750 531690
 3896.549935 17338 1000 1000 1000 1000 73 46 0 73 52 0 73 42 0 73 44 0 5734 950000 4750 556494 958750 532648
 3896.749934 17339 1000 1000 1000 1000 73 46 0 73 52 0 73 42 0 73 44 0 5734 950000 4750 555398 958750 531690
 3896.949934 17340 1000 1000 1000 1000 73 46 0 73 52 0 73 42 0 73 44 0 5734 950000 4750 556768 958750 532648
 3897.149934 17341 1000 1000 1000 1000 73 46 0 73 52 0 73 42 0 73 44 0 5734 950000 4750 556768 958750 532648
 3897.349934 17342 1000 1000 1000 1000 73 46 0 73 52 0 73 42 0 73 44 0 5490 950000 4750 557590 958750 533606
 3897.549934 17343 1000 1000 1000 1000 73 46 0 73 52 0 73 42 0 73 44 0 5734 950000 4750 557042 958750 533606
 3897.749936 17344 1000 1000 1000 1000 73 46 0 73 52 0 73 42 0 73 44 0 5734 950000 4750 555398 958750 531690
 3897.949935 17345 1000 1000 1000 1000 73 46 0 73 52 0 73 42 0 73 44 0 5734 950000 4750 555398 958750 531690
 3898.149935 17346 1000 1000 1000 1000 73 46 0 73 52 0 73 42 0 73 44 0 5490 950000 4750 555672 958750 531690
 3898.349929 17347 1000 1000 1000 1000 73 46 0 73 52 0 73 42 0 73 44 0 5734 950000 4750 555946 958750 531690
 3898.549910 17348 1000 1000 1000 1000 73 46 0 73 52 0 73 42 0 73 44 0 5734 950000 4750 556768 958750 532648
 3898.749934 17349 1000 1000 1000 1000 73 46 0 73 52 0 73 42 0 73 44 0 5734 950000 4750 556768 958750 532648
 3898.949934 17350 1000 1000 1000 1000 73 46 0 73 52 0 73 42 0 73 44 0 5734 950000 4750 558960 958750 534564
 3899.149934 17351 1000 1000 1000 1000 73 46 0 73 52 0 73 42 0 73 44 0 5734 950000 4750 559234 958750 535522
 3899.349930 17352 1000 1000 1000 1000 73 46 0 73 52 0 73 42 0 73 44 0 5734 950000 4750 558686 958750 534564
 3899.549861 17353 1000 1000 1000 1000 73 46 0 73 52 0 73 42 0 73 44 0 5734 950000 4750 563344 958750 539354
 3899.749934 17354 1000 1000 1000 1000 73 46 0 73 52 0 73 42 0 73 44 0 5734 950000 4750 563344 958750 539354
 3899.949935 17355 1000 1000 1000 1000 73 46 0 73 52 0 73 42 0 73 44 0 5734 950000 4750 557042 958750 533606
 3900.149934 17356 1000 1000 1000 1000 73 46 0 73 52 0 73 42 0 73 44 0 5734 950000 4750 555946 958750 531690
 3900.349936 17357 1000 1000 1000 1000 73 46 0 73 52 0 73 42 0 73 44 0 5978 950000 4750 558960 958750 534564
 3900.549934 17358 1000 1000 1000 1000 73 46 0 73 52 0 73 42 0 73 44 0 5978 950000 4750 558960 958750 534564
 3900.749928 17359 1000 1000 1000 1000 73 46 0 73 52 0 73 42 0 73 44 0 5734 950000 4750 559782 958750 535522
 3900.949935 17360 1000 1000 1000 1000 73 46 0 73 52 0 73 42 0 73 44 0 5734 950000 4750 557864 958750 533606
 3901.149934 17361 1000 1000 1000 1000 73 46 0 73 52 0 73 42 0 73 44 0 5734 950000 4750 557864 958750 533606
 3901.349934 17362 1000 1000 1000 1000 73 46 0 73 52 0 73 42 0 73 44 0 5734 950000 4750 557864 958750 533606
 3901.549910 17363 1000 1000 1000 1000 73 46 0 73 52 0 73 42 0 73 44 0 5734 950000 4750 558686 958750 534564
 3901.749931 17364 1000 1000 1000 1000 73 46 0 73 52 0 73 42 0 73 44 0 5734 950000 4750 555672 958750 531690
 3901.949934 17365 1000 1000 1000 1000 73 46 0 73 52 0 73 42 0 73 44 0 5734 950000 4750 557316 958750 533606
 3902.149934 17366 1000 1000 1000 1000 73 46 0 73 52 0 73 42 0 73 44 0 5734 950000 4750 557316 958750 533606
 3902.349934 17367 1000 1000 1000 1000 73 46 0 73 52 0 73 42 0 73 44 0 5734 950000 4750 557316 958750 533606
 3902.549934 17368 1000 1000 1000 1000 73 46 0 73 52 0 73 42 0 73 44 0 5734 950000 4750 556768 958750 532648
 3902.749934 17369 1000 1000 1000 1000 73 46 0 73 52 0 73 42 0 73 44 0 5734 950000 4750 557590 958750 533606
 3902.949935 17370 1000 1000 1000 1000 73 46 0 73 52 0 73 42 0 73 44 0 5734 950000 4750 557590 958750 533606
 3903.149934 17371 1000 1000 1000 1000 73 46 0 73 52 0 73 42 0 73 44 0 5734 950000 4750 558138 958750 534564
 3903.349934 17372 1000 1000 1000 1000 73 46 0 73 52 0 73 42 0 73 44 0 5490 950000 4750 556768 958750 532648
 3903.549935 17373 1000 1000 1000 1000 73 46 0 73 52 0 73 42 0 73 44 0 5734 950000 4750 556494 958750 532648
 3903.749934 17374 1000 1000 1000 1000 73 46 0 73 52 0 73 42 0 73 44 0 5734 950000 4750 556494 958750 532648
 3903.949935 17375 1000 1000 1000 1000 73 46 0 73 52 0 73 42 0 73 44 0 5734 950000 4750 557316 958750 533606
 3904.149930 17376 1000 1000 1000 1000 73 46 0 73 52 0 73 42 0 73 44 0 5734 950000 4750 555946 958750 531690
 3904.349935 17377 1000 1000 1000 1000 73 46 0 73 52 0 73 42 0 73 44 0 5490 950000 4750 558686 958750 534564
 3904.549904 17378 1000 1000 1000 1000 73 46 0 73 52 0 73 42 0 73 44 0 5490 950000 4750 558686 958750 534564
 3904.749934 17379 1000 1000 1000 1000 73 46 0 73 52 0 73 42 0 73 44 0 5734 950000 4750 559782 958750 535522
 3904.949934 17380 1000 1000 1000 1000 73 46 0 73 52 0 73 42 0 73 44 0 5978 950000 4750 557590 958750 533606
 3905.149934 17381 1000 1000 1000 1000 73 46 0 73 52 0 73 42 0 73 44 0 5734 950000 4750 559782 958750 535522
 3905.349916 17382 1000 1000 1000 1000 73 46 0 73 52 0 73 42 0 73 44 0 5734 950000 4750 559782 958750 535522
 3905.549935 17383 1000 1000 1000 1000 73 46 0 73 52 0 73 42 0 73 44 0 5734 950000 4750 561974 958750 537438
 3905.749934 17384 1000 1000 1000 1000 73 46 0 73 52 0 73 42 0 73 44 0 5734 950000 4750 556220 958750 532648
 3905.949936 17385 1000 1000 1000 1000 73 46 0 73 52 0 73 42 0 73 44 0 5734 950000 4750 556220 958750 532648
 3906.149911 17386 1000 1000 1000 1000 73 46 0 73 52 0 73 42 0 73 44 0 5734 950000 4750 556220 958750 532648
 3906.349934 17387 1000 1000 1000 1000 73 46 0 73 52 0 73 42 0 73 44 0 5734 950000 4750 556220 958750 532648
 3906.549929 17388 1000 1000 1000 1000 73 46 0 73 52 0 73 42 0 73 44 0 5734 950000 4750 558412 958750 534564
 3906.749934 17389 1000 1000 1000 1000 73 46 0 73 52 0 73 42 0 73 44 0 5734 950000 4750 558138 958750 534564
 3906.949934 17390 1000 1000 1000 1000 73 46 0 73 52 0 73 42 0 73 44 0 5978 950000 4750 557864 958750 533606
 3907.149934 17391 1000 1000 1000 1000 73 46 0 73 52 0 73 42 0 73 44 0 5978 950000 4750 557864 958750 533606
 3907.349935 17392 1000 1000 1000 1000 73 46 0 73 52 0 73 42 0 73 44 0 5734 950000 4750 557042 958750 533606
 3907.549909 17393 1000 1000 1000 1000 73 46 0 73 52 0 73 42 0 73 44 0 5734 950000 4750 556494 958750 532648
 3907.749934 17394 1000 1000 1000 1000 73 46 0 73 52 0 73 42 0 73 44 0 5734 950000 4750 557042 958750 533606
 3907.949934 17395 1000 1000 1000 1000 73 46 0 73 52 0 73 42 0 73 44 0 5734 950000 4750 557042 958750 533606
 3908.149934 17396 1000 1000 1000 1000 73 46 0 73 52 0 73 42 0 73 44 0 5734 950000 4750 556494 958750 532648
 3908.349934 17397 1000 1000 1000 1000 73 46 0 73 52 0 73 42 0 73 44 0 5734 950000 4750 559782 958750 535522
 3908.549934 17398 1000 1000 1000 1000 73 46 0 73 52 0 73 42 0 73 44 0 5734 950000 4750 557316 958750 533606
 3908.749936 17399 1000 1000 1000 1000 73 46 0 73 52 0 73 42 0 73 44 0 5734 950000 4750 557316 958750 533606
 3908.949929 17400 1000 1000 1000 1000 73 46 0 73 52 0 73 42 0 73 44 0 5734 950000 4750 558412 958750 534564
 3909.149934 17401 1000 1000 1000 1000 73 46 0 73 52 0 73 42 0 73 44 0 5734 950000 4750 558412 958750 534564
 3909.349935 17402 1000 1000 1000 1000 73 46 0 73 52 0 73 42 0 73 44 0 5734 950000 4750 557316 958750 533606
 3909.549934 17403 1000 1000 1000 1000 73 46 0 73 52 0 73 42 0 73 44 0 5734 950000 4750 557316 958750 533606
 3909.749935 17404 1000 1000 1000 1000 73 46 0 73 52 0 73 42 0 73 44 0 5734 950000 4750 557316 958750 533606
 3909.949936 17405 1000 1000 1000 1000 73 46 0 73 52 0 73 42 0 73 44 0 5734 950000 4750 557316 958750 533606
 3910.149934 17406 1000 1000 1000 1000 73 46 0 73 52 0 73 42 0 73 44 0 5734 950000 4750 559234 958750 535522
 3910.349933 17407 1000 1000 1000 1000 73 46 0 73 52 0 73 42 0 73 44 0 5734 950000 4750 559234 958750 535522
 3910.549909 17408 1000 1000 1000 1000 73 46 0 73 52 0 73 42 0 73 44 0 5734 950000 4750 558686 958750 534564
 3910.749934 17409 1000 1000 1000 1000 73 46 0 73 52 0 73 42 0 73 44 0 5734 950000 4750 558412 958750 534564
 3910.949934 17410 1000 1000 1000 1000 73 46 0 73 52 0 73 42 0 73 44 0 5734 950000 4750 558138 958750 534564
 3911.149934 17411 1000 1000 1000 1000 73 46 0 73 52 0 73 42 0 73 44 0 5734 950000 4750 558138 958750 534564
 3911.349929 17412 1000 1000 1000 1000 73 46 0 73 52 0 73 42 0 73 44 0 5734 950000 4750 556768 958750 532648
 3911.549934 17413 1000 1000 1000 1000 73 46 0 73 52 0 73 42 0 73 44 0 5734 950000 4750 556220 958750 532648
 3911.749935 17414 1000 1000 1000 1000 73 46 0 73 52 0 73 42 0 73 44 0 5734 950000 4750 557042 958750 533606
 3911.949917 17415 1000 1000 1000 1000 73 46 0 73 52 0 73 42 0 73 44 0 5734 950000 4750 557042 958750 533606
 3912.149935 17416 1000 1000 1000 1000 73 46 0 73 52 0 73 42 0 73 44 0 5734 950000 4750 556768 958750 532648
 3912.349934 17417 1000 1000 1000 1000 73 46 0 73 52 0 73 42 0 73 44 0 5734 950000 4750 559234 958750 535522
 3912.549934 17418 1000 1000 1000 1000 73 46 0 73 52 0 73 42 0 73 44 0 5978 950000 4750 558960 958750 534564
 3912.749934 17419 1000 1000 1000 1000 73 46 0 73 52 0 73 42 0 73 44 0 5734 950000 4750 557864 958750 533606
 3912.949936 17420 1000 1000 1000 1000 73 46 0 73 52 0 73 42 0 73 44 0 5734 950000 4750 557864 958750 533606
 3913.149933 17421 1000 1000 1000 1000 73 46 0 73 52 0 73 42 0 73 44 0 5734 950000 4750 557590 958750 533606
 3913.349934 17422 1000 1000 1000 1000 73 46 0 73 52 0 73 42 0 73 44 0 5734 950000 4750 558412 958750 534564
 3913.549905 17423 1000 1000 1000 1000 73 46 0 73 52 0 73 42 0 73 44 0 5734 950000 4750 557590 958750 533606
 3913.749934 17424 1000 1000 1000 1000 73 46 0 73 52 0 73 42 0 73 44 0 5734 950000 4750 557590 958750 533606
 3913.949935 17425 1000 1000 1000 1000 73 46 0 73 52 0 73 42 0 73 44 0 5734 950000 4750 558412 958750 534564
 3914.149934 17426 1000 1000 1000 1000 73 46 0 73 52 0 73 42 0 73 44 0 5734 950000 4750 559508 958750 535522
 3914.349934 17427 1000 1000 1000 1000 73 46 0 73 52 0 73 42 0 73 44 0 5734 950000 4750 558686 958750 534564
 3914.549935 17428 1000 1000 1000 1000 73 46 0 73 52 0 73 42 0 73 44 0 5734 950000 4750 558686 958750 534564
 3914.749935 17429 1000 1000 1000 1000 73 46 0 73 52 0 73 42 0 73 44 0 5978 950000 4750 558960 958750 534564
 3914.949935 17430 1000 1000 1000 1000 73 46 0 73 52 0 73 42 0 73 44 0 5734 950000 4750 556768 958750 532648
 3915.149934 17431 1000 1000 1000 1000 73 46 0 73 52 0 73 42 0 73 44 0 5734 950000 4750 555672 958750 531690
 3915.349934 17432 1000 1000 1000 1000 73 46 0 73 52 0 73 42 0 73 44 0 5734 950000 4750 555672 958750 531690
 3915.549934 17433 1000 1000 1000 1000 73 46 0 73 52 0 73 42 0 73 44 0 5734 950000 4750 557042 958750 533606
 3915.749934 17434 1000 1000 1000 1000 73 46 0 73 52 0 73 42 0 73 44 0 5734 950000 4750 556494 958750 532648
 3915.949929 17435 1000 1000 1000 1000 73 46 0 73 52 0 73 42 0 73 44 0 5734 950000 4750 557590 958750 533606
 3916.149935 17436 1000 1000 1000 1000 73 46 0 73 52 0 73 42 0 73 44 0 5734 950000 4750 557590 958750 533606
 3916.349934 17437 1000 1000 1000 1000 73 46 0 73 52 0 73 42 0 73 44 0 5734 950000 4750 557590 958750 533606
 3916.549910 17438 1000 1000 1000 1000 73 46 0 73 52 0 73 42 0 73 44 0 5734 950000 4750 557864 958750 533606
 3916.749934 17439 1000 1000 1000 1000 73 46 0 73 52 0 73 42 0 73 44 0 5734 950000 4750 558138 958750 534564
 3916.949935 17440 1000 1000 1000 1000 73 46 0 73 52 0 73 42 0 73 44 0 5734 950000 4750 558138 958750 534564
 3917.149937 17441 1000 1000 1000 1000 73 46 0 73 52 0 73 42 0 73 44 0 5734 950000 4750 556220 958750 532648
 3917.349934 17442 1000 1000 1000 1000 73 46 0 73 52 0 73 42 0 73 44 0 5734 950000 4750 557316 958750 533606
 3917.549935 17443 1000 1000 1000 1000 73 46 0 73 52 0 73 42 0 73 44 0 5734 950000 4750 556220 958750 532648
 3917.749934 17444 1000 1000 1000 1000 73 46 0 73 52 0 73 42 0 73 44 0 5734 950000 4750 556220 958750 532648
 3917.949935 17445 1000 1000 1000 1000 73 46 0 73 52 0 73 42 0 73 44 0 5734 950000 4750 557864 958750 533606
 3918.149934 17446 1000 1000 1000 1000 73 46 0 73 52 0 73 42 0 73 44 0 5734 950000 4750 557864 958750 533606
 3918.349929 17447 1000 1000 1000 1000 73 46 0 73 52 0 73 42 0 73 44 0 5734 950000 4750 559234 958750 535522
 3918.549861 17448 1000 1000 1000 1000 73 46 0 73 52 0 73 42 0 73 44 0 5734 950000 4750 558960 958750 534564
 3918.749934 17449 1000 1000 1000 1000 73 46 0 73 52 0 73 42 0 73 44 0 5734 950000 4750 558960 958750 534564
 3918.949934 17450 1000 1000 1000 1000 73 46 0 73 52 0 73 42 0 73 44 0 5734 950000 4750 557042 958750 533606
 3919.149934 17451 1000 1000 1000 1000 73 46 0 73 52 0 73 42 0 73 44 0 5734 950000 4750 558960 958750 534564
 3919.349934 17452 1000 1000 1000 1000 73 46 0 73 52 0 73 42 0 73 44 0 5734 950000 4750 570742 958750 546060
 3919.549909 17453 1000 1000 1000 1000 73 46 0 73 52 0 73 42 0 73 44 0 5734 950000 4750 570742 958750 546060
 3919.749933 17454 1000 1000 1000 1000 73 46 0 73 52 0 73 42 0 73 44 0 5734 950000 4750 560330 958750 536480
 3919.949935 17455 1000 1000 1000 1000 73 46 0 73 52 0 73 42 0 73 44 0 5734 950000 4750 558960 958750 534564
 3920.149935 17456 1000 1000 1000 1000 73 46 0 73 52 0 73 42 0 73 44 0 5734 950000 4750 560878 958750 536480
 3920.349935 17457 1000 1000 1000 1000 73 46 0 73 52 0 73 42 0 73 44 0 5734 950000 4750 560878 958750 536480
 3920.549936 17458 1000 1000 1000 1000 73 46 0 73 52 0 73 42 0 73 44 0 5734 950000 4750 558960 958750 534564
 3920.749929 17459 1000 1000 1000 1000 73 46 0 73 52 0 73 42 0 73 44 0 5734 950000 4750 557590 958750 533606
 3920.949934 17460 1000 1000 1000 1000 73 46 0 73 52 0 73 42 0 73 44 0 5734 950000 4750 557042 958750 533606
 3921.149934 17461 1000 1000 1000 1000 73 46 0 73 52 0 73 42 0 73 44 0 5734 950000 4750 557042 958750 533606
 3921.349936 17462 1000 1000 1000 1000 73 46 0 73 52 0 73 42 0 73 44 0 5734 950000 4750 557864 958750 533606
 3921.549934 17463 1000 1000 1000 1000 73 46 0 73 52 0 73 42 0 73 44 0 5490 950000 4750 557316 958750 533606
 3921.749934 17464 1000 1000 1000 1000 73 46 0 73 52 0 73 42 0 73 44 0 5734 950000 4750 558138 958750 534564
 3921.949935 17465 1000 1000 1000 1000 73 46 0 73 52 0 73 42 0 73 44 0 5734 950000 4750 558138 958750 534564
 3922.149935 17466 1000 1000 1000 1000 73 46 0 73 52 0 73 42 0 73 44 0 5734 950000 4750 558412 958750 534564
 3922.349935 17467 1000 1000 1000 1000 73 46 0 73 52 0 73 42 0 73 44 0 5734 950000 4750 558138 958750 534564
 3922.549909 17468 1000 1000 1000 1000 73 46 0 73 52 0 73 42 0 73 44 0 5734 950000 4750 556494 958750 532648
 3922.749934 17469 1000 1000 1000 1000 73 46 0 73 52 0 73 42 0 73 44 0 5734 950000 4750 556494 958750 532648
 3922.949935 17470 1000 1000 1000 1000 73 46 0 73 52 0 73 42 0 73 44 0 5734 950000 4750 557042 958750 533606
 3923.149929 17471 1000 1000 1000 1000 73 46 0 73 52 0 73 42 0 73 44 0 5734 950000 4750 558138 958750 534564
 3923.349934 17472 1000 1000 1000 1000 73 46 0 73 52 0 73 42 0 73 44 0 5734 950000 4750 557042 958750 533606
 3923.549934 17473 1000 1000 1000 1000 73 46 0 73 52 0 73 42 0 73 44 0 5734 950000 4750 557042 958750 533606
 3923.749933 17474 1000 1000 1000 1000 73 46 0 73 52 0 73 42 0 73 44 0 5734 950000 4750 558960 958750 534564
 3923.949935 17475 1000 1000 1000 1000 73 46 0 73 52 0 73 42 0 73 44 0 5734 950000 4750 558412 958750 534564
 3924.149934 17476 1000 1000 1000 1000 73 46 0 73 52 0 73 42 0 73 44 0 5734 950000 4750 558412 958750 534564
 3924.349916 17477 1000 1000 1000 1000 73 46 0 73 52 0 73 42 0 73 44 0 5734 950000 4750 558412 958750 534564
 3924.549935 17478 1000 1000 1000 1000 73 46 0 73 52 0 73 42 0 73 44 0 5734 950000 4750 558686 958750 534564
 3924.749935 17479 1000 1000 1000 1000 73 46 0 73 52 0 73 42 0 73 44 0 5734 950000 4750 557316 958750 533606
 3924.949939 17480 1000 1000 1000 1000 73 46 0 73 52 0 73 42 0 73 44 0 5734 950000 4750 557042 958750 533606
 3925.149911 17481 1000 1000 1000 1000 73 46 0 73 52 0 73 42 0 73 44 0 5734 950000 4750 556768 958750 532648
 3925.349934 17482 1000 1000 1000 1000 73 46 0 73 52 0 73 42 0 73 44 0 5734 950000 4750 556768 958750 532648
 3925.549908 17483 1000 1000 1000 1000 73 46 0 73 52 0 73 42 0 73 44 0 5978 950000 4750 560056 958750 536480
 3925.749935 17484 1000 1000 1000 1000 73 46 0 73 52 0 73 42 0 73 44 0 5734 950000 4750 558686 958750 534564
 3925.949935 17485 1000 1000 1000 1000 73 46 0 73 52 0 73 42 0 73 44 0 5734 950000 4750 558686 958750 534564
 3926.149934 17486 1000 1000 1000 1000 73 46 0 73 52 0 73 42 0 73 44 0 5734 950000 4750 558686 958750 534564
 3926.349934 17487 1000 1000 1000 1000 73 46 0 73 52 0 73 42 0 73 44 0 5978 950000 4750 558412 958750 534564
 3926.549935 17488 1000 1000 1000 1000 73 46 0 73 52 0 73 42 0 73 44 0 5734 950000 4750 557590 958750 533606
 3926.749934 17489 1000 1000 1000 1000 73 46 0 73 52 0 73 42 0 73 44 0 5734 950000 4750 556494 958750 532648
 3926.949935 17490 1000 1000 1000 1000 73 46 0 73 52 0 73 42 0 73 44 0 5734 950000 4750 556494 958750 532648
 3927.149934 17491 1000 1000 1000 1000 73 46 0 73 52 0 73 42 0 73 44 0 5734 950000 4750 556494 958750 532648
 3927.349934 17492 1000 1000 1000 1000 73 46 0 73 52 0 73 42 0 73 44 0 5978 950000 4750 559508 958750 535522
 3927.549935 17493 1000 1000 1000 1000 73 46 0 73 52 0 73 42 0 73 44 0 5734 950000 4750 558138 958750 534564
 3927.749933 17494 1000 1000 1000 1000 73 46 0 73 52 0 73 42 0 73 44 0 5734 950000 4750 558138 958750 534564
 3927.949930 17495 1000 1000 1000 1000 73 46 0 73 52 0 73 42 0 73 44 0 5734 950000 4750 558686 958750 534564
 3928.149935 17496 1000 1000 1000 1000 73 46 0 73 52 0 73 42 0 73 44 0 5734 950000 4750 558412 958750 534564
 3928.349935 17497 1000 1000 1000 1000 73 46 0 73 52 0 73 42 0 73 44 0 5734 950000 4750 557590 958750 533606
 3928.549910 17498 1000 1000 1000 1000 73 46 0 73 52 0 73 42 0 73 44 0 5734 950000 4750 557590 958750 533606
 3928.749934 17499 1000 1000 1000 1000 73 46 0 73 52 0 73 42 0 73 44 0 5734 950000 4750 557590 958750 533606
 3928.949935 17500 1000 1000 1000 1000 73 46 0 73 52 0 73 42 0 73 44 0 5734 950000 4750 559234 958750 535522
 3929.149934 17501 1000 1000 1000 1000 73 46 0 73 52 0 73 42 0 73 44 0 5734 950000 4750 558686 958750 534564
 3929.349935 17502 1000 1000 1000 1000 73 46 0 73 52 0 73 42 0 73 44 0 5734 950000 4750 558686 958750 534564
 3929.549934 17503 1000 1000 1000 1000 73 46 0 73 52 0 73 42 0 73 44 0 5734 950000 4750 560330 958750 536480
 3929.749937 17504 1000 1000 1000 1000 73 46 0 73 52 0 73 42 0 73 44 0 5978 950000 4750 558686 958750 534564
 3929.949934 17505 1000 1000 1000 1000 73 46 0 73 52 0 73 42 0 73 44 0 5734 950000 4750 558138 958750 534564
 3930.149934 17506 1000 1000 1000 1000 73 46 0 73 52 0 73 42 0 73 44 0 5734 950000 4750 558138 958750 534564
 3930.349929 17507 1000 1000 1000 1000 73 46 0 73 52 0 73 42 0 73 44 0 5978 950000 4750 557316 958750 533606
 3930.549935 17508 1000 1000 1000 1000 73 46 0 73 52 0 73 42 0 73 44 0 5734 950000 4750 557864 958750 533606
 3930.749935 17509 1000 1000 1000 1000 73 46 0 73 52 0 73 42 0 73 44 0 5734 950000 4750 557590 958750 533606
 3930.949917 17510 1000 1000 1000 1000 73 46 0 73 52 0 73 42 0 73 44 0 5734 950000 4750 557590 958750 533606
 3931.149935 17511 1000 1000 1000 1000 73 46 0 73 52 0 73 42 0 73 44 0 5734 950000 4750 556494 958750 532648
 3931.349934 17512 1000 1000 1000 1000 73 46 0 73 52 0 73 42 0 73 44 0 5734 950000 4750 558686 958750 534564
 3931.549910 17513 1000 1000 1000 1000 73 46 0 73 52 0 73 42 0 73 44 0 5734 950000 4750 558412 958750 534564
 3931.749933 17514 1000 1000 1000 1000 73 46 0 73 52 0 73 42 0 73 44 0 5734 950000 4750 558686 958750 534564
 3931.949934 17515 1000 1000 1000 1000 73 46 0 73 52 0 73 42 0 73 44 0 5734 950000 4750 558686 958750 534564
 3932.149934 17516 1000 1000 1000 1000 73 46 0 73 52 0 73 42 0 73 44 0 5734 950000 4750 558138 958750 534564
 3932.349934 17517 1000 1000 1000 1000 73 46 0 73 52 0 73 42 0 73 44 0 5734 950000 4750 557864 958750 533606
 3932.549930 17518 1000 1000 1000 1000 73 46 0 73 52 0 73 42 0 73 44 0 5734 950000 4750 557864 958750 533606
 3932.749935 17519 1000 1000 1000 1000 73 46 0 73 52 0 73 42 0 73 44 0 5734 950000 4750 557864 958750 533606
 3932.949935 17520 1000 1000 1000 1000 73 46 0 73 52 0 73 42 0 73 44 0 5734 950000 4750 557590 958750 533606
 3933.149934 17521 1000 1000 1000 1000 73 46 0 73 52 0 73 42 0 73 44 0 5734 950000 4750 558960 958750 534564
 3933.349934 17522 1000 1000 1000 1000 73 46 0 73 52 0 73 42 0 73 44 0 5734 950000 4750 558686 958750 534564
 3933.549934 17523 1000 1000 1000 1000 73 46 0 73 52 0 73 42 0 73 44 0 5734 950000 4750 558686 958750 534564
 3933.749934 17524 1000 1000 1000 1000 73 46 0 73 52 0 73 42 0 73 44 0 5734 950000 4750 559234 958750 535522
 3933.949936 17525 1000 1000 1000 1000 73 46 0 73 52 0 73 42 0 73 44 0 5734 950000 4750 558138 958750 534564
 3934.149934 17526 1000 1000 1000 1000 73 46 0 73 52 0 73 42 0 73 44 0 5734 950000 4750 556768 958750 532648
 3934.349933 17527 1000 1000 1000 1000 73 46 0 73 52 0 73 42 0 73 44 0 5734 950000 4750 556768 958750 532648
 3934.549910 17528 1000 1000 1000 1000 73 46 0 73 52 0 73 42 0 73 44 0 5734 950000 4750 558138 958750 534564
 3934.749934 17529 1000 1000 1000 1000 73 46 0 73 52 0 73 42 0 73 44 0 5734 950000 4750 560878 958750 536480
 3934.949929 17530 1000 1000 1000 1000 73 46 0 73 52 0 73 42 0 73 44 0 5734 950000 4750 560056 958750 536480
 3935.149934 17531 1000 1000 1000 1000 73 46 0 73 52 0 73 42 0 73 44 0 5734 950000 4750 560056 958750 536480
 3935.349934 17532 1000 1000 1000 1000 73 46 0 73 52 0 73 42 0 73 44 0 5734 950000 4750 559234 958750 535522
 3935.549935 17533 1000 1000 1000 1000 73 46 0 73 52 0 73 42 0 73 44 0 5734 950000 4750 558412 958750 534564
 3935.749934 17534 1000 1000 1000 1000 73 46 0 73 52 0 73 42 0 73 44 0 5978 950000 4750 557042 958750 533606
 3935.949935 17535 1000 1000 1000 1000 73 46 0 73 52 0 73 42 0 73 44 0 5978 950000 4750 557042 958750 533606
 3936.149935 17536 1000 1000 1000 1000 73 46 0 73 52 0 73 42 0 73 44 0 5734 950000 4750 556494 958750 532648
 3936.349935 17537 1000 1000 1000 1000 73 46 0 73 52 0 73 42 0 73 44 0 5734 950000 4750 555946 958750 531690
 3936.549935 17538 1000 1000 1000 1000 73 46 0 73 52 0 73 42 0 73 44 0 5734 950000 4750 556494 958750 532648
 3936.749935 17539 1000 1000 1000 1000 73 46 0 73 52 0 73 42 0 73 44 0 5734 950000 4750 556494 958750 532648
 3936.949936 17540 1000 1000 1000 1000 73 46 0 73 52 0 73 42 0 73 44 0 5734 950000 4750 557590 958750 533606
 3937.149934 17541 1000 1000 1000 1000 73 46 0 73 52 0 73 42 0 73 44 0 5734 950000 4750 557042 958750 533606
 3937.349929 17542 1000 1000 1000 1000 73 46 0 73 52 0 73 42 0 73 44 0 5490 950000 4750 558960 958750 534564
 3937.549859 17543 1000 1000 1000 1000 73 46 0 73 52 0 73 42 0 73 44 0 5734 950000 4750 558138 958750 534564
 3937.749934 17544 1000 1000 1000 1000 73 46 0 73 52 0 73 42 0 73 44 0 5734 950000 4750 558138 958750 534564
 3937.949935 17545 1000 1000 1000 1000 73 46 0 73 52 0 73 42 0 73 44 0 5734 950000 4750 557042 958750 533606
 3938.149936 17546 1000 1000 1000 1000 73 46 0 73 52 0 73 42 0 73 44 0 5734 950000 4750 558138 958750 534564
 3938.349934 17547 1000 1000 1000 1000 73 46 0 73 52 0 73 42 0 73 44 0 5734 950000 4750 558686 958750 534564
 3938.549935 17548 1000 1000 1000 1000 73 46 0 73 52 0 73 42 0 73 44 0 5734 950000 4750 558686 958750 534564
 3938.749934 17549 1000 1000 1000 1000 73 46 0 73 52 0 73 42 0 73 44 0 5734 950000 4750 558960 958750 534564
 3938.949935 17550 1000 1000 1000 1000 73 46 0 73 52 0 73 42 0 73 44 0 5734 950000 4750 558960 958750 534564
 3939.149934 17551 1000 1000 1000 1000 73 46 0 73 52 0 73 42 0 73 44 0 5734 950000 4750 560056 958750 536480
 3939.349934 17552 1000 1000 1000 1000 73 46 0 73 52 0 73 42 0 73 44 0 5734 950000 4750 560056 958750 536480
 3939.549934 17553 1000 1000 1000 1000 73 46 0 73 52 0 73 42 0 73 44 0 5978 950000 4750 559234 958750 535522
 3939.749931 17554 1000 1000 1000 1000 73 46 0 73 52 0 73 42 0 73 44 0 5734 950000 4750 565536 958750 541270
 3939.949934 17555 1000 1000 1000 1000 73 46 0 73 52 0 73 42 0 73 44 0 5734 950000 4750 558686 958750 534564
 3940.149934 17556 1000 1000 1000 1000 73 46 0 73 52 0 73 42 0 73 44 0 5734 950000 4750 558686 958750 534564
 3940.349934 17557 1000 1000 1000 1000 73 46 0 73 52 0 73 42 0 73 44 0 5734 950000 4750 558412 958750 534564
 3940.549910 17558 1000 1000 1000 1000 73 46 0 73 52 0 73 42 0 73 44 0 5734 950000 4750 558138 958750 534564
 3940.749934 17559 1000 1000 1000 1000 73 46 0 73 52 0 73 42 0 73 44 0 5734 950000 4750 558686 958750 534564
 3940.949935 17560 1000 1000 1000 1000 73 46 0 73 52 0 73 42 0 73 44 0 5734 950000 4750 558686 958750 534564
 3941.149934 17561 1000 1000 1000 1000 73 46 0 73 52 0 73 42 0 73 44 0 5734 950000 4750 557864 958750 533606
 3941.349935 17562 1000 1000 1000 1000 73 46 0 73 52 0 73 42 0 73 44 0 5734 950000 4750 561974 958750 537438
 3941.549936 17563 1000 1000 1000 1000 73 46 0 73 52 0 73 42 0 73 44 0 5734 950000 4750 557590 958750 533606
 3941.749934 17564 1000 1000 1000 1000 73 46 0 73 52 0 73 42 0 73 44 0 5734 950000 4750 557590 958750 533606
 3941.949934 17565 1000 1000 1000 1000 73 46 0 73 52 0 73 42 0 73 44 0 5734 950000 4750 555946 958750 531690
 3942.149930 17566 1000 1000 1000 1000 73 46 0 73 52 0 73 42 0 73 44 0 5734 950000 4750 556494 958750 532648
 3942.349936 17567 1000 1000 1000 1000 73 46 0 73 52 0 73 42 0 73 44 0 5978 950000 4750 557316 958750 533606
 3942.549935 17568 1000 1000 1000 1000 73 46 0 73 52 0 73 42 0 73 44 0 5978 950000 4750 557316 958750 533606
 3942.749935 17569 1000 1000 1000 1000 73 46 0 73 52 0 73 42 0 73 44 0 5734 950000 4750 557316 958750 533606
 3942.949934 17570 1000 1000 1000 1000 73 46 0 73 52 0 73 42 0 73 44 0 5734 950000 4750 557864 958750 533606
 3943.149929 17571 1000 1000 1000 1000 73 46 0 73 52 0 73 42 0 73 44 0 5734 950000 4750 557864 958750 533606
 3943.349917 17572 1000 1000 1000 1000 73 46 0 73 52 0 73 42 0 73 44 0 5734 950000 4750 557864 958750 533606
 3943.549910 17573 1000 1000 1000 1000 73 46 0 73 52 0 73 42 0 73 44 0 5734 950000 4750 557042 958750 533606
 3943.749934 17574 1000 1000 1000 1000 73 46 0 73 52 0 73 42 0 73 44 0 5734 950000 4750 557042 958750 533606
 3943.949935 17575 1000 1000 1000 1000 73 46 0 73 52 0 73 42 0 73 44 0 5734 950000 4750 558412 958750 534564
 3944.149912 17576 1000 1000 1000 1000 73 46 0 73 52 0 73 42 0 73 44 0 5734 950000 4750 557316 958750 533606
 3944.349934 17577 1000 1000 1000 1000 73 46 0 73 52 0 73 42 0 73 44 0 5734 950000 4750 557316 958750 533606
 3944.549930 17578 1000 1000 1000 1000 73 46 0 73 52 0 73 42 0 73 44 0 5734 950000 4750 559782 958750 535522
 3944.749934 17579 1000 1000 1000 1000 73 46 0 73 52 0 73 42 0 73 44 0 5734 950000 4750 558412 958750 534564
 3944.949934 17580 1000 1000 1000 1000 73 46 0 73 52 0 73 42 0 73 44 0 5734 950000 4750 560056 958750 536480
 3945.149934 17581 1000 1000 1000 1000 73 46 0 73 52 0 73 42 0 73 44 0 5734 950000 4750 560056 958750 536480
 3945.349934 17582 1000 1000 1000 1000 73 46 0 73 52 0 73 42 0 73 44 0 5978 950000 4750 559234 958750 535522
 3945.549935 17583 1000 1000 1000 1000 73 46 0 73 52 0 73 42 0 73 44 0 5734 950000 4750 555946 958750 531690
 3945.749935 17584 1000 1000 1000 1000 73 46 0 73 52 0 73 42 0 73 44 0 5734 950000 4750 556494 958750 532648
 3945.949935 17585 1000 1000 1000 1000 73 46 0 73 52 0 73 42 0 73 44 0 5734 950000 4750 556494 958750 532648
 3946.149934 17586 1000 1000 1000 1000 73 46 0 73 52 0 73 42 0 73 44 0 5734 950000 4750 555946 958750 531690
 3946.349934 17587 1000 1000 1000 1000 73 46 0 73 52 0 73 42 0 73 44 0 5734 950000 4750 558412 958750 534564
 3946.549910 17588 1000 1000 1000 1000 73 46 0 73 52 0 73 42 0 73 44 0 5734 950000 4750 558686 958750 534564
 3946.749935 17589 1000 1000 1000 1000 73 46 0 73 52 0 73 42 0 73 44 0 5734 950000 4750 558686 958750 534564
 3946.949931 17590 1000 1000 1000 1000 73 46 0 73 52 0 73 42 0 73 44 0 5734 950000 4750 559234 958750 535522
 3947.149935 17591 1000 1000 1000 1000 73 46 0 73 52 0 73 42 0 73 44 0 5734 950000 4750 558686 958750 534564
 3947.349934 17592 1000 1000 1000 1000 73 46 0 73 52 0 73 42 0 73 44 0 5734 950000 4750 557316 958750 533606
 3947.549935 17593 1000 1000 1000 1000 73 46 0 73 52 0 73 42 0 73 44 0 5734 950000 4750 557316 958750 533606
 3947.749934 17594 1000 1000 1000 1000 73 46 0 73 52 0 73 42 0 73 44 0 5734 950000 4750 557042 958750 533606
 3947.949954 17595 1000 1000 1000 1000 73 46 0 73 52 0 73 42 0 73 44 0 5734 950000 4750 557316 958750 533606
 3948.149934 17596 1000 1000 1000 1000 73 46 0 73 52 0 73 42 0 73 44 0 5734 950000 4750 559234 958750 535522
 3948.349935 17597 1000 1000 1000 1000 73 46 0 73 52 0 73 42 0 73 44 0 5734 950000 4750 559234 958750 535522
 3948.549935 17598 1000 1000 1000 1000 73 46 0 73 52 0 73 42 0 73 44 0 5734 950000 4750 559234 958750 535522
 3948.749934 17599 1000 1000 1000 1000 73 46 0 73 52 0 73 42 0 73 44 0 5734 950000 4750 559508 958750 535522
 3948.949935 17600 1000 1000 1000 1000 73 46 0 73 52 0 73 42 0 73 44 0 5734 950000 4750 557590 958750 533606
 3949.149935 17601 1000 1000 1000 1000 73 46 0 73 52 0 73 42 0 73 44 0 5734 950000 4750 557590 958750 533606
 3949.349929 17602 1000 1000 1000 1000 73 46 0 73 52 0 73 42 0 73 44 0 5734 950000 4750 558686 958750 534564
 3949.549910 17603 1000 1000 1000 1000 73 46 0 73 52 0 73 42 0 73 44 0 5734 950000 4750 557864 958750 533606
 3949.749934 17604 1000 1000 1000 1000 73 46 0 73 52 0 73 42 0 73 44 0 5734 950000 4750 556494 958750 532648
 3949.949918 17605 1000 1000 1000 1000 73 46 0 73 52 0 73 42 0 73 44 0 5734 950000 4750 556494 958750 532648
 3950.149934 17606 1000 1000 1000 1000 73 46 0 73 52 0 73 42 0 73 44 0 5734 950000 4750 557864 958750 533606
 3950.349934 17607 1000 1000 1000 1000 73 46 0 73 52 0 73 42 0 73 44 0 5734 950000 4750 558686 958750 534564
 3950.549934 17608 1000 1000 1000 1000 73 46 0 73 52 0 73 42 0 73 44 0 5734 950000 4750 557864 958750 533606
 3950.749935 17609 1000 1000 1000 1000 73 46 0 73 52 0 73 42 0 73 44 0 5734 950000 4750 558412 958750 534564
 3950.949935 17610 1000 1000 1000 1000 73 46 0 73 52 0 73 42 0 73 44 0 5734 950000 4750 558412 958750 534564
 3951.149934 17611 1000 1000 1000 1000 73 46 0 73 52 0 73 42 0 73 44 0 5734 950000 4750 557042 958750 533606
 3951.349935 17612 1000 1000 1000 1000 73 46 0 73 52 0 73 42 0 73 44 0 5734 950000 4750 556494 958750 532648
 3951.549929 17613 1000 1000 1000 1000 73 46 0 73 52 0 73 42 0 73 44 0 5734 950000 4750 556768 958750 532648
 3951.749934 17614 1000 1000 1000 1000 73 46 0 73 52 0 73 42 0 73 44 0 5734 950000 4750 556768 958750 532648
 3951.949935 17615 1000 1000 1000 1000 73 46 0 73 52 0 73 42 0 73 44 0 5734 950000 4750 557864 958750 533606
 3952.149935 17616 1000 1000 1000 1000 73 46 0 73 52 0 73 42 0 73 44 0 5734 950000 4750 557864 958750 533606
 3952.349934 17617 1000 1000 1000 1000 73 46 0 73 52 0 73 42 0 73 44 0 5734 950000 4750 558138 958750 534564
 3952.549910 17618 1000 1000 1000 1000 73 46 0 73 52 0 73 42 0 73 44 0 5734 950000 4750 558138 958750 534564
 3952.749933 17619 1000 1000 1000 1000 73 46 0 73 52 0 73 42 0 73 44 0 5734 950000 4750 558686 958750 534564
 3952.949936 17620 1000 1000 1000 1000 73 46 0 73 52 0 73 42 0 73 44 0 5734 950000 4750 557042 958750 533606
 3953.149935 17621 1000 1000 1000 1000 73 46 0 73 52 0 73 42 0 73 44 0 5734 950000 4750 558138 958750 534564
 3953.349935 17622 1000 1000 1000 1000 73 46 0 73 52 0 73 42 0 73 44 0 5734 950000 4750 558138 958750 534564
 3953.549935 17623 1000 1000 1000 1000 73 46 0 73 52 0 73 42 0 73 44 0 5734 950000 4750 558138 958750 534564
 3953.749934 17624 1000 1000 1000 1000 73 46 0 73 52 0 73 42 0 73 44 0 5734 950000 4750 557590 958750 533606
 3953.949929 17625 1000 1000 1000 1000 73 46 0 73 52 0 73 42 0 73 44 0 5490 950000 4750 559234 958750 535522
 3954.149934 17626 1000 1000 1000 1000 73 46 0 73 52 0 73 42 0 73 44 0 5490 950000 4750 559234 958750 535522
 3954.349935 17627 1000 1000 1000 1000 73 46 0 73 52 0 73 42 0 73 44 0 5734 950000 4750 560056 958750 536480
 3954.549950 17628 1000 1000 1000 1000 73 46 0 73 52 0 73 42 0 73 44 0 5734 950000 4750 568276 958750 544144
 3954.749934 17629 1000 1000 1000 1000 73 46 0 73 52 0 73 42 0 73 44 0 5734 950000 4750 568276 958750 544144
 3954.949938 17630 1000 1000 1000 1000 73 46 0 73 52 0 73 42 0 73 44 0 5734 950000 4750 568276 958750 544144
 3955.149944 17631 1000 1000 1000 1000 73 46 0 73 52 0 73 42 0 73 44 0 5734 950000 4750 558686 958750 534564
 3955.349935 17632 1000 1000 1000 1000 73 46 0 73 52 0 73 42 0 73 44 0 5734 950000 4750 557042 958750 533606
 3955.549933 17633 1000 1000 1000 1000 73 46 0 73 52 0 73 42 0 73 44 0 5734 950000 4750 555398 958750 531690
 3955.749935 17634 1000 1000 1000 1000 73 46 0 73 52 0 73 42 0 73 44 0 5734 950000 4750 555398 958750 531690
 3955.949935 17635 1000 1000 1000 1000 73 46 0 73 52 0 73 42 0 73 44 0 5734 950000 4750 556494 958750 532648
 3956.149949 17636 1000 1000 1000 1000 73 46 0 73 52 0 73 42 0 73 44 0 5734 950000 4750 558138 958750 534564
 3956.349929 17637 1000 1000 1000 1000 73 46 0 73 52 0 73 42 0 73 44 0 5734 950000 4750 557590 958750 533606
 3956.549913 17638 1000 1000 1000 1000 73 46 0 73 52 0 73 42 0 73 44 0 5734 950000 4750 556494 958750 532648
 3956.749935 17639 1000 1000 1000 1000 73 46 0 73 52 0 73 42 0 73 44 0 5734 950000 4750 556494 958750 532648
 3956.949936 17640 1000 1000 1000 1000 73 46 0 73 52 0 73 42 0 73 44 0 5490 950000 4750 555398 958750 531690
 3957.149948 17641 1000 1000 1000 1000 73 46 0 73 52 0 73 42 0 73 44 0 5734 950000 4750 555124 958750 531690
 3957.349929 17642 1000 1000 1000 1000 73 46 0 73 52 0 73 42 0 73 44 0 5490 950000 4750 556494 958750 532648
 3957.549936 17643 1000 1000 1000 1000 73 46 0 73 52 0 73 42 0 73 44 0 5490 950000 4750 556494 958750 532648
 3957.749935 17644 1000 1000 1000 1000 73 46 0 73 52 0 73 42 0 73 44 0 5734 950000 4750 556768 958750 532648
 3957.949936 17645 1000 1000 1000 1000 73 46 0 73 52 0 73 42 0 73 44 0 5978 950000 4750 557590 958750 533606
 3958.149948 17646 1000 1000 1000 1000 73 46 0 73 52 0 73 42 0 73 44 0 5734 950000 4750 558686 958750 534564
 3958.349938 17647 1000 1000 1000 1000 73 46 0 73 52 0 73 42 0 73 44 0 5734 950000 4750 558686 958750 534564
 3958.549910 17648 1000 1000 1000 1000 73 46 0 73 52 0 73 42 0 73 44 0 5734 950000 4750 559782 958750 535522
 3958.749937 17649 1000 1000 1000 1000 73 46 0 73 52 0 73 42 0 73 44 0 5734 950000 4750 558138 958750 534564
 3958.949935 17650 1000 1000 1000 1000 73 46 0 73 52 0 73 42 0 73 44 0 5734 950000 4750 558138 958750 534564
 3959.149951 17651 1000 1000 1000 1000 73 46 0 73 52 0 73 42 0 73 44 0 5734 950000 4750 558138 958750 534564
 3959.349934 17652 1000 1000 1000 1000 73 46 0 73 52 0 73 42 0 73 44 0 5734 950000 4750 557864 958750 533606
 3959.549934 17653 1000 1000 1000 1000 73 46 0 73 52 0 73 42 0 73 44 0 5734 950000 4750 558686 958750 534564
 3959.749929 17654 1000 1000 1000 1000 73 46 0 73 52 0 73 42 0 73 44 0 5734 950000 4750 559234 958750 535522
 3959.949937 17655 1000 1000 1000 1000 73 46 0 73 52 0 73 42 0 73 44 0 5734 950000 4750 559234 958750 535522
 3960.149948 17656 1000 1000 1000 1000 73 46 0 73 52 0 73 42 0 73 44 0 5734 950000 4750 559234 958750 535522
 3960.349935 17657 1000 1000 1000 1000 73 46 0 73 52 0 73 42 0 73 44 0 5978 950000 4750 558960 958750 534564
 3960.549934 17658 1000 1000 1000 1000 73 46 0 73 52 0 73 42 0 73 44 0 5734 950000 4750 557590 958750 533606
 3960.749934 17659 1000 1000 1000 1000 73 46 0 73 52 0 73 42 0 73 44 0 5734 950000 4750 557590 958750 533606
 3960.949936 17660 1000 1000 1000 1000 73 46 0 73 52 0 73 42 0 73 44 0 5734 950000 4750 557590 958750 533606
 3961.149950 17661 1000 1000 1000 1000 73 46 0 73 52 0 73 42 0 73 44 0 5734 950000 4750 557316 958750 533606
 3961.349935 17662 1000 1000 1000 1000 73 46 0 73 52 0 73 42 0 73 44 0 5734 950000 4750 558138 958750 534564
 3961.549905 17663 1000 1000 1000 1000 73 46 0 73 52 0 73 42 0 73 44 0 5734 950000 4750 558138 958750 534564
 3961.749934 17664 1000 1000 1000 1000 73 46 0 73 52 0 73 42 0 73 44 0 5734 950000 4750 558138 958750 534564
 3961.949935 17665 1000 1000 1000 1000 73 46 0 73 52 0 73 42 0 73 44 0 5734 950000 4750 558138 958750 534564
 3962.149930 17666 1000 1000 1000 1000 73 46 0 73 52 0 73 42 0 73 44 0 5734 950000 4750 557864 958750 533606
 3962.349917 17667 1000 1000 1000 1000 73 46 0 73 52 0 73 42 0 73 44 0 5734 950000 4750 557864 958750 533606
 3962.549934 17668 1000 1000 1000 1000 73 46 0 73 52 0 73 42 0 73 44 0 5734 950000 4750 556220 958750 532648
 3962.749935 17669 1000 1000 1000 1000 73 46 0 73 52 0 73 42 0 73 44 0 5734 950000 4750 555672 958750 531690
 3962.949935 17670 1000 1000 1000 1000 73 46 0 73 52 0 73 42 0 73 44 0 5734 950000 4750 555946 958750 531690
 3963.149925 17671 1000 1000 1000 1000 73 46 0 73 52 0 73 42 0 73 44 0 5734 950000 4750 555946 958750 531690
 3963.349936 17672 1000 1000 1000 1000 73 46 0 73 52 0 73 42 0 73 44 0 5734 950000 4750 555946 958750 531690
 3963.549935 17673 1000 1000 1000 1000 73 46 0 73 52 0 73 42 0 73 44 0 5734 950000 4750 557864 958750 533606
 3963.749936 17674 1000 1000 1000 1000 73 46 0 73 52 0 73 42 0 73 44 0 5734 950000 4750 557042 958750 533606
 3963.949935 17675 1000 1000 1000 1000 73 46 0 73 52 0 73 42 0 73 44 0 5734 950000 4750 557316 958750 533606
 3964.149949 17676 1000 1000 1000 1000 73 46 0 73 52 0 73 42 0 73 44 0 5734 950000 4750 557316 958750 533606
 3964.349934 17677 1000 1000 1000 1000 73 46 0 73 52 0 73 42 0 73 44 0 5734 950000 4750 558138 958750 534564
 3964.549908 17678 1000 1000 1000 1000 73 46 0 73 52 0 73 42 0 73 44 0 5734 950000 4750 557316 958750 533606
 3964.749935 17679 1000 1000 1000 1000 73 46 0 73 52 0 73 42 0 73 44 0 5734 950000 4750 556768 958750 532648
 3964.949936 17680 1000 1000 1000 1000 73 46 0 73 52 0 73 42 0 73 44 0 5734 950000 4750 556768 958750 532648
 3965.149948 17681 1000 1000 1000 1000 73 46 0 73 52 0 73 42 0 73 44 0 5734 950000 4750 557042 958750 533606
 3965.349935 17682 1000 1000 1000 1000 73 46 0 73 52 0 73 42 0 73 44 0 5734 950000 4750 558686 958750 534564
 3965.549935 17683 1000 1000 1000 1000 73 46 0 73 52 0 73 42 0 73 44 0 5734 950000 4750 557590 958750 533606
 3965.749936 17684 1000 1000 1000 1000 73 46 0 73 52 0 73 42 0 73 44 0 5734 950000 4750 557590 958750 533606
 3965.949936 17685 1000 1000 1000 1000 73 46 0 73 52 0 73 42 0 73 44 0 5734 950000 4750 557316 958750 533606
 3966.149948 17686 1000 1000 1000 1000 73 46 0 73 52 0 73 42 0 73 44 0 5734 950000 4750 557316 958750 533606
 3966.349936 17687 1000 1000 1000 1000 73 46 0 73 52 0 73 42 0 73 44 0 5734 950000 4750 555946 958750 531690
 3966.549935 17688 1000 1000 1000 1000 73 46 0 73 52 0 73 42 0 73 44 0 5734 950000 4750 555946 958750 531690
 3966.749935 17689 1000 1000 1000 1000 73 46 0 73 52 0 73 42 0 73 44 0 5734 950000 4750 555946 958750 531690
 3966.949929 17690 1000 1000 1000 1000 73 46 0 73 52 0 73 42 0 73 44 0 5734 950000 4750 556220 958750 532648
 3967.149948 17691 1000 1000 1000 1000 73 46 0 73 52 0 73 42 0 73 44 0 5734 950000 4750 556494 958750 532648
 3967.349935 17692 1000 1000 1000 1000 73 46 0 73 52 0 73 42 0 73 44 0 5734 950000 4750 556494 958750 532648
 3967.549912 17693 1000 1000 1000 1000 73 46 0 73 52 0 73 42 0 73 44 0 5734 950000 4750 560056 958750 536480
 3967.749935 17694 1000 1000 1000 1000 73 46 0 73 52 0 73 42 0 73 44 0 5734 950000 4750 558686 958750 534564
 3967.949935 17695 1000 1000 1000 1000 73 46 0 73 52 0 73 42 0 73 44 0 5734 950000 4750 559234 958750 535522
 3968.149949 17696 1000 1000 1000 1000 73 46 0 73 52 0 73 42 0 73 44 0 5734 950000 4750 559234 958750 535522
 3968.349935 17697 1000 1000 1000 1000 73 46 0 73 52 0 73 42 0 73 44 0 5734 950000 4750 558138 958750 534564
 3968.549936 17698 1000 1000 1000 1000 73 46 0 73 52 0 73 42 0 73 44 0 5734 950000 4750 558138 958750 534564
 3968.749930 17699 1000 1000 1000 1000 73 46 0 73 52 0 73 42 0 73 44 0 5734 950000 4750 556494 958750 532648
 3968.949911 17700 1000 1000 1000 1000 73 46 0 73 52 0 73 42 0 73 44 0 5734 950000 4750 556494 958750 532648
 3969.149942 17701 1000 1000 1000 1000 73 46 0 73 52 0 73 42 0 73 44 0 5734 950000 4750 83844 957500 79431
 3969.349923 17702 1000 1000 1000 1000 72 46 0 72 52 0 72 42 0 72 44 0 5734 950000 4750 46306 957500 44022
 3969.549928 17703 1000 1000 1000 1000 72 46 0 72 52 0 72 42 0 72 44 0 5734 950000 4750 56992 957500 53592
 3969.749927 17704 1000 1000 1000 1000 72 46 0 72 52 0 72 42 0 72 44 0 5734 950000 4750 46854 957500 44022
 3969.949928 17705 1000 1000 1000 1000 72 46 0 72 52 0 72 42 0 72 44 0 5734 950000 4750 46854 957500 44022
 3970.149942 17706 1000 1000 1000 1000 72 46 0 72 52 0 72 42 0 72 44 0 5490 950000 4750 43018 957500 41151
 3970.349927 17707 1000 1000 1000 1000 72 46 0 72 52 0 72 42 0 72 44 0 5734 950000 4750 42744 957500 40194
