 1051.324848 3113 1600 1600 1600 1600 76 46 0 76 52 0 76 42 0 76 44 0 6222 950000 5700 89324 1157500 102973
 1051.524847 3114 1600 1600 1600 1600 76 46 0 76 52 0 76 42 0 76 44 0 5978 950000 4750 85488 1157500 98345
 1051.724847 3115 1600 1600 1600 1600 76 46 0 76 52 0 76 42 0 76 44 0 5978 950000 4750 85488 1157500 98345
 1051.924848 3116 1600 1600 1600 1600 76 46 0 76 52 0 76 42 0 76 44 0 5978 950000 4750 84392 1157500 97188
 1052.124871 3117 1600 1600 1600 1600 74 46 0 74 52 0 74 42 0 74 44 0 6222 950000 5700 83570 1157500 96031
 1052.324890 3118 1600 1600 1600 1600 74 46 0 74 52 0 74 42 0 74 44 0 5978 950000 4750 86858 1157500 99502
 1052.524890 3119 1600 1600 1600 1600 74 46 0 74 52 0 74 42 0 74 44 0 5978 950000 4750 86858 1157500 99502
 1052.724890 3120 1600 1600 1600 1600 74 46 0 74 52 0 74 42 0 74 44 0 5978 950000 4750 85488 1157500 98345
 1052.924890 3121 1600 1600 1600 1600 74 46 0 74 52 0 74 42 0 74 44 0 5978 950000 4750 87954 1157500 100659
 1053.124890 3122 1600 1600 1600 1600 73 46 0 73 52 0 73 42 0 73 44 0 5978 950000 4750 82474 1157500 94874
 1053.324890 3123 1600 1600 1600 1600 73 46 0 73 52 0 73 42 0 73 44 0 5978 950000 4750 82474 1157500 94874
 1053.524890 3124 1600 1600 1600 1600 73 46 0 73 52 0 73 42 0 73 44 0 5978 950000 4750 80556 1157500 92560
 1053.724921 3125 1600 1600 1600 1600 73 46 0 73 52 0 73 42 0 73 44 0 5978 950000 4750 81104 1157500 93717
 1053.924894 3126 1600 1600 1600 1600 73 46 0 73 52 0 73 42 0 73 44 0 6222 950000 5700 271808 1158750 313818
 1054.124891 3127 1600 1600 1600 1600 73 46 0 73 52 0 73 42 0 73 44 0 6222 950000 5700 271808 1158750 313818
 1054.324893 3128 1600 1600 1600 1600 73 46 0 73 52 0 73 42 0 73 44 0 5978 950000 4750 91516 1157500 105287
 1054.524917 3129 1600 1600 1600 1600 73 46 0 73 52 0 73 42 0 73 44 0 5978 950000 4750 88502 1157500 101816
 1054.724948 3130 1600 1600 1600 1600 73 46 0 73 52 0 73 42 0 73 44 0 5978 950000 4750 322772 1160000 373520
 1054.924936 3131 1600 1600 1600 1600 73 46 0 73 52 0 73 42 0 73 44 0 5978 950000 4750 322772 1160000 373520
 1055.125026 3132 1600 1600 1600 1600 75 46 0 75 52 0 75 42 0 75 44 0 5978 950000 4750 1308350 1165000 1523820
 1055.324900 3133 1600 1600 1600 1600 75 46 0 75 52 0 75 42 0 75 44 0 5978 950000 4750 1241768 1163750 1443283
 1055.524938 3134 1600 1600 1600 1600 75 46 0 75 52 0 75 42 0 75 44 0 5978 950000 4750 772680 1162500 897064
 1055.729928 3135 1600 1600 1600 1600 75 46 0 75 52 0 75 42 0 75 44 0 5978 950000 4750 772680 1162500 897064
 1055.930130 3136 1500 1500 1500 1500 75 46 0 75 52 0 75 42 0 75 44 0 5978 950000 4750 1299034 1165000 1513335
 1056.129913 3137 1500 1500 1500 1500 76 46 0 76 52 0 76 42 0 76 44 0 5978 950000 4750 966672 1155000 1115730
 1056.330129 3138 1500 1500 1500 1500 76 46 0 76 52 0 76 42 0 76 44 0 5978 950000 4750 339760 1133750 384087
 1056.529849 3139 1500 1500 1500 1500 76 46 0 76 52 0 76 42 0 76 44 0 5978 950000 4750 339760 1133750 384087
 1056.729893 3140 1500 1500 1500 1500 76 46 0 76 52 0 76 42 0 76 44 0 5734 950000 4750 102202 1132500 115464
 1056.929909 3141 1500 1500 1500 1500 76 46 0 76 52 0 76 42 0 76 44 0 5978 950000 4750 78364 1132500 88296
 1057.129939 3142 1500 1500 1500 1500 73 46 0 73 52 0 73 42 0 73 44 0 5978 950000 4750 449360 1135000 509615
 1057.329898 3143 1500 1500 1500 1500 73 46 0 73 52 0 73 42 0 73 44 0 5978 950000 4750 1185872 1138750 1348530
 1057.530002 3144 1500 1500 1500 1500 73 46 0 73 52 0 73 42 0 73 44 0 5978 950000 4750 1185872 1138750 1348530
 1057.729922 3145 1500 1500 1500 1500 73 46 0 73 52 0 73 42 0 73 44 0 5978 950000 4750 1117372 1138750 1271146
 1057.929921 3146 1500 1500 1500 1500 73 46 0 73 52 0 73 42 0 73 44 0 5978 950000 4750 1106412 1137500 1257522
 1058.129922 3147 1500 1500 1500 1500 75 46 0 75 52 0 75 42 0 75 44 0 5978 950000 4750 1082848 1137500 1230234
 1058.329922 3148 1500 1500 1500 1500 75 46 0 75 52 0 75 42 0 75 44 0 5978 950000 4750 1082848 1137500 1230234
 1058.529920 3149 1500 1500 1500 1500 75 46 0 75 52 0 75 42 0 75 44 0 5978 950000 4750 1077368 1137500 1224549
 1058.729923 3150 1500 1500 1500 1500 75 46 0 75 52 0 75 42 0 75 44 0 5978 950000 4750 1076272 1137500 1223412
 1058.929922 3151 1500 1500 1500 1500 75 46 0 75 52 0 75 42 0 75 44 0 5978 950000 4750 1075998 1137500 1222275
 1059.129932 3152 1500 1500 1500 1500 75 46 0 75 52 0 75 42 0 75 44 0 5978 950000 4750 1075998 1137500 1222275
 1059.329921 3153 1500 1500 1500 1500 75 46 0 75 52 0 75 42 0 75 44 0 5978 950000 4750 1076820 1137500 1223412
 1059.529922 3154 1500 1500 1500 1500 75 46 0 75 52 0 75 42 0 75 44 0 5978 950000 4750 1075998 1137500 1222275
 1059.729922 3155 1500 1500 1500 1500 75 46 0 75 52 0 75 42 0 75 44 0 5978 950000 4750 1076272 1137500 1223412
 1059.929921 3156 1500 1500 1500 1500 75 46 0 75 52 0 75 42 0 75 44 0 5978 950000 4750 1076272 1137500 1223412
 1060.129932 3157 1500 1500 1500 1500 76 46 0 76 52 0 76 42 0 76 44 0 5978 950000 4750 1077094 1137500 1224549
 1060.329921 3158 1500 1500 1500 1500 76 46 0 76 52 0 76 42 0 76 44 0 5978 950000 4750 1077094 1137500 1224549
 1060.529921 3159 1500 1500 1500 1500 76 46 0 76 52 0 76 42 0 76 44 0 5978 950000 4750 1076272 1137500 1223412
 1060.729923 3160 1500 1500 1500 1500 76 46 0 76 52 0 76 42 0 76 44 0 5978 950000 4750 1076272 1137500 1223412
 1060.929918 3161 1500 1500 1500 1500 76 46 0 76 52 0 76 42 0 76 44 0 5978 950000 4750 1075724 1137500 1222275
 1061.129934 3162 1500 1500 1500 1500 76 46 0 76 52 0 76 42 0 76 44 0 5978 950000 4750 1075176 1137500 1222275
 1061.329921 3163 1500 1500 1500 1500 76 46 0 76 52 0 76 42 0 76 44 0 5978 950000 4750 1081478 1137500 1229097
 1061.529922 3164 1500 1500 1500 1500 76 46 0 76 52 0 76 42 0 76 44 0 5978 950000 4750 1081478 1137500 1229097
 1061.729981 3165 1500 1500 1500 1500 76 46 0 76 52 0 76 42 0 76 44 0 5978 950000 4750 1076546 1137500 1223412
 1061.929921 3166 1500 1500 1500 1500 76 46 0 76 52 0 76 42 0 76 44 0 5978 950000 4750 1077916 1137500 1224549
 1062.129930 3167 1500 1500 1500 1500 76 46 0 76 52 0 76 42 0 76 44 0 5978 950000 4750 1079560 1137500 1226823
 1062.329922 3168 1500 1500 1500 1500 76 46 0 76 52 0 76 42 0 76 44 0 5978 950000 4750 1079560 1137500 1226823
 1062.529922 3169 1500 1500 1500 1500 76 46 0 76 52 0 76 42 0 76 44 0 6222 950000 5700 1079012 1137500 1226823
 1062.729921 3170 1500 1500 1500 1500 76 46 0 76 52 0 76 42 0 76 44 0 6222 950000 5700 1076272 1137500 1223412
 1062.929922 3171 1500 1500 1500 1500 76 46 0 76 52 0 76 42 0 76 44 0 5978 950000 4750 1077094 1137500 1224549
 1063.129913 3172 1500 1500 1500 1500 76 46 0 76 52 0 76 42 0 76 44 0 5978 950000 4750 1077094 1137500 1224549
 1063.329917 3173 1500 1500 1500 1500 76 46 0 76 52 0 76 42 0 76 44 0 5978 950000 4750 1077368 1137500 1224549
 1063.529921 3174 1500 1500 1500 1500 76 46 0 76 52 0 76 42 0 76 44 0 5978 950000 4750 1077094 1137500 1224549
 1063.729921 3175 1500 1500 1500 1500 76 46 0 76 52 0 76 42 0 76 44 0 6222 950000 5700 1080930 1137500 1227960
 1063.929900 3176 1500 1500 1500 1500 76 46 0 76 52 0 76 42 0 76 44 0 6222 950000 5700 1080108 1137500 1227960
 1064.129930 3177 1500 1500 1500 1500 76 46 0 76 52 0 76 42 0 76 44 0 6222 950000 5700 1080108 1137500 1227960
 1064.329919 3178 1500 1500 1500 1500 76 46 0 76 52 0 76 42 0 76 44 0 5978 950000 4750 1080382 1137500 1227960
 1064.529922 3179 1500 1500 1500 1500 76 46 0 76 52 0 76 42 0 76 44 0 6222 950000 5700 1122030 1137500 1275714
 1064.729922 3180 1500 1500 1500 1500 76 46 0 76 52 0 76 42 0 76 44 0 5978 950000 4750 1077916 1137500 1224549
 1064.929922 3181 1500 1500 1500 1500 76 46 0 76 52 0 76 42 0 76 44 0 5978 950000 4750 1077916 1137500 1224549
 1065.129931 3182 1500 1500 1500 1500 76 46 0 76 52 0 76 42 0 76 44 0 5978 950000 4750 1077368 1137500 1224549
 1065.329921 3183 1500 1500 1500 1500 76 46 0 76 52 0 76 42 0 76 44 0 5978 950000 4750 1077916 1137500 1224549
 1065.529921 3184 1500 1500 1500 1500 76 46 0 76 52 0 76 42 0 76 44 0 5978 950000 4750 1079012 1137500 1226823
 1065.729922 3185 1500 1500 1500 1500 76 46 0 76 52 0 76 42 0 76 44 0 5978 950000 4750 1079012 1137500 1226823
 1065.929921 3186 1500 1500 1500 1500 76 46 0 76 52 0 76 42 0 76 44 0 5978 950000 4750 1079560 1137500 1226823
 1066.129930 3187 1500 1500 1500 1500 76 46 0 76 52 0 76 42 0 76 44 0 6222 950000 5700 1079834 1137500 1226823
 1066.329921 3188 1500 1500 1500 1500 76 46 0 76 52 0 76 42 0 76 44 0 5978 950000 4750 1079560 1137500 1226823
 1066.529920 3189 1500 1500 1500 1500 76 46 0 76 52 0 76 42 0 76 44 0 5978 950000 4750 1079560 1137500 1226823
 1066.729918 3190 1500 1500 1500 1500 76 46 0 76 52 0 76 42 0 76 44 0 6222 950000 5700 1079012 1137500 1226823
 1066.929921 3191 1500 1500 1500 1500 76 46 0 76 52 0 76 42 0 76 44 0 5978 950000 4750 1078190 1137500 1225686
 1067.129932 3192 1500 1500 1500 1500 76 46 0 76 52 0 76 42 0 76 44 0 5978 950000 4750 1077916 1137500 1224549
 1067.329921 3193 1500 1500 1500 1500 76 46 0 76 52 0 76 42 0 76 44 0 5978 950000 4750 1077916 1137500 1224549
 1067.529921 3194 1500 1500 1500 1500 76 46 0 76 52 0 76 42 0 76 44 0 6222 950000 5700 1080108 1137500 1227960
 1067.729921 3195 1500 1500 1500 1500 76 46 0 76 52 0 76 42 0 76 44 0 6222 950000 5700 1079560 1137500 1226823
 1067.929921 3196 1500 1500 1500 1500 76 46 0 76 52 0 76 42 0 76 44 0 6222 950000 5700 1080656 1137500 1227960
 1068.129931 3197 1500 1500 1500 1500 76 46 0 76 52 0 76 42 0 76 44 0 6222 950000 5700 1080656 1137500 1227960
 1068.329921 3198 1500 1500 1500 1500 76 46 0 76 52 0 76 42 0 76 44 0 5978 950000 4750 1082848 1137500 1230234
 1068.529922 3199 1500 1500 1500 1500 76 46 0 76 52 0 76 42 0 76 44 0 6222 950000 5700 1079834 1137500 1226823
 1068.729922 3200 1500 1500 1500 1500 76 46 0 76 52 0 76 42 0 76 44 0 6222 950000 5700 1079012 1137500 1226823
 1068.929921 3201 1500 1500 1500 1500 76 46 0 76 52 0 76 42 0 76 44 0 6222 950000 5700 1079012 1137500 1226823
 1069.129927 3202 1500 1500 1500 1500 77 46 0 77 52 0 77 42 0 77 44 0 6222 950000 5700 1079834 1137500 1226823
 1069.329921 3203 1500 1500 1500 1500 76 46 0 76 52 0 76 42 0 76 44 0 5978 950000 4750 1082300 1137500 1230234
 1069.529918 3204 1500 1500 1500 1500 76 46 0 76 52 0 76 42 0 76 44 0 6222 950000 5700 1090520 1137500 1239330
 1069.729904 3205 1500 1500 1500 1500 76 46 0 76 52 0 76 42 0 76 44 0 6222 950000 5700 1090520 1137500 1239330
 1069.929921 3206 1500 1500 1500 1500 76 46 0 76 52 0 76 42 0 76 44 0 5978 950000 4750 1082574 1137500 1230234
 1070.129931 3207 1500 1500 1500 1500 77 46 0 77 52 0 77 42 0 77 44 0 6222 950000 5700 1082848 1137500 1230234
 1070.329921 3208 1500 1500 1500 1500 77 46 0 77 52 0 77 42 0 77 44 0 6222 950000 5700 1079560 1137500 1226823
 1070.529921 3209 1500 1500 1500 1500 77 46 0 77 52 0 77 42 0 77 44 0 5978 950000 4750 1079012 1137500 1226823
 1070.729922 3210 1500 1500 1500 1500 77 46 0 77 52 0 77 42 0 77 44 0 5978 950000 4750 1079012 1137500 1226823
 1070.929921 3211 1500 1500 1500 1500 77 46 0 77 52 0 77 42 0 77 44 0 6222 950000 5700 1078738 1137500 1225686
 1071.129930 3212 1500 1500 1500 1500 77 46 0 77 52 0 77 42 0 77 44 0 6222 950000 5700 1079286 1137500 1226823
 1071.329918 3213 1500 1500 1500 1500 77 46 0 77 52 0 77 42 0 77 44 0 5978 950000 4750 1079560 1137500 1226823
 1071.529921 3214 1500 1500 1500 1500 77 46 0 77 52 0 77 42 0 77 44 0 5978 950000 4750 1079560 1137500 1226823
 1071.729921 3215 1500 1500 1500 1500 77 46 0 77 52 0 77 42 0 77 44 0 6222 950000 5700 1080108 1137500 1227960
 1071.929921 3216 1500 1500 1500 1500 77 46 0 77 52 0 77 42 0 77 44 0 6222 950000 5700 1080108 1137500 1227960
 1072.129931 3217 1500 1500 1500 1500 77 46 0 77 52 0 77 42 0 77 44 0 6222 950000 5700 1080382 1137500 1227960
 1072.329922 3218 1500 1500 1500 1500 77 46 0 77 52 0 77 42 0 77 44 0 6222 950000 5700 1080382 1137500 1227960
 1072.529921 3219 1500 1500 1500 1500 77 46 0 77 52 0 77 42 0 77 44 0 6222 950000 5700 1079560 1137500 1226823
 1072.729922 3220 1500 1500 1500 1500 77 46 0 77 52 0 77 42 0 77 44 0 5978 950000 4750 1079286 1137500 1226823
 1072.929968 3221 1500 1500 1500 1500 77 46 0 77 52 0 77 42 0 77 44 0 6222 950000 5700 1079834 1137500 1226823
 1073.129923 3222 1500 1500 1500 1500 77 46 0 77 52 0 77 42 0 77 44 0 6222 950000 5700 1079834 1137500 1226823
 1073.329912 3223 1500 1500 1500 1500 77 46 0 77 52 0 77 42 0 77 44 0 6222 950000 5700 936806 1136250 1063296
 1073.529913 3224 1500 1500 1500 1500 77 46 0 77 52 0 77 42 0 77 44 0 5978 950000 4750 111792 1132500 125652
 1073.729908 3225 1500 1500 1500 1500 77 46 0 77 52 0 77 42 0 77 44 0 5978 950000 4750 83296 1132500 93956
 1073.929912 3226 1500 1500 1500 1500 77 46 0 77 52 0 77 42 0 77 44 0 5978 950000 4750 83296 1132500 93956
 1074.129921 3227 1500 1500 1500 1500 74 46 0 74 52 0 74 42 0 74 44 0 5978 950000 4750 78364 1132500 88296
 1074.329914 3228 1500 1500 1500 1500 74 46 0 74 52 0 74 42 0 74 44 0 6222 950000 5700 78364 1132500 88296
 1074.529912 3229 1500 1500 1500 1500 74 46 0 74 52 0 74 42 0 74 44 0 5978 950000 4750 78090 1132500 88296
 1074.729912 3230 1500 1500 1500 1500 74 46 0 74 52 0 74 42 0 74 44 0 5978 950000 4750 78090 1132500 88296
 1074.929912 3231 1500 1500 1500 1500 74 46 0 74 52 0 74 42 0 74 44 0 5978 950000 4750 81104 1132500 91692
 1075.129921 3232 1500 1500 1500 1500 73 46 0 73 52 0 73 42 0 73 44 0 6222 950000 5700 81926 1132500 91692
 1075.329912 3233 1500 1500 1500 1500 73 46 0 73 52 0 73 42 0 73 44 0 5978 950000 4750 81104 1132500 91692
