 1284.969891 4281 600 600 600 600 70 46 0 70 52 0 70 42 0 70 44 0 153232 1211250 185283 6028 908750 5448
 1285.169870 4282 600 600 600 600 70 46 0 70 52 0 70 42 0 70 44 0 157258 1210000 189970 6028 908750 5448
 1285.369979 4283 600 600 600 600 70 46 0 70 52 0 70 42 0 70 44 0 155977 1210000 187550 6028 908750 5448
 1285.569928 4284 600 600 600 600 70 46 0 70 52 0 70 42 0 70 44 0 155977 1210000 187550 6028 908750 5448
 1285.769925 4285 600 600 600 600 70 46 0 70 52 0 70 42 0 70 44 0 146766 1208750 176368 6028 908750 5448
 1285.969917 4286 600 600 600 600 70 46 0 70 52 0 70 42 0 70 44 0 144753 1208750 173952 6028 908750 5448
 1286.169930 4287 600 600 600 600 70 46 0 70 52 0 70 42 0 70 44 0 143472 1207500 172601 6028 908750 5448
 1286.369918 4288 600 600 600 600 70 46 0 70 52 0 70 42 0 70 44 0 143472 1207500 172601 6028 908750 5448
 1286.569924 4289 600 600 600 600 70 46 0 70 52 0 70 42 0 70 44 0 143716 1207500 172601 6028 908750 5448
 1286.769917 4290 600 600 600 600 70 46 0 70 52 0 70 42 0 70 44 0 144021 1207500 173808 6028 908750 5448
 1286.969912 4291 600 600 600 600 70 46 0 70 52 0 70 42 0 70 44 0 144021 1207500 173808 6028 908750 5448
 1287.169906 4292 600 600 600 600 70 46 0 70 52 0 70 42 0 70 44 0 144021 1207500 173808 6028 908750 5448
 1287.369916 4293 600 600 600 600 70 46 0 70 52 0 70 42 0 70 44 0 144021 1207500 173808 6028 908750 5448
 1287.569920 4294 600 600 600 600 70 46 0 70 52 0 70 42 0 70 44 0 142740 1207500 171394 6028 908750 5448
 1287.769916 4295 600 600 600 600 70 46 0 70 52 0 70 42 0 70 44 0 144021 1207500 173808 6028 908750 5448
 1287.969911 4296 600 600 600 600 70 46 0 70 52 0 70 42 0 70 44 0 144021 1207500 173808 6028 908750 5448
 1288.169927 4297 600 600 600 600 70 46 0 70 52 0 70 42 0 70 44 0 144021 1207500 173808 6028 908750 5448
 1288.369915 4298 600 600 600 600 70 46 0 70 52 0 70 42 0 70 44 0 142496 1207500 171394 6028 908750 5448
 1288.569921 4299 600 600 600 600 70 46 0 70 52 0 70 42 0 70 44 0 143228 1207500 172601 6028 908750 5448
 1288.769915 4300 600 600 600 600 70 46 0 70 52 0 70 42 0 70 44 0 142496 1207500 171394 6028 908750 5448
 1288.969915 4301 600 600 600 600 70 46 0 70 52 0 70 42 0 70 44 0 142496 1207500 171394 6028 908750 5448
 1289.169929 4302 600 600 600 600 70 46 0 70 52 0 70 42 0 70 44 0 143228 1207500 172601 6028 908750 5448
 1289.369915 4303 600 600 600 600 70 46 0 70 52 0 70 42 0 70 44 0 144021 1207500 173808 6028 908750 5448
 1289.569916 4304 600 600 600 600 70 46 0 70 52 0 70 42 0 70 44 0 143228 1208750 172744 6028 908750 5448
 1289.769917 4305 600 600 600 600 70 46 0 70 52 0 70 42 0 70 44 0 143228 1208750 172744 6028 908750 5448
 1289.969916 4306 600 600 600 600 70 46 0 70 52 0 70 42 0 70 44 0 143472 1207500 172601 5754 908750 4540
 1290.169927 4307 600 600 600 600 70 46 0 70 52 0 70 42 0 70 44 0 143472 1207500 172601 6028 908750 5448
 1290.369909 4308 600 600 600 600 70 46 0 70 52 0 70 42 0 70 44 0 142984 1207500 171394 6028 908750 5448
 1290.569919 4309 600 600 600 600 70 46 0 70 52 0 70 42 0 70 44 0 142984 1207500 171394 6028 908750 5448
 1290.769916 4310 600 600 600 600 70 46 0 70 52 0 70 42 0 70 44 0 143716 1207500 172601 6028 908750 5448
 1290.969916 4311 600 600 600 600 70 46 0 70 52 0 70 42 0 70 44 0 143228 1207500 172601 6028 908750 5448
 1291.169925 4312 600 600 600 600 70 46 0 70 52 0 70 42 0 70 44 0 143472 1207500 172601 6028 908750 5448
 1291.369915 4313 600 600 600 600 70 46 0 70 52 0 70 42 0 70 44 0 143472 1207500 172601 6028 908750 5448
 1291.569921 4314 600 600 600 600 70 46 0 70 52 0 70 42 0 70 44 0 143716 1207500 172601 5754 908750 4540
 1291.769915 4315 600 600 600 600 70 46 0 70 52 0 70 42 0 70 44 0 144265 1207500 173808 6028 908750 5448
 1291.969915 4316 600 600 600 600 69 46 0 69 52 0 69 42 0 69 44 0 144265 1207500 173808 6028 908750 5448
 1292.169927 4317 600 600 600 600 69 46 0 69 52 0 69 42 0 69 44 0 144265 1207500 173808 6028 908750 5448
 1292.369915 4318 600 600 600 600 69 46 0 69 52 0 69 42 0 69 44 0 143716 1207500 172601 6028 908750 5448
 1292.569918 4319 600 600 600 600 69 46 0 69 52 0 69 42 0 69 44 0 143228 1207500 172601 6028 908750 5448
 1292.769911 4320 600 600 600 600 69 46 0 69 52 0 69 42 0 69 44 0 143228 1207500 172601 6028 908750 5448
 1292.969898 4321 600 600 600 600 69 46 0 69 52 0 69 42 0 69 44 0 143228 1207500 172601 6028 908750 5448
 1293.169967 4322 600 600 600 600 69 46 0 69 52 0 69 42 0 69 44 0 143228 1207500 172601 6028 908750 5448
 1293.369875 4323 600 600 600 600 69 46 0 69 52 0 69 42 0 69 44 0 144021 1207500 173808 6028 908750 5448
 1293.569875 4324 600 600 600 600 69 46 0 69 52 0 69 42 0 69 44 0 143472 1207500 172601 6028 908750 5448
 1293.769921 4325 600 600 600 600 69 46 0 69 52 0 69 42 0 69 44 0 143228 1207500 172601 5754 908750 4540
 1293.969898 4326 600 600 600 600 70 46 0 70 52 0 70 42 0 70 44 0 143228 1207500 172601 5754 908750 4540
 1294.169897 4327 600 600 600 600 70 46 0 70 52 0 70 42 0 70 44 0 142984 1207500 171394 6028 908750 5448
 1294.369897 4328 600 600 600 600 70 46 0 70 52 0 70 42 0 70 44 0 143716 1207500 172601 6028 908750 5448
 1294.569899 4329 600 600 600 600 70 46 0 70 52 0 70 42 0 70 44 0 142984 1207500 171394 6028 908750 5448
 1294.769897 4330 600 600 600 600 70 46 0 70 52 0 70 42 0 70 44 0 142984 1207500 171394 6028 908750 5448
 1294.969898 4331 600 600 600 600 70 46 0 70 52 0 70 42 0 70 44 0 142496 1207500 171394 6028 908750 5448
 1295.169899 4332 600 600 600 600 69 46 0 69 52 0 69 42 0 69 44 0 142740 1207500 171394 5754 908750 4540
 1295.369897 4333 600 600 600 600 69 46 0 69 52 0 69 42 0 69 44 0 144509 1207500 173808 6028 908750 5448
 1295.569899 4334 600 600 600 600 69 46 0 69 52 0 69 42 0 69 44 0 144509 1207500 173808 6028 908750 5448
 1295.769898 4335 600 600 600 600 69 46 0 69 52 0 69 42 0 69 44 0 142496 1207500 171394 6028 908750 5448
 1295.969898 4336 600 600 600 600 69 46 0 69 52 0 69 42 0 69 44 0 142984 1207500 171394 5754 908750 4540
 1296.169898 4337 600 600 600 600 69 46 0 69 52 0 69 42 0 69 44 0 142984 1207500 171394 6028 908750 5448
 1296.369898 4338 600 600 600 600 69 46 0 69 52 0 69 42 0 69 44 0 142984 1207500 171394 6028 908750 5448
 1296.569901 4339 600 600 600 600 69 46 0 69 52 0 69 42 0 69 44 0 142740 1207500 171394 6028 908750 5448
 1296.769897 4340 600 600 600 600 69 46 0 69 52 0 69 42 0 69 44 0 142740 1207500 171394 6028 908750 5448
 1296.969898 4341 600 600 600 600 69 46 0 69 52 0 69 42 0 69 44 0 143228 1207500 172601 5754 908750 4540
 1297.169898 4342 600 600 600 600 70 46 0 70 52 0 70 42 0 70 44 0 143228 1207500 172601 5754 908750 4540
 1297.369897 4343 600 600 600 600 70 46 0 70 52 0 70 42 0 70 44 0 143472 1207500 172601 6028 908750 5448
 1297.569901 4344 600 600 600 600 70 46 0 70 52 0 70 42 0 70 44 0 144265 1207500 173808 6028 908750 5448
 1297.769898 4345 600 600 600 600 70 46 0 70 52 0 70 42 0 70 44 0 143228 1207500 172601 6028 908750 5448
 1297.969897 4346 600 600 600 600 70 46 0 70 52 0 70 42 0 70 44 0 143228 1207500 172601 6028 908750 5448
 1298.169956 4347 600 600 600 600 70 46 0 70 52 0 70 42 0 70 44 0 142984 1207500 171394 6028 908750 5448
 1298.369940 4348 600 600 600 600 70 46 0 70 52 0 70 42 0 70 44 0 144021 1207500 173808 5754 908750 4540
 1298.569912 4349 600 600 600 600 70 46 0 70 52 0 70 42 0 70 44 0 143472 1207500 172601 6028 908750 5448
 1298.769915 4350 600 600 600 600 70 46 0 70 52 0 70 42 0 70 44 0 143472 1207500 172601 6028 908750 5448
 1298.969915 4351 600 600 600 600 70 46 0 70 52 0 70 42 0 70 44 0 143472 1207500 172601 6028 908750 5448
 1299.169915 4352 600 600 600 600 70 46 0 70 52 0 70 42 0 70 44 0 143472 1207500 172601 6028 908750 5448
 1299.369915 4353 600 600 600 600 70 46 0 70 52 0 70 42 0 70 44 0 144509 1207500 173808 6028 908750 5448
 1299.569903 4354 600 600 600 600 70 46 0 70 52 0 70 42 0 70 44 0 144509 1207500 173808 6028 908750 5448
 1299.769916 4355 600 600 600 600 70 46 0 70 52 0 70 42 0 70 44 0 143472 1207500 172601 6028 908750 5448
 1299.969915 4356 600 600 600 600 69 46 0 69 52 0 69 42 0 69 44 0 143228 1207500 172601 6028 908750 5448
 1300.169927 4357 600 600 600 600 69 46 0 69 52 0 69 42 0 69 44 0 142984 1207500 171394 6028 908750 5448
 1300.369915 4358 600 600 600 600 69 46 0 69 52 0 69 42 0 69 44 0 142740 1207500 171394 5754 908750 4540
 1300.569920 4359 600 600 600 600 69 46 0 69 52 0 69 42 0 69 44 0 142740 1207500 171394 5754 908750 4540
 1300.769915 4360 600 600 600 600 69 46 0 69 52 0 69 42 0 69 44 0 142984 1207500 171394 5754 908750 4540
 1300.969910 4361 600 600 600 600 69 46 0 69 52 0 69 42 0 69 44 0 143472 1207500 172601 6028 908750 5448
 1301.169926 4362 600 600 600 600 69 46 0 69 52 0 69 42 0 69 44 0 143716 1207500 172601 6028 908750 5448
 1301.369917 4363 600 600 600 600 69 46 0 69 52 0 69 42 0 69 44 0 143716 1207500 172601 6028 908750 5448
 1301.569918 4364 600 600 600 600 69 46 0 69 52 0 69 42 0 69 44 0 144265 1207500 173808 6028 908750 5448
 1301.769915 4365 600 600 600 600 69 46 0 69 52 0 69 42 0 69 44 0 143472 1207500 172601 5754 908750 4540
 1301.969915 4366 600 600 600 600 69 46 0 69 52 0 69 42 0 69 44 0 143472 1207500 172601 6028 908750 5448
 1302.169926 4367 600 600 600 600 69 46 0 69 52 0 69 42 0 69 44 0 143472 1207500 172601 6028 908750 5448
 1302.369915 4368 600 600 600 600 69 46 0 69 52 0 69 42 0 69 44 0 142740 1207500 171394 6028 908750 5448
 1302.569916 4369 600 600 600 600 69 46 0 69 52 0 69 42 0 69 44 0 143228 1207500 172601 6028 908750 5448
 1302.769915 4370 600 600 600 600 69 46 0 69 52 0 69 42 0 69 44 0 143472 1207500 172601 5754 908750 4540
 1302.969915 4371 600 600 600 600 69 46 0 69 52 0 69 42 0 69 44 0 143472 1207500 172601 5754 908750 4540
 1303.169926 4372 600 600 600 600 69 46 0 69 52 0 69 42 0 69 44 0 143716 1207500 172601 5754 908750 4540
 1303.369916 4373 600 600 600 600 69 46 0 69 52 0 69 42 0 69 44 0 143472 1207500 172601 5754 908750 4540
 1303.569918 4374 600 600 600 600 70 46 0 70 52 0 70 42 0 70 44 0 143228 1207500 172601 6028 908750 5448
 1303.769915 4375 600 600 600 600 70 46 0 70 52 0 70 42 0 70 44 0 143228 1207500 172601 6028 908750 5448
 1303.969915 4376 600 600 600 600 70 46 0 70 52 0 70 42 0 70 44 0 143228 1207500 172601 5754 908750 4540
 1304.169926 4377 600 600 600 600 70 46 0 70 52 0 70 42 0 70 44 0 142984 1207500 171394 6028 908750 5448
 1304.369910 4378 600 600 600 600 70 46 0 70 52 0 70 42 0 70 44 0 148474 1208750 178784 6028 908750 5448
 1304.569923 4379 600 600 600 600 70 46 0 70 52 0 70 42 0 70 44 0 148474 1208750 178784 6028 908750 5448
 1304.769916 4380 600 600 600 600 70 46 0 70 52 0 70 42 0 70 44 0 142984 1207500 171394 6028 908750 5448
 1304.969916 4381 600 600 600 600 69 46 0 69 52 0 69 42 0 69 44 0 143472 1207500 172601 6028 908750 5448
 1305.169926 4382 600 600 600 600 69 46 0 69 52 0 69 42 0 69 44 0 143228 1207500 172601 6028 908750 5448
 1305.369915 4383 600 600 600 600 69 46 0 69 52 0 69 42 0 69 44 0 143228 1207500 172601 6028 908750 5448
 1305.569916 4384 600 600 600 600 69 46 0 69 52 0 69 42 0 69 44 0 142984 1207500 171394 5754 908750 4540
 1305.769916 4385 600 600 600 600 69 46 0 69 52 0 69 42 0 69 44 0 142984 1207500 171394 6028 908750 5448
 1305.969915 4386 600 600 600 600 69 46 0 69 52 0 69 42 0 69 44 0 143472 1207500 172601 6028 908750 5448
 1306.169904 4387 600 600 600 600 69 46 0 69 52 0 69 42 0 69 44 0 143228 1207500 172601 6028 908750 5448
 1306.369915 4388 600 600 600 600 69 46 0 69 52 0 69 42 0 69 44 0 143228 1207500 172601 6028 908750 5448
 1306.569919 4389 600 600 600 600 69 46 0 69 52 0 69 42 0 69 44 0 143228 1207500 172601 5754 908750 4540
 1306.769910 4390 600 600 600 600 69 46 0 69 52 0 69 42 0 69 44 0 144509 1207500 173808 6028 908750 5448
 1306.969915 4391 600 600 600 600 69 46 0 69 52 0 69 42 0 69 44 0 144509 1207500 173808 6028 908750 5448
 1307.169926 4392 600 600 600 600 69 46 0 69 52 0 69 42 0 69 44 0 144509 1207500 173808 6028 908750 5448
 1307.369915 4393 600 600 600 600 69 46 0 69 52 0 69 42 0 69 44 0 143228 1207500 172601 6028 908750 5448
 1307.569917 4394 600 600 600 600 69 46 0 69 52 0 69 42 0 69 44 0 143716 1207500 172601 6028 908750 5448
 1307.769915 4395 600 600 600 600 69 46 0 69 52 0 69 42 0 69 44 0 143228 1207500 172601 6028 908750 5448
 1307.969915 4396 600 600 600 600 69 46 0 69 52 0 69 42 0 69 44 0 143228 1207500 172601 6028 908750 5448
 1308.169925 4397 600 600 600 600 69 46 0 69 52 0 69 42 0 69 44 0 142740 1207500 171394 6028 908750 5448
 1308.369941 4398 600 600 600 600 69 46 0 69 52 0 69 42 0 69 44 0 142984 1207500 171394 5754 908750 4540
 1308.569920 4399 600 600 600 600 69 46 0 69 52 0 69 42 0 69 44 0 143472 1207500 172601 5754 908750 4540
 1308.769916 4400 600 600 600 600 69 46 0 69 52 0 69 42 0 69 44 0 143472 1207500 172601 5754 908750 4540
 1308.969915 4401 600 600 600 600 69 46 0 69 52 0 69 42 0 69 44 0 28243 1208750 33824 6028 908750 5448
 1309.169911 4402 600 600 600 600 69 46 0 69 52 0 69 42 0 69 44 0 22021 1208750 26576 6028 908750 5448
 1309.369915 4403 600 600 600 600 69 46 0 69 52 0 69 42 0 69 44 0 22021 1208750 26576 6028 908750 5448
