 1075.529911 3234 1500 1500 1500 1500 73 46 0 73 52 0 73 42 0 73 44 0 5978 950000 4750 81104 1132500 91692
 1075.729911 3235 1500 1500 1500 1500 73 46 0 73 52 0 73 42 0 73 44 0 5978 950000 4750 84940 1132500 95088
 1075.930026 3236 1500 1500 1500 1500 73 46 0 73 52 0 73 42 0 73 44 0 5978 950000 4750 82200 1132500 92824
 1076.129909 3237 1500 1500 1500 1500 74 46 0 74 52 0 74 42 0 74 44 0 5978 950000 4750 75624 1132500 84900
 1076.329845 3238 1500 1500 1500 1500 74 46 0 74 52 0 74 42 0 74 44 0 5734 950000 4750 295372 1133750 334235
 1076.529911 3239 1500 1500 1500 1500 74 46 0 74 52 0 74 42 0 74 44 0 5734 950000 4750 295372 1133750 334235
 1076.730001 3240 1500 1500 1500 1500 74 46 0 74 52 0 74 42 0 74 44 0 5978 950000 4750 75624 1132500 84900
 1076.930024 3241 1500 1500 1500 1500 74 46 0 74 52 0 74 42 0 74 44 0 5978 950000 4750 75350 1132500 84900
 1077.129931 3242 1500 1500 1500 1500 74 46 0 74 52 0 74 42 0 74 44 0 5734 950000 4750 735416 1136250 834960
 1077.335061 3243 1500 1500 1500 1500 74 46 0 74 52 0 74 42 0 74 44 0 5734 950000 4750 735416 1136250 834960
 1077.534935 3244 1500 1500 1500 1500 74 46 0 74 52 0 74 42 0 74 44 0 5978 950000 4750 1176282 1138750 1338288
 1077.734934 3245 1500 1500 1500 1500 74 46 0 74 52 0 74 42 0 74 44 0 5978 950000 4750 1063668 1137500 1208631
 1077.934964 3246 1500 1500 1500 1500 74 46 0 74 52 0 74 42 0 74 44 0 6222 950000 5700 980920 1137500 1114260
 1078.135054 3247 1400 1400 1400 1400 76 46 0 76 52 0 76 42 0 76 44 0 6222 950000 5700 980920 1137500 1114260
 1078.335039 3248 1400 1400 1400 1400 76 46 0 76 52 0 76 42 0 76 44 0 5978 950000 4750 1146142 1138750 1304148
 1078.534915 3249 1400 1400 1400 1400 76 46 0 76 52 0 76 42 0 76 44 0 5978 950000 4750 638694 1117500 712646
 1078.734912 3250 1400 1400 1400 1400 76 46 0 76 52 0 76 42 0 76 44 0 5978 950000 4750 227968 1096250 248792
 1078.934963 3251 1400 1400 1400 1400 74 46 0 78 52 0 73 42 0 73 44 0 5978 950000 4750 227968 1096250 248792
 1079.134952 3252 1400 1400 1400 1400 73 46 0 73 52 0 73 42 0 73 44 0 5978 950000 4750 112066 1095000 122640
 1079.334965 3253 1400 1400 1400 1400 73 46 0 73 52 0 73 42 0 73 44 0 5978 950000 4750 73432 1095000 79935
 1079.534942 3254 1400 1400 1400 1400 73 46 0 73 52 0 73 42 0 73 44 0 5978 950000 4750 557316 1097500 611029
 1079.740017 3255 1400 1400 1400 1400 73 46 0 73 52 0 73 42 0 73 44 0 5978 950000 4750 557316 1097500 611029
 1079.939903 3256 1400 1400 1400 1400 75 46 0 75 52 0 75 42 0 75 44 0 5978 950000 4750 1071888 1100000 1178100
 1080.139939 3257 1400 1400 1400 1400 75 46 0 75 52 0 75 42 0 75 44 0 5978 950000 4750 1002840 1100000 1102200
 1080.339927 3258 1400 1400 1400 1400 75 46 0 75 52 0 75 42 0 75 44 0 5978 950000 4750 882006 1098750 968436
 1080.539925 3259 1400 1400 1400 1400 75 46 0 75 52 0 75 42 0 75 44 0 5978 950000 4750 882006 1098750 968436
 1080.739923 3260 1400 1400 1400 1400 75 46 0 75 52 0 75 42 0 75 44 0 5978 950000 4750 973522 1098750 1068354
 1080.939925 3261 1400 1400 1400 1400 75 46 0 75 52 0 75 42 0 75 44 0 5978 950000 4750 960370 1098750 1054080
 1081.139934 3262 1400 1400 1400 1400 75 46 0 75 52 0 75 42 0 75 44 0 5978 950000 4750 960918 1098750 1054080
 1081.339906 3263 1400 1400 1400 1400 75 46 0 75 52 0 75 42 0 75 44 0 5978 950000 4750 960918 1098750 1054080
 1081.539924 3264 1400 1400 1400 1400 75 46 0 75 52 0 75 42 0 75 44 0 5978 950000 4750 961192 1098750 1055178
 1081.739923 3265 1400 1400 1400 1400 75 46 0 75 52 0 75 42 0 75 44 0 5978 950000 4750 958452 1098750 1051884
 1081.939919 3266 1400 1400 1400 1400 75 46 0 75 52 0 75 42 0 75 44 0 5978 950000 4750 958726 1098750 1051884
 1082.139933 3267 1400 1400 1400 1400 75 46 0 75 52 0 75 42 0 75 44 0 5734 950000 4750 959548 1098750 1052982
 1082.339923 3268 1400 1400 1400 1400 75 46 0 75 52 0 75 42 0 75 44 0 5734 950000 4750 959548 1098750 1052982
 1082.539923 3269 1400 1400 1400 1400 75 46 0 75 52 0 75 42 0 75 44 0 5978 950000 4750 960644 1098750 1054080
 1082.739923 3270 1400 1400 1400 1400 75 46 0 75 52 0 75 42 0 75 44 0 5978 950000 4750 962014 1098750 1056276
 1082.939923 3271 1400 1400 1400 1400 75 46 0 75 52 0 75 42 0 75 44 0 5978 950000 4750 961466 1098750 1055178
 1083.139934 3272 1400 1400 1400 1400 75 46 0 75 52 0 75 42 0 75 44 0 5978 950000 4750 961466 1098750 1055178
 1083.339923 3273 1400 1400 1400 1400 75 46 0 75 52 0 75 42 0 75 44 0 6222 950000 5700 963932 1098750 1057374
 1083.539924 3274 1400 1400 1400 1400 75 46 0 75 52 0 75 42 0 75 44 0 5978 950000 4750 962562 1098750 1056276
 1083.739923 3275 1400 1400 1400 1400 75 46 0 75 52 0 75 42 0 75 44 0 5978 950000 4750 962288 1098750 1056276
 1083.939925 3276 1400 1400 1400 1400 75 46 0 75 52 0 75 42 0 75 44 0 5978 950000 4750 962288 1098750 1056276
 1084.139935 3277 1400 1400 1400 1400 75 46 0 75 52 0 75 42 0 75 44 0 6222 950000 5700 962562 1098750 1056276
 1084.339919 3278 1400 1400 1400 1400 75 46 0 75 52 0 75 42 0 75 44 0 5978 950000 4750 962562 1098750 1056276
 1084.539922 3279 1400 1400 1400 1400 75 46 0 75 52 0 75 42 0 75 44 0 5978 950000 4750 965028 1098750 1059570
 1084.739924 3280 1400 1400 1400 1400 75 46 0 75 52 0 75 42 0 75 44 0 5978 950000 4750 965028 1098750 1059570
 1084.939924 3281 1400 1400 1400 1400 75 46 0 75 52 0 75 42 0 75 44 0 5978 950000 4750 964480 1098750 1058472
 1085.139932 3282 1400 1400 1400 1400 75 46 0 75 52 0 75 42 0 75 44 0 5978 950000 4750 965576 1098750 1059570
 1085.339924 3283 1400 1400 1400 1400 75 46 0 75 52 0 75 42 0 75 44 0 5978 950000 4750 970782 1098750 1065060
 1085.539923 3284 1400 1400 1400 1400 75 46 0 75 52 0 75 42 0 75 44 0 5978 950000 4750 970782 1098750 1065060
 1085.739923 3285 1400 1400 1400 1400 75 46 0 75 52 0 75 42 0 75 44 0 5978 950000 4750 962836 1100000 1058200
 1085.939923 3286 1400 1400 1400 1400 75 46 0 75 52 0 75 42 0 75 44 0 5978 950000 4750 962562 1098750 1056276
 1086.139933 3287 1400 1400 1400 1400 75 46 0 75 52 0 75 42 0 75 44 0 5978 950000 4750 963110 1098750 1057374
 1086.339923 3288 1400 1400 1400 1400 75 46 0 75 52 0 75 42 0 75 44 0 5978 950000 4750 963110 1098750 1057374
 1086.539924 3289 1400 1400 1400 1400 75 46 0 75 52 0 75 42 0 75 44 0 6222 950000 5700 962836 1098750 1056276
 1086.739919 3290 1400 1400 1400 1400 75 46 0 75 52 0 75 42 0 75 44 0 5978 950000 4750 961740 1098750 1055178
 1086.939924 3291 1400 1400 1400 1400 75 46 0 75 52 0 75 42 0 75 44 0 5978 950000 4750 963110 1098750 1057374
 1087.139931 3292 1400 1400 1400 1400 75 46 0 75 52 0 75 42 0 75 44 0 5978 950000 4750 963110 1098750 1057374
 1087.339922 3293 1400 1400 1400 1400 75 46 0 75 52 0 75 42 0 75 44 0 6222 950000 5700 962562 1100000 1058200
 1087.539923 3294 1400 1400 1400 1400 75 46 0 75 52 0 75 42 0 75 44 0 5978 950000 4750 961740 1100000 1057100
 1087.739923 3295 1400 1400 1400 1400 75 46 0 75 52 0 75 42 0 75 44 0 6222 950000 5700 960918 1098750 1054080
 1087.939855 3296 1400 1400 1400 1400 75 46 0 75 52 0 75 42 0 75 44 0 5978 950000 4750 961466 1098750 1055178
 1088.139934 3297 1400 1400 1400 1400 75 46 0 75 52 0 75 42 0 75 44 0 5978 950000 4750 961466 1098750 1055178
 1088.339922 3298 1400 1400 1400 1400 75 46 0 75 52 0 75 42 0 75 44 0 5978 950000 4750 963932 1098750 1057374
 1088.539924 3299 1400 1400 1400 1400 75 46 0 75 52 0 75 42 0 75 44 0 5978 950000 4750 963110 1100000 1059300
 1088.739923 3300 1400 1400 1400 1400 75 46 0 75 52 0 75 42 0 75 44 0 5978 950000 4750 962288 1098750 1056276
 1088.939925 3301 1400 1400 1400 1400 76 46 0 76 52 0 76 42 0 76 44 0 5978 950000 4750 962288 1098750 1056276
 1089.139918 3302 1400 1400 1400 1400 76 46 0 76 52 0 76 42 0 76 44 0 5978 950000 4750 965028 1098750 1059570
 1089.339923 3303 1400 1400 1400 1400 76 46 0 76 52 0 76 42 0 76 44 0 5978 950000 4750 964480 1098750 1058472
 1089.539923 3304 1400 1400 1400 1400 76 46 0 76 52 0 76 42 0 76 44 0 5978 950000 4750 963658 1100000 1059300
 1089.739924 3305 1400 1400 1400 1400 76 46 0 76 52 0 76 42 0 76 44 0 5978 950000 4750 963658 1100000 1059300
 1089.939924 3306 1400 1400 1400 1400 76 46 0 76 52 0 76 42 0 76 44 0 5978 950000 4750 962014 1098750 1056276
 1090.139933 3307 1400 1400 1400 1400 76 46 0 76 52 0 76 42 0 76 44 0 5978 950000 4750 964206 1098750 1058472
 1090.339923 3308 1400 1400 1400 1400 76 46 0 76 52 0 76 42 0 76 44 0 5978 950000 4750 964480 1098750 1058472
 1090.539924 3309 1400 1400 1400 1400 76 46 0 76 52 0 76 42 0 76 44 0 5978 950000 4750 964480 1098750 1058472
 1090.739923 3310 1400 1400 1400 1400 76 46 0 76 52 0 76 42 0 76 44 0 5978 950000 4750 964480 1098750 1058472
 1090.939923 3311 1400 1400 1400 1400 76 46 0 76 52 0 76 42 0 76 44 0 5978 950000 4750 964754 1098750 1058472
 1091.139933 3312 1400 1400 1400 1400 76 46 0 76 52 0 76 42 0 76 44 0 5978 950000 4750 963932 1098750 1057374
 1091.339924 3313 1400 1400 1400 1400 76 46 0 76 52 0 76 42 0 76 44 0 5978 950000 4750 963932 1098750 1057374
 1091.539920 3314 1400 1400 1400 1400 76 46 0 76 52 0 76 42 0 76 44 0 5978 950000 4750 965302 1098750 1059570
 1091.739922 3315 1400 1400 1400 1400 76 46 0 76 52 0 76 42 0 76 44 0 5978 950000 4750 963384 1098750 1057374
 1091.939923 3316 1400 1400 1400 1400 76 46 0 76 52 0 76 42 0 76 44 0 5978 950000 4750 964754 1100000 1060400
 1092.139935 3317 1400 1400 1400 1400 76 46 0 76 52 0 76 42 0 76 44 0 5978 950000 4750 964754 1100000 1060400
 1092.339923 3318 1400 1400 1400 1400 76 46 0 76 52 0 76 42 0 76 44 0 5978 950000 4750 966672 1098750 1060668
 1092.539923 3319 1400 1400 1400 1400 76 46 0 76 52 0 76 42 0 76 44 0 6222 950000 5700 964754 1098750 1058472
 1092.739922 3320 1400 1400 1400 1400 76 46 0 76 52 0 76 42 0 76 44 0 5978 950000 4750 964206 1100000 1060400
 1092.939924 3321 1400 1400 1400 1400 76 46 0 76 52 0 76 42 0 76 44 0 5978 950000 4750 964206 1100000 1060400
 1093.139932 3322 1400 1400 1400 1400 76 46 0 76 52 0 76 42 0 76 44 0 5978 950000 4750 962562 1098750 1056276
 1093.339923 3323 1400 1400 1400 1400 76 46 0 76 52 0 76 42 0 76 44 0 5978 950000 4750 962836 1098750 1056276
 1093.539923 3324 1400 1400 1400 1400 76 46 0 76 52 0 76 42 0 76 44 0 6222 950000 5700 964480 1098750 1058472
 1093.739905 3325 1400 1400 1400 1400 76 46 0 76 52 0 76 42 0 76 44 0 6222 950000 5700 964480 1098750 1058472
 1093.939920 3326 1400 1400 1400 1400 76 46 0 76 52 0 76 42 0 76 44 0 5978 950000 4750 963658 1100000 1059300
 1094.139933 3327 1400 1400 1400 1400 76 46 0 76 52 0 76 42 0 76 44 0 6222 950000 5700 965302 1098750 1059570
 1094.339923 3328 1400 1400 1400 1400 76 46 0 76 52 0 76 42 0 76 44 0 6222 950000 5700 965576 1098750 1059570
 1094.539901 3329 1400 1400 1400 1400 76 46 0 76 52 0 76 42 0 76 44 0 5978 950000 4750 966946 1098750 1060668
 1094.739922 3330 1400 1400 1400 1400 76 46 0 76 52 0 76 42 0 76 44 0 5978 950000 4750 966946 1098750 1060668
 1094.939919 3331 1400 1400 1400 1400 76 46 0 76 52 0 76 42 0 76 44 0 6222 950000 5700 963658 1098750 1057374
 1095.139932 3332 1400 1400 1400 1400 76 46 0 76 52 0 76 42 0 76 44 0 6222 950000 5700 966124 1100000 1062600
 1095.339922 3333 1400 1400 1400 1400 76 46 0 76 52 0 76 42 0 76 44 0 5978 950000 4750 963932 1098750 1057374
 1095.539923 3334 1400 1400 1400 1400 76 46 0 76 52 0 76 42 0 76 44 0 5978 950000 4750 963932 1098750 1057374
 1095.739923 3335 1400 1400 1400 1400 76 46 0 76 52 0 76 42 0 76 44 0 6222 950000 5700 963384 1098750 1057374
 1095.939923 3336 1400 1400 1400 1400 76 46 0 76 52 0 76 42 0 76 44 0 5978 950000 4750 966124 1100000 1062600
 1096.139936 3337 1400 1400 1400 1400 76 46 0 76 52 0 76 42 0 76 44 0 6222 950000 5700 964480 1098750 1058472
 1096.339968 3338 1400 1400 1400 1400 76 46 0 76 52 0 76 42 0 76 44 0 6222 950000 5700 964480 1098750 1058472
 1096.539960 3339 1400 1400 1400 1400 76 46 0 76 52 0 76 42 0 76 44 0 6222 950000 5700 964754 1098750 1058472
 1096.739914 3340 1400 1400 1400 1400 76 46 0 76 52 0 76 42 0 76 44 0 6222 950000 5700 81104 1095000 88695
 1096.939914 3341 1400 1400 1400 1400 74 46 0 74 52 0 74 42 0 74 44 0 5978 950000 4750 66856 1095000 72270
 1097.139925 3342 1400 1400 1400 1400 74 46 0 74 52 0 74 42 0 74 44 0 5978 950000 4750 66856 1095000 72270
 1097.339910 3343 1400 1400 1400 1400 74 46 0 74 52 0 74 42 0 74 44 0 6222 950000 5700 68226 1095000 74460
 1097.539914 3344 1400 1400 1400 1400 74 46 0 74 52 0 74 42 0 74 44 0 5978 950000 4750 66582 1095000 72270
 1097.739914 3345 1400 1400 1400 1400 74 46 0 74 52 0 74 42 0 74 44 0 5978 950000 4750 70144 1095000 76650
