  568.129928 698 400 400 400 400 66 46 0 66 52 0 66 42 0 66 44 0 11224 973750 10703 5206 908750 4540
  568.329943 699 400 400 400 400 66 46 0 66 52 0 66 42 0 66 44 0 11224 973750 10703 5206 908750 4540
  568.529937 700 400 400 400 400 66 46 0 66 52 0 66 42 0 66 44 0 28975 973750 27244 4932 908750 3632
  568.729934 701 400 400 400 400 66 46 0 66 52 0 66 42 0 66 44 0 22265 973750 21406 5206 908750 4540
  568.929934 702 400 400 400 400 66 46 0 66 52 0 66 42 0 66 44 0 10980 973750 9730 5206 908750 4540
  569.129954 703 400 400 400 400 66 46 0 66 52 0 66 42 0 66 44 0 10980 973750 9730 5206 908750 4540
  569.329965 704 400 400 400 400 66 46 0 66 52 0 66 42 0 66 44 0 11224 975000 10725 5206 908750 4540
  569.529976 705 400 400 400 400 66 46 0 66 52 0 66 42 0 66 44 0 43249 973750 41839 5206 908750 4540
  569.729968 706 400 400 400 400 66 46 0 66 52 0 66 42 0 66 44 0 79239 972500 76788 5206 908750 4540
  569.929955 707 400 400 400 400 66 46 0 66 52 0 66 42 0 66 44 0 79239 972500 76788 5206 908750 4540
  570.130022 708 400 400 400 400 66 46 0 66 52 0 66 42 0 66 44 0 82228 972500 79704 5206 908750 4540
  570.329989 709 400 400 400 400 66 46 0 66 52 0 66 42 0 66 44 0 82472 972500 79704 5206 908750 4540
  570.529997 710 400 400 400 400 66 46 0 66 52 0 66 42 0 66 44 0 81008 972500 78732 5206 908750 4540
  570.729987 711 400 400 400 400 66 46 0 66 52 0 66 42 0 66 44 0 81008 972500 78732 5206 908750 4540
  570.929945 712 400 400 400 400 66 46 0 66 52 0 66 42 0 66 44 0 80764 972500 77760 5206 908750 4540
  571.129971 713 400 400 400 400 66 46 0 66 52 0 66 42 0 66 44 0 74237 972500 71928 5206 908750 4540
  571.329993 714 400 400 400 400 66 46 0 66 52 0 66 42 0 66 44 0 73261 972500 70956 5206 908750 4540
  571.529962 715 400 400 400 400 66 46 0 66 52 0 66 42 0 66 44 0 83021 972500 80676 5206 908750 4540
  571.729985 716 400 400 400 400 66 46 0 66 52 0 66 42 0 66 44 0 83021 972500 80676 5206 908750 4540
  571.929997 717 400 400 400 400 66 46 0 66 52 0 66 42 0 66 44 0 83265 972500 80676 5206 908750 4540
  572.129966 718 400 400 400 400 66 46 0 66 52 0 66 42 0 66 44 0 81252 972500 78732 5206 908750 4540
  572.329943 719 400 400 400 400 66 46 0 66 52 0 66 42 0 66 44 0 80764 972500 77760 5206 908750 4540
  572.529975 720 1600 1600 1600 1600 67 46 0 67 52 0 67 42 0 67 44 0 80764 972500 77760 5206 908750 4540
  572.729908 721 1600 1600 1600 1600 67 46 0 67 52 0 67 42 0 67 44 0 76738 972500 73872 261670 1035000 270135
  572.929909 722 1600 1600 1600 1600 66 46 0 66 52 0 66 42 0 66 44 0 7503 975000 6825 110422 1157500 127270
  573.129995 723 1600 1600 1600 1600 66 46 0 66 52 0 66 42 0 66 44 0 7503 975000 6825 74802 1157500 85618
  573.329908 724 1600 1600 1600 1600 66 46 0 66 52 0 66 42 0 66 44 0 7503 975000 6825 74802 1157500 85618
  573.529909 725 1600 1600 1600 1600 66 46 0 66 52 0 66 42 0 66 44 0 7747 975000 6825 153440 1158750 177174
  573.729931 726 1600 1600 1600 1600 66 46 0 66 52 0 66 42 0 66 44 0 7503 975000 6825 969960 1162500 1125978
  573.929971 727 1600 1600 1600 1600 69 46 0 69 52 0 69 42 0 69 44 0 7503 973750 6811 1262044 1163750 1467706
  574.130017 728 1600 1600 1600 1600 69 46 0 69 52 0 69 42 0 69 44 0 7503 973750 6811 1262044 1163750 1467706
  574.329911 729 1600 1600 1600 1600 69 46 0 69 52 0 69 42 0 69 44 0 7747 973750 6811 899816 1162500 1044638
  574.529909 730 1600 1600 1600 1600 68 46 0 68 52 0 68 42 0 68 44 0 7747 975000 6825 83844 1157500 96031
  574.729910 731 1600 1600 1600 1600 68 46 0 68 52 0 68 42 0 68 44 0 7747 975000 6825 100832 1157500 115700
  574.929909 732 1600 1600 1600 1600 67 46 0 67 52 0 67 42 0 67 44 0 7747 975000 6825 100832 1157500 115700
  575.129922 733 1600 1600 1600 1600 67 46 0 67 52 0 67 42 0 67 44 0 7503 975000 6825 78090 1157500 90246
  575.329909 734 1600 1600 1600 1600 67 46 0 67 52 0 67 42 0 67 44 0 7503 975000 6825 85488 1157500 98345
  575.529909 735 1600 1600 1600 1600 67 46 0 67 52 0 67 42 0 67 44 0 7503 975000 6825 85488 1157500 98345
  575.729909 736 1600 1600 1600 1600 67 46 0 67 52 0 67 42 0 67 44 0 7503 975000 6825 85488 1157500 98345
  575.929909 737 1600 1600 1600 1600 67 46 0 67 52 0 67 42 0 67 44 0 7503 975000 6825 78638 1157500 90246
  576.129918 738 1600 1600 1600 1600 67 46 0 67 52 0 67 42 0 67 44 0 7747 975000 6825 71788 1157500 82147
  576.329906 739 1600 1600 1600 1600 67 46 0 67 52 0 67 42 0 67 44 0 7747 975000 6825 72610 1157500 83304
  576.529909 740 1600 1600 1600 1600 67 46 0 67 52 0 67 42 0 67 44 0 7747 975000 6825 72610 1157500 83304
  576.729910 741 1600 1600 1600 1600 67 46 0 67 52 0 67 42 0 67 44 0 7503 975000 6825 77268 1157500 89089
  576.929909 742 1600 1600 1600 1600 67 46 0 67 52 0 67 42 0 67 44 0 7503 975000 6825 77542 1157500 89089
