29878.010005 147243 1300 1300 1300 1300 75 46 0 75 52 0 75 42 0 75 44 0 5734 950000 4750 957356 1062500 1016334
29878.209994 147244 1300 1300 1300 1300 76 46 0 76 52 0 76 42 0 76 44 0 5734 950000 4750 957356 1062500 1016334
29878.409922 147245 1300 1300 1300 1300 76 46 0 76 52 0 76 42 0 76 44 0 5978 950000 4750 931874 1061250 987791
29878.609916 147246 1300 1300 1300 1300 76 46 0 76 52 0 76 42 0 76 44 0 5734 950000 4750 850496 1061250 901850
29878.809915 147247 1300 1300 1300 1300 76 46 0 76 52 0 76 42 0 76 44 0 5978 950000 4750 808300 1060000 856480
29879.009991 147248 1300 1300 1300 1300 76 46 0 76 52 0 76 42 0 76 44 0 5978 950000 4750 809944 1061250 858349
29879.209935 147249 1300 1300 1300 1300 76 46 0 76 52 0 76 42 0 76 44 0 5978 950000 4750 809944 1061250 858349
29879.409915 147250 1300 1300 1300 1300 76 46 0 76 52 0 76 42 0 76 44 0 6222 950000 5700 805012 1061250 854105
29879.609911 147251 1300 1300 1300 1300 76 46 0 76 52 0 76 42 0 76 44 0 5978 950000 4750 803916 1061250 851983
29879.809915 147252 1300 1300 1300 1300 76 46 0 76 52 0 76 42 0 76 44 0 5978 950000 4750 803916 1060000 851180
29880.009925 147253 1300 1300 1300 1300 76 46 0 76 52 0 76 42 0 76 44 0 5978 950000 4750 803916 1060000 851180
29880.209915 147254 1300 1300 1300 1300 77 46 0 77 52 0 77 42 0 77 44 0 5978 950000 4750 806382 1061250 855166
29880.409892 147255 1300 1300 1300 1300 77 46 0 77 52 0 77 42 0 77 44 0 5734 950000 4750 806930 1061250 855166
29880.609915 147256 1300 1300 1300 1300 77 46 0 77 52 0 77 42 0 77 44 0 5978 950000 4750 808026 1061250 857288
29880.809914 147257 1300 1300 1300 1300 77 46 0 77 52 0 77 42 0 77 44 0 5978 950000 4750 808026 1061250 857288
29881.009925 147258 1300 1300 1300 1300 77 46 0 77 52 0 77 42 0 77 44 0 5978 950000 4750 805012 1060000 853300
29881.209914 147259 1300 1300 1300 1300 77 46 0 77 52 0 77 42 0 77 44 0 5978 950000 4750 803368 1061250 851983
29881.409914 147260 1300 1300 1300 1300 77 46 0 77 52 0 77 42 0 77 44 0 5978 950000 4750 807752 1061250 856227
29881.609915 147261 1300 1300 1300 1300 77 46 0 77 52 0 77 42 0 77 44 0 5978 950000 4750 807752 1061250 856227
29881.809915 147262 1300 1300 1300 1300 77 46 0 77 52 0 77 42 0 77 44 0 5978 950000 4750 806382 1060000 854360
29882.009922 147263 1300 1300 1300 1300 77 46 0 77 52 0 77 42 0 77 44 0 5978 950000 4750 806656 1060000 854360
29882.209914 147264 1300 1300 1300 1300 77 46 0 77 52 0 77 42 0 77 44 0 6222 950000 5700 806656 1061250 855166
29882.409915 147265 1300 1300 1300 1300 77 46 0 77 52 0 77 42 0 77 44 0 6222 950000 5700 806656 1061250 855166
29882.609915 147266 1300 1300 1300 1300 77 46 0 77 52 0 77 42 0 77 44 0 5978 950000 4750 806656 1061250 855166
29882.809915 147267 1300 1300 1300 1300 77 46 0 77 52 0 77 42 0 77 44 0 5978 950000 4750 806108 1061250 855166
29883.009925 147268 1300 1300 1300 1300 77 46 0 77 52 0 77 42 0 77 44 0 5978 950000 4750 804464 1061250 853044
29883.209914 147269 1300 1300 1300 1300 77 46 0 77 52 0 77 42 0 77 44 0 5978 950000 4750 804464 1061250 853044
29883.409915 147270 1300 1300 1300 1300 77 46 0 77 52 0 77 42 0 77 44 0 5978 950000 4750 809122 1061250 858349
29883.609915 147271 1300 1300 1300 1300 77 46 0 77 52 0 77 42 0 77 44 0 5978 950000 4750 809670 1060000 857540
29883.809914 147272 1300 1300 1300 1300 77 46 0 77 52 0 77 42 0 77 44 0 5978 950000 4750 809396 1060000 857540
29884.009925 147273 1300 1300 1300 1300 77 46 0 77 52 0 77 42 0 77 44 0 5978 950000 4750 809396 1060000 857540
29884.209914 147274 1300 1300 1300 1300 77 46 0 77 52 0 77 42 0 77 44 0 5978 950000 4750 811588 1061250 860471
29884.409911 147275 1300 1300 1300 1300 77 46 0 77 52 0 77 42 0 77 44 0 5978 950000 4750 810218 1061250 859410
29884.609915 147276 1300 1300 1300 1300 77 46 0 77 52 0 77 42 0 77 44 0 5978 950000 4750 811588 1060000 859660
29884.809893 147277 1300 1300 1300 1300 77 46 0 77 52 0 77 42 0 77 44 0 6222 950000 5700 808574 1061250 857288
29885.009925 147278 1300 1300 1300 1300 77 46 0 77 52 0 77 42 0 77 44 0 6222 950000 5700 808574 1061250 857288
29885.209915 147279 1300 1300 1300 1300 77 46 0 77 52 0 77 42 0 77 44 0 5978 950000 4750 806382 1061250 855166
29885.409893 147280 1300 1300 1300 1300 77 46 0 77 52 0 77 42 0 77 44 0 5978 950000 4750 806108 1060000 854360
29885.609915 147281 1300 1300 1300 1300 77 46 0 77 52 0 77 42 0 77 44 0 5978 950000 4750 808848 1061250 857288
29885.809914 147282 1300 1300 1300 1300 77 46 0 77 52 0 77 42 0 77 44 0 5978 950000 4750 808848 1061250 857288
29886.009927 147283 1300 1300 1300 1300 77 46 0 77 52 0 77 42 0 77 44 0 5978 950000 4750 806108 1061250 855166
29886.209915 147284 1300 1300 1300 1300 77 46 0 77 52 0 77 42 0 77 44 0 5978 950000 4750 810492 1061250 859410
29886.409915 147285 1300 1300 1300 1300 77 46 0 77 52 0 77 42 0 77 44 0 5978 950000 4750 808574 1060000 856480
29886.609914 147286 1300 1300 1300 1300 77 46 0 77 52 0 77 42 0 77 44 0 5978 950000 4750 808574 1060000 856480
29886.809910 147287 1300 1300 1300 1300 77 46 0 77 52 0 77 42 0 77 44 0 5978 950000 4750 811862 1061250 860471
29887.009925 147288 1300 1300 1300 1300 77 46 0 77 52 0 77 42 0 77 44 0 5978 950000 4750 808848 1061250 857288
29887.209914 147289 1300 1300 1300 1300 77 46 0 77 52 0 77 42 0 77 44 0 6222 950000 5700 803368 1061250 851983
29887.409914 147290 1300 1300 1300 1300 77 46 0 77 52 0 77 42 0 77 44 0 6222 950000 5700 803368 1061250 851983
29887.609915 147291 1300 1300 1300 1300 77 46 0 77 52 0 77 42 0 77 44 0 5978 950000 4750 809670 1061250 858349
29887.809914 147292 1300 1300 1300 1300 77 46 0 77 52 0 77 42 0 77 44 0 5978 950000 4750 812410 1061250 861532
29888.009925 147293 1300 1300 1300 1300 77 46 0 77 52 0 77 42 0 77 44 0 5978 950000 4750 805012 1061250 854105
29888.209915 147294 1300 1300 1300 1300 77 46 0 77 52 0 77 42 0 77 44 0 5978 950000 4750 805012 1061250 854105
29888.409914 147295 1300 1300 1300 1300 77 46 0 77 52 0 77 42 0 77 44 0 5978 950000 4750 810766 1060000 858600
29888.609916 147296 1300 1300 1300 1300 77 46 0 77 52 0 77 42 0 77 44 0 5978 950000 4750 806656 1061250 855166
29888.809914 147297 1300 1300 1300 1300 77 46 0 77 52 0 77 42 0 77 44 0 5978 950000 4750 805560 1060000 853300
29889.009925 147298 1300 1300 1300 1300 77 46 0 77 52 0 77 42 0 77 44 0 5978 950000 4750 805560 1060000 853300
29889.209911 147299 1300 1300 1300 1300 77 46 0 77 52 0 77 42 0 77 44 0 5978 950000 4750 808026 1060000 856480
29889.409914 147300 1300 1300 1300 1300 77 46 0 77 52 0 77 42 0 77 44 0 5978 950000 4750 817616 1061250 866837
29889.609915 147301 1300 1300 1300 1300 77 46 0 77 52 0 77 42 0 77 44 0 5978 950000 4750 810218 1060000 858600
29889.809914 147302 1300 1300 1300 1300 77 46 0 77 52 0 77 42 0 77 44 0 5978 950000 4750 810218 1060000 858600
29890.009926 147303 1300 1300 1300 1300 77 46 0 77 52 0 77 42 0 77 44 0 5978 950000 4750 807752 1060000 855420
29890.209910 147304 1300 1300 1300 1300 77 46 0 77 52 0 77 42 0 77 44 0 5734 950000 4750 807204 1061250 856227
29890.409893 147305 1300 1300 1300 1300 77 46 0 77 52 0 77 42 0 77 44 0 5978 950000 4750 802546 1061250 850922
29890.609897 147306 1300 1300 1300 1300 77 46 0 77 52 0 77 42 0 77 44 0 5978 950000 4750 802546 1061250 850922
29890.809916 147307 1300 1300 1300 1300 77 46 0 77 52 0 77 42 0 77 44 0 5978 950000 4750 807752 1060000 855420
29891.009926 147308 1300 1300 1300 1300 77 46 0 77 52 0 77 42 0 77 44 0 5978 950000 4750 805012 1060000 853300
29891.209915 147309 1300 1300 1300 1300 77 46 0 77 52 0 77 42 0 77 44 0 5978 950000 4750 805834 1060000 853300
29891.409916 147310 1300 1300 1300 1300 77 46 0 77 52 0 77 42 0 77 44 0 5978 950000 4750 806382 1060000 854360
29891.609914 147311 1300 1300 1300 1300 77 46 0 77 52 0 77 42 0 77 44 0 5978 950000 4750 806382 1060000 854360
29891.809914 147312 1300 1300 1300 1300 77 46 0 77 52 0 77 42 0 77 44 0 5978 950000 4750 805012 1061250 854105
29892.009925 147313 1300 1300 1300 1300 77 46 0 77 52 0 77 42 0 77 44 0 5978 950000 4750 808026 1061250 857288
29892.209915 147314 1300 1300 1300 1300 77 46 0 77 52 0 77 42 0 77 44 0 5978 950000 4750 806656 1061250 855166
29892.409914 147315 1300 1300 1300 1300 77 46 0 77 52 0 77 42 0 77 44 0 5978 950000 4750 806656 1061250 855166
29892.609911 147316 1300 1300 1300 1300 77 46 0 77 52 0 77 42 0 77 44 0 5978 950000 4750 805012 1060000 853300
29892.809916 147317 1300 1300 1300 1300 77 46 0 77 52 0 77 42 0 77 44 0 5978 950000 4750 802546 1060000 850120
29893.009925 147318 1300 1300 1300 1300 77 46 0 77 52 0 77 42 0 77 44 0 5978 950000 4750 810218 1060000 858600
29893.209914 147319 1300 1300 1300 1300 77 46 0 77 52 0 77 42 0 77 44 0 5978 950000 4750 810218 1060000 858600
29893.409914 147320 1300 1300 1300 1300 77 46 0 77 52 0 77 42 0 77 44 0 5978 950000 4750 806108 1061250 855166
29893.609916 147321 1300 1300 1300 1300 77 46 0 77 52 0 77 42 0 77 44 0 5978 950000 4750 806656 1060000 854360
29893.809915 147322 1300 1300 1300 1300 77 46 0 77 52 0 77 42 0 77 44 0 5978 950000 4750 807752 1061250 856227
29894.009926 147323 1300 1300 1300 1300 77 46 0 77 52 0 77 42 0 77 44 0 5978 950000 4750 807752 1061250 856227
29894.209914 147324 1300 1300 1300 1300 77 46 0 77 52 0 77 42 0 77 44 0 5978 950000 4750 804464 1060000 852240
29894.409914 147325 1300 1300 1300 1300 77 46 0 77 52 0 77 42 0 77 44 0 5978 950000 4750 806656 1061250 855166
29894.609917 147326 1300 1300 1300 1300 77 46 0 77 52 0 77 42 0 77 44 0 5978 950000 4750 806382 1060000 854360
29894.809915 147327 1300 1300 1300 1300 77 46 0 77 52 0 77 42 0 77 44 0 5978 950000 4750 806382 1060000 854360
29895.009922 147328 1300 1300 1300 1300 77 46 0 77 52 0 77 42 0 77 44 0 5978 950000 4750 807752 1061250 856227
29895.209914 147329 1300 1300 1300 1300 77 46 0 77 52 0 77 42 0 77 44 0 5978 950000 4750 807478 1061250 856227
29895.409893 147330 1300 1300 1300 1300 77 46 0 77 52 0 77 42 0 77 44 0 6222 950000 5700 807752 1061250 856227
29895.609915 147331 1300 1300 1300 1300 77 46 0 77 52 0 77 42 0 77 44 0 6222 950000 5700 807752 1061250 856227
29895.809914 147332 1300 1300 1300 1300 77 46 0 77 52 0 77 42 0 77 44 0 5978 950000 4750 808848 1061250 857288
29896.009926 147333 1300 1300 1300 1300 77 46 0 77 52 0 77 42 0 77 44 0 5978 950000 4750 807752 1060000 855420
29896.209914 147334 1300 1300 1300 1300 77 46 0 77 52 0 77 42 0 77 44 0 5978 950000 4750 800080 1061250 848800
29896.409913 147335 1300 1300 1300 1300 77 46 0 77 52 0 77 42 0 77 44 0 5978 950000 4750 800080 1061250 848800
29896.609915 147336 1300 1300 1300 1300 77 46 0 77 52 0 77 42 0 77 44 0 5978 950000 4750 806108 1061250 855166
29896.809914 147337 1300 1300 1300 1300 77 46 0 77 52 0 77 42 0 77 44 0 5978 950000 4750 807752 1060000 855420
29897.009925 147338 1300 1300 1300 1300 77 46 0 77 52 0 77 42 0 77 44 0 5978 950000 4750 808574 1060000 856480
29897.210124 147339 1300 1300 1300 1300 77 46 0 77 52 0 77 42 0 77 44 0 5978 950000 4750 812410 1061250 861532
29897.409916 147340 1300 1300 1300 1300 77 46 0 77 52 0 77 42 0 77 44 0 5978 950000 4750 812410 1061250 861532
29897.609916 147341 1300 1300 1300 1300 77 46 0 77 52 0 77 42 0 77 44 0 6222 950000 5700 804190 1060000 852240
29897.809914 147342 1300 1300 1300 1300 77 46 0 77 52 0 77 42 0 77 44 0 5978 950000 4750 808026 1061250 857288
29898.009925 147343 1300 1300 1300 1300 77 46 0 77 52 0 77 42 0 77 44 0 5978 950000 4750 800628 1061250 848800
29898.209915 147344 1300 1300 1300 1300 77 46 0 77 52 0 77 42 0 77 44 0 5978 950000 4750 800628 1061250 848800
29898.409915 147345 1300 1300 1300 1300 77 46 0 77 52 0 77 42 0 77 44 0 6222 950000 5700 807204 1061250 856227
29898.609915 147346 1300 1300 1300 1300 77 46 0 77 52 0 77 42 0 77 44 0 5978 950000 4750 806108 1061250 855166
29898.809915 147347 1300 1300 1300 1300 77 46 0 77 52 0 77 42 0 77 44 0 5978 950000 4750 802820 1061250 850922
29899.009925 147348 1300 1300 1300 1300 77 46 0 77 52 0 77 42 0 77 44 0 5978 950000 4750 802820 1061250 850922
29899.209915 147349 1300 1300 1300 1300 77 46 0 77 52 0 77 42 0 77 44 0 6222 950000 5700 805560 1060000 853300
29899.409913 147350 1300 1300 1300 1300 77 46 0 77 52 0 77 42 0 77 44 0 5978 950000 4750 805560 1061250 854105
29899.609910 147351 1300 1300 1300 1300 77 46 0 77 52 0 77 42 0 77 44 0 5978 950000 4750 811040 1061250 860471
29899.809914 147352 1300 1300 1300 1300 77 46 0 77 52 0 77 42 0 77 44 0 5978 950000 4750 811040 1061250 860471
29900.009926 147353 1300 1300 1300 1300 77 46 0 77 52 0 77 42 0 77 44 0 5978 950000 4750 809944 1061250 858349
29900.209915 147354 1300 1300 1300 1300 77 46 0 77 52 0 77 42 0 77 44 0 5978 950000 4750 813506 1061250 862593
29900.409892 147355 1300 1300 1300 1300 77 46 0 77 52 0 77 42 0 77 44 0 5978 950000 4750 806930 1060000 854360
29900.609915 147356 1300 1300 1300 1300 77 46 0 77 52 0 77 42 0 77 44 0 5978 950000 4750 806930 1060000 854360
29900.809914 147357 1300 1300 1300 1300 77 46 0 77 52 0 77 42 0 77 44 0 5978 950000 4750 811862 1060000 859660
29901.009925 147358 1300 1300 1300 1300 77 46 0 77 52 0 77 42 0 77 44 0 5978 950000 4750 809944 1061250 858349
29901.209915 147359 1300 1300 1300 1300 77 46 0 77 52 0 77 42 0 77 44 0 5978 950000 4750 808300 1061250 857288
29901.409915 147360 1300 1300 1300 1300 77 46 0 77 52 0 77 42 0 77 44 0 5978 950000 4750 808300 1061250 857288
29901.609915 147361 1300 1300 1300 1300 77 46 0 77 52 0 77 42 0 77 44 0 5978 950000 4750 803368 1060000 851180
29901.809914 147362 1300 1300 1300 1300 77 46 0 77 52 0 77 42 0 77 44 0 5978 950000 4750 806656 1060000 854360
29902.009920 147363 1300 1300 1300 1300 77 46 0 77 52 0 77 42 0 77 44 0 5978 950000 4750 804738 1060000 852240
29902.209916 147364 1300 1300 1300 1300 77 46 0 77 52 0 77 42 0 77 44 0 5978 950000 4750 804738 1060000 852240
29902.409914 147365 1300 1300 1300 1300 77 46 0 77 52 0 77 42 0 77 44 0 5978 950000 4750 806656 1060000 854360
29902.609915 147366 1300 1300 1300 1300 77 46 0 77 52 0 77 42 0 77 44 0 5978 950000 4750 806108 1060000 854360
29902.809914 147367 1300 1300 1300 1300 77 46 0 77 52 0 77 42 0 77 44 0 5978 950000 4750 805012 1060000 853300
29903.009928 147368 1300 1300 1300 1300 77 46 0 77 52 0 77 42 0 77 44 0 5978 950000 4750 805012 1060000 853300
29903.209914 147369 1300 1300 1300 1300 77 46 0 77 52 0 77 42 0 77 44 0 5978 950000 4750 804464 1060000 852240
29903.409914 147370 1300 1300 1300 1300 77 46 0 77 52 0 77 42 0 77 44 0 5978 950000 4750 806656 1060000 854360
29903.609916 147371 1300 1300 1300 1300 77 46 0 77 52 0 77 42 0 77 44 0 5978 950000 4750 805012 1061250 854105
29903.809893 147372 1300 1300 1300 1300 77 46 0 77 52 0 77 42 0 77 44 0 5978 950000 4750 804738 1061250 853044
29904.009925 147373 1300 1300 1300 1300 77 46 0 77 52 0 77 42 0 77 44 0 5978 950000 4750 804738 1061250 853044
29904.209915 147374 1300 1300 1300 1300 77 46 0 77 52 0 77 42 0 77 44 0 5978 950000 4750 806108 1061250 855166
29904.409910 147375 1300 1300 1300 1300 77 46 0 77 52 0 77 42 0 77 44 0 6222 950000 5700 805834 1061250 854105
29904.609915 147376 1300 1300 1300 1300 77 46 0 77 52 0 77 42 0 77 44 0 5978 950000 4750 808300 1061250 857288
29904.809915 147377 1300 1300 1300 1300 77 46 0 77 52 0 77 42 0 77 44 0 5978 950000 4750 808300 1061250 857288
29905.009925 147378 1300 1300 1300 1300 77 46 0 77 52 0 77 42 0 77 44 0 5978 950000 4750 807204 1060000 855420
29905.209916 147379 1300 1300 1300 1300 77 46 0 77 52 0 77 42 0 77 44 0 5978 950000 4750 804464 1061250 853044
29905.409892 147380 1300 1300 1300 1300 77 46 0 77 52 0 77 42 0 77 44 0 5978 950000 4750 805560 1060000 853300
29905.609915 147381 1300 1300 1300 1300 77 46 0 77 52 0 77 42 0 77 44 0 5978 950000 4750 805560 1060000 853300
29905.809915 147382 1300 1300 1300 1300 77 46 0 77 52 0 77 42 0 77 44 0 6222 950000 5700 806108 1060000 854360
29906.009927 147383 1300 1300 1300 1300 77 46 0 77 52 0 77 42 0 77 44 0 5978 950000 4750 806108 1061250 855166
29906.209915 147384 1300 1300 1300 1300 77 46 0 77 52 0 77 42 0 77 44 0 5978 950000 4750 811040 1060000 859660
29906.409915 147385 1300 1300 1300 1300 77 46 0 77 52 0 77 42 0 77 44 0 5978 950000 4750 811040 1060000 859660
29906.609915 147386 1300 1300 1300 1300 77 46 0 77 52 0 77 42 0 77 44 0 6222 950000 5700 808300 1060000 856480
29906.809910 147387 1300 1300 1300 1300 77 46 0 77 52 0 77 42 0 77 44 0 5978 950000 4750 806108 1060000 854360
29907.009925 147388 1300 1300 1300 1300 77 46 0 77 52 0 77 42 0 77 44 0 5978 950000 4750 806108 1061250 855166
29907.209915 147389 1300 1300 1300 1300 77 46 0 77 52 0 77 42 0 77 44 0 5978 950000 4750 806108 1061250 855166
29907.409914 147390 1300 1300 1300 1300 77 46 0 77 52 0 77 42 0 77 44 0 5978 950000 4750 809396 1061250 858349
29907.609916 147391 1300 1300 1300 1300 77 46 0 77 52 0 77 42 0 77 44 0 5978 950000 4750 810766 1061250 859410
29907.809910 147392 1300 1300 1300 1300 77 46 0 77 52 0 77 42 0 77 44 0 6222 950000 5700 817616 1060000 866020
29908.009925 147393 1300 1300 1300 1300 77 46 0 77 52 0 77 42 0 77 44 0 6222 950000 5700 817616 1060000 866020
29908.209917 147394 1300 1300 1300 1300 77 46 0 77 52 0 77 42 0 77 44 0 5978 950000 4750 811862 1061250 860471
29908.409914 147395 1300 1300 1300 1300 77 46 0 77 52 0 77 42 0 77 44 0 5978 950000 4750 809396 1060000 857540
29908.609915 147396 1300 1300 1300 1300 77 46 0 77 52 0 77 42 0 77 44 0 5978 950000 4750 817616 1061250 866837
29908.809914 147397 1300 1300 1300 1300 77 46 0 77 52 0 77 42 0 77 44 0 5978 950000 4750 817616 1061250 866837
29909.009927 147398 1300 1300 1300 1300 77 46 0 77 52 0 77 42 0 77 44 0 5978 950000 4750 808026 1060000 856480
29909.209915 147399 1300 1300 1300 1300 77 46 0 77 52 0 77 42 0 77 44 0 5978 950000 4750 809944 1060000 857540
29909.409915 147400 1300 1300 1300 1300 77 46 0 77 52 0 77 42 0 77 44 0 5978 950000 4750 806108 1060000 854360
29909.609896 147401 1300 1300 1300 1300 77 46 0 77 52 0 77 42 0 77 44 0 5978 950000 4750 806108 1060000 854360
29909.809915 147402 1300 1300 1300 1300 77 46 0 77 52 0 77 42 0 77 44 0 5978 950000 4750 806656 1061250 855166
29910.009926 147403 1300 1300 1300 1300 77 46 0 77 52 0 77 42 0 77 44 0 5978 950000 4750 812684 1061250 861532
29910.209910 147404 1300 1300 1300 1300 77 46 0 77 52 0 77 42 0 77 44 0 6222 950000 5700 814054 1060000 862840
29910.409906 147405 1300 1300 1300 1300 77 46 0 77 52 0 77 42 0 77 44 0 5978 950000 4750 812958 1060000 860720
29910.609915 147406 1300 1300 1300 1300 77 46 0 77 52 0 77 42 0 77 44 0 5978 950000 4750 812958 1060000 860720
29910.809915 147407 1300 1300 1300 1300 77 46 0 77 52 0 77 42 0 77 44 0 5978 950000 4750 809670 1061250 858349
29911.009927 147408 1300 1300 1300 1300 77 46 0 77 52 0 77 42 0 77 44 0 5978 950000 4750 803094 1060000 851180
29911.209915 147409 1300 1300 1300 1300 77 46 0 77 52 0 77 42 0 77 44 0 5978 950000 4750 806930 1061250 855166
29911.409915 147410 1300 1300 1300 1300 77 46 0 77 52 0 77 42 0 77 44 0 5978 950000 4750 806930 1061250 855166
29911.609916 147411 1300 1300 1300 1300 77 46 0 77 52 0 77 42 0 77 44 0 5978 950000 4750 808848 1061250 857288
29911.809915 147412 1300 1300 1300 1300 77 46 0 77 52 0 77 42 0 77 44 0 5978 950000 4750 808848 1060000 856480
29912.009925 147413 1300 1300 1300 1300 77 46 0 77 52 0 77 42 0 77 44 0 5978 950000 4750 805012 1060000 853300
29912.209915 147414 1300 1300 1300 1300 77 46 0 77 52 0 77 42 0 77 44 0 5978 950000 4750 805012 1060000 853300
29912.409914 147415 1300 1300 1300 1300 77 46 0 77 52 0 77 42 0 77 44 0 5978 950000 4750 806108 1060000 854360
29912.609911 147416 1300 1300 1300 1300 77 46 0 77 52 0 77 42 0 77 44 0 5978 950000 4750 806108 1061250 855166
29912.809915 147417 1300 1300 1300 1300 77 46 0 77 52 0 77 42 0 77 44 0 5978 950000 4750 804464 1060000 852240
29913.009925 147418 1300 1300 1300 1300 77 46 0 77 52 0 77 42 0 77 44 0 5978 950000 4750 804464 1060000 852240
29913.209914 147419 1300 1300 1300 1300 77 46 0 77 52 0 77 42 0 77 44 0 5978 950000 4750 804464 1061250 853044
29913.409914 147420 1300 1300 1300 1300 77 46 0 77 52 0 77 42 0 77 44 0 5978 950000 4750 803094 1060000 851180
29913.609915 147421 1300 1300 1300 1300 77 46 0 77 52 0 77 42 0 77 44 0 5978 950000 4750 804464 1061250 853044
29913.809915 147422 1300 1300 1300 1300 77 46 0 77 52 0 77 42 0 77 44 0 5978 950000 4750 804464 1061250 853044
29914.009926 147423 1300 1300 1300 1300 77 46 0 77 52 0 77 42 0 77 44 0 5978 950000 4750 806930 1060000 854360
29914.209914 147424 1300 1300 1300 1300 77 46 0 77 52 0 77 42 0 77 44 0 5978 950000 4750 806930 1061250 855166
29914.409915 147425 1300 1300 1300 1300 77 46 0 77 52 0 77 42 0 77 44 0 5978 950000 4750 808848 1060000 856480
29914.609915 147426 1300 1300 1300 1300 77 46 0 77 52 0 77 42 0 77 44 0 5978 950000 4750 808848 1060000 856480
29914.809914 147427 1300 1300 1300 1300 77 46 0 77 52 0 77 42 0 77 44 0 5978 950000 4750 809944 1061250 858349
29915.009921 147428 1300 1300 1300 1300 77 46 0 77 52 0 77 42 0 77 44 0 5978 950000 4750 808574 1060000 856480
29915.209915 147429 1300 1300 1300 1300 77 46 0 77 52 0 77 42 0 77 44 0 5978 950000 4750 805834 1061250 854105
29915.409892 147430 1300 1300 1300 1300 77 46 0 77 52 0 77 42 0 77 44 0 5978 950000 4750 805834 1061250 854105
29915.609915 147431 1300 1300 1300 1300 77 46 0 77 52 0 77 42 0 77 44 0 6222 950000 5700 806656 1060000 854360
29915.809915 147432 1300 1300 1300 1300 77 46 0 77 52 0 77 42 0 77 44 0 5978 950000 4750 808848 1061250 857288
29916.009925 147433 1300 1300 1300 1300 77 46 0 77 52 0 77 42 0 77 44 0 5978 950000 4750 808848 1061250 857288
29916.209845 147434 1300 1300 1300 1300 77 46 0 77 52 0 77 42 0 77 44 0 5978 950000 4750 809122 1061250 858349
29916.409915 147435 1300 1300 1300 1300 77 46 0 77 52 0 77 42 0 77 44 0 5978 950000 4750 809122 1061250 858349
29916.609927 147436 1300 1300 1300 1300 77 46 0 77 52 0 77 42 0 77 44 0 5978 950000 4750 805560 1060000 853300
29916.809914 147437 1300 1300 1300 1300 77 46 0 77 52 0 77 42 0 77 44 0 5978 950000 4750 806108 1060000 854360
29917.009903 147438 1300 1300 1300 1300 77 46 0 77 52 0 77 42 0 77 44 0 5978 950000 4750 804464 1060000 852240
29917.209892 147439 1300 1300 1300 1300 77 46 0 77 52 0 77 42 0 77 44 0 5978 950000 4750 804464 1060000 852240
29917.409889 147440 1300 1300 1300 1300 77 46 0 77 52 0 77 42 0 77 44 0 5978 950000 4750 805286 1061250 854105
29917.609906 147441 1300 1300 1300 1300 77 46 0 77 52 0 77 42 0 77 44 0 5978 950000 4750 812958 1061250 861532
29917.809893 147442 1300 1300 1300 1300 77 46 0 77 52 0 77 42 0 77 44 0 5978 950000 4750 807204 1060000 855420
29918.009904 147443 1300 1300 1300 1300 77 46 0 77 52 0 77 42 0 77 44 0 5978 950000 4750 807204 1060000 855420
29918.209893 147444 1300 1300 1300 1300 77 46 0 77 52 0 77 42 0 77 44 0 5978 950000 4750 805012 1060000 853300
29918.409893 147445 1300 1300 1300 1300 77 46 0 77 52 0 77 42 0 77 44 0 5978 950000 4750 812136 1060000 860720
29918.609893 147446 1300 1300 1300 1300 77 46 0 77 52 0 77 42 0 77 44 0 5734 950000 4750 808026 1060000 856480
29918.809894 147447 1300 1300 1300 1300 77 46 0 77 52 0 77 42 0 77 44 0 5734 950000 4750 808026 1060000 856480
29919.009903 147448 1300 1300 1300 1300 77 46 0 77 52 0 77 42 0 77 44 0 5978 950000 4750 802820 1060000 850120
29919.209894 147449 1300 1300 1300 1300 77 46 0 77 52 0 77 42 0 77 44 0 5978 950000 4750 812136 1060000 860720
29919.409893 147450 1300 1300 1300 1300 77 46 0 77 52 0 77 42 0 77 44 0 5978 950000 4750 813232 1060000 861780
29919.609845 147451 1300 1300 1300 1300 77 46 0 77 52 0 77 42 0 77 44 0 5978 950000 4750 813232 1060000 861780
29919.809842 147452 1300 1300 1300 1300 77 46 0 77 52 0 77 42 0 77 44 0 5978 950000 4750 809670 1060000 857540
29920.009856 147453 1300 1300 1300 1300 77 46 0 77 52 0 77 42 0 77 44 0 5978 950000 4750 807752 1060000 855420
29920.209912 147454 1300 1300 1300 1300 77 46 0 77 52 0 77 42 0 77 44 0 5978 950000 4750 809396 1060000 857540
29920.409893 147455 1300 1300 1300 1300 77 46 0 77 52 0 77 42 0 77 44 0 5978 950000 4750 809396 1060000 857540
29920.609897 147456 1300 1300 1300 1300 77 46 0 77 52 0 77 42 0 77 44 0 5978 950000 4750 795148 1061250 843495
29920.809896 147457 1300 1300 1300 1300 77 46 0 77 52 0 77 42 0 77 44 0 5978 950000 4750 809396 1060000 857540
29921.009908 147458 1300 1300 1300 1300 77 46 0 77 52 0 77 42 0 77 44 0 5978 950000 4750 809944 1061250 858349
29921.209896 147459 1300 1300 1300 1300 77 46 0 77 52 0 77 42 0 77 44 0 5978 950000 4750 809944 1061250 858349
29921.409897 147460 1300 1300 1300 1300 77 46 0 77 52 0 77 42 0 77 44 0 6222 950000 5700 810492 1061250 859410
29921.609896 147461 1300 1300 1300 1300 77 46 0 77 52 0 77 42 0 77 44 0 5978 950000 4750 806108 1061250 855166
29921.809897 147462 1300 1300 1300 1300 77 46 0 77 52 0 77 42 0 77 44 0 5978 950000 4750 808026 1061250 857288
29922.009908 147463 1300 1300 1300 1300 77 46 0 77 52 0 77 42 0 77 44 0 5978 950000 4750 808026 1061250 857288
29922.209893 147464 1300 1300 1300 1300 77 46 0 77 52 0 77 42 0 77 44 0 5978 950000 4750 806108 1061250 855166
29922.409897 147465 1300 1300 1300 1300 77 46 0 77 52 0 77 42 0 77 44 0 5978 950000 4750 803368 1060000 851180
29922.609897 147466 1300 1300 1300 1300 77 46 0 77 52 0 77 42 0 77 44 0 5978 950000 4750 804190 1061250 853044
29922.809892 147467 1300 1300 1300 1300 77 46 0 77 52 0 77 42 0 77 44 0 5978 950000 4750 805286 1061250 854105
29923.009908 147468 1300 1300 1300 1300 77 46 0 77 52 0 77 42 0 77 44 0 5978 950000 4750 805286 1061250 854105
29923.209897 147469 1300 1300 1300 1300 77 46 0 77 52 0 77 42 0 77 44 0 5978 950000 4750 806108 1060000 854360
29923.409897 147470 1300 1300 1300 1300 77 46 0 77 52 0 77 42 0 77 44 0 5978 950000 4750 810492 1061250 859410
29923.609897 147471 1300 1300 1300 1300 77 46 0 77 52 0 77 42 0 77 44 0 5978 950000 4750 806382 1061250 855166
29923.809915 147472 1300 1300 1300 1300 77 46 0 77 52 0 77 42 0 77 44 0 5978 950000 4750 806382 1061250 855166
29924.009928 147473 1300 1300 1300 1300 77 46 0 77 52 0 77 42 0 77 44 0 5978 950000 4750 806108 1061250 855166
29924.209915 147474 1300 1300 1300 1300 77 46 0 77 52 0 77 42 0 77 44 0 5978 950000 4750 805012 1060000 853300
29924.409911 147475 1300 1300 1300 1300 77 46 0 77 52 0 77 42 0 77 44 0 6222 950000 5700 807204 1061250 856227
29924.609915 147476 1300 1300 1300 1300 77 46 0 77 52 0 77 42 0 77 44 0 6222 950000 5700 807204 1061250 856227
29924.809915 147477 1300 1300 1300 1300 77 46 0 77 52 0 77 42 0 77 44 0 5978 950000 4750 801724 1061250 849861
29925.009926 147478 1300 1300 1300 1300 77 46 0 77 52 0 77 42 0 77 44 0 5978 950000 4750 808848 1061250 857288
29925.209915 147479 1300 1300 1300 1300 77 46 0 77 52 0 77 42 0 77 44 0 5978 950000 4750 808574 1060000 856480
29925.409892 147480 1300 1300 1300 1300 77 46 0 77 52 0 77 42 0 77 44 0 5978 950000 4750 808574 1060000 856480
29925.609915 147481 1300 1300 1300 1300 77 46 0 77 52 0 77 42 0 77 44 0 5978 950000 4750 807478 1061250 856227
29925.809915 147482 1300 1300 1300 1300 77 46 0 77 52 0 77 42 0 77 44 0 5978 950000 4750 806108 1061250 855166
29926.009925 147483 1300 1300 1300 1300 77 46 0 77 52 0 77 42 0 77 44 0 5978 950000 4750 803642 1060000 851180
29926.209915 147484 1300 1300 1300 1300 77 46 0 77 52 0 77 42 0 77 44 0 5978 950000 4750 803642 1060000 851180
29926.409914 147485 1300 1300 1300 1300 77 46 0 77 52 0 77 42 0 77 44 0 5978 950000 4750 808300 1061250 857288
29926.609915 147486 1300 1300 1300 1300 77 46 0 77 52 0 77 42 0 77 44 0 5978 950000 4750 807752 1061250 856227
29926.809911 147487 1300 1300 1300 1300 77 46 0 77 52 0 77 42 0 77 44 0 6222 950000 5700 811040 1061250 860471
29927.009926 147488 1300 1300 1300 1300 77 46 0 77 52 0 77 42 0 77 44 0 6222 950000 5700 811040 1061250 860471
29927.209913 147489 1300 1300 1300 1300 77 46 0 77 52 0 77 42 0 77 44 0 5978 950000 4750 807752 1061250 856227
29927.409914 147490 1300 1300 1300 1300 77 46 0 77 52 0 77 42 0 77 44 0 5978 950000 4750 806108 1061250 855166
29927.609915 147491 1300 1300 1300 1300 77 46 0 77 52 0 77 42 0 77 44 0 5978 950000 4750 807204 1061250 856227
29927.809914 147492 1300 1300 1300 1300 77 46 0 77 52 0 77 42 0 77 44 0 5978 950000 4750 807204 1061250 856227
29928.009921 147493 1300 1300 1300 1300 77 46 0 77 52 0 77 42 0 77 44 0 5978 950000 4750 802820 1061250 850922
29928.209916 147494 1300 1300 1300 1300 77 46 0 77 52 0 77 42 0 77 44 0 5978 950000 4750 803916 1060000 851180
29928.409914 147495 1300 1300 1300 1300 77 46 0 77 52 0 77 42 0 77 44 0 5978 950000 4750 805012 1061250 854105
29928.609896 147496 1300 1300 1300 1300 77 46 0 77 52 0 77 42 0 77 44 0 5978 950000 4750 805012 1061250 854105
29928.809915 147497 1300 1300 1300 1300 77 46 0 77 52 0 77 42 0 77 44 0 5978 950000 4750 807752 1060000 855420
29929.009926 147498 1300 1300 1300 1300 77 46 0 77 52 0 77 42 0 77 44 0 5978 950000 4750 806108 1061250 855166
29929.209914 147499 1300 1300 1300 1300 77 46 0 77 52 0 77 42 0 77 44 0 5978 950000 4750 807752 1061250 856227
29929.409914 147500 1300 1300 1300 1300 77 46 0 77 52 0 77 42 0 77 44 0 5978 950000 4750 806382 1061250 855166
29929.609915 147501 1300 1300 1300 1300 77 46 0 77 52 0 77 42 0 77 44 0 5978 950000 4750 806382 1061250 855166
29929.809915 147502 1300 1300 1300 1300 77 46 0 77 52 0 77 42 0 77 44 0 5978 950000 4750 809396 1061250 858349
29930.009926 147503 1300 1300 1300 1300 77 46 0 77 52 0 77 42 0 77 44 0 5978 950000 4750 808848 1060000 856480
29930.209909 147504 1300 1300 1300 1300 77 46 0 77 52 0 77 42 0 77 44 0 5978 950000 4750 806656 1060000 854360
29930.409891 147505 1300 1300 1300 1300 77 46 0 77 52 0 77 42 0 77 44 0 5978 950000 4750 806656 1060000 854360
29930.609915 147506 1300 1300 1300 1300 77 46 0 77 52 0 77 42 0 77 44 0 5978 950000 4750 811314 1061250 860471
29930.809915 147507 1300 1300 1300 1300 77 46 0 77 52 0 77 42 0 77 44 0 5978 950000 4750 809396 1060000 857540
29931.009926 147508 1300 1300 1300 1300 77 46 0 77 52 0 77 42 0 77 44 0 5978 950000 4750 807204 1061250 856227
29931.209914 147509 1300 1300 1300 1300 77 46 0 77 52 0 77 42 0 77 44 0 5978 950000 4750 807204 1061250 856227
29931.409914 147510 1300 1300 1300 1300 77 46 0 77 52 0 77 42 0 77 44 0 5978 950000 4750 807478 1060000 855420
29931.609915 147511 1300 1300 1300 1300 77 46 0 77 52 0 77 42 0 77 44 0 5978 950000 4750 804464 1061250 853044
29931.809914 147512 1300 1300 1300 1300 77 46 0 77 52 0 77 42 0 77 44 0 5978 950000 4750 805012 1061250 854105
29932.009925 147513 1300 1300 1300 1300 77 46 0 77 52 0 77 42 0 77 44 0 5978 950000 4750 805012 1061250 854105
29932.209914 147514 1300 1300 1300 1300 77 46 0 77 52 0 77 42 0 77 44 0 5978 950000 4750 805834 1061250 854105
29932.409915 147515 1300 1300 1300 1300 77 46 0 77 52 0 77 42 0 77 44 0 5978 950000 4750 811588 1061250 860471
29932.609910 147516 1300 1300 1300 1300 77 46 0 77 52 0 77 42 0 77 44 0 5978 950000 4750 806108 1060000 854360
29932.809914 147517 1300 1300 1300 1300 77 46 0 77 52 0 77 42 0 77 44 0 5978 950000 4750 806108 1060000 854360
29933.009926 147518 1300 1300 1300 1300 77 46 0 77 52 0 77 42 0 77 44 0 6222 950000 5700 806930 1060000 854360
29933.209914 147519 1300 1300 1300 1300 77 46 0 77 52 0 77 42 0 77 44 0 6222 950000 5700 804738 1061250 853044
29933.409914 147520 1300 1300 1300 1300 77 46 0 77 52 0 77 42 0 77 44 0 5734 950000 4750 805286 1060000 853300
29933.609916 147521 1300 1300 1300 1300 77 46 0 77 52 0 77 42 0 77 44 0 5734 950000 4750 805286 1060000 853300
29933.809915 147522 1300 1300 1300 1300 77 46 0 77 52 0 77 42 0 77 44 0 5978 950000 4750 805012 1060000 853300
29934.009926 147523 1300 1300 1300 1300 77 46 0 77 52 0 77 42 0 77 44 0 5978 950000 4750 804464 1061250 853044
29934.209914 147524 1300 1300 1300 1300 77 46 0 77 52 0 77 42 0 77 44 0 5734 950000 4750 808026 1060000 856480
29934.409915 147525 1300 1300 1300 1300 77 46 0 77 52 0 77 42 0 77 44 0 5734 950000 4750 808026 1060000 856480
29934.609915 147526 1300 1300 1300 1300 77 46 0 77 52 0 77 42 0 77 44 0 5978 950000 4750 806108 1061250 855166
29934.809916 147527 1300 1300 1300 1300 77 46 0 77 52 0 77 42 0 77 44 0 5978 950000 4750 808848 1061250 857288
29935.009921 147528 1300 1300 1300 1300 77 46 0 77 52 0 77 42 0 77 44 0 6222 950000 5700 805834 1061250 854105
29935.209845 147529 1300 1300 1300 1300 77 46 0 77 52 0 77 42 0 77 44 0 5978 950000 4750 805012 1061250 854105
29935.409903 147530 1300 1300 1300 1300 77 46 0 77 52 0 77 42 0 77 44 0 5978 950000 4750 805012 1061250 854105
29935.609915 147531 1300 1300 1300 1300 77 46 0 77 52 0 77 42 0 77 44 0 5978 950000 4750 807478 1061250 856227
29935.809914 147532 1300 1300 1300 1300 77 46 0 77 52 0 77 42 0 77 44 0 5978 950000 4750 801450 1061250 849861
29936.009926 147533 1300 1300 1300 1300 77 46 0 77 52 0 77 42 0 77 44 0 5978 950000 4750 808574 1060000 856480
29936.209915 147534 1300 1300 1300 1300 77 46 0 77 52 0 77 42 0 77 44 0 5978 950000 4750 808574 1060000 856480
29936.409915 147535 1300 1300 1300 1300 77 46 0 77 52 0 77 42 0 77 44 0 5978 950000 4750 811040 1061250 860471
29936.609916 147536 1300 1300 1300 1300 77 46 0 77 52 0 77 42 0 77 44 0 5978 950000 4750 810218 1060000 858600
29936.809914 147537 1300 1300 1300 1300 77 46 0 77 52 0 77 42 0 77 44 0 5978 950000 4750 806930 1061250 855166
29937.009925 147538 1300 1300 1300 1300 77 46 0 77 52 0 77 42 0 77 44 0 5978 950000 4750 806930 1061250 855166
29937.209914 147539 1300 1300 1300 1300 77 46 0 77 52 0 77 42 0 77 44 0 5978 950000 4750 805286 1061250 854105
29937.409911 147540 1300 1300 1300 1300 77 46 0 77 52 0 77 42 0 77 44 0 5978 950000 4750 802820 1060000 850120
29937.609914 147541 1300 1300 1300 1300 77 46 0 77 52 0 77 42 0 77 44 0 5978 950000 4750 803368 1061250 851983
29937.809915 147542 1300 1300 1300 1300 77 46 0 77 52 0 77 42 0 77 44 0 5978 950000 4750 803368 1061250 851983
29938.009925 147543 1300 1300 1300 1300 77 46 0 77 52 0 77 42 0 77 44 0 5978 950000 4750 808300 1060000 856480
29938.209915 147544 1300 1300 1300 1300 77 46 0 77 52 0 77 42 0 77 44 0 5978 950000 4750 809944 1060000 857540
29938.409913 147545 1300 1300 1300 1300 77 46 0 77 52 0 77 42 0 77 44 0 5978 950000 4750 807752 1060000 855420
29938.609916 147546 1300 1300 1300 1300 77 46 0 77 52 0 77 42 0 77 44 0 5978 950000 4750 807752 1060000 855420
29938.809915 147547 1300 1300 1300 1300 77 46 0 77 52 0 77 42 0 77 44 0 5978 950000 4750 808848 1060000 856480
29939.009927 147548 1300 1300 1300 1300 77 46 0 77 52 0 77 42 0 77 44 0 5978 950000 4750 806108 1061250 855166
29939.209915 147549 1300 1300 1300 1300 77 46 0 77 52 0 77 42 0 77 44 0 5978 950000 4750 805012 1060000 853300
29939.409915 147550 1300 1300 1300 1300 77 46 0 77 52 0 77 42 0 77 44 0 5978 950000 4750 805012 1060000 853300
29939.609915 147551 1300 1300 1300 1300 77 46 0 77 52 0 77 42 0 77 44 0 5978 950000 4750 801724 1061250 849861
29939.809911 147552 1300 1300 1300 1300 77 46 0 77 52 0 77 42 0 77 44 0 5978 950000 4750 809396 1061250 858349
29940.009925 147553 1300 1300 1300 1300 77 46 0 77 52 0 77 42 0 77 44 0 5978 950000 4750 810766 1061250 859410
29940.209915 147554 1300 1300 1300 1300 77 46 0 77 52 0 77 42 0 77 44 0 5978 950000 4750 810766 1061250 859410
29940.409892 147555 1300 1300 1300 1300 77 46 0 77 52 0 77 42 0 77 44 0 5978 950000 4750 808300 1060000 856480
29940.609915 147556 1300 1300 1300 1300 77 46 0 77 52 0 77 42 0 77 44 0 5978 950000 4750 809944 1060000 857540
29940.809916 147557 1300 1300 1300 1300 77 46 0 77 52 0 77 42 0 77 44 0 5978 950000 4750 803916 1060000 851180
29941.009908 147558 1300 1300 1300 1300 77 46 0 77 52 0 77 42 0 77 44 0 5978 950000 4750 803916 1060000 851180
29941.209915 147559 1300 1300 1300 1300 77 46 0 77 52 0 77 42 0 77 44 0 5978 950000 4750 809396 1061250 858349
29941.409914 147560 1300 1300 1300 1300 77 46 0 77 52 0 77 42 0 77 44 0 5978 950000 4750 807204 1060000 855420
29941.609915 147561 1300 1300 1300 1300 77 46 0 77 52 0 77 42 0 77 44 0 5978 950000 4750 806930 1061250 855166
29941.809893 147562 1300 1300 1300 1300 77 46 0 77 52 0 77 42 0 77 44 0 6222 950000 5700 807478 1061250 856227
29942.009925 147563 1300 1300 1300 1300 77 46 0 77 52 0 77 42 0 77 44 0 6222 950000 5700 807478 1061250 856227
29942.209911 147564 1300 1300 1300 1300 77 46 0 77 52 0 77 42 0 77 44 0 5978 950000 4750 807478 1060000 855420
29942.409915 147565 1300 1300 1300 1300 77 46 0 77 52 0 77 42 0 77 44 0 5978 950000 4750 807478 1060000 855420
29942.609915 147566 1300 1300 1300 1300 77 46 0 77 52 0 77 42 0 77 44 0 5978 950000 4750 810766 1061250 859410
29942.809915 147567 1300 1300 1300 1300 77 46 0 77 52 0 77 42 0 77 44 0 5978 950000 4750 810766 1061250 859410
29943.009921 147568 1300 1300 1300 1300 77 46 0 77 52 0 77 42 0 77 44 0 6222 950000 5700 803642 1061250 851983
29943.209910 147569 1300 1300 1300 1300 77 46 0 77 52 0 77 42 0 77 44 0 5978 950000 4750 803916 1061250 851983
29943.409915 147570 1300 1300 1300 1300 77 46 0 77 52 0 77 42 0 77 44 0 5978 950000 4750 806108 1061250 855166
29943.609915 147571 1300 1300 1300 1300 77 46 0 77 52 0 77 42 0 77 44 0 5978 950000 4750 806108 1061250 855166
29943.809915 147572 1300 1300 1300 1300 77 46 0 77 52 0 77 42 0 77 44 0 5978 950000 4750 808574 1060000 856480
29944.009925 147573 1300 1300 1300 1300 77 46 0 77 52 0 77 42 0 77 44 0 5978 950000 4750 804738 1060000 852240
29944.209914 147574 1300 1300 1300 1300 77 46 0 77 52 0 77 42 0 77 44 0 5978 950000 4750 807752 1060000 855420
29944.409914 147575 1300 1300 1300 1300 77 46 0 77 52 0 77 42 0 77 44 0 5978 950000 4750 807752 1060000 855420
29944.609915 147576 1300 1300 1300 1300 77 46 0 77 52 0 77 42 0 77 44 0 6222 950000 5700 804464 1060000 852240
29944.809916 147577 1300 1300 1300 1300 77 46 0 77 52 0 77 42 0 77 44 0 6222 950000 5700 805834 1061250 854105
29945.009927 147578 1300 1300 1300 1300 77 46 0 77 52 0 77 42 0 77 44 0 5978 950000 4750 805012 1061250 854105
29945.209915 147579 1300 1300 1300 1300 77 46 0 77 52 0 77 42 0 77 44 0 5978 950000 4750 805012 1061250 854105
29945.409892 147580 1300 1300 1300 1300 77 46 0 77 52 0 77 42 0 77 44 0 5978 950000 4750 805834 1060000 853300
29945.609911 147581 1300 1300 1300 1300 77 46 0 77 52 0 77 42 0 77 44 0 5978 950000 4750 805834 1061250 854105
29945.809914 147582 1300 1300 1300 1300 77 46 0 77 52 0 77 42 0 77 44 0 5978 950000 4750 806108 1060000 854360
29946.009925 147583 1300 1300 1300 1300 77 46 0 77 52 0 77 42 0 77 44 0 5978 950000 4750 806108 1060000 854360
29946.209913 147584 1300 1300 1300 1300 77 46 0 77 52 0 77 42 0 77 44 0 5978 950000 4750 807478 1060000 855420
29946.409915 147585 1300 1300 1300 1300 77 46 0 77 52 0 77 42 0 77 44 0 5978 950000 4750 805560 1061250 854105
29946.609915 147586 1300 1300 1300 1300 77 46 0 77 52 0 77 42 0 77 44 0 5978 950000 4750 806930 1060000 854360
29946.809915 147587 1300 1300 1300 1300 77 46 0 77 52 0 77 42 0 77 44 0 5978 950000 4750 806930 1060000 854360
29947.009925 147588 1300 1300 1300 1300 77 46 0 77 52 0 77 42 0 77 44 0 5978 950000 4750 806930 1060000 854360
29947.209915 147589 1300 1300 1300 1300 77 46 0 77 52 0 77 42 0 77 44 0 5978 950000 4750 808848 1060000 856480
29947.409915 147590 1300 1300 1300 1300 77 46 0 77 52 0 77 42 0 77 44 0 5978 950000 4750 807204 1061250 856227
29947.609897 147591 1300 1300 1300 1300 77 46 0 77 52 0 77 42 0 77 44 0 5978 950000 4750 807204 1061250 856227
29947.809916 147592 1300 1300 1300 1300 77 46 0 77 52 0 77 42 0 77 44 0 5978 950000 4750 809396 1061250 858349
29948.009922 147593 1300 1300 1300 1300 77 46 0 77 52 0 77 42 0 77 44 0 5978 950000 4750 806108 1061250 855166
29948.209916 147594 1300 1300 1300 1300 77 46 0 77 52 0 77 42 0 77 44 0 5978 950000 4750 805012 1060000 853300
29948.409915 147595 1300 1300 1300 1300 77 46 0 77 52 0 77 42 0 77 44 0 5978 950000 4750 807752 1061250 856227
29948.609915 147596 1300 1300 1300 1300 77 46 0 77 52 0 77 42 0 77 44 0 5978 950000 4750 807752 1061250 856227
29948.809914 147597 1300 1300 1300 1300 77 46 0 77 52 0 77 42 0 77 44 0 5978 950000 4750 804738 1060000 852240
29949.009925 147598 1300 1300 1300 1300 77 46 0 77 52 0 77 42 0 77 44 0 5978 950000 4750 806108 1060000 854360
29949.209915 147599 1300 1300 1300 1300 77 46 0 77 52 0 77 42 0 77 44 0 5978 950000 4750 805834 1060000 853300
29949.409915 147600 1300 1300 1300 1300 77 46 0 77 52 0 77 42 0 77 44 0 5978 950000 4750 805834 1060000 853300
29949.609916 147601 1300 1300 1300 1300 77 46 0 77 52 0 77 42 0 77 44 0 5978 950000 4750 806930 1060000 854360
29949.809915 147602 1300 1300 1300 1300 77 46 0 77 52 0 77 42 0 77 44 0 6222 950000 5700 808574 1061250 857288
29950.009925 147603 1300 1300 1300 1300 77 46 0 77 52 0 77 42 0 77 44 0 5978 950000 4750 805012 1061250 854105
29950.209915 147604 1300 1300 1300 1300 77 46 0 77 52 0 77 42 0 77 44 0 5978 950000 4750 805012 1061250 854105
29950.409905 147605 1300 1300 1300 1300 77 46 0 77 52 0 77 42 0 77 44 0 6222 950000 5700 806108 1061250 855166
29950.609914 147606 1300 1300 1300 1300 77 46 0 77 52 0 77 42 0 77 44 0 5978 950000 4750 804738 1061250 853044
29950.809916 147607 1300 1300 1300 1300 77 46 0 77 52 0 77 42 0 77 44 0 5978 950000 4750 805286 1061250 854105
29951.009927 147608 1300 1300 1300 1300 77 46 0 77 52 0 77 42 0 77 44 0 5978 950000 4750 805286 1061250 854105
29951.209916 147609 1300 1300 1300 1300 77 46 0 77 52 0 77 42 0 77 44 0 5978 950000 4750 808574 1061250 857288
29951.409914 147610 1300 1300 1300 1300 77 46 0 77 52 0 77 42 0 77 44 0 5978 950000 4750 805560 1060000 853300
29951.609916 147611 1300 1300 1300 1300 77 46 0 77 52 0 77 42 0 77 44 0 5978 950000 4750 810766 1061250 859410
29951.809915 147612 1300 1300 1300 1300 77 46 0 77 52 0 77 42 0 77 44 0 5978 950000 4750 810766 1061250 859410
29952.009926 147613 1300 1300 1300 1300 77 46 0 77 52 0 77 42 0 77 44 0 5978 950000 4750 810492 1061250 859410
29952.209915 147614 1300 1300 1300 1300 77 46 0 77 52 0 77 42 0 77 44 0 5978 950000 4750 808300 1060000 856480
29952.409914 147615 1300 1300 1300 1300 77 46 0 77 52 0 77 42 0 77 44 0 5978 950000 4750 806930 1061250 855166
29952.609915 147616 1300 1300 1300 1300 77 46 0 77 52 0 77 42 0 77 44 0 5978 950000 4750 806930 1061250 855166
29952.809911 147617 1300 1300 1300 1300 77 46 0 77 52 0 77 42 0 77 44 0 5978 950000 4750 805834 1061250 854105
29953.009926 147618 1300 1300 1300 1300 77 46 0 77 52 0 77 42 0 77 44 0 5978 950000 4750 808848 1060000 856480
29953.209916 147619 1300 1300 1300 1300 77 46 0 77 52 0 77 42 0 77 44 0 5978 950000 4750 804738 1060000 852240
29953.409915 147620 1300 1300 1300 1300 77 46 0 77 52 0 77 42 0 77 44 0 5978 950000 4750 804738 1060000 852240
29953.609914 147621 1300 1300 1300 1300 77 46 0 77 52 0 77 42 0 77 44 0 5978 950000 4750 806108 1060000 854360
29953.809915 147622 1300 1300 1300 1300 77 46 0 77 52 0 77 42 0 77 44 0 5978 950000 4750 802820 1060000 850120
29954.009926 147623 1300 1300 1300 1300 77 46 0 77 52 0 77 42 0 77 44 0 5978 950000 4750 804190 1060000 852240
29954.209894 147624 1300 1300 1300 1300 77 46 0 77 52 0 77 42 0 77 44 0 5978 950000 4750 806930 1060000 854360
29954.409915 147625 1300 1300 1300 1300 77 46 0 77 52 0 77 42 0 77 44 0 5978 950000 4750 806930 1060000 854360
29954.609915 147626 1300 1300 1300 1300 77 46 0 77 52 0 77 42 0 77 44 0 5978 950000 4750 800902 1060000 848000
29954.809915 147627 1300 1300 1300 1300 77 46 0 77 52 0 77 42 0 77 44 0 5978 950000 4750 805560 1060000 853300
29955.009910 147628 1300 1300 1300 1300 77 46 0 77 52 0 77 42 0 77 44 0 5978 950000 4750 806930 1060000 854360
29955.209916 147629 1300 1300 1300 1300 77 46 0 77 52 0 77 42 0 77 44 0 5978 950000 4750 806930 1060000 854360
29955.409892 147630 1300 1300 1300 1300 77 46 0 77 52 0 77 42 0 77 44 0 5978 950000 4750 806656 1060000 854360
29955.609915 147631 1300 1300 1300 1300 77 46 0 77 52 0 77 42 0 77 44 0 5978 950000 4750 805834 1061250 854105
29955.809910 147632 1300 1300 1300 1300 77 46 0 77 52 0 77 42 0 77 44 0 5978 950000 4750 806108 1061250 855166
29956.009926 147633 1300 1300 1300 1300 77 46 0 77 52 0 77 42 0 77 44 0 5978 950000 4750 806108 1061250 855166
29956.209914 147634 1300 1300 1300 1300 77 46 0 77 52 0 77 42 0 77 44 0 5978 950000 4750 805286 1060000 853300
29956.409915 147635 1300 1300 1300 1300 77 46 0 77 52 0 77 42 0 77 44 0 5978 950000 4750 804190 1061250 853044
29956.609914 147636 1300 1300 1300 1300 77 46 0 77 52 0 77 42 0 77 44 0 5978 950000 4750 807752 1061250 856227
29956.809914 147637 1300 1300 1300 1300 77 46 0 77 52 0 77 42 0 77 44 0 5978 950000 4750 807752 1061250 856227
29957.009925 147638 1300 1300 1300 1300 77 46 0 77 52 0 77 42 0 77 44 0 5978 950000 4750 805834 1061250 854105
29957.209914 147639 1300 1300 1300 1300 77 46 0 77 52 0 77 42 0 77 44 0 5978 950000 4750 808300 1060000 856480
29957.409909 147640 1300 1300 1300 1300 77 46 0 77 52 0 77 42 0 77 44 0 6222 950000 5700 804464 1060000 852240
29957.609915 147641 1300 1300 1300 1300 77 46 0 77 52 0 77 42 0 77 44 0 6222 950000 5700 804464 1060000 852240
29957.809915 147642 1300 1300 1300 1300 77 46 0 77 52 0 77 42 0 77 44 0 5978 950000 4750 806382 1060000 854360
29958.009926 147643 1300 1300 1300 1300 77 46 0 77 52 0 77 42 0 77 44 0 6222 950000 5700 807478 1060000 855420
29958.209915 147644 1300 1300 1300 1300 77 46 0 77 52 0 77 42 0 77 44 0 5978 950000 4750 804190 1060000 852240
29958.409914 147645 1300 1300 1300 1300 77 46 0 77 52 0 77 42 0 77 44 0 5978 950000 4750 804190 1060000 852240
29958.609915 147646 1300 1300 1300 1300 77 46 0 77 52 0 77 42 0 77 44 0 5978 950000 4750 806656 1060000 854360
29958.809914 147647 1300 1300 1300 1300 77 46 0 77 52 0 77 42 0 77 44 0 5978 950000 4750 806108 1061250 855166
29959.009925 147648 1300 1300 1300 1300 77 46 0 77 52 0 77 42 0 77 44 0 5978 950000 4750 806930 1060000 854360
29959.209913 147649 1300 1300 1300 1300 77 46 0 77 52 0 77 42 0 77 44 0 5978 950000 4750 806930 1060000 854360
29959.409914 147650 1300 1300 1300 1300 77 46 0 77 52 0 77 42 0 77 44 0 5978 950000 4750 805012 1060000 853300
29959.609915 147651 1300 1300 1300 1300 77 46 0 77 52 0 77 42 0 77 44 0 5978 950000 4750 806930 1061250 855166
29959.809909 147652 1300 1300 1300 1300 77 46 0 77 52 0 77 42 0 77 44 0 5978 950000 4750 804190 1060000 852240
29960.009908 147653 1300 1300 1300 1300 77 46 0 77 52 0 77 42 0 77 44 0 5978 950000 4750 804190 1060000 852240
29960.209914 147654 1300 1300 1300 1300 77 46 0 77 52 0 77 42 0 77 44 0 5978 950000 4750 804190 1061250 853044
29960.409892 147655 1300 1300 1300 1300 77 46 0 77 52 0 77 42 0 77 44 0 5978 950000 4750 805834 1060000 853300
29960.609915 147656 1300 1300 1300 1300 77 46 0 77 52 0 77 42 0 77 44 0 5978 950000 4750 805560 1061250 854105
29960.809888 147657 1300 1300 1300 1300 77 46 0 77 52 0 77 42 0 77 44 0 5978 950000 4750 808574 1060000 856480
29961.009925 147658 1300 1300 1300 1300 77 46 0 77 52 0 77 42 0 77 44 0 5978 950000 4750 808574 1060000 856480
29961.209915 147659 1300 1300 1300 1300 77 46 0 77 52 0 77 42 0 77 44 0 5978 950000 4750 808026 1060000 856480
29961.409914 147660 1300 1300 1300 1300 77 46 0 77 52 0 77 42 0 77 44 0 5978 950000 4750 808026 1060000 856480
29961.609914 147661 1300 1300 1300 1300 77 46 0 77 52 0 77 42 0 77 44 0 5978 950000 4750 805560 1060000 853300
29961.809914 147662 1300 1300 1300 1300 77 46 0 77 52 0 77 42 0 77 44 0 5978 950000 4750 805560 1060000 853300
29962.009925 147663 1300 1300 1300 1300 77 46 0 77 52 0 77 42 0 77 44 0 5978 950000 4750 804738 1061250 853044
29962.209914 147664 1300 1300 1300 1300 77 46 0 77 52 0 77 42 0 77 44 0 5978 950000 4750 809670 1061250 858349
29962.409914 147665 1300 1300 1300 1300 77 46 0 77 52 0 77 42 0 77 44 0 5978 950000 4750 806382 1061250 855166
29962.609914 147666 1300 1300 1300 1300 77 46 0 77 52 0 77 42 0 77 44 0 5978 950000 4750 806382 1061250 855166
29962.809914 147667 1300 1300 1300 1300 77 46 0 77 52 0 77 42 0 77 44 0 5978 950000 4750 808574 1061250 857288
29963.009924 147668 1300 1300 1300 1300 77 46 0 77 52 0 77 42 0 77 44 0 5978 950000 4750 807204 1060000 855420
29963.209911 147669 1300 1300 1300 1300 77 46 0 77 52 0 77 42 0 77 44 0 5978 950000 4750 804190 1060000 852240
29963.409914 147670 1300 1300 1300 1300 77 46 0 77 52 0 77 42 0 77 44 0 5978 950000 4750 804190 1060000 852240
29963.609915 147671 1300 1300 1300 1300 77 46 0 77 52 0 77 42 0 77 44 0 5978 950000 4750 803642 1061250 851983
29963.809915 147672 1300 1300 1300 1300 77 46 0 77 52 0 77 42 0 77 44 0 5978 950000 4750 804738 1060000 852240
29964.009926 147673 1300 1300 1300 1300 77 46 0 77 52 0 77 42 0 77 44 0 5978 950000 4750 805012 1060000 853300
29964.209914 147674 1300 1300 1300 1300 77 46 0 77 52 0 77 42 0 77 44 0 5978 950000 4750 805012 1060000 853300
29964.409913 147675 1300 1300 1300 1300 77 46 0 77 52 0 77 42 0 77 44 0 5978 950000 4750 806382 1060000 854360
29964.609914 147676 1300 1300 1300 1300 77 46 0 77 52 0 77 42 0 77 44 0 5734 950000 4750 805012 1060000 853300
29964.809914 147677 1300 1300 1300 1300 77 46 0 77 52 0 77 42 0 77 44 0 5978 950000 4750 807478 1060000 855420
29965.009925 147678 1300 1300 1300 1300 77 46 0 77 52 0 77 42 0 77 44 0 5978 950000 4750 807478 1060000 855420
29965.209914 147679 1300 1300 1300 1300 77 46 0 77 52 0 77 42 0 77 44 0 6222 950000 5700 803368 1061250 851983
29965.409891 147680 1300 1300 1300 1300 77 46 0 77 52 0 77 42 0 77 44 0 6222 950000 5700 804464 1061250 853044
29965.609910 147681 1300 1300 1300 1300 77 46 0 77 52 0 77 42 0 77 44 0 5978 950000 4750 806108 1061250 855166
29965.809915 147682 1300 1300 1300 1300 77 46 0 77 52 0 77 42 0 77 44 0 5978 950000 4750 806108 1061250 855166
29966.009925 147683 1300 1300 1300 1300 77 46 0 77 52 0 77 42 0 77 44 0 5978 950000 4750 809670 1061250 858349
29966.209914 147684 1300 1300 1300 1300 77 46 0 77 52 0 77 42 0 77 44 0 5978 950000 4750 812136 1061250 861532
29966.409914 147685 1300 1300 1300 1300 77 46 0 77 52 0 77 42 0 77 44 0 5978 950000 4750 811314 1060000 859660
29966.609896 147686 1300 1300 1300 1300 77 46 0 77 52 0 77 42 0 77 44 0 5978 950000 4750 811314 1060000 859660
29966.809914 147687 1300 1300 1300 1300 77 46 0 77 52 0 77 42 0 77 44 0 5734 950000 4750 805560 1061250 854105
29967.009924 147688 1300 1300 1300 1300 77 46 0 77 52 0 77 42 0 77 44 0 5978 950000 4750 808848 1061250 857288
29967.209914 147689 1300 1300 1300 1300 77 46 0 77 52 0 77 42 0 77 44 0 5978 950000 4750 805560 1061250 854105
29967.409916 147690 1300 1300 1300 1300 77 46 0 77 52 0 77 42 0 77 44 0 5978 950000 4750 804738 1060000 852240
29967.609914 147691 1300 1300 1300 1300 77 46 0 77 52 0 77 42 0 77 44 0 5978 950000 4750 804738 1060000 852240
29967.809914 147692 1300 1300 1300 1300 77 46 0 77 52 0 77 42 0 77 44 0 5978 950000 4750 806108 1061250 855166
29968.009922 147693 1300 1300 1300 1300 77 46 0 77 52 0 77 42 0 77 44 0 5978 950000 4750 810492 1061250 859410
29968.209915 147694 1300 1300 1300 1300 77 46 0 77 52 0 77 42 0 77 44 0 5978 950000 4750 808300 1060000 856480
29968.409914 147695 1300 1300 1300 1300 77 46 0 77 52 0 77 42 0 77 44 0 5978 950000 4750 808300 1060000 856480
29968.609914 147696 1300 1300 1300 1300 77 46 0 77 52 0 77 42 0 77 44 0 5978 950000 4750 810492 1061250 859410
29968.809915 147697 1300 1300 1300 1300 77 46 0 77 52 0 77 42 0 77 44 0 5978 950000 4750 806108 1061250 855166
29969.009926 147698 1300 1300 1300 1300 77 46 0 77 52 0 77 42 0 77 44 0 5978 950000 4750 803916 1060000 851180
29969.209915 147699 1300 1300 1300 1300 77 46 0 77 52 0 77 42 0 77 44 0 5978 950000 4750 803916 1060000 851180
29969.409915 147700 1300 1300 1300 1300 77 46 0 77 52 0 77 42 0 77 44 0 5978 950000 4750 808300 1061250 857288
29969.609914 147701 1300 1300 1300 1300 77 46 0 77 52 0 77 42 0 77 44 0 5978 950000 4750 806656 1061250 855166
29969.809915 147702 1300 1300 1300 1300 77 46 0 77 52 0 77 42 0 77 44 0 5978 950000 4750 807752 1061250 856227
29970.009925 147703 1300 1300 1300 1300 77 46 0 77 52 0 77 42 0 77 44 0 5978 950000 4750 807752 1061250 856227
29970.209914 147704 1300 1300 1300 1300 77 46 0 77 52 0 77 42 0 77 44 0 5978 950000 4750 807204 1061250 856227
29970.409905 147705 1300 1300 1300 1300 77 46 0 77 52 0 77 42 0 77 44 0 5978 950000 4750 807752 1061250 856227
29970.609914 147706 1300 1300 1300 1300 77 46 0 77 52 0 77 42 0 77 44 0 5978 950000 4750 803368 1061250 851983
29970.809914 147707 1300 1300 1300 1300 77 46 0 77 52 0 77 42 0 77 44 0 5978 950000 4750 803368 1061250 851983
29971.009926 147708 1300 1300 1300 1300 77 46 0 77 52 0 77 42 0 77 44 0 5978 950000 4750 806656 1061250 855166
29971.209914 147709 1300 1300 1300 1300 77 46 0 77 52 0 77 42 0 77 44 0 6222 950000 5700 805012 1060000 853300
29971.409914 147710 1300 1300 1300 1300 77 46 0 77 52 0 77 42 0 77 44 0 5978 950000 4750 808300 1060000 856480
29971.609914 147711 1300 1300 1300 1300 77 46 0 77 52 0 77 42 0 77 44 0 5978 950000 4750 808300 1060000 856480
29971.809916 147712 1300 1300 1300 1300 77 46 0 77 52 0 77 42 0 77 44 0 5978 950000 4750 808574 1060000 856480
29972.009925 147713 1300 1300 1300 1300 77 46 0 77 52 0 77 42 0 77 44 0 5978 950000 4750 808026 1060000 856480
29972.209914 147714 1300 1300 1300 1300 77 46 0 77 52 0 77 42 0 77 44 0 5978 950000 4750 808026 1060000 856480
29972.409915 147715 1300 1300 1300 1300 77 46 0 77 52 0 77 42 0 77 44 0 5978 950000 4750 808026 1060000 856480
29972.609915 147716 1300 1300 1300 1300 77 46 0 77 52 0 77 42 0 77 44 0 5978 950000 4750 809396 1061250 858349
29972.809910 147717 1300 1300 1300 1300 77 46 0 77 52 0 77 42 0 77 44 0 5978 950000 4750 809670 1060000 857540
29973.009926 147718 1300 1300 1300 1300 77 46 0 77 52 0 77 42 0 77 44 0 5978 950000 4750 806108 1061250 855166
29973.209893 147719 1300 1300 1300 1300 77 46 0 77 52 0 77 42 0 77 44 0 5734 950000 4750 810218 1060000 858600
29973.409914 147720 1300 1300 1300 1300 77 46 0 77 52 0 77 42 0 77 44 0 5734 950000 4750 810218 1060000 858600
29973.609915 147721 1300 1300 1300 1300 77 46 0 77 52 0 77 42 0 77 44 0 5978 950000 4750 808300 1061250 857288
29973.809916 147722 1300 1300 1300 1300 77 46 0 77 52 0 77 42 0 77 44 0 5978 950000 4750 808574 1060000 856480
29974.009926 147723 1300 1300 1300 1300 77 46 0 77 52 0 77 42 0 77 44 0 5978 950000 4750 808300 1060000 856480
29974.209915 147724 1300 1300 1300 1300 77 46 0 77 52 0 77 42 0 77 44 0 5978 950000 4750 808300 1060000 856480
29974.409914 147725 1300 1300 1300 1300 77 46 0 77 52 0 77 42 0 77 44 0 5978 950000 4750 805834 1061250 854105
29974.609914 147726 1300 1300 1300 1300 77 46 0 77 52 0 77 42 0 77 44 0 5978 950000 4750 806382 1061250 855166
29974.809914 147727 1300 1300 1300 1300 77 46 0 77 52 0 77 42 0 77 44 0 5978 950000 4750 807204 1061250 856227
29975.009926 147728 1300 1300 1300 1300 77 46 0 77 52 0 77 42 0 77 44 0 5978 950000 4750 807204 1061250 856227
29975.209911 147729 1300 1300 1300 1300 76 46 0 76 52 0 76 42 0 76 44 0 6222 950000 5700 807752 1061250 856227
29975.409891 147730 1300 1300 1300 1300 76 46 0 76 52 0 76 42 0 76 44 0 5734 950000 4750 806108 1060000 854360
29975.609915 147731 1300 1300 1300 1300 76 46 0 76 52 0 76 42 0 76 44 0 5978 950000 4750 808026 1061250 857288
29975.809915 147732 1300 1300 1300 1300 76 46 0 76 52 0 76 42 0 76 44 0 5978 950000 4750 808026 1061250 857288
29976.009925 147733 1300 1300 1300 1300 76 46 0 76 52 0 76 42 0 76 44 0 5978 950000 4750 813506 1061250 862593
29976.209914 147734 1300 1300 1300 1300 77 46 0 77 52 0 77 42 0 77 44 0 5978 950000 4750 807752 1061250 856227
29976.409914 147735 1300 1300 1300 1300 77 46 0 77 52 0 77 42 0 77 44 0 5978 950000 4750 803368 1060000 851180
29976.609914 147736 1300 1300 1300 1300 77 46 0 77 52 0 77 42 0 77 44 0 5978 950000 4750 803368 1060000 851180
29976.809915 147737 1300 1300 1300 1300 77 46 0 77 52 0 77 42 0 77 44 0 5978 950000 4750 806930 1061250 855166
29977.009925 147738 1300 1300 1300 1300 77 46 0 77 52 0 77 42 0 77 44 0 5978 950000 4750 806656 1061250 855166
29977.209914 147739 1300 1300 1300 1300 77 46 0 77 52 0 77 42 0 77 44 0 5978 950000 4750 808574 1060000 856480
29977.409913 147740 1300 1300 1300 1300 77 46 0 77 52 0 77 42 0 77 44 0 5978 950000 4750 808574 1060000 856480
29977.609911 147741 1300 1300 1300 1300 77 46 0 77 52 0 77 42 0 77 44 0 5978 950000 4750 808300 1061250 857288
29977.809914 147742 1300 1300 1300 1300 77 46 0 77 52 0 77 42 0 77 44 0 5978 950000 4750 808848 1061250 857288
29978.009925 147743 1300 1300 1300 1300 76 46 0 76 52 0 76 42 0 76 44 0 5978 950000 4750 805560 1061250 854105
29978.209914 147744 1300 1300 1300 1300 77 46 0 77 52 0 77 42 0 77 44 0 5978 950000 4750 805560 1061250 854105
29978.409915 147745 1300 1300 1300 1300 77 46 0 77 52 0 77 42 0 77 44 0 5978 950000 4750 805834 1060000 853300
29978.609915 147746 1300 1300 1300 1300 77 46 0 77 52 0 77 42 0 77 44 0 5978 950000 4750 806108 1061250 855166
29978.809915 147747 1300 1300 1300 1300 77 46 0 77 52 0 77 42 0 77 44 0 5978 950000 4750 806108 1061250 855166
29979.009907 147748 1300 1300 1300 1300 77 46 0 77 52 0 77 42 0 77 44 0 5978 950000 4750 806108 1061250 855166
29979.209915 147749 1300 1300 1300 1300 77 46 0 77 52 0 77 42 0 77 44 0 5978 950000 4750 806108 1060000 854360
29979.409915 147750 1300 1300 1300 1300 77 46 0 77 52 0 77 42 0 77 44 0 5734 950000 4750 806656 1061250 855166
29979.609915 147751 1300 1300 1300 1300 77 46 0 77 52 0 77 42 0 77 44 0 5978 950000 4750 808574 1060000 856480
29979.809888 147752 1300 1300 1300 1300 77 46 0 77 52 0 77 42 0 77 44 0 5978 950000 4750 806382 1060000 854360
29980.009924 147753 1300 1300 1300 1300 77 46 0 77 52 0 77 42 0 77 44 0 5978 950000 4750 806382 1060000 854360
29980.209915 147754 1300 1300 1300 1300 77 46 0 77 52 0 77 42 0 77 44 0 5978 950000 4750 803916 1061250 851983
29980.409891 147755 1300 1300 1300 1300 77 46 0 77 52 0 77 42 0 77 44 0 5978 950000 4750 803642 1061250 851983
29980.609915 147756 1300 1300 1300 1300 77 46 0 77 52 0 77 42 0 77 44 0 5978 950000 4750 807478 1060000 855420
29980.809915 147757 1300 1300 1300 1300 77 46 0 77 52 0 77 42 0 77 44 0 5978 950000 4750 807478 1060000 855420
29981.009921 147758 1300 1300 1300 1300 77 46 0 77 52 0 77 42 0 77 44 0 5978 950000 4750 808300 1060000 856480
29981.209914 147759 1300 1300 1300 1300 77 46 0 77 52 0 77 42 0 77 44 0 5978 950000 4750 807204 1061250 856227
29981.409892 147760 1300 1300 1300 1300 77 46 0 77 52 0 77 42 0 77 44 0 5978 950000 4750 806382 1060000 854360
29981.609894 147761 1300 1300 1300 1300 77 46 0 77 52 0 77 42 0 77 44 0 5978 950000 4750 806382 1060000 854360
29981.809893 147762 1300 1300 1300 1300 77 46 0 77 52 0 77 42 0 77 44 0 5978 950000 4750 807204 1060000 855420
29982.009903 147763 1300 1300 1300 1300 77 46 0 77 52 0 77 42 0 77 44 0 5978 950000 4750 805560 1061250 854105
29982.209893 147764 1300 1300 1300 1300 77 46 0 77 52 0 77 42 0 77 44 0 5978 950000 4750 804738 1061250 853044
29982.409894 147765 1300 1300 1300 1300 77 46 0 77 52 0 77 42 0 77 44 0 5978 950000 4750 804738 1061250 853044
29982.609893 147766 1300 1300 1300 1300 77 46 0 77 52 0 77 42 0 77 44 0 5978 950000 4750 807204 1060000 855420
29982.809892 147767 1300 1300 1300 1300 77 46 0 77 52 0 77 42 0 77 44 0 5978 950000 4750 806656 1060000 854360
29983.009903 147768 1300 1300 1300 1300 77 46 0 77 52 0 77 42 0 77 44 0 5978 950000 4750 807752 1060000 855420
29983.209893 147769 1300 1300 1300 1300 77 46 0 77 52 0 77 42 0 77 44 0 5978 950000 4750 807752 1060000 855420
29983.409889 147770 1300 1300 1300 1300 77 46 0 77 52 0 77 42 0 77 44 0 5978 950000 4750 809396 1061250 858349
29983.609892 147771 1300 1300 1300 1300 77 46 0 77 52 0 77 42 0 77 44 0 5978 950000 4750 808848 1061250 857288
29983.809893 147772 1300 1300 1300 1300 77 46 0 77 52 0 77 42 0 77 44 0 5978 950000 4750 803916 1061250 851983
29984.009858 147773 1300 1300 1300 1300 77 46 0 77 52 0 77 42 0 77 44 0 5978 950000 4750 803916 1061250 851983
29984.209845 147774 1300 1300 1300 1300 77 46 0 77 52 0 77 42 0 77 44 0 5978 950000 4750 806108 1061250 855166
29984.409845 147775 1300 1300 1300 1300 77 46 0 77 52 0 77 42 0 77 44 0 5978 950000 4750 804464 1061250 853044
29984.609926 147776 1300 1300 1300 1300 77 46 0 77 52 0 77 42 0 77 44 0 5978 950000 4750 807204 1060000 855420
29984.809896 147777 1300 1300 1300 1300 77 46 0 77 52 0 77 42 0 77 44 0 5978 950000 4750 807204 1060000 855420
29985.009907 147778 1300 1300 1300 1300 77 46 0 77 52 0 77 42 0 77 44 0 5978 950000 4750 805286 1060000 853300
29985.209897 147779 1300 1300 1300 1300 77 46 0 77 52 0 77 42 0 77 44 0 5978 950000 4750 806382 1060000 854360
29985.409906 147780 1300 1300 1300 1300 77 46 0 77 52 0 77 42 0 77 44 0 5978 950000 4750 805834 1061250 854105
29985.610204 147781 1300 1300 1300 1300 77 46 0 77 52 0 77 42 0 77 44 0 5978 950000 4750 804464 1060000 852240
29985.809897 147782 1300 1300 1300 1300 77 46 0 77 52 0 77 42 0 77 44 0 5978 950000 4750 804464 1060000 852240
29986.009909 147783 1300 1300 1300 1300 77 46 0 77 52 0 77 42 0 77 44 0 5978 950000 4750 806930 1060000 854360
29986.209896 147784 1300 1300 1300 1300 77 46 0 77 52 0 77 42 0 77 44 0 5978 950000 4750 802546 1061250 850922
29986.409897 147785 1300 1300 1300 1300 77 46 0 77 52 0 77 42 0 77 44 0 5978 950000 4750 807478 1061250 856227
29986.609896 147786 1300 1300 1300 1300 77 46 0 77 52 0 77 42 0 77 44 0 5978 950000 4750 807478 1061250 856227
29986.809898 147787 1300 1300 1300 1300 77 46 0 77 52 0 77 42 0 77 44 0 5978 950000 4750 808026 1061250 857288
29987.009907 147788 1300 1300 1300 1300 77 46 0 77 52 0 77 42 0 77 44 0 5978 950000 4750 806930 1061250 855166
29987.209897 147789 1300 1300 1300 1300 77 46 0 77 52 0 77 42 0 77 44 0 5978 950000 4750 809944 1061250 858349
29987.409897 147790 1300 1300 1300 1300 77 46 0 77 52 0 77 42 0 77 44 0 5978 950000 4750 809944 1061250 858349
29987.609897 147791 1300 1300 1300 1300 77 46 0 77 52 0 77 42 0 77 44 0 5734 950000 4750 807204 1061250 856227
29987.809897 147792 1300 1300 1300 1300 77 46 0 77 52 0 77 42 0 77 44 0 5978 950000 4750 806108 1061250 855166
29988.009903 147793 1300 1300 1300 1300 77 46 0 77 52 0 77 42 0 77 44 0 5978 950000 4750 805560 1061250 854105
29988.209915 147794 1300 1300 1300 1300 76 46 0 76 52 0 76 42 0 76 44 0 5978 950000 4750 805560 1061250 854105
29988.409916 147795 1300 1300 1300 1300 76 46 0 76 52 0 76 42 0 76 44 0 5978 950000 4750 808300 1061250 857288
29988.609915 147796 1300 1300 1300 1300 76 46 0 76 52 0 76 42 0 76 44 0 5978 950000 4750 807752 1061250 856227
29988.809915 147797 1300 1300 1300 1300 76 46 0 76 52 0 76 42 0 76 44 0 5978 950000 4750 810766 1061250 859410
29989.009926 147798 1300 1300 1300 1300 76 46 0 76 52 0 76 42 0 76 44 0 5978 950000 4750 810766 1061250 859410
29989.209915 147799 1300 1300 1300 1300 77 46 0 77 52 0 77 42 0 77 44 0 5978 950000 4750 806930 1061250 855166
29989.409914 147800 1300 1300 1300 1300 77 46 0 77 52 0 77 42 0 77 44 0 5978 950000 4750 804190 1061250 853044
29989.609916 147801 1300 1300 1300 1300 77 46 0 77 52 0 77 42 0 77 44 0 5978 950000 4750 806108 1061250 855166
29989.809915 147802 1300 1300 1300 1300 77 46 0 77 52 0 77 42 0 77 44 0 5978 950000 4750 806108 1061250 855166
29990.009926 147803 1300 1300 1300 1300 77 46 0 77 52 0 77 42 0 77 44 0 5978 950000 4750 805834 1060000 853300
29990.209915 147804 1300 1300 1300 1300 77 46 0 77 52 0 77 42 0 77 44 0 5978 950000 4750 805560 1060000 853300
29990.409889 147805 1300 1300 1300 1300 77 46 0 77 52 0 77 42 0 77 44 0 5978 950000 4750 807752 1061250 856227
29990.609915 147806 1300 1300 1300 1300 77 46 0 77 52 0 77 42 0 77 44 0 5978 950000 4750 807752 1061250 856227
29990.809915 147807 1300 1300 1300 1300 77 46 0 77 52 0 77 42 0 77 44 0 6222 950000 5700 806930 1061250 855166
29991.009927 147808 1300 1300 1300 1300 77 46 0 77 52 0 77 42 0 77 44 0 5978 950000 4750 806930 1061250 855166
29991.209915 147809 1300 1300 1300 1300 77 46 0 77 52 0 77 42 0 77 44 0 5978 950000 4750 805286 1060000 853300
29991.409915 147810 1300 1300 1300 1300 77 46 0 77 52 0 77 42 0 77 44 0 5978 950000 4750 805286 1060000 853300
29991.609914 147811 1300 1300 1300 1300 77 46 0 77 52 0 77 42 0 77 44 0 5978 950000 4750 804738 1060000 852240
29991.809914 147812 1300 1300 1300 1300 77 46 0 77 52 0 77 42 0 77 44 0 5978 950000 4750 805834 1060000 853300
29992.009925 147813 1300 1300 1300 1300 77 46 0 77 52 0 77 42 0 77 44 0 5978 950000 4750 807478 1060000 855420
29992.209893 147814 1300 1300 1300 1300 76 46 0 76 52 0 76 42 0 76 44 0 5978 950000 4750 807752 1061250 856227
29992.409915 147815 1300 1300 1300 1300 76 46 0 76 52 0 76 42 0 76 44 0 5978 950000 4750 807752 1061250 856227
29992.609914 147816 1300 1300 1300 1300 76 46 0 76 52 0 76 42 0 76 44 0 5978 950000 4750 808300 1061250 857288
29992.809911 147817 1300 1300 1300 1300 76 46 0 76 52 0 76 42 0 76 44 0 5978 950000 4750 809670 1060000 857540
29993.009925 147818 1300 1300 1300 1300 76 46 0 76 52 0 76 42 0 76 44 0 5978 950000 4750 803642 1060000 851180
29993.209915 147819 1300 1300 1300 1300 77 46 0 77 52 0 77 42 0 77 44 0 5978 950000 4750 803642 1060000 851180
29993.409914 147820 1300 1300 1300 1300 77 46 0 77 52 0 77 42 0 77 44 0 5978 950000 4750 806108 1061250 855166
29993.609915 147821 1300 1300 1300 1300 77 46 0 77 52 0 77 42 0 77 44 0 5978 950000 4750 805012 1060000 853300
29993.809914 147822 1300 1300 1300 1300 77 46 0 77 52 0 77 42 0 77 44 0 5978 950000 4750 806656 1060000 854360
29994.009925 147823 1300 1300 1300 1300 77 46 0 77 52 0 77 42 0 77 44 0 5978 950000 4750 806656 1060000 854360
29994.209915 147824 1300 1300 1300 1300 77 46 0 77 52 0 77 42 0 77 44 0 5978 950000 4750 806108 1060000 854360
29994.409914 147825 1300 1300 1300 1300 77 46 0 77 52 0 77 42 0 77 44 0 5978 950000 4750 808574 1061250 857288
29994.609915 147826 1300 1300 1300 1300 77 46 0 77 52 0 77 42 0 77 44 0 5978 950000 4750 806108 1060000 854360
29994.809915 147827 1300 1300 1300 1300 77 46 0 77 52 0 77 42 0 77 44 0 5978 950000 4750 806108 1060000 854360
29995.009924 147828 1300 1300 1300 1300 77 46 0 77 52 0 77 42 0 77 44 0 5978 950000 4750 805560 1061250 854105
29995.209911 147829 1300 1300 1300 1300 77 46 0 77 52 0 77 42 0 77 44 0 5978 950000 4750 806108 1060000 854360
29995.409892 147830 1300 1300 1300 1300 77 46 0 77 52 0 77 42 0 77 44 0 5978 950000 4750 805560 1061250 854105
29995.609914 147831 1300 1300 1300 1300 77 46 0 77 52 0 77 42 0 77 44 0 5978 950000 4750 805560 1061250 854105
29995.809915 147832 1300 1300 1300 1300 77 46 0 77 52 0 77 42 0 77 44 0 5978 950000 4750 803368 1061250 851983
29996.009925 147833 1300 1300 1300 1300 77 46 0 77 52 0 77 42 0 77 44 0 5978 950000 4750 804738 1060000 852240
29996.209915 147834 1300 1300 1300 1300 77 46 0 77 52 0 77 42 0 77 44 0 5978 950000 4750 806656 1060000 854360
29996.409915 147835 1300 1300 1300 1300 77 46 0 77 52 0 77 42 0 77 44 0 5978 950000 4750 806656 1060000 854360
29996.609915 147836 1300 1300 1300 1300 77 46 0 77 52 0 77 42 0 77 44 0 5978 950000 4750 805834 1060000 853300
29996.809915 147837 1300 1300 1300 1300 77 46 0 77 52 0 77 42 0 77 44 0 5978 950000 4750 805012 1060000 853300
29997.009925 147838 1300 1300 1300 1300 77 46 0 77 52 0 77 42 0 77 44 0 5978 950000 4750 805286 1060000 853300
29997.209914 147839 1300 1300 1300 1300 76 46 0 76 52 0 76 42 0 76 44 0 5978 950000 4750 805286 1060000 853300
29997.409915 147840 1300 1300 1300 1300 76 46 0 76 52 0 76 42 0 76 44 0 5978 950000 4750 804464 1060000 852240
29997.609912 147841 1300 1300 1300 1300 76 46 0 76 52 0 76 42 0 76 44 0 5978 950000 4750 805834 1061250 854105
29997.809915 147842 1300 1300 1300 1300 76 46 0 76 52 0 76 42 0 76 44 0 6222 950000 5700 806108 1061250 855166
29998.009907 147843 1300 1300 1300 1300 76 46 0 76 52 0 76 42 0 76 44 0 6222 950000 5700 806108 1061250 855166
29998.209915 147844 1300 1300 1300 1300 77 46 0 77 52 0 77 42 0 77 44 0 5978 950000 4750 808026 1061250 857288
29998.409915 147845 1300 1300 1300 1300 77 46 0 77 52 0 77 42 0 77 44 0 5978 950000 4750 807752 1060000 855420
29998.609909 147846 1300 1300 1300 1300 77 46 0 77 52 0 77 42 0 77 44 0 5978 950000 4750 806930 1060000 854360
29998.809915 147847 1300 1300 1300 1300 77 46 0 77 52 0 77 42 0 77 44 0 5978 950000 4750 805560 1060000 853300
29999.009926 147848 1300 1300 1300 1300 77 46 0 77 52 0 77 42 0 77 44 0 5978 950000 4750 805560 1060000 853300
29999.209914 147849 1300 1300 1300 1300 76 46 0 76 52 0 76 42 0 76 44 0 5978 950000 4750 805286 1060000 853300
29999.409916 147850 1300 1300 1300 1300 76 46 0 76 52 0 76 42 0 76 44 0 5978 950000 4750 805834 1061250 854105
29999.609914 147851 1300 1300 1300 1300 76 46 0 76 52 0 76 42 0 76 44 0 5978 950000 4750 807478 1060000 855420
29999.809914 147852 1300 1300 1300 1300 76 46 0 76 52 0 76 42 0 76 44 0 5978 950000 4750 807478 1060000 855420
30000.009925 147853 1300 1300 1300 1300 76 46 0 76 52 0 76 42 0 76 44 0 5978 950000 4750 807204 1060000 855420
30000.209914 147854 1300 1300 1300 1300 77 46 0 77 52 0 77 42 0 77 44 0 5978 950000 4750 804738 1061250 853044
30000.409891 147855 1300 1300 1300 1300 77 46 0 77 52 0 77 42 0 77 44 0 5978 950000 4750 804738 1061250 853044
30000.609915 147856 1300 1300 1300 1300 77 46 0 77 52 0 77 42 0 77 44 0 5978 950000 4750 804738 1061250 853044
30000.809914 147857 1300 1300 1300 1300 77 46 0 77 52 0 77 42 0 77 44 0 5978 950000 4750 805286 1061250 854105
30001.009922 147858 1300 1300 1300 1300 77 46 0 77 52 0 77 42 0 77 44 0 5978 950000 4750 806382 1060000 854360
30001.209914 147859 1300 1300 1300 1300 76 46 0 76 52 0 76 42 0 76 44 0 5978 950000 4750 804464 1061250 853044
30001.409914 147860 1300 1300 1300 1300 76 46 0 76 52 0 76 42 0 76 44 0 5978 950000 4750 804464 1061250 853044
30001.609915 147861 1300 1300 1300 1300 76 46 0 76 52 0 76 42 0 76 44 0 5978 950000 4750 806656 1060000 854360
30001.809914 147862 1300 1300 1300 1300 76 46 0 76 52 0 76 42 0 76 44 0 5978 950000 4750 805560 1060000 853300
30002.009925 147863 1300 1300 1300 1300 76 46 0 76 52 0 76 42 0 76 44 0 6222 950000 5700 806656 1060000 854360
30002.209914 147864 1300 1300 1300 1300 77 46 0 77 52 0 77 42 0 77 44 0 6222 950000 5700 806656 1060000 854360
30002.409915 147865 1300 1300 1300 1300 77 46 0 77 52 0 77 42 0 77 44 0 5978 950000 4750 806656 1060000 854360
30002.609914 147866 1300 1300 1300 1300 77 46 0 77 52 0 77 42 0 77 44 0 5978 950000 4750 806930 1060000 854360
30002.809915 147867 1300 1300 1300 1300 77 46 0 77 52 0 77 42 0 77 44 0 5978 950000 4750 804464 1060000 852240
30003.009925 147868 1300 1300 1300 1300 77 46 0 77 52 0 77 42 0 77 44 0 5978 950000 4750 804464 1060000 852240
30003.209914 147869 1300 1300 1300 1300 76 46 0 76 52 0 76 42 0 76 44 0 5978 950000 4750 806382 1060000 854360
30003.409910 147870 1300 1300 1300 1300 76 46 0 76 52 0 76 42 0 76 44 0 5978 950000 4750 808026 1060000 856480
30003.609916 147871 1300 1300 1300 1300 76 46 0 76 52 0 76 42 0 76 44 0 6222 950000 5700 808574 1061250 857288
30003.809915 147872 1300 1300 1300 1300 76 46 0 76 52 0 76 42 0 76 44 0 6222 950000 5700 808574 1061250 857288
30004.009925 147873 1300 1300 1300 1300 76 46 0 76 52 0 76 42 0 76 44 0 6222 950000 5700 808574 1060000 856480
30004.209917 147874 1300 1300 1300 1300 76 46 0 76 52 0 76 42 0 76 44 0 5978 950000 4750 806108 1060000 854360
30004.409914 147875 1300 1300 1300 1300 76 46 0 76 52 0 76 42 0 76 44 0 5978 950000 4750 806930 1060000 854360
30004.609845 147876 1300 1300 1300 1300 76 46 0 76 52 0 76 42 0 76 44 0 5978 950000 4750 808026 1060000 856480
30004.809915 147877 1300 1300 1300 1300 76 46 0 76 52 0 76 42 0 76 44 0 5978 950000 4750 808026 1060000 856480
30005.009926 147878 1300 1300 1300 1300 76 46 0 76 52 0 76 42 0 76 44 0 5978 950000 4750 805012 1060000 853300
30005.209916 147879 1300 1300 1300 1300 77 46 0 77 52 0 77 42 0 77 44 0 5978 950000 4750 804738 1060000 852240
30005.409891 147880 1300 1300 1300 1300 77 46 0 77 52 0 77 42 0 77 44 0 5978 950000 4750 805012 1060000 853300
30005.609914 147881 1300 1300 1300 1300 77 46 0 77 52 0 77 42 0 77 44 0 5978 950000 4750 805012 1060000 853300
30005.809911 147882 1300 1300 1300 1300 77 46 0 77 52 0 77 42 0 77 44 0 5978 950000 4750 805286 1060000 853300
30006.009926 147883 1300 1300 1300 1300 77 46 0 77 52 0 77 42 0 77 44 0 5978 950000 4750 806930 1060000 854360
30006.209914 147884 1300 1300 1300 1300 77 46 0 77 52 0 77 42 0 77 44 0 5978 950000 4750 806382 1060000 854360
30006.409916 147885 1300 1300 1300 1300 77 46 0 77 52 0 77 42 0 77 44 0 5978 950000 4750 806382 1060000 854360
30006.609914 147886 1300 1300 1300 1300 77 46 0 77 52 0 77 42 0 77 44 0 5978 950000 4750 804464 1061250 853044
30006.809915 147887 1300 1300 1300 1300 77 46 0 77 52 0 77 42 0 77 44 0 5978 950000 4750 805286 1060000 853300
30007.009925 147888 1300 1300 1300 1300 77 46 0 77 52 0 77 42 0 77 44 0 5978 950000 4750 803642 1061250 851983
30007.209914 147889 1300 1300 1300 1300 76 46 0 76 52 0 76 42 0 76 44 0 5978 950000 4750 803642 1061250 851983
30007.409913 147890 1300 1300 1300 1300 76 46 0 76 52 0 76 42 0 76 44 0 5978 950000 4750 804464 1061250 853044
30007.609915 147891 1300 1300 1300 1300 76 46 0 76 52 0 76 42 0 76 44 0 5978 950000 4750 805834 1061250 854105
30007.809916 147892 1300 1300 1300 1300 76 46 0 76 52 0 76 42 0 76 44 0 5978 950000 4750 807752 1060000 855420
30008.009925 147893 1300 1300 1300 1300 76 46 0 76 52 0 76 42 0 76 44 0 5978 950000 4750 807752 1060000 855420
30008.209910 147894 1300 1300 1300 1300 77 46 0 77 52 0 77 42 0 77 44 0 5978 950000 4750 805560 1061250 854105
30008.409914 147895 1300 1300 1300 1300 77 46 0 77 52 0 77 42 0 77 44 0 5978 950000 4750 805286 1060000 853300
30008.609914 147896 1300 1300 1300 1300 77 46 0 77 52 0 77 42 0 77 44 0 5978 950000 4750 805560 1060000 853300
30008.809914 147897 1300 1300 1300 1300 77 46 0 77 52 0 77 42 0 77 44 0 5978 950000 4750 805560 1060000 853300
30009.009926 147898 1300 1300 1300 1300 77 46 0 77 52 0 77 42 0 77 44 0 6222 950000 5700 807478 1061250 856227
30009.209915 147899 1300 1300 1300 1300 76 46 0 76 52 0 76 42 0 76 44 0 5978 950000 4750 808574 1060000 856480
30009.409914 147900 1300 1300 1300 1300 76 46 0 76 52 0 76 42 0 76 44 0 5978 950000 4750 808848 1060000 856480
30009.609915 147901 1300 1300 1300 1300 76 46 0 76 52 0 76 42 0 76 44 0 5978 950000 4750 808848 1060000 856480
30009.809916 147902 1300 1300 1300 1300 76 46 0 76 52 0 76 42 0 76 44 0 5734 950000 4750 807204 1060000 855420
30010.009925 147903 1300 1300 1300 1300 76 46 0 76 52 0 76 42 0 76 44 0 5978 950000 4750 805560 1061250 854105
30010.209915 147904 1300 1300 1300 1300 77 46 0 77 52 0 77 42 0 77 44 0 5978 950000 4750 806656 1061250 855166
30010.409893 147905 1300 1300 1300 1300 77 46 0 77 52 0 77 42 0 77 44 0 5978 950000 4750 806656 1061250 855166
30010.609911 147906 1300 1300 1300 1300 77 46 0 77 52 0 77 42 0 77 44 0 5978 950000 4750 806930 1061250 855166
30010.809915 147907 1300 1300 1300 1300 77 46 0 77 52 0 77 42 0 77 44 0 5978 950000 4750 808848 1061250 857288
30011.009925 147908 1300 1300 1300 1300 77 46 0 77 52 0 77 42 0 77 44 0 6222 950000 5700 806108 1061250 855166
30011.209892 147909 1300 1300 1300 1300 76 46 0 76 52 0 76 42 0 76 44 0 5978 950000 4750 808574 1061250 857288
30011.409915 147910 1300 1300 1300 1300 76 46 0 76 52 0 76 42 0 76 44 0 5978 950000 4750 808574 1061250 857288
30011.609915 147911 1300 1300 1300 1300 76 46 0 76 52 0 76 42 0 76 44 0 5978 950000 4750 806656 1060000 854360
30011.809915 147912 1300 1300 1300 1300 76 46 0 76 52 0 76 42 0 76 44 0 5978 950000 4750 803368 1061250 851983
30012.009927 147913 1300 1300 1300 1300 76 46 0 76 52 0 76 42 0 76 44 0 5978 950000 4750 803368 1060000 851180
30012.209915 147914 1300 1300 1300 1300 77 46 0 77 52 0 77 42 0 77 44 0 5978 950000 4750 803368 1060000 851180
30012.409915 147915 1300 1300 1300 1300 77 46 0 77 52 0 77 42 0 77 44 0 5978 950000 4750 804738 1060000 852240
30012.609914 147916 1300 1300 1300 1300 77 46 0 77 52 0 77 42 0 77 44 0 5978 950000 4750 806656 1060000 854360
30012.809910 147917 1300 1300 1300 1300 77 46 0 77 52 0 77 42 0 77 44 0 5978 950000 4750 808848 1060000 856480
30013.009926 147918 1300 1300 1300 1300 77 46 0 77 52 0 77 42 0 77 44 0 5978 950000 4750 808848 1060000 856480
30013.209915 147919 1300 1300 1300 1300 76 46 0 76 52 0 76 42 0 76 44 0 5978 950000 4750 806656 1060000 854360
30013.409914 147920 1300 1300 1300 1300 76 46 0 76 52 0 76 42 0 76 44 0 5978 950000 4750 804738 1060000 852240
30013.609915 147921 1300 1300 1300 1300 76 46 0 76 52 0 76 42 0 76 44 0 5978 950000 4750 807752 1060000 855420
30013.809915 147922 1300 1300 1300 1300 76 46 0 76 52 0 76 42 0 76 44 0 5978 950000 4750 807752 1060000 855420
30014.009926 147923 1300 1300 1300 1300 76 46 0 76 52 0 76 42 0 76 44 0 5978 950000 4750 804738 1061250 853044
30014.209915 147924 1300 1300 1300 1300 77 46 0 77 52 0 77 42 0 77 44 0 5978 950000 4750 804464 1060000 852240
30014.409915 147925 1300 1300 1300 1300 77 46 0 77 52 0 77 42 0 77 44 0 5978 950000 4750 804464 1061250 853044
30014.609915 147926 1300 1300 1300 1300 77 46 0 77 52 0 77 42 0 77 44 0 5978 950000 4750 804464 1061250 853044
30014.809915 147927 1300 1300 1300 1300 77 46 0 77 52 0 77 42 0 77 44 0 5978 950000 4750 805286 1060000 853300
30015.009925 147928 1300 1300 1300 1300 77 46 0 77 52 0 77 42 0 77 44 0 5978 950000 4750 806108 1060000 854360
30015.209911 147929 1300 1300 1300 1300 77 46 0 77 52 0 77 42 0 77 44 0 5978 950000 4750 806656 1060000 854360
30015.409892 147930 1300 1300 1300 1300 77 46 0 77 52 0 77 42 0 77 44 0 5978 950000 4750 806656 1060000 854360
30015.609915 147931 1300 1300 1300 1300 77 46 0 77 52 0 77 42 0 77 44 0 5978 950000 4750 804464 1060000 852240
30015.809914 147932 1300 1300 1300 1300 77 46 0 77 52 0 77 42 0 77 44 0 5978 950000 4750 804190 1060000 852240
30016.009925 147933 1300 1300 1300 1300 77 46 0 77 52 0 77 42 0 77 44 0 5978 950000 4750 804464 1060000 852240
30016.209916 147934 1300 1300 1300 1300 76 46 0 76 52 0 76 42 0 76 44 0 5978 950000 4750 804464 1060000 852240
30016.409913 147935 1300 1300 1300 1300 76 46 0 76 52 0 76 42 0 76 44 0 5978 950000 4750 804190 1060000 852240
30016.609915 147936 1300 1300 1300 1300 76 46 0 76 52 0 76 42 0 76 44 0 5978 950000 4750 809122 1061250 858349
30016.809915 147937 1300 1300 1300 1300 76 46 0 76 52 0 76 42 0 76 44 0 5978 950000 4750 805286 1060000 853300
30017.009911 147938 1300 1300 1300 1300 76 46 0 76 52 0 76 42 0 76 44 0 5978 950000 4750 805286 1060000 853300
30017.209914 147939 1300 1300 1300 1300 76 46 0 76 52 0 76 42 0 76 44 0 5978 950000 4750 806382 1060000 854360
30017.409915 147940 1300 1300 1300 1300 76 46 0 76 52 0 76 42 0 76 44 0 5978 950000 4750 804464 1061250 853044
30017.609911 147941 1300 1300 1300 1300 76 46 0 76 52 0 76 42 0 76 44 0 5978 950000 4750 802546 1060000 850120
30017.809915 147942 1300 1300 1300 1300 76 46 0 76 52 0 76 42 0 76 44 0 5978 950000 4750 805012 1060000 853300
30018.009925 147943 1300 1300 1300 1300 77 46 0 77 52 0 77 42 0 77 44 0 5978 950000 4750 805012 1060000 853300
30018.209915 147944 1300 1300 1300 1300 76 46 0 76 52 0 76 42 0 76 44 0 5978 950000 4750 803368 1060000 851180
30018.409915 147945 1300 1300 1300 1300 76 46 0 76 52 0 76 42 0 76 44 0 5978 950000 4750 805560 1060000 853300
30018.609915 147946 1300 1300 1300 1300 76 46 0 76 52 0 76 42 0 76 44 0 5978 950000 4750 807478 1060000 855420
30018.809914 147947 1300 1300 1300 1300 76 46 0 76 52 0 76 42 0 76 44 0 5978 950000 4750 807478 1060000 855420
30019.009925 147948 1300 1300 1300 1300 76 46 0 76 52 0 76 42 0 76 44 0 5978 950000 4750 808574 1060000 856480
30019.209915 147949 1300 1300 1300 1300 76 46 0 76 52 0 76 42 0 76 44 0 5978 950000 4750 805286 1061250 854105
30019.409915 147950 1300 1300 1300 1300 76 46 0 76 52 0 76 42 0 76 44 0 5978 950000 4750 805012 1060000 853300
30019.609915 147951 1300 1300 1300 1300 76 46 0 76 52 0 76 42 0 76 44 0 5978 950000 4750 805012 1060000 853300
30019.809914 147952 1300 1300 1300 1300 76 46 0 76 52 0 76 42 0 76 44 0 5978 950000 4750 803368 1061250 851983
30020.009926 147953 1300 1300 1300 1300 76 46 0 76 52 0 76 42 0 76 44 0 5978 950000 4750 807204 1060000 855420
30020.209915 147954 1300 1300 1300 1300 76 46 0 76 52 0 76 42 0 76 44 0 5978 950000 4750 807204 1060000 855420
30020.409891 147955 1300 1300 1300 1300 76 46 0 76 52 0 76 42 0 76 44 0 5978 950000 4750 807204 1060000 855420
30020.609914 147956 1300 1300 1300 1300 76 46 0 76 52 0 76 42 0 76 44 0 5978 950000 4750 806656 1060000 854360
30020.809914 147957 1300 1300 1300 1300 76 46 0 76 52 0 76 42 0 76 44 0 5978 950000 4750 807752 1060000 855420
30021.009922 147958 1300 1300 1300 1300 76 46 0 76 52 0 76 42 0 76 44 0 5978 950000 4750 806656 1060000 854360
30021.209914 147959 1300 1300 1300 1300 77 46 0 77 52 0 77 42 0 77 44 0 5978 950000 4750 806656 1060000 854360
30021.409915 147960 1300 1300 1300 1300 77 46 0 77 52 0 77 42 0 77 44 0 5978 950000 4750 804738 1061250 853044
30021.609915 147961 1300 1300 1300 1300 77 46 0 77 52 0 77 42 0 77 44 0 5978 950000 4750 805560 1060000 853300
30021.809915 147962 1300 1300 1300 1300 77 46 0 77 52 0 77 42 0 77 44 0 5978 950000 4750 803368 1061250 851983
30022.009925 147963 1300 1300 1300 1300 77 46 0 77 52 0 77 42 0 77 44 0 5978 950000 4750 803368 1061250 851983
30022.209915 147964 1300 1300 1300 1300 76 46 0 76 52 0 76 42 0 76 44 0 5978 950000 4750 805286 1060000 853300
30022.409914 147965 1300 1300 1300 1300 76 46 0 76 52 0 76 42 0 76 44 0 5978 950000 4750 806656 1060000 854360
30022.609914 147966 1300 1300 1300 1300 76 46 0 76 52 0 76 42 0 76 44 0 5978 950000 4750 807204 1061250 856227
30022.809914 147967 1300 1300 1300 1300 76 46 0 76 52 0 76 42 0 76 44 0 5978 950000 4750 807204 1061250 856227
30023.009926 147968 1300 1300 1300 1300 76 46 0 76 52 0 76 42 0 76 44 0 5978 950000 4750 803916 1060000 851180
30023.209914 147969 1300 1300 1300 1300 77 46 0 77 52 0 77 42 0 77 44 0 5978 950000 4750 803642 1060000 851180
30023.409911 147970 1300 1300 1300 1300 77 46 0 77 52 0 77 42 0 77 44 0 5978 950000 4750 807478 1061250 856227
30023.609845 147971 1300 1300 1300 1300 77 46 0 77 52 0 77 42 0 77 44 0 5978 950000 4750 806108 1060000 854360
30023.809915 147972 1300 1300 1300 1300 77 46 0 77 52 0 77 42 0 77 44 0 5978 950000 4750 806108 1060000 854360
30024.009925 147973 1300 1300 1300 1300 77 46 0 77 52 0 77 42 0 77 44 0 6222 950000 5700 811040 1061250 860471
30024.209914 147974 1300 1300 1300 1300 76 46 0 76 52 0 76 42 0 76 44 0 5978 950000 4750 806656 1060000 854360
30024.409915 147975 1300 1300 1300 1300 76 46 0 76 52 0 76 42 0 76 44 0 5978 950000 4750 808574 1060000 856480
30024.609916 147976 1300 1300 1300 1300 76 46 0 76 52 0 76 42 0 76 44 0 5978 950000 4750 808574 1060000 856480
30024.809914 147977 1300 1300 1300 1300 76 46 0 76 52 0 76 42 0 76 44 0 5978 950000 4750 806108 1060000 854360
30025.009926 147978 1300 1300 1300 1300 76 46 0 76 52 0 76 42 0 76 44 0 5978 950000 4750 804190 1061250 853044
30025.209916 147979 1300 1300 1300 1300 76 46 0 76 52 0 76 42 0 76 44 0 5978 950000 4750 805012 1060000 853300
30025.409893 147980 1300 1300 1300 1300 76 46 0 76 52 0 76 42 0 76 44 0 5978 950000 4750 805012 1060000 853300
30025.609915 147981 1300 1300 1300 1300 76 46 0 76 52 0 76 42 0 76 44 0 5978 950000 4750 805286 1060000 853300
30025.809910 147982 1300 1300 1300 1300 76 46 0 76 52 0 76 42 0 76 44 0 5978 950000 4750 805834 1060000 853300
30026.009925 147983 1300 1300 1300 1300 76 46 0 76 52 0 76 42 0 76 44 0 5978 950000 4750 805834 1060000 853300
30026.209914 147984 1300 1300 1300 1300 76 46 0 76 52 0 76 42 0 76 44 0 5978 950000 4750 805834 1060000 853300
30026.409914 147985 1300 1300 1300 1300 76 46 0 76 52 0 76 42 0 76 44 0 5978 950000 4750 806382 1061250 855166
30026.609914 147986 1300 1300 1300 1300 76 46 0 76 52 0 76 42 0 76 44 0 5978 950000 4750 806656 1060000 854360
30026.809914 147987 1300 1300 1300 1300 76 46 0 76 52 0 76 42 0 76 44 0 5978 950000 4750 805012 1061250 854105
30027.009925 147988 1300 1300 1300 1300 76 46 0 76 52 0 76 42 0 76 44 0 5978 950000 4750 805012 1061250 854105
30027.209915 147989 1300 1300 1300 1300 77 46 0 77 52 0 77 42 0 77 44 0 5978 950000 4750 803368 1061250 851983
30027.409915 147990 1300 1300 1300 1300 77 46 0 77 52 0 77 42 0 77 44 0 5978 950000 4750 804738 1061250 853044
30027.609915 147991 1300 1300 1300 1300 77 46 0 77 52 0 77 42 0 77 44 0 5978 950000 4750 806108 1060000 854360
30027.809915 147992 1300 1300 1300 1300 77 46 0 77 52 0 77 42 0 77 44 0 5978 950000 4750 806108 1060000 854360
30028.009924 147993 1300 1300 1300 1300 76 46 0 76 52 0 76 42 0 76 44 0 5978 950000 4750 806656 1060000 854360
30028.209911 147994 1300 1300 1300 1300 77 46 0 77 52 0 77 42 0 77 44 0 5978 950000 4750 807204 1061250 856227
30028.409914 147995 1300 1300 1300 1300 77 46 0 77 52 0 77 42 0 77 44 0 5978 950000 4750 806108 1061250 855166
30028.609915 147996 1300 1300 1300 1300 77 46 0 77 52 0 77 42 0 77 44 0 5978 950000 4750 806108 1061250 855166
30028.809916 147997 1300 1300 1300 1300 77 46 0 77 52 0 77 42 0 77 44 0 5978 950000 4750 805012 1060000 853300
30029.009926 147998 1300 1300 1300 1300 77 46 0 77 52 0 77 42 0 77 44 0 5978 950000 4750 805834 1060000 853300
30029.209915 147999 1300 1300 1300 1300 77 46 0 77 52 0 77 42 0 77 44 0 5978 950000 4750 805286 1061250 854105
30029.409897 148000 1300 1300 1300 1300 77 46 0 77 52 0 77 42 0 77 44 0 5978 950000 4750 805286 1061250 854105
30029.609915 148001 1300 1300 1300 1300 77 46 0 77 52 0 77 42 0 77 44 0 5978 950000 4750 807752 1060000 855420
30029.809915 148002 1300 1300 1300 1300 77 46 0 77 52 0 77 42 0 77 44 0 5978 950000 4750 809122 1060000 857540
30030.009925 148003 1300 1300 1300 1300 77 46 0 77 52 0 77 42 0 77 44 0 5978 950000 4750 806108 1060000 854360
30030.209893 148004 1300 1300 1300 1300 77 46 0 77 52 0 77 42 0 77 44 0 5978 950000 4750 807478 1060000 855420
30030.409893 148005 1300 1300 1300 1300 77 46 0 77 52 0 77 42 0 77 44 0 5978 950000 4750 807478 1060000 855420
30030.609911 148006 1300 1300 1300 1300 77 46 0 77 52 0 77 42 0 77 44 0 5978 950000 4750 806108 1060000 854360
30030.809914 148007 1300 1300 1300 1300 77 46 0 77 52 0 77 42 0 77 44 0 5978 950000 4750 805012 1061250 854105
30031.009926 148008 1300 1300 1300 1300 77 46 0 77 52 0 77 42 0 77 44 0 5978 950000 4750 805560 1060000 853300
30031.209915 148009 1300 1300 1300 1300 77 46 0 77 52 0 77 42 0 77 44 0 5978 950000 4750 805560 1060000 853300
30031.409915 148010 1300 1300 1300 1300 77 46 0 77 52 0 77 42 0 77 44 0 5978 950000 4750 806656 1060000 854360
30031.609915 148011 1300 1300 1300 1300 77 46 0 77 52 0 77 42 0 77 44 0 5978 950000 4750 807478 1060000 855420
30031.809915 148012 1300 1300 1300 1300 77 46 0 77 52 0 77 42 0 77 44 0 5978 950000 4750 806656 1060000 854360
30032.009925 148013 1300 1300 1300 1300 77 46 0 77 52 0 77 42 0 77 44 0 5978 950000 4750 806656 1060000 854360
30032.209915 148014 1300 1300 1300 1300 76 46 0 76 52 0 76 42 0 76 44 0 6222 950000 5700 806656 1060000 854360
30032.409914 148015 1300 1300 1300 1300 76 46 0 76 52 0 76 42 0 76 44 0 5978 950000 4750 808026 1060000 856480
30032.609914 148016 1300 1300 1300 1300 76 46 0 76 52 0 76 42 0 76 44 0 5978 950000 4750 807204 1060000 855420
30032.809914 148017 1300 1300 1300 1300 76 46 0 76 52 0 76 42 0 76 44 0 5978 950000 4750 807204 1060000 855420
30033.009923 148018 1300 1300 1300 1300 76 46 0 76 52 0 76 42 0 76 44 0 5978 950000 4750 803916 1060000 851180
30033.209914 148019 1300 1300 1300 1300 77 46 0 77 52 0 77 42 0 77 44 0 5978 950000 4750 805286 1060000 853300
30033.409914 148020 1300 1300 1300 1300 77 46 0 77 52 0 77 42 0 77 44 0 5978 950000 4750 806382 1060000 854360
30033.609915 148021 1300 1300 1300 1300 77 46 0 77 52 0 77 42 0 77 44 0 5978 950000 4750 806382 1060000 854360
30033.809915 148022 1300 1300 1300 1300 77 46 0 77 52 0 77 42 0 77 44 0 5978 950000 4750 806108 1060000 854360
30034.009926 148023 1300 1300 1300 1300 77 46 0 77 52 0 77 42 0 77 44 0 6222 950000 5700 808026 1060000 856480
30034.209915 148024 1300 1300 1300 1300 77 46 0 77 52 0 77 42 0 77 44 0 5978 950000 4750 806108 1060000 854360
30034.409914 148025 1300 1300 1300 1300 77 46 0 77 52 0 77 42 0 77 44 0 5978 950000 4750 806108 1060000 854360
30034.609914 148026 1300 1300 1300 1300 77 46 0 77 52 0 77 42 0 77 44 0 5978 950000 4750 803368 1061250 851983
30034.809914 148027 1300 1300 1300 1300 77 46 0 77 52 0 77 42 0 77 44 0 5978 950000 4750 807204 1060000 855420
30035.009925 148028 1300 1300 1300 1300 77 46 0 77 52 0 77 42 0 77 44 0 5978 950000 4750 805834 1060000 853300
30035.209915 148029 1300 1300 1300 1300 77 46 0 77 52 0 77 42 0 77 44 0 5978 950000 4750 805834 1060000 853300
30035.409898 148030 1300 1300 1300 1300 77 46 0 77 52 0 77 42 0 77 44 0 6222 950000 5700 805834 1061250 854105
30035.609914 148031 1300 1300 1300 1300 77 46 0 77 52 0 77 42 0 77 44 0 5978 950000 4750 806108 1061250 855166
30035.809915 148032 1300 1300 1300 1300 77 46 0 77 52 0 77 42 0 77 44 0 5978 950000 4750 807204 1060000 855420
30036.009908 148033 1300 1300 1300 1300 77 46 0 77 52 0 77 42 0 77 44 0 5978 950000 4750 807204 1060000 855420
30036.209915 148034 1300 1300 1300 1300 77 46 0 77 52 0 77 42 0 77 44 0 5978 950000 4750 807204 1060000 855420
30036.409910 148035 1300 1300 1300 1300 77 46 0 77 52 0 77 42 0 77 44 0 6222 950000 5700 805012 1060000 853300
30036.609915 148036 1300 1300 1300 1300 77 46 0 77 52 0 77 42 0 77 44 0 5978 950000 4750 803368 1060000 851180
30036.809914 148037 1300 1300 1300 1300 77 46 0 77 52 0 77 42 0 77 44 0 5978 950000 4750 806108 1060000 854360
30037.009925 148038 1300 1300 1300 1300 77 46 0 77 52 0 77 42 0 77 44 0 5978 950000 4750 806108 1060000 854360
30037.209915 148039 1300 1300 1300 1300 77 46 0 77 52 0 77 42 0 77 44 0 5978 950000 4750 806656 1061250 855166
30037.409914 148040 1300 1300 1300 1300 77 46 0 77 52 0 77 42 0 77 44 0 5978 950000 4750 805560 1060000 853300
30037.609917 148041 1300 1300 1300 1300 77 46 0 77 52 0 77 42 0 77 44 0 5978 950000 4750 806930 1060000 854360
30037.809915 148042 1300 1300 1300 1300 77 46 0 77 52 0 77 42 0 77 44 0 5978 950000 4750 806930 1060000 854360
30038.009925 148043 1300 1300 1300 1300 77 46 0 77 52 0 77 42 0 77 44 0 5978 950000 4750 808026 1060000 856480
30038.209915 148044 1300 1300 1300 1300 77 46 0 77 52 0 77 42 0 77 44 0 5978 950000 4750 806108 1061250 855166
30038.409915 148045 1300 1300 1300 1300 77 46 0 77 52 0 77 42 0 77 44 0 5978 950000 4750 805012 1061250 854105
30038.609915 148046 1300 1300 1300 1300 77 46 0 77 52 0 77 42 0 77 44 0 5978 950000 4750 805012 1061250 854105
30038.809911 148047 1300 1300 1300 1300 77 46 0 77 52 0 77 42 0 77 44 0 5978 950000 4750 806108 1060000 854360
30039.009926 148048 1300 1300 1300 1300 77 46 0 77 52 0 77 42 0 77 44 0 5978 950000 4750 809670 1060000 857540
30039.209915 148049 1300 1300 1300 1300 77 46 0 77 52 0 77 42 0 77 44 0 5978 950000 4750 808026 1060000 856480
30039.409916 148050 1300 1300 1300 1300 77 46 0 77 52 0 77 42 0 77 44 0 5978 950000 4750 808026 1060000 856480
30039.609914 148051 1300 1300 1300 1300 77 46 0 77 52 0 77 42 0 77 44 0 5978 950000 4750 807752 1060000 855420
30039.809914 148052 1300 1300 1300 1300 77 46 0 77 52 0 77 42 0 77 44 0 5978 950000 4750 806108 1061250 855166
30040.009925 148053 1300 1300 1300 1300 77 46 0 77 52 0 77 42 0 77 44 0 5978 950000 4750 805834 1060000 853300
30040.209914 148054 1300 1300 1300 1300 77 46 0 77 52 0 77 42 0 77 44 0 5978 950000 4750 805834 1060000 853300
30040.409911 148055 1300 1300 1300 1300 77 46 0 77 52 0 77 42 0 77 44 0 5978 950000 4750 807752 1061250 856227
30040.609914 148056 1300 1300 1300 1300 77 46 0 77 52 0 77 42 0 77 44 0 5978 950000 4750 808026 1061250 857288
30040.809914 148057 1300 1300 1300 1300 77 46 0 77 52 0 77 42 0 77 44 0 5978 950000 4750 806108 1061250 855166
30041.009926 148058 1300 1300 1300 1300 77 46 0 77 52 0 77 42 0 77 44 0 5978 950000 4750 806108 1061250 855166
30041.209911 148059 1300 1300 1300 1300 77 46 0 77 52 0 77 42 0 77 44 0 6222 950000 5700 809396 1060000 857540
30041.409915 148060 1300 1300 1300 1300 77 46 0 77 52 0 77 42 0 77 44 0 5978 950000 4750 812684 1061250 861532
30041.609914 148061 1300 1300 1300 1300 77 46 0 77 52 0 77 42 0 77 44 0 5978 950000 4750 805286 1060000 853300
30041.809914 148062 1300 1300 1300 1300 77 46 0 77 52 0 77 42 0 77 44 0 5978 950000 4750 805286 1060000 853300
30042.009926 148063 1300 1300 1300 1300 77 46 0 77 52 0 77 42 0 77 44 0 5978 950000 4750 808026 1061250 857288
30042.209915 148064 1300 1300 1300 1300 76 46 0 76 52 0 76 42 0 76 44 0 5978 950000 4750 803368 1060000 851180
30042.409914 148065 1300 1300 1300 1300 76 46 0 76 52 0 76 42 0 76 44 0 5978 950000 4750 805834 1060000 853300
30042.609892 148066 1300 1300 1300 1300 76 46 0 76 52 0 76 42 0 76 44 0 5978 950000 4750 807204 1060000 855420
30042.809914 148067 1300 1300 1300 1300 76 46 0 76 52 0 76 42 0 76 44 0 5978 950000 4750 807204 1060000 855420
30043.009925 148068 1300 1300 1300 1300 76 46 0 76 52 0 76 42 0 76 44 0 5978 950000 4750 806930 1060000 854360
30043.209914 148069 1300 1300 1300 1300 77 46 0 77 52 0 77 42 0 77 44 0 5978 950000 4750 806930 1060000 854360
30043.409955 148070 1300 1300 1300 1300 77 46 0 77 52 0 77 42 0 77 44 0 6222 950000 5700 808848 1061250 857288
30043.609908 148071 1300 1300 1300 1300 77 46 0 77 52 0 77 42 0 77 44 0 6222 950000 5700 808848 1061250 857288
30043.809906 148072 1300 1300 1300 1300 77 46 0 77 52 0 77 42 0 77 44 0 5978 950000 4750 443606 1058750 468694
30044.009917 148073 1300 1300 1300 1300 77 46 0 77 52 0 77 42 0 77 44 0 5734 950000 4750 59732 1057500 62363
30044.209906 148074 1300 1300 1300 1300 75 46 0 75 52 0 75 42 0 75 44 0 5978 950000 4750 64116 1057500 67648
30044.409906 148075 1300 1300 1300 1300 75 46 0 75 52 0 75 42 0 75 44 0 5978 950000 4750 64116 1057500 67648
30044.609906 148076 1300 1300 1300 1300 75 46 0 75 52 0 75 42 0 75 44 0 5978 950000 4750 65486 1057500 68705
30044.809906 148077 1300 1300 1300 1300 75 46 0 75 52 0 75 42 0 75 44 0 5734 950000 4750 65212 1057500 68705
30045.009917 148078 1300 1300 1300 1300 75 46 0 75 52 0 75 42 0 75 44 0 5978 950000 4750 64938 1057500 67648
30045.209906 148079 1300 1300 1300 1300 74 46 0 74 52 0 74 42 0 74 44 0 5978 950000 4750 64938 1057500 67648
30045.409882 148080 1300 1300 1300 1300 74 46 0 74 52 0 74 42 0 74 44 0 5734 950000 4750 63568 1057500 66591
30045.609906 148081 1300 1300 1300 1300 74 46 0 74 52 0 74 42 0 74 44 0 5734 950000 4750 60554 1057500 63420
30045.809880 148082 1300 1300 1300 1300 74 46 0 74 52 0 74 42 0 74 44 0 5734 950000 4750 60554 1057500 63420
30046.009895 148083 1300 1300 1300 1300 74 46 0 74 52 0 74 42 0 74 44 0 5734 950000 4750 60554 1057500 63420
30046.209884 148084 1300 1300 1300 1300 73 46 0 73 52 0 73 42 0 73 44 0 5734 950000 4750 61924 1057500 64477
