 5121.898810 25089 1300 1300 1300 1300 75 46 0 75 52 0 75 42 0 75 44 0 14762 1210000 16940 65486 1057500 68705
 5122.098810 25090 1300 1300 1300 1300 74 46 0 74 52 0 74 42 0 74 44 0 14762 1210000 16940 65486 1057500 68705
 5122.298810 25091 1300 1300 1300 1300 74 46 0 74 52 0 74 42 0 74 44 0 15006 1210000 18150 64938 1057500 67648
 5122.498931 25092 1300 1300 1300 1300 74 46 0 74 52 0 74 42 0 74 44 0 15006 1210000 18150 66034 1057500 69762
 5122.698811 25093 1300 1300 1300 1300 74 46 0 74 52 0 74 42 0 74 44 0 15006 1210000 18150 60828 1057500 63420
 5122.898809 25094 1300 1300 1300 1300 74 46 0 74 52 0 74 42 0 74 44 0 15006 1210000 18150 60828 1057500 63420
 5123.098811 25095 1300 1300 1300 1300 74 46 0 74 52 0 74 42 0 74 44 0 15006 1210000 18150 272904 1058750 287776
 5123.298889 25096 1300 1300 1300 1300 74 46 0 74 52 0 74 42 0 74 44 0 15250 1210000 18150 59732 1057500 62363
 5123.503789 25097 1300 1300 1300 1300 74 46 0 74 52 0 74 42 0 74 44 0 14762 1210000 16940 71240 1057500 75047
 5123.703758 25098 1300 1300 1300 1300 74 46 0 74 52 0 74 42 0 74 44 0 14762 1210000 16940 71240 1057500 75047
 5123.903835 25099 1300 1300 1300 1300 74 46 0 74 52 0 74 42 0 74 44 0 15006 1210000 18150 626912 1060000 663560
 5124.103972 25100 1300 1300 1300 1300 77 46 0 77 52 0 77 42 0 77 44 0 15250 1210000 18150 957082 1061250 1015377
 5124.303800 25101 1300 1300 1300 1300 77 46 0 77 52 0 77 42 0 77 44 0 14762 1210000 16940 878992 1061250 931558
 5124.503819 25102 1300 1300 1300 1300 77 46 0 77 52 0 77 42 0 77 44 0 14762 1210000 16940 878992 1061250 931558
 5124.703818 25103 1300 1300 1300 1300 77 46 0 77 52 0 77 42 0 77 44 0 14518 1210000 16940 814602 1061250 863654
 5124.903814 25104 1300 1300 1300 1300 77 46 0 77 52 0 77 42 0 77 44 0 14518 1210000 16940 837070 1061250 888057
 5125.103820 25105 1300 1300 1300 1300 75 46 0 75 52 0 75 42 0 75 44 0 15006 1210000 18150 851318 1061250 902911
 5125.303800 25106 1300 1300 1300 1300 75 46 0 75 52 0 75 42 0 75 44 0 15006 1210000 18150 851318 1061250 902911
 5125.503819 25107 1300 1300 1300 1300 75 46 0 75 52 0 75 42 0 75 44 0 15250 1210000 18150 835974 1061250 885935
 5125.703818 25108 1300 1300 1300 1300 75 46 0 75 52 0 75 42 0 75 44 0 14762 1210000 16940 838440 1061250 889118
 5125.903819 25109 1300 1300 1300 1300 75 46 0 75 52 0 75 42 0 75 44 0 14762 1210000 16940 836522 1061250 886996
 5126.103818 25110 1300 1300 1300 1300 76 46 0 76 52 0 76 42 0 76 44 0 15006 1210000 18150 835700 1061250 885935
 5126.303801 25111 1300 1300 1300 1300 76 46 0 76 52 0 76 42 0 76 44 0 15006 1210000 18150 835700 1061250 885935
 5126.503819 25112 1300 1300 1300 1300 76 46 0 76 52 0 76 42 0 76 44 0 14762 1210000 16940 838166 1061250 889118
 5126.703819 25113 1300 1300 1300 1300 76 46 0 76 52 0 76 42 0 76 44 0 15006 1210000 18150 835700 1061250 885935
 5126.903819 25114 1300 1300 1300 1300 76 46 0 76 52 0 76 42 0 76 44 0 15006 1210000 18150 835974 1061250 885935
 5127.103820 25115 1300 1300 1300 1300 76 46 0 76 52 0 76 42 0 76 44 0 15006 1210000 18150 835974 1061250 885935
 5127.303797 25116 1300 1300 1300 1300 76 46 0 76 52 0 76 42 0 76 44 0 15006 1210000 18150 835700 1061250 885935
 5127.503819 25117 1300 1300 1300 1300 76 46 0 76 52 0 76 42 0 76 44 0 15006 1210000 18150 840084 1061250 891240
 5127.703819 25118 1300 1300 1300 1300 76 46 0 76 52 0 76 42 0 76 44 0 15006 1210000 18150 836248 1061250 886996
 5127.903833 25119 1300 1300 1300 1300 76 46 0 76 52 0 76 42 0 76 44 0 15006 1210000 18150 836248 1061250 886996
 5128.103820 25120 1300 1300 1300 1300 76 46 0 76 52 0 76 42 0 76 44 0 15006 1210000 18150 836522 1061250 886996
 5128.303801 25121 1300 1300 1300 1300 76 46 0 76 52 0 76 42 0 76 44 0 14762 1208750 16912 835152 1061250 885935
 5128.503819 25122 1300 1300 1300 1300 76 46 0 76 52 0 76 42 0 76 44 0 14762 1210000 16940 836522 1061250 886996
 5128.703818 25123 1300 1300 1300 1300 76 46 0 76 52 0 76 42 0 76 44 0 14762 1210000 16940 836522 1061250 886996
 5128.903845 25124 1300 1300 1300 1300 76 46 0 76 52 0 76 42 0 76 44 0 15006 1210000 18150 837618 1061250 888057
 5129.103819 25125 1300 1300 1300 1300 76 46 0 76 52 0 76 42 0 76 44 0 15006 1210000 18150 837892 1061250 888057
 5129.303819 25126 1300 1300 1300 1300 76 46 0 76 52 0 76 42 0 76 44 0 15006 1210000 18150 841728 1061250 892301
 5129.503818 25127 1300 1300 1300 1300 76 46 0 76 52 0 76 42 0 76 44 0 15006 1210000 18150 841728 1061250 892301
 5129.703818 25128 1300 1300 1300 1300 76 46 0 76 52 0 76 42 0 76 44 0 15006 1210000 18150 838988 1061250 889118
 5129.903818 25129 1300 1300 1300 1300 76 46 0 76 52 0 76 42 0 76 44 0 15006 1210000 18150 838714 1061250 889118
 5130.103820 25130 1300 1300 1300 1300 76 46 0 76 52 0 76 42 0 76 44 0 15250 1210000 18150 841454 1061250 892301
 5130.303819 25131 1300 1300 1300 1300 76 46 0 76 52 0 76 42 0 76 44 0 15250 1210000 18150 841454 1061250 892301
 5130.503819 25132 1300 1300 1300 1300 76 46 0 76 52 0 76 42 0 76 44 0 15006 1210000 18150 837618 1061250 888057
 5130.703815 25133 1300 1300 1300 1300 76 46 0 76 52 0 76 42 0 76 44 0 14762 1210000 16940 840358 1061250 891240
 5130.903819 25134 1300 1300 1300 1300 76 46 0 76 52 0 76 42 0 76 44 0 15006 1210000 18150 838166 1061250 889118
 5131.103818 25135 1300 1300 1300 1300 76 46 0 76 52 0 76 42 0 76 44 0 15006 1210000 18150 838166 1061250 889118
 5131.303818 25136 1300 1300 1300 1300 76 46 0 76 52 0 76 42 0 76 44 0 15006 1210000 18150 837892 1061250 888057
 5131.503818 25137 1300 1300 1300 1300 76 46 0 76 52 0 76 42 0 76 44 0 15006 1210000 18150 840358 1061250 891240
 5131.703818 25138 1300 1300 1300 1300 76 46 0 76 52 0 76 42 0 76 44 0 15006 1210000 18150 839810 1061250 890179
 5131.903749 25139 1300 1300 1300 1300 76 46 0 76 52 0 76 42 0 76 44 0 15006 1210000 18150 839810 1061250 890179
 5132.103832 25140 1300 1300 1300 1300 76 46 0 76 52 0 76 42 0 76 44 0 15006 1210000 18150 839810 1061250 890179
 5132.303818 25141 1300 1300 1300 1300 76 46 0 76 52 0 76 42 0 76 44 0 15250 1210000 18150 840906 1061250 891240
 5132.503819 25142 1300 1300 1300 1300 76 46 0 76 52 0 76 42 0 76 44 0 14762 1210000 16940 839810 1061250 890179
 5132.703818 25143 1300 1300 1300 1300 76 46 0 76 52 0 76 42 0 76 44 0 15006 1210000 18150 837344 1061250 888057
 5132.903818 25144 1300 1300 1300 1300 76 46 0 76 52 0 76 42 0 76 44 0 15006 1210000 18150 837344 1061250 888057
 5133.103816 25145 1300 1300 1300 1300 77 46 0 77 52 0 77 42 0 77 44 0 15006 1210000 18150 837892 1061250 888057
 5133.303819 25146 1300 1300 1300 1300 77 46 0 77 52 0 77 42 0 77 44 0 15006 1210000 18150 840358 1061250 891240
 5133.503819 25147 1300 1300 1300 1300 77 46 0 77 52 0 77 42 0 77 44 0 15250 1210000 18150 842824 1061250 893362
 5133.703818 25148 1300 1300 1300 1300 77 46 0 77 52 0 77 42 0 77 44 0 15250 1210000 18150 842824 1061250 893362
 5133.903818 25149 1300 1300 1300 1300 77 46 0 77 52 0 77 42 0 77 44 0 15006 1210000 18150 839536 1061250 890179
 5134.103818 25150 1300 1300 1300 1300 77 46 0 77 52 0 77 42 0 77 44 0 15250 1210000 18150 836248 1061250 886996
 5134.303820 25151 1300 1300 1300 1300 77 46 0 77 52 0 77 42 0 77 44 0 15006 1210000 18150 838440 1061250 889118
 5134.503819 25152 1300 1300 1300 1300 77 46 0 77 52 0 77 42 0 77 44 0 15006 1210000 18150 838440 1061250 889118
 5134.703819 25153 1300 1300 1300 1300 77 46 0 77 52 0 77 42 0 77 44 0 15250 1210000 18150 837344 1061250 888057
 5134.903818 25154 1300 1300 1300 1300 77 46 0 77 52 0 77 42 0 77 44 0 15250 1210000 18150 836248 1061250 886996
 5135.103819 25155 1300 1300 1300 1300 77 46 0 77 52 0 77 42 0 77 44 0 15006 1210000 18150 839262 1061250 890179
 5135.303819 25156 1300 1300 1300 1300 77 46 0 77 52 0 77 42 0 77 44 0 15006 1210000 18150 839262 1061250 890179
 5135.503816 25157 1300 1300 1300 1300 77 46 0 77 52 0 77 42 0 77 44 0 15006 1210000 18150 840358 1061250 891240
 5135.703818 25158 1300 1300 1300 1300 77 46 0 77 52 0 77 42 0 77 44 0 15494 1210000 18150 840358 1061250 891240
 5135.903818 25159 1300 1300 1300 1300 77 46 0 77 52 0 77 42 0 77 44 0 15250 1210000 18150 839810 1061250 890179
 5136.103823 25160 1300 1300 1300 1300 77 46 0 77 52 0 77 42 0 77 44 0 15250 1210000 18150 839810 1061250 890179
 5136.303818 25161 1300 1300 1300 1300 77 46 0 77 52 0 77 42 0 77 44 0 15006 1210000 18150 838988 1061250 889118
 5136.503819 25162 1300 1300 1300 1300 77 46 0 77 52 0 77 42 0 77 44 0 15006 1210000 18150 841180 1061250 892301
 5136.703819 25163 1300 1300 1300 1300 77 46 0 77 52 0 77 42 0 77 44 0 15250 1210000 18150 837892 1061250 888057
 5136.903818 25164 1300 1300 1300 1300 77 46 0 77 52 0 77 42 0 77 44 0 15250 1210000 18150 837892 1061250 888057
 5137.103819 25165 1300 1300 1300 1300 77 46 0 77 52 0 77 42 0 77 44 0 15006 1210000 18150 842550 1061250 893362
 5137.303819 25166 1300 1300 1300 1300 77 46 0 77 52 0 77 42 0 77 44 0 15006 1210000 18150 841728 1061250 892301
 5137.503819 25167 1300 1300 1300 1300 77 46 0 77 52 0 77 42 0 77 44 0 15250 1210000 18150 841728 1061250 892301
 5137.703800 25168 1300 1300 1300 1300 77 46 0 77 52 0 77 42 0 77 44 0 15250 1210000 18150 841728 1061250 892301
 5137.903814 25169 1300 1300 1300 1300 77 46 0 77 52 0 77 42 0 77 44 0 15250 1210000 18150 838440 1061250 889118
 5138.103818 25170 1300 1300 1300 1300 77 46 0 77 52 0 77 42 0 77 44 0 15250 1210000 18150 838166 1061250 889118
 5138.303819 25171 1300 1300 1300 1300 77 46 0 77 52 0 77 42 0 77 44 0 15006 1210000 18150 837892 1061250 888057
 5138.503797 25172 1300 1300 1300 1300 77 46 0 77 52 0 77 42 0 77 44 0 15250 1210000 18150 837618 1061250 888057
 5138.703818 25173 1300 1300 1300 1300 77 46 0 77 52 0 77 42 0 77 44 0 15250 1210000 18150 837618 1061250 888057
 5138.903818 25174 1300 1300 1300 1300 77 46 0 77 52 0 77 42 0 77 44 0 15250 1210000 18150 839262 1061250 890179
 5139.103821 25175 1300 1300 1300 1300 77 46 0 77 52 0 77 42 0 77 44 0 15250 1210000 18150 838988 1061250 889118
 5139.303818 25176 1300 1300 1300 1300 77 46 0 77 52 0 77 42 0 77 44 0 15006 1210000 18150 840358 1061250 891240
 5139.503818 25177 1300 1300 1300 1300 77 46 0 77 52 0 77 42 0 77 44 0 15006 1210000 18150 840358 1061250 891240
 5139.703818 25178 1300 1300 1300 1300 77 46 0 77 52 0 77 42 0 77 44 0 15006 1210000 18150 839536 1061250 890179
 5139.903818 25179 1300 1300 1300 1300 77 46 0 77 52 0 77 42 0 77 44 0 15006 1210000 18150 840084 1061250 891240
 5140.103816 25180 1300 1300 1300 1300 77 46 0 77 52 0 77 42 0 77 44 0 15250 1210000 18150 838440 1061250 889118
 5140.303818 25181 1300 1300 1300 1300 77 46 0 77 52 0 77 42 0 77 44 0 15250 1210000 18150 838440 1061250 889118
 5140.503819 25182 1300 1300 1300 1300 77 46 0 77 52 0 77 42 0 77 44 0 15006 1210000 18150 840358 1061250 891240
 5140.703818 25183 1300 1300 1300 1300 77 46 0 77 52 0 77 42 0 77 44 0 15006 1210000 18150 841454 1061250 892301
 5140.903818 25184 1300 1300 1300 1300 77 46 0 77 52 0 77 42 0 77 44 0 15250 1210000 18150 841728 1061250 892301
 5141.103819 25185 1300 1300 1300 1300 77 46 0 77 52 0 77 42 0 77 44 0 15250 1210000 18150 841728 1061250 892301
 5141.303818 25186 1300 1300 1300 1300 77 46 0 77 52 0 77 42 0 77 44 0 15006 1210000 18150 843372 1061250 894423
 5141.503819 25187 1300 1300 1300 1300 77 46 0 77 52 0 77 42 0 77 44 0 15250 1210000 18150 840358 1061250 891240
 5141.703819 25188 1300 1300 1300 1300 77 46 0 77 52 0 77 42 0 77 44 0 15006 1210000 18150 838988 1061250 889118
 5141.903817 25189 1300 1300 1300 1300 77 46 0 77 52 0 77 42 0 77 44 0 15006 1210000 18150 838988 1061250 889118
 5142.103820 25190 1300 1300 1300 1300 77 46 0 77 52 0 77 42 0 77 44 0 15006 1210000 18150 841728 1061250 892301
 5142.303819 25191 1300 1300 1300 1300 77 46 0 77 52 0 77 42 0 77 44 0 15006 1210000 18150 841180 1061250 892301
 5142.503815 25192 1300 1300 1300 1300 77 46 0 77 52 0 77 42 0 77 44 0 15250 1210000 18150 842824 1061250 893362
 5142.703818 25193 1300 1300 1300 1300 77 46 0 77 52 0 77 42 0 77 44 0 15250 1210000 18150 842824 1061250 893362
 5142.903818 25194 1300 1300 1300 1300 77 46 0 77 52 0 77 42 0 77 44 0 15006 1210000 18150 842824 1061250 893362
 5143.103818 25195 1300 1300 1300 1300 77 46 0 77 52 0 77 42 0 77 44 0 15250 1210000 18150 842550 1061250 893362
 5143.303819 25196 1300 1300 1300 1300 77 46 0 77 52 0 77 42 0 77 44 0 15250 1210000 18150 840632 1061250 891240
 5143.503819 25197 1300 1300 1300 1300 77 46 0 77 52 0 77 42 0 77 44 0 15250 1210000 18150 840632 1061250 891240
 5143.703818 25198 1300 1300 1300 1300 77 46 0 77 52 0 77 42 0 77 44 0 15250 1210000 18150 840632 1061250 891240
 5143.903818 25199 1300 1300 1300 1300 77 46 0 77 52 0 77 42 0 77 44 0 15006 1210000 18150 840084 1061250 891240
 5144.103821 25200 1300 1300 1300 1300 77 46 0 77 52 0 77 42 0 77 44 0 15250 1210000 18150 840358 1061250 891240
 5144.303800 25201 1300 1300 1300 1300 77 46 0 77 52 0 77 42 0 77 44 0 15250 1210000 18150 840358 1061250 891240
 5144.503818 25202 1300 1300 1300 1300 77 46 0 77 52 0 77 42 0 77 44 0 15006 1210000 18150 840084 1061250 891240
 5144.703818 25203 1300 1300 1300 1300 77 46 0 77 52 0 77 42 0 77 44 0 15250 1210000 18150 840358 1061250 891240
 5144.903815 25204 1300 1300 1300 1300 77 46 0 77 52 0 77 42 0 77 44 0 15006 1210000 18150 840632 1061250 891240
 5145.103820 25205 1300 1300 1300 1300 77 46 0 77 52 0 77 42 0 77 44 0 15250 1210000 18150 840632 1061250 891240
 5145.303818 25206 1300 1300 1300 1300 77 46 0 77 52 0 77 42 0 77 44 0 15250 1210000 18150 840632 1061250 891240
 5145.503818 25207 1300 1300 1300 1300 77 46 0 77 52 0 77 42 0 77 44 0 15006 1210000 18150 840906 1061250 891240
 5145.703817 25208 1300 1300 1300 1300 77 46 0 77 52 0 77 42 0 77 44 0 15250 1210000 18150 840084 1061250 891240
 5145.903819 25209 1300 1300 1300 1300 77 46 0 77 52 0 77 42 0 77 44 0 15494 1210000 18150 837618 1061250 888057
 5146.103818 25210 1300 1300 1300 1300 77 46 0 77 52 0 77 42 0 77 44 0 15494 1210000 18150 837618 1061250 888057
 5146.303819 25211 1300 1300 1300 1300 77 46 0 77 52 0 77 42 0 77 44 0 15250 1210000 18150 839262 1061250 890179
 5146.503818 25212 1300 1300 1300 1300 77 46 0 77 52 0 77 42 0 77 44 0 15494 1210000 18150 841180 1061250 892301
 5146.703819 25213 1300 1300 1300 1300 77 46 0 77 52 0 77 42 0 77 44 0 15006 1210000 18150 839262 1061250 890179
 5146.903818 25214 1300 1300 1300 1300 77 46 0 77 52 0 77 42 0 77 44 0 15006 1210000 18150 839262 1061250 890179
 5147.103818 25215 1300 1300 1300 1300 77 46 0 77 52 0 77 42 0 77 44 0 15006 1210000 18150 839810 1061250 890179
 5147.303815 25216 1300 1300 1300 1300 77 46 0 77 52 0 77 42 0 77 44 0 15250 1210000 18150 837618 1061250 888057
 5147.503819 25217 1300 1300 1300 1300 77 46 0 77 52 0 77 42 0 77 44 0 15250 1210000 18150 837892 1061250 888057
 5147.703818 25218 1300 1300 1300 1300 77 46 0 77 52 0 77 42 0 77 44 0 15250 1210000 18150 837892 1061250 888057
 5147.903818 25219 1300 1300 1300 1300 77 46 0 77 52 0 77 42 0 77 44 0 15250 1210000 18150 838714 1061250 889118
 5148.103822 25220 1300 1300 1300 1300 77 46 0 77 52 0 77 42 0 77 44 0 15006 1210000 18150 837618 1061250 888057
 5148.303814 25221 1300 1300 1300 1300 77 46 0 77 52 0 77 42 0 77 44 0 15494 1210000 18150 840906 1061250 891240
 5148.503819 25222 1300 1300 1300 1300 77 46 0 77 52 0 77 42 0 77 44 0 15494 1210000 18150 840906 1061250 891240
 5148.703818 25223 1300 1300 1300 1300 77 46 0 77 52 0 77 42 0 77 44 0 15250 1210000 18150 839262 1061250 890179
 5148.903818 25224 1300 1300 1300 1300 77 46 0 77 52 0 77 42 0 77 44 0 15250 1210000 18150 839262 1061250 890179
 5149.103820 25225 1300 1300 1300 1300 77 46 0 77 52 0 77 42 0 77 44 0 15250 1210000 18150 839262 1061250 890179
 5149.303818 25226 1300 1300 1300 1300 77 46 0 77 52 0 77 42 0 77 44 0 15250 1210000 18150 839262 1061250 890179
 5149.503818 25227 1300 1300 1300 1300 77 46 0 77 52 0 77 42 0 77 44 0 15250 1210000 18150 838988 1061250 889118
 5149.703818 25228 1300 1300 1300 1300 77 46 0 77 52 0 77 42 0 77 44 0 14762 1210000 16940 838988 1061250 889118
 5149.903819 25229 1300 1300 1300 1300 77 46 0 77 52 0 77 42 0 77 44 0 15250 1210000 18150 837892 1061250 888057
 5150.103818 25230 1300 1300 1300 1300 77 46 0 77 52 0 77 42 0 77 44 0 15250 1210000 18150 837892 1061250 888057
 5150.303818 25231 1300 1300 1300 1300 77 46 0 77 52 0 77 42 0 77 44 0 15006 1210000 18150 841728 1061250 892301
 5150.503819 25232 1300 1300 1300 1300 77 46 0 77 52 0 77 42 0 77 44 0 15250 1210000 18150 839810 1061250 890179
 5150.703815 25233 1300 1300 1300 1300 77 46 0 77 52 0 77 42 0 77 44 0 15006 1210000 18150 840358 1061250 891240
 5150.903749 25234 1300 1300 1300 1300 77 46 0 77 52 0 77 42 0 77 44 0 15494 1210000 18150 839262 1061250 890179
 5151.103819 25235 1300 1300 1300 1300 77 46 0 77 52 0 77 42 0 77 44 0 15494 1210000 18150 839262 1061250 890179
 5151.303819 25236 1300 1300 1300 1300 77 46 0 77 52 0 77 42 0 77 44 0 15250 1210000 18150 839262 1061250 890179
 5151.503819 25237 1300 1300 1300 1300 77 46 0 77 52 0 77 42 0 77 44 0 15006 1210000 18150 842002 1061250 893362
 5151.703819 25238 1300 1300 1300 1300 77 46 0 77 52 0 77 42 0 77 44 0 15250 1210000 18150 840358 1061250 891240
 5151.903819 25239 1300 1300 1300 1300 77 46 0 77 52 0 77 42 0 77 44 0 15250 1210000 18150 840358 1061250 891240
 5152.103820 25240 1300 1300 1300 1300 77 46 0 77 52 0 77 42 0 77 44 0 15250 1210000 18150 841728 1061250 892301
 5152.303817 25241 1300 1300 1300 1300 77 46 0 77 52 0 77 42 0 77 44 0 15006 1210000 18150 841728 1061250 892301
 5152.503819 25242 1300 1300 1300 1300 77 46 0 77 52 0 77 42 0 77 44 0 15006 1210000 18150 841728 1061250 892301
 5152.703818 25243 1300 1300 1300 1300 77 46 0 77 52 0 77 42 0 77 44 0 15006 1210000 18150 841728 1061250 892301
 5152.903817 25244 1300 1300 1300 1300 77 46 0 77 52 0 77 42 0 77 44 0 15250 1210000 18150 841180 1061250 892301
 5153.103814 25245 1300 1300 1300 1300 77 46 0 77 52 0 77 42 0 77 44 0 15250 1210000 18150 838714 1061250 889118
 5153.303819 25246 1300 1300 1300 1300 77 46 0 77 52 0 77 42 0 77 44 0 15250 1210000 18150 841728 1061250 892301
 5153.503818 25247 1300 1300 1300 1300 77 46 0 77 52 0 77 42 0 77 44 0 15250 1210000 18150 841728 1061250 892301
 5153.703832 25248 1300 1300 1300 1300 77 46 0 77 52 0 77 42 0 77 44 0 15250 1210000 18150 840084 1061250 891240
 5153.903819 25249 1300 1300 1300 1300 77 46 0 77 52 0 77 42 0 77 44 0 15006 1210000 18150 840358 1061250 891240
 5154.103820 25250 1300 1300 1300 1300 77 46 0 77 52 0 77 42 0 77 44 0 15006 1210000 18150 842002 1061250 893362
 5154.303818 25251 1300 1300 1300 1300 77 46 0 77 52 0 77 42 0 77 44 0 15006 1210000 18150 842002 1061250 893362
 5154.503818 25252 1300 1300 1300 1300 77 46 0 77 52 0 77 42 0 77 44 0 15250 1210000 18150 844194 1061250 895484
 5154.703818 25253 1300 1300 1300 1300 77 46 0 77 52 0 77 42 0 77 44 0 15006 1210000 18150 839536 1061250 890179
 5154.903818 25254 1300 1300 1300 1300 77 46 0 77 52 0 77 42 0 77 44 0 15250 1210000 18150 838714 1061250 889118
 5155.103819 25255 1300 1300 1300 1300 77 46 0 77 52 0 77 42 0 77 44 0 15250 1210000 18150 838714 1061250 889118
 5155.303819 25256 1300 1300 1300 1300 77 46 0 77 52 0 77 42 0 77 44 0 15006 1210000 18150 848304 1061250 899728
 5155.503815 25257 1300 1300 1300 1300 77 46 0 77 52 0 77 42 0 77 44 0 15006 1210000 18150 839536 1061250 890179
 5155.703819 25258 1300 1300 1300 1300 77 46 0 77 52 0 77 42 0 77 44 0 15250 1210000 18150 840358 1061250 891240
 5155.903819 25259 1300 1300 1300 1300 77 46 0 77 52 0 77 42 0 77 44 0 15250 1210000 18150 840358 1061250 891240
 5156.103820 25260 1300 1300 1300 1300 77 46 0 77 52 0 77 42 0 77 44 0 15250 1210000 18150 842002 1061250 893362
 5156.303818 25261 1300 1300 1300 1300 77 46 0 77 52 0 77 42 0 77 44 0 15250 1210000 18150 840358 1061250 891240
 5156.503819 25262 1300 1300 1300 1300 77 46 0 77 52 0 77 42 0 77 44 0 15006 1210000 18150 841454 1061250 892301
 5156.703801 25263 1300 1300 1300 1300 77 46 0 77 52 0 77 42 0 77 44 0 15006 1210000 18150 841454 1061250 892301
 5156.903818 25264 1300 1300 1300 1300 77 46 0 77 52 0 77 42 0 77 44 0 15006 1210000 18150 839536 1061250 890179
 5157.103820 25265 1300 1300 1300 1300 77 46 0 77 52 0 77 42 0 77 44 0 15250 1210000 18150 841728 1061250 892301
 5157.303819 25266 1300 1300 1300 1300 77 46 0 77 52 0 77 42 0 77 44 0 15006 1210000 18150 840632 1061250 891240
 5157.503797 25267 1300 1300 1300 1300 77 46 0 77 52 0 77 42 0 77 44 0 15006 1210000 18150 841728 1061250 892301
 5157.703818 25268 1300 1300 1300 1300 77 46 0 77 52 0 77 42 0 77 44 0 15006 1210000 18150 841728 1061250 892301
 5157.903814 25269 1300 1300 1300 1300 77 46 0 77 52 0 77 42 0 77 44 0 15006 1210000 18150 842002 1061250 893362
 5158.103818 25270 1300 1300 1300 1300 77 46 0 77 52 0 77 42 0 77 44 0 15250 1210000 18150 844468 1061250 895484
 5158.303818 25271 1300 1300 1300 1300 77 46 0 77 52 0 77 42 0 77 44 0 15006 1210000 18150 842276 1061250 893362
 5158.503817 25272 1300 1300 1300 1300 77 46 0 77 52 0 77 42 0 77 44 0 15006 1210000 18150 842276 1061250 893362
 5158.703817 25273 1300 1300 1300 1300 77 46 0 77 52 0 77 42 0 77 44 0 15250 1210000 18150 838988 1061250 889118
 5158.903819 25274 1300 1300 1300 1300 77 46 0 77 52 0 77 42 0 77 44 0 15006 1210000 18150 839262 1061250 890179
 5159.103844 25275 1300 1300 1300 1300 77 46 0 77 52 0 77 42 0 77 44 0 15494 1210000 18150 838714 1061250 889118
 5159.303819 25276 1300 1300 1300 1300 77 46 0 77 52 0 77 42 0 77 44 0 15494 1210000 18150 838714 1061250 889118
 5159.503819 25277 1300 1300 1300 1300 77 46 0 77 52 0 77 42 0 77 44 0 15006 1210000 18150 850222 1061250 901850
 5159.703818 25278 1300 1300 1300 1300 77 46 0 77 52 0 77 42 0 77 44 0 15250 1210000 18150 841728 1061250 892301
 5159.903819 25279 1300 1300 1300 1300 77 46 0 77 52 0 77 42 0 77 44 0 15006 1210000 18150 841728 1061250 892301
 5160.103822 25280 1300 1300 1300 1300 77 46 0 77 52 0 77 42 0 77 44 0 15006 1210000 18150 841728 1061250 892301
 5160.303814 25281 1300 1300 1300 1300 77 46 0 77 52 0 77 42 0 77 44 0 15250 1210000 18150 851866 1061250 902911
 5160.503818 25282 1300 1300 1300 1300 77 46 0 77 52 0 77 42 0 77 44 0 15250 1210000 18150 841180 1061250 892301
 5160.703818 25283 1300 1300 1300 1300 77 46 0 77 52 0 77 42 0 77 44 0 15006 1210000 18150 839262 1061250 890179
 5160.903818 25284 1300 1300 1300 1300 77 46 0 77 52 0 77 42 0 77 44 0 15006 1210000 18150 839262 1061250 890179
 5161.103817 25285 1300 1300 1300 1300 77 46 0 77 52 0 77 42 0 77 44 0 15250 1210000 18150 840358 1061250 891240
 5161.303818 25286 1300 1300 1300 1300 77 46 0 77 52 0 77 42 0 77 44 0 15250 1210000 18150 840632 1061250 891240
 5161.503866 25287 1300 1300 1300 1300 77 46 0 77 52 0 77 42 0 77 44 0 15494 1210000 18150 840906 1061250 891240
 5161.703810 25288 1300 1300 1300 1300 77 46 0 77 52 0 77 42 0 77 44 0 15494 1210000 18150 840906 1061250 891240
 5161.903809 25289 1300 1300 1300 1300 77 46 0 77 52 0 77 42 0 77 44 0 15250 1210000 18150 608006 1060000 644480
 5162.103810 25290 1300 1300 1300 1300 76 46 0 76 52 0 76 42 0 76 44 0 15006 1210000 18150 70692 1057500 73990
 5162.303809 25291 1300 1300 1300 1300 76 46 0 76 52 0 76 42 0 76 44 0 15250 1210000 18150 66856 1057500 69762
 5162.503809 25292 1300 1300 1300 1300 76 46 0 76 52 0 76 42 0 76 44 0 15250 1210000 18150 66856 1057500 69762
 5162.703810 25293 1300 1300 1300 1300 76 46 0 76 52 0 76 42 0 76 44 0 15006 1210000 18150 66856 1057500 69762
 5162.903809 25294 1300 1300 1300 1300 76 46 0 76 52 0 76 42 0 76 44 0 15006 1210000 18150 66582 1057500 69762
