  765.060040 1682 1600 1600 1600 1600 70 46 0 70 52 0 70 42 0 70 44 0 5734 950000 4750 76720 1157500 87932
  765.259909 1683 1600 1600 1600 1600 70 46 0 70 52 0 70 42 0 70 44 0 5734 950000 4750 83570 1157500 96031
  765.459909 1684 1600 1600 1600 1600 70 46 0 70 52 0 70 42 0 70 44 0 5734 950000 4750 83570 1157500 96031
  765.659906 1685 1600 1600 1600 1600 70 46 0 70 52 0 70 42 0 70 44 0 5734 950000 4750 292632 1158750 338136
  765.859962 1686 1600 1600 1600 1600 70 46 0 70 52 0 70 42 0 70 44 0 5734 950000 4750 87406 1157500 100659
  766.059940 1687 1600 1600 1600 1600 71 46 0 71 52 0 71 42 0 71 44 0 5734 950000 4750 83296 1157500 96031
  766.259937 1688 1600 1600 1600 1600 71 46 0 71 52 0 71 42 0 71 44 0 5734 950000 4750 83296 1157500 96031
  766.460052 1689 1600 1600 1600 1600 71 46 0 71 52 0 71 42 0 71 44 0 5734 948750 4740 996538 1162500 1157352
  766.660040 1690 1600 1600 1600 1600 71 46 0 71 52 0 71 42 0 71 44 0 5734 950000 4750 1298486 1165000 1512170
  766.859942 1691 1600 1600 1600 1600 71 46 0 71 52 0 71 42 0 71 44 0 5978 950000 4750 856524 1161250 993816
  767.064909 1692 1600 1600 1600 1600 73 46 0 73 52 0 73 42 0 73 44 0 5734 950000 4750 1311638 1165000 1527315
  767.265024 1693 1500 1500 1500 1500 73 46 0 73 52 0 73 42 0 73 44 0 5734 950000 4750 1311638 1165000 1527315
  767.464970 1694 1500 1500 1500 1500 73 46 0 73 52 0 73 42 0 73 44 0 5978 950000 4750 1259030 1163750 1464217
  767.664967 1695 1500 1500 1500 1500 73 46 0 73 52 0 73 42 0 73 44 0 5978 950000 4750 360584 1138750 409680
  767.864907 1696 1500 1500 1500 1500 73 46 0 73 52 0 73 42 0 73 44 0 5734 950000 4750 217556 1132500 245644
  768.064925 1697 1500 1500 1500 1500 71 46 0 71 52 0 71 42 0 71 44 0 5734 950000 4750 217556 1132500 245644
  768.264933 1698 1500 1500 1500 1500 71 46 0 71 52 0 71 42 0 71 44 0 5734 950000 4750 92338 1132500 104144
  768.464980 1699 1500 1500 1500 1500 71 46 0 71 52 0 71 42 0 71 44 0 5734 950000 4750 74528 1132500 83768
  768.664904 1700 1500 1500 1500 1500 71 46 0 71 52 0 71 42 0 71 44 0 5978 948750 4740 947766 1137500 1076739
  768.865030 1701 1500 1500 1500 1500 71 46 0 71 52 0 71 42 0 71 44 0 5978 948750 4740 947766 1137500 1076739
  769.064936 1702 1500 1500 1500 1500 73 46 0 73 52 0 73 42 0 73 44 0 5734 950000 4750 1165048 1138750 1325770
  769.264921 1703 1500 1500 1500 1500 73 46 0 73 52 0 73 42 0 73 44 0 5734 950000 4750 1119564 1137500 1272303
  769.464922 1704 1500 1500 1500 1500 73 46 0 73 52 0 73 42 0 73 44 0 5734 950000 4750 1084492 1137500 1232508
  769.664922 1705 1500 1500 1500 1500 73 46 0 73 52 0 73 42 0 73 44 0 5734 950000 4750 1084492 1137500 1232508
  769.864923 1706 1500 1500 1500 1500 73 46 0 73 52 0 73 42 0 73 44 0 5490 950000 4750 1085314 1137500 1233645
  770.064932 1707 1500 1500 1500 1500 73 46 0 73 52 0 73 42 0 73 44 0 5978 950000 4750 1081752 1137500 1229097
  770.264917 1708 1500 1500 1500 1500 73 46 0 73 52 0 73 42 0 73 44 0 5734 950000 4750 1082026 1137500 1230234
  770.464922 1709 1500 1500 1500 1500 73 46 0 73 52 0 73 42 0 73 44 0 5734 950000 4750 1082026 1137500 1230234
  770.664921 1710 1500 1500 1500 1500 73 46 0 73 52 0 73 42 0 73 44 0 5734 950000 4750 1082300 1137500 1230234
  770.864921 1711 1500 1500 1500 1500 73 46 0 73 52 0 73 42 0 73 44 0 5734 950000 4750 1083396 1137500 1231371
  771.064932 1712 1500 1500 1500 1500 73 46 0 73 52 0 73 42 0 73 44 0 5734 950000 4750 1085862 1137500 1233645
  771.264922 1713 1500 1500 1500 1500 73 46 0 73 52 0 73 42 0 73 44 0 5734 950000 4750 1085862 1137500 1233645
  771.464924 1714 1500 1500 1500 1500 73 46 0 73 52 0 73 42 0 73 44 0 5734 950000 4750 1085862 1137500 1233645
  771.664921 1715 1500 1500 1500 1500 73 46 0 73 52 0 73 42 0 73 44 0 5978 950000 4750 1086136 1137500 1234782
  771.864901 1716 1500 1500 1500 1500 73 46 0 73 52 0 73 42 0 73 44 0 5978 950000 4750 1085040 1137500 1233645
  772.064932 1717 1500 1500 1500 1500 74 46 0 74 52 0 74 42 0 74 44 0 5978 950000 4750 1085040 1137500 1233645
  772.264922 1718 1500 1500 1500 1500 74 46 0 74 52 0 74 42 0 74 44 0 5978 950000 4750 1085040 1137500 1233645
  772.464923 1719 1500 1500 1500 1500 74 46 0 74 52 0 74 42 0 74 44 0 5978 948750 4740 1085862 1137500 1233645
  772.664918 1720 1500 1500 1500 1500 74 46 0 74 52 0 74 42 0 74 44 0 5734 950000 4750 1085862 1137500 1233645
  772.864904 1721 1500 1500 1500 1500 74 46 0 74 52 0 74 42 0 74 44 0 5734 950000 4750 1085862 1137500 1233645
  773.064932 1722 1500 1500 1500 1500 74 46 0 74 52 0 74 42 0 74 44 0 5978 950000 4750 1086958 1137500 1234782
  773.264922 1723 1500 1500 1500 1500 74 46 0 74 52 0 74 42 0 74 44 0 5978 950000 4750 1087780 1137500 1235919
  773.464923 1724 1500 1500 1500 1500 74 46 0 74 52 0 74 42 0 74 44 0 5978 950000 4750 1088054 1137500 1237056
  773.664899 1725 1500 1500 1500 1500 74 46 0 74 52 0 74 42 0 74 44 0 5734 950000 4750 1086684 1137500 1234782
  773.864921 1726 1500 1500 1500 1500 74 46 0 74 52 0 74 42 0 74 44 0 5734 950000 4750 1086684 1137500 1234782
  774.064930 1727 1500 1500 1500 1500 74 46 0 74 52 0 74 42 0 74 44 0 5978 950000 4750 1085588 1137500 1233645
  774.264922 1728 1500 1500 1500 1500 74 46 0 74 52 0 74 42 0 74 44 0 5978 950000 4750 1086958 1137500 1234782
  774.464920 1729 1500 1500 1500 1500 74 46 0 74 52 0 74 42 0 74 44 0 5978 948750 4740 1087780 1137500 1235919
  774.664922 1730 1500 1500 1500 1500 74 46 0 74 52 0 74 42 0 74 44 0 5978 948750 4740 1087780 1137500 1235919
  774.864901 1731 1500 1500 1500 1500 74 46 0 74 52 0 74 42 0 74 44 0 5978 950000 4750 1088054 1137500 1237056
  775.064927 1732 1500 1500 1500 1500 74 46 0 74 52 0 74 42 0 74 44 0 5978 950000 4750 1088328 1137500 1237056
  775.264921 1733 1500 1500 1500 1500 74 46 0 74 52 0 74 42 0 74 44 0 5734 950000 4750 1090246 1137500 1239330
  775.464914 1734 1500 1500 1500 1500 74 46 0 74 52 0 74 42 0 74 44 0 5734 950000 4750 1090246 1137500 1239330
  775.664912 1735 1500 1500 1500 1500 74 46 0 74 52 0 74 42 0 74 44 0 5978 950000 4750 837892 1136250 950832
  775.864912 1736 1500 1500 1500 1500 74 46 0 74 52 0 74 42 0 74 44 0 5978 950000 4750 79734 1132500 89428
  776.064920 1737 1500 1500 1500 1500 73 46 0 73 52 0 73 42 0 73 44 0 5978 950000 4750 75350 1132500 84900
  776.264912 1738 1500 1500 1500 1500 73 46 0 73 52 0 73 42 0 73 44 0 5978 950000 4750 75350 1132500 84900
  776.464912 1739 1500 1500 1500 1500 73 46 0 73 52 0 73 42 0 73 44 0 5978 950000 4750 79186 1132500 89428
  776.664912 1740 1500 1500 1500 1500 73 46 0 73 52 0 73 42 0 73 44 0 5978 950000 4750 76720 1132500 86032
  776.864912 1741 1500 1500 1500 1500 73 46 0 73 52 0 73 42 0 73 44 0 5978 950000 4750 78090 1132500 88296
  777.064920 1742 1500 1500 1500 1500 71 46 0 71 52 0 71 42 0 71 44 0 5978 950000 4750 78090 1132500 88296
  777.264911 1743 1500 1500 1500 1500 71 46 0 71 52 0 71 42 0 71 44 0 5978 950000 4750 75898 1132500 84900
  777.464914 1744 1500 1500 1500 1500 71 46 0 71 52 0 71 42 0 71 44 0 5978 950000 4750 78090 1132500 88296
  777.664911 1745 1500 1500 1500 1500 71 46 0 71 52 0 71 42 0 71 44 0 5978 950000 4750 74802 1132500 83768
