 3231.919908 14015 1600 1600 1600 1600 76 46 0 76 52 0 76 42 0 76 44 0 5978 950000 4750 83844 1157500 96031
 3232.119917 14016 1600 1600 1600 1600 75 46 0 75 52 0 75 42 0 75 44 0 5978 950000 4750 87132 1157500 100659
 3232.319908 14017 1600 1600 1600 1600 75 46 0 75 52 0 75 42 0 75 44 0 6222 950000 5700 82474 1157500 94874
 3232.519909 14018 1600 1600 1600 1600 75 46 0 75 52 0 75 42 0 75 44 0 5978 950000 4750 81652 1157500 93717
 3232.719908 14019 1600 1600 1600 1600 75 46 0 75 52 0 75 42 0 75 44 0 5978 950000 4750 81652 1157500 93717
 3232.919908 14020 1600 1600 1600 1600 74 46 0 74 52 0 74 42 0 74 44 0 5978 950000 4750 86584 1157500 99502
 3233.119917 14021 1600 1600 1600 1600 74 46 0 74 52 0 74 42 0 74 44 0 5978 950000 4750 86858 1157500 99502
 3233.319905 14022 1600 1600 1600 1600 74 46 0 74 52 0 74 42 0 74 44 0 6222 950000 5700 84940 1157500 97188
 3233.520052 14023 1600 1600 1600 1600 74 46 0 74 52 0 74 42 0 74 44 0 6222 950000 5700 84940 1157500 97188
 3233.719905 14024 1600 1600 1600 1600 74 46 0 74 52 0 74 42 0 74 44 0 5978 950000 4750 84940 1157500 97188
 3233.919908 14025 1600 1600 1600 1600 74 46 0 74 52 0 74 42 0 74 44 0 5978 950000 4750 318114 1158750 368244
 3234.119908 14026 1600 1600 1600 1600 74 46 0 74 52 0 74 42 0 74 44 0 5978 950000 4750 109600 1157500 126113
 3234.319914 14027 1600 1600 1600 1600 74 46 0 74 52 0 74 42 0 74 44 0 5978 950000 4750 109600 1157500 126113
 3234.519965 14028 1600 1600 1600 1600 74 46 0 74 52 0 74 42 0 74 44 0 5978 950000 4750 83296 1157500 96031
 3234.719992 14029 1600 1600 1600 1600 74 46 0 74 52 0 74 42 0 74 44 0 5978 950000 4750 253724 1158750 292974
 3234.920037 14030 1600 1600 1600 1600 74 46 0 74 52 0 74 42 0 74 44 0 5734 950000 4750 1327530 1166250 1547282
 3235.119984 14031 1600 1600 1600 1600 77 46 0 77 52 0 77 42 0 77 44 0 5734 950000 4750 1327530 1166250 1547282
 3235.319934 14032 1600 1600 1600 1600 77 46 0 77 52 0 77 42 0 77 44 0 5978 950000 4750 1234370 1165000 1437610
 3235.524936 14033 1600 1600 1600 1600 77 46 0 77 52 0 77 42 0 77 44 0 5978 950000 4750 920366 1162500 1069040
 3235.724910 14034 1500 1500 1500 1500 77 46 0 77 52 0 77 42 0 77 44 0 5734 950000 4750 1303692 1165000 1517995
 3235.924989 14035 1500 1500 1500 1500 77 46 0 77 52 0 77 42 0 77 44 0 5734 950000 4750 976810 1156250 1128256
 3236.124893 14036 1500 1500 1500 1500 76 46 0 76 52 0 76 42 0 76 44 0 5734 950000 4750 976810 1156250 1128256
 3236.324893 14037 1500 1500 1500 1500 76 46 0 76 52 0 76 42 0 76 44 0 5978 950000 4750 356474 1133750 403348
 3236.524893 14038 1500 1500 1500 1500 76 46 0 76 52 0 76 42 0 76 44 0 5734 950000 4750 143302 1132500 161876
 3236.724901 14039 1500 1500 1500 1500 76 46 0 76 52 0 76 42 0 76 44 0 5734 950000 4750 80556 1132500 90560
 3236.924965 14040 1500 1500 1500 1500 76 46 0 76 52 0 76 42 0 76 44 0 5734 950000 4750 80556 1132500 90560
 3237.124989 14041 1500 1500 1500 1500 75 46 0 75 52 0 75 42 0 75 44 0 5734 950000 4750 358392 1135000 406330
 3237.325011 14042 1500 1500 1500 1500 75 46 0 75 52 0 75 42 0 75 44 0 5978 950000 4750 1208066 1138750 1374704
 3237.524918 14043 1500 1500 1500 1500 75 46 0 75 52 0 75 42 0 75 44 0 5978 950000 4750 1142032 1138750 1299596
 3237.724920 14044 1500 1500 1500 1500 75 46 0 75 52 0 75 42 0 75 44 0 5978 950000 4750 1142032 1138750 1299596
 3237.924921 14045 1500 1500 1500 1500 75 46 0 75 52 0 75 42 0 75 44 0 5734 950000 4750 1030514 1137500 1171110
 3238.124916 14046 1500 1500 1500 1500 76 46 0 76 52 0 76 42 0 76 44 0 5978 950000 4750 1029144 1137500 1169973
 3238.324921 14047 1500 1500 1500 1500 76 46 0 76 52 0 76 42 0 76 44 0 5734 950000 4750 1039830 1137500 1181343
 3238.524920 14048 1500 1500 1500 1500 76 46 0 76 52 0 76 42 0 76 44 0 5734 950000 4750 1039830 1137500 1181343
 3238.724920 14049 1500 1500 1500 1500 76 46 0 76 52 0 76 42 0 76 44 0 5978 950000 4750 1030514 1137500 1171110
 3238.924921 14050 1500 1500 1500 1500 76 46 0 76 52 0 76 42 0 76 44 0 5978 950000 4750 1029966 1137500 1169973
 3239.124916 14051 1500 1500 1500 1500 76 46 0 76 52 0 76 42 0 76 44 0 5734 950000 4750 1030514 1137500 1171110
 3239.324920 14052 1500 1500 1500 1500 76 46 0 76 52 0 76 42 0 76 44 0 5734 950000 4750 1030514 1137500 1171110
 3239.524921 14053 1500 1500 1500 1500 76 46 0 76 52 0 76 42 0 76 44 0 5734 950000 4750 1036542 1137500 1177932
 3239.724920 14054 1500 1500 1500 1500 76 46 0 76 52 0 76 42 0 76 44 0 5978 950000 4750 1029966 1137500 1169973
 3239.924920 14055 1500 1500 1500 1500 76 46 0 76 52 0 76 42 0 76 44 0 6222 950000 5700 1028048 1137500 1168836
 3240.124930 14056 1500 1500 1500 1500 76 46 0 76 52 0 76 42 0 76 44 0 6222 950000 5700 1028048 1137500 1168836
 3240.324902 14057 1500 1500 1500 1500 76 46 0 76 52 0 76 42 0 76 44 0 5978 950000 4750 1030514 1137500 1171110
 3240.524920 14058 1500 1500 1500 1500 76 46 0 76 52 0 76 42 0 76 44 0 5978 950000 4750 1032158 1137500 1173384
 3240.724920 14059 1500 1500 1500 1500 76 46 0 76 52 0 76 42 0 76 44 0 5978 950000 4750 1030788 1137500 1171110
 3240.924920 14060 1500 1500 1500 1500 76 46 0 76 52 0 76 42 0 76 44 0 5978 950000 4750 1030788 1137500 1171110
 3241.124931 14061 1500 1500 1500 1500 76 46 0 76 52 0 76 42 0 76 44 0 5978 950000 4750 1029966 1137500 1169973
 3241.324920 14062 1500 1500 1500 1500 76 46 0 76 52 0 76 42 0 76 44 0 5978 950000 4750 1027500 1137500 1167699
 3241.524917 14063 1500 1500 1500 1500 76 46 0 76 52 0 76 42 0 76 44 0 5978 950000 4750 1026952 1137500 1166562
 3241.724852 14064 1500 1500 1500 1500 76 46 0 76 52 0 76 42 0 76 44 0 5978 950000 4750 1026404 1137500 1166562
 3241.924920 14065 1500 1500 1500 1500 76 46 0 76 52 0 76 42 0 76 44 0 5978 950000 4750 1026404 1137500 1166562
 3242.124930 14066 1500 1500 1500 1500 77 46 0 77 52 0 77 42 0 77 44 0 5978 950000 4750 1028596 1137500 1168836
 3242.324920 14067 1500 1500 1500 1500 77 46 0 77 52 0 77 42 0 77 44 0 5978 950000 4750 1030514 1137500 1171110
 3242.524920 14068 1500 1500 1500 1500 77 46 0 77 52 0 77 42 0 77 44 0 5978 950000 4750 1030788 1137500 1171110
 3242.724920 14069 1500 1500 1500 1500 77 46 0 77 52 0 77 42 0 77 44 0 5978 950000 4750 1030788 1137500 1171110
 3242.924920 14070 1500 1500 1500 1500 77 46 0 77 52 0 77 42 0 77 44 0 5978 950000 4750 1030788 1137500 1171110
 3243.124930 14071 1500 1500 1500 1500 77 46 0 77 52 0 77 42 0 77 44 0 5978 950000 4750 1030514 1137500 1171110
 3243.324901 14072 1500 1500 1500 1500 77 46 0 77 52 0 77 42 0 77 44 0 5978 950000 4750 1031336 1137500 1172247
 3243.524920 14073 1500 1500 1500 1500 77 46 0 77 52 0 77 42 0 77 44 0 5978 950000 4750 1031336 1137500 1172247
 3243.724920 14074 1500 1500 1500 1500 77 46 0 77 52 0 77 42 0 77 44 0 5978 950000 4750 1033254 1137500 1174521
 3243.924917 14075 1500 1500 1500 1500 77 46 0 77 52 0 77 42 0 77 44 0 5978 950000 4750 1032706 1137500 1173384
 3244.124929 14076 1500 1500 1500 1500 77 46 0 77 52 0 77 42 0 77 44 0 5978 950000 4750 1033528 1137500 1174521
 3244.324920 14077 1500 1500 1500 1500 77 46 0 77 52 0 77 42 0 77 44 0 5978 950000 4750 1033528 1137500 1174521
 3244.524921 14078 1500 1500 1500 1500 77 46 0 77 52 0 77 42 0 77 44 0 5978 950000 4750 1034350 1137500 1175658
 3244.724919 14079 1500 1500 1500 1500 77 46 0 77 52 0 77 42 0 77 44 0 6222 950000 5700 1033802 1137500 1174521
 3244.924920 14080 1500 1500 1500 1500 77 46 0 77 52 0 77 42 0 77 44 0 5978 950000 4750 1030788 1137500 1171110
 3245.124930 14081 1500 1500 1500 1500 77 46 0 77 52 0 77 42 0 77 44 0 5978 950000 4750 1030788 1137500 1171110
 3245.324920 14082 1500 1500 1500 1500 77 46 0 77 52 0 77 42 0 77 44 0 6222 950000 5700 1031884 1137500 1172247
 3245.524921 14083 1500 1500 1500 1500 77 46 0 77 52 0 77 42 0 77 44 0 5978 950000 4750 1031610 1137500 1172247
 3245.724920 14084 1500 1500 1500 1500 77 46 0 77 52 0 77 42 0 77 44 0 5978 950000 4750 1030788 1137500 1171110
 3245.924919 14085 1500 1500 1500 1500 77 46 0 77 52 0 77 42 0 77 44 0 5978 950000 4750 1030788 1137500 1171110
 3246.124929 14086 1500 1500 1500 1500 77 46 0 77 52 0 77 42 0 77 44 0 5978 950000 4750 1031336 1137500 1172247
 3246.324898 14087 1500 1500 1500 1500 77 46 0 77 52 0 77 42 0 77 44 0 5978 950000 4750 1034076 1137500 1175658
 3246.524920 14088 1500 1500 1500 1500 77 46 0 77 52 0 77 42 0 77 44 0 5978 950000 4750 1033802 1137500 1174521
 3246.724920 14089 1500 1500 1500 1500 77 46 0 77 52 0 77 42 0 77 44 0 5978 950000 4750 1033802 1137500 1174521
 3246.924920 14090 1500 1500 1500 1500 77 46 0 77 52 0 77 42 0 77 44 0 5978 950000 4750 1030788 1137500 1171110
 3247.124929 14091 1500 1500 1500 1500 77 46 0 77 52 0 77 42 0 77 44 0 5978 950000 4750 1030788 1137500 1171110
 3247.324920 14092 1500 1500 1500 1500 77 46 0 77 52 0 77 42 0 77 44 0 6222 950000 5700 1029692 1137500 1169973
 3247.524903 14093 1500 1500 1500 1500 77 46 0 77 52 0 77 42 0 77 44 0 6222 950000 5700 1029692 1137500 1169973
 3247.724921 14094 1500 1500 1500 1500 77 46 0 77 52 0 77 42 0 77 44 0 5978 950000 4750 1029692 1137500 1169973
 3247.924919 14095 1500 1500 1500 1500 77 46 0 77 52 0 77 42 0 77 44 0 5978 950000 4750 1029966 1137500 1169973
 3248.124931 14096 1500 1500 1500 1500 77 46 0 77 52 0 77 42 0 77 44 0 5978 950000 4750 1029966 1137500 1169973
 3248.324899 14097 1500 1500 1500 1500 77 46 0 77 52 0 77 42 0 77 44 0 5978 950000 4750 1032980 1137500 1173384
 3248.524920 14098 1500 1500 1500 1500 77 46 0 77 52 0 77 42 0 77 44 0 5978 950000 4750 1032980 1137500 1173384
 3248.724916 14099 1500 1500 1500 1500 77 46 0 77 52 0 77 42 0 77 44 0 5978 950000 4750 1028870 1137500 1168836
 3248.924920 14100 1500 1500 1500 1500 77 46 0 77 52 0 77 42 0 77 44 0 6222 950000 5700 1030514 1137500 1171110
 3249.124930 14101 1500 1500 1500 1500 77 46 0 77 52 0 77 42 0 77 44 0 5978 950000 4750 1031336 1137500 1172247
 3249.324901 14102 1500 1500 1500 1500 77 46 0 77 52 0 77 42 0 77 44 0 5978 950000 4750 1031336 1137500 1172247
 3249.524920 14103 1500 1500 1500 1500 77 46 0 77 52 0 77 42 0 77 44 0 5978 950000 4750 1029692 1137500 1169973
 3249.724920 14104 1500 1500 1500 1500 77 46 0 77 52 0 77 42 0 77 44 0 5978 950000 4750 1033802 1137500 1174521
 3249.924920 14105 1500 1500 1500 1500 77 46 0 77 52 0 77 42 0 77 44 0 6222 950000 5700 1033254 1137500 1174521
 3250.124930 14106 1500 1500 1500 1500 77 46 0 77 52 0 77 42 0 77 44 0 6222 950000 5700 1033254 1137500 1174521
 3250.324920 14107 1500 1500 1500 1500 77 46 0 77 52 0 77 42 0 77 44 0 5978 950000 4750 1032980 1137500 1173384
 3250.524920 14108 1500 1500 1500 1500 77 46 0 77 52 0 77 42 0 77 44 0 5978 950000 4750 1031610 1137500 1172247
 3250.724920 14109 1500 1500 1500 1500 77 46 0 77 52 0 77 42 0 77 44 0 5978 950000 4750 1032432 1137500 1173384
 3250.924920 14110 1500 1500 1500 1500 77 46 0 77 52 0 77 42 0 77 44 0 5978 950000 4750 1032432 1137500 1173384
 3251.124927 14111 1500 1500 1500 1500 77 46 0 77 52 0 77 42 0 77 44 0 5978 950000 4750 1029966 1137500 1169973
 3251.324920 14112 1500 1500 1500 1500 77 46 0 77 52 0 77 42 0 77 44 0 6222 950000 5700 1030788 1137500 1171110
 3251.524920 14113 1500 1500 1500 1500 77 46 0 77 52 0 77 42 0 77 44 0 6222 950000 5700 1031884 1137500 1172247
 3251.724920 14114 1500 1500 1500 1500 77 46 0 77 52 0 77 42 0 77 44 0 6222 950000 5700 1031884 1137500 1172247
 3251.924920 14115 1500 1500 1500 1500 77 46 0 77 52 0 77 42 0 77 44 0 5978 950000 4750 1031610 1137500 1172247
 3252.124995 14116 1500 1500 1500 1500 77 46 0 77 52 0 77 42 0 77 44 0 5978 950000 4750 1032158 1137500 1173384
 3252.324973 14117 1500 1500 1500 1500 77 46 0 77 52 0 77 42 0 77 44 0 5978 950000 4750 1033802 1137500 1174521
 3252.524919 14118 1500 1500 1500 1500 77 46 0 77 52 0 77 42 0 77 44 0 5978 950000 4750 1033802 1137500 1174521
 3252.724920 14119 1500 1500 1500 1500 77 46 0 77 52 0 77 42 0 77 44 0 5978 950000 4750 1033254 1137500 1174521
 3252.924919 14120 1500 1500 1500 1500 77 46 0 77 52 0 77 42 0 77 44 0 5978 950000 4750 1030514 1137500 1171110
 3253.124920 14121 1500 1500 1500 1500 77 46 0 77 52 0 77 42 0 77 44 0 5978 950000 4750 1033528 1137500 1174521
 3253.324920 14122 1500 1500 1500 1500 77 46 0 77 52 0 77 42 0 77 44 0 5978 950000 4750 1033528 1137500 1174521
 3253.524919 14123 1500 1500 1500 1500 77 46 0 77 52 0 77 42 0 77 44 0 5978 950000 4750 1033802 1137500 1174521
 3253.724919 14124 1500 1500 1500 1500 77 46 0 77 52 0 77 42 0 77 44 0 5978 950000 4750 1034076 1137500 1175658
 3253.924920 14125 1500 1500 1500 1500 77 46 0 77 52 0 77 42 0 77 44 0 5978 950000 4750 1034350 1137500 1175658
 3254.124918 14126 1500 1500 1500 1500 77 46 0 77 52 0 77 42 0 77 44 0 5978 950000 4750 1034350 1137500 1175658
 3254.324919 14127 1500 1500 1500 1500 77 46 0 77 52 0 77 42 0 77 44 0 5978 950000 4750 1033528 1137500 1174521
 3254.524920 14128 1500 1500 1500 1500 77 46 0 77 52 0 77 42 0 77 44 0 6222 950000 5700 1034898 1137500 1175658
 3254.724921 14129 1500 1500 1500 1500 77 46 0 77 52 0 77 42 0 77 44 0 5978 950000 4750 1031336 1137500 1172247
 3254.924919 14130 1500 1500 1500 1500 77 46 0 77 52 0 77 42 0 77 44 0 5978 950000 4750 1032158 1137500 1173384
 3255.124919 14131 1500 1500 1500 1500 77 46 0 77 52 0 77 42 0 77 44 0 5978 950000 4750 1032158 1137500 1173384
 3255.324980 14132 1500 1500 1500 1500 77 46 0 77 52 0 77 42 0 77 44 0 6222 950000 5700 1033528 1137500 1174521
 3255.524920 14133 1500 1500 1500 1500 77 46 0 77 52 0 77 42 0 77 44 0 6222 950000 5700 1034624 1137500 1175658
 3255.724920 14134 1500 1500 1500 1500 77 46 0 77 52 0 77 42 0 77 44 0 6222 950000 5700 1033802 1137500 1174521
 3255.924919 14135 1500 1500 1500 1500 77 46 0 77 52 0 77 42 0 77 44 0 6222 950000 5700 1033802 1137500 1174521
 3256.124919 14136 1500 1500 1500 1500 77 46 0 77 52 0 77 42 0 77 44 0 5978 950000 4750 1033254 1137500 1174521
 3256.324919 14137 1500 1500 1500 1500 77 46 0 77 52 0 77 42 0 77 44 0 5978 950000 4750 1032158 1137500 1173384
 3256.524920 14138 1500 1500 1500 1500 77 46 0 77 52 0 77 42 0 77 44 0 5978 950000 4750 1031062 1137500 1172247
 3256.724920 14139 1500 1500 1500 1500 77 46 0 77 52 0 77 42 0 77 44 0 5978 950000 4750 1031062 1137500 1172247
 3256.924919 14140 1500 1500 1500 1500 77 46 0 77 52 0 77 42 0 77 44 0 5978 950000 4750 1031062 1137500 1172247
 3257.124919 14141 1500 1500 1500 1500 77 46 0 77 52 0 77 42 0 77 44 0 5978 950000 4750 1034076 1137500 1175658
 3257.324919 14142 1500 1500 1500 1500 77 46 0 77 52 0 77 42 0 77 44 0 5978 950000 4750 1043940 1137500 1185891
 3257.524919 14143 1500 1500 1500 1500 77 46 0 77 52 0 77 42 0 77 44 0 5978 950000 4750 1043940 1137500 1185891
 3257.724919 14144 1500 1500 1500 1500 77 46 0 77 52 0 77 42 0 77 44 0 5978 950000 4750 1031884 1137500 1172247
 3257.924919 14145 1500 1500 1500 1500 77 46 0 77 52 0 77 42 0 77 44 0 5978 950000 4750 1032432 1137500 1173384
 3258.124920 14146 1500 1500 1500 1500 77 46 0 77 52 0 77 42 0 77 44 0 6222 950000 5700 1029966 1137500 1169973
 3258.324972 14147 1500 1500 1500 1500 77 46 0 77 52 0 77 42 0 77 44 0 6222 950000 5700 1029966 1137500 1169973
 3258.524919 14148 1500 1500 1500 1500 77 46 0 77 52 0 77 42 0 77 44 0 5978 950000 4750 1030514 1137500 1171110
 3258.724919 14149 1500 1500 1500 1500 77 46 0 77 52 0 77 42 0 77 44 0 5978 950000 4750 1033528 1137500 1174521
 3258.924919 14150 1500 1500 1500 1500 77 46 0 77 52 0 77 42 0 77 44 0 5978 950000 4750 1033528 1137500 1174521
 3259.124919 14151 1500 1500 1500 1500 77 46 0 77 52 0 77 42 0 77 44 0 5978 950000 4750 1033528 1137500 1174521
 3259.324919 14152 1500 1500 1500 1500 77 46 0 77 52 0 77 42 0 77 44 0 6222 950000 5700 1035446 1137500 1176795
 3259.524919 14153 1500 1500 1500 1500 77 46 0 77 52 0 77 42 0 77 44 0 6222 950000 5700 1075724 1137500 1222275
 3259.724920 14154 1500 1500 1500 1500 77 46 0 77 52 0 77 42 0 77 44 0 5978 950000 4750 1035172 1137500 1176795
 3259.924919 14155 1500 1500 1500 1500 77 46 0 77 52 0 77 42 0 77 44 0 5978 950000 4750 1035172 1137500 1176795
 3260.124920 14156 1500 1500 1500 1500 77 46 0 77 52 0 77 42 0 77 44 0 5978 950000 4750 1033254 1137500 1174521
 3260.324920 14157 1500 1500 1500 1500 77 46 0 77 52 0 77 42 0 77 44 0 6222 950000 5700 1034076 1137500 1175658
 3260.524919 14158 1500 1500 1500 1500 77 46 0 77 52 0 77 42 0 77 44 0 6222 950000 5700 1031884 1137500 1172247
 3260.724921 14159 1500 1500 1500 1500 77 46 0 77 52 0 77 42 0 77 44 0 6222 950000 5700 1034076 1137500 1175658
 3260.924919 14160 1500 1500 1500 1500 77 46 0 77 52 0 77 42 0 77 44 0 6222 950000 5700 1034076 1137500 1175658
 3261.124919 14161 1500 1500 1500 1500 77 46 0 77 52 0 77 42 0 77 44 0 5978 950000 4750 1036268 1137500 1177932
 3261.324980 14162 1500 1500 1500 1500 77 46 0 77 52 0 77 42 0 77 44 0 5978 950000 4750 1033254 1137500 1174521
 3261.524922 14163 1500 1500 1500 1500 77 46 0 77 52 0 77 42 0 77 44 0 5978 950000 4750 1034076 1137500 1175658
 3261.724919 14164 1500 1500 1500 1500 77 46 0 77 52 0 77 42 0 77 44 0 5978 950000 4750 1034076 1137500 1175658
 3261.924919 14165 1500 1500 1500 1500 77 46 0 77 52 0 77 42 0 77 44 0 5978 950000 4750 1028322 1137500 1168836
 3262.124920 14166 1500 1500 1500 1500 77 46 0 77 52 0 77 42 0 77 44 0 5978 950000 4750 1030788 1137500 1171110
 3262.324920 14167 1500 1500 1500 1500 77 46 0 77 52 0 77 42 0 77 44 0 6222 950000 5700 1028596 1137500 1168836
 3262.524919 14168 1500 1500 1500 1500 77 46 0 77 52 0 77 42 0 77 44 0 6222 950000 5700 1028596 1137500 1168836
 3262.724920 14169 1500 1500 1500 1500 77 46 0 77 52 0 77 42 0 77 44 0 5978 950000 4750 1031610 1137500 1172247
 3262.924920 14170 1500 1500 1500 1500 77 46 0 77 52 0 77 42 0 77 44 0 5978 950000 4750 1033254 1137500 1174521
 3263.124920 14171 1500 1500 1500 1500 77 46 0 77 52 0 77 42 0 77 44 0 5978 950000 4750 1032432 1137500 1173384
 3263.324919 14172 1500 1500 1500 1500 77 46 0 77 52 0 77 42 0 77 44 0 5978 950000 4750 1032432 1137500 1173384
 3263.524920 14173 1500 1500 1500 1500 77 46 0 77 52 0 77 42 0 77 44 0 5978 950000 4750 1032432 1137500 1173384
 3263.724921 14174 1500 1500 1500 1500 77 46 0 77 52 0 77 42 0 77 44 0 5978 950000 4750 1032706 1137500 1173384
 3263.924919 14175 1500 1500 1500 1500 77 46 0 77 52 0 77 42 0 77 44 0 5978 950000 4750 1030788 1137500 1171110
 3264.124919 14176 1500 1500 1500 1500 77 46 0 77 52 0 77 42 0 77 44 0 5978 950000 4750 1030788 1137500 1171110
 3264.324971 14177 1500 1500 1500 1500 77 46 0 77 52 0 77 42 0 77 44 0 6222 950000 5700 1030788 1137500 1171110
 3264.524920 14178 1500 1500 1500 1500 77 46 0 77 52 0 77 42 0 77 44 0 5978 950000 4750 1032432 1137500 1173384
 3264.724919 14179 1500 1500 1500 1500 77 46 0 77 52 0 77 42 0 77 44 0 5978 950000 4750 1055174 1137500 1199535
 3264.924921 14180 1500 1500 1500 1500 77 46 0 77 52 0 77 42 0 77 44 0 5978 950000 4750 1055174 1137500 1199535
 3265.124919 14181 1500 1500 1500 1500 77 46 0 77 52 0 77 42 0 77 44 0 5978 950000 4750 1033528 1137500 1174521
 3265.324919 14182 1500 1500 1500 1500 77 46 0 77 52 0 77 42 0 77 44 0 5978 950000 4750 1035172 1137500 1176795
 3265.524919 14183 1500 1500 1500 1500 77 46 0 77 52 0 77 42 0 77 44 0 5978 950000 4750 1032706 1137500 1173384
 3265.724919 14184 1500 1500 1500 1500 77 46 0 77 52 0 77 42 0 77 44 0 5978 950000 4750 1032706 1137500 1173384
 3265.924920 14185 1500 1500 1500 1500 77 46 0 77 52 0 77 42 0 77 44 0 5978 950000 4750 1032158 1137500 1173384
 3266.124919 14186 1500 1500 1500 1500 77 46 0 77 52 0 77 42 0 77 44 0 5978 950000 4750 1032432 1137500 1173384
 3266.324919 14187 1500 1500 1500 1500 77 46 0 77 52 0 77 42 0 77 44 0 5978 950000 4750 1033254 1137500 1174521
 3266.524920 14188 1500 1500 1500 1500 77 46 0 77 52 0 77 42 0 77 44 0 5978 950000 4750 1033254 1137500 1174521
 3266.724919 14189 1500 1500 1500 1500 77 46 0 77 52 0 77 42 0 77 44 0 5978 950000 4750 1035446 1137500 1176795
 3266.924919 14190 1500 1500 1500 1500 77 46 0 77 52 0 77 42 0 77 44 0 5978 950000 4750 1035446 1137500 1176795
 3267.124921 14191 1500 1500 1500 1500 77 46 0 77 52 0 77 42 0 77 44 0 5978 950000 4750 1035172 1137500 1176795
 3267.324980 14192 1500 1500 1500 1500 77 46 0 77 52 0 77 42 0 77 44 0 5978 950000 4750 1032980 1137500 1173384
 3267.524919 14193 1500 1500 1500 1500 77 46 0 77 52 0 77 42 0 77 44 0 5978 950000 4750 1032980 1137500 1173384
 3267.724920 14194 1500 1500 1500 1500 77 46 0 77 52 0 77 42 0 77 44 0 5978 950000 4750 1035446 1137500 1176795
 3267.924920 14195 1500 1500 1500 1500 77 46 0 77 52 0 77 42 0 77 44 0 6222 950000 5700 1031336 1137500 1172247
 3268.124920 14196 1500 1500 1500 1500 77 46 0 77 52 0 77 42 0 77 44 0 5978 950000 4750 1031610 1137500 1172247
 3268.324920 14197 1500 1500 1500 1500 77 46 0 77 52 0 77 42 0 77 44 0 5978 950000 4750 1031610 1137500 1172247
 3268.524919 14198 1500 1500 1500 1500 77 46 0 77 52 0 77 42 0 77 44 0 5978 950000 4750 1034898 1137500 1175658
 3268.724920 14199 1500 1500 1500 1500 77 46 0 77 52 0 77 42 0 77 44 0 5978 950000 4750 1032432 1137500 1173384
 3268.924919 14200 1500 1500 1500 1500 77 46 0 77 52 0 77 42 0 77 44 0 5978 950000 4750 1032432 1137500 1173384
 3269.124920 14201 1500 1500 1500 1500 77 46 0 77 52 0 77 42 0 77 44 0 5978 950000 4750 1032432 1137500 1173384
 3269.324919 14202 1500 1500 1500 1500 77 46 0 77 52 0 77 42 0 77 44 0 5978 950000 4750 1030788 1137500 1171110
 3269.524919 14203 1500 1500 1500 1500 77 46 0 77 52 0 77 42 0 77 44 0 5978 950000 4750 1039282 1137500 1181343
 3269.724919 14204 1500 1500 1500 1500 77 46 0 77 52 0 77 42 0 77 44 0 5978 950000 4750 1033528 1137500 1174521
 3269.924919 14205 1500 1500 1500 1500 77 46 0 77 52 0 77 42 0 77 44 0 5978 950000 4750 1033528 1137500 1174521
 3270.124919 14206 1500 1500 1500 1500 77 46 0 77 52 0 77 42 0 77 44 0 5978 950000 4750 1031336 1137500 1172247
 3270.324979 14207 1500 1500 1500 1500 77 46 0 77 52 0 77 42 0 77 44 0 6222 950000 5700 1034624 1137500 1175658
 3270.524918 14208 1500 1500 1500 1500 77 46 0 77 52 0 77 42 0 77 44 0 6222 950000 5700 1033528 1137500 1174521
 3270.724919 14209 1500 1500 1500 1500 77 46 0 77 52 0 77 42 0 77 44 0 6222 950000 5700 1033528 1137500 1174521
 3270.924920 14210 1500 1500 1500 1500 77 46 0 77 52 0 77 42 0 77 44 0 5978 950000 4750 1036816 1137500 1177932
 3271.124919 14211 1500 1500 1500 1500 77 46 0 77 52 0 77 42 0 77 44 0 6222 950000 5700 1032706 1137500 1173384
 3271.324919 14212 1500 1500 1500 1500 77 46 0 77 52 0 77 42 0 77 44 0 5978 950000 4750 1032706 1137500 1173384
 3271.524919 14213 1500 1500 1500 1500 77 46 0 77 52 0 77 42 0 77 44 0 5978 950000 4750 1032706 1137500 1173384
 3271.724919 14214 1500 1500 1500 1500 77 46 0 77 52 0 77 42 0 77 44 0 6222 950000 5700 1032432 1137500 1173384
 3271.924919 14215 1500 1500 1500 1500 77 46 0 77 52 0 77 42 0 77 44 0 5978 950000 4750 1032158 1137500 1173384
 3272.124919 14216 1500 1500 1500 1500 77 46 0 77 52 0 77 42 0 77 44 0 5978 950000 4750 1034076 1137500 1175658
 3272.324919 14217 1500 1500 1500 1500 77 46 0 77 52 0 77 42 0 77 44 0 5978 950000 4750 1034076 1137500 1175658
 3272.524919 14218 1500 1500 1500 1500 77 46 0 77 52 0 77 42 0 77 44 0 6222 950000 5700 1034624 1137500 1175658
 3272.724919 14219 1500 1500 1500 1500 77 46 0 77 52 0 77 42 0 77 44 0 5978 950000 4750 1032980 1137500 1173384
 3272.924919 14220 1500 1500 1500 1500 77 46 0 77 52 0 77 42 0 77 44 0 5978 950000 4750 1030514 1137500 1171110
 3273.124943 14221 1500 1500 1500 1500 77 46 0 77 52 0 77 42 0 77 44 0 5978 950000 4750 1030514 1137500 1171110
 3273.324980 14222 1500 1500 1500 1500 77 46 0 77 52 0 77 42 0 77 44 0 5978 950000 4750 1032706 1137500 1173384
 3273.524920 14223 1500 1500 1500 1500 77 46 0 77 52 0 77 42 0 77 44 0 5978 950000 4750 1031884 1137500 1172247
 3273.724919 14224 1500 1500 1500 1500 77 46 0 77 52 0 77 42 0 77 44 0 5978 950000 4750 1033802 1137500 1174521
 3273.924920 14225 1500 1500 1500 1500 77 46 0 77 52 0 77 42 0 77 44 0 5978 950000 4750 1033528 1137500 1174521
 3274.124919 14226 1500 1500 1500 1500 77 46 0 77 52 0 77 42 0 77 44 0 5978 950000 4750 1033528 1137500 1174521
 3274.324898 14227 1500 1500 1500 1500 77 46 0 77 52 0 77 42 0 77 44 0 6222 950000 5700 1034898 1137500 1175658
 3274.524919 14228 1500 1500 1500 1500 77 46 0 77 52 0 77 42 0 77 44 0 5978 950000 4750 1034076 1137500 1175658
 3274.724920 14229 1500 1500 1500 1500 77 46 0 77 52 0 77 42 0 77 44 0 6222 950000 5700 1036542 1137500 1177932
 3274.924919 14230 1500 1500 1500 1500 77 46 0 77 52 0 77 42 0 77 44 0 6222 950000 5700 1036542 1137500 1177932
 3275.124892 14231 1500 1500 1500 1500 77 46 0 77 52 0 77 42 0 77 44 0 5978 950000 4750 1032432 1137500 1173384
 3275.324919 14232 1500 1500 1500 1500 77 46 0 77 52 0 77 42 0 77 44 0 6222 950000 5700 1033528 1137500 1174521
 3275.524919 14233 1500 1500 1500 1500 77 46 0 77 52 0 77 42 0 77 44 0 5978 950000 4750 1036542 1137500 1177932
 3275.724919 14234 1500 1500 1500 1500 77 46 0 77 52 0 77 42 0 77 44 0 5978 950000 4750 1036542 1137500 1177932
 3275.924919 14235 1500 1500 1500 1500 77 46 0 77 52 0 77 42 0 77 44 0 5978 950000 4750 1033802 1137500 1174521
 3276.124919 14236 1500 1500 1500 1500 77 46 0 77 52 0 77 42 0 77 44 0 6222 950000 5700 1033528 1137500 1174521
 3276.324980 14237 1500 1500 1500 1500 77 46 0 77 52 0 77 42 0 77 44 0 5978 950000 4750 1035720 1137500 1176795
 3276.524920 14238 1500 1500 1500 1500 77 46 0 77 52 0 77 42 0 77 44 0 5978 950000 4750 1035720 1137500 1176795
 3276.724919 14239 1500 1500 1500 1500 77 46 0 77 52 0 77 42 0 77 44 0 6222 950000 5700 1034624 1137500 1175658
 3276.924919 14240 1500 1500 1500 1500 77 46 0 77 52 0 77 42 0 77 44 0 5978 950000 4750 1031062 1137500 1172247
 3277.124920 14241 1500 1500 1500 1500 77 46 0 77 52 0 77 42 0 77 44 0 5978 950000 4750 1034076 1137500 1175658
 3277.324919 14242 1500 1500 1500 1500 77 46 0 77 52 0 77 42 0 77 44 0 5978 950000 4750 1034076 1137500 1175658
 3277.524920 14243 1500 1500 1500 1500 77 46 0 77 52 0 77 42 0 77 44 0 5978 950000 4750 1033254 1137500 1174521
 3277.724919 14244 1500 1500 1500 1500 77 46 0 77 52 0 77 42 0 77 44 0 6222 950000 5700 1034076 1137500 1175658
 3277.924920 14245 1500 1500 1500 1500 77 46 0 77 52 0 77 42 0 77 44 0 6222 950000 5700 1033254 1137500 1174521
 3278.124919 14246 1500 1500 1500 1500 77 46 0 77 52 0 77 42 0 77 44 0 6222 950000 5700 1033254 1137500 1174521
 3278.324919 14247 1500 1500 1500 1500 77 46 0 77 52 0 77 42 0 77 44 0 5978 950000 4750 1032432 1137500 1173384
 3278.524919 14248 1500 1500 1500 1500 77 46 0 77 52 0 77 42 0 77 44 0 6222 950000 5700 1032158 1137500 1173384
 3278.724919 14249 1500 1500 1500 1500 77 46 0 77 52 0 77 42 0 77 44 0 5978 950000 4750 1030514 1137500 1171110
 3278.924919 14250 1500 1500 1500 1500 77 46 0 77 52 0 77 42 0 77 44 0 5978 950000 4750 1030514 1137500 1171110
 3279.124919 14251 1500 1500 1500 1500 77 46 0 77 52 0 77 42 0 77 44 0 5978 950000 4750 1029966 1137500 1169973
 3279.324978 14252 1500 1500 1500 1500 77 46 0 77 52 0 77 42 0 77 44 0 5978 950000 4750 1032432 1137500 1173384
 3279.524919 14253 1500 1500 1500 1500 77 46 0 77 52 0 77 42 0 77 44 0 6222 950000 5700 1036542 1137500 1177932
 3279.724919 14254 1500 1500 1500 1500 77 46 0 77 52 0 77 42 0 77 44 0 5978 950000 4750 1034076 1137500 1175658
 3279.924919 14255 1500 1500 1500 1500 77 46 0 77 52 0 77 42 0 77 44 0 5978 950000 4750 1034076 1137500 1175658
 3280.124919 14256 1500 1500 1500 1500 77 46 0 77 52 0 77 42 0 77 44 0 6222 950000 5700 1033802 1137500 1174521
 3280.324920 14257 1500 1500 1500 1500 77 46 0 77 52 0 77 42 0 77 44 0 5978 950000 4750 1034624 1137500 1175658
 3280.524920 14258 1500 1500 1500 1500 77 46 0 77 52 0 77 42 0 77 44 0 5978 950000 4750 1033528 1137500 1174521
 3280.724920 14259 1500 1500 1500 1500 77 46 0 77 52 0 77 42 0 77 44 0 5978 950000 4750 1033528 1137500 1174521
 3280.924919 14260 1500 1500 1500 1500 77 46 0 77 52 0 77 42 0 77 44 0 6222 950000 5700 1032432 1137500 1173384
 3281.124919 14261 1500 1500 1500 1500 77 46 0 77 52 0 77 42 0 77 44 0 6222 950000 5700 1033802 1137500 1174521
 3281.324920 14262 1500 1500 1500 1500 77 46 0 77 52 0 77 42 0 77 44 0 6222 950000 5700 1035994 1137500 1176795
 3281.524919 14263 1500 1500 1500 1500 77 46 0 77 52 0 77 42 0 77 44 0 6222 950000 5700 1035994 1137500 1176795
 3281.724920 14264 1500 1500 1500 1500 77 46 0 77 52 0 77 42 0 77 44 0 5978 950000 4750 1034898 1137500 1175658
 3281.924919 14265 1500 1500 1500 1500 77 46 0 77 52 0 77 42 0 77 44 0 5978 950000 4750 1034898 1137500 1175658
 3282.124919 14266 1500 1500 1500 1500 77 46 0 77 52 0 77 42 0 77 44 0 6222 950000 5700 1034898 1137500 1175658
 3282.324981 14267 1500 1500 1500 1500 77 46 0 77 52 0 77 42 0 77 44 0 6222 950000 5700 1034898 1137500 1175658
 3282.524920 14268 1500 1500 1500 1500 77 46 0 77 52 0 77 42 0 77 44 0 5978 950000 4750 1031884 1137500 1172247
 3282.724920 14269 1500 1500 1500 1500 77 46 0 77 52 0 77 42 0 77 44 0 5978 950000 4750 1032980 1137500 1173384
 3282.924920 14270 1500 1500 1500 1500 77 46 0 77 52 0 77 42 0 77 44 0 6222 950000 5700 1030514 1137500 1171110
 3283.124919 14271 1500 1500 1500 1500 77 46 0 77 52 0 77 42 0 77 44 0 6222 950000 5700 1030514 1137500 1171110
 3283.324919 14272 1500 1500 1500 1500 77 46 0 77 52 0 77 42 0 77 44 0 5978 950000 4750 1034350 1137500 1175658
 3283.524919 14273 1500 1500 1500 1500 77 46 0 77 52 0 77 42 0 77 44 0 5978 950000 4750 1032706 1137500 1173384
 3283.724919 14274 1500 1500 1500 1500 77 46 0 77 52 0 77 42 0 77 44 0 5978 950000 4750 1032158 1137500 1173384
 3283.924919 14275 1500 1500 1500 1500 77 46 0 77 52 0 77 42 0 77 44 0 5978 950000 4750 1032158 1137500 1173384
 3284.124920 14276 1500 1500 1500 1500 77 46 0 77 52 0 77 42 0 77 44 0 6222 950000 5700 1032706 1137500 1173384
 3284.324919 14277 1500 1500 1500 1500 77 46 0 77 52 0 77 42 0 77 44 0 6222 950000 5700 1032432 1137500 1173384
 3284.524919 14278 1500 1500 1500 1500 77 46 0 77 52 0 77 42 0 77 44 0 5978 950000 4750 1030240 1137500 1171110
 3284.724920 14279 1500 1500 1500 1500 77 46 0 77 52 0 77 42 0 77 44 0 5978 950000 4750 1030240 1137500 1171110
 3284.924920 14280 1500 1500 1500 1500 77 46 0 77 52 0 77 42 0 77 44 0 5978 950000 4750 1030788 1137500 1171110
 3285.124919 14281 1500 1500 1500 1500 77 46 0 77 52 0 77 42 0 77 44 0 5978 950000 4750 1032432 1137500 1173384
 3285.324978 14282 1500 1500 1500 1500 77 46 0 77 52 0 77 42 0 77 44 0 6222 950000 5700 1032432 1137500 1173384
 3285.524934 14283 1500 1500 1500 1500 77 46 0 77 52 0 77 42 0 77 44 0 6222 950000 5700 1032432 1137500 1173384
 3285.724919 14284 1500 1500 1500 1500 77 46 0 77 52 0 77 42 0 77 44 0 6222 950000 5700 1033802 1137500 1174521
 3285.924920 14285 1500 1500 1500 1500 77 46 0 77 52 0 77 42 0 77 44 0 5978 950000 4750 1033528 1137500 1174521
 3286.124919 14286 1500 1500 1500 1500 77 46 0 77 52 0 77 42 0 77 44 0 5978 950000 4750 1031884 1137500 1172247
 3286.324920 14287 1500 1500 1500 1500 77 46 0 77 52 0 77 42 0 77 44 0 5978 950000 4750 1033254 1137500 1174521
 3286.524919 14288 1500 1500 1500 1500 77 46 0 77 52 0 77 42 0 77 44 0 5978 950000 4750 1033254 1137500 1174521
 3286.724920 14289 1500 1500 1500 1500 77 46 0 77 52 0 77 42 0 77 44 0 5978 950000 4750 1033528 1137500 1174521
 3286.924920 14290 1500 1500 1500 1500 77 46 0 77 52 0 77 42 0 77 44 0 6222 950000 5700 1034076 1137500 1175658
 3287.124920 14291 1500 1500 1500 1500 77 46 0 77 52 0 77 42 0 77 44 0 5978 950000 4750 1036542 1137500 1177932
 3287.324919 14292 1500 1500 1500 1500 77 46 0 77 52 0 77 42 0 77 44 0 5978 950000 4750 1036542 1137500 1177932
 3287.524921 14293 1500 1500 1500 1500 77 46 0 77 52 0 77 42 0 77 44 0 6222 950000 5700 1036542 1137500 1177932
 3287.724920 14294 1500 1500 1500 1500 77 46 0 77 52 0 77 42 0 77 44 0 6222 950000 5700 1035994 1137500 1176795
 3287.924919 14295 1500 1500 1500 1500 77 46 0 77 52 0 77 42 0 77 44 0 5978 950000 4750 1033254 1137500 1174521
 3288.124919 14296 1500 1500 1500 1500 77 46 0 77 52 0 77 42 0 77 44 0 5978 950000 4750 1033254 1137500 1174521
 3288.324979 14297 1500 1500 1500 1500 77 46 0 77 52 0 77 42 0 77 44 0 5978 950000 4750 1034076 1137500 1175658
 3288.524920 14298 1500 1500 1500 1500 77 46 0 77 52 0 77 42 0 77 44 0 6222 950000 5700 1032980 1137500 1173384
 3288.724919 14299 1500 1500 1500 1500 77 46 0 77 52 0 77 42 0 77 44 0 6222 950000 5700 1032980 1137500 1173384
 3288.924919 14300 1500 1500 1500 1500 77 46 0 77 52 0 77 42 0 77 44 0 6222 950000 5700 1032980 1137500 1173384
 3289.124919 14301 1500 1500 1500 1500 77 46 0 77 52 0 77 42 0 77 44 0 6222 950000 5700 1034350 1137500 1175658
 3289.324919 14302 1500 1500 1500 1500 77 46 0 77 52 0 77 42 0 77 44 0 6222 950000 5700 1035172 1137500 1176795
 3289.524919 14303 1500 1500 1500 1500 77 46 0 77 52 0 77 42 0 77 44 0 5978 950000 4750 1033802 1137500 1174521
 3289.724919 14304 1500 1500 1500 1500 77 46 0 77 52 0 77 42 0 77 44 0 5978 950000 4750 1033802 1137500 1174521
 3289.924991 14305 1500 1500 1500 1500 77 46 0 77 52 0 77 42 0 77 44 0 5978 950000 4750 1031062 1137500 1172247
 3290.124930 14306 1500 1500 1500 1500 77 46 0 77 52 0 77 42 0 77 44 0 5978 950000 4750 1033528 1137500 1174521
 3290.324920 14307 1500 1500 1500 1500 77 46 0 77 52 0 77 42 0 77 44 0 5978 950000 4750 1030788 1137500 1171110
 3290.524920 14308 1500 1500 1500 1500 77 46 0 77 52 0 77 42 0 77 44 0 5978 950000 4750 1030788 1137500 1171110
 3290.724921 14309 1500 1500 1500 1500 77 46 0 77 52 0 77 42 0 77 44 0 5978 950000 4750 1031062 1137500 1172247
 3290.924920 14310 1500 1500 1500 1500 77 46 0 77 52 0 77 42 0 77 44 0 6222 950000 5700 1033254 1137500 1174521
 3291.124929 14311 1500 1500 1500 1500 77 46 0 77 52 0 77 42 0 77 44 0 5978 950000 4750 1034624 1137500 1175658
 3291.324898 14312 1500 1500 1500 1500 77 46 0 77 52 0 77 42 0 77 44 0 5978 950000 4750 1034624 1137500 1175658
 3291.524920 14313 1500 1500 1500 1500 77 46 0 77 52 0 77 42 0 77 44 0 6222 950000 5700 1034624 1137500 1175658
 3291.724920 14314 1500 1500 1500 1500 77 46 0 77 52 0 77 42 0 77 44 0 5978 950000 4750 1032980 1137500 1173384
 3291.924899 14315 1500 1500 1500 1500 77 46 0 77 52 0 77 42 0 77 44 0 6222 950000 5700 1033528 1137500 1174521
 3292.125274 14316 1500 1500 1500 1500 77 46 0 77 52 0 77 42 0 77 44 0 5978 950000 4750 1033528 1137500 1174521
 3292.324899 14317 1500 1500 1500 1500 77 46 0 77 52 0 77 42 0 77 44 0 5978 950000 4750 1033254 1137500 1174521
 3292.524899 14318 1500 1500 1500 1500 77 46 0 77 52 0 77 42 0 77 44 0 5978 950000 4750 1031884 1137500 1172247
 3292.724900 14319 1500 1500 1500 1500 77 46 0 77 52 0 77 42 0 77 44 0 5978 950000 4750 1035994 1137500 1176795
 3292.924899 14320 1500 1500 1500 1500 77 46 0 77 52 0 77 42 0 77 44 0 5978 950000 4750 1032706 1137500 1173384
 3293.124909 14321 1500 1500 1500 1500 77 46 0 77 52 0 77 42 0 77 44 0 5978 950000 4750 1032706 1137500 1173384
 3293.324899 14322 1500 1500 1500 1500 77 46 0 77 52 0 77 42 0 77 44 0 5978 950000 4750 1032706 1137500 1173384
 3293.524898 14323 1500 1500 1500 1500 77 46 0 77 52 0 77 42 0 77 44 0 6222 950000 5700 1035446 1137500 1176795
 3293.724898 14324 1500 1500 1500 1500 77 46 0 77 52 0 77 42 0 77 44 0 5978 950000 4750 1032706 1137500 1173384
 3293.924898 14325 1500 1500 1500 1500 77 46 0 77 52 0 77 42 0 77 44 0 5978 950000 4750 1032706 1137500 1173384
 3294.124909 14326 1500 1500 1500 1500 77 46 0 77 52 0 77 42 0 77 44 0 6222 950000 5700 1031610 1137500 1172247
 3294.324899 14327 1500 1500 1500 1500 77 46 0 77 52 0 77 42 0 77 44 0 6222 950000 5700 1033528 1137500 1174521
 3294.524849 14328 1500 1500 1500 1500 77 46 0 77 52 0 77 42 0 77 44 0 6222 950000 5700 1033802 1137500 1174521
 3294.724852 14329 1500 1500 1500 1500 77 46 0 77 52 0 77 42 0 77 44 0 6222 950000 5700 1033802 1137500 1174521
 3294.924852 14330 1500 1500 1500 1500 77 46 0 77 52 0 77 42 0 77 44 0 6222 950000 5700 1060654 1137500 1205220
 3295.124939 14331 1500 1500 1500 1500 77 46 0 77 52 0 77 42 0 77 44 0 5978 950000 4750 1034350 1137500 1175658
 3295.324903 14332 1500 1500 1500 1500 77 46 0 77 52 0 77 42 0 77 44 0 6222 950000 5700 1031336 1137500 1172247
 3295.524903 14333 1500 1500 1500 1500 77 46 0 77 52 0 77 42 0 77 44 0 6222 950000 5700 1031336 1137500 1172247
 3295.724903 14334 1500 1500 1500 1500 77 46 0 77 52 0 77 42 0 77 44 0 6222 950000 5700 1031884 1137500 1172247
 3295.924902 14335 1500 1500 1500 1500 77 46 0 77 52 0 77 42 0 77 44 0 6222 950000 5700 1033254 1137500 1174521
 3296.124912 14336 1500 1500 1500 1500 77 46 0 77 52 0 77 42 0 77 44 0 5978 950000 4750 1032706 1137500 1173384
 3296.324903 14337 1500 1500 1500 1500 77 46 0 77 52 0 77 42 0 77 44 0 5978 950000 4750 1032706 1137500 1173384
 3296.524903 14338 1500 1500 1500 1500 77 46 0 77 52 0 77 42 0 77 44 0 6222 950000 5700 1036268 1137500 1177932
 3296.724903 14339 1500 1500 1500 1500 77 46 0 77 52 0 77 42 0 77 44 0 6222 950000 5700 1036542 1137500 1177932
 3296.924898 14340 1500 1500 1500 1500 77 46 0 77 52 0 77 42 0 77 44 0 5978 950000 4750 1035994 1137500 1176795
 3297.124913 14341 1500 1500 1500 1500 77 46 0 77 52 0 77 42 0 77 44 0 5978 950000 4750 1035994 1137500 1176795
 3297.324897 14342 1500 1500 1500 1500 77 46 0 77 52 0 77 42 0 77 44 0 6222 950000 5700 1033254 1137500 1174521
 3297.524902 14343 1500 1500 1500 1500 77 46 0 77 52 0 77 42 0 77 44 0 5978 950000 4750 1034624 1137500 1175658
 3297.724902 14344 1500 1500 1500 1500 77 46 0 77 52 0 77 42 0 77 44 0 6222 950000 5700 1034624 1137500 1175658
 3297.924902 14345 1500 1500 1500 1500 77 46 0 77 52 0 77 42 0 77 44 0 6222 950000 5700 1034624 1137500 1175658
 3298.124912 14346 1500 1500 1500 1500 77 46 0 77 52 0 77 42 0 77 44 0 6222 950000 5700 1033254 1137500 1174521
 3298.324902 14347 1500 1500 1500 1500 77 46 0 77 52 0 77 42 0 77 44 0 5978 950000 4750 1037912 1137500 1179069
 3298.524903 14348 1500 1500 1500 1500 77 46 0 77 52 0 77 42 0 77 44 0 5978 950000 4750 1035446 1137500 1176795
 3298.724899 14349 1500 1500 1500 1500 77 46 0 77 52 0 77 42 0 77 44 0 6222 950000 5700 1032980 1137500 1173384
 3298.924920 14350 1500 1500 1500 1500 77 46 0 77 52 0 77 42 0 77 44 0 6222 950000 5700 1032980 1137500 1173384
 3299.124930 14351 1500 1500 1500 1500 77 46 0 77 52 0 77 42 0 77 44 0 5978 950000 4750 1031884 1137500 1172247
 3299.324917 14352 1500 1500 1500 1500 77 46 0 77 52 0 77 42 0 77 44 0 6222 950000 5700 1032432 1137500 1173384
 3299.524920 14353 1500 1500 1500 1500 77 46 0 77 52 0 77 42 0 77 44 0 6222 950000 5700 1030788 1137500 1171110
 3299.724920 14354 1500 1500 1500 1500 77 46 0 77 52 0 77 42 0 77 44 0 6222 950000 5700 1030788 1137500 1171110
 3299.924920 14355 1500 1500 1500 1500 77 46 0 77 52 0 77 42 0 77 44 0 6222 950000 5700 1031062 1137500 1172247
 3300.124929 14356 1500 1500 1500 1500 77 46 0 77 52 0 77 42 0 77 44 0 6222 950000 5700 1033528 1137500 1174521
 3300.324897 14357 1500 1500 1500 1500 77 46 0 77 52 0 77 42 0 77 44 0 6222 950000 5700 1032432 1137500 1173384
 3300.524920 14358 1500 1500 1500 1500 77 46 0 77 52 0 77 42 0 77 44 0 6222 950000 5700 1032432 1137500 1173384
 3300.724920 14359 1500 1500 1500 1500 77 46 0 77 52 0 77 42 0 77 44 0 5978 950000 4750 1034898 1137500 1175658
 3300.924921 14360 1500 1500 1500 1500 77 46 0 77 52 0 77 42 0 77 44 0 6222 950000 5700 1030514 1137500 1171110
 3301.124930 14361 1500 1500 1500 1500 77 46 0 77 52 0 77 42 0 77 44 0 6222 950000 5700 1031884 1137500 1172247
 3301.324920 14362 1500 1500 1500 1500 77 46 0 77 52 0 77 42 0 77 44 0 6222 950000 5700 1031884 1137500 1172247
 3301.524920 14363 1500 1500 1500 1500 77 46 0 77 52 0 77 42 0 77 44 0 6222 950000 5700 1031884 1137500 1172247
 3301.724916 14364 1500 1500 1500 1500 77 46 0 77 52 0 77 42 0 77 44 0 6222 950000 5700 1031062 1137500 1172247
 3301.924921 14365 1500 1500 1500 1500 77 46 0 77 52 0 77 42 0 77 44 0 5978 950000 4750 1033528 1137500 1174521
 3302.124929 14366 1500 1500 1500 1500 77 46 0 77 52 0 77 42 0 77 44 0 5978 950000 4750 1033528 1137500 1174521
 3302.324920 14367 1500 1500 1500 1500 77 46 0 77 52 0 77 42 0 77 44 0 6222 950000 5700 1036542 1137500 1177932
 3302.524920 14368 1500 1500 1500 1500 77 46 0 77 52 0 77 42 0 77 44 0 6222 950000 5700 1034624 1137500 1175658
 3302.724921 14369 1500 1500 1500 1500 77 46 0 77 52 0 77 42 0 77 44 0 5978 950000 4750 1033802 1137500 1174521
 3302.924920 14370 1500 1500 1500 1500 77 46 0 77 52 0 77 42 0 77 44 0 5978 950000 4750 1033802 1137500 1174521
 3303.124931 14371 1500 1500 1500 1500 77 46 0 77 52 0 77 42 0 77 44 0 6222 950000 5700 1032980 1137500 1173384
 3303.324897 14372 1500 1500 1500 1500 77 46 0 77 52 0 77 42 0 77 44 0 5978 950000 4750 1032980 1137500 1173384
 3303.524920 14373 1500 1500 1500 1500 77 46 0 77 52 0 77 42 0 77 44 0 5978 950000 4750 1032158 1137500 1173384
 3303.724921 14374 1500 1500 1500 1500 77 46 0 77 52 0 77 42 0 77 44 0 5978 950000 4750 1032158 1137500 1173384
 3303.924920 14375 1500 1500 1500 1500 77 46 0 77 52 0 77 42 0 77 44 0 6222 950000 5700 1037364 1137500 1179069
 3304.124916 14376 1500 1500 1500 1500 77 46 0 77 52 0 77 42 0 77 44 0 5978 950000 4750 1034624 1137500 1175658
 3304.324922 14377 1500 1500 1500 1500 77 46 0 77 52 0 77 42 0 77 44 0 6222 950000 5700 1036268 1137500 1177932
 3304.524903 14378 1500 1500 1500 1500 77 46 0 77 52 0 77 42 0 77 44 0 6222 950000 5700 1036268 1137500 1177932
 3304.724920 14379 1500 1500 1500 1500 77 46 0 77 52 0 77 42 0 77 44 0 5978 950000 4750 1043118 1137500 1185891
 3304.924920 14380 1500 1500 1500 1500 77 46 0 77 52 0 77 42 0 77 44 0 5978 950000 4750 1030788 1137500 1171110
 3305.124929 14381 1500 1500 1500 1500 77 46 0 77 52 0 77 42 0 77 44 0 6222 950000 5700 1030514 1137500 1171110
 3305.324920 14382 1500 1500 1500 1500 77 46 0 77 52 0 77 42 0 77 44 0 6222 950000 5700 1031610 1137500 1172247
 3305.524921 14383 1500 1500 1500 1500 77 46 0 77 52 0 77 42 0 77 44 0 6222 950000 5700 1031610 1137500 1172247
 3305.724920 14384 1500 1500 1500 1500 77 46 0 77 52 0 77 42 0 77 44 0 5978 950000 4750 1033528 1137500 1174521
 3305.924920 14385 1500 1500 1500 1500 77 46 0 77 52 0 77 42 0 77 44 0 5978 950000 4750 1033254 1137500 1174521
 3306.124929 14386 1500 1500 1500 1500 77 46 0 77 52 0 77 42 0 77 44 0 5978 950000 4750 1033254 1137500 1174521
 3306.324898 14387 1500 1500 1500 1500 77 46 0 77 52 0 77 42 0 77 44 0 5978 950000 4750 1033254 1137500 1174521
 3306.524917 14388 1500 1500 1500 1500 77 46 0 77 52 0 77 42 0 77 44 0 5978 950000 4750 1033528 1137500 1174521
 3306.724920 14389 1500 1500 1500 1500 77 46 0 77 52 0 77 42 0 77 44 0 5978 950000 4750 1032432 1137500 1173384
 3306.924921 14390 1500 1500 1500 1500 77 46 0 77 52 0 77 42 0 77 44 0 5978 950000 4750 1031062 1137500 1172247
 3307.124931 14391 1500 1500 1500 1500 77 46 0 77 52 0 77 42 0 77 44 0 5978 950000 4750 1031062 1137500 1172247
 3307.324920 14392 1500 1500 1500 1500 77 46 0 77 52 0 77 42 0 77 44 0 6222 950000 5700 1034076 1137500 1175658
 3307.524916 14393 1500 1500 1500 1500 77 46 0 77 52 0 77 42 0 77 44 0 5978 950000 4750 1034898 1137500 1175658
 3307.724919 14394 1500 1500 1500 1500 77 46 0 77 52 0 77 42 0 77 44 0 5978 950000 4750 1036542 1137500 1177932
 3307.924920 14395 1500 1500 1500 1500 77 46 0 77 52 0 77 42 0 77 44 0 5978 950000 4750 1036542 1137500 1177932
 3308.124929 14396 1500 1500 1500 1500 77 46 0 77 52 0 77 42 0 77 44 0 6222 950000 5700 1036542 1137500 1177932
 3308.324920 14397 1500 1500 1500 1500 77 46 0 77 52 0 77 42 0 77 44 0 5978 950000 4750 1036542 1137500 1177932
 3308.524920 14398 1500 1500 1500 1500 77 46 0 77 52 0 77 42 0 77 44 0 6222 950000 5700 1035172 1137500 1176795
 3308.724920 14399 1500 1500 1500 1500 77 46 0 77 52 0 77 42 0 77 44 0 6222 950000 5700 1035172 1137500 1176795
 3308.924920 14400 1500 1500 1500 1500 77 46 0 77 52 0 77 42 0 77 44 0 5978 950000 4750 1032706 1137500 1173384
 3309.124931 14401 1500 1500 1500 1500 77 46 0 77 52 0 77 42 0 77 44 0 5978 950000 4750 1034076 1137500 1175658
 3309.324898 14402 1500 1500 1500 1500 77 46 0 77 52 0 77 42 0 77 44 0 5978 950000 4750 1035994 1137500 1176795
 3309.524920 14403 1500 1500 1500 1500 77 46 0 77 52 0 77 42 0 77 44 0 5978 950000 4750 1035994 1137500 1176795
 3309.724920 14404 1500 1500 1500 1500 77 46 0 77 52 0 77 42 0 77 44 0 5978 950000 4750 1039282 1137500 1181343
 3309.924916 14405 1500 1500 1500 1500 77 46 0 77 52 0 77 42 0 77 44 0 5978 950000 4750 1034076 1137500 1175658
 3310.124929 14406 1500 1500 1500 1500 77 46 0 77 52 0 77 42 0 77 44 0 5978 950000 4750 1034898 1137500 1175658
 3310.324921 14407 1500 1500 1500 1500 77 46 0 77 52 0 77 42 0 77 44 0 5978 950000 4750 1034898 1137500 1175658
 3310.524920 14408 1500 1500 1500 1500 77 46 0 77 52 0 77 42 0 77 44 0 6222 950000 5700 1032432 1137500 1173384
 3310.724921 14409 1500 1500 1500 1500 77 46 0 77 52 0 77 42 0 77 44 0 5978 950000 4750 1031062 1137500 1172247
 3310.924920 14410 1500 1500 1500 1500 77 46 0 77 52 0 77 42 0 77 44 0 6222 950000 5700 1032158 1137500 1173384
 3311.124861 14411 1500 1500 1500 1500 77 46 0 77 52 0 77 42 0 77 44 0 5978 950000 4750 1034898 1137500 1175658
 3311.324921 14412 1500 1500 1500 1500 77 46 0 77 52 0 77 42 0 77 44 0 5978 950000 4750 1034898 1137500 1175658
 3311.524921 14413 1500 1500 1500 1500 77 46 0 77 52 0 77 42 0 77 44 0 6222 950000 5700 1037364 1137500 1179069
 3311.724920 14414 1500 1500 1500 1500 77 46 0 77 52 0 77 42 0 77 44 0 5978 950000 4750 1033528 1137500 1174521
 3311.924917 14415 1500 1500 1500 1500 77 46 0 77 52 0 77 42 0 77 44 0 6222 950000 5700 1032706 1137500 1173384
 3312.124929 14416 1500 1500 1500 1500 77 46 0 77 52 0 77 42 0 77 44 0 6222 950000 5700 1032706 1137500 1173384
 3312.324894 14417 1500 1500 1500 1500 77 46 0 77 52 0 77 42 0 77 44 0 5978 950000 4750 1031062 1137500 1172247
 3312.524921 14418 1500 1500 1500 1500 77 46 0 77 52 0 77 42 0 77 44 0 5978 950000 4750 1033802 1137500 1174521
 3312.724920 14419 1500 1500 1500 1500 77 46 0 77 52 0 77 42 0 77 44 0 6222 950000 5700 1032706 1137500 1173384
 3312.924920 14420 1500 1500 1500 1500 77 46 0 77 52 0 77 42 0 77 44 0 6222 950000 5700 1032706 1137500 1173384
 3313.124930 14421 1500 1500 1500 1500 77 46 0 77 52 0 77 42 0 77 44 0 5978 950000 4750 1033802 1137500 1174521
 3313.324920 14422 1500 1500 1500 1500 77 46 0 77 52 0 77 42 0 77 44 0 5978 950000 4750 1034076 1137500 1175658
 3313.524920 14423 1500 1500 1500 1500 77 46 0 77 52 0 77 42 0 77 44 0 5978 950000 4750 1033528 1137500 1174521
 3313.724920 14424 1500 1500 1500 1500 77 46 0 77 52 0 77 42 0 77 44 0 5978 950000 4750 1033528 1137500 1174521
 3313.924920 14425 1500 1500 1500 1500 77 46 0 77 52 0 77 42 0 77 44 0 6222 950000 5700 1033802 1137500 1174521
 3314.124930 14426 1500 1500 1500 1500 77 46 0 77 52 0 77 42 0 77 44 0 6222 950000 5700 1032158 1137500 1173384
 3314.324920 14427 1500 1500 1500 1500 77 46 0 77 52 0 77 42 0 77 44 0 5978 950000 4750 1033254 1137500 1174521
 3314.524920 14428 1500 1500 1500 1500 77 46 0 77 52 0 77 42 0 77 44 0 5978 950000 4750 1033254 1137500 1174521
 3314.724917 14429 1500 1500 1500 1500 77 46 0 77 52 0 77 42 0 77 44 0 6222 950000 5700 1032432 1137500 1173384
 3314.924920 14430 1500 1500 1500 1500 77 46 0 77 52 0 77 42 0 77 44 0 6222 950000 5700 1034076 1137500 1175658
 3315.124929 14431 1500 1500 1500 1500 77 46 0 77 52 0 77 42 0 77 44 0 6222 950000 5700 1034624 1137500 1175658
 3315.324897 14432 1500 1500 1500 1500 77 46 0 77 52 0 77 42 0 77 44 0 6222 950000 5700 1034624 1137500 1175658
 3315.524921 14433 1500 1500 1500 1500 77 46 0 77 52 0 77 42 0 77 44 0 5978 950000 4750 1034350 1137500 1175658
 3315.724920 14434 1500 1500 1500 1500 77 46 0 77 52 0 77 42 0 77 44 0 5978 950000 4750 1037090 1137500 1179069
 3315.924920 14435 1500 1500 1500 1500 77 46 0 77 52 0 77 42 0 77 44 0 5978 950000 4750 1031884 1137500 1172247
 3316.124930 14436 1500 1500 1500 1500 77 46 0 77 52 0 77 42 0 77 44 0 5978 950000 4750 1031884 1137500 1172247
 3316.324920 14437 1500 1500 1500 1500 77 46 0 77 52 0 77 42 0 77 44 0 6222 950000 5700 1033254 1137500 1174521
 3316.524920 14438 1500 1500 1500 1500 77 46 0 77 52 0 77 42 0 77 44 0 6222 950000 5700 1033528 1137500 1174521
 3316.724921 14439 1500 1500 1500 1500 77 46 0 77 52 0 77 42 0 77 44 0 5978 950000 4750 1034350 1137500 1175658
 3316.924902 14440 1500 1500 1500 1500 77 46 0 77 52 0 77 42 0 77 44 0 5978 950000 4750 1034350 1137500 1175658
 3317.124927 14441 1500 1500 1500 1500 77 46 0 77 52 0 77 42 0 77 44 0 6222 950000 5700 1035720 1137500 1176795
 3317.324920 14442 1500 1500 1500 1500 77 46 0 77 52 0 77 42 0 77 44 0 6222 950000 5700 1035172 1137500 1176795
 3317.524920 14443 1500 1500 1500 1500 77 46 0 77 52 0 77 42 0 77 44 0 5978 950000 4750 1034076 1137500 1175658
 3317.724899 14444 1500 1500 1500 1500 77 46 0 77 52 0 77 42 0 77 44 0 5978 950000 4750 1033528 1137500 1174521
 3317.924920 14445 1500 1500 1500 1500 77 46 0 77 52 0 77 42 0 77 44 0 5978 950000 4750 1033528 1137500 1174521
 3318.124929 14446 1500 1500 1500 1500 77 46 0 77 52 0 77 42 0 77 44 0 6222 950000 5700 1036268 1137500 1177932
 3318.324897 14447 1500 1500 1500 1500 77 46 0 77 52 0 77 42 0 77 44 0 6222 950000 5700 1034898 1137500 1175658
 3318.524920 14448 1500 1500 1500 1500 77 46 0 77 52 0 77 42 0 77 44 0 6222 950000 5700 1036542 1137500 1177932
 3318.724920 14449 1500 1500 1500 1500 77 46 0 77 52 0 77 42 0 77 44 0 6222 950000 5700 1036542 1137500 1177932
 3318.924920 14450 1500 1500 1500 1500 77 46 0 77 52 0 77 42 0 77 44 0 6222 950000 5700 1036816 1137500 1177932
 3319.124930 14451 1500 1500 1500 1500 77 46 0 77 52 0 77 42 0 77 44 0 6222 950000 5700 1036542 1137500 1177932
 3319.324916 14452 1500 1500 1500 1500 77 46 0 77 52 0 77 42 0 77 44 0 6222 950000 5700 1034624 1137500 1175658
 3319.524921 14453 1500 1500 1500 1500 77 46 0 77 52 0 77 42 0 77 44 0 6222 950000 5700 1034624 1137500 1175658
 3319.724920 14454 1500 1500 1500 1500 77 46 0 77 52 0 77 42 0 77 44 0 5978 950000 4750 1032158 1137500 1173384
 3319.924921 14455 1500 1500 1500 1500 77 46 0 77 52 0 77 42 0 77 44 0 5978 950000 4750 1032432 1137500 1173384
 3320.124930 14456 1500 1500 1500 1500 77 46 0 77 52 0 77 42 0 77 44 0 5978 950000 4750 1032980 1137500 1173384
 3320.324920 14457 1500 1500 1500 1500 77 46 0 77 52 0 77 42 0 77 44 0 5978 950000 4750 1032980 1137500 1173384
 3320.524920 14458 1500 1500 1500 1500 77 46 0 77 52 0 77 42 0 77 44 0 6222 950000 5700 1032432 1137500 1173384
 3320.724920 14459 1500 1500 1500 1500 77 46 0 77 52 0 77 42 0 77 44 0 5978 950000 4750 1033254 1137500 1174521
 3320.924920 14460 1500 1500 1500 1500 77 46 0 77 52 0 77 42 0 77 44 0 6222 950000 5700 1032706 1137500 1173384
 3321.124929 14461 1500 1500 1500 1500 77 46 0 77 52 0 77 42 0 77 44 0 6222 950000 5700 1032706 1137500 1173384
 3321.324897 14462 1500 1500 1500 1500 77 46 0 77 52 0 77 42 0 77 44 0 6222 950000 5700 1033802 1137500 1174521
 3321.524920 14463 1500 1500 1500 1500 77 46 0 77 52 0 77 42 0 77 44 0 5978 950000 4750 1032158 1137500 1173384
 3321.724916 14464 1500 1500 1500 1500 77 46 0 77 52 0 77 42 0 77 44 0 6222 950000 5700 1030788 1137500 1171110
 3321.924919 14465 1500 1500 1500 1500 77 46 0 77 52 0 77 42 0 77 44 0 6222 950000 5700 1030788 1137500 1171110
 3322.124930 14466 1500 1500 1500 1500 77 46 0 77 52 0 77 42 0 77 44 0 5978 950000 4750 1031336 1137500 1172247
 3322.324920 14467 1500 1500 1500 1500 77 46 0 77 52 0 77 42 0 77 44 0 5978 950000 4750 1031610 1137500 1172247
 3322.524920 14468 1500 1500 1500 1500 77 46 0 77 52 0 77 42 0 77 44 0 5978 950000 4750 1033254 1137500 1174521
 3322.724920 14469 1500 1500 1500 1500 77 46 0 77 52 0 77 42 0 77 44 0 5978 950000 4750 1033254 1137500 1174521
 3322.924916 14470 1500 1500 1500 1500 77 46 0 77 52 0 77 42 0 77 44 0 5978 950000 4750 1034076 1137500 1175658
 3323.124930 14471 1500 1500 1500 1500 77 46 0 77 52 0 77 42 0 77 44 0 6222 950000 5700 1034076 1137500 1175658
 3323.324920 14472 1500 1500 1500 1500 77 46 0 77 52 0 77 42 0 77 44 0 5978 950000 4750 1034350 1137500 1175658
 3323.524902 14473 1500 1500 1500 1500 77 46 0 77 52 0 77 42 0 77 44 0 5978 950000 4750 1034350 1137500 1175658
 3323.724920 14474 1500 1500 1500 1500 77 46 0 77 52 0 77 42 0 77 44 0 5978 950000 4750 1032432 1137500 1173384
 3323.924920 14475 1500 1500 1500 1500 77 46 0 77 52 0 77 42 0 77 44 0 6222 950000 5700 1032980 1137500 1173384
 3324.124929 14476 1500 1500 1500 1500 77 46 0 77 52 0 77 42 0 77 44 0 6222 950000 5700 1033528 1137500 1174521
 3324.324897 14477 1500 1500 1500 1500 77 46 0 77 52 0 77 42 0 77 44 0 6222 950000 5700 1036268 1137500 1177932
 3324.524921 14478 1500 1500 1500 1500 77 46 0 77 52 0 77 42 0 77 44 0 6222 950000 5700 1036268 1137500 1177932
 3324.724921 14479 1500 1500 1500 1500 77 46 0 77 52 0 77 42 0 77 44 0 6222 950000 5700 1037912 1137500 1179069
 3324.924920 14480 1500 1500 1500 1500 77 46 0 77 52 0 77 42 0 77 44 0 6222 950000 5700 1036268 1137500 1177932
 3325.124916 14481 1500 1500 1500 1500 77 46 0 77 52 0 77 42 0 77 44 0 6222 950000 5700 1033528 1137500 1174521
 3325.324920 14482 1500 1500 1500 1500 77 46 0 77 52 0 77 42 0 77 44 0 6222 950000 5700 1033528 1137500 1174521
 3325.524920 14483 1500 1500 1500 1500 77 46 0 77 52 0 77 42 0 77 44 0 6222 950000 5700 1035720 1137500 1176795
 3325.724920 14484 1500 1500 1500 1500 77 46 0 77 52 0 77 42 0 77 44 0 6222 950000 5700 1033528 1137500 1174521
 3325.924920 14485 1500 1500 1500 1500 77 46 0 77 52 0 77 42 0 77 44 0 6222 950000 5700 1033528 1137500 1174521
 3326.124929 14486 1500 1500 1500 1500 77 46 0 77 52 0 77 42 0 77 44 0 6222 950000 5700 1033528 1137500 1174521
 3326.324920 14487 1500 1500 1500 1500 77 46 0 77 52 0 77 42 0 77 44 0 6222 950000 5700 1035720 1137500 1176795
 3326.524920 14488 1500 1500 1500 1500 77 46 0 77 52 0 77 42 0 77 44 0 6222 950000 5700 1033802 1137500 1174521
 3326.724920 14489 1500 1500 1500 1500 77 46 0 77 52 0 77 42 0 77 44 0 6222 950000 5700 1034076 1137500 1175658
 3326.924920 14490 1500 1500 1500 1500 77 46 0 77 52 0 77 42 0 77 44 0 6222 950000 5700 1034076 1137500 1175658
 3327.124929 14491 1500 1500 1500 1500 77 46 0 77 52 0 77 42 0 77 44 0 6222 950000 5700 1031610 1137500 1172247
 3327.324897 14492 1500 1500 1500 1500 77 46 0 77 52 0 77 42 0 77 44 0 6222 950000 5700 1032432 1137500 1173384
 3327.524917 14493 1500 1500 1500 1500 77 46 0 77 52 0 77 42 0 77 44 0 6222 950000 5700 1032432 1137500 1173384
 3327.724920 14494 1500 1500 1500 1500 77 46 0 77 52 0 77 42 0 77 44 0 6222 950000 5700 1032432 1137500 1173384
 3327.924921 14495 1500 1500 1500 1500 77 46 0 77 52 0 77 42 0 77 44 0 5978 950000 4750 1033802 1137500 1174521
 3328.124930 14496 1500 1500 1500 1500 77 46 0 77 52 0 77 42 0 77 44 0 6222 950000 5700 1033528 1137500 1174521
 3328.324920 14497 1500 1500 1500 1500 77 46 0 77 52 0 77 42 0 77 44 0 5978 950000 4750 1035720 1137500 1176795
 3328.524920 14498 1500 1500 1500 1500 77 46 0 77 52 0 77 42 0 77 44 0 5978 950000 4750 1035720 1137500 1176795
 3328.724921 14499 1500 1500 1500 1500 77 46 0 77 52 0 77 42 0 77 44 0 6222 950000 5700 1035720 1137500 1176795
 3328.924921 14500 1500 1500 1500 1500 77 46 0 77 52 0 77 42 0 77 44 0 5978 950000 4750 1033528 1137500 1174521
 3329.124929 14501 1500 1500 1500 1500 77 46 0 77 52 0 77 42 0 77 44 0 6222 950000 5700 1033802 1137500 1174521
 3329.324919 14502 1500 1500 1500 1500 77 46 0 77 52 0 77 42 0 77 44 0 6222 950000 5700 1033802 1137500 1174521
 3329.524920 14503 1500 1500 1500 1500 77 46 0 77 52 0 77 42 0 77 44 0 5978 950000 4750 1034076 1137500 1175658
 3329.724920 14504 1500 1500 1500 1500 77 46 0 77 52 0 77 42 0 77 44 0 5978 950000 4750 1048872 1137500 1191576
 3329.924916 14505 1500 1500 1500 1500 77 46 0 77 52 0 77 42 0 77 44 0 5978 950000 4750 1033802 1137500 1174521
 3330.124860 14506 1500 1500 1500 1500 77 46 0 77 52 0 77 42 0 77 44 0 5978 950000 4750 1034898 1137500 1175658
 3330.324897 14507 1500 1500 1500 1500 77 46 0 77 52 0 77 42 0 77 44 0 5978 950000 4750 1034898 1137500 1175658
 3330.524919 14508 1500 1500 1500 1500 77 46 0 77 52 0 77 42 0 77 44 0 6222 950000 5700 1035994 1137500 1176795
 3330.724920 14509 1500 1500 1500 1500 77 46 0 77 52 0 77 42 0 77 44 0 6222 950000 5700 1034624 1137500 1175658
 3330.924920 14510 1500 1500 1500 1500 77 46 0 77 52 0 77 42 0 77 44 0 5978 950000 4750 1033528 1137500 1174521
 3331.124930 14511 1500 1500 1500 1500 77 46 0 77 52 0 77 42 0 77 44 0 5978 950000 4750 1033528 1137500 1174521
 3331.324920 14512 1500 1500 1500 1500 77 46 0 77 52 0 77 42 0 77 44 0 6222 950000 5700 1033254 1137500 1174521
 3331.524920 14513 1500 1500 1500 1500 77 46 0 77 52 0 77 42 0 77 44 0 5978 950000 4750 1030788 1137500 1171110
 3331.724920 14514 1500 1500 1500 1500 77 46 0 77 52 0 77 42 0 77 44 0 6222 950000 5700 1034076 1137500 1175658
 3331.924920 14515 1500 1500 1500 1500 77 46 0 77 52 0 77 42 0 77 44 0 6222 950000 5700 1034076 1137500 1175658
 3332.124921 14516 1500 1500 1500 1500 77 46 0 77 52 0 77 42 0 77 44 0 6222 950000 5700 1034350 1137500 1175658
 3332.324907 14517 1500 1500 1500 1500 77 46 0 77 52 0 77 42 0 77 44 0 5978 950000 4750 626090 1135000 710510
 3332.524911 14518 1500 1500 1500 1500 77 46 0 77 52 0 77 42 0 77 44 0 5978 950000 4750 83844 1132500 93956
 3332.724911 14519 1500 1500 1500 1500 77 46 0 77 52 0 77 42 0 77 44 0 5978 950000 4750 83844 1132500 93956
 3332.924911 14520 1500 1500 1500 1500 77 46 0 77 52 0 77 42 0 77 44 0 5978 950000 4750 80282 1132500 90560
 3333.124919 14521 1500 1500 1500 1500 75 46 0 75 52 0 75 42 0 75 44 0 5978 950000 4750 78638 1132500 88296
