  777.864894 1746 1500 1500 1500 1500 71 46 0 71 52 0 71 42 0 71 44 0 5978 950000 4750 74802 1132500 83768
  778.064921 1747 1500 1500 1500 1500 71 46 0 71 52 0 71 42 0 71 44 0 5734 950000 4750 75076 1132500 84900
  778.264911 1748 1500 1500 1500 1500 71 46 0 71 52 0 71 42 0 71 44 0 5734 950000 4750 79460 1132500 89428
  778.464911 1749 1500 1500 1500 1500 71 46 0 71 52 0 71 42 0 71 44 0 5734 950000 4750 75076 1132500 84900
  778.664911 1750 1500 1500 1500 1500 71 46 0 71 52 0 71 42 0 71 44 0 5734 950000 4750 75076 1132500 84900
  778.864915 1751 1500 1500 1500 1500 71 46 0 71 52 0 71 42 0 71 44 0 5734 950000 4750 259478 1133750 293447
  779.064910 1752 1500 1500 1500 1500 70 46 0 70 52 0 70 42 0 70 44 0 5734 950000 4750 72062 1132500 81504
  779.264911 1753 1500 1500 1500 1500 70 46 0 70 52 0 70 42 0 70 44 0 5734 950000 4750 72884 1132500 81504
  779.464920 1754 1500 1500 1500 1500 70 46 0 70 52 0 70 42 0 70 44 0 5734 950000 4750 72884 1132500 81504
  779.669936 1755 1500 1500 1500 1500 70 46 0 70 52 0 70 42 0 70 44 0 5978 950000 4750 977906 1137500 1110849
  779.869926 1756 1500 1500 1500 1500 70 46 0 70 52 0 70 42 0 70 44 0 5734 948750 4740 1157102 1138750 1316666
  780.069905 1757 1500 1500 1500 1500 74 46 0 74 52 0 74 42 0 74 44 0 5978 948750 4740 950506 1137500 1080150
  780.269932 1758 1500 1500 1500 1500 74 46 0 74 52 0 74 42 0 74 44 0 5978 950000 4750 1196558 1138750 1361048
  780.470068 1759 1400 1400 1400 1400 74 46 0 74 52 0 74 42 0 74 44 0 5978 950000 4750 1196558 1138750 1361048
  780.670020 1760 1400 1400 1400 1400 74 46 0 74 52 0 74 42 0 74 44 0 5734 950000 4750 1130798 1137500 1284810
  780.869910 1761 1400 1400 1400 1400 74 46 0 74 52 0 74 42 0 74 44 0 5734 950000 4750 400588 1101250 440400
  781.069929 1762 1400 1400 1400 1400 72 46 0 72 52 0 72 42 0 72 44 0 5734 950000 4750 97270 1095000 106215
  781.269914 1763 1400 1400 1400 1400 72 46 0 72 52 0 72 42 0 72 44 0 5734 950000 4750 97270 1095000 106215
  781.469928 1764 1400 1400 1400 1400 72 46 0 72 52 0 72 42 0 72 44 0 5734 950000 4750 109326 1095000 119355
  781.669994 1765 1400 1400 1400 1400 72 46 0 72 52 0 72 42 0 72 44 0 5734 950000 4750 203308 1096250 222488
  781.869939 1766 1400 1400 1400 1400 72 46 0 72 52 0 72 42 0 72 44 0 5978 950000 4750 879814 1098750 965142
  782.074932 1767 1400 1400 1400 1400 72 46 0 72 52 0 72 42 0 72 44 0 5978 950000 4750 879814 1098750 965142
  782.274929 1768 1400 1400 1400 1400 72 46 0 72 52 0 72 42 0 72 44 0 5734 950000 4750 1032432 1100000 1135200
  782.474925 1769 1400 1400 1400 1400 72 46 0 72 52 0 72 42 0 72 44 0 5978 948750 4740 937902 1098750 1028826
  782.674926 1770 1400 1400 1400 1400 72 46 0 72 52 0 72 42 0 72 44 0 5734 950000 4750 962288 1098750 1056276
  782.874924 1771 1400 1400 1400 1400 72 46 0 72 52 0 72 42 0 72 44 0 5734 950000 4750 962288 1098750 1056276
  783.074937 1772 1400 1400 1400 1400 73 46 0 73 52 0 73 42 0 73 44 0 5734 950000 4750 965302 1098750 1059570
  783.274920 1773 1400 1400 1400 1400 73 46 0 73 52 0 73 42 0 73 44 0 5978 950000 4750 962288 1098750 1056276
  783.474923 1774 1400 1400 1400 1400 73 46 0 73 52 0 73 42 0 73 44 0 5978 950000 4750 961740 1098750 1055178
  783.674924 1775 1400 1400 1400 1400 73 46 0 73 52 0 73 42 0 73 44 0 5978 950000 4750 961740 1098750 1055178
  783.874924 1776 1400 1400 1400 1400 73 46 0 73 52 0 73 42 0 73 44 0 5734 950000 4750 963110 1098750 1057374
  784.074933 1777 1400 1400 1400 1400 73 46 0 73 52 0 73 42 0 73 44 0 5978 950000 4750 960644 1098750 1054080
  784.274924 1778 1400 1400 1400 1400 73 46 0 73 52 0 73 42 0 73 44 0 5734 950000 4750 960370 1098750 1054080
  784.474906 1779 1400 1400 1400 1400 73 46 0 73 52 0 73 42 0 73 44 0 5734 950000 4750 960370 1098750 1054080
  784.674923 1780 1400 1400 1400 1400 73 46 0 73 52 0 73 42 0 73 44 0 5734 950000 4750 959822 1098750 1052982
  784.874924 1781 1400 1400 1400 1400 73 46 0 73 52 0 73 42 0 73 44 0 5978 950000 4750 964754 1098750 1058472
  785.074936 1782 1400 1400 1400 1400 74 46 0 74 52 0 74 42 0 74 44 0 5978 950000 4750 964206 1098750 1058472
  785.274900 1783 1400 1400 1400 1400 74 46 0 74 52 0 74 42 0 74 44 0 5978 950000 4750 962562 1098750 1056276
  785.474924 1784 1400 1400 1400 1400 74 46 0 74 52 0 74 42 0 74 44 0 5978 950000 4750 962562 1098750 1056276
  785.674920 1785 1400 1400 1400 1400 74 46 0 74 52 0 74 42 0 74 44 0 5978 950000 4750 963658 1098750 1057374
  785.874923 1786 1400 1400 1400 1400 74 46 0 74 52 0 74 42 0 74 44 0 5734 950000 4750 963110 1098750 1057374
  786.074935 1787 1400 1400 1400 1400 74 46 0 74 52 0 74 42 0 74 44 0 5978 950000 4750 962836 1098750 1056276
  786.274925 1788 1400 1400 1400 1400 74 46 0 74 52 0 74 42 0 74 44 0 5978 950000 4750 962836 1098750 1056276
  786.474924 1789 1400 1400 1400 1400 74 46 0 74 52 0 74 42 0 74 44 0 5978 950000 4750 965576 1098750 1059570
  786.674924 1790 1400 1400 1400 1400 74 46 0 74 52 0 74 42 0 74 44 0 5978 948750 4740 966672 1098750 1060668
  786.874924 1791 1400 1400 1400 1400 74 46 0 74 52 0 74 42 0 74 44 0 5978 950000 4750 966124 1098750 1060668
  787.074934 1792 1400 1400 1400 1400 74 46 0 74 52 0 74 42 0 74 44 0 5978 950000 4750 966124 1098750 1060668
  787.274924 1793 1400 1400 1400 1400 74 46 0 74 52 0 74 42 0 74 44 0 5978 950000 4750 965850 1098750 1059570
  787.474923 1794 1400 1400 1400 1400 74 46 0 74 52 0 74 42 0 74 44 0 5978 950000 4750 965028 1098750 1059570
  787.674924 1795 1400 1400 1400 1400 74 46 0 74 52 0 74 42 0 74 44 0 5978 950000 4750 964480 1098750 1058472
  787.874923 1796 1400 1400 1400 1400 74 46 0 74 52 0 74 42 0 74 44 0 5978 950000 4750 964480 1098750 1058472
  788.074973 1797 1400 1400 1400 1400 74 46 0 74 52 0 74 42 0 74 44 0 5978 950000 4750 963932 1098750 1057374
  788.274923 1798 1400 1400 1400 1400 74 46 0 74 52 0 74 42 0 74 44 0 5978 950000 4750 966946 1098750 1060668
  788.474923 1799 1400 1400 1400 1400 74 46 0 74 52 0 74 42 0 74 44 0 5978 950000 4750 968316 1098750 1062864
  788.674923 1800 1400 1400 1400 1400 74 46 0 74 52 0 74 42 0 74 44 0 5978 950000 4750 968316 1098750 1062864
  788.874923 1801 1400 1400 1400 1400 74 46 0 74 52 0 74 42 0 74 44 0 6222 950000 5700 965850 1098750 1059570
  789.074980 1802 1400 1400 1400 1400 74 46 0 74 52 0 74 42 0 74 44 0 5978 950000 4750 965850 1098750 1059570
  789.274915 1803 1400 1400 1400 1400 74 46 0 74 52 0 74 42 0 74 44 0 5978 950000 4750 572660 1097500 627484
  789.474914 1804 1400 1400 1400 1400 74 46 0 74 52 0 74 42 0 74 44 0 5978 950000 4750 572660 1097500 627484
  789.674914 1805 1400 1400 1400 1400 74 46 0 74 52 0 74 42 0 74 44 0 5978 950000 4750 88228 1095000 96360
  789.874914 1806 1400 1400 1400 1400 74 46 0 74 52 0 74 42 0 74 44 0 5734 950000 4750 66856 1095000 72270
  790.074925 1807 1400 1400 1400 1400 72 46 0 72 52 0 72 42 0 72 44 0 5734 950000 4750 66582 1095000 72270
  790.274915 1808 1400 1400 1400 1400 72 46 0 72 52 0 72 42 0 72 44 0 5734 950000 4750 66582 1095000 72270
  790.474910 1809 1400 1400 1400 1400 72 46 0 72 52 0 72 42 0 72 44 0 5734 950000 4750 69048 1095000 75555
  790.674914 1810 1400 1400 1400 1400 72 46 0 72 52 0 72 42 0 72 44 0 5734 950000 4750 72336 1095000 78840
  790.874914 1811 1400 1400 1400 1400 72 46 0 72 52 0 72 42 0 72 44 0 5978 950000 4750 67678 1095000 73365
  791.074907 1812 1400 1400 1400 1400 71 46 0 71 52 0 71 42 0 71 44 0 5978 950000 4750 67678 1095000 73365
