 1805.239918 6882 1300 1300 1300 1300 72 46 0 72 52 0 72 42 0 72 44 0 5734 950000 4750 63020 1057500 66591
 1805.439916 6883 1300 1300 1300 1300 72 46 0 72 52 0 72 42 0 72 44 0 5734 950000 4750 63568 1057500 66591
 1805.639917 6884 1300 1300 1300 1300 72 46 0 72 52 0 72 42 0 72 44 0 5734 950000 4750 63568 1057500 66591
 1805.839975 6885 1300 1300 1300 1300 72 46 0 72 52 0 72 42 0 72 44 0 5734 950000 4750 64664 1057500 67648
 1806.039995 6886 1300 1300 1300 1300 72 46 0 72 52 0 72 42 0 72 44 0 5734 950000 4750 218378 1058750 230644
 1806.239916 6887 1300 1300 1300 1300 72 46 0 72 52 0 72 42 0 72 44 0 5734 950000 4750 100832 1057500 105700
 1806.439915 6888 1300 1300 1300 1300 72 46 0 72 52 0 72 42 0 72 44 0 5734 950000 4750 100832 1057500 105700
 1806.639929 6889 1300 1300 1300 1300 72 46 0 72 52 0 72 42 0 72 44 0 5734 950000 4750 60554 1057500 63420
 1806.839950 6890 1300 1300 1300 1300 72 46 0 72 52 0 72 42 0 72 44 0 5734 950000 4750 61650 1057500 64477
 1807.039907 6891 1300 1300 1300 1300 78 46 0 78 52 0 78 42 0 78 44 0 5734 950000 4750 800354 1061250 848800
 1807.240072 6892 1300 1300 1300 1300 77 46 0 77 52 0 77 42 0 77 44 0 5734 950000 4750 800354 1061250 848800
 1807.439886 6893 1300 1300 1300 1300 77 46 0 77 52 0 77 42 0 77 44 0 5734 950000 4750 935162 1061250 992035
 1807.639942 6894 1300 1300 1300 1300 77 46 0 77 52 0 77 42 0 77 44 0 5734 950000 4750 861456 1061250 913521
 1807.839943 6895 1300 1300 1300 1300 77 46 0 77 52 0 77 42 0 77 44 0 5734 950000 4750 822548 1061250 872142
 1808.040045 6896 1300 1300 1300 1300 74 46 0 74 52 0 74 42 0 74 44 0 5734 950000 4750 822548 1061250 872142
 1808.240048 6897 1200 1200 1200 1200 74 46 0 74 52 0 74 42 0 74 44 0 5734 950000 4750 935984 1061250 992035
 1808.439922 6898 1200 1200 1200 1200 74 46 0 74 52 0 74 42 0 74 44 0 5734 950000 4750 730484 1055000 770150
 1808.639924 6899 1200 1200 1200 1200 74 46 0 74 52 0 74 42 0 74 44 0 5734 950000 4750 268794 1021250 273628
 1808.839920 6900 1200 1200 1200 1200 74 46 0 74 52 0 74 42 0 74 44 0 5734 950000 4750 268794 1021250 273628
 1809.039989 6901 1200 1200 1200 1200 72 46 0 72 52 0 72 42 0 72 44 0 5734 950000 4750 78090 1020000 79560
 1809.239940 6902 1200 1200 1200 1200 72 46 0 72 52 0 72 42 0 72 44 0 5734 950000 4750 54252 1020000 55080
 1809.444875 6903 1200 1200 1200 1200 72 46 0 72 52 0 72 42 0 72 44 0 5734 950000 4750 194540 1020000 197880
 1809.644922 6904 1200 1200 1200 1200 72 46 0 72 52 0 72 42 0 72 44 0 5734 950000 4750 737334 1022500 753214
 1809.848624 6905 1200 1200 1200 1200 72 46 0 72 52 0 72 42 0 72 44 0 5734 950000 4750 737334 1022500 753214
 1810.044993 6906 1200 1200 1200 1200 74 46 0 74 52 0 74 42 0 74 44 0 5734 950000 4750 822274 1022500 840084
 1810.244930 6907 1200 1200 1200 1200 74 46 0 74 52 0 74 42 0 74 44 0 5734 950000 4750 737882 1022500 753214
 1810.444928 6908 1200 1200 1200 1200 74 46 0 74 52 0 74 42 0 74 44 0 5734 950000 4750 725552 1022500 740950
 1810.644929 6909 1200 1200 1200 1200 74 46 0 74 52 0 74 42 0 74 44 0 5734 950000 4750 725552 1022500 740950
 1810.844929 6910 1200 1200 1200 1200 74 46 0 74 52 0 74 42 0 74 44 0 5734 950000 4750 732676 1022500 748104
 1811.045003 6911 1200 1200 1200 1200 73 46 0 73 52 0 73 42 0 73 44 0 5734 950000 4750 722538 1022500 737884
 1811.244951 6912 1200 1200 1200 1200 73 46 0 73 52 0 73 42 0 73 44 0 5734 950000 4750 721716 1022500 736862
 1811.444927 6913 1200 1200 1200 1200 73 46 0 73 52 0 73 42 0 73 44 0 5734 950000 4750 721716 1022500 736862
 1811.644929 6914 1200 1200 1200 1200 73 46 0 73 52 0 73 42 0 73 44 0 5734 950000 4750 721990 1022500 736862
 1811.844923 6915 1200 1200 1200 1200 73 46 0 73 52 0 73 42 0 73 44 0 5978 950000 4750 720346 1022500 735840
 1812.044929 6916 1200 1200 1200 1200 73 46 0 73 52 0 73 42 0 73 44 0 5734 950000 4750 720894 1022500 735840
 1812.244928 6917 1200 1200 1200 1200 73 46 0 73 52 0 73 42 0 73 44 0 5734 950000 4750 720894 1022500 735840
 1812.444928 6918 1200 1200 1200 1200 73 46 0 73 52 0 73 42 0 73 44 0 5734 950000 4750 720894 1022500 735840
 1812.644928 6919 1200 1200 1200 1200 73 46 0 73 52 0 73 42 0 73 44 0 5734 950000 4750 722538 1022500 737884
 1812.844929 6920 1200 1200 1200 1200 73 46 0 73 52 0 73 42 0 73 44 0 5734 950000 4750 722538 1022500 737884
 1813.044944 6921 1200 1200 1200 1200 74 46 0 74 52 0 74 42 0 74 44 0 5734 950000 4750 722538 1022500 737884
 1813.244929 6922 1200 1200 1200 1200 74 46 0 74 52 0 74 42 0 74 44 0 5734 950000 4750 723360 1022500 738906
 1813.444927 6923 1200 1200 1200 1200 74 46 0 74 52 0 74 42 0 74 44 0 5734 950000 4750 723634 1022500 738906
 1813.644928 6924 1200 1200 1200 1200 74 46 0 74 52 0 74 42 0 74 44 0 5734 950000 4750 720346 1022500 735840
 1813.844928 6925 1200 1200 1200 1200 74 46 0 74 52 0 74 42 0 74 44 0 5734 950000 4750 720346 1022500 735840
 1814.044940 6926 1200 1200 1200 1200 74 46 0 74 52 0 74 42 0 74 44 0 5734 950000 4750 721442 1022500 736862
 1814.244925 6927 1200 1200 1200 1200 74 46 0 74 52 0 74 42 0 74 44 0 5978 950000 4750 720894 1022500 735840
 1814.444928 6928 1200 1200 1200 1200 74 46 0 74 52 0 74 42 0 74 44 0 5734 950000 4750 722812 1022500 737884
 1814.644927 6929 1200 1200 1200 1200 74 46 0 74 52 0 74 42 0 74 44 0 5734 950000 4750 722812 1022500 737884
 1814.844928 6930 1200 1200 1200 1200 74 46 0 74 52 0 74 42 0 74 44 0 5734 950000 4750 723360 1022500 738906
 1815.044939 6931 1200 1200 1200 1200 74 46 0 74 52 0 74 42 0 74 44 0 5734 950000 4750 722812 1022500 737884
 1815.244928 6932 1200 1200 1200 1200 74 46 0 74 52 0 74 42 0 74 44 0 5978 950000 4750 723086 1022500 738906
 1815.444909 6933 1200 1200 1200 1200 74 46 0 74 52 0 74 42 0 74 44 0 5978 950000 4750 723086 1022500 738906
 1815.644928 6934 1200 1200 1200 1200 74 46 0 74 52 0 74 42 0 74 44 0 5978 950000 4750 721168 1022500 736862
 1815.844929 6935 1200 1200 1200 1200 74 46 0 74 52 0 74 42 0 74 44 0 5734 950000 4750 720894 1022500 735840
 1816.044941 6936 1200 1200 1200 1200 74 46 0 74 52 0 74 42 0 74 44 0 5734 950000 4750 720894 1022500 735840
 1816.244906 6937 1200 1200 1200 1200 74 46 0 74 52 0 74 42 0 74 44 0 5978 950000 4750 723360 1022500 738906
 1816.444927 6938 1200 1200 1200 1200 74 46 0 74 52 0 74 42 0 74 44 0 5978 950000 4750 723360 1022500 738906
 1816.644924 6939 1200 1200 1200 1200 74 46 0 74 52 0 74 42 0 74 44 0 5978 950000 4750 723360 1022500 738906
 1816.844928 6940 1200 1200 1200 1200 74 46 0 74 52 0 74 42 0 74 44 0 5978 950000 4750 723086 1022500 738906
 1817.044939 6941 1200 1200 1200 1200 74 46 0 74 52 0 74 42 0 74 44 0 5734 950000 4750 722538 1022500 737884
 1817.244929 6942 1200 1200 1200 1200 74 46 0 74 52 0 74 42 0 74 44 0 5734 950000 4750 722538 1022500 737884
 1817.444928 6943 1200 1200 1200 1200 74 46 0 74 52 0 74 42 0 74 44 0 5734 950000 4750 720346 1022500 735840
 1817.644928 6944 1200 1200 1200 1200 74 46 0 74 52 0 74 42 0 74 44 0 5734 950000 4750 720894 1022500 735840
 1817.844929 6945 1200 1200 1200 1200 74 46 0 74 52 0 74 42 0 74 44 0 5734 950000 4750 721990 1022500 736862
 1818.044940 6946 1200 1200 1200 1200 74 46 0 74 52 0 74 42 0 74 44 0 5734 950000 4750 721990 1022500 736862
 1818.244929 6947 1200 1200 1200 1200 74 46 0 74 52 0 74 42 0 74 44 0 5734 950000 4750 720894 1022500 735840
 1818.444928 6948 1200 1200 1200 1200 74 46 0 74 52 0 74 42 0 74 44 0 5734 950000 4750 722264 1022500 737884
 1818.644927 6949 1200 1200 1200 1200 74 46 0 74 52 0 74 42 0 74 44 0 5734 950000 4750 722538 1022500 737884
 1818.844931 6950 1200 1200 1200 1200 74 46 0 74 52 0 74 42 0 74 44 0 5734 950000 4750 722538 1022500 737884
 1819.044938 6951 1200 1200 1200 1200 74 46 0 74 52 0 74 42 0 74 44 0 5978 950000 4750 723086 1022500 738906
 1819.244929 6952 1200 1200 1200 1200 74 46 0 74 52 0 74 42 0 74 44 0 5734 950000 4750 722264 1022500 737884
 1819.444928 6953 1200 1200 1200 1200 74 46 0 74 52 0 74 42 0 74 44 0 5734 950000 4750 721990 1022500 736862
 1819.644929 6954 1200 1200 1200 1200 74 46 0 74 52 0 74 42 0 74 44 0 5734 950000 4750 721990 1022500 736862
 1819.844929 6955 1200 1200 1200 1200 74 46 0 74 52 0 74 42 0 74 44 0 5734 950000 4750 721168 1022500 736862
 1820.044941 6956 1200 1200 1200 1200 74 46 0 74 52 0 74 42 0 74 44 0 5734 950000 4750 721716 1022500 736862
 1820.244928 6957 1200 1200 1200 1200 74 46 0 74 52 0 74 42 0 74 44 0 5734 950000 4750 723086 1022500 738906
 1820.444929 6958 1200 1200 1200 1200 74 46 0 74 52 0 74 42 0 74 44 0 5734 950000 4750 723086 1022500 738906
 1820.644928 6959 1200 1200 1200 1200 74 46 0 74 52 0 74 42 0 74 44 0 5734 950000 4750 723086 1022500 738906
 1820.844928 6960 1200 1200 1200 1200 74 46 0 74 52 0 74 42 0 74 44 0 5734 950000 4750 723086 1022500 738906
 1821.044939 6961 1200 1200 1200 1200 74 46 0 74 52 0 74 42 0 74 44 0 5734 950000 4750 722812 1022500 737884
 1821.244927 6962 1200 1200 1200 1200 74 46 0 74 52 0 74 42 0 74 44 0 5734 950000 4750 722812 1022500 737884
 1821.444924 6963 1200 1200 1200 1200 74 46 0 74 52 0 74 42 0 74 44 0 5978 950000 4750 720894 1022500 735840
 1821.644928 6964 1200 1200 1200 1200 74 46 0 74 52 0 74 42 0 74 44 0 5734 950000 4750 720620 1022500 735840
 1821.844929 6965 1200 1200 1200 1200 74 46 0 74 52 0 74 42 0 74 44 0 5734 950000 4750 721168 1022500 736862
 1822.044923 6966 1200 1200 1200 1200 74 46 0 74 52 0 74 42 0 74 44 0 5734 950000 4750 721168 1022500 736862
 1822.244928 6967 1200 1200 1200 1200 74 46 0 74 52 0 74 42 0 74 44 0 5734 950000 4750 722538 1022500 737884
 1822.444927 6968 1200 1200 1200 1200 74 46 0 74 52 0 74 42 0 74 44 0 5734 950000 4750 723634 1022500 738906
 1822.644928 6969 1200 1200 1200 1200 74 46 0 74 52 0 74 42 0 74 44 0 5734 950000 4750 723360 1022500 738906
 1822.844929 6970 1200 1200 1200 1200 74 46 0 74 52 0 74 42 0 74 44 0 5734 950000 4750 722264 1022500 737884
 1823.044938 6971 1200 1200 1200 1200 74 46 0 74 52 0 74 42 0 74 44 0 5734 950000 4750 722264 1022500 737884
 1823.244928 6972 1200 1200 1200 1200 74 46 0 74 52 0 74 42 0 74 44 0 5734 950000 4750 720894 1022500 735840
 1823.444927 6973 1200 1200 1200 1200 74 46 0 74 52 0 74 42 0 74 44 0 5734 950000 4750 721716 1022500 736862
 1823.644923 6974 1200 1200 1200 1200 74 46 0 74 52 0 74 42 0 74 44 0 5978 950000 4750 721442 1022500 736862
 1823.844928 6975 1200 1200 1200 1200 74 46 0 74 52 0 74 42 0 74 44 0 5978 950000 4750 721442 1022500 736862
 1824.044938 6976 1200 1200 1200 1200 74 46 0 74 52 0 74 42 0 74 44 0 5978 950000 4750 722264 1022500 737884
 1824.244929 6977 1200 1200 1200 1200 74 46 0 74 52 0 74 42 0 74 44 0 5734 950000 4750 723634 1022500 738906
 1824.444927 6978 1200 1200 1200 1200 74 46 0 74 52 0 74 42 0 74 44 0 5734 950000 4750 717880 1022500 732774
 1824.644929 6979 1200 1200 1200 1200 74 46 0 74 52 0 74 42 0 74 44 0 5734 950000 4750 717880 1022500 732774
 1824.844924 6980 1200 1200 1200 1200 74 46 0 74 52 0 74 42 0 74 44 0 5734 950000 4750 722538 1022500 737884
 1825.044941 6981 1200 1200 1200 1200 74 46 0 74 52 0 74 42 0 74 44 0 5734 950000 4750 721442 1022500 736862
 1825.244927 6982 1200 1200 1200 1200 74 46 0 74 52 0 74 42 0 74 44 0 5734 950000 4750 722812 1022500 737884
 1825.444930 6983 1200 1200 1200 1200 74 46 0 74 52 0 74 42 0 74 44 0 5734 950000 4750 722812 1022500 737884
 1825.644928 6984 1200 1200 1200 1200 74 46 0 74 52 0 74 42 0 74 44 0 5978 950000 4750 720620 1022500 735840
 1825.844928 6985 1200 1200 1200 1200 74 46 0 74 52 0 74 42 0 74 44 0 5734 950000 4750 721168 1022500 736862
 1826.044942 6986 1200 1200 1200 1200 74 46 0 74 52 0 74 42 0 74 44 0 5734 950000 4750 721990 1022500 736862
 1826.244928 6987 1200 1200 1200 1200 74 46 0 74 52 0 74 42 0 74 44 0 5734 950000 4750 721990 1022500 736862
 1826.444927 6988 1200 1200 1200 1200 74 46 0 74 52 0 74 42 0 74 44 0 5734 950000 4750 722264 1022500 737884
 1826.644928 6989 1200 1200 1200 1200 74 46 0 74 52 0 74 42 0 74 44 0 5734 950000 4750 721716 1022500 736862
 1826.844928 6990 1200 1200 1200 1200 74 46 0 74 52 0 74 42 0 74 44 0 5734 950000 4750 721168 1022500 736862
 1827.044939 6991 1200 1200 1200 1200 74 46 0 74 52 0 74 42 0 74 44 0 5734 950000 4750 721168 1022500 736862
 1827.244924 6992 1200 1200 1200 1200 74 46 0 74 52 0 74 42 0 74 44 0 5978 950000 4750 720894 1022500 735840
 1827.444928 6993 1200 1200 1200 1200 74 46 0 74 52 0 74 42 0 74 44 0 5978 950000 4750 720894 1022500 735840
 1827.644927 6994 1200 1200 1200 1200 74 46 0 74 52 0 74 42 0 74 44 0 5978 950000 4750 720894 1022500 735840
 1827.844927 6995 1200 1200 1200 1200 74 46 0 74 52 0 74 42 0 74 44 0 5978 950000 4750 720894 1022500 735840
 1828.044941 6996 1200 1200 1200 1200 74 46 0 74 52 0 74 42 0 74 44 0 5734 950000 4750 723360 1022500 738906
 1828.244927 6997 1200 1200 1200 1200 74 46 0 74 52 0 74 42 0 74 44 0 5734 950000 4750 723634 1022500 738906
 1828.444930 6998 1200 1200 1200 1200 74 46 0 74 52 0 74 42 0 74 44 0 5978 950000 4750 722538 1022500 737884
 1828.644906 6999 1200 1200 1200 1200 74 46 0 74 52 0 74 42 0 74 44 0 5978 950000 4750 721990 1022500 736862
 1828.844927 7000 1200 1200 1200 1200 74 46 0 74 52 0 74 42 0 74 44 0 5978 950000 4750 721990 1022500 736862
 1829.044939 7001 1200 1200 1200 1200 74 46 0 74 52 0 74 42 0 74 44 0 5734 950000 4750 721442 1022500 736862
 1829.244928 7002 1200 1200 1200 1200 74 46 0 74 52 0 74 42 0 74 44 0 5978 950000 4750 721442 1022500 736862
 1829.444922 7003 1200 1200 1200 1200 74 46 0 74 52 0 74 42 0 74 44 0 5734 950000 4750 720894 1022500 735840
 1829.644929 7004 1200 1200 1200 1200 74 46 0 74 52 0 74 42 0 74 44 0 5734 950000 4750 720894 1022500 735840
 1829.844928 7005 1200 1200 1200 1200 74 46 0 74 52 0 74 42 0 74 44 0 5734 950000 4750 723360 1022500 738906
 1830.044940 7006 1200 1200 1200 1200 74 46 0 74 52 0 74 42 0 74 44 0 5734 950000 4750 723360 1022500 738906
 1830.244928 7007 1200 1200 1200 1200 74 46 0 74 52 0 74 42 0 74 44 0 5734 950000 4750 723360 1022500 738906
 1830.444927 7008 1200 1200 1200 1200 74 46 0 74 52 0 74 42 0 74 44 0 5734 950000 4750 723360 1022500 738906
 1830.644927 7009 1200 1200 1200 1200 74 46 0 74 52 0 74 42 0 74 44 0 5734 950000 4750 723634 1022500 738906
 1830.844928 7010 1200 1200 1200 1200 74 46 0 74 52 0 74 42 0 74 44 0 5734 950000 4750 720894 1022500 735840
 1831.044942 7011 1200 1200 1200 1200 74 46 0 74 52 0 74 42 0 74 44 0 5978 950000 4750 721990 1022500 736862
 1831.244929 7012 1200 1200 1200 1200 74 46 0 74 52 0 74 42 0 74 44 0 5978 950000 4750 721990 1022500 736862
 1831.444927 7013 1200 1200 1200 1200 74 46 0 74 52 0 74 42 0 74 44 0 5734 950000 4750 721716 1022500 736862
 1831.644927 7014 1200 1200 1200 1200 74 46 0 74 52 0 74 42 0 74 44 0 5978 950000 4750 722264 1022500 737884
 1831.844922 7015 1200 1200 1200 1200 74 46 0 74 52 0 74 42 0 74 44 0 5978 950000 4750 722538 1022500 737884
 1832.044939 7016 1200 1200 1200 1200 74 46 0 74 52 0 74 42 0 74 44 0 5978 950000 4750 722538 1022500 737884
 1832.244927 7017 1200 1200 1200 1200 74 46 0 74 52 0 74 42 0 74 44 0 5734 950000 4750 723634 1022500 738906
 1832.444927 7018 1200 1200 1200 1200 74 46 0 74 52 0 74 42 0 74 44 0 5978 950000 4750 723908 1022500 738906
 1832.644929 7019 1200 1200 1200 1200 74 46 0 74 52 0 74 42 0 74 44 0 5734 950000 4750 721442 1022500 736862
 1832.844928 7020 1200 1200 1200 1200 74 46 0 74 52 0 74 42 0 74 44 0 5734 950000 4750 721442 1022500 736862
 1833.044939 7021 1200 1200 1200 1200 74 46 0 74 52 0 74 42 0 74 44 0 5978 950000 4750 721990 1022500 736862
 1833.244928 7022 1200 1200 1200 1200 74 46 0 74 52 0 74 42 0 74 44 0 5734 950000 4750 721442 1022500 736862
 1833.444928 7023 1200 1200 1200 1200 74 46 0 74 52 0 74 42 0 74 44 0 5734 950000 4750 722264 1022500 737884
 1833.644927 7024 1200 1200 1200 1200 74 46 0 74 52 0 74 42 0 74 44 0 5734 950000 4750 722264 1022500 737884
 1833.844929 7025 1200 1200 1200 1200 74 46 0 74 52 0 74 42 0 74 44 0 5734 950000 4750 723908 1022500 738906
 1834.044941 7026 1200 1200 1200 1200 74 46 0 74 52 0 74 42 0 74 44 0 5978 950000 4750 721990 1022500 736862
 1834.244922 7027 1200 1200 1200 1200 74 46 0 74 52 0 74 42 0 74 44 0 5978 950000 4750 721990 1022500 736862
 1834.444911 7028 1200 1200 1200 1200 74 46 0 74 52 0 74 42 0 74 44 0 5978 950000 4750 721990 1022500 736862
 1834.644927 7029 1200 1200 1200 1200 74 46 0 74 52 0 74 42 0 74 44 0 5734 950000 4750 723634 1022500 738906
 1834.844927 7030 1200 1200 1200 1200 74 46 0 74 52 0 74 42 0 74 44 0 5734 950000 4750 720072 1022500 735840
 1835.044940 7031 1200 1200 1200 1200 74 46 0 74 52 0 74 42 0 74 44 0 5978 950000 4750 721168 1022500 736862
 1835.244905 7032 1200 1200 1200 1200 74 46 0 74 52 0 74 42 0 74 44 0 5734 950000 4750 720894 1022500 735840
 1835.444929 7033 1200 1200 1200 1200 74 46 0 74 52 0 74 42 0 74 44 0 5734 950000 4750 720894 1022500 735840
 1835.644929 7034 1200 1200 1200 1200 74 46 0 74 52 0 74 42 0 74 44 0 5734 950000 4750 722538 1022500 737884
 1835.844927 7035 1200 1200 1200 1200 74 46 0 74 52 0 74 42 0 74 44 0 5978 950000 4750 722264 1022500 737884
 1836.044939 7036 1200 1200 1200 1200 74 46 0 74 52 0 74 42 0 74 44 0 5734 950000 4750 722538 1022500 737884
 1836.244929 7037 1200 1200 1200 1200 74 46 0 74 52 0 74 42 0 74 44 0 5734 950000 4750 722538 1022500 737884
 1836.444928 7038 1200 1200 1200 1200 74 46 0 74 52 0 74 42 0 74 44 0 5978 950000 4750 721168 1022500 736862
 1836.644923 7039 1200 1200 1200 1200 74 46 0 74 52 0 74 42 0 74 44 0 5978 950000 4750 721168 1022500 736862
 1836.844928 7040 1200 1200 1200 1200 74 46 0 74 52 0 74 42 0 74 44 0 5978 950000 4750 720620 1022500 735840
 1837.044941 7041 1200 1200 1200 1200 74 46 0 74 52 0 74 42 0 74 44 0 5978 950000 4750 720620 1022500 735840
 1837.244928 7042 1200 1200 1200 1200 74 46 0 74 52 0 74 42 0 74 44 0 5734 950000 4750 720894 1022500 735840
 1837.444929 7043 1200 1200 1200 1200 74 46 0 74 52 0 74 42 0 74 44 0 5978 950000 4750 723634 1022500 738906
 1837.644929 7044 1200 1200 1200 1200 74 46 0 74 52 0 74 42 0 74 44 0 5734 950000 4750 722538 1022500 737884
 1837.844928 7045 1200 1200 1200 1200 74 46 0 74 52 0 74 42 0 74 44 0 5734 950000 4750 722538 1022500 737884
 1838.044939 7046 1200 1200 1200 1200 74 46 0 74 52 0 74 42 0 74 44 0 5978 950000 4750 722538 1022500 737884
 1838.244928 7047 1200 1200 1200 1200 74 46 0 74 52 0 74 42 0 74 44 0 5734 950000 4750 721990 1022500 736862
 1838.444927 7048 1200 1200 1200 1200 74 46 0 74 52 0 74 42 0 74 44 0 5978 950000 4750 720346 1022500 735840
 1838.644924 7049 1200 1200 1200 1200 74 46 0 74 52 0 74 42 0 74 44 0 5978 950000 4750 720346 1022500 735840
 1838.844928 7050 1200 1200 1200 1200 74 46 0 74 52 0 74 42 0 74 44 0 5978 950000 4750 720894 1022500 735840
 1839.044934 7051 1200 1200 1200 1200 74 46 0 74 52 0 74 42 0 74 44 0 5978 950000 4750 721442 1022500 736862
 1839.244928 7052 1200 1200 1200 1200 74 46 0 74 52 0 74 42 0 74 44 0 5978 950000 4750 723086 1022500 738906
 1839.444927 7053 1200 1200 1200 1200 74 46 0 74 52 0 74 42 0 74 44 0 5978 950000 4750 723086 1022500 738906
 1839.644929 7054 1200 1200 1200 1200 74 46 0 74 52 0 74 42 0 74 44 0 5978 950000 4750 722538 1022500 737884
 1839.844927 7055 1200 1200 1200 1200 74 46 0 74 52 0 74 42 0 74 44 0 5978 950000 4750 721442 1022500 736862
 1840.045000 7056 1200 1200 1200 1200 74 46 0 74 52 0 74 42 0 74 44 0 5734 950000 4750 722812 1022500 737884
 1840.244930 7057 1200 1200 1200 1200 74 46 0 74 52 0 74 42 0 74 44 0 5734 950000 4750 722812 1022500 737884
 1840.444927 7058 1200 1200 1200 1200 74 46 0 74 52 0 74 42 0 74 44 0 5734 950000 4750 721716 1022500 736862
 1840.644928 7059 1200 1200 1200 1200 74 46 0 74 52 0 74 42 0 74 44 0 5978 950000 4750 722538 1022500 737884
 1840.844927 7060 1200 1200 1200 1200 74 46 0 74 52 0 74 42 0 74 44 0 5734 950000 4750 721168 1022500 736862
 1841.044923 7061 1200 1200 1200 1200 74 46 0 74 52 0 74 42 0 74 44 0 5734 950000 4750 721168 1022500 736862
 1841.244929 7062 1200 1200 1200 1200 74 46 0 74 52 0 74 42 0 74 44 0 5978 950000 4750 721716 1022500 736862
 1841.444923 7063 1200 1200 1200 1200 74 46 0 74 52 0 74 42 0 74 44 0 5734 950000 4750 721168 1022500 736862
 1841.644927 7064 1200 1200 1200 1200 74 46 0 74 52 0 74 42 0 74 44 0 5734 950000 4750 722812 1022500 737884
 1841.844927 7065 1200 1200 1200 1200 74 46 0 74 52 0 74 42 0 74 44 0 5734 950000 4750 722812 1022500 737884
 1842.044939 7066 1200 1200 1200 1200 74 46 0 74 52 0 74 42 0 74 44 0 5734 950000 4750 722812 1022500 737884
 1842.244927 7067 1200 1200 1200 1200 74 46 0 74 52 0 74 42 0 74 44 0 5978 950000 4750 722264 1022500 737884
 1842.444927 7068 1200 1200 1200 1200 74 46 0 74 52 0 74 42 0 74 44 0 5734 950000 4750 720894 1022500 735840
 1842.644929 7069 1200 1200 1200 1200 74 46 0 74 52 0 74 42 0 74 44 0 5734 950000 4750 720894 1022500 735840
 1842.844928 7070 1200 1200 1200 1200 74 46 0 74 52 0 74 42 0 74 44 0 5734 950000 4750 720894 1022500 735840
 1843.044941 7071 1200 1200 1200 1200 74 46 0 74 52 0 74 42 0 74 44 0 5734 950000 4750 722264 1022500 737884
 1843.244928 7072 1200 1200 1200 1200 74 46 0 74 52 0 74 42 0 74 44 0 5978 950000 4750 723086 1022500 738906
 1843.444928 7073 1200 1200 1200 1200 74 46 0 74 52 0 74 42 0 74 44 0 5978 950000 4750 722538 1022500 737884
 1843.644928 7074 1200 1200 1200 1200 74 46 0 74 52 0 74 42 0 74 44 0 5978 950000 4750 722538 1022500 737884
 1843.844924 7075 1200 1200 1200 1200 74 46 0 74 52 0 74 42 0 74 44 0 5734 950000 4750 722264 1022500 737884
 1844.044940 7076 1200 1200 1200 1200 74 46 0 74 52 0 74 42 0 74 44 0 5978 950000 4750 721168 1022500 736862
 1844.244928 7077 1200 1200 1200 1200 74 46 0 74 52 0 74 42 0 74 44 0 5978 950000 4750 720346 1022500 735840
 1844.444929 7078 1200 1200 1200 1200 74 46 0 74 52 0 74 42 0 74 44 0 5978 950000 4750 720346 1022500 735840
 1844.644927 7079 1200 1200 1200 1200 74 46 0 74 52 0 74 42 0 74 44 0 5734 950000 4750 720894 1022500 735840
 1844.844928 7080 1200 1200 1200 1200 74 46 0 74 52 0 74 42 0 74 44 0 5734 950000 4750 720346 1022500 735840
 1845.044939 7081 1200 1200 1200 1200 74 46 0 74 52 0 74 42 0 74 44 0 5978 950000 4750 723086 1022500 738906
 1845.244929 7082 1200 1200 1200 1200 74 46 0 74 52 0 74 42 0 74 44 0 5978 950000 4750 723086 1022500 738906
 1845.444927 7083 1200 1200 1200 1200 74 46 0 74 52 0 74 42 0 74 44 0 5978 950000 4750 721990 1022500 736862
 1845.644928 7084 1200 1200 1200 1200 74 46 0 74 52 0 74 42 0 74 44 0 5734 950000 4750 722264 1022500 737884
 1845.844927 7085 1200 1200 1200 1200 74 46 0 74 52 0 74 42 0 74 44 0 5978 950000 4750 722538 1022500 737884
 1846.044940 7086 1200 1200 1200 1200 74 46 0 74 52 0 74 42 0 74 44 0 5978 950000 4750 722538 1022500 737884
 1846.244924 7087 1200 1200 1200 1200 74 46 0 74 52 0 74 42 0 74 44 0 5734 950000 4750 720346 1022500 735840
 1846.444928 7088 1200 1200 1200 1200 74 46 0 74 52 0 74 42 0 74 44 0 5734 950000 4750 721990 1022500 736862
 1846.644927 7089 1200 1200 1200 1200 74 46 0 74 52 0 74 42 0 74 44 0 5734 950000 4750 720894 1022500 735840
 1846.844929 7090 1200 1200 1200 1200 74 46 0 74 52 0 74 42 0 74 44 0 5734 950000 4750 720894 1022500 735840
 1847.044939 7091 1200 1200 1200 1200 74 46 0 74 52 0 74 42 0 74 44 0 5734 950000 4750 722264 1022500 737884
 1847.244927 7092 1200 1200 1200 1200 74 46 0 74 52 0 74 42 0 74 44 0 5734 950000 4750 722538 1022500 737884
 1847.444937 7093 1200 1200 1200 1200 74 46 0 74 52 0 74 42 0 74 44 0 5734 950000 4750 721442 1022500 736862
 1847.644906 7094 1200 1200 1200 1200 74 46 0 74 52 0 74 42 0 74 44 0 5734 950000 4750 723086 1022500 738906
 1847.844927 7095 1200 1200 1200 1200 74 46 0 74 52 0 74 42 0 74 44 0 5734 950000 4750 723086 1022500 738906
 1848.044939 7096 1200 1200 1200 1200 74 46 0 74 52 0 74 42 0 74 44 0 5978 950000 4750 721442 1022500 736862
 1848.244928 7097 1200 1200 1200 1200 74 46 0 74 52 0 74 42 0 74 44 0 5734 950000 4750 721716 1022500 736862
 1848.444922 7098 1200 1200 1200 1200 74 46 0 74 52 0 74 42 0 74 44 0 5734 950000 4750 721990 1022500 736862
 1848.644928 7099 1200 1200 1200 1200 74 46 0 74 52 0 74 42 0 74 44 0 5734 950000 4750 721990 1022500 736862
 1848.844928 7100 1200 1200 1200 1200 74 46 0 74 52 0 74 42 0 74 44 0 5734 950000 4750 722538 1022500 737884
 1849.044941 7101 1200 1200 1200 1200 74 46 0 74 52 0 74 42 0 74 44 0 5978 950000 4750 723360 1022500 738906
 1849.244927 7102 1200 1200 1200 1200 74 46 0 74 52 0 74 42 0 74 44 0 5734 950000 4750 724730 1022500 739928
 1849.444929 7103 1200 1200 1200 1200 74 46 0 74 52 0 74 42 0 74 44 0 5734 950000 4750 724730 1022500 739928
 1849.644923 7104 1200 1200 1200 1200 74 46 0 74 52 0 74 42 0 74 44 0 5734 950000 4750 723360 1022500 738906
 1849.844927 7105 1200 1200 1200 1200 74 46 0 74 52 0 74 42 0 74 44 0 5734 950000 4750 721442 1022500 736862
 1850.044939 7106 1200 1200 1200 1200 74 46 0 74 52 0 74 42 0 74 44 0 5734 950000 4750 721990 1022500 736862
 1850.244929 7107 1200 1200 1200 1200 74 46 0 74 52 0 74 42 0 74 44 0 5734 950000 4750 721990 1022500 736862
 1850.444928 7108 1200 1200 1200 1200 74 46 0 74 52 0 74 42 0 74 44 0 5734 950000 4750 721442 1022500 736862
 1850.644929 7109 1200 1200 1200 1200 74 46 0 74 52 0 74 42 0 74 44 0 5734 950000 4750 721442 1022500 736862
 1850.844929 7110 1200 1200 1200 1200 74 46 0 74 52 0 74 42 0 74 44 0 5978 950000 4750 724182 1022500 739928
 1851.044939 7111 1200 1200 1200 1200 74 46 0 74 52 0 74 42 0 74 44 0 5978 950000 4750 724182 1022500 739928
 1851.244928 7112 1200 1200 1200 1200 74 46 0 74 52 0 74 42 0 74 44 0 5734 950000 4750 722538 1022500 737884
 1851.444928 7113 1200 1200 1200 1200 74 46 0 74 52 0 74 42 0 74 44 0 5978 950000 4750 722812 1022500 737884
 1851.644928 7114 1200 1200 1200 1200 74 46 0 74 52 0 74 42 0 74 44 0 5734 950000 4750 721990 1022500 736862
 1851.844928 7115 1200 1200 1200 1200 74 46 0 74 52 0 74 42 0 74 44 0 5734 950000 4750 721990 1022500 736862
 1852.044937 7116 1200 1200 1200 1200 74 46 0 74 52 0 74 42 0 74 44 0 5978 950000 4750 722538 1022500 737884
 1852.244928 7117 1200 1200 1200 1200 74 46 0 74 52 0 74 42 0 74 44 0 5734 950000 4750 723086 1022500 738906
 1852.444928 7118 1200 1200 1200 1200 74 46 0 74 52 0 74 42 0 74 44 0 5734 950000 4750 721168 1022500 736862
 1852.644928 7119 1200 1200 1200 1200 74 46 0 74 52 0 74 42 0 74 44 0 5734 950000 4750 721168 1022500 736862
 1852.844928 7120 1200 1200 1200 1200 74 46 0 74 52 0 74 42 0 74 44 0 5734 950000 4750 721990 1022500 736862
 1853.044939 7121 1200 1200 1200 1200 74 46 0 74 52 0 74 42 0 74 44 0 5978 950000 4750 723086 1022500 738906
 1853.244927 7122 1200 1200 1200 1200 74 46 0 74 52 0 74 42 0 74 44 0 5734 950000 4750 722812 1022500 737884
 1853.444912 7123 1200 1200 1200 1200 74 46 0 74 52 0 74 42 0 74 44 0 5734 950000 4750 722812 1022500 737884
 1853.644929 7124 1200 1200 1200 1200 74 46 0 74 52 0 74 42 0 74 44 0 5734 950000 4750 721716 1022500 736862
 1853.844928 7125 1200 1200 1200 1200 74 46 0 74 52 0 74 42 0 74 44 0 5734 950000 4750 721716 1022500 736862
 1854.044939 7126 1200 1200 1200 1200 74 46 0 74 52 0 74 42 0 74 44 0 5734 950000 4750 720894 1022500 735840
 1854.244900 7127 1200 1200 1200 1200 74 46 0 74 52 0 74 42 0 74 44 0 5734 950000 4750 720894 1022500 735840
 1854.444929 7128 1200 1200 1200 1200 74 46 0 74 52 0 74 42 0 74 44 0 5734 950000 4750 720894 1022500 735840
 1854.644927 7129 1200 1200 1200 1200 74 46 0 74 52 0 74 42 0 74 44 0 5734 950000 4750 722538 1022500 737884
 1854.844929 7130 1200 1200 1200 1200 74 46 0 74 52 0 74 42 0 74 44 0 5978 950000 4750 723086 1022500 738906
 1855.044940 7131 1200 1200 1200 1200 74 46 0 74 52 0 74 42 0 74 44 0 5734 950000 4750 722264 1022500 737884
 1855.244928 7132 1200 1200 1200 1200 74 46 0 74 52 0 74 42 0 74 44 0 5734 950000 4750 722264 1022500 737884
 1855.444928 7133 1200 1200 1200 1200 74 46 0 74 52 0 74 42 0 74 44 0 5734 950000 4750 722264 1022500 737884
 1855.644927 7134 1200 1200 1200 1200 74 46 0 74 52 0 74 42 0 74 44 0 5734 950000 4750 720894 1022500 735840
 1855.844927 7135 1200 1200 1200 1200 74 46 0 74 52 0 74 42 0 74 44 0 5734 950000 4750 720894 1022500 735840
 1856.044940 7136 1200 1200 1200 1200 74 46 0 74 52 0 74 42 0 74 44 0 5734 950000 4750 720894 1022500 735840
 1856.244927 7137 1200 1200 1200 1200 74 46 0 74 52 0 74 42 0 74 44 0 5978 950000 4750 720894 1022500 735840
 1856.444928 7138 1200 1200 1200 1200 74 46 0 74 52 0 74 42 0 74 44 0 5734 950000 4750 721990 1022500 736862
 1856.644922 7139 1200 1200 1200 1200 74 46 0 74 52 0 74 42 0 74 44 0 5734 950000 4750 722538 1022500 737884
 1856.844928 7140 1200 1200 1200 1200 74 46 0 74 52 0 74 42 0 74 44 0 5734 950000 4750 722538 1022500 737884
 1857.044940 7141 1200 1200 1200 1200 74 46 0 74 52 0 74 42 0 74 44 0 5978 950000 4750 722264 1022500 737884
 1857.244932 7142 1200 1200 1200 1200 74 46 0 74 52 0 74 42 0 74 44 0 5734 950000 4750 723360 1022500 738906
 1857.444927 7143 1200 1200 1200 1200 74 46 0 74 52 0 74 42 0 74 44 0 5734 950000 4750 721442 1022500 736862
 1857.644927 7144 1200 1200 1200 1200 74 46 0 74 52 0 74 42 0 74 44 0 5734 950000 4750 721442 1022500 736862
 1857.844930 7145 1200 1200 1200 1200 74 46 0 74 52 0 74 42 0 74 44 0 5978 950000 4750 721168 1022500 736862
 1858.044941 7146 1200 1200 1200 1200 74 46 0 74 52 0 74 42 0 74 44 0 5734 950000 4750 721716 1022500 736862
 1858.244927 7147 1200 1200 1200 1200 74 46 0 74 52 0 74 42 0 74 44 0 5978 950000 4750 722538 1022500 737884
 1858.444927 7148 1200 1200 1200 1200 74 46 0 74 52 0 74 42 0 74 44 0 5978 950000 4750 722538 1022500 737884
 1858.644927 7149 1200 1200 1200 1200 74 46 0 74 52 0 74 42 0 74 44 0 5978 950000 4750 723634 1022500 738906
 1858.844927 7150 1200 1200 1200 1200 74 46 0 74 52 0 74 42 0 74 44 0 5734 950000 4750 723086 1022500 738906
 1859.044924 7151 1200 1200 1200 1200 74 46 0 74 52 0 74 42 0 74 44 0 5734 950000 4750 723634 1022500 738906
 1859.244929 7152 1200 1200 1200 1200 74 46 0 74 52 0 74 42 0 74 44 0 5734 950000 4750 723634 1022500 738906
 1859.444928 7153 1200 1200 1200 1200 74 46 0 74 52 0 74 42 0 74 44 0 5734 950000 4750 721990 1022500 736862
 1859.644928 7154 1200 1200 1200 1200 74 46 0 74 52 0 74 42 0 74 44 0 5978 950000 4750 716510 1022500 731752
 1859.844929 7155 1200 1200 1200 1200 74 46 0 74 52 0 74 42 0 74 44 0 5734 950000 4750 721442 1022500 736862
 1860.044922 7156 1200 1200 1200 1200 74 46 0 74 52 0 74 42 0 74 44 0 5734 950000 4750 721442 1022500 736862
 1860.244928 7157 1200 1200 1200 1200 74 46 0 74 52 0 74 42 0 74 44 0 5734 950000 4750 721168 1022500 736862
 1860.444928 7158 1200 1200 1200 1200 74 46 0 74 52 0 74 42 0 74 44 0 5734 950000 4750 723634 1022500 738906
 1860.644927 7159 1200 1200 1200 1200 74 46 0 74 52 0 74 42 0 74 44 0 5734 950000 4750 722264 1022500 737884
 1860.844929 7160 1200 1200 1200 1200 74 46 0 74 52 0 74 42 0 74 44 0 5734 950000 4750 723360 1022500 738906
 1861.044941 7161 1200 1200 1200 1200 74 46 0 74 52 0 74 42 0 74 44 0 5734 950000 4750 723360 1022500 738906
 1861.244928 7162 1200 1200 1200 1200 74 46 0 74 52 0 74 42 0 74 44 0 5734 950000 4750 723908 1022500 738906
 1861.444923 7163 1200 1200 1200 1200 74 46 0 74 52 0 74 42 0 74 44 0 5734 950000 4750 720894 1022500 735840
 1861.644927 7164 1200 1200 1200 1200 74 46 0 74 52 0 74 42 0 74 44 0 5734 950000 4750 721168 1022500 736862
 1861.844928 7165 1200 1200 1200 1200 74 46 0 74 52 0 74 42 0 74 44 0 5734 950000 4750 721168 1022500 736862
 1862.044940 7166 1200 1200 1200 1200 74 46 0 74 52 0 74 42 0 74 44 0 5734 950000 4750 721168 1022500 736862
 1862.244930 7167 1200 1200 1200 1200 74 46 0 74 52 0 74 42 0 74 44 0 5978 950000 4750 721716 1022500 736862
 1862.444927 7168 1200 1200 1200 1200 74 46 0 74 52 0 74 42 0 74 44 0 5978 950000 4750 722264 1022500 737884
 1862.644929 7169 1200 1200 1200 1200 74 46 0 74 52 0 74 42 0 74 44 0 5978 950000 4750 722264 1022500 737884
 1862.844928 7170 1200 1200 1200 1200 74 46 0 74 52 0 74 42 0 74 44 0 5978 950000 4750 723086 1022500 738906
 1863.044939 7171 1200 1200 1200 1200 74 46 0 74 52 0 74 42 0 74 44 0 5734 950000 4750 722264 1022500 737884
 1863.244927 7172 1200 1200 1200 1200 74 46 0 74 52 0 74 42 0 74 44 0 5734 950000 4750 720620 1022500 735840
 1863.444927 7173 1200 1200 1200 1200 74 46 0 74 52 0 74 42 0 74 44 0 5734 950000 4750 720620 1022500 735840
 1863.644928 7174 1200 1200 1200 1200 74 46 0 74 52 0 74 42 0 74 44 0 5734 950000 4750 720620 1022500 735840
 1863.844923 7175 1200 1200 1200 1200 74 46 0 74 52 0 74 42 0 74 44 0 5978 950000 4750 720894 1022500 735840
 1864.044940 7176 1200 1200 1200 1200 74 46 0 74 52 0 74 42 0 74 44 0 5734 950000 4750 722812 1022500 737884
 1864.244928 7177 1200 1200 1200 1200 74 46 0 74 52 0 74 42 0 74 44 0 5734 950000 4750 722812 1022500 737884
 1864.444929 7178 1200 1200 1200 1200 74 46 0 74 52 0 74 42 0 74 44 0 5978 950000 4750 722812 1022500 737884
 1864.644928 7179 1200 1200 1200 1200 74 46 0 74 52 0 74 42 0 74 44 0 5734 950000 4750 722264 1022500 737884
 1864.844927 7180 1200 1200 1200 1200 74 46 0 74 52 0 74 42 0 74 44 0 5734 950000 4750 722264 1022500 737884
 1865.044939 7181 1200 1200 1200 1200 74 46 0 74 52 0 74 42 0 74 44 0 5734 950000 4750 722264 1022500 737884
 1865.244927 7182 1200 1200 1200 1200 74 46 0 74 52 0 74 42 0 74 44 0 5734 950000 4750 722264 1022500 737884
 1865.444928 7183 1200 1200 1200 1200 74 46 0 74 52 0 74 42 0 74 44 0 5734 950000 4750 720894 1022500 735840
 1865.644927 7184 1200 1200 1200 1200 74 46 0 74 52 0 74 42 0 74 44 0 5734 950000 4750 720894 1022500 735840
 1865.844928 7185 1200 1200 1200 1200 74 46 0 74 52 0 74 42 0 74 44 0 5734 950000 4750 720894 1022500 735840
 1866.044939 7186 1200 1200 1200 1200 74 46 0 74 52 0 74 42 0 74 44 0 5734 950000 4750 720894 1022500 735840
 1866.244925 7187 1200 1200 1200 1200 74 46 0 74 52 0 74 42 0 74 44 0 5978 950000 4750 721990 1022500 736862
 1866.444927 7188 1200 1200 1200 1200 74 46 0 74 52 0 74 42 0 74 44 0 5734 950000 4750 722538 1022500 737884
 1866.644906 7189 1200 1200 1200 1200 74 46 0 74 52 0 74 42 0 74 44 0 5978 950000 4750 722812 1022500 737884
 1866.844928 7190 1200 1200 1200 1200 74 46 0 74 52 0 74 42 0 74 44 0 5978 950000 4750 722812 1022500 737884
 1867.044940 7191 1200 1200 1200 1200 74 46 0 74 52 0 74 42 0 74 44 0 5978 950000 4750 721716 1022500 736862
 1867.244929 7192 1200 1200 1200 1200 74 46 0 74 52 0 74 42 0 74 44 0 5734 950000 4750 720894 1022500 735840
 1867.444927 7193 1200 1200 1200 1200 74 46 0 74 52 0 74 42 0 74 44 0 5978 950000 4750 722812 1022500 737884
 1867.644928 7194 1200 1200 1200 1200 74 46 0 74 52 0 74 42 0 74 44 0 5978 950000 4750 722812 1022500 737884
 1867.844928 7195 1200 1200 1200 1200 74 46 0 74 52 0 74 42 0 74 44 0 5978 950000 4750 721716 1022500 736862
 1868.044938 7196 1200 1200 1200 1200 74 46 0 74 52 0 74 42 0 74 44 0 5734 950000 4750 722264 1022500 737884
 1868.244928 7197 1200 1200 1200 1200 74 46 0 74 52 0 74 42 0 74 44 0 5734 950000 4750 722538 1022500 737884
 1868.444928 7198 1200 1200 1200 1200 74 46 0 74 52 0 74 42 0 74 44 0 5734 950000 4750 722538 1022500 737884
 1868.644923 7199 1200 1200 1200 1200 74 46 0 74 52 0 74 42 0 74 44 0 5734 950000 4750 723634 1022500 738906
 1868.844927 7200 1200 1200 1200 1200 74 46 0 74 52 0 74 42 0 74 44 0 5734 950000 4750 720894 1022500 735840
 1869.044939 7201 1200 1200 1200 1200 74 46 0 74 52 0 74 42 0 74 44 0 5734 950000 4750 721168 1022500 736862
 1869.244927 7202 1200 1200 1200 1200 74 46 0 74 52 0 74 42 0 74 44 0 5734 950000 4750 721168 1022500 736862
 1869.444929 7203 1200 1200 1200 1200 74 46 0 74 52 0 74 42 0 74 44 0 5734 950000 4750 721716 1022500 736862
 1869.644928 7204 1200 1200 1200 1200 74 46 0 74 52 0 74 42 0 74 44 0 5734 950000 4750 720620 1022500 735840
 1869.844928 7205 1200 1200 1200 1200 74 46 0 74 52 0 74 42 0 74 44 0 5978 950000 4750 723360 1022500 738906
 1870.044943 7206 1200 1200 1200 1200 74 46 0 74 52 0 74 42 0 74 44 0 5978 950000 4750 723360 1022500 738906
 1870.244927 7207 1200 1200 1200 1200 74 46 0 74 52 0 74 42 0 74 44 0 5734 950000 4750 724182 1022500 739928
 1870.444930 7208 1200 1200 1200 1200 74 46 0 74 52 0 74 42 0 74 44 0 5734 950000 4750 724730 1022500 739928
 1870.644928 7209 1200 1200 1200 1200 74 46 0 74 52 0 74 42 0 74 44 0 5734 950000 4750 722812 1022500 737884
 1870.844928 7210 1200 1200 1200 1200 74 46 0 74 52 0 74 42 0 74 44 0 5734 950000 4750 722812 1022500 737884
 1871.044935 7211 1200 1200 1200 1200 74 46 0 74 52 0 74 42 0 74 44 0 5734 950000 4750 721442 1022500 736862
 1871.244928 7212 1200 1200 1200 1200 74 46 0 74 52 0 74 42 0 74 44 0 5734 950000 4750 720620 1022500 735840
 1871.444928 7213 1200 1200 1200 1200 74 46 0 74 52 0 74 42 0 74 44 0 5734 950000 4750 721168 1022500 736862
 1871.644929 7214 1200 1200 1200 1200 74 46 0 74 52 0 74 42 0 74 44 0 5734 950000 4750 721168 1022500 736862
 1871.844927 7215 1200 1200 1200 1200 74 46 0 74 52 0 74 42 0 74 44 0 5734 950000 4750 722812 1022500 737884
 1872.044940 7216 1200 1200 1200 1200 74 46 0 74 52 0 74 42 0 74 44 0 5734 950000 4750 723360 1022500 738906
 1872.244928 7217 1200 1200 1200 1200 74 46 0 74 52 0 74 42 0 74 44 0 5978 950000 4750 722264 1022500 737884
 1872.444909 7218 1200 1200 1200 1200 74 46 0 74 52 0 74 42 0 74 44 0 5978 950000 4750 722264 1022500 737884
 1872.644929 7219 1200 1200 1200 1200 74 46 0 74 52 0 74 42 0 74 44 0 5734 950000 4750 723634 1022500 738906
 1872.844929 7220 1200 1200 1200 1200 74 46 0 74 52 0 74 42 0 74 44 0 5734 950000 4750 720894 1022500 735840
 1873.044941 7221 1200 1200 1200 1200 74 46 0 74 52 0 74 42 0 74 44 0 5978 950000 4750 721442 1022500 736862
 1873.244898 7222 1200 1200 1200 1200 74 46 0 74 52 0 74 42 0 74 44 0 5978 950000 4750 721168 1022500 736862
 1873.444927 7223 1200 1200 1200 1200 74 46 0 74 52 0 74 42 0 74 44 0 5978 950000 4750 721168 1022500 736862
 1873.644927 7224 1200 1200 1200 1200 74 46 0 74 52 0 74 42 0 74 44 0 5978 950000 4750 721168 1022500 736862
 1873.844928 7225 1200 1200 1200 1200 74 46 0 74 52 0 74 42 0 74 44 0 5734 950000 4750 722538 1022500 737884
 1874.044939 7226 1200 1200 1200 1200 74 46 0 74 52 0 74 42 0 74 44 0 5978 950000 4750 722812 1022500 737884
 1874.244927 7227 1200 1200 1200 1200 74 46 0 74 52 0 74 42 0 74 44 0 5978 950000 4750 722812 1022500 737884
 1874.444924 7228 1200 1200 1200 1200 74 46 0 74 52 0 74 42 0 74 44 0 5978 950000 4750 723086 1022500 738906
 1874.644929 7229 1200 1200 1200 1200 74 46 0 74 52 0 74 42 0 74 44 0 5734 950000 4750 720894 1022500 735840
 1874.844928 7230 1200 1200 1200 1200 74 46 0 74 52 0 74 42 0 74 44 0 5978 950000 4750 720894 1022500 735840
 1875.044939 7231 1200 1200 1200 1200 74 46 0 74 52 0 74 42 0 74 44 0 5978 950000 4750 720894 1022500 735840
 1875.244928 7232 1200 1200 1200 1200 74 46 0 74 52 0 74 42 0 74 44 0 5734 950000 4750 720894 1022500 735840
 1875.444928 7233 1200 1200 1200 1200 74 46 0 74 52 0 74 42 0 74 44 0 5734 950000 4750 721168 1022500 736862
 1875.644927 7234 1200 1200 1200 1200 74 46 0 74 52 0 74 42 0 74 44 0 5734 950000 4750 722812 1022500 737884
 1875.844927 7235 1200 1200 1200 1200 74 46 0 74 52 0 74 42 0 74 44 0 5734 950000 4750 722812 1022500 737884
 1876.044941 7236 1200 1200 1200 1200 74 46 0 74 52 0 74 42 0 74 44 0 5734 950000 4750 723634 1022500 738906
 1876.244927 7237 1200 1200 1200 1200 74 46 0 74 52 0 74 42 0 74 44 0 5734 950000 4750 723086 1022500 738906
 1876.444927 7238 1200 1200 1200 1200 74 46 0 74 52 0 74 42 0 74 44 0 5734 950000 4750 721716 1022500 736862
 1876.644928 7239 1200 1200 1200 1200 74 46 0 74 52 0 74 42 0 74 44 0 5734 950000 4750 721716 1022500 736862
 1876.844924 7240 1200 1200 1200 1200 74 46 0 74 52 0 74 42 0 74 44 0 5734 950000 4750 721716 1022500 736862
 1877.044939 7241 1200 1200 1200 1200 74 46 0 74 52 0 74 42 0 74 44 0 5978 950000 4750 721990 1022500 736862
 1877.244928 7242 1200 1200 1200 1200 74 46 0 74 52 0 74 42 0 74 44 0 5978 950000 4750 721168 1022500 736862
 1877.444928 7243 1200 1200 1200 1200 74 46 0 74 52 0 74 42 0 74 44 0 5978 950000 4750 721168 1022500 736862
 1877.644928 7244 1200 1200 1200 1200 74 46 0 74 52 0 74 42 0 74 44 0 5734 950000 4750 723086 1022500 738906
 1877.844927 7245 1200 1200 1200 1200 74 46 0 74 52 0 74 42 0 74 44 0 5734 950000 4750 722812 1022500 737884
 1878.044940 7246 1200 1200 1200 1200 74 46 0 74 52 0 74 42 0 74 44 0 5734 950000 4750 723360 1022500 738906
 1878.244929 7247 1200 1200 1200 1200 74 46 0 74 52 0 74 42 0 74 44 0 5734 950000 4750 723360 1022500 738906
 1878.444928 7248 1200 1200 1200 1200 74 46 0 74 52 0 74 42 0 74 44 0 5978 950000 4750 722812 1022500 737884
 1878.644929 7249 1200 1200 1200 1200 74 46 0 74 52 0 74 42 0 74 44 0 5978 950000 4750 721716 1022500 736862
 1878.844928 7250 1200 1200 1200 1200 74 46 0 74 52 0 74 42 0 74 44 0 5734 950000 4750 722264 1022500 737884
 1879.045298 7251 1200 1200 1200 1200 74 46 0 74 52 0 74 42 0 74 44 0 5734 950000 4750 721442 1022500 736862
 1879.244928 7252 1200 1200 1200 1200 74 46 0 74 52 0 74 42 0 74 44 0 5734 950000 4750 721442 1022500 736862
 1879.444928 7253 1200 1200 1200 1200 74 46 0 74 52 0 74 42 0 74 44 0 5734 950000 4750 723634 1022500 738906
 1879.644928 7254 1200 1200 1200 1200 74 46 0 74 52 0 74 42 0 74 44 0 5734 950000 4750 722264 1022500 737884
 1879.844927 7255 1200 1200 1200 1200 74 46 0 74 52 0 74 42 0 74 44 0 5978 950000 4750 723360 1022500 738906
 1880.044939 7256 1200 1200 1200 1200 74 46 0 74 52 0 74 42 0 74 44 0 5978 950000 4750 723360 1022500 738906
 1880.244927 7257 1200 1200 1200 1200 74 46 0 74 52 0 74 42 0 74 44 0 5734 950000 4750 722538 1022500 737884
 1880.444927 7258 1200 1200 1200 1200 74 46 0 74 52 0 74 42 0 74 44 0 5978 950000 4750 721168 1022500 736862
 1880.644927 7259 1200 1200 1200 1200 74 46 0 74 52 0 74 42 0 74 44 0 5734 950000 4750 720346 1022500 735840
 1880.844928 7260 1200 1200 1200 1200 74 46 0 74 52 0 74 42 0 74 44 0 5734 950000 4750 720346 1022500 735840
 1881.044939 7261 1200 1200 1200 1200 74 46 0 74 52 0 74 42 0 74 44 0 5734 950000 4750 721168 1022500 736862
 1881.244928 7262 1200 1200 1200 1200 74 46 0 74 52 0 74 42 0 74 44 0 5734 950000 4750 721716 1022500 736862
 1881.444922 7263 1200 1200 1200 1200 74 46 0 74 52 0 74 42 0 74 44 0 5734 950000 4750 721990 1022500 736862
 1881.644928 7264 1200 1200 1200 1200 74 46 0 74 52 0 74 42 0 74 44 0 5734 950000 4750 721990 1022500 736862
 1881.844928 7265 1200 1200 1200 1200 74 46 0 74 52 0 74 42 0 74 44 0 5734 950000 4750 721716 1022500 736862
