  878.879992 2251 800 800 800 800 70 46 0 70 52 0 70 42 0 70 44 0 5734 950000 4750 493200 907500 447151
  879.080016 2252 800 800 800 800 72 46 0 72 52 0 72 42 0 72 44 0 5734 950000 4750 472650 907500 428104
  879.279847 2253 800 800 800 800 72 46 0 72 52 0 72 42 0 72 44 0 5734 950000 4750 464704 907500 420848
  879.479848 2254 800 800 800 800 72 46 0 72 52 0 72 42 0 72 44 0 5734 950000 4750 454018 907500 411778
  879.679844 2255 800 800 800 800 72 46 0 72 52 0 72 42 0 72 44 0 5734 950000 4750 454018 907500 411778
  879.879844 2256 800 800 800 800 72 46 0 72 52 0 72 42 0 72 44 0 5734 950000 4750 447990 907500 405429
  880.079872 2257 800 800 800 800 73 46 0 73 52 0 73 42 0 73 44 0 5734 950000 4750 446346 907500 404522
  880.279844 2258 800 800 800 800 73 46 0 73 52 0 73 42 0 73 44 0 5490 950000 4750 447168 907500 405429
  880.479845 2259 800 800 800 800 73 46 0 73 52 0 73 42 0 73 44 0 5490 950000 4750 447168 907500 405429
  880.679845 2260 800 800 800 800 73 46 0 73 52 0 73 42 0 73 44 0 5490 950000 4750 447442 907500 405429
  880.879844 2261 800 800 800 800 73 46 0 73 52 0 73 42 0 73 44 0 5734 950000 4750 445798 907500 403615
  881.079844 2262 800 800 800 800 73 46 0 73 52 0 73 42 0 73 44 0 5734 950000 4750 446620 907500 404522
  881.279845 2263 800 800 800 800 73 46 0 73 52 0 73 42 0 73 44 0 5734 950000 4750 446620 907500 404522
  881.479845 2264 800 800 800 800 73 46 0 73 52 0 73 42 0 73 44 0 5734 950000 4750 446894 907500 404522
  881.679844 2265 800 800 800 800 73 46 0 73 52 0 73 42 0 73 44 0 5734 950000 4750 446072 907500 404522
  881.879844 2266 800 800 800 800 73 46 0 73 52 0 73 42 0 73 44 0 5734 950000 4750 446620 907500 404522
  882.079844 2267 800 800 800 800 73 46 0 73 52 0 73 42 0 73 44 0 5734 950000 4750 446620 907500 404522
  882.279845 2268 800 800 800 800 73 46 0 73 52 0 73 42 0 73 44 0 5734 950000 4750 447990 907500 405429
  882.479844 2269 800 800 800 800 73 46 0 73 52 0 73 42 0 73 44 0 5734 950000 4750 447442 907500 405429
  882.679844 2270 800 800 800 800 73 46 0 73 52 0 73 42 0 73 44 0 5734 950000 4750 446346 907500 404522
  882.879844 2271 800 800 800 800 73 46 0 73 52 0 73 42 0 73 44 0 5734 950000 4750 446346 907500 404522
  883.079844 2272 800 800 800 800 73 46 0 73 52 0 73 42 0 73 44 0 5734 950000 4750 446620 907500 404522
  883.279845 2273 800 800 800 800 73 46 0 73 52 0 73 42 0 73 44 0 5734 950000 4750 446894 907500 404522
  883.479844 2274 800 800 800 800 73 46 0 73 52 0 73 42 0 73 44 0 5734 950000 4750 446894 907500 404522
  883.679845 2275 800 800 800 800 73 46 0 73 52 0 73 42 0 73 44 0 5734 950000 4750 446894 907500 404522
  883.879845 2276 800 800 800 800 73 46 0 73 52 0 73 42 0 73 44 0 5734 950000 4750 447168 907500 405429
  884.079873 2277 800 800 800 800 73 46 0 73 52 0 73 42 0 73 44 0 5490 950000 4750 447990 907500 405429
  884.279845 2278 800 800 800 800 73 46 0 73 52 0 73 42 0 73 44 0 5978 950000 4750 446894 907500 404522
  884.479845 2279 800 800 800 800 73 46 0 73 52 0 73 42 0 73 44 0 5978 950000 4750 446894 907500 404522
  884.679844 2280 800 800 800 800 73 46 0 73 52 0 73 42 0 73 44 0 5734 950000 4750 447442 907500 405429
  884.879844 2281 800 800 800 800 73 46 0 73 52 0 73 42 0 73 44 0 5490 950000 4750 446346 907500 404522
  885.079844 2282 800 800 800 800 73 46 0 73 52 0 73 42 0 73 44 0 5734 950000 4750 446072 907500 404522
  885.279847 2283 800 800 800 800 73 46 0 73 52 0 73 42 0 73 44 0 5734 950000 4750 448538 907500 406336
  885.479844 2284 800 800 800 800 73 46 0 73 52 0 73 42 0 73 44 0 5734 950000 4750 448538 907500 406336
  885.679844 2285 800 800 800 800 73 46 0 73 52 0 73 42 0 73 44 0 5734 950000 4750 447716 907500 405429
  885.879844 2286 800 800 800 800 73 46 0 73 52 0 73 42 0 73 44 0 5734 950000 4750 447442 907500 405429
  886.079844 2287 800 800 800 800 73 46 0 73 52 0 73 42 0 73 44 0 5490 950000 4750 447442 907500 405429
  886.279844 2288 800 800 800 800 73 46 0 73 52 0 73 42 0 73 44 0 5490 950000 4750 447442 907500 405429
  886.479844 2289 800 800 800 800 73 46 0 73 52 0 73 42 0 73 44 0 5734 950000 4750 446894 907500 404522
  886.679844 2290 800 800 800 800 73 46 0 73 52 0 73 42 0 73 44 0 5734 950000 4750 447990 907500 405429
  886.879843 2291 800 800 800 800 73 46 0 73 52 0 73 42 0 73 44 0 5734 950000 4750 447990 907500 405429
  887.079844 2292 800 800 800 800 73 46 0 73 52 0 73 42 0 73 44 0 5734 950000 4750 447990 907500 405429
  887.279844 2293 800 800 800 800 73 46 0 73 52 0 73 42 0 73 44 0 5734 950000 4750 447168 907500 405429
  887.479845 2294 800 800 800 800 73 46 0 73 52 0 73 42 0 73 44 0 5734 950000 4750 449360 907500 407243
  887.679844 2295 800 800 800 800 73 46 0 73 52 0 73 42 0 73 44 0 5734 950000 4750 447990 907500 405429
  887.879844 2296 800 800 800 800 73 46 0 73 52 0 73 42 0 73 44 0 5734 950000 4750 447990 907500 405429
  888.079872 2297 800 800 800 800 73 46 0 73 52 0 73 42 0 73 44 0 5490 950000 4750 448812 907500 406336
  888.279844 2298 800 800 800 800 73 46 0 73 52 0 73 42 0 73 44 0 5734 950000 4750 447990 907500 405429
  888.479844 2299 800 800 800 800 73 46 0 73 52 0 73 42 0 73 44 0 5734 950000 4750 449086 907500 407243
  888.679845 2300 800 800 800 800 73 46 0 73 52 0 73 42 0 73 44 0 5734 950000 4750 449086 907500 407243
  888.879845 2301 800 800 800 800 73 46 0 73 52 0 73 42 0 73 44 0 5734 950000 4750 448264 907500 406336
  889.079844 2302 800 800 800 800 73 46 0 73 52 0 73 42 0 73 44 0 5734 950000 4750 447716 907500 405429
  889.279844 2303 800 800 800 800 73 46 0 73 52 0 73 42 0 73 44 0 5734 950000 4750 447990 907500 405429
  889.479845 2304 800 800 800 800 73 46 0 73 52 0 73 42 0 73 44 0 5734 950000 4750 447990 907500 405429
  889.679845 2305 800 800 800 800 73 46 0 73 52 0 73 42 0 73 44 0 5734 950000 4750 451004 907500 409057
  889.879844 2306 800 800 800 800 73 46 0 73 52 0 73 42 0 73 44 0 5734 950000 4750 448538 907500 406336
  890.079845 2307 800 800 800 800 73 46 0 73 52 0 73 42 0 73 44 0 5734 950000 4750 447990 907500 405429
  890.279844 2308 800 800 800 800 73 46 0 73 52 0 73 42 0 73 44 0 5734 950000 4750 447990 907500 405429
  890.479845 2309 800 800 800 800 73 46 0 73 52 0 73 42 0 73 44 0 5734 950000 4750 447168 907500 405429
  890.679844 2310 800 800 800 800 73 46 0 73 52 0 73 42 0 73 44 0 5734 950000 4750 446346 907500 404522
  890.879844 2311 800 800 800 800 73 46 0 73 52 0 73 42 0 73 44 0 5734 950000 4750 446620 907500 404522
  891.079843 2312 800 800 800 800 73 46 0 73 52 0 73 42 0 73 44 0 5734 950000 4750 446620 907500 404522
  891.279919 2313 800 800 800 800 73 46 0 73 52 0 73 42 0 73 44 0 5734 950000 4750 446346 907500 404522
  891.479941 2314 800 800 800 800 73 46 0 73 52 0 73 42 0 73 44 0 5734 950000 4750 447168 907500 405429
  891.679941 2315 800 800 800 800 73 46 0 73 52 0 73 42 0 73 44 0 5734 950000 4750 173716 907500 156911
  891.879907 2316 800 800 800 800 73 46 0 73 52 0 73 42 0 73 44 0 5734 950000 4750 35346 907500 31745
  892.079982 2317 800 800 800 800 70 46 0 70 52 0 70 42 0 70 44 0 5734 950000 4750 35346 907500 31745
  892.279941 2318 800 800 800 800 70 46 0 70 52 0 70 42 0 70 44 0 5734 950000 4750 35072 907500 31745
  892.479940 2319 800 800 800 800 70 46 0 70 52 0 70 42 0 70 44 0 5734 950000 4750 36442 907500 32652
  892.679941 2320 800 800 800 800 70 46 0 70 52 0 70 42 0 70 44 0 5734 950000 4750 35072 907500 31745
  892.879941 2321 800 800 800 800 70 46 0 70 52 0 70 42 0 70 44 0 5734 950000 4750 35072 907500 31745
  893.079940 2322 800 800 800 800 70 46 0 70 52 0 70 42 0 70 44 0 5734 950000 4750 32606 907500 29024
  893.279941 2323 800 800 800 800 70 46 0 70 52 0 70 42 0 70 44 0 5490 950000 4750 32606 907500 29024
  893.479941 2324 800 800 800 800 70 46 0 70 52 0 70 42 0 70 44 0 5734 950000 4750 34250 907500 30838
  893.679941 2325 800 800 800 800 70 46 0 70 52 0 70 42 0 70 44 0 5734 950000 4750 34250 907500 30838
  893.879941 2326 800 800 800 800 70 46 0 70 52 0 70 42 0 70 44 0 5734 950000 4750 33428 907500 29931
  894.079940 2327 800 800 800 800 70 46 0 70 52 0 70 42 0 70 44 0 5490 950000 4750 33154 907500 29931
