 1395.799930 4835 1600 1600 1600 1600 70 46 0 70 52 0 70 42 0 70 44 0 7747 975000 6825 79734 1157500 91403
 1395.999947 4836 1600 1600 1600 1600 70 46 0 70 52 0 70 42 0 70 44 0 7747 975000 6825 76720 1157500 87932
 1396.199943 4837 1600 1600 1600 1600 70 46 0 70 52 0 70 42 0 70 44 0 7747 975000 6825 634310 1161250 736074
 1396.400081 4838 1600 1600 1600 1600 70 46 0 70 52 0 70 42 0 70 44 0 7747 975000 6825 634310 1161250 736074
 1396.599994 4839 1600 1600 1600 1600 70 46 0 70 52 0 70 42 0 70 44 0 7747 975000 6825 1298486 1165000 1512170
 1396.799921 4840 1600 1600 1600 1600 70 46 0 70 52 0 70 42 0 70 44 0 7747 973750 6811 1064216 1163750 1237432
 1396.999932 4841 1600 1600 1600 1600 73 46 0 73 52 0 73 42 0 73 44 0 7747 975000 6825 1177378 1163750 1368851
 1397.199907 4842 1600 1600 1600 1600 73 46 0 73 52 0 73 42 0 73 44 0 7747 975000 6825 1177378 1163750 1368851
 1397.399916 4843 1600 1600 1600 1600 74 46 0 74 52 0 74 42 0 74 44 0 7747 975000 6825 1186694 1163750 1379318
 1397.599920 4844 1600 1600 1600 1600 74 46 0 74 52 0 74 42 0 74 44 0 7747 973750 6811 1170254 1163750 1360710
 1397.799919 4845 1600 1600 1600 1600 74 46 0 74 52 0 74 42 0 74 44 0 7991 975000 6825 1170802 1163750 1360710
 1397.999908 4846 1600 1600 1600 1600 75 46 0 75 52 0 75 42 0 75 44 0 7747 975000 6825 1171624 1163750 1361873
 1398.199919 4847 1600 1600 1600 1600 75 46 0 75 52 0 75 42 0 75 44 0 7747 975000 6825 1171624 1163750 1361873
 1398.399919 4848 1600 1600 1600 1600 75 46 0 75 52 0 75 42 0 75 44 0 7747 975000 6825 1173268 1163750 1364199
 1398.599918 4849 1600 1600 1600 1600 75 46 0 75 52 0 75 42 0 75 44 0 7747 975000 6825 1175186 1163750 1366525
 1398.799919 4850 1600 1600 1600 1600 75 46 0 75 52 0 75 42 0 75 44 0 7747 975000 6825 1176830 1163750 1367688
 1398.999928 4851 1600 1600 1600 1600 75 46 0 75 52 0 75 42 0 75 44 0 7747 975000 6825 1176830 1163750 1367688
 1399.199919 4852 1600 1600 1600 1600 75 46 0 75 52 0 75 42 0 75 44 0 7991 975000 6825 1177926 1163750 1368851
 1399.399919 4853 1600 1600 1600 1600 75 46 0 75 52 0 75 42 0 75 44 0 7991 975000 6825 1178200 1163750 1370014
 1399.599915 4854 1600 1600 1600 1600 75 46 0 75 52 0 75 42 0 75 44 0 7991 975000 6825 1177652 1163750 1368851
 1399.799919 4855 1600 1600 1600 1600 75 46 0 75 52 0 75 42 0 75 44 0 7991 975000 6825 1177652 1163750 1368851
 1399.999928 4856 1600 1600 1600 1600 76 46 0 76 52 0 76 42 0 76 44 0 7991 975000 6825 1182036 1163750 1374666
 1400.199921 4857 1600 1600 1600 1600 76 46 0 76 52 0 76 42 0 76 44 0 7991 975000 6825 1180118 1163750 1372340
 1400.399918 4858 1600 1600 1600 1600 76 46 0 76 52 0 76 42 0 76 44 0 8235 975000 7800 1180392 1163750 1372340
 1400.599920 4859 1600 1600 1600 1600 76 46 0 76 52 0 76 42 0 76 44 0 8235 975000 7800 1180392 1163750 1372340
 1400.799919 4860 1600 1600 1600 1600 76 46 0 76 52 0 76 42 0 76 44 0 7991 975000 6825 1182310 1163750 1374666
 1400.999929 4861 1600 1600 1600 1600 76 46 0 76 52 0 76 42 0 76 44 0 7991 975000 6825 1182310 1163750 1374666
 1401.199919 4862 1600 1600 1600 1600 76 46 0 76 52 0 76 42 0 76 44 0 7991 975000 6825 1183132 1163750 1375829
 1401.399919 4863 1600 1600 1600 1600 76 46 0 76 52 0 76 42 0 76 44 0 7991 975000 6825 1183132 1163750 1375829
 1401.599919 4864 1600 1600 1600 1600 76 46 0 76 52 0 76 42 0 76 44 0 7747 975000 6825 1181762 1163750 1373503
 1401.799919 4865 1600 1600 1600 1600 76 46 0 76 52 0 76 42 0 76 44 0 7991 975000 6825 1182310 1163750 1374666
 1401.999929 4866 1600 1600 1600 1600 77 46 0 77 52 0 77 42 0 77 44 0 7991 975000 6825 1182310 1163750 1374666
 1402.199920 4867 1600 1600 1600 1600 77 46 0 77 52 0 77 42 0 77 44 0 7991 975000 6825 1182310 1163750 1374666
 1402.399919 4868 1600 1600 1600 1600 77 46 0 77 52 0 77 42 0 77 44 0 8235 973750 7784 1183132 1163750 1375829
 1402.599920 4869 1600 1600 1600 1600 77 46 0 77 52 0 77 42 0 77 44 0 7991 975000 6825 1184502 1163750 1376992
 1402.799918 4870 1600 1600 1600 1600 77 46 0 77 52 0 77 42 0 77 44 0 7991 975000 6825 1184776 1163750 1376992
 1402.999928 4871 1600 1600 1600 1600 77 46 0 77 52 0 77 42 0 77 44 0 7991 975000 6825 1184776 1163750 1376992
 1403.199916 4872 1600 1600 1600 1600 77 46 0 77 52 0 77 42 0 77 44 0 7991 975000 6825 1184228 1163750 1376992
 1403.399919 4873 1600 1600 1600 1600 77 46 0 77 52 0 77 42 0 77 44 0 8235 975000 7800 1183680 1163750 1375829
 1403.599920 4874 1600 1600 1600 1600 77 46 0 77 52 0 77 42 0 77 44 0 7991 975000 6825 1182036 1163750 1374666
 1403.799901 4875 1600 1600 1600 1600 77 46 0 77 52 0 77 42 0 77 44 0 7991 975000 6825 1182036 1163750 1374666
 1403.999928 4876 1600 1600 1600 1600 77 46 0 77 52 0 77 42 0 77 44 0 8235 975000 7800 1183132 1163750 1375829
 1404.199919 4877 1600 1600 1600 1600 77 46 0 77 52 0 77 42 0 77 44 0 8235 975000 7800 1182858 1163750 1374666
 1404.399919 4878 1600 1600 1600 1600 77 46 0 77 52 0 77 42 0 77 44 0 8235 975000 7800 1183680 1163750 1375829
 1404.599919 4879 1600 1600 1600 1600 77 46 0 77 52 0 77 42 0 77 44 0 8235 975000 7800 1183132 1163750 1375829
 1404.799920 4880 1600 1600 1600 1600 77 46 0 77 52 0 77 42 0 77 44 0 8235 975000 7800 1183132 1163750 1375829
 1404.999928 4881 1600 1600 1600 1600 78 46 0 78 52 0 78 42 0 78 44 0 8235 975000 7800 1183406 1163750 1375829
 1405.199920 4882 1600 1600 1600 1600 78 46 0 78 52 0 78 42 0 78 44 0 8235 975000 7800 1184228 1163750 1376992
 1405.399915 4883 1600 1600 1600 1600 78 46 0 78 52 0 78 42 0 78 44 0 8235 975000 7800 1182584 1163750 1374666
 1405.599920 4884 1600 1600 1600 1600 78 46 0 78 52 0 78 42 0 78 44 0 8235 975000 7800 1182584 1163750 1374666
 1405.799920 4885 1600 1600 1600 1600 78 46 0 78 52 0 78 42 0 78 44 0 8235 975000 7800 1184502 1163750 1376992
 1405.999929 4886 1600 1600 1600 1600 78 46 0 78 52 0 78 42 0 78 44 0 7991 975000 6825 1183954 1163750 1375829
 1406.199919 4887 1600 1600 1600 1600 78 46 0 78 52 0 78 42 0 78 44 0 8235 975000 7800 1186146 1163750 1379318
 1406.399921 4888 1600 1600 1600 1600 78 46 0 78 52 0 78 42 0 78 44 0 8235 975000 7800 1186146 1163750 1379318
 1406.599919 4889 1600 1600 1600 1600 78 46 0 78 52 0 78 42 0 78 44 0 8235 975000 7800 1186146 1163750 1379318
 1406.799919 4890 1600 1600 1600 1600 78 46 0 78 52 0 78 42 0 78 44 0 8235 975000 7800 1187242 1163750 1380481
 1406.999928 4891 1600 1600 1600 1600 78 46 0 78 52 0 78 42 0 78 44 0 8235 975000 7800 1187790 1163750 1380481
 1407.199919 4892 1600 1600 1600 1600 78 46 0 78 52 0 78 42 0 78 44 0 8235 975000 7800 1187790 1163750 1380481
 1407.399919 4893 1600 1600 1600 1600 78 46 0 78 52 0 78 42 0 78 44 0 8235 975000 7800 1183954 1163750 1375829
 1407.599919 4894 1600 1600 1600 1600 78 46 0 78 52 0 78 42 0 78 44 0 8235 975000 7800 1184776 1163750 1376992
 1407.799915 4895 1600 1600 1600 1600 78 46 0 78 52 0 78 42 0 78 44 0 7991 975000 6825 1185598 1163750 1378155
 1407.999928 4896 1600 1600 1600 1600 78 46 0 78 52 0 78 42 0 78 44 0 7991 975000 6825 1185598 1163750 1378155
 1408.199919 4897 1600 1600 1600 1600 78 46 0 78 52 0 78 42 0 78 44 0 7991 975000 6825 1185872 1163750 1378155
 1408.399919 4898 1600 1600 1600 1600 78 46 0 78 52 0 78 42 0 78 44 0 8235 975000 7800 1187242 1163750 1380481
 1408.599921 4899 1600 1600 1600 1600 78 46 0 78 52 0 78 42 0 78 44 0 8235 975000 7800 1186968 1163750 1379318
 1408.799919 4900 1600 1600 1600 1600 78 46 0 78 52 0 78 42 0 78 44 0 8235 975000 7800 1186968 1163750 1379318
 1408.999929 4901 1600 1600 1600 1600 78 46 0 78 52 0 78 42 0 78 44 0 8235 975000 7800 1186968 1163750 1379318
 1409.199919 4902 1600 1600 1600 1600 78 46 0 78 52 0 78 42 0 78 44 0 8235 975000 7800 1189160 1163750 1382807
 1409.399919 4903 1600 1600 1600 1600 78 46 0 78 52 0 78 42 0 78 44 0 8235 975000 7800 1187242 1163750 1380481
 1409.599920 4904 1600 1600 1600 1600 78 46 0 78 52 0 78 42 0 78 44 0 8235 975000 7800 1187242 1163750 1380481
 1409.799919 4905 1600 1600 1600 1600 78 46 0 78 52 0 78 42 0 78 44 0 8235 975000 7800 1217108 1163750 1415371
 1409.999928 4906 1600 1600 1600 1600 78 46 0 78 52 0 78 42 0 78 44 0 8235 975000 7800 1186694 1163750 1379318
 1410.199915 4907 1600 1600 1600 1600 78 46 0 78 52 0 78 42 0 78 44 0 8235 975000 7800 1188886 1163750 1381644
 1410.399852 4908 1600 1600 1600 1600 78 46 0 78 52 0 78 42 0 78 44 0 8235 975000 7800 1189160 1163750 1382807
 1410.599919 4909 1600 1600 1600 1600 78 46 0 78 52 0 78 42 0 78 44 0 8235 975000 7800 1189160 1163750 1382807
 1410.799919 4910 1600 1600 1600 1600 78 46 0 78 52 0 78 42 0 78 44 0 8235 975000 7800 1189708 1163750 1382807
 1410.999977 4911 1600 1600 1600 1600 78 46 0 78 52 0 78 42 0 78 44 0 8235 975000 7800 1187242 1163750 1380481
 1411.199910 4912 1600 1600 1600 1600 78 46 0 78 52 0 78 42 0 78 44 0 8235 975000 7800 1185872 1163750 1378155
 1411.399909 4913 1600 1600 1600 1600 78 46 0 78 52 0 78 42 0 78 44 0 8235 975000 7800 1185872 1163750 1378155
