  754.260000 1628 250 250 250 250 67 46 0 67 52 0 67 42 0 67 44 0 52277 947500 49244 9316 1158750 10422
  754.459985 1629 1600 1600 1600 1600 67 46 0 67 52 0 67 42 0 67 44 0 50508 947500 47350 9316 1158750 10422
  754.659937 1630 1600 1600 1600 1600 67 46 0 67 52 0 67 42 0 67 44 0 50508 947500 47350 9316 1158750 10422
  754.859951 1631 1600 1600 1600 1600 68 46 0 68 52 0 68 42 0 68 44 0 38247 948750 36024 275096 1160000 319000
  755.059967 1632 1600 1600 1600 1600 68 46 0 68 52 0 68 42 0 68 44 0 5490 950000 4750 101380 1157500 116857
  755.259948 1633 1600 1600 1600 1600 68 46 0 68 52 0 68 42 0 68 44 0 5490 950000 4750 70418 1157500 80990
  755.459920 1634 1600 1600 1600 1600 68 46 0 68 52 0 68 42 0 68 44 0 5490 950000 4750 231804 1158750 267498
  755.659851 1635 1600 1600 1600 1600 68 46 0 68 52 0 68 42 0 68 44 0 5490 950000 4750 231804 1158750 267498
  755.860058 1636 1600 1600 1600 1600 68 46 0 68 52 0 68 42 0 68 44 0 5490 950000 4750 1170802 1163750 1360710
  756.059960 1637 1600 1600 1600 1600 73 46 0 73 52 0 73 42 0 73 44 0 5490 950000 4750 1226972 1163750 1425838
  756.259920 1638 1600 1600 1600 1600 73 46 0 73 52 0 73 42 0 73 44 0 5490 950000 4750 1079012 1163750 1254877
  756.459921 1639 1600 1600 1600 1600 73 46 0 73 52 0 73 42 0 73 44 0 5490 950000 4750 1079012 1163750 1254877
  756.659922 1640 1600 1600 1600 1600 73 46 0 73 52 0 73 42 0 73 44 0 5734 950000 4750 1179022 1163750 1371177
  756.859920 1641 1600 1600 1600 1600 71 46 0 71 52 0 71 42 0 71 44 0 5490 950000 4750 1181214 1163750 1373503
  757.059931 1642 1600 1600 1600 1600 71 46 0 71 52 0 71 42 0 71 44 0 5490 950000 4750 1181488 1163750 1373503
  757.259919 1643 1600 1600 1600 1600 71 46 0 71 52 0 71 42 0 71 44 0 5490 950000 4750 1181488 1163750 1373503
  757.459917 1644 1600 1600 1600 1600 71 46 0 71 52 0 71 42 0 71 44 0 5490 950000 4750 1184502 1163750 1376992
  757.659919 1645 1600 1600 1600 1600 71 46 0 71 52 0 71 42 0 71 44 0 5490 950000 4750 1185324 1163750 1378155
  757.859920 1646 1600 1600 1600 1600 71 46 0 71 52 0 71 42 0 71 44 0 5734 950000 4750 1186968 1163750 1379318
  758.059929 1647 1600 1600 1600 1600 72 46 0 72 52 0 72 42 0 72 44 0 5734 950000 4750 1186968 1163750 1379318
  758.259919 1648 1600 1600 1600 1600 72 46 0 72 52 0 72 42 0 72 44 0 5734 950000 4750 1189708 1163750 1382807
  758.459919 1649 1600 1600 1600 1600 72 46 0 72 52 0 72 42 0 72 44 0 5734 950000 4750 1189708 1163750 1382807
  758.659919 1650 1600 1600 1600 1600 72 46 0 72 52 0 72 42 0 72 44 0 5734 950000 4750 1186146 1163750 1379318
  758.859920 1651 1600 1600 1600 1600 72 46 0 72 52 0 72 42 0 72 44 0 5734 950000 4750 1186146 1163750 1379318
  759.059919 1652 1600 1600 1600 1600 73 46 0 73 52 0 73 42 0 73 44 0 5734 950000 4750 1186968 1163750 1379318
  759.259919 1653 1600 1600 1600 1600 73 46 0 73 52 0 73 42 0 73 44 0 5734 950000 4750 1190256 1163750 1383970
  759.459920 1654 1600 1600 1600 1600 73 46 0 73 52 0 73 42 0 73 44 0 5734 950000 4750 1189708 1163750 1382807
  759.659919 1655 1600 1600 1600 1600 73 46 0 73 52 0 73 42 0 73 44 0 5734 950000 4750 1189708 1163750 1382807
  759.859917 1656 1600 1600 1600 1600 73 46 0 73 52 0 73 42 0 73 44 0 5734 950000 4750 1190530 1163750 1383970
  760.059928 1657 1600 1600 1600 1600 73 46 0 73 52 0 73 42 0 73 44 0 5978 950000 4750 1192448 1163750 1386296
  760.259920 1658 1600 1600 1600 1600 73 46 0 73 52 0 73 42 0 73 44 0 5734 950000 4750 1192722 1163750 1386296
  760.459920 1659 1600 1600 1600 1600 73 46 0 73 52 0 73 42 0 73 44 0 5734 950000 4750 1192722 1163750 1386296
  760.659919 1660 1600 1600 1600 1600 73 46 0 73 52 0 73 42 0 73 44 0 5734 948750 4740 1191626 1163750 1385133
  760.859920 1661 1600 1600 1600 1600 73 46 0 73 52 0 73 42 0 73 44 0 5978 950000 4750 1192996 1163750 1386296
  761.059930 1662 1600 1600 1600 1600 74 46 0 74 52 0 74 42 0 74 44 0 5734 950000 4750 1191352 1163750 1385133
  761.259898 1663 1600 1600 1600 1600 74 46 0 74 52 0 74 42 0 74 44 0 5978 950000 4750 1200668 1163750 1395600
  761.459921 1664 1600 1600 1600 1600 74 46 0 74 52 0 74 42 0 74 44 0 5978 950000 4750 1200668 1163750 1395600
  761.659919 1665 1600 1600 1600 1600 74 46 0 74 52 0 74 42 0 74 44 0 5978 950000 4750 1193270 1163750 1387459
  761.859920 1666 1600 1600 1600 1600 74 46 0 74 52 0 74 42 0 74 44 0 5978 950000 4750 1192996 1163750 1386296
  762.059963 1667 1600 1600 1600 1600 74 46 0 74 52 0 74 42 0 74 44 0 5978 950000 4750 1134908 1163750 1318842
  762.259908 1668 1600 1600 1600 1600 74 46 0 74 52 0 74 42 0 74 44 0 5978 950000 4750 1134908 1163750 1318842
  762.459909 1669 1600 1600 1600 1600 74 46 0 74 52 0 74 42 0 74 44 0 5734 950000 4750 86584 1157500 99502
  762.659909 1670 1600 1600 1600 1600 74 46 0 74 52 0 74 42 0 74 44 0 5734 950000 4750 75350 1157500 86775
  762.859909 1671 1600 1600 1600 1600 74 46 0 74 52 0 74 42 0 74 44 0 5978 950000 4750 75076 1157500 86775
  763.059918 1672 1600 1600 1600 1600 72 46 0 72 52 0 72 42 0 72 44 0 5978 950000 4750 75076 1157500 86775
  763.259906 1673 1600 1600 1600 1600 72 46 0 72 52 0 72 42 0 72 44 0 5734 950000 4750 75624 1157500 86775
  763.459910 1674 1600 1600 1600 1600 72 46 0 72 52 0 72 42 0 72 44 0 5734 950000 4750 78090 1157500 90246
  763.659910 1675 1600 1600 1600 1600 72 46 0 72 52 0 72 42 0 72 44 0 5978 950000 4750 76720 1157500 87932
  763.859909 1676 1600 1600 1600 1600 72 46 0 72 52 0 72 42 0 72 44 0 5978 950000 4750 76720 1157500 87932
  764.059918 1677 1600 1600 1600 1600 71 46 0 71 52 0 71 42 0 71 44 0 5734 950000 4750 76720 1157500 87932
  764.259941 1678 1600 1600 1600 1600 71 46 0 71 52 0 71 42 0 71 44 0 5734 950000 4750 78638 1157500 90246
  764.459909 1679 1600 1600 1600 1600 71 46 0 71 52 0 71 42 0 71 44 0 5734 950000 4750 75350 1157500 86775
  764.659911 1680 1600 1600 1600 1600 71 46 0 71 52 0 71 42 0 71 44 0 5734 950000 4750 75350 1157500 86775
  764.859909 1681 1600 1600 1600 1600 71 46 0 71 52 0 71 42 0 71 44 0 5734 950000 4750 169332 1157500 195533
