 1888.454923 7298 1100 1100 1100 1100 72 46 0 72 52 0 72 42 0 72 44 0 5734 950000 4750 49594 995000 48755
 1888.654888 7299 1100 1100 1100 1100 72 46 0 72 52 0 72 42 0 72 44 0 5734 950000 4750 49046 995000 48755
 1888.854949 7300 1100 1100 1100 1100 72 46 0 72 52 0 72 42 0 72 44 0 5734 950000 4750 545260 997500 543365
 1889.054954 7301 1100 1100 1100 1100 72 46 0 72 52 0 72 42 0 72 44 0 5734 950000 4750 545260 997500 543365
 1889.254938 7302 1100 1100 1100 1100 72 46 0 72 52 0 72 42 0 72 44 0 5734 950000 4750 751308 997500 748747
 1889.455043 7303 1100 1100 1100 1100 72 46 0 72 52 0 72 42 0 72 44 0 5734 950000 4750 726648 997500 723822
 1889.654936 7304 1100 1100 1100 1100 72 46 0 72 52 0 72 42 0 72 44 0 5734 950000 4750 616226 996250 613536
 1889.854936 7305 1100 1100 1100 1100 72 46 0 72 52 0 72 42 0 72 44 0 5734 950000 4750 616226 996250 613536
 1890.055005 7306 1100 1100 1100 1100 72 46 0 72 52 0 72 42 0 72 44 0 5734 950000 4750 649654 996250 646404
 1890.254950 7307 1100 1100 1100 1100 72 46 0 72 52 0 72 42 0 72 44 0 5734 950000 4750 642530 996250 639432
 1890.454934 7308 1100 1100 1100 1100 72 46 0 72 52 0 72 42 0 72 44 0 5734 950000 4750 641708 996250 638436
 1890.654914 7309 1100 1100 1100 1100 72 46 0 72 52 0 72 42 0 72 44 0 5734 950000 4750 641708 996250 638436
 1890.854932 7310 1100 1100 1100 1100 72 46 0 72 52 0 72 42 0 72 44 0 5734 950000 4750 641982 996250 638436
 1891.054929 7311 1100 1100 1100 1100 72 46 0 72 52 0 72 42 0 72 44 0 5490 950000 4750 643900 996250 640428
 1891.254933 7312 1100 1100 1100 1100 72 46 0 72 52 0 72 42 0 72 44 0 5734 950000 4750 643900 996250 640428
 1891.454933 7313 1100 1100 1100 1100 72 46 0 72 52 0 72 42 0 72 44 0 5734 950000 4750 643626 996250 640428
 1891.654934 7314 1100 1100 1100 1100 72 46 0 72 52 0 72 42 0 72 44 0 5734 950000 4750 643626 996250 640428
 1891.854933 7315 1100 1100 1100 1100 72 46 0 72 52 0 72 42 0 72 44 0 5490 950000 4750 642256 996250 639432
 1892.054946 7316 1100 1100 1100 1100 73 46 0 73 52 0 73 42 0 73 44 0 5734 950000 4750 642256 996250 639432
 1892.254933 7317 1100 1100 1100 1100 73 46 0 73 52 0 73 42 0 73 44 0 5734 950000 4750 642804 996250 639432
 1892.454908 7318 1100 1100 1100 1100 73 46 0 73 52 0 73 42 0 73 44 0 5734 950000 4750 642804 996250 639432
 1892.654934 7319 1100 1100 1100 1100 73 46 0 73 52 0 73 42 0 73 44 0 5734 950000 4750 642530 996250 639432
 1892.854934 7320 1100 1100 1100 1100 73 46 0 73 52 0 73 42 0 73 44 0 5734 950000 4750 642256 996250 639432
 1893.054946 7321 1100 1100 1100 1100 73 46 0 73 52 0 73 42 0 73 44 0 5734 950000 4750 642256 996250 639432
 1893.254934 7322 1100 1100 1100 1100 73 46 0 73 52 0 73 42 0 73 44 0 5734 950000 4750 642256 996250 639432
 1893.454929 7323 1100 1100 1100 1100 73 46 0 73 52 0 73 42 0 73 44 0 5734 950000 4750 642530 996250 639432
 1893.654934 7324 1100 1100 1100 1100 73 46 0 73 52 0 73 42 0 73 44 0 5734 950000 4750 642530 996250 639432
 1893.854935 7325 1100 1100 1100 1100 73 46 0 73 52 0 73 42 0 73 44 0 5734 950000 4750 641434 996250 638436
 1894.054946 7326 1100 1100 1100 1100 73 46 0 73 52 0 73 42 0 73 44 0 5734 950000 4750 641434 996250 638436
 1894.254936 7327 1100 1100 1100 1100 73 46 0 73 52 0 73 42 0 73 44 0 5734 950000 4750 641160 996250 638436
 1894.454933 7328 1100 1100 1100 1100 73 46 0 73 52 0 73 42 0 73 44 0 5734 950000 4750 636502 996250 633456
 1894.654934 7329 1100 1100 1100 1100 73 46 0 73 52 0 73 42 0 73 44 0 5734 950000 4750 644174 996250 641424
 1894.854934 7330 1100 1100 1100 1100 73 46 0 73 52 0 73 42 0 73 44 0 5734 950000 4750 644174 996250 641424
 1895.054947 7331 1100 1100 1100 1100 73 46 0 73 52 0 73 42 0 73 44 0 5734 950000 4750 644448 996250 641424
 1895.254933 7332 1100 1100 1100 1100 73 46 0 73 52 0 73 42 0 73 44 0 5734 950000 4750 642530 996250 639432
 1895.454908 7333 1100 1100 1100 1100 73 46 0 73 52 0 73 42 0 73 44 0 5734 950000 4750 642530 996250 639432
 1895.654934 7334 1100 1100 1100 1100 73 46 0 73 52 0 73 42 0 73 44 0 5734 950000 4750 642530 996250 639432
 1895.854929 7335 1100 1100 1100 1100 73 46 0 73 52 0 73 42 0 73 44 0 5734 950000 4750 643352 996250 640428
 1896.054946 7336 1100 1100 1100 1100 73 46 0 73 52 0 73 42 0 73 44 0 5734 950000 4750 642804 996250 639432
 1896.254933 7337 1100 1100 1100 1100 73 46 0 73 52 0 73 42 0 73 44 0 5734 950000 4750 641708 996250 638436
 1896.454934 7338 1100 1100 1100 1100 73 46 0 73 52 0 73 42 0 73 44 0 5734 950000 4750 641708 996250 638436
 1896.654933 7339 1100 1100 1100 1100 73 46 0 73 52 0 73 42 0 73 44 0 5734 950000 4750 644174 996250 641424
 1896.854928 7340 1100 1100 1100 1100 73 46 0 73 52 0 73 42 0 73 44 0 5734 950000 4750 643626 996250 640428
 1897.054945 7341 1100 1100 1100 1100 73 46 0 73 52 0 73 42 0 73 44 0 5734 950000 4750 644174 996250 641424
 1897.254910 7342 1100 1100 1100 1100 73 46 0 73 52 0 73 42 0 73 44 0 5734 950000 4750 643352 996250 640428
 1897.454933 7343 1100 1100 1100 1100 73 46 0 73 52 0 73 42 0 73 44 0 5734 950000 4750 643352 996250 640428
 1897.654935 7344 1100 1100 1100 1100 73 46 0 73 52 0 73 42 0 73 44 0 5734 950000 4750 642804 996250 639432
 1897.854933 7345 1100 1100 1100 1100 73 46 0 73 52 0 73 42 0 73 44 0 5734 950000 4750 642530 996250 639432
 1898.054947 7346 1100 1100 1100 1100 73 46 0 73 52 0 73 42 0 73 44 0 5734 950000 4750 642256 996250 639432
 1898.254933 7347 1100 1100 1100 1100 73 46 0 73 52 0 73 42 0 73 44 0 5734 950000 4750 642256 996250 639432
 1898.454908 7348 1100 1100 1100 1100 73 46 0 73 52 0 73 42 0 73 44 0 5734 950000 4750 642530 996250 639432
 1898.654933 7349 1100 1100 1100 1100 73 46 0 73 52 0 73 42 0 73 44 0 5734 950000 4750 643900 996250 640428
 1898.854933 7350 1100 1100 1100 1100 73 46 0 73 52 0 73 42 0 73 44 0 5734 950000 4750 644996 996250 641424
 1899.054948 7351 1100 1100 1100 1100 73 46 0 73 52 0 73 42 0 73 44 0 5734 950000 4750 644996 996250 641424
 1899.254929 7352 1100 1100 1100 1100 73 46 0 73 52 0 73 42 0 73 44 0 5734 950000 4750 644996 996250 641424
 1899.454933 7353 1100 1100 1100 1100 73 46 0 73 52 0 73 42 0 73 44 0 5734 950000 4750 643352 996250 640428
 1899.654933 7354 1100 1100 1100 1100 73 46 0 73 52 0 73 42 0 73 44 0 5734 950000 4750 642530 996250 639432
 1899.854933 7355 1100 1100 1100 1100 73 46 0 73 52 0 73 42 0 73 44 0 5734 950000 4750 642530 996250 639432
 1900.054946 7356 1100 1100 1100 1100 73 46 0 73 52 0 73 42 0 73 44 0 5734 950000 4750 642804 996250 639432
 1900.254933 7357 1100 1100 1100 1100 73 46 0 73 52 0 73 42 0 73 44 0 5734 950000 4750 642530 996250 639432
 1900.454933 7358 1100 1100 1100 1100 73 46 0 73 52 0 73 42 0 73 44 0 5734 950000 4750 643900 996250 640428
 1900.654935 7359 1100 1100 1100 1100 73 46 0 73 52 0 73 42 0 73 44 0 5734 950000 4750 643900 996250 640428
 1900.854933 7360 1100 1100 1100 1100 73 46 0 73 52 0 73 42 0 73 44 0 5734 950000 4750 644722 996250 641424
 1901.054946 7361 1100 1100 1100 1100 73 46 0 73 52 0 73 42 0 73 44 0 5734 950000 4750 644448 996250 641424
 1901.254933 7362 1100 1100 1100 1100 73 46 0 73 52 0 73 42 0 73 44 0 5734 950000 4750 644722 996250 641424
 1901.454908 7363 1100 1100 1100 1100 73 46 0 73 52 0 73 42 0 73 44 0 5734 950000 4750 644722 996250 641424
 1901.654929 7364 1100 1100 1100 1100 73 46 0 73 52 0 73 42 0 73 44 0 5734 950000 4750 643078 996250 640428
 1901.854934 7365 1100 1100 1100 1100 73 46 0 73 52 0 73 42 0 73 44 0 5734 950000 4750 643352 996250 640428
 1902.054945 7366 1100 1100 1100 1100 73 46 0 73 52 0 73 42 0 73 44 0 5734 950000 4750 641982 996250 638436
 1902.254934 7367 1100 1100 1100 1100 73 46 0 73 52 0 73 42 0 73 44 0 5734 950000 4750 641982 996250 638436
 1902.454934 7368 1100 1100 1100 1100 73 46 0 73 52 0 73 42 0 73 44 0 5734 950000 4750 643352 996250 640428
 1902.654933 7369 1100 1100 1100 1100 73 46 0 73 52 0 73 42 0 73 44 0 5734 950000 4750 643352 996250 640428
 1902.854933 7370 1100 1100 1100 1100 73 46 0 73 52 0 73 42 0 73 44 0 5734 950000 4750 643900 996250 640428
 1903.054928 7371 1100 1100 1100 1100 73 46 0 73 52 0 73 42 0 73 44 0 5734 950000 4750 643900 996250 640428
 1903.254933 7372 1100 1100 1100 1100 73 46 0 73 52 0 73 42 0 73 44 0 5734 950000 4750 644448 996250 641424
 1903.454934 7373 1100 1100 1100 1100 73 46 0 73 52 0 73 42 0 73 44 0 5734 950000 4750 642530 996250 639432
 1903.654932 7374 1100 1100 1100 1100 73 46 0 73 52 0 73 42 0 73 44 0 5734 950000 4750 642804 996250 639432
 1903.854902 7375 1100 1100 1100 1100 73 46 0 73 52 0 73 42 0 73 44 0 5978 950000 4750 643352 996250 640428
 1904.054944 7376 1100 1100 1100 1100 73 46 0 73 52 0 73 42 0 73 44 0 5978 950000 4750 643352 996250 640428
 1904.254935 7377 1100 1100 1100 1100 73 46 0 73 52 0 73 42 0 73 44 0 5734 950000 4750 643352 996250 640428
 1904.454907 7378 1100 1100 1100 1100 73 46 0 73 52 0 73 42 0 73 44 0 5978 950000 4750 644448 996250 641424
 1904.654931 7379 1100 1100 1100 1100 73 46 0 73 52 0 73 42 0 73 44 0 5734 950000 4750 643626 996250 640428
 1904.854933 7380 1100 1100 1100 1100 73 46 0 73 52 0 73 42 0 73 44 0 5734 950000 4750 643626 996250 640428
 1905.054945 7381 1100 1100 1100 1100 73 46 0 73 52 0 73 42 0 73 44 0 5734 950000 4750 644174 996250 641424
 1905.254934 7382 1100 1100 1100 1100 73 46 0 73 52 0 73 42 0 73 44 0 5734 950000 4750 641708 996250 638436
 1905.454932 7383 1100 1100 1100 1100 73 46 0 73 52 0 73 42 0 73 44 0 5734 950000 4750 641982 996250 638436
 1905.654931 7384 1100 1100 1100 1100 73 46 0 73 52 0 73 42 0 73 44 0 5734 950000 4750 641982 996250 638436
 1905.854931 7385 1100 1100 1100 1100 73 46 0 73 52 0 73 42 0 73 44 0 5734 950000 4750 641708 996250 638436
 1906.054946 7386 1100 1100 1100 1100 73 46 0 73 52 0 73 42 0 73 44 0 5734 950000 4750 642804 996250 639432
 1906.254926 7387 1100 1100 1100 1100 73 46 0 73 52 0 73 42 0 73 44 0 5734 950000 4750 643900 996250 640428
 1906.454933 7388 1100 1100 1100 1100 73 46 0 73 52 0 73 42 0 73 44 0 5734 950000 4750 643900 996250 640428
 1906.654931 7389 1100 1100 1100 1100 73 46 0 73 52 0 73 42 0 73 44 0 5734 950000 4750 644448 996250 641424
 1906.854931 7390 1100 1100 1100 1100 73 46 0 73 52 0 73 42 0 73 44 0 5734 950000 4750 643900 996250 640428
 1907.054944 7391 1100 1100 1100 1100 73 46 0 73 52 0 73 42 0 73 44 0 5734 950000 4750 642804 996250 639432
 1907.254932 7392 1100 1100 1100 1100 73 46 0 73 52 0 73 42 0 73 44 0 5734 950000 4750 642804 996250 639432
 1907.454907 7393 1100 1100 1100 1100 73 46 0 73 52 0 73 42 0 73 44 0 5734 950000 4750 643078 996250 640428
 1907.654932 7394 1100 1100 1100 1100 73 46 0 73 52 0 73 42 0 73 44 0 5734 950000 4750 642256 996250 639432
 1907.854931 7395 1100 1100 1100 1100 73 46 0 73 52 0 73 42 0 73 44 0 5978 950000 4750 643626 996250 640428
 1908.054944 7396 1100 1100 1100 1100 73 46 0 73 52 0 73 42 0 73 44 0 5978 950000 4750 643626 996250 640428
 1908.254932 7397 1100 1100 1100 1100 73 46 0 73 52 0 73 42 0 73 44 0 5734 950000 4750 645544 996250 642420
 1908.454932 7398 1100 1100 1100 1100 73 46 0 73 52 0 73 42 0 73 44 0 5734 950000 4750 645544 996250 642420
 1908.654927 7399 1100 1100 1100 1100 73 46 0 73 52 0 73 42 0 73 44 0 5734 950000 4750 644448 996250 641424
 1908.854933 7400 1100 1100 1100 1100 73 46 0 73 52 0 73 42 0 73 44 0 5734 950000 4750 644448 996250 641424
 1909.054944 7401 1100 1100 1100 1100 73 46 0 73 52 0 73 42 0 73 44 0 5734 950000 4750 645270 996250 642420
 1909.254932 7402 1100 1100 1100 1100 73 46 0 73 52 0 73 42 0 73 44 0 5978 950000 4750 643352 996250 640428
 1909.454932 7403 1100 1100 1100 1100 73 46 0 73 52 0 73 42 0 73 44 0 5734 950000 4750 643352 996250 640428
 1909.654914 7404 1100 1100 1100 1100 73 46 0 73 52 0 73 42 0 73 44 0 5734 950000 4750 643352 996250 640428
 1909.854932 7405 1100 1100 1100 1100 73 46 0 73 52 0 73 42 0 73 44 0 5978 950000 4750 643626 996250 640428
 1910.054945 7406 1100 1100 1100 1100 73 46 0 73 52 0 73 42 0 73 44 0 5734 950000 4750 643900 996250 640428
 1910.254933 7407 1100 1100 1100 1100 73 46 0 73 52 0 73 42 0 73 44 0 5978 950000 4750 644174 996250 641424
 1910.454907 7408 1100 1100 1100 1100 73 46 0 73 52 0 73 42 0 73 44 0 5734 950000 4750 643900 996250 640428
 1910.654932 7409 1100 1100 1100 1100 73 46 0 73 52 0 73 42 0 73 44 0 5734 950000 4750 643900 996250 640428
 1910.854931 7410 1100 1100 1100 1100 73 46 0 73 52 0 73 42 0 73 44 0 5734 950000 4750 644722 996250 641424
 1911.054938 7411 1100 1100 1100 1100 73 46 0 73 52 0 73 42 0 73 44 0 5734 950000 4750 643078 996250 640428
 1911.254932 7412 1100 1100 1100 1100 73 46 0 73 52 0 73 42 0 73 44 0 5734 950000 4750 643626 996250 640428
 1911.454931 7413 1100 1100 1100 1100 73 46 0 73 52 0 73 42 0 73 44 0 5734 950000 4750 643626 996250 640428
 1911.654931 7414 1100 1100 1100 1100 73 46 0 73 52 0 73 42 0 73 44 0 5734 950000 4750 642804 996250 639432
 1911.854932 7415 1100 1100 1100 1100 73 46 0 73 52 0 73 42 0 73 44 0 5978 950000 4750 643900 996250 640428
 1912.054943 7416 1100 1100 1100 1100 73 46 0 73 52 0 73 42 0 73 44 0 5978 950000 4750 643900 996250 640428
 1912.254931 7417 1100 1100 1100 1100 73 46 0 73 52 0 73 42 0 73 44 0 5978 950000 4750 643900 996250 640428
 1912.454931 7418 1100 1100 1100 1100 73 46 0 73 52 0 73 42 0 73 44 0 5734 950000 4750 644174 996250 641424
 1912.654932 7419 1100 1100 1100 1100 73 46 0 73 52 0 73 42 0 73 44 0 5734 950000 4750 644174 996250 641424
 1912.854932 7420 1100 1100 1100 1100 73 46 0 73 52 0 73 42 0 73 44 0 5978 950000 4750 643626 996250 640428
 1913.054945 7421 1100 1100 1100 1100 73 46 0 73 52 0 73 42 0 73 44 0 5978 950000 4750 643626 996250 640428
 1913.254932 7422 1100 1100 1100 1100 73 46 0 73 52 0 73 42 0 73 44 0 5734 950000 4750 643078 996250 640428
 1913.454903 7423 1100 1100 1100 1100 73 46 0 73 52 0 73 42 0 73 44 0 5978 950000 4750 643352 996250 640428
 1913.654932 7424 1100 1100 1100 1100 73 46 0 73 52 0 73 42 0 73 44 0 5734 950000 4750 643626 996250 640428
 1913.854932 7425 1100 1100 1100 1100 73 46 0 73 52 0 73 42 0 73 44 0 5734 950000 4750 643626 996250 640428
 1914.054944 7426 1100 1100 1100 1100 73 46 0 73 52 0 73 42 0 73 44 0 5978 950000 4750 644722 996250 641424
 1914.254932 7427 1100 1100 1100 1100 73 46 0 73 52 0 73 42 0 73 44 0 5978 950000 4750 644174 996250 641424
 1914.454933 7428 1100 1100 1100 1100 73 46 0 73 52 0 73 42 0 73 44 0 5734 950000 4750 644174 996250 641424
 1914.654931 7429 1100 1100 1100 1100 73 46 0 73 52 0 73 42 0 73 44 0 5734 950000 4750 644174 996250 641424
 1914.854932 7430 1100 1100 1100 1100 73 46 0 73 52 0 73 42 0 73 44 0 5734 950000 4750 643078 996250 640428
 1915.054944 7431 1100 1100 1100 1100 73 46 0 73 52 0 73 42 0 73 44 0 5734 950000 4750 643626 996250 640428
 1915.254932 7432 1100 1100 1100 1100 73 46 0 73 52 0 73 42 0 73 44 0 5734 950000 4750 644174 996250 641424
 1915.454932 7433 1100 1100 1100 1100 73 46 0 73 52 0 73 42 0 73 44 0 5734 950000 4750 644174 996250 641424
 1915.654932 7434 1100 1100 1100 1100 73 46 0 73 52 0 73 42 0 73 44 0 5734 950000 4750 644174 996250 641424
 1915.854927 7435 1100 1100 1100 1100 73 46 0 73 52 0 73 42 0 73 44 0 5734 950000 4750 645270 996250 642420
 1916.054944 7436 1100 1100 1100 1100 73 46 0 73 52 0 73 42 0 73 44 0 5734 950000 4750 644996 996250 641424
 1916.254909 7437 1100 1100 1100 1100 73 46 0 73 52 0 73 42 0 73 44 0 5734 950000 4750 644722 996250 641424
 1916.454907 7438 1100 1100 1100 1100 73 46 0 73 52 0 73 42 0 73 44 0 5734 950000 4750 644722 996250 641424
 1916.654933 7439 1100 1100 1100 1100 73 46 0 73 52 0 73 42 0 73 44 0 5978 950000 4750 644174 996250 641424
 1916.854932 7440 1100 1100 1100 1100 73 46 0 73 52 0 73 42 0 73 44 0 5734 950000 4750 644996 996250 641424
 1917.054943 7441 1100 1100 1100 1100 73 46 0 73 52 0 73 42 0 73 44 0 5978 950000 4750 643352 996250 640428
 1917.254932 7442 1100 1100 1100 1100 73 46 0 73 52 0 73 42 0 73 44 0 5978 950000 4750 643352 996250 640428
 1917.454932 7443 1100 1100 1100 1100 73 46 0 73 52 0 73 42 0 73 44 0 5734 950000 4750 643900 996250 640428
 1917.654932 7444 1100 1100 1100 1100 73 46 0 73 52 0 73 42 0 73 44 0 5734 950000 4750 645818 996250 642420
 1917.854931 7445 1100 1100 1100 1100 73 46 0 73 52 0 73 42 0 73 44 0 5734 950000 4750 645270 996250 642420
 1918.054944 7446 1100 1100 1100 1100 73 46 0 73 52 0 73 42 0 73 44 0 5734 950000 4750 645270 996250 642420
 1918.254928 7447 1100 1100 1100 1100 73 46 0 73 52 0 73 42 0 73 44 0 5734 950000 4750 644996 996250 641424
 1918.454931 7448 1100 1100 1100 1100 73 46 0 73 52 0 73 42 0 73 44 0 5978 950000 4750 645270 996250 642420
 1918.654934 7449 1100 1100 1100 1100 73 46 0 73 52 0 73 42 0 73 44 0 5978 950000 4750 643352 996250 640428
 1918.854933 7450 1100 1100 1100 1100 73 46 0 73 52 0 73 42 0 73 44 0 5978 950000 4750 643352 996250 640428
 1919.055004 7451 1100 1100 1100 1100 73 46 0 73 52 0 73 42 0 73 44 0 5734 950000 4750 643078 996250 640428
 1919.254938 7452 1100 1100 1100 1100 73 46 0 73 52 0 73 42 0 73 44 0 5734 950000 4750 645544 996250 642420
 1919.454907 7453 1100 1100 1100 1100 74 46 0 74 52 0 74 42 0 74 44 0 5734 950000 4750 643078 996250 640428
 1919.654933 7454 1100 1100 1100 1100 74 46 0 74 52 0 74 42 0 74 44 0 5734 950000 4750 643078 996250 640428
 1919.854931 7455 1100 1100 1100 1100 74 46 0 74 52 0 74 42 0 74 44 0 5978 950000 4750 645270 996250 642420
 1920.054944 7456 1100 1100 1100 1100 73 46 0 73 52 0 73 42 0 73 44 0 5978 950000 4750 644174 996250 641424
 1920.254932 7457 1100 1100 1100 1100 73 46 0 73 52 0 73 42 0 73 44 0 5734 950000 4750 644174 996250 641424
 1920.454932 7458 1100 1100 1100 1100 73 46 0 73 52 0 73 42 0 73 44 0 5734 950000 4750 644174 996250 641424
 1920.654927 7459 1100 1100 1100 1100 73 46 0 73 52 0 73 42 0 73 44 0 5734 950000 4750 642804 996250 639432
 1920.854931 7460 1100 1100 1100 1100 73 46 0 73 52 0 73 42 0 73 44 0 5978 950000 4750 642804 996250 639432
 1921.054944 7461 1100 1100 1100 1100 73 46 0 73 52 0 73 42 0 73 44 0 5734 950000 4750 643352 996250 640428
 1921.254931 7462 1100 1100 1100 1100 73 46 0 73 52 0 73 42 0 73 44 0 5734 950000 4750 643352 996250 640428
 1921.454931 7463 1100 1100 1100 1100 73 46 0 73 52 0 73 42 0 73 44 0 5734 950000 4750 643078 996250 640428
 1921.654932 7464 1100 1100 1100 1100 73 46 0 73 52 0 73 42 0 73 44 0 5734 950000 4750 644722 996250 641424
 1921.854933 7465 1100 1100 1100 1100 73 46 0 73 52 0 73 42 0 73 44 0 5978 950000 4750 644996 996250 641424
 1922.054928 7466 1100 1100 1100 1100 74 46 0 74 52 0 74 42 0 74 44 0 5978 950000 4750 644996 996250 641424
 1922.254931 7467 1100 1100 1100 1100 74 46 0 74 52 0 74 42 0 74 44 0 5734 950000 4750 645270 996250 642420
 1922.454907 7468 1100 1100 1100 1100 74 46 0 74 52 0 74 42 0 74 44 0 5978 950000 4750 643352 996250 640428
 1922.654932 7469 1100 1100 1100 1100 74 46 0 74 52 0 74 42 0 74 44 0 5978 950000 4750 644174 996250 641424
 1922.854902 7470 1100 1100 1100 1100 74 46 0 74 52 0 74 42 0 74 44 0 5734 950000 4750 643900 996250 640428
 1923.054944 7471 1100 1100 1100 1100 74 46 0 74 52 0 74 42 0 74 44 0 5734 950000 4750 643900 996250 640428
 1923.254931 7472 1100 1100 1100 1100 74 46 0 74 52 0 74 42 0 74 44 0 5734 950000 4750 643078 996250 640428
 1923.454931 7473 1100 1100 1100 1100 74 46 0 74 52 0 74 42 0 74 44 0 5978 950000 4750 644448 996250 641424
 1923.654931 7474 1100 1100 1100 1100 74 46 0 74 52 0 74 42 0 74 44 0 5734 950000 4750 645270 996250 642420
 1923.854932 7475 1100 1100 1100 1100 74 46 0 74 52 0 74 42 0 74 44 0 5734 950000 4750 645270 996250 642420
 1924.054943 7476 1100 1100 1100 1100 74 46 0 74 52 0 74 42 0 74 44 0 5734 950000 4750 644174 996250 641424
 1924.254932 7477 1100 1100 1100 1100 74 46 0 74 52 0 74 42 0 74 44 0 5734 950000 4750 644722 996250 641424
 1924.454931 7478 1100 1100 1100 1100 74 46 0 74 52 0 74 42 0 74 44 0 5734 950000 4750 643078 996250 640428
 1924.654932 7479 1100 1100 1100 1100 74 46 0 74 52 0 74 42 0 74 44 0 5734 950000 4750 643078 996250 640428
 1924.854931 7480 1100 1100 1100 1100 74 46 0 74 52 0 74 42 0 74 44 0 5978 950000 4750 644174 996250 641424
 1925.054944 7481 1100 1100 1100 1100 73 46 0 73 52 0 73 42 0 73 44 0 5978 950000 4750 643626 996250 640428
 1925.254925 7482 1100 1100 1100 1100 73 46 0 73 52 0 73 42 0 73 44 0 5734 950000 4750 645270 996250 642420
 1925.454907 7483 1100 1100 1100 1100 74 46 0 74 52 0 74 42 0 74 44 0 5734 950000 4750 645270 996250 642420
 1925.654932 7484 1100 1100 1100 1100 74 46 0 74 52 0 74 42 0 74 44 0 5978 950000 4750 647188 996250 644412
 1925.854932 7485 1100 1100 1100 1100 74 46 0 74 52 0 74 42 0 74 44 0 5734 950000 4750 644996 996250 641424
 1926.054944 7486 1100 1100 1100 1100 74 46 0 74 52 0 74 42 0 74 44 0 5734 950000 4750 644996 996250 641424
 1926.254931 7487 1100 1100 1100 1100 74 46 0 74 52 0 74 42 0 74 44 0 5734 950000 4750 644996 996250 641424
 1926.454931 7488 1100 1100 1100 1100 74 46 0 74 52 0 74 42 0 74 44 0 5734 950000 4750 644448 996250 641424
 1926.654932 7489 1100 1100 1100 1100 74 46 0 74 52 0 74 42 0 74 44 0 5734 950000 4750 643626 996250 640428
 1926.854931 7490 1100 1100 1100 1100 74 46 0 74 52 0 74 42 0 74 44 0 5978 950000 4750 642804 996250 639432
 1927.054946 7491 1100 1100 1100 1100 74 46 0 74 52 0 74 42 0 74 44 0 5978 950000 4750 642804 996250 639432
 1927.254931 7492 1100 1100 1100 1100 74 46 0 74 52 0 74 42 0 74 44 0 5734 950000 4750 644996 996250 641424
 1927.454931 7493 1100 1100 1100 1100 74 46 0 74 52 0 74 42 0 74 44 0 5734 950000 4750 646092 996250 643416
 1927.654926 7494 1100 1100 1100 1100 74 46 0 74 52 0 74 42 0 74 44 0 5978 950000 4750 644996 996250 641424
 1927.854932 7495 1100 1100 1100 1100 74 46 0 74 52 0 74 42 0 74 44 0 5978 950000 4750 644996 996250 641424
 1928.054944 7496 1100 1100 1100 1100 74 46 0 74 52 0 74 42 0 74 44 0 5734 950000 4750 645270 996250 642420
 1928.254932 7497 1100 1100 1100 1100 74 46 0 74 52 0 74 42 0 74 44 0 5734 950000 4750 644448 996250 641424
 1928.454907 7498 1100 1100 1100 1100 74 46 0 74 52 0 74 42 0 74 44 0 5734 950000 4750 644722 996250 641424
 1928.655443 7499 1100 1100 1100 1100 74 46 0 74 52 0 74 42 0 74 44 0 5734 950000 4750 643900 996250 640428
 1928.854931 7500 1100 1100 1100 1100 74 46 0 74 52 0 74 42 0 74 44 0 5734 950000 4750 643900 996250 640428
 1929.054944 7501 1100 1100 1100 1100 74 46 0 74 52 0 74 42 0 74 44 0 5734 950000 4750 644448 996250 641424
 1929.254932 7502 1100 1100 1100 1100 74 46 0 74 52 0 74 42 0 74 44 0 5734 950000 4750 644174 996250 641424
 1929.454931 7503 1100 1100 1100 1100 74 46 0 74 52 0 74 42 0 74 44 0 5734 950000 4750 644174 996250 641424
 1929.654932 7504 1100 1100 1100 1100 74 46 0 74 52 0 74 42 0 74 44 0 5734 950000 4750 644174 996250 641424
 1929.854931 7505 1100 1100 1100 1100 74 46 0 74 52 0 74 42 0 74 44 0 5978 950000 4750 641708 996250 638436
 1930.054939 7506 1100 1100 1100 1100 74 46 0 74 52 0 74 42 0 74 44 0 5978 950000 4750 643352 996250 640428
 1930.254931 7507 1100 1100 1100 1100 74 46 0 74 52 0 74 42 0 74 44 0 5978 950000 4750 643352 996250 640428
 1930.454933 7508 1100 1100 1100 1100 74 46 0 74 52 0 74 42 0 74 44 0 5978 950000 4750 643352 996250 640428
 1930.654933 7509 1100 1100 1100 1100 74 46 0 74 52 0 74 42 0 74 44 0 5734 950000 4750 643626 996250 640428
 1930.854931 7510 1100 1100 1100 1100 74 46 0 74 52 0 74 42 0 74 44 0 5734 950000 4750 643352 996250 640428
 1931.054926 7511 1100 1100 1100 1100 74 46 0 74 52 0 74 42 0 74 44 0 5978 950000 4750 646640 996250 643416
 1931.254933 7512 1100 1100 1100 1100 74 46 0 74 52 0 74 42 0 74 44 0 5978 950000 4750 646640 996250 643416
 1931.454906 7513 1100 1100 1100 1100 74 46 0 74 52 0 74 42 0 74 44 0 5734 950000 4750 644722 996250 641424
 1931.654931 7514 1100 1100 1100 1100 74 46 0 74 52 0 74 42 0 74 44 0 5978 950000 4750 644996 996250 641424
 1931.854932 7515 1100 1100 1100 1100 74 46 0 74 52 0 74 42 0 74 44 0 5734 950000 4750 644722 996250 641424
 1932.054945 7516 1100 1100 1100 1100 74 46 0 74 52 0 74 42 0 74 44 0 5734 950000 4750 644722 996250 641424
 1932.254931 7517 1100 1100 1100 1100 74 46 0 74 52 0 74 42 0 74 44 0 5978 950000 4750 644174 996250 641424
 1932.454928 7518 1100 1100 1100 1100 74 46 0 74 52 0 74 42 0 74 44 0 5734 950000 4750 644174 996250 641424
 1932.654933 7519 1100 1100 1100 1100 74 46 0 74 52 0 74 42 0 74 44 0 5734 950000 4750 643626 996250 640428
 1932.854932 7520 1100 1100 1100 1100 74 46 0 74 52 0 74 42 0 74 44 0 5734 950000 4750 643626 996250 640428
 1933.054944 7521 1100 1100 1100 1100 74 46 0 74 52 0 74 42 0 74 44 0 5978 950000 4750 644996 996250 641424
 1933.254931 7522 1100 1100 1100 1100 74 46 0 74 52 0 74 42 0 74 44 0 5734 950000 4750 644722 996250 641424
 1933.454926 7523 1100 1100 1100 1100 74 46 0 74 52 0 74 42 0 74 44 0 5978 950000 4750 644722 996250 641424
 1933.654933 7524 1100 1100 1100 1100 74 46 0 74 52 0 74 42 0 74 44 0 5978 950000 4750 644722 996250 641424
 1933.854933 7525 1100 1100 1100 1100 74 46 0 74 52 0 74 42 0 74 44 0 5734 950000 4750 644174 996250 641424
 1934.054944 7526 1100 1100 1100 1100 74 46 0 74 52 0 74 42 0 74 44 0 5978 950000 4750 643352 996250 640428
 1934.254933 7527 1100 1100 1100 1100 74 46 0 74 52 0 74 42 0 74 44 0 5978 950000 4750 643900 996250 640428
 1934.454907 7528 1100 1100 1100 1100 74 46 0 74 52 0 74 42 0 74 44 0 5978 950000 4750 643900 996250 640428
 1934.654932 7529 1100 1100 1100 1100 74 46 0 74 52 0 74 42 0 74 44 0 5978 950000 4750 644722 996250 641424
 1934.854932 7530 1100 1100 1100 1100 74 46 0 74 52 0 74 42 0 74 44 0 5734 950000 4750 646914 996250 643416
 1935.054944 7531 1100 1100 1100 1100 74 46 0 74 52 0 74 42 0 74 44 0 5978 950000 4750 646092 996250 643416
 1935.254908 7532 1100 1100 1100 1100 74 46 0 74 52 0 74 42 0 74 44 0 5978 950000 4750 646366 996250 643416
 1935.454934 7533 1100 1100 1100 1100 74 46 0 74 52 0 74 42 0 74 44 0 5978 950000 4750 646366 996250 643416
 1935.654931 7534 1100 1100 1100 1100 74 46 0 74 52 0 74 42 0 74 44 0 5734 950000 4750 645818 996250 642420
 1935.854927 7535 1100 1100 1100 1100 74 46 0 74 52 0 74 42 0 74 44 0 5978 950000 4750 644174 996250 641424
 1936.054943 7536 1100 1100 1100 1100 74 46 0 74 52 0 74 42 0 74 44 0 5734 950000 4750 644174 996250 641424
 1936.254931 7537 1100 1100 1100 1100 74 46 0 74 52 0 74 42 0 74 44 0 5734 950000 4750 644174 996250 641424
 1936.454932 7538 1100 1100 1100 1100 74 46 0 74 52 0 74 42 0 74 44 0 5978 950000 4750 644174 996250 641424
 1936.654932 7539 1100 1100 1100 1100 74 46 0 74 52 0 74 42 0 74 44 0 5978 950000 4750 646092 996250 643416
 1936.854931 7540 1100 1100 1100 1100 74 46 0 74 52 0 74 42 0 74 44 0 5978 950000 4750 646914 996250 643416
 1937.054944 7541 1100 1100 1100 1100 74 46 0 74 52 0 74 42 0 74 44 0 5978 950000 4750 646914 996250 643416
 1937.254932 7542 1100 1100 1100 1100 74 46 0 74 52 0 74 42 0 74 44 0 5978 950000 4750 646092 996250 643416
 1937.454906 7543 1100 1100 1100 1100 74 46 0 74 52 0 74 42 0 74 44 0 5978 950000 4750 645818 996250 642420
 1937.654931 7544 1100 1100 1100 1100 74 46 0 74 52 0 74 42 0 74 44 0 5734 950000 4750 644722 996250 641424
 1937.854931 7545 1100 1100 1100 1100 74 46 0 74 52 0 74 42 0 74 44 0 5734 950000 4750 644722 996250 641424
 1938.054944 7546 1100 1100 1100 1100 74 46 0 74 52 0 74 42 0 74 44 0 5734 950000 4750 644448 996250 641424
 1938.254927 7547 1100 1100 1100 1100 74 46 0 74 52 0 74 42 0 74 44 0 5978 950000 4750 643900 996250 640428
 1938.454931 7548 1100 1100 1100 1100 74 46 0 74 52 0 74 42 0 74 44 0 5978 950000 4750 644174 996250 641424
 1938.654933 7549 1100 1100 1100 1100 74 46 0 74 52 0 74 42 0 74 44 0 5978 950000 4750 644174 996250 641424
 1938.854931 7550 1100 1100 1100 1100 74 46 0 74 52 0 74 42 0 74 44 0 5978 950000 4750 645544 996250 642420
 1939.054944 7551 1100 1100 1100 1100 74 46 0 74 52 0 74 42 0 74 44 0 5734 950000 4750 646914 996250 643416
 1939.254932 7552 1100 1100 1100 1100 74 46 0 74 52 0 74 42 0 74 44 0 5734 950000 4750 646092 996250 643416
 1939.454934 7553 1100 1100 1100 1100 74 46 0 74 52 0 74 42 0 74 44 0 5734 950000 4750 646092 996250 643416
 1939.654933 7554 1100 1100 1100 1100 74 46 0 74 52 0 74 42 0 74 44 0 5734 950000 4750 642804 996250 639432
 1939.854932 7555 1100 1100 1100 1100 74 46 0 74 52 0 74 42 0 74 44 0 5978 950000 4750 644174 996250 641424
 1940.054945 7556 1100 1100 1100 1100 74 46 0 74 52 0 74 42 0 74 44 0 5734 950000 4750 644174 996250 641424
 1940.254932 7557 1100 1100 1100 1100 74 46 0 74 52 0 74 42 0 74 44 0 5734 950000 4750 644174 996250 641424
 1940.454907 7558 1100 1100 1100 1100 74 46 0 74 52 0 74 42 0 74 44 0 5978 950000 4750 643900 996250 640428
 1940.654927 7559 1100 1100 1100 1100 74 46 0 74 52 0 74 42 0 74 44 0 5978 950000 4750 644722 996250 641424
 1940.854931 7560 1100 1100 1100 1100 74 46 0 74 52 0 74 42 0 74 44 0 5978 950000 4750 646914 996250 643416
 1941.054926 7561 1100 1100 1100 1100 74 46 0 74 52 0 74 42 0 74 44 0 5978 950000 4750 646914 996250 643416
 1941.254933 7562 1100 1100 1100 1100 74 46 0 74 52 0 74 42 0 74 44 0 5978 950000 4750 645270 996250 642420
 1941.454932 7563 1100 1100 1100 1100 74 46 0 74 52 0 74 42 0 74 44 0 5978 950000 4750 644996 996250 641424
 1941.654932 7564 1100 1100 1100 1100 74 46 0 74 52 0 74 42 0 74 44 0 5978 950000 4750 644448 996250 641424
 1941.854932 7565 1100 1100 1100 1100 74 46 0 74 52 0 74 42 0 74 44 0 5978 950000 4750 644174 996250 641424
 1942.054944 7566 1100 1100 1100 1100 74 46 0 74 52 0 74 42 0 74 44 0 5978 950000 4750 644174 996250 641424
 1942.254931 7567 1100 1100 1100 1100 74 46 0 74 52 0 74 42 0 74 44 0 5734 950000 4750 644174 996250 641424
 1942.454931 7568 1100 1100 1100 1100 74 46 0 74 52 0 74 42 0 74 44 0 5734 950000 4750 645818 996250 642420
 1942.654931 7569 1100 1100 1100 1100 74 46 0 74 52 0 74 42 0 74 44 0 5978 950000 4750 644722 996250 641424
 1942.854932 7570 1100 1100 1100 1100 74 46 0 74 52 0 74 42 0 74 44 0 5978 950000 4750 644722 996250 641424
 1943.054940 7571 1100 1100 1100 1100 74 46 0 74 52 0 74 42 0 74 44 0 5734 950000 4750 644722 996250 641424
 1943.254931 7572 1100 1100 1100 1100 74 46 0 74 52 0 74 42 0 74 44 0 5734 950000 4750 644722 996250 641424
 1943.454907 7573 1100 1100 1100 1100 74 46 0 74 52 0 74 42 0 74 44 0 5978 950000 4750 644722 996250 641424
 1943.654931 7574 1100 1100 1100 1100 74 46 0 74 52 0 74 42 0 74 44 0 5978 950000 4750 644722 996250 641424
 1943.854932 7575 1100 1100 1100 1100 74 46 0 74 52 0 74 42 0 74 44 0 5734 950000 4750 645818 996250 642420
 1944.054944 7576 1100 1100 1100 1100 74 46 0 74 52 0 74 42 0 74 44 0 5978 950000 4750 644448 996250 641424
 1944.254932 7577 1100 1100 1100 1100 74 46 0 74 52 0 74 42 0 74 44 0 5978 950000 4750 646366 996250 643416
 1944.454933 7578 1100 1100 1100 1100 74 46 0 74 52 0 74 42 0 74 44 0 5978 950000 4750 646366 996250 643416
 1944.654932 7579 1100 1100 1100 1100 74 46 0 74 52 0 74 42 0 74 44 0 5978 950000 4750 645544 996250 642420
 1944.854931 7580 1100 1100 1100 1100 74 46 0 74 52 0 74 42 0 74 44 0 5978 950000 4750 645818 996250 642420
 1945.054944 7581 1100 1100 1100 1100 74 46 0 74 52 0 74 42 0 74 44 0 5734 950000 4750 645544 996250 642420
 1945.254932 7582 1100 1100 1100 1100 74 46 0 74 52 0 74 42 0 74 44 0 5734 950000 4750 645544 996250 642420
 1945.454927 7583 1100 1100 1100 1100 74 46 0 74 52 0 74 42 0 74 44 0 5978 950000 4750 644174 996250 641424
 1945.654933 7584 1100 1100 1100 1100 74 46 0 74 52 0 74 42 0 74 44 0 5978 950000 4750 644174 996250 641424
 1945.854932 7585 1100 1100 1100 1100 74 46 0 74 52 0 74 42 0 74 44 0 5978 950000 4750 644448 996250 641424
 1946.054944 7586 1100 1100 1100 1100 74 46 0 74 52 0 74 42 0 74 44 0 5978 950000 4750 644448 996250 641424
 1946.254932 7587 1100 1100 1100 1100 74 46 0 74 52 0 74 42 0 74 44 0 5978 950000 4750 646092 996250 643416
 1946.454907 7588 1100 1100 1100 1100 74 46 0 74 52 0 74 42 0 74 44 0 5978 950000 4750 646640 996250 643416
 1946.654931 7589 1100 1100 1100 1100 74 46 0 74 52 0 74 42 0 74 44 0 5978 950000 4750 646640 996250 643416
 1946.854933 7590 1100 1100 1100 1100 74 46 0 74 52 0 74 42 0 74 44 0 5978 950000 4750 646640 996250 643416
 1947.054944 7591 1100 1100 1100 1100 74 46 0 74 52 0 74 42 0 74 44 0 5734 950000 4750 646366 996250 643416
 1947.254932 7592 1100 1100 1100 1100 74 46 0 74 52 0 74 42 0 74 44 0 5978 950000 4750 643626 996250 640428
 1947.454932 7593 1100 1100 1100 1100 74 46 0 74 52 0 74 42 0 74 44 0 5734 950000 4750 644448 996250 641424
 1947.655125 7594 1100 1100 1100 1100 74 46 0 74 52 0 74 42 0 74 44 0 5978 950000 4750 643352 996250 640428
 1947.854931 7595 1100 1100 1100 1100 74 46 0 74 52 0 74 42 0 74 44 0 5978 950000 4750 643352 996250 640428
 1948.054943 7596 1100 1100 1100 1100 74 46 0 74 52 0 74 42 0 74 44 0 5734 950000 4750 644174 996250 641424
 1948.254932 7597 1100 1100 1100 1100 74 46 0 74 52 0 74 42 0 74 44 0 5734 950000 4750 645270 996250 642420
 1948.454931 7598 1100 1100 1100 1100 74 46 0 74 52 0 74 42 0 74 44 0 5734 950000 4750 644996 996250 641424
 1948.654931 7599 1100 1100 1100 1100 74 46 0 74 52 0 74 42 0 74 44 0 5734 950000 4750 644996 996250 641424
 1948.854931 7600 1100 1100 1100 1100 74 46 0 74 52 0 74 42 0 74 44 0 5978 950000 4750 646914 996250 643416
 1949.054944 7601 1100 1100 1100 1100 74 46 0 74 52 0 74 42 0 74 44 0 5978 950000 4750 644448 996250 641424
 1949.254931 7602 1100 1100 1100 1100 74 46 0 74 52 0 74 42 0 74 44 0 5734 950000 4750 644174 996250 641424
 1949.454906 7603 1100 1100 1100 1100 74 46 0 74 52 0 74 42 0 74 44 0 5734 950000 4750 644174 996250 641424
 1949.654931 7604 1100 1100 1100 1100 74 46 0 74 52 0 74 42 0 74 44 0 5978 950000 4750 643900 996250 640428
 1949.854931 7605 1100 1100 1100 1100 74 46 0 74 52 0 74 42 0 74 44 0 5734 950000 4750 645270 996250 642420
 1950.054927 7606 1100 1100 1100 1100 74 46 0 74 52 0 74 42 0 74 44 0 5978 950000 4750 645818 996250 642420
 1950.254932 7607 1100 1100 1100 1100 74 46 0 74 52 0 74 42 0 74 44 0 5978 950000 4750 645818 996250 642420
 1950.454932 7608 1100 1100 1100 1100 74 46 0 74 52 0 74 42 0 74 44 0 5734 950000 4750 645544 996250 642420
 1950.654932 7609 1100 1100 1100 1100 74 46 0 74 52 0 74 42 0 74 44 0 5734 950000 4750 645544 996250 642420
 1950.854932 7610 1100 1100 1100 1100 74 46 0 74 52 0 74 42 0 74 44 0 5978 950000 4750 644722 996250 641424
 1951.054945 7611 1100 1100 1100 1100 74 46 0 74 52 0 74 42 0 74 44 0 5978 950000 4750 644722 996250 641424
 1951.254932 7612 1100 1100 1100 1100 74 46 0 74 52 0 74 42 0 74 44 0 5734 950000 4750 644448 996250 641424
 1951.454931 7613 1100 1100 1100 1100 74 46 0 74 52 0 74 42 0 74 44 0 5734 950000 4750 644174 996250 641424
 1951.654932 7614 1100 1100 1100 1100 74 46 0 74 52 0 74 42 0 74 44 0 5978 950000 4750 644174 996250 641424
 1951.854932 7615 1100 1100 1100 1100 74 46 0 74 52 0 74 42 0 74 44 0 5978 950000 4750 644174 996250 641424
 1952.054944 7616 1100 1100 1100 1100 74 46 0 74 52 0 74 42 0 74 44 0 5734 950000 4750 644722 996250 641424
 1952.254932 7617 1100 1100 1100 1100 74 46 0 74 52 0 74 42 0 74 44 0 5734 950000 4750 645270 996250 642420
 1952.454902 7618 1100 1100 1100 1100 74 46 0 74 52 0 74 42 0 74 44 0 5978 950000 4750 646366 996250 643416
 1952.654933 7619 1100 1100 1100 1100 74 46 0 74 52 0 74 42 0 74 44 0 5978 950000 4750 646366 996250 643416
 1952.854932 7620 1100 1100 1100 1100 74 46 0 74 52 0 74 42 0 74 44 0 5734 950000 4750 646914 996250 643416
 1953.054944 7621 1100 1100 1100 1100 74 46 0 74 52 0 74 42 0 74 44 0 5734 950000 4750 644722 996250 641424
 1953.254932 7622 1100 1100 1100 1100 74 46 0 74 52 0 74 42 0 74 44 0 5734 950000 4750 644448 996250 641424
 1953.454932 7623 1100 1100 1100 1100 74 46 0 74 52 0 74 42 0 74 44 0 5734 950000 4750 644448 996250 641424
 1953.654932 7624 1100 1100 1100 1100 74 46 0 74 52 0 74 42 0 74 44 0 5978 950000 4750 643626 996250 640428
 1953.854931 7625 1100 1100 1100 1100 74 46 0 74 52 0 74 42 0 74 44 0 5734 950000 4750 645818 996250 642420
 1954.054943 7626 1100 1100 1100 1100 74 46 0 74 52 0 74 42 0 74 44 0 5734 950000 4750 645270 996250 642420
 1954.254910 7627 1100 1100 1100 1100 74 46 0 74 52 0 74 42 0 74 44 0 5978 950000 4750 645544 996250 642420
 1954.454932 7628 1100 1100 1100 1100 74 46 0 74 52 0 74 42 0 74 44 0 5978 950000 4750 645544 996250 642420
 1954.654931 7629 1100 1100 1100 1100 74 46 0 74 52 0 74 42 0 74 44 0 5978 950000 4750 645818 996250 642420
 1954.854926 7630 1100 1100 1100 1100 74 46 0 74 52 0 74 42 0 74 44 0 5978 950000 4750 644174 996250 641424
 1955.054944 7631 1100 1100 1100 1100 74 46 0 74 52 0 74 42 0 74 44 0 5734 950000 4750 644174 996250 641424
 1955.254932 7632 1100 1100 1100 1100 74 46 0 74 52 0 74 42 0 74 44 0 5734 950000 4750 644174 996250 641424
 1955.454906 7633 1100 1100 1100 1100 74 46 0 74 52 0 74 42 0 74 44 0 5734 950000 4750 644996 996250 641424
 1955.654931 7634 1100 1100 1100 1100 74 46 0 74 52 0 74 42 0 74 44 0 5978 950000 4750 645818 996250 642420
 1955.854932 7635 1100 1100 1100 1100 74 46 0 74 52 0 74 42 0 74 44 0 5978 950000 4750 646366 996250 643416
 1956.054944 7636 1100 1100 1100 1100 74 46 0 74 52 0 74 42 0 74 44 0 5978 950000 4750 646366 996250 643416
 1956.254932 7637 1100 1100 1100 1100 74 46 0 74 52 0 74 42 0 74 44 0 5734 950000 4750 646366 996250 643416
 1956.454932 7638 1100 1100 1100 1100 74 46 0 74 52 0 74 42 0 74 44 0 5978 950000 4750 646366 996250 643416
 1956.654932 7639 1100 1100 1100 1100 74 46 0 74 52 0 74 42 0 74 44 0 5734 950000 4750 645270 996250 642420
 1956.854932 7640 1100 1100 1100 1100 74 46 0 74 52 0 74 42 0 74 44 0 5734 950000 4750 645270 996250 642420
 1957.054945 7641 1100 1100 1100 1100 74 46 0 74 52 0 74 42 0 74 44 0 5734 950000 4750 644174 996250 641424
 1957.254927 7642 1100 1100 1100 1100 74 46 0 74 52 0 74 42 0 74 44 0 5978 950000 4750 643626 996250 640428
 1957.454931 7643 1100 1100 1100 1100 74 46 0 74 52 0 74 42 0 74 44 0 5978 950000 4750 643352 996250 640428
 1957.654932 7644 1100 1100 1100 1100 74 46 0 74 52 0 74 42 0 74 44 0 5978 950000 4750 643352 996250 640428
 1957.854932 7645 1100 1100 1100 1100 74 46 0 74 52 0 74 42 0 74 44 0 5734 950000 4750 644448 996250 641424
 1958.054944 7646 1100 1100 1100 1100 74 46 0 74 52 0 74 42 0 74 44 0 5978 950000 4750 645544 996250 642420
 1958.254931 7647 1100 1100 1100 1100 74 46 0 74 52 0 74 42 0 74 44 0 5734 950000 4750 645544 996250 642420
 1958.454907 7648 1100 1100 1100 1100 74 46 0 74 52 0 74 42 0 74 44 0 5734 950000 4750 645544 996250 642420
 1958.654932 7649 1100 1100 1100 1100 74 46 0 74 52 0 74 42 0 74 44 0 5734 950000 4750 643900 996250 640428
 1958.854932 7650 1100 1100 1100 1100 74 46 0 74 52 0 74 42 0 74 44 0 5734 950000 4750 644722 996250 641424
 1959.054945 7651 1100 1100 1100 1100 74 46 0 74 52 0 74 42 0 74 44 0 5734 950000 4750 644996 996250 641424
 1959.254933 7652 1100 1100 1100 1100 74 46 0 74 52 0 74 42 0 74 44 0 5734 950000 4750 644996 996250 641424
 1959.454932 7653 1100 1100 1100 1100 74 46 0 74 52 0 74 42 0 74 44 0 5978 950000 4750 643900 996250 640428
 1959.654927 7654 1100 1100 1100 1100 74 46 0 74 52 0 74 42 0 74 44 0 5734 950000 4750 643900 996250 640428
 1959.854931 7655 1100 1100 1100 1100 74 46 0 74 52 0 74 42 0 74 44 0 5978 950000 4750 645544 996250 642420
 1960.054925 7656 1100 1100 1100 1100 74 46 0 74 52 0 74 42 0 74 44 0 5978 950000 4750 645544 996250 642420
 1960.254932 7657 1100 1100 1100 1100 74 46 0 74 52 0 74 42 0 74 44 0 5978 950000 4750 645270 996250 642420
 1960.454932 7658 1100 1100 1100 1100 74 46 0 74 52 0 74 42 0 74 44 0 5734 950000 4750 643900 996250 640428
 1960.654933 7659 1100 1100 1100 1100 74 46 0 74 52 0 74 42 0 74 44 0 5978 950000 4750 643900 996250 640428
 1960.854931 7660 1100 1100 1100 1100 74 46 0 74 52 0 74 42 0 74 44 0 5734 950000 4750 643352 996250 640428
 1961.054945 7661 1100 1100 1100 1100 74 46 0 74 52 0 74 42 0 74 44 0 5734 950000 4750 643352 996250 640428
 1961.254932 7662 1100 1100 1100 1100 74 46 0 74 52 0 74 42 0 74 44 0 5978 950000 4750 643900 996250 640428
 1961.454906 7663 1100 1100 1100 1100 74 46 0 74 52 0 74 42 0 74 44 0 5978 950000 4750 645544 996250 642420
 1961.654931 7664 1100 1100 1100 1100 74 46 0 74 52 0 74 42 0 74 44 0 5978 950000 4750 645544 996250 642420
 1961.854932 7665 1100 1100 1100 1100 74 46 0 74 52 0 74 42 0 74 44 0 5978 950000 4750 645544 996250 642420
 1962.054939 7666 1100 1100 1100 1100 74 46 0 74 52 0 74 42 0 74 44 0 5978 950000 4750 646914 996250 643416
 1962.254931 7667 1100 1100 1100 1100 74 46 0 74 52 0 74 42 0 74 44 0 5978 950000 4750 646092 996250 643416
 1962.454932 7668 1100 1100 1100 1100 74 46 0 74 52 0 74 42 0 74 44 0 5734 950000 4750 644722 996250 641424
 1962.654931 7669 1100 1100 1100 1100 74 46 0 74 52 0 74 42 0 74 44 0 5734 950000 4750 644722 996250 641424
 1962.854932 7670 1100 1100 1100 1100 74 46 0 74 52 0 74 42 0 74 44 0 5978 950000 4750 644174 996250 641424
 1963.054944 7671 1100 1100 1100 1100 74 46 0 74 52 0 74 42 0 74 44 0 5978 950000 4750 644174 996250 641424
 1963.254932 7672 1100 1100 1100 1100 74 46 0 74 52 0 74 42 0 74 44 0 5978 950000 4750 644996 996250 641424
 1963.454932 7673 1100 1100 1100 1100 74 46 0 74 52 0 74 42 0 74 44 0 5978 950000 4750 644996 996250 641424
 1963.654931 7674 1100 1100 1100 1100 74 46 0 74 52 0 74 42 0 74 44 0 5978 950000 4750 646366 996250 643416
 1963.854932 7675 1100 1100 1100 1100 74 46 0 74 52 0 74 42 0 74 44 0 5978 950000 4750 645544 996250 642420
 1964.054943 7676 1100 1100 1100 1100 74 46 0 74 52 0 74 42 0 74 44 0 5734 950000 4750 646640 996250 643416
 1964.254931 7677 1100 1100 1100 1100 74 46 0 74 52 0 74 42 0 74 44 0 5734 950000 4750 646640 996250 643416
 1964.454902 7678 1100 1100 1100 1100 74 46 0 74 52 0 74 42 0 74 44 0 5978 950000 4750 644996 996250 641424
 1964.654933 7679 1100 1100 1100 1100 74 46 0 74 52 0 74 42 0 74 44 0 5734 950000 4750 645544 996250 642420
 1964.854932 7680 1100 1100 1100 1100 74 46 0 74 52 0 74 42 0 74 44 0 5978 950000 4750 644174 996250 641424
 1965.054946 7681 1100 1100 1100 1100 74 46 0 74 52 0 74 42 0 74 44 0 5978 950000 4750 644174 996250 641424
 1965.254931 7682 1100 1100 1100 1100 74 46 0 74 52 0 74 42 0 74 44 0 5734 950000 4750 646092 996250 643416
 1965.454932 7683 1100 1100 1100 1100 74 46 0 74 52 0 74 42 0 74 44 0 5734 950000 4750 644996 996250 641424
 1965.654932 7684 1100 1100 1100 1100 74 46 0 74 52 0 74 42 0 74 44 0 5978 950000 4750 645544 996250 642420
 1965.854932 7685 1100 1100 1100 1100 74 46 0 74 52 0 74 42 0 74 44 0 5978 950000 4750 645544 996250 642420
 1966.054944 7686 1100 1100 1100 1100 74 46 0 74 52 0 74 42 0 74 44 0 5978 950000 4750 647188 996250 644412
 1966.254932 7687 1100 1100 1100 1100 74 46 0 74 52 0 74 42 0 74 44 0 5978 950000 4750 644448 996250 641424
 1966.454931 7688 1100 1100 1100 1100 74 46 0 74 52 0 74 42 0 74 44 0 5978 950000 4750 644996 996250 641424
 1966.654853 7689 1100 1100 1100 1100 74 46 0 74 52 0 74 42 0 74 44 0 5978 950000 4750 644722 996250 641424
 1966.854932 7690 1100 1100 1100 1100 74 46 0 74 52 0 74 42 0 74 44 0 5978 950000 4750 644722 996250 641424
 1967.054943 7691 1100 1100 1100 1100 74 46 0 74 52 0 74 42 0 74 44 0 5978 950000 4750 644996 996250 641424
 1967.254932 7692 1100 1100 1100 1100 74 46 0 74 52 0 74 42 0 74 44 0 5734 950000 4750 645270 996250 642420
 1967.454906 7693 1100 1100 1100 1100 74 46 0 74 52 0 74 42 0 74 44 0 5734 950000 4750 644996 996250 641424
 1967.654932 7694 1100 1100 1100 1100 74 46 0 74 52 0 74 42 0 74 44 0 5734 950000 4750 644996 996250 641424
 1967.854927 7695 1100 1100 1100 1100 74 46 0 74 52 0 74 42 0 74 44 0 5734 950000 4750 646092 996250 643416
 1968.054938 7696 1100 1100 1100 1100 74 46 0 74 52 0 74 42 0 74 44 0 5734 950000 4750 644448 996250 641424
 1968.254923 7697 1100 1100 1100 1100 74 46 0 74 52 0 74 42 0 74 44 0 5978 950000 4750 255916 995000 253725
 1968.454923 7698 1100 1100 1100 1100 74 46 0 74 52 0 74 42 0 74 44 0 5978 950000 4750 255916 995000 253725
 1968.654924 7699 1100 1100 1100 1100 74 46 0 74 52 0 74 42 0 74 44 0 5734 950000 4750 49868 995000 48755
 1968.854923 7700 1100 1100 1100 1100 74 46 0 74 52 0 74 42 0 74 44 0 5734 950000 4750 48498 995000 47760
 1969.054935 7701 1100 1100 1100 1100 72 46 0 72 52 0 72 42 0 72 44 0 5734 950000 4750 52060 995000 51740
 1969.254971 7702 1100 1100 1100 1100 72 46 0 72 52 0 72 42 0 72 44 0 5734 950000 4750 52060 995000 51740
 1969.454923 7703 1100 1100 1100 1100 72 46 0 72 52 0 72 42 0 72 44 0 5734 950000 4750 51238 995000 50745
 1969.654923 7704 1100 1100 1100 1100 72 46 0 72 52 0 72 42 0 72 44 0 5734 950000 4750 60554 995000 59700
 1969.854923 7705 1100 1100 1100 1100 72 46 0 72 52 0 72 42 0 72 44 0 5734 950000 4750 48498 995000 47760
 1970.054935 7706 1100 1100 1100 1100 72 46 0 72 52 0 72 42 0 72 44 0 5734 950000 4750 48498 995000 47760
 1970.254919 7707 1100 1100 1100 1100 72 46 0 72 52 0 72 42 0 72 44 0 5734 950000 4750 47128 995000 46765
