  684.819919 1281 600 600 600 600 69 46 0 69 52 0 69 42 0 69 44 0 25742 1208750 30200 5754 908750 4540
  685.019945 1282 600 600 600 600 68 46 0 68 52 0 68 42 0 68 44 0 108763 1211250 130788 5754 908750 4540
  685.219977 1283 600 600 600 600 68 46 0 68 52 0 68 42 0 68 44 0 108763 1211250 130788 5754 908750 4540
  685.419920 1284 600 600 600 600 68 46 0 68 52 0 68 42 0 68 44 0 162992 1210000 196020 5754 908750 4540
  685.619898 1285 600 600 600 600 68 46 0 68 52 0 68 42 0 68 44 0 155977 1210000 187550 5754 908750 4540
  685.819919 1286 600 600 600 600 68 46 0 68 52 0 68 42 0 68 44 0 150243 1208750 181200 5754 908750 4540
  686.019937 1287 600 600 600 600 68 46 0 68 52 0 68 42 0 68 44 0 150243 1208750 181200 5754 908750 4540
  686.219916 1288 600 600 600 600 68 46 0 68 52 0 68 42 0 68 44 0 149267 1208750 179992 5480 908750 4540
  686.419923 1289 600 600 600 600 68 46 0 68 52 0 68 42 0 68 44 0 142008 1207500 171394 5480 908750 4540
  686.619917 1290 600 600 600 600 68 46 0 68 52 0 68 42 0 68 44 0 141520 1207500 170187 5480 908750 4540
  686.819918 1291 600 600 600 600 68 46 0 68 52 0 68 42 0 68 44 0 141520 1207500 170187 5480 908750 4540
  687.019928 1292 600 600 600 600 68 46 0 68 52 0 68 42 0 68 44 0 141520 1207500 170187 5480 908750 4540
  687.219916 1293 600 600 600 600 68 46 0 68 52 0 68 42 0 68 44 0 141215 1207500 170187 5480 908750 4540
  687.419919 1294 600 600 600 600 68 46 0 68 52 0 68 42 0 68 44 0 142008 1207500 171394 5754 908750 4540
  687.619916 1295 600 600 600 600 68 46 0 68 52 0 68 42 0 68 44 0 142008 1207500 171394 5754 908750 4540
  687.819915 1296 600 600 600 600 68 46 0 68 52 0 68 42 0 68 44 0 73261 1208750 88184 5754 908750 4540
  688.019929 1297 600 600 600 600 68 46 0 68 52 0 68 42 0 68 44 0 22509 1208750 26576 5480 908750 4540
  688.219915 1298 600 600 600 600 68 46 0 68 52 0 68 42 0 68 44 0 22509 1208750 26576 5480 908750 4540
  688.419918 1299 600 600 600 600 68 46 0 68 52 0 68 42 0 68 44 0 22509 1208750 26576 5480 908750 4540
  688.619914 1300 600 600 600 600 68 46 0 68 52 0 68 42 0 68 44 0 22509 1208750 26576 5480 908750 4540
