  640.579895 1060 1200 1200 1200 1200 69 46 0 69 52 0 69 42 0 69 44 0 5734 950000 4750 56718 1020000 57120
  640.779920 1061 1200 1200 1200 1200 69 46 0 69 52 0 69 42 0 69 44 0 5734 950000 4750 53978 1020000 54060
  640.979920 1062 1200 1200 1200 1200 69 46 0 69 52 0 69 42 0 69 44 0 5490 950000 4750 52334 1020000 53040
  641.179915 1063 1200 1200 1200 1200 69 46 0 69 52 0 69 42 0 69 44 0 5490 950000 4750 52334 1020000 53040
  641.379920 1064 1200 1200 1200 1200 68 46 0 68 52 0 68 42 0 68 44 0 5734 950000 4750 51238 1020000 52020
  641.579920 1065 1200 1200 1200 1200 68 46 0 68 52 0 68 42 0 68 44 0 5490 950000 4750 53430 1020000 54060
  641.779920 1066 1200 1200 1200 1200 68 46 0 68 52 0 68 42 0 68 44 0 5734 950000 4750 53978 1020000 54060
  641.979903 1067 1200 1200 1200 1200 68 46 0 68 52 0 68 42 0 68 44 0 5734 950000 4750 53978 1020000 54060
  642.179924 1068 1200 1200 1200 1200 68 46 0 68 52 0 68 42 0 68 44 0 5734 950000 4750 53156 1020000 54060
  642.379919 1069 1200 1200 1200 1200 68 46 0 68 52 0 68 42 0 68 44 0 5490 950000 4750 73706 1020000 74460
  642.579920 1070 1200 1200 1200 1200 68 46 0 68 52 0 68 42 0 68 44 0 5734 950000 4750 200568 1020000 204000
  642.779919 1071 1200 1200 1200 1200 68 46 0 68 52 0 68 42 0 68 44 0 5490 950000 4750 51238 1020000 52020
  642.979935 1072 1200 1200 1200 1200 68 46 0 68 52 0 68 42 0 68 44 0 5490 950000 4750 51238 1020000 52020
  643.179949 1073 1200 1200 1200 1200 68 46 0 68 52 0 68 42 0 68 44 0 5734 950000 4750 50416 1020000 51000
  643.379956 1074 1200 1200 1200 1200 69 46 0 69 52 0 69 42 0 69 44 0 5734 950000 4750 629378 1022500 642838
  643.579916 1075 1200 1200 1200 1200 69 46 0 69 52 0 69 42 0 69 44 0 5734 950000 4750 827206 1022500 845194
  643.779856 1076 1200 1200 1200 1200 69 46 0 69 52 0 69 42 0 69 44 0 5734 950000 4750 827206 1022500 845194
  643.985024 1077 1200 1200 1200 1200 70 46 0 70 52 0 70 42 0 70 44 0 5734 950000 4750 782818 1022500 799204
  644.184949 1078 1200 1200 1200 1200 70 46 0 70 52 0 70 42 0 70 44 0 5490 950000 4750 603896 1022500 616266
  644.385064 1079 1200 1200 1200 1200 70 46 0 70 52 0 70 42 0 70 44 0 5734 950000 4750 828850 1022500 846216
  644.585105 1080 1100 1100 1100 1100 70 46 0 70 52 0 70 42 0 70 44 0 5734 950000 4750 828850 1022500 846216
  644.785009 1081 1100 1100 1100 1100 70 46 0 70 52 0 70 42 0 70 44 0 5734 950000 4750 786380 1022500 803292
  644.984994 1082 1100 1100 1100 1100 69 46 0 69 52 0 69 42 0 69 44 0 5490 950000 4750 432646 1006250 434592
  645.184922 1083 1100 1100 1100 1100 69 46 0 69 52 0 69 42 0 69 44 0 5734 950000 4750 146042 996250 145416
  645.384923 1084 1100 1100 1100 1100 69 46 0 69 52 0 69 42 0 69 44 0 5734 950000 4750 146042 996250 145416
  645.584957 1085 1100 1100 1100 1100 69 46 0 69 52 0 69 42 0 69 44 0 5490 950000 4750 46306 995000 45770
  645.785011 1086 1100 1100 1100 1100 69 46 0 69 52 0 69 42 0 69 44 0 5734 950000 4750 49046 995000 48755
  645.984956 1087 1100 1100 1100 1100 70 46 0 70 52 0 70 42 0 70 44 0 5734 950000 4750 500872 997500 498500
  646.184942 1088 1100 1100 1100 1100 70 46 0 70 52 0 70 42 0 70 44 0 5734 950000 4750 500872 997500 498500
  646.385015 1089 1100 1100 1100 1100 70 46 0 70 52 0 70 42 0 70 44 0 5490 950000 4750 744458 997500 741768
  646.584928 1090 1100 1100 1100 1100 70 46 0 70 52 0 70 42 0 70 44 0 5734 950000 4750 711030 997500 708867
  646.784929 1091 1100 1100 1100 1100 70 46 0 70 52 0 70 42 0 70 44 0 5734 950000 4750 630200 996250 627480
  646.984928 1092 1100 1100 1100 1100 70 46 0 70 52 0 70 42 0 70 44 0 5734 950000 4750 630200 996250 627480
  647.184949 1093 1100 1100 1100 1100 70 46 0 70 52 0 70 42 0 70 44 0 5734 950000 4750 681438 996250 678276
  647.384933 1094 1100 1100 1100 1100 70 46 0 70 52 0 70 42 0 70 44 0 5734 950000 4750 674862 996250 671304
  647.584933 1095 1100 1100 1100 1100 70 46 0 70 52 0 70 42 0 70 44 0 5734 950000 4750 675136 996250 672300
  647.784914 1096 1100 1100 1100 1100 70 46 0 70 52 0 70 42 0 70 44 0 5734 950000 4750 675136 996250 672300
  647.984933 1097 1100 1100 1100 1100 70 46 0 70 52 0 70 42 0 70 44 0 5734 950000 4750 675410 996250 672300
  648.184939 1098 1100 1100 1100 1100 70 46 0 70 52 0 70 42 0 70 44 0 5734 950000 4750 675136 996250 672300
  648.384919 1099 1100 1100 1100 1100 70 46 0 70 52 0 70 42 0 70 44 0 5490 950000 4750 368530 996250 366528
  648.584924 1100 1100 1100 1100 1100 70 46 0 70 52 0 70 42 0 70 44 0 5734 950000 4750 48224 995000 47760
  648.784924 1101 1100 1100 1100 1100 70 46 0 70 52 0 70 42 0 70 44 0 5734 950000 4750 48224 995000 47760
  648.984925 1102 1100 1100 1100 1100 69 46 0 69 52 0 69 42 0 69 44 0 5734 950000 4750 49046 995000 48755
  649.184937 1103 1100 1100 1100 1100 69 46 0 69 52 0 69 42 0 69 44 0 5490 950000 4750 49868 995000 48755
  649.384924 1104 1100 1100 1100 1100 69 46 0 69 52 0 69 42 0 69 44 0 5734 950000 4750 48772 995000 47760
