  510.685081 411 1200 1200 1200 1200 67 46 0 67 52 0 67 42 0 67 44 0 5734 950000 4750 51786 1020000 52020
  510.884969 412 1200 1200 1200 1200 67 46 0 72 52 0 66 42 0 67 44 0 5490 950000 4750 191252 1021250 195011
  511.084919 413 1200 1200 1200 1200 67 46 0 67 52 0 67 42 0 67 44 0 5490 950000 4750 191252 1021250 195011
  511.284920 414 1200 1200 1200 1200 67 46 0 67 52 0 67 42 0 67 44 0 5490 950000 4750 53978 1020000 54060
  511.484939 415 1200 1200 1200 1200 67 46 0 67 52 0 67 42 0 67 44 0 5490 950000 4750 50964 1020000 51000
  511.689912 416 1200 1200 1200 1200 67 46 0 67 52 0 67 42 0 67 44 0 5490 950000 4750 642530 1022500 656124
  511.889853 417 1200 1200 1200 1200 72 46 0 72 52 0 72 42 0 72 44 0 5490 950000 4750 642530 1022500 656124
  512.090014 418 1200 1200 1200 1200 72 46 0 72 52 0 72 42 0 72 44 0 5490 950000 4750 642530 1022500 656124
  512.289920 419 1200 1200 1200 1200 72 46 0 72 52 0 72 42 0 72 44 0 5490 950000 4750 842276 1022500 860524
  512.489930 420 1200 1200 1200 1200 72 46 0 72 52 0 72 42 0 72 44 0 5490 950000 4750 783366 1022500 800226
  512.689857 421 1200 1200 1200 1200 72 46 0 72 52 0 72 42 0 72 44 0 5490 950000 4750 660340 1022500 674520
  512.890125 422 1200 1200 1200 1200 73 46 0 73 52 0 73 42 0 73 44 0 5490 950000 4750 660340 1022500 674520
  513.089990 423 1100 1100 1100 1100 73 46 0 73 52 0 73 42 0 73 44 0 5490 948750 4740 826110 1022500 844172
  513.290070 424 1100 1100 1100 1100 73 46 0 73 52 0 73 42 0 73 44 0 5490 950000 4750 785284 1022500 802270
  513.489921 425 1100 1100 1100 1100 73 46 0 73 52 0 73 42 0 73 44 0 5490 950000 4750 379216 1003750 380137
  513.689924 426 1100 1100 1100 1100 73 46 0 73 52 0 73 42 0 73 44 0 5490 950000 4750 379216 1003750 380137
  513.889920 427 1100 1100 1100 1100 67 46 0 67 52 0 67 42 0 67 44 0 5490 950000 4750 188238 996250 187248
  514.089965 428 1100 1100 1100 1100 67 46 0 67 52 0 67 42 0 67 44 0 5490 950000 4750 44388 995000 43780
  514.295049 429 1100 1100 1100 1100 67 46 0 67 52 0 67 42 0 67 44 0 5490 950000 4750 43566 995000 42785
  514.494953 430 1100 1100 1100 1100 67 46 0 67 52 0 67 42 0 67 44 0 5490 950000 4750 43566 995000 42785
  514.694945 431 1100 1100 1100 1100 67 46 0 67 52 0 67 42 0 67 44 0 5490 950000 4750 545534 996250 542820
  514.899931 432 1100 1100 1100 1100 68 46 0 68 52 0 68 42 0 68 44 0 5734 950000 4750 744458 997500 741768
  515.099975 433 1100 1100 1100 1100 68 46 0 68 52 0 68 42 0 68 44 0 5490 950000 4750 701440 997500 698897
  515.299925 434 1100 1100 1100 1100 68 46 0 68 52 0 68 42 0 68 44 0 5490 950000 4750 701440 997500 698897
  515.499925 435 1100 1100 1100 1100 68 46 0 68 52 0 68 42 0 68 44 0 5490 950000 4750 546630 996250 543816
  515.699924 436 1100 1100 1100 1100 68 46 0 68 52 0 68 42 0 68 44 0 5490 950000 4750 70692 995000 69650
  515.899924 437 1100 1100 1100 1100 67 46 0 67 52 0 67 42 0 67 44 0 5490 950000 4750 48224 995000 47760
  516.099953 438 1100 1100 1100 1100 67 46 0 67 52 0 67 42 0 67 44 0 5490 950000 4750 48224 995000 47760
  516.299921 439 1100 1100 1100 1100 67 46 0 67 52 0 67 42 0 67 44 0 5734 950000 4750 46306 995000 45770
  516.499924 440 1100 1100 1100 1100 67 46 0 67 52 0 67 42 0 67 44 0 5490 950000 4750 46854 995000 45770
  516.699924 441 1100 1100 1100 1100 67 46 0 67 52 0 67 42 0 67 44 0 5490 950000 4750 43566 995000 42785
  516.899906 442 1100 1100 1100 1100 67 46 0 67 52 0 67 42 0 67 44 0 5490 950000 4750 43566 995000 42785
  517.099937 443 1100 1100 1100 1100 67 46 0 67 52 0 67 42 0 67 44 0 5490 950000 4750 44114 995000 43780
  517.299924 444 1100 1100 1100 1100 67 46 0 67 52 0 67 42 0 67 44 0 5490 950000 4750 45758 995000 44775
  517.499924 445 1100 1100 1100 1100 67 46 0 67 52 0 67 42 0 67 44 0 5490 950000 4750 43292 995000 42785
  517.699924 446 1100 1100 1100 1100 67 46 0 67 52 0 67 42 0 67 44 0 5734 950000 4750 43840 995000 42785
  517.899924 447 1100 1100 1100 1100 67 46 0 67 52 0 67 42 0 67 44 0 5734 950000 4750 43840 995000 42785
