 5652.419997 26117 300 300 300 300 72 46 0 72 52 0 72 42 0 72 44 0 64233 947500 60608 10960 1158750 11580
 5652.619985 26118 300 300 300 300 72 46 0 72 52 0 72 42 0 72 44 0 63013 947500 59661 10960 1158750 11580
 5652.820067 26119 300 300 300 300 72 46 0 72 52 0 72 42 0 72 44 0 63501 947500 59661 10960 1158750 11580
 5653.019935 26120 300 300 300 300 72 46 0 72 52 0 72 42 0 72 44 0 63501 947500 59661 10960 1158750 11580
 5653.219987 26121 300 300 300 300 72 46 0 72 52 0 72 42 0 72 44 0 61732 948750 57828 10960 1158750 11580
 5653.419910 26122 1600 1600 1600 1600 72 46 0 72 52 0 72 42 0 72 44 0 53985 948750 50244 10686 1158750 11580
 5653.619908 26123 1600 1600 1600 1600 73 46 0 73 52 0 73 42 0 73 44 0 6527 950000 5700 253176 1160000 293480
 5653.819908 26124 1600 1600 1600 1600 73 46 0 73 52 0 73 42 0 73 44 0 6527 950000 5700 253176 1160000 293480
 5654.019921 26125 1600 1600 1600 1600 73 46 0 73 52 0 73 42 0 73 44 0 6222 950000 5700 82474 1157500 94874
 5654.219935 26126 1600 1600 1600 1600 73 46 0 73 52 0 73 42 0 73 44 0 6527 950000 5700 80556 1157500 92560
 5654.419936 26127 1600 1600 1600 1600 73 46 0 73 52 0 73 42 0 73 44 0 6222 950000 5700 483884 1161250 560763
 5654.620040 26128 1600 1600 1600 1600 73 46 0 73 52 0 73 42 0 73 44 0 6222 950000 5700 483884 1161250 560763
 5654.819905 26129 1600 1600 1600 1600 73 46 0 73 52 0 73 42 0 73 44 0 6222 950000 5700 1337942 1166250 1558942
 5655.020002 26130 1600 1600 1600 1600 75 46 0 75 52 0 75 42 0 75 44 0 6527 950000 5700 1107508 1163750 1287441
 5655.219916 26131 1600 1600 1600 1600 75 46 0 75 52 0 75 42 0 75 44 0 6527 950000 5700 1088328 1163750 1265344
 5655.419916 26132 1600 1600 1600 1600 75 46 0 75 52 0 75 42 0 75 44 0 6527 950000 5700 1121756 1163750 1303723
 5655.619916 26133 1600 1600 1600 1600 76 46 0 76 52 0 76 42 0 76 44 0 6527 950000 5700 1121756 1163750 1303723
 5655.819916 26134 1600 1600 1600 1600 76 46 0 76 52 0 76 42 0 76 44 0 6527 950000 5700 1119838 1163750 1301397
 5656.019896 26135 1600 1600 1600 1600 76 46 0 76 52 0 76 42 0 76 44 0 6527 950000 5700 1121482 1163750 1303723
 5656.219916 26136 1600 1600 1600 1600 76 46 0 76 52 0 76 42 0 76 44 0 6527 950000 5700 1123948 1163750 1306049
 5656.419916 26137 1600 1600 1600 1600 76 46 0 76 52 0 76 42 0 76 44 0 6527 950000 5700 1123948 1163750 1306049
 5656.619917 26138 1600 1600 1600 1600 76 46 0 76 52 0 76 42 0 76 44 0 6527 950000 5700 1123674 1163750 1306049
 5656.819916 26139 1600 1600 1600 1600 76 46 0 76 52 0 76 42 0 76 44 0 6527 950000 5700 1126962 1163750 1309538
 5657.019995 26140 1600 1600 1600 1600 77 46 0 77 52 0 77 42 0 77 44 0 6527 950000 5700 1128332 1163750 1311864
 5657.219920 26141 1600 1600 1600 1600 77 46 0 77 52 0 77 42 0 77 44 0 6527 950000 5700 1128332 1163750 1311864
 5657.419917 26142 1600 1600 1600 1600 77 46 0 77 52 0 77 42 0 77 44 0 6527 950000 5700 1130798 1163750 1314190
 5657.619917 26143 1600 1600 1600 1600 77 46 0 77 52 0 77 42 0 77 44 0 6527 950000 5700 1125866 1163750 1308375
 5657.819917 26144 1600 1600 1600 1600 77 46 0 77 52 0 77 42 0 77 44 0 6527 950000 5700 1128332 1163750 1311864
 5658.019926 26145 1600 1600 1600 1600 77 46 0 77 52 0 77 42 0 77 44 0 6527 950000 5700 1128332 1163750 1311864
 5658.219918 26146 1600 1600 1600 1600 77 46 0 77 52 0 77 42 0 77 44 0 6771 950000 5700 1131894 1163750 1315353
 5658.419918 26147 1600 1600 1600 1600 77 46 0 77 52 0 77 42 0 77 44 0 6527 950000 5700 1129976 1163750 1313027
 5658.619918 26148 1600 1600 1600 1600 77 46 0 77 52 0 77 42 0 77 44 0 6771 950000 5700 1133264 1163750 1317679
 5658.819918 26149 1600 1600 1600 1600 77 46 0 77 52 0 77 42 0 77 44 0 6771 950000 5700 1133264 1163750 1317679
 5659.019923 26150 1600 1600 1600 1600 78 46 0 78 52 0 78 42 0 78 44 0 6771 950000 5700 1133264 1163750 1317679
 5659.219918 26151 1600 1600 1600 1600 78 46 0 78 52 0 78 42 0 78 44 0 6771 950000 5700 1133812 1163750 1317679
 5659.419918 26152 1600 1600 1600 1600 78 46 0 78 52 0 78 42 0 78 44 0 6771 950000 5700 1131894 1163750 1315353
 5659.619917 26153 1600 1600 1600 1600 78 46 0 78 52 0 78 42 0 78 44 0 6771 950000 5700 1131894 1163750 1315353
 5659.819917 26154 1600 1600 1600 1600 78 46 0 78 52 0 78 42 0 78 44 0 6771 950000 5700 1133264 1163750 1317679
 5660.019926 26155 1600 1600 1600 1600 78 46 0 78 52 0 78 42 0 78 44 0 6771 950000 5700 1133812 1163750 1317679
 5660.219918 26156 1600 1600 1600 1600 78 46 0 78 52 0 78 42 0 78 44 0 6771 950000 5700 1133264 1163750 1317679
 5660.419896 26157 1600 1600 1600 1600 78 46 0 78 52 0 78 42 0 78 44 0 6771 950000 5700 1133264 1163750 1317679
 5660.619918 26158 1600 1600 1600 1600 78 46 0 78 52 0 78 42 0 78 44 0 6771 950000 5700 1138470 1163750 1323494
 5660.819917 26159 1600 1600 1600 1600 78 46 0 78 52 0 78 42 0 78 44 0 6771 950000 5700 1137374 1163750 1322331
 5661.019928 26160 1600 1600 1600 1600 78 46 0 78 52 0 78 42 0 78 44 0 6771 950000 5700 1136004 1163750 1321168
 5661.219928 26161 1600 1600 1600 1600 78 46 0 78 52 0 78 42 0 78 44 0 6771 950000 5700 1132168 1163750 1316516
 5661.419918 26162 1600 1600 1600 1600 78 46 0 78 52 0 78 42 0 78 44 0 6771 950000 5700 1132168 1163750 1316516
 5661.619917 26163 1600 1600 1600 1600 78 46 0 78 52 0 78 42 0 78 44 0 6771 950000 5700 1135456 1163750 1320005
 5661.819917 26164 1600 1600 1600 1600 78 46 0 78 52 0 78 42 0 78 44 0 6771 950000 5700 1132990 1163750 1316516
 5662.019927 26165 1600 1600 1600 1600 79 46 0 79 52 0 79 42 0 79 44 0 6771 950000 5700 1133812 1163750 1317679
 5662.219918 26166 1600 1600 1600 1600 79 46 0 79 52 0 79 42 0 79 44 0 6771 950000 5700 1133812 1163750 1317679
 5662.419917 26167 1600 1600 1600 1600 79 46 0 79 52 0 79 42 0 79 44 0 6771 950000 5700 1136826 1163750 1321168
 5662.619918 26168 1600 1600 1600 1600 79 46 0 79 52 0 79 42 0 79 44 0 6527 950000 5700 1137922 1163750 1322331
 5662.819917 26169 1600 1600 1600 1600 79 46 0 79 52 0 79 42 0 79 44 0 6771 950000 5700 1136826 1163750 1321168
 5663.019926 26170 1600 1600 1600 1600 79 46 0 79 52 0 79 42 0 79 44 0 6771 950000 5700 1136826 1163750 1321168
 5663.219933 26171 1600 1600 1600 1600 79 46 0 79 52 0 79 42 0 79 44 0 7015 950000 6650 1133812 1163750 1317679
 5663.419917 26172 1600 1600 1600 1600 79 46 0 79 52 0 79 42 0 79 44 0 6771 950000 5700 1138196 1163750 1323494
 5663.619919 26173 1600 1600 1600 1600 79 46 0 79 52 0 79 42 0 79 44 0 6771 950000 5700 1137100 1163750 1322331
 5663.819917 26174 1600 1600 1600 1600 79 46 0 79 52 0 79 42 0 79 44 0 6771 950000 5700 1137100 1163750 1322331
 5664.019926 26175 1600 1600 1600 1600 79 46 0 79 52 0 79 42 0 79 44 0 7015 950000 6650 1136552 1163750 1321168
 5664.219946 26176 1600 1600 1600 1600 79 46 0 79 52 0 79 42 0 79 44 0 6771 950000 5700 1139018 1163750 1324657
 5664.419917 26177 1600 1600 1600 1600 79 46 0 79 52 0 79 42 0 79 44 0 6771 950000 5700 1179296 1163750 1371177
 5664.619918 26178 1600 1600 1600 1600 79 46 0 79 52 0 79 42 0 79 44 0 6771 950000 5700 1179296 1163750 1371177
 5664.819914 26179 1600 1600 1600 1600 79 46 0 79 52 0 79 42 0 79 44 0 7015 950000 6650 1139566 1163750 1324657
 5665.019926 26180 1600 1600 1600 1600 79 46 0 79 52 0 79 42 0 79 44 0 7015 950000 6650 1137922 1163750 1322331
 5665.219917 26181 1600 1600 1600 1600 79 46 0 79 52 0 79 42 0 79 44 0 7015 950000 6650 1137922 1163750 1322331
 5665.419917 26182 1600 1600 1600 1600 79 46 0 79 52 0 79 42 0 79 44 0 7015 950000 6650 1137922 1163750 1322331
 5665.619917 26183 1600 1600 1600 1600 79 46 0 79 52 0 79 42 0 79 44 0 6771 950000 5700 1138744 1163750 1323494
 5665.819918 26184 1600 1600 1600 1600 79 46 0 79 52 0 79 42 0 79 44 0 7015 950000 6650 1137100 1163750 1322331
 5666.019926 26185 1600 1600 1600 1600 79 46 0 79 52 0 79 42 0 79 44 0 7015 950000 6650 1140388 1163750 1325820
 5666.219919 26186 1600 1600 1600 1600 79 46 0 79 52 0 79 42 0 79 44 0 7015 950000 6650 1140388 1163750 1325820
 5666.419917 26187 1600 1600 1600 1600 79 46 0 79 52 0 79 42 0 79 44 0 7015 950000 6650 1139292 1163750 1324657
 5666.619917 26188 1600 1600 1600 1600 79 46 0 79 52 0 79 42 0 79 44 0 7015 950000 6650 1139018 1163750 1324657
 5666.819917 26189 1600 1600 1600 1600 79 46 0 79 52 0 79 42 0 79 44 0 7015 950000 6650 1137374 1163750 1322331
 5667.019909 26190 1600 1600 1600 1600 80 46 0 80 52 0 80 42 0 80 44 0 7015 950000 6650 1137374 1163750 1322331
 5667.219914 26191 1600 1600 1600 1600 80 46 0 80 52 0 80 42 0 80 44 0 6771 950000 5700 1139840 1163750 1324657
 5667.419917 26192 1600 1600 1600 1600 80 46 0 80 52 0 80 42 0 80 44 0 7015 950000 6650 1138470 1163750 1323494
 5667.619917 26193 1600 1600 1600 1600 80 46 0 80 52 0 80 42 0 80 44 0 6771 950000 5700 1136278 1163750 1321168
 5667.819896 26194 1600 1600 1600 1600 80 46 0 80 52 0 80 42 0 80 44 0 6771 950000 5700 1141210 1163750 1326983
 5668.019925 26195 1600 1600 1600 1600 80 46 0 80 52 0 80 42 0 80 44 0 6771 950000 5700 1141210 1163750 1326983
 5668.219917 26196 1600 1600 1600 1600 80 46 0 80 52 0 80 42 0 80 44 0 6771 950000 5700 1141210 1163750 1326983
 5668.419917 26197 1600 1600 1600 1600 80 46 0 80 52 0 80 42 0 80 44 0 7015 950000 6650 1139840 1163750 1324657
 5668.619917 26198 1600 1600 1600 1600 80 46 0 80 52 0 80 42 0 80 44 0 7015 950000 6650 1137648 1163750 1322331
 5668.819918 26199 1600 1600 1600 1600 80 46 0 80 52 0 80 42 0 80 44 0 7015 950000 6650 1137648 1163750 1322331
 5669.019926 26200 1600 1600 1600 1600 80 46 0 80 52 0 80 42 0 80 44 0 7015 950000 6650 1139292 1163750 1324657
 5669.219917 26201 1600 1600 1600 1600 80 46 0 80 52 0 80 42 0 80 44 0 7015 950000 6650 1138744 1163750 1323494
 5669.419913 26202 1600 1600 1600 1600 80 46 0 80 52 0 80 42 0 80 44 0 7015 950000 6650 1138744 1163750 1323494
 5669.619917 26203 1600 1600 1600 1600 80 46 0 80 52 0 80 42 0 80 44 0 7015 950000 6650 1138744 1163750 1323494
 5669.819913 26204 1600 1600 1600 1600 80 46 0 80 52 0 80 42 0 80 44 0 7015 950000 6650 1142032 1163750 1328146
 5670.019928 26205 1600 1600 1600 1600 80 46 0 80 52 0 80 42 0 80 44 0 7015 950000 6650 1144498 1163750 1330472
 5670.219917 26206 1600 1600 1600 1600 80 46 0 80 52 0 80 42 0 80 44 0 7015 950000 6650 1142854 1163750 1328146
 5670.419897 26207 1600 1600 1600 1600 80 46 0 80 52 0 80 42 0 80 44 0 7015 950000 6650 1142854 1163750 1328146
 5670.619917 26208 1600 1600 1600 1600 80 46 0 80 52 0 80 42 0 80 44 0 7015 950000 6650 1141210 1163750 1326983
 5670.819917 26209 1600 1600 1600 1600 80 46 0 80 52 0 80 42 0 80 44 0 7015 950000 6650 1139018 1163750 1324657
 5671.019927 26210 1600 1600 1600 1600 80 46 0 80 52 0 80 42 0 80 44 0 7015 950000 6650 1141758 1163750 1326983
 5671.219917 26211 1600 1600 1600 1600 80 46 0 80 52 0 80 42 0 80 44 0 7015 950000 6650 1141758 1163750 1326983
 5671.419917 26212 1600 1600 1600 1600 80 46 0 80 52 0 80 42 0 80 44 0 6771 950000 5700 1141484 1163750 1326983
 5671.619918 26213 1600 1600 1600 1600 80 46 0 80 52 0 80 42 0 80 44 0 7015 950000 6650 1141758 1163750 1326983
 5671.819914 26214 1600 1600 1600 1600 80 46 0 80 52 0 80 42 0 80 44 0 7015 950000 6650 1140114 1163750 1325820
 5672.019926 26215 1600 1600 1600 1600 80 46 0 80 52 0 80 42 0 80 44 0 7015 950000 6650 1140114 1163750 1325820
 5672.219917 26216 1600 1600 1600 1600 80 46 0 80 52 0 80 42 0 80 44 0 7015 950000 6650 1140114 1163750 1325820
 5672.419917 26217 1600 1600 1600 1600 80 46 0 80 52 0 80 42 0 80 44 0 7015 950000 6650 1141484 1163750 1326983
 5672.619916 26218 1600 1600 1600 1600 80 46 0 80 52 0 80 42 0 80 44 0 7015 950000 6650 1142032 1163750 1328146
 5672.819917 26219 1600 1600 1600 1600 80 46 0 80 52 0 80 42 0 80 44 0 7015 950000 6650 1142032 1163750 1328146
 5673.019926 26220 1600 1600 1600 1600 80 46 0 80 52 0 80 42 0 80 44 0 7015 950000 6650 1137648 1163750 1322331
 5673.219917 26221 1600 1600 1600 1600 80 46 0 80 52 0 80 42 0 80 44 0 7015 950000 6650 1140936 1163750 1325820
 5673.419917 26222 1600 1600 1600 1600 80 46 0 80 52 0 80 42 0 80 44 0 7015 950000 6650 1143128 1163750 1329309
 5673.619900 26223 1600 1600 1600 1600 80 46 0 80 52 0 80 42 0 80 44 0 7015 950000 6650 1143128 1163750 1329309
 5673.819917 26224 1600 1600 1600 1600 80 46 0 80 52 0 80 42 0 80 44 0 7015 950000 6650 1143676 1163750 1329309
 5674.019926 26225 1600 1600 1600 1600 80 46 0 80 52 0 80 42 0 80 44 0 7015 950000 6650 1140936 1163750 1325820
 5674.219914 26226 1600 1600 1600 1600 80 46 0 80 52 0 80 42 0 80 44 0 7015 950000 6650 1141758 1163750 1326983
 5674.419917 26227 1600 1600 1600 1600 80 46 0 80 52 0 80 42 0 80 44 0 7015 950000 6650 1138744 1163750 1323494
 5674.619918 26228 1600 1600 1600 1600 80 46 0 80 52 0 80 42 0 80 44 0 7015 950000 6650 1138744 1163750 1323494
 5674.819917 26229 1600 1600 1600 1600 80 46 0 80 52 0 80 42 0 80 44 0 6771 950000 5700 1143128 1163750 1329309
 5675.019925 26230 1600 1600 1600 1600 80 46 0 80 52 0 80 42 0 80 44 0 7015 950000 6650 1141758 1163750 1326983
 5675.219917 26231 1600 1600 1600 1600 80 46 0 80 52 0 80 42 0 80 44 0 7259 950000 6650 1142580 1163750 1328146
 5675.419917 26232 1600 1600 1600 1600 80 46 0 80 52 0 80 42 0 80 44 0 7259 950000 6650 1142580 1163750 1328146
 5675.619917 26233 1600 1600 1600 1600 80 46 0 80 52 0 80 42 0 80 44 0 7015 950000 6650 1143950 1163750 1329309
 5675.819916 26234 1600 1600 1600 1600 80 46 0 80 52 0 80 42 0 80 44 0 7015 950000 6650 1142854 1163750 1328146
 5676.019927 26235 1600 1600 1600 1600 80 46 0 80 52 0 80 42 0 80 44 0 7015 950000 6650 1140936 1163750 1325820
 5676.219917 26236 1600 1600 1600 1600 80 46 0 80 52 0 80 42 0 80 44 0 7015 950000 6650 1140936 1163750 1325820
 5676.419917 26237 1600 1600 1600 1600 80 46 0 80 52 0 80 42 0 80 44 0 7015 950000 6650 1139840 1163750 1324657
 5676.619914 26238 1600 1600 1600 1600 80 46 0 80 52 0 80 42 0 80 44 0 7015 950000 6650 1140936 1163750 1325820
 5676.819917 26239 1600 1600 1600 1600 80 46 0 80 52 0 80 42 0 80 44 0 7015 950000 6650 1141758 1163750 1326983
 5677.019927 26240 1600 1600 1600 1600 80 46 0 80 52 0 80 42 0 80 44 0 7015 950000 6650 1141758 1163750 1326983
 5677.219918 26241 1600 1600 1600 1600 80 46 0 80 52 0 80 42 0 80 44 0 7015 950000 6650 1141758 1163750 1326983
 5677.419917 26242 1600 1600 1600 1600 80 46 0 80 52 0 80 42 0 80 44 0 7015 950000 6650 1140936 1163750 1325820
 5677.619917 26243 1600 1600 1600 1600 80 46 0 80 52 0 80 42 0 80 44 0 7015 950000 6650 1140936 1163750 1325820
 5677.819918 26244 1600 1600 1600 1600 80 46 0 80 52 0 80 42 0 80 44 0 7015 950000 6650 1140936 1163750 1325820
 5678.019927 26245 1600 1600 1600 1600 80 46 0 80 52 0 80 42 0 80 44 0 7015 950000 6650 1138744 1163750 1323494
 5678.219917 26246 1600 1600 1600 1600 80 46 0 80 52 0 80 42 0 80 44 0 7015 950000 6650 1136826 1163750 1321168
 5678.419914 26247 1600 1600 1600 1600 80 46 0 80 52 0 80 42 0 80 44 0 7015 950000 6650 1138744 1163750 1323494
 5678.619917 26248 1600 1600 1600 1600 80 46 0 80 52 0 80 42 0 80 44 0 7015 950000 6650 1138744 1163750 1323494
 5678.819917 26249 1600 1600 1600 1600 80 46 0 80 52 0 80 42 0 80 44 0 7015 950000 6650 1139566 1163750 1324657
 5679.019926 26250 1600 1600 1600 1600 80 46 0 80 52 0 80 42 0 80 44 0 7015 950000 6650 1139018 1163750 1324657
 5679.219918 26251 1600 1600 1600 1600 80 46 0 80 52 0 80 42 0 80 44 0 7015 950000 6650 1141210 1163750 1326983
 5679.419917 26252 1600 1600 1600 1600 80 46 0 80 52 0 80 42 0 80 44 0 7015 950000 6650 1141210 1163750 1326983
 5679.619917 26253 1600 1600 1600 1600 80 46 0 80 52 0 80 42 0 80 44 0 7015 950000 6650 1140662 1163750 1325820
 5679.819918 26254 1600 1600 1600 1600 80 46 0 80 52 0 80 42 0 80 44 0 7015 950000 6650 1151074 1163750 1338613
 5680.019924 26255 1600 1600 1600 1600 80 46 0 80 52 0 80 42 0 80 44 0 7015 950000 6650 1138744 1163750 1323494
 5680.219850 26256 1600 1600 1600 1600 80 46 0 80 52 0 80 42 0 80 44 0 7015 950000 6650 1140936 1163750 1325820
 5680.419895 26257 1600 1600 1600 1600 80 46 0 80 52 0 80 42 0 80 44 0 7015 950000 6650 1140936 1163750 1325820
 5680.619917 26258 1600 1600 1600 1600 80 46 0 80 52 0 80 42 0 80 44 0 7259 950000 6650 1144224 1163750 1330472
 5680.819917 26259 1600 1600 1600 1600 80 46 0 80 52 0 80 42 0 80 44 0 7015 950000 6650 1143128 1163750 1329309
 5681.019926 26260 1600 1600 1600 1600 80 46 0 80 52 0 80 42 0 80 44 0 7015 950000 6650 1142580 1163750 1328146
 5681.219917 26261 1600 1600 1600 1600 80 46 0 80 52 0 80 42 0 80 44 0 7015 950000 6650 1142580 1163750 1328146
 5681.419918 26262 1600 1600 1600 1600 80 46 0 80 52 0 80 42 0 80 44 0 7259 950000 6650 1158746 1163750 1346754
 5681.619896 26263 1600 1600 1600 1600 80 46 0 80 52 0 80 42 0 80 44 0 7015 950000 6650 1140936 1163750 1325820
 5681.819896 26264 1600 1600 1600 1600 80 46 0 80 52 0 80 42 0 80 44 0 7015 950000 6650 1140936 1163750 1325820
 5682.019906 26265 1600 1600 1600 1600 80 46 0 80 52 0 80 42 0 80 44 0 7015 950000 6650 1140936 1163750 1325820
 5682.219896 26266 1600 1600 1600 1600 80 46 0 80 52 0 80 42 0 80 44 0 7015 950000 6650 1141758 1163750 1326983
 5682.419893 26267 1600 1600 1600 1600 80 46 0 80 52 0 80 42 0 80 44 0 7015 950000 6650 1143128 1163750 1329309
 5682.619895 26268 1600 1600 1600 1600 80 46 0 80 52 0 80 42 0 80 44 0 6771 950000 5700 1143128 1163750 1329309
 5682.819896 26269 1600 1600 1600 1600 80 46 0 80 52 0 80 42 0 80 44 0 6771 950000 5700 1143128 1163750 1329309
 5683.019906 26270 1600 1600 1600 1600 80 46 0 80 52 0 80 42 0 80 44 0 7015 950000 6650 1142306 1163750 1328146
 5683.219896 26271 1600 1600 1600 1600 80 46 0 80 52 0 80 42 0 80 44 0 7015 950000 6650 1141758 1163750 1326983
 5683.419897 26272 1600 1600 1600 1600 80 46 0 80 52 0 80 42 0 80 44 0 7015 950000 6650 1138744 1163750 1323494
 5683.619896 26273 1600 1600 1600 1600 80 46 0 80 52 0 80 42 0 80 44 0 7015 950000 6650 1138744 1163750 1323494
 5683.819897 26274 1600 1600 1600 1600 80 46 0 80 52 0 80 42 0 80 44 0 7015 950000 6650 1140662 1163750 1325820
 5684.019906 26275 1600 1600 1600 1600 80 46 0 80 52 0 80 42 0 80 44 0 7015 950000 6650 1140662 1163750 1325820
 5684.219850 26276 1600 1600 1600 1600 80 46 0 80 52 0 80 42 0 80 44 0 7015 950000 6650 1140114 1163750 1325820
 5684.419850 26277 1600 1600 1600 1600 80 46 0 80 52 0 80 42 0 80 44 0 7015 950000 6650 1140114 1163750 1325820
 5684.619850 26278 1600 1600 1600 1600 80 46 0 80 52 0 80 42 0 80 44 0 7015 950000 6650 1150800 1163750 1337450
 5684.819845 26279 1600 1600 1600 1600 80 46 0 80 52 0 80 42 0 80 44 0 7015 950000 6650 1140388 1163750 1325820
 5685.019909 26280 1600 1600 1600 1600 80 46 0 80 52 0 80 42 0 80 44 0 7015 950000 6650 1143128 1163750 1329309
 5685.219900 26281 1600 1600 1600 1600 80 46 0 80 52 0 80 42 0 80 44 0 7015 950000 6650 1143128 1163750 1329309
 5685.419901 26282 1600 1600 1600 1600 80 46 0 80 52 0 80 42 0 80 44 0 6771 950000 5700 1138744 1163750 1323494
 5685.619901 26283 1600 1600 1600 1600 80 46 0 80 52 0 80 42 0 80 44 0 7015 950000 6650 1139018 1163750 1324657
 5685.819900 26284 1600 1600 1600 1600 80 46 0 80 52 0 80 42 0 80 44 0 7015 950000 6650 1137648 1163750 1322331
 5686.019910 26285 1600 1600 1600 1600 80 46 0 80 52 0 80 42 0 80 44 0 7015 950000 6650 1137648 1163750 1322331
 5686.219900 26286 1600 1600 1600 1600 80 46 0 80 52 0 80 42 0 80 44 0 7015 950000 6650 1141758 1163750 1326983
 5686.419900 26287 1600 1600 1600 1600 80 46 0 80 52 0 80 42 0 80 44 0 6771 950000 5700 1141758 1163750 1326983
 5686.619900 26288 1600 1600 1600 1600 80 46 0 80 52 0 80 42 0 80 44 0 7015 950000 6650 1140936 1163750 1325820
 5686.819896 26289 1600 1600 1600 1600 80 46 0 80 52 0 80 42 0 80 44 0 7015 950000 6650 1141758 1163750 1326983
 5687.019910 26290 1600 1600 1600 1600 80 46 0 80 52 0 80 42 0 80 44 0 7015 950000 6650 1141758 1163750 1326983
 5687.219898 26291 1600 1600 1600 1600 80 46 0 80 52 0 80 42 0 80 44 0 7015 950000 6650 1139292 1163750 1324657
 5687.419901 26292 1600 1600 1600 1600 80 46 0 80 52 0 80 42 0 80 44 0 7015 950000 6650 1138744 1163750 1323494
 5687.619900 26293 1600 1600 1600 1600 80 46 0 80 52 0 80 42 0 80 44 0 7015 950000 6650 1140936 1163750 1325820
 5687.819899 26294 1600 1600 1600 1600 80 46 0 80 52 0 80 42 0 80 44 0 7015 950000 6650 1140936 1163750 1325820
 5688.019909 26295 1600 1600 1600 1600 80 46 0 80 52 0 80 42 0 80 44 0 7015 950000 6650 1143128 1163750 1329309
 5688.219900 26296 1600 1600 1600 1600 80 46 0 80 52 0 80 42 0 80 44 0 7015 950000 6650 1142854 1163750 1328146
 5688.419918 26297 1600 1600 1600 1600 80 46 0 80 52 0 80 42 0 80 44 0 7015 950000 6650 1141758 1163750 1326983
 5688.619917 26298 1600 1600 1600 1600 80 46 0 80 52 0 80 42 0 80 44 0 7015 950000 6650 1141758 1163750 1326983
 5688.819917 26299 1600 1600 1600 1600 80 46 0 80 52 0 80 42 0 80 44 0 7015 950000 6650 1142032 1163750 1328146
 5689.019926 26300 1600 1600 1600 1600 80 46 0 80 52 0 80 42 0 80 44 0 6771 950000 5700 1137922 1163750 1322331
 5689.219917 26301 1600 1600 1600 1600 80 46 0 80 52 0 80 42 0 80 44 0 6771 950000 5700 1140114 1163750 1325820
 5689.419918 26302 1600 1600 1600 1600 80 46 0 80 52 0 80 42 0 80 44 0 6771 950000 5700 1140114 1163750 1325820
 5689.619914 26303 1600 1600 1600 1600 80 46 0 80 52 0 80 42 0 80 44 0 7015 950000 6650 1138196 1163750 1323494
 5689.819917 26304 1600 1600 1600 1600 80 46 0 80 52 0 80 42 0 80 44 0 7015 950000 6650 1140388 1163750 1325820
 5690.019926 26305 1600 1600 1600 1600 80 46 0 80 52 0 80 42 0 80 44 0 7015 950000 6650 1141758 1163750 1326983
 5690.219917 26306 1600 1600 1600 1600 80 46 0 80 52 0 80 42 0 80 44 0 7015 950000 6650 1141758 1163750 1326983
 5690.419896 26307 1600 1600 1600 1600 80 46 0 80 52 0 80 42 0 80 44 0 7015 950000 6650 1141210 1163750 1326983
 5690.619917 26308 1600 1600 1600 1600 80 46 0 80 52 0 80 42 0 80 44 0 7015 950000 6650 1141210 1163750 1326983
 5690.819918 26309 1600 1600 1600 1600 80 46 0 80 52 0 80 42 0 80 44 0 7015 950000 6650 1139018 1163750 1324657
 5691.019926 26310 1600 1600 1600 1600 80 46 0 80 52 0 80 42 0 80 44 0 7015 950000 6650 1139018 1163750 1324657
 5691.219916 26311 1600 1600 1600 1600 80 46 0 80 52 0 80 42 0 80 44 0 7015 950000 6650 1140114 1163750 1325820
 5691.419918 26312 1600 1600 1600 1600 80 46 0 80 52 0 80 42 0 80 44 0 6771 950000 5700 1142032 1163750 1328146
 5691.619917 26313 1600 1600 1600 1600 80 46 0 80 52 0 80 42 0 80 44 0 7015 950000 6650 1144498 1163750 1330472
 5691.819916 26314 1600 1600 1600 1600 80 46 0 80 52 0 80 42 0 80 44 0 7015 950000 6650 1144498 1163750 1330472
 5692.019923 26315 1600 1600 1600 1600 80 46 0 80 52 0 80 42 0 80 44 0 6771 950000 5700 1142580 1163750 1328146
 5692.219918 26316 1600 1600 1600 1600 80 46 0 80 52 0 80 42 0 80 44 0 6771 950000 5700 1141758 1163750 1326983
 5692.419917 26317 1600 1600 1600 1600 80 46 0 80 52 0 80 42 0 80 44 0 7015 950000 6650 1143128 1163750 1329309
 5692.619900 26318 1600 1600 1600 1600 80 46 0 80 52 0 80 42 0 80 44 0 7015 950000 6650 1143128 1163750 1329309
 5692.819917 26319 1600 1600 1600 1600 80 46 0 80 52 0 80 42 0 80 44 0 7015 950000 6650 1139018 1163750 1324657
 5693.019923 26320 1600 1600 1600 1600 80 46 0 80 52 0 80 42 0 80 44 0 7015 950000 6650 1139018 1163750 1324657
 5693.219917 26321 1600 1600 1600 1600 80 46 0 80 52 0 80 42 0 80 44 0 7015 950000 6650 1140114 1163750 1325820
 5693.419917 26322 1600 1600 1600 1600 80 46 0 80 52 0 80 42 0 80 44 0 7015 950000 6650 1142306 1163750 1328146
 5693.619917 26323 1600 1600 1600 1600 80 46 0 80 52 0 80 42 0 80 44 0 7015 950000 6650 1142306 1163750 1328146
 5693.819917 26324 1600 1600 1600 1600 80 46 0 80 52 0 80 42 0 80 44 0 7015 950000 6650 1142032 1163750 1328146
 5694.019926 26325 1600 1600 1600 1600 80 46 0 80 52 0 80 42 0 80 44 0 7015 950000 6650 1141758 1163750 1326983
 5694.219917 26326 1600 1600 1600 1600 80 46 0 80 52 0 80 42 0 80 44 0 7015 950000 6650 1138470 1163750 1323494
 5694.419917 26327 1600 1600 1600 1600 80 46 0 80 52 0 80 42 0 80 44 0 7015 950000 6650 1138470 1163750 1323494
 5694.619917 26328 1600 1600 1600 1600 80 46 0 80 52 0 80 42 0 80 44 0 7015 950000 6650 1144498 1163750 1330472
 5694.819918 26329 1600 1600 1600 1600 80 46 0 80 52 0 80 42 0 80 44 0 6771 950000 5700 1136552 1163750 1321168
 5695.019926 26330 1600 1600 1600 1600 80 46 0 80 52 0 80 42 0 80 44 0 7015 950000 6650 1136552 1163750 1321168
 5695.219917 26331 1600 1600 1600 1600 80 46 0 80 52 0 80 42 0 80 44 0 7015 950000 6650 1136552 1163750 1321168
 5695.419914 26332 1600 1600 1600 1600 80 46 0 80 52 0 80 42 0 80 44 0 7015 950000 6650 1141210 1163750 1326983
 5695.619918 26333 1600 1600 1600 1600 80 46 0 80 52 0 80 42 0 80 44 0 7015 950000 6650 1142032 1163750 1328146
 5695.819917 26334 1600 1600 1600 1600 80 46 0 80 52 0 80 42 0 80 44 0 7015 950000 6650 1140662 1163750 1325820
 5696.019927 26335 1600 1600 1600 1600 80 46 0 80 52 0 80 42 0 80 44 0 7015 950000 6650 1140662 1163750 1325820
 5696.219917 26336 1600 1600 1600 1600 80 46 0 80 52 0 80 42 0 80 44 0 7015 950000 6650 1139018 1163750 1324657
 5696.419917 26337 1600 1600 1600 1600 80 46 0 80 52 0 80 42 0 80 44 0 7015 950000 6650 1139840 1163750 1324657
 5696.619917 26338 1600 1600 1600 1600 80 46 0 80 52 0 80 42 0 80 44 0 7015 950000 6650 1137922 1163750 1322331
 5696.819917 26339 1600 1600 1600 1600 80 46 0 80 52 0 80 42 0 80 44 0 7015 950000 6650 1137922 1163750 1322331
 5697.019927 26340 1600 1600 1600 1600 80 46 0 80 52 0 80 42 0 80 44 0 7015 950000 6650 1141484 1163750 1326983
 5697.219917 26341 1600 1600 1600 1600 80 46 0 80 52 0 80 42 0 80 44 0 7015 950000 6650 1140388 1163750 1325820
 5697.419918 26342 1600 1600 1600 1600 80 46 0 80 52 0 80 42 0 80 44 0 7015 950000 6650 1141758 1163750 1326983
 5697.619918 26343 1600 1600 1600 1600 80 46 0 80 52 0 80 42 0 80 44 0 7015 950000 6650 1141758 1163750 1326983
 5697.819914 26344 1600 1600 1600 1600 80 46 0 80 52 0 80 42 0 80 44 0 7015 950000 6650 1141758 1163750 1326983
 5698.019926 26345 1600 1600 1600 1600 80 46 0 80 52 0 80 42 0 80 44 0 7015 950000 6650 1138744 1163750 1323494
 5698.219917 26346 1600 1600 1600 1600 80 46 0 80 52 0 80 42 0 80 44 0 7015 950000 6650 1138470 1163750 1323494
 5698.419917 26347 1600 1600 1600 1600 80 46 0 80 52 0 80 42 0 80 44 0 7015 950000 6650 1138470 1163750 1323494
 5698.619918 26348 1600 1600 1600 1600 80 46 0 80 52 0 80 42 0 80 44 0 6771 950000 5700 1139292 1163750 1324657
 5698.819917 26349 1600 1600 1600 1600 80 46 0 80 52 0 80 42 0 80 44 0 7015 950000 6650 1139292 1163750 1324657
 5699.019927 26350 1600 1600 1600 1600 80 46 0 80 52 0 80 42 0 80 44 0 6771 950000 5700 1139566 1163750 1324657
 5699.219896 26351 1600 1600 1600 1600 80 46 0 80 52 0 80 42 0 80 44 0 7015 950000 6650 1142306 1163750 1328146
 5699.419917 26352 1600 1600 1600 1600 80 46 0 80 52 0 80 42 0 80 44 0 7015 950000 6650 1142306 1163750 1328146
 5699.619917 26353 1600 1600 1600 1600 80 46 0 80 52 0 80 42 0 80 44 0 7015 950000 6650 1176830 1163750 1367688
 5699.819917 26354 1600 1600 1600 1600 80 46 0 80 52 0 80 42 0 80 44 0 7015 950000 6650 1137922 1163750 1322331
 5700.019913 26355 1600 1600 1600 1600 80 46 0 80 52 0 80 42 0 80 44 0 7015 950000 6650 1139018 1163750 1324657
 5700.219918 26356 1600 1600 1600 1600 80 46 0 80 52 0 80 42 0 80 44 0 7015 950000 6650 1139018 1163750 1324657
 5700.419897 26357 1600 1600 1600 1600 80 46 0 80 52 0 80 42 0 80 44 0 6771 950000 5700 1138470 1163750 1323494
 5700.619917 26358 1600 1600 1600 1600 80 46 0 80 52 0 80 42 0 80 44 0 6771 950000 5700 1136278 1163750 1321168
 5700.819917 26359 1600 1600 1600 1600 80 46 0 80 52 0 80 42 0 80 44 0 7015 950000 6650 1140114 1163750 1325820
 5701.019927 26360 1600 1600 1600 1600 79 46 0 79 52 0 79 42 0 79 44 0 7015 950000 6650 1140114 1163750 1325820
 5701.219917 26361 1600 1600 1600 1600 79 46 0 79 52 0 79 42 0 79 44 0 7015 950000 6650 1141484 1163750 1326983
 5701.419917 26362 1600 1600 1600 1600 79 46 0 79 52 0 79 42 0 79 44 0 7015 950000 6650 1141484 1163750 1326983
 5701.619918 26363 1600 1600 1600 1600 79 46 0 79 52 0 79 42 0 79 44 0 7015 950000 6650 1139840 1163750 1324657
 5701.819918 26364 1600 1600 1600 1600 79 46 0 79 52 0 79 42 0 79 44 0 7015 950000 6650 1139840 1163750 1324657
 5702.019926 26365 1600 1600 1600 1600 80 46 0 80 52 0 80 42 0 80 44 0 7015 950000 6650 1135730 1163750 1320005
 5702.219917 26366 1600 1600 1600 1600 80 46 0 80 52 0 80 42 0 80 44 0 7015 950000 6650 1138196 1163750 1323494
 5702.419913 26367 1600 1600 1600 1600 80 46 0 80 52 0 80 42 0 80 44 0 7015 950000 6650 1137648 1163750 1322331
 5702.619918 26368 1600 1600 1600 1600 80 46 0 80 52 0 80 42 0 80 44 0 7015 950000 6650 1137648 1163750 1322331
 5702.819917 26369 1600 1600 1600 1600 80 46 0 80 52 0 80 42 0 80 44 0 7015 950000 6650 1141758 1163750 1326983
 5703.019927 26370 1600 1600 1600 1600 80 46 0 80 52 0 80 42 0 80 44 0 7015 950000 6650 1140936 1163750 1325820
 5703.219917 26371 1600 1600 1600 1600 80 46 0 80 52 0 80 42 0 80 44 0 7015 950000 6650 1141484 1163750 1326983
 5703.419917 26372 1600 1600 1600 1600 80 46 0 80 52 0 80 42 0 80 44 0 7015 950000 6650 1141484 1163750 1326983
 5703.619917 26373 1600 1600 1600 1600 80 46 0 80 52 0 80 42 0 80 44 0 7015 950000 6650 1139840 1163750 1324657
 5703.819917 26374 1600 1600 1600 1600 80 46 0 80 52 0 80 42 0 80 44 0 6771 950000 5700 1140388 1163750 1325820
 5704.019927 26375 1600 1600 1600 1600 79 46 0 79 52 0 79 42 0 79 44 0 7015 950000 6650 1138470 1163750 1323494
 5704.219918 26376 1600 1600 1600 1600 79 46 0 79 52 0 79 42 0 79 44 0 7015 950000 6650 1138470 1163750 1323494
 5704.419918 26377 1600 1600 1600 1600 79 46 0 79 52 0 79 42 0 79 44 0 7015 950000 6650 1141484 1163750 1326983
 5704.619917 26378 1600 1600 1600 1600 79 46 0 79 52 0 79 42 0 79 44 0 7015 950000 6650 1144498 1163750 1330472
 5704.819919 26379 1600 1600 1600 1600 79 46 0 79 52 0 79 42 0 79 44 0 7015 950000 6650 1141210 1163750 1326983
 5705.019910 26380 1600 1600 1600 1600 80 46 0 80 52 0 80 42 0 80 44 0 7015 950000 6650 1141210 1163750 1326983
 5705.219917 26381 1600 1600 1600 1600 80 46 0 80 52 0 80 42 0 80 44 0 6771 950000 5700 1142306 1163750 1328146
 5705.419918 26382 1600 1600 1600 1600 80 46 0 80 52 0 80 42 0 80 44 0 7015 950000 6650 1139566 1163750 1324657
 5705.619919 26383 1600 1600 1600 1600 80 46 0 80 52 0 80 42 0 80 44 0 7015 950000 6650 1138744 1163750 1323494
 5705.819894 26384 1600 1600 1600 1600 80 46 0 80 52 0 80 42 0 80 44 0 7015 950000 6650 1136004 1163750 1321168
 5706.019929 26385 1600 1600 1600 1600 79 46 0 79 52 0 79 42 0 79 44 0 7015 950000 6650 1136004 1163750 1321168
 5706.219918 26386 1600 1600 1600 1600 79 46 0 79 52 0 79 42 0 79 44 0 7015 950000 6650 1141484 1163750 1326983
 5706.419918 26387 1600 1600 1600 1600 79 46 0 79 52 0 79 42 0 79 44 0 7015 950000 6650 1140388 1163750 1325820
 5706.619919 26388 1600 1600 1600 1600 79 46 0 79 52 0 79 42 0 79 44 0 7015 950000 6650 1140662 1163750 1325820
 5706.819917 26389 1600 1600 1600 1600 79 46 0 79 52 0 79 42 0 79 44 0 7015 950000 6650 1140662 1163750 1325820
 5707.019927 26390 1600 1600 1600 1600 80 46 0 80 52 0 80 42 0 80 44 0 6771 950000 5700 1139018 1163750 1324657
 5707.219918 26391 1600 1600 1600 1600 80 46 0 80 52 0 80 42 0 80 44 0 7015 950000 6650 1138744 1163750 1323494
 5707.419917 26392 1600 1600 1600 1600 80 46 0 80 52 0 80 42 0 80 44 0 7015 950000 6650 1138744 1163750 1323494
 5707.619917 26393 1600 1600 1600 1600 80 46 0 80 52 0 80 42 0 80 44 0 7015 950000 6650 1138744 1163750 1323494
 5707.819917 26394 1600 1600 1600 1600 80 46 0 80 52 0 80 42 0 80 44 0 6771 950000 5700 1136826 1163750 1321168
 5708.019926 26395 1600 1600 1600 1600 80 46 0 80 52 0 80 42 0 80 44 0 7015 950000 6650 1136278 1163750 1321168
 5708.219915 26396 1600 1600 1600 1600 80 46 0 80 52 0 80 42 0 80 44 0 7015 950000 6650 1140662 1163750 1325820
 5708.419917 26397 1600 1600 1600 1600 80 46 0 80 52 0 80 42 0 80 44 0 7015 950000 6650 1140662 1163750 1325820
 5708.619918 26398 1600 1600 1600 1600 80 46 0 80 52 0 80 42 0 80 44 0 7015 950000 6650 1141758 1163750 1326983
 5708.819917 26399 1600 1600 1600 1600 80 46 0 80 52 0 80 42 0 80 44 0 7015 950000 6650 1138744 1163750 1323494
 5709.019927 26400 1600 1600 1600 1600 79 46 0 79 52 0 79 42 0 79 44 0 6771 950000 5700 1139566 1163750 1324657
 5709.219917 26401 1600 1600 1600 1600 79 46 0 79 52 0 79 42 0 79 44 0 6771 950000 5700 1139566 1163750 1324657
 5709.419917 26402 1600 1600 1600 1600 79 46 0 79 52 0 79 42 0 79 44 0 7015 950000 6650 1138744 1163750 1323494
 5709.619917 26403 1600 1600 1600 1600 79 46 0 79 52 0 79 42 0 79 44 0 7015 950000 6650 1137100 1163750 1322331
 5709.819918 26404 1600 1600 1600 1600 79 46 0 79 52 0 79 42 0 79 44 0 7015 950000 6650 1136826 1163750 1321168
 5710.019926 26405 1600 1600 1600 1600 79 46 0 79 52 0 79 42 0 79 44 0 7015 950000 6650 1136826 1163750 1321168
 5710.219917 26406 1600 1600 1600 1600 79 46 0 79 52 0 79 42 0 79 44 0 6771 950000 5700 1140388 1163750 1325820
 5710.419897 26407 1600 1600 1600 1600 79 46 0 79 52 0 79 42 0 79 44 0 7015 950000 6650 1139018 1163750 1324657
 5710.619915 26408 1600 1600 1600 1600 79 46 0 79 52 0 79 42 0 79 44 0 7015 950000 6650 1140662 1163750 1325820
 5710.819918 26409 1600 1600 1600 1600 79 46 0 79 52 0 79 42 0 79 44 0 7015 950000 6650 1140662 1163750 1325820
 5711.019927 26410 1600 1600 1600 1600 79 46 0 79 52 0 79 42 0 79 44 0 6771 950000 5700 1136826 1163750 1321168
 5711.219917 26411 1600 1600 1600 1600 79 46 0 79 52 0 79 42 0 79 44 0 7015 950000 6650 1136278 1163750 1321168
 5711.419917 26412 1600 1600 1600 1600 79 46 0 79 52 0 79 42 0 79 44 0 7015 950000 6650 1136004 1163750 1321168
 5711.619900 26413 1600 1600 1600 1600 79 46 0 79 52 0 79 42 0 79 44 0 7015 950000 6650 1136004 1163750 1321168
 5711.819917 26414 1600 1600 1600 1600 79 46 0 79 52 0 79 42 0 79 44 0 6771 950000 5700 1138744 1163750 1323494
 5712.019927 26415 1600 1600 1600 1600 79 46 0 79 52 0 79 42 0 79 44 0 7015 950000 6650 1138744 1163750 1323494
 5712.219918 26416 1600 1600 1600 1600 79 46 0 79 52 0 79 42 0 79 44 0 6771 950000 5700 1141758 1163750 1326983
 5712.419918 26417 1600 1600 1600 1600 79 46 0 79 52 0 79 42 0 79 44 0 6771 950000 5700 1139018 1163750 1324657
 5712.619918 26418 1600 1600 1600 1600 79 46 0 79 52 0 79 42 0 79 44 0 6771 950000 5700 1139018 1163750 1324657
 5712.819918 26419 1600 1600 1600 1600 79 46 0 79 52 0 79 42 0 79 44 0 7015 950000 6650 1136552 1163750 1321168
 5713.019923 26420 1600 1600 1600 1600 79 46 0 79 52 0 79 42 0 79 44 0 7015 950000 6650 1135456 1163750 1320005
 5713.219917 26421 1600 1600 1600 1600 79 46 0 79 52 0 79 42 0 79 44 0 6771 950000 5700 1137374 1163750 1322331
 5713.419917 26422 1600 1600 1600 1600 79 46 0 79 52 0 79 42 0 79 44 0 6771 950000 5700 1137374 1163750 1322331
 5713.619918 26423 1600 1600 1600 1600 79 46 0 79 52 0 79 42 0 79 44 0 7015 950000 6650 1137648 1163750 1322331
 5713.819918 26424 1600 1600 1600 1600 79 46 0 79 52 0 79 42 0 79 44 0 6771 950000 5700 1141210 1163750 1326983
 5714.019926 26425 1600 1600 1600 1600 79 46 0 79 52 0 79 42 0 79 44 0 7015 950000 6650 1141210 1163750 1326983
 5714.219918 26426 1600 1600 1600 1600 79 46 0 79 52 0 79 42 0 79 44 0 7015 950000 6650 1141210 1163750 1326983
 5714.419917 26427 1600 1600 1600 1600 79 46 0 79 52 0 79 42 0 79 44 0 6771 950000 5700 1142854 1163750 1328146
 5714.619917 26428 1600 1600 1600 1600 79 46 0 79 52 0 79 42 0 79 44 0 6771 950000 5700 1139018 1163750 1324657
 5714.819917 26429 1600 1600 1600 1600 79 46 0 79 52 0 79 42 0 79 44 0 6771 950000 5700 1136826 1163750 1321168
 5715.019926 26430 1600 1600 1600 1600 79 46 0 79 52 0 79 42 0 79 44 0 6771 950000 5700 1136826 1163750 1321168
 5715.219917 26431 1600 1600 1600 1600 79 46 0 79 52 0 79 42 0 79 44 0 6771 950000 5700 1139566 1163750 1324657
 5715.419914 26432 1600 1600 1600 1600 79 46 0 79 52 0 79 42 0 79 44 0 6771 950000 5700 1139840 1163750 1324657
 5715.619918 26433 1600 1600 1600 1600 79 46 0 79 52 0 79 42 0 79 44 0 7015 950000 6650 1138196 1163750 1323494
 5715.819917 26434 1600 1600 1600 1600 79 46 0 79 52 0 79 42 0 79 44 0 7015 950000 6650 1138196 1163750 1323494
 5716.019927 26435 1600 1600 1600 1600 79 46 0 79 52 0 79 42 0 79 44 0 7015 950000 6650 1141210 1163750 1326983
 5716.219918 26436 1600 1600 1600 1600 79 46 0 79 52 0 79 42 0 79 44 0 7015 950000 6650 1140388 1163750 1325820
 5716.419914 26437 1600 1600 1600 1600 79 46 0 79 52 0 79 42 0 79 44 0 7015 950000 6650 1137374 1163750 1322331
 5716.619918 26438 1600 1600 1600 1600 79 46 0 79 52 0 79 42 0 79 44 0 7015 950000 6650 1137374 1163750 1322331
 5716.819917 26439 1600 1600 1600 1600 79 46 0 79 52 0 79 42 0 79 44 0 6771 950000 5700 1136004 1163750 1321168
 5717.019927 26440 1600 1600 1600 1600 79 46 0 79 52 0 79 42 0 79 44 0 7015 950000 6650 1136552 1163750 1321168
 5717.219917 26441 1600 1600 1600 1600 79 46 0 79 52 0 79 42 0 79 44 0 7015 950000 6650 1136552 1163750 1321168
 5717.419917 26442 1600 1600 1600 1600 79 46 0 79 52 0 79 42 0 79 44 0 7015 950000 6650 1136552 1163750 1321168
 5717.619918 26443 1600 1600 1600 1600 79 46 0 79 52 0 79 42 0 79 44 0 7015 950000 6650 1138744 1163750 1323494
 5717.819916 26444 1600 1600 1600 1600 79 46 0 79 52 0 79 42 0 79 44 0 7015 950000 6650 1138744 1163750 1323494
 5718.019926 26445 1600 1600 1600 1600 79 46 0 79 52 0 79 42 0 79 44 0 7015 950000 6650 1140662 1163750 1325820
 5718.219896 26446 1600 1600 1600 1600 79 46 0 79 52 0 79 42 0 79 44 0 7015 950000 6650 1135182 1163750 1320005
 5718.419918 26447 1600 1600 1600 1600 79 46 0 79 52 0 79 42 0 79 44 0 7015 950000 6650 1135182 1163750 1320005
 5718.619917 26448 1600 1600 1600 1600 79 46 0 79 52 0 79 42 0 79 44 0 7015 950000 6650 1136826 1163750 1321168
 5718.819914 26449 1600 1600 1600 1600 79 46 0 79 52 0 79 42 0 79 44 0 7015 950000 6650 1136278 1163750 1321168
 5719.019926 26450 1600 1600 1600 1600 79 46 0 79 52 0 79 42 0 79 44 0 7015 950000 6650 1138744 1163750 1323494
 5719.219918 26451 1600 1600 1600 1600 79 46 0 79 52 0 79 42 0 79 44 0 7015 950000 6650 1138744 1163750 1323494
 5719.419917 26452 1600 1600 1600 1600 79 46 0 79 52 0 79 42 0 79 44 0 6771 950000 5700 1139292 1163750 1324657
 5719.619918 26453 1600 1600 1600 1600 79 46 0 79 52 0 79 42 0 79 44 0 6771 950000 5700 1140662 1163750 1325820
 5719.819917 26454 1600 1600 1600 1600 79 46 0 79 52 0 79 42 0 79 44 0 7015 950000 6650 1139840 1163750 1324657
 5720.019926 26455 1600 1600 1600 1600 79 46 0 79 52 0 79 42 0 79 44 0 7015 950000 6650 1139840 1163750 1324657
 5720.219917 26456 1600 1600 1600 1600 79 46 0 79 52 0 79 42 0 79 44 0 6771 950000 5700 1137100 1163750 1322331
 5720.419896 26457 1600 1600 1600 1600 79 46 0 79 52 0 79 42 0 79 44 0 7015 950000 6650 1137374 1163750 1322331
 5720.619918 26458 1600 1600 1600 1600 79 46 0 79 52 0 79 42 0 79 44 0 7015 950000 6650 1137922 1163750 1322331
 5720.819917 26459 1600 1600 1600 1600 79 46 0 79 52 0 79 42 0 79 44 0 7015 950000 6650 1137922 1163750 1322331
 5721.019929 26460 1600 1600 1600 1600 79 46 0 79 52 0 79 42 0 79 44 0 6771 950000 5700 1140662 1163750 1325820
 5721.219915 26461 1600 1600 1600 1600 79 46 0 79 52 0 79 42 0 79 44 0 6771 950000 5700 1140388 1163750 1325820
 5721.419917 26462 1600 1600 1600 1600 79 46 0 79 52 0 79 42 0 79 44 0 6771 950000 5700 1138744 1163750 1323494
 5721.619918 26463 1600 1600 1600 1600 79 46 0 79 52 0 79 42 0 79 44 0 6771 950000 5700 1138744 1163750 1323494
 5721.819917 26464 1600 1600 1600 1600 79 46 0 79 52 0 79 42 0 79 44 0 6771 950000 5700 1139292 1163750 1324657
 5722.019926 26465 1600 1600 1600 1600 79 46 0 79 52 0 79 42 0 79 44 0 6771 950000 5700 1135456 1163750 1320005
 5722.219918 26466 1600 1600 1600 1600 79 46 0 79 52 0 79 42 0 79 44 0 6771 950000 5700 1133264 1163750 1317679
 5722.419917 26467 1600 1600 1600 1600 79 46 0 79 52 0 79 42 0 79 44 0 6771 950000 5700 1133264 1163750 1317679
 5722.619918 26468 1600 1600 1600 1600 79 46 0 79 52 0 79 42 0 79 44 0 7015 950000 6650 1136826 1163750 1321168
 5722.819918 26469 1600 1600 1600 1600 79 46 0 79 52 0 79 42 0 79 44 0 6771 950000 5700 1136004 1163750 1321168
 5723.019926 26470 1600 1600 1600 1600 79 46 0 79 52 0 79 42 0 79 44 0 7015 950000 6650 1136278 1163750 1321168
 5723.219917 26471 1600 1600 1600 1600 79 46 0 79 52 0 79 42 0 79 44 0 7015 950000 6650 1136278 1163750 1321168
 5723.419917 26472 1600 1600 1600 1600 79 46 0 79 52 0 79 42 0 79 44 0 7015 950000 6650 1138470 1163750 1323494
 5723.619914 26473 1600 1600 1600 1600 79 46 0 79 52 0 79 42 0 79 44 0 6771 950000 5700 1138744 1163750 1323494
 5723.819917 26474 1600 1600 1600 1600 79 46 0 79 52 0 79 42 0 79 44 0 6771 950000 5700 1133812 1163750 1317679
 5724.019908 26475 1600 1600 1600 1600 79 46 0 79 52 0 79 42 0 79 44 0 6771 950000 5700 1133812 1163750 1317679
 5724.219917 26476 1600 1600 1600 1600 79 46 0 79 52 0 79 42 0 79 44 0 7015 950000 6650 1134360 1163750 1318842
 5724.419917 26477 1600 1600 1600 1600 79 46 0 79 52 0 79 42 0 79 44 0 6771 950000 5700 1137100 1163750 1322331
 5724.619917 26478 1600 1600 1600 1600 79 46 0 79 52 0 79 42 0 79 44 0 7015 950000 6650 1139566 1163750 1324657
 5724.819918 26479 1600 1600 1600 1600 79 46 0 79 52 0 79 42 0 79 44 0 6771 950000 5700 1137648 1163750 1322331
 5725.019926 26480 1600 1600 1600 1600 79 46 0 79 52 0 79 42 0 79 44 0 6771 950000 5700 1137648 1163750 1322331
 5725.219917 26481 1600 1600 1600 1600 79 46 0 79 52 0 79 42 0 79 44 0 6771 950000 5700 1139566 1163750 1324657
 5725.419917 26482 1600 1600 1600 1600 79 46 0 79 52 0 79 42 0 79 44 0 6771 950000 5700 1139840 1163750 1324657
 5725.619917 26483 1600 1600 1600 1600 79 46 0 79 52 0 79 42 0 79 44 0 7015 950000 6650 1135456 1163750 1320005
 5725.819917 26484 1600 1600 1600 1600 79 46 0 79 52 0 79 42 0 79 44 0 7015 950000 6650 1135456 1163750 1320005
 5726.019923 26485 1600 1600 1600 1600 79 46 0 79 52 0 79 42 0 79 44 0 6771 950000 5700 1137374 1163750 1322331
 5726.219917 26486 1600 1600 1600 1600 79 46 0 79 52 0 79 42 0 79 44 0 7015 950000 6650 1138470 1163750 1323494
 5726.419917 26487 1600 1600 1600 1600 79 46 0 79 52 0 79 42 0 79 44 0 7015 950000 6650 1139840 1163750 1324657
 5726.619918 26488 1600 1600 1600 1600 79 46 0 79 52 0 79 42 0 79 44 0 7015 950000 6650 1139840 1163750 1324657
 5726.819917 26489 1600 1600 1600 1600 79 46 0 79 52 0 79 42 0 79 44 0 6771 950000 5700 1140662 1163750 1325820
 5727.019927 26490 1600 1600 1600 1600 79 46 0 79 52 0 79 42 0 79 44 0 6771 950000 5700 1141758 1163750 1326983
 5727.219917 26491 1600 1600 1600 1600 79 46 0 79 52 0 79 42 0 79 44 0 7015 950000 6650 1139018 1163750 1324657
 5727.419917 26492 1600 1600 1600 1600 79 46 0 79 52 0 79 42 0 79 44 0 7015 950000 6650 1139018 1163750 1324657
 5727.619917 26493 1600 1600 1600 1600 79 46 0 79 52 0 79 42 0 79 44 0 7015 950000 6650 1135456 1163750 1320005
 5727.819917 26494 1600 1600 1600 1600 79 46 0 79 52 0 79 42 0 79 44 0 6771 950000 5700 1138196 1163750 1323494
 5728.019926 26495 1600 1600 1600 1600 79 46 0 79 52 0 79 42 0 79 44 0 7015 950000 6650 1135730 1163750 1320005
 5728.219917 26496 1600 1600 1600 1600 79 46 0 79 52 0 79 42 0 79 44 0 7015 950000 6650 1135730 1163750 1320005
 5728.419914 26497 1600 1600 1600 1600 79 46 0 79 52 0 79 42 0 79 44 0 6771 950000 5700 1138470 1163750 1323494
 5728.619918 26498 1600 1600 1600 1600 79 46 0 79 52 0 79 42 0 79 44 0 6771 950000 5700 1141484 1163750 1326983
 5728.819917 26499 1600 1600 1600 1600 79 46 0 79 52 0 79 42 0 79 44 0 7015 950000 6650 1137374 1163750 1322331
 5729.019927 26500 1600 1600 1600 1600 79 46 0 79 52 0 79 42 0 79 44 0 7015 950000 6650 1137374 1163750 1322331
 5729.219917 26501 1600 1600 1600 1600 79 46 0 79 52 0 79 42 0 79 44 0 7015 950000 6650 1139018 1163750 1324657
 5729.419918 26502 1600 1600 1600 1600 79 46 0 79 52 0 79 42 0 79 44 0 7015 950000 6650 1140388 1163750 1325820
 5729.619917 26503 1600 1600 1600 1600 79 46 0 79 52 0 79 42 0 79 44 0 6771 950000 5700 1134908 1163750 1318842
 5729.819917 26504 1600 1600 1600 1600 79 46 0 79 52 0 79 42 0 79 44 0 6771 950000 5700 1134908 1163750 1318842
 5730.019927 26505 1600 1600 1600 1600 79 46 0 79 52 0 79 42 0 79 44 0 7015 950000 6650 1137922 1163750 1322331
 5730.219917 26506 1600 1600 1600 1600 79 46 0 79 52 0 79 42 0 79 44 0 6771 950000 5700 1136826 1163750 1321168
 5730.419896 26507 1600 1600 1600 1600 79 46 0 79 52 0 79 42 0 79 44 0 7015 950000 6650 1137374 1163750 1322331
 5730.619847 26508 1600 1600 1600 1600 79 46 0 79 52 0 79 42 0 79 44 0 6771 950000 5700 1138196 1163750 1323494
 5730.819917 26509 1600 1600 1600 1600 79 46 0 79 52 0 79 42 0 79 44 0 6771 950000 5700 1138196 1163750 1323494
 5731.019927 26510 1600 1600 1600 1600 79 46 0 79 52 0 79 42 0 79 44 0 6771 950000 5700 1138196 1163750 1323494
 5731.219918 26511 1600 1600 1600 1600 79 46 0 79 52 0 79 42 0 79 44 0 6771 950000 5700 1136278 1163750 1321168
 5731.419917 26512 1600 1600 1600 1600 79 46 0 79 52 0 79 42 0 79 44 0 7015 950000 6650 1133812 1163750 1317679
 5731.619917 26513 1600 1600 1600 1600 79 46 0 79 52 0 79 42 0 79 44 0 7015 950000 6650 1133812 1163750 1317679
 5731.819914 26514 1600 1600 1600 1600 79 46 0 79 52 0 79 42 0 79 44 0 6771 950000 5700 1136278 1163750 1321168
 5732.019926 26515 1600 1600 1600 1600 79 46 0 79 52 0 79 42 0 79 44 0 7015 950000 6650 1136278 1163750 1321168
 5732.219917 26516 1600 1600 1600 1600 79 46 0 79 52 0 79 42 0 79 44 0 6771 950000 5700 1136278 1163750 1321168
 5732.419917 26517 1600 1600 1600 1600 79 46 0 79 52 0 79 42 0 79 44 0 6771 950000 5700 1136278 1163750 1321168
 5732.619917 26518 1600 1600 1600 1600 79 46 0 79 52 0 79 42 0 79 44 0 6771 950000 5700 1138470 1163750 1323494
 5732.819917 26519 1600 1600 1600 1600 79 46 0 79 52 0 79 42 0 79 44 0 6771 950000 5700 1138744 1163750 1323494
 5733.019926 26520 1600 1600 1600 1600 79 46 0 79 52 0 79 42 0 79 44 0 7015 950000 6650 1133264 1163750 1317679
 5733.219917 26521 1600 1600 1600 1600 79 46 0 79 52 0 79 42 0 79 44 0 7015 950000 6650 1133264 1163750 1317679
 5733.419918 26522 1600 1600 1600 1600 79 46 0 79 52 0 79 42 0 79 44 0 6771 950000 5700 1134360 1163750 1318842
 5733.619918 26523 1600 1600 1600 1600 79 46 0 79 52 0 79 42 0 79 44 0 7015 950000 6650 1136004 1163750 1321168
 5733.819917 26524 1600 1600 1600 1600 79 46 0 79 52 0 79 42 0 79 44 0 6771 950000 5700 1135182 1163750 1320005
 5734.019926 26525 1600 1600 1600 1600 79 46 0 79 52 0 79 42 0 79 44 0 6771 950000 5700 1135182 1163750 1320005
 5734.219914 26526 1600 1600 1600 1600 79 46 0 79 52 0 79 42 0 79 44 0 6771 950000 5700 1134908 1163750 1318842
 5734.419917 26527 1600 1600 1600 1600 79 46 0 79 52 0 79 42 0 79 44 0 7015 950000 6650 1137374 1163750 1322331
 5734.619918 26528 1600 1600 1600 1600 79 46 0 79 52 0 79 42 0 79 44 0 7015 950000 6650 1159842 1163750 1347917
 5734.819917 26529 1600 1600 1600 1600 79 46 0 79 52 0 79 42 0 79 44 0 7015 950000 6650 1159842 1163750 1347917
 5735.019927 26530 1600 1600 1600 1600 79 46 0 79 52 0 79 42 0 79 44 0 6771 950000 5700 1135730 1163750 1320005
 5735.219918 26531 1600 1600 1600 1600 79 46 0 79 52 0 79 42 0 79 44 0 7015 950000 6650 1135456 1163750 1320005
 5735.419918 26532 1600 1600 1600 1600 79 46 0 79 52 0 79 42 0 79 44 0 6771 950000 5700 1138196 1163750 1323494
 5735.619917 26533 1600 1600 1600 1600 79 46 0 79 52 0 79 42 0 79 44 0 6771 950000 5700 1138196 1163750 1323494
 5735.819918 26534 1600 1600 1600 1600 79 46 0 79 52 0 79 42 0 79 44 0 6771 950000 5700 1139292 1163750 1324657
 5736.019928 26535 1600 1600 1600 1600 79 46 0 79 52 0 79 42 0 79 44 0 6771 950000 5700 1138196 1163750 1323494
 5736.219918 26536 1600 1600 1600 1600 79 46 0 79 52 0 79 42 0 79 44 0 6771 950000 5700 1140114 1163750 1325820
 5736.419900 26537 1600 1600 1600 1600 79 46 0 79 52 0 79 42 0 79 44 0 6771 950000 5700 1140114 1163750 1325820
 5736.619914 26538 1600 1600 1600 1600 79 46 0 79 52 0 79 42 0 79 44 0 6771 950000 5700 1140936 1163750 1325820
 5736.819918 26539 1600 1600 1600 1600 79 46 0 79 52 0 79 42 0 79 44 0 6771 950000 5700 1136826 1163750 1321168
 5737.019927 26540 1600 1600 1600 1600 79 46 0 79 52 0 79 42 0 79 44 0 6771 950000 5700 1136552 1163750 1321168
 5737.219897 26541 1600 1600 1600 1600 79 46 0 79 52 0 79 42 0 79 44 0 7015 950000 6650 1137648 1163750 1322331
 5737.419918 26542 1600 1600 1600 1600 79 46 0 79 52 0 79 42 0 79 44 0 7015 950000 6650 1137648 1163750 1322331
 5737.619918 26543 1600 1600 1600 1600 79 46 0 79 52 0 79 42 0 79 44 0 6771 950000 5700 1136004 1163750 1321168
 5737.819918 26544 1600 1600 1600 1600 79 46 0 79 52 0 79 42 0 79 44 0 6771 950000 5700 1139018 1163750 1324657
 5738.019927 26545 1600 1600 1600 1600 79 46 0 79 52 0 79 42 0 79 44 0 6771 950000 5700 1138744 1163750 1323494
 5738.219917 26546 1600 1600 1600 1600 79 46 0 79 52 0 79 42 0 79 44 0 6771 950000 5700 1138744 1163750 1323494
 5738.419918 26547 1600 1600 1600 1600 79 46 0 79 52 0 79 42 0 79 44 0 7015 950000 6650 1136552 1163750 1321168
 5738.619918 26548 1600 1600 1600 1600 79 46 0 79 52 0 79 42 0 79 44 0 6771 950000 5700 1133812 1163750 1317679
 5738.819914 26549 1600 1600 1600 1600 79 46 0 79 52 0 79 42 0 79 44 0 6771 950000 5700 1133538 1163750 1317679
 5739.019926 26550 1600 1600 1600 1600 79 46 0 79 52 0 79 42 0 79 44 0 6771 950000 5700 1133538 1163750 1317679
 5739.219918 26551 1600 1600 1600 1600 79 46 0 79 52 0 79 42 0 79 44 0 6771 950000 5700 1137100 1163750 1322331
 5739.419917 26552 1600 1600 1600 1600 79 46 0 79 52 0 79 42 0 79 44 0 6771 950000 5700 1134908 1163750 1318842
 5739.619918 26553 1600 1600 1600 1600 79 46 0 79 52 0 79 42 0 79 44 0 6771 950000 5700 1136826 1163750 1321168
 5739.819917 26554 1600 1600 1600 1600 79 46 0 79 52 0 79 42 0 79 44 0 6771 950000 5700 1136826 1163750 1321168
 5740.019927 26555 1600 1600 1600 1600 79 46 0 79 52 0 79 42 0 79 44 0 6771 950000 5700 1135182 1163750 1320005
 5740.219917 26556 1600 1600 1600 1600 79 46 0 79 52 0 79 42 0 79 44 0 7015 950000 6650 1136004 1163750 1321168
 5740.419895 26557 1600 1600 1600 1600 79 46 0 79 52 0 79 42 0 79 44 0 7015 950000 6650 1134086 1163750 1318842
 5740.619917 26558 1600 1600 1600 1600 79 46 0 79 52 0 79 42 0 79 44 0 7015 950000 6650 1134086 1163750 1318842
 5740.819917 26559 1600 1600 1600 1600 79 46 0 79 52 0 79 42 0 79 44 0 6771 950000 5700 1134908 1163750 1318842
 5741.019927 26560 1600 1600 1600 1600 79 46 0 79 52 0 79 42 0 79 44 0 6771 950000 5700 1132990 1163750 1316516
 5741.219915 26561 1600 1600 1600 1600 79 46 0 79 52 0 79 42 0 79 44 0 6771 950000 5700 1135182 1163750 1320005
 5741.419918 26562 1600 1600 1600 1600 79 46 0 79 52 0 79 42 0 79 44 0 6771 950000 5700 1135182 1163750 1320005
 5741.619918 26563 1600 1600 1600 1600 79 46 0 79 52 0 79 42 0 79 44 0 6771 950000 5700 1141210 1163750 1326983
 5741.819917 26564 1600 1600 1600 1600 79 46 0 79 52 0 79 42 0 79 44 0 7015 950000 6650 1138196 1163750 1323494
 5742.019930 26565 1600 1600 1600 1600 79 46 0 79 52 0 79 42 0 79 44 0 6771 950000 5700 1137922 1163750 1322331
 5742.219955 26566 1600 1600 1600 1600 79 46 0 79 52 0 79 42 0 79 44 0 6771 950000 5700 1137922 1163750 1322331
 5742.419917 26567 1600 1600 1600 1600 79 46 0 79 52 0 79 42 0 79 44 0 6771 950000 5700 1135182 1163750 1320005
 5742.619917 26568 1600 1600 1600 1600 79 46 0 79 52 0 79 42 0 79 44 0 6771 950000 5700 1136826 1163750 1321168
 5742.819917 26569 1600 1600 1600 1600 79 46 0 79 52 0 79 42 0 79 44 0 6771 950000 5700 1134908 1163750 1318842
 5743.019909 26570 1600 1600 1600 1600 79 46 0 79 52 0 79 42 0 79 44 0 6771 950000 5700 1134908 1163750 1318842
 5743.219917 26571 1600 1600 1600 1600 79 46 0 79 52 0 79 42 0 79 44 0 7015 950000 6650 1136278 1163750 1321168
 5743.419917 26572 1600 1600 1600 1600 79 46 0 79 52 0 79 42 0 79 44 0 7015 950000 6650 1137648 1163750 1322331
 5743.619914 26573 1600 1600 1600 1600 79 46 0 79 52 0 79 42 0 79 44 0 6771 950000 5700 1137100 1163750 1322331
 5743.819918 26574 1600 1600 1600 1600 79 46 0 79 52 0 79 42 0 79 44 0 6771 950000 5700 1137648 1163750 1322331
 5744.019925 26575 1600 1600 1600 1600 79 46 0 79 52 0 79 42 0 79 44 0 6771 950000 5700 1137648 1163750 1322331
 5744.219917 26576 1600 1600 1600 1600 79 46 0 79 52 0 79 42 0 79 44 0 6771 950000 5700 1133264 1163750 1317679
 5744.419916 26577 1600 1600 1600 1600 79 46 0 79 52 0 79 42 0 79 44 0 6771 950000 5700 1134634 1163750 1318842
 5744.619917 26578 1600 1600 1600 1600 79 46 0 79 52 0 79 42 0 79 44 0 6771 950000 5700 1134634 1163750 1318842
 5744.819916 26579 1600 1600 1600 1600 79 46 0 79 52 0 79 42 0 79 44 0 6771 950000 5700 1134634 1163750 1318842
 5745.019925 26580 1600 1600 1600 1600 79 46 0 79 52 0 79 42 0 79 44 0 6771 950000 5700 1134086 1163750 1318842
 5745.219918 26581 1600 1600 1600 1600 79 46 0 79 52 0 79 42 0 79 44 0 6771 950000 5700 1136004 1163750 1321168
 5745.419917 26582 1600 1600 1600 1600 79 46 0 79 52 0 79 42 0 79 44 0 7015 950000 6650 1134908 1163750 1318842
 5745.619917 26583 1600 1600 1600 1600 79 46 0 79 52 0 79 42 0 79 44 0 7015 950000 6650 1134908 1163750 1318842
 5745.819918 26584 1600 1600 1600 1600 79 46 0 79 52 0 79 42 0 79 44 0 6771 950000 5700 1135730 1163750 1320005
 5746.019927 26585 1600 1600 1600 1600 79 46 0 79 52 0 79 42 0 79 44 0 6771 950000 5700 1132168 1163750 1316516
 5746.219918 26586 1600 1600 1600 1600 79 46 0 79 52 0 79 42 0 79 44 0 6771 950000 5700 1135456 1163750 1320005
 5746.419917 26587 1600 1600 1600 1600 79 46 0 79 52 0 79 42 0 79 44 0 6771 950000 5700 1135456 1163750 1320005
 5746.619917 26588 1600 1600 1600 1600 79 46 0 79 52 0 79 42 0 79 44 0 6771 950000 5700 1135730 1163750 1320005
 5746.819918 26589 1600 1600 1600 1600 79 46 0 79 52 0 79 42 0 79 44 0 6771 950000 5700 1134908 1163750 1318842
 5747.019922 26590 1600 1600 1600 1600 78 46 0 78 52 0 78 42 0 78 44 0 6771 950000 5700 1138196 1163750 1323494
 5747.219918 26591 1600 1600 1600 1600 78 46 0 78 52 0 78 42 0 78 44 0 6771 950000 5700 1138196 1163750 1323494
 5747.419917 26592 1600 1600 1600 1600 78 46 0 78 52 0 78 42 0 78 44 0 6771 950000 5700 1137374 1163750 1322331
 5747.619917 26593 1600 1600 1600 1600 78 46 0 78 52 0 78 42 0 78 44 0 6771 950000 5700 1137100 1163750 1322331
 5747.819917 26594 1600 1600 1600 1600 78 46 0 78 52 0 78 42 0 78 44 0 6771 950000 5700 1134360 1163750 1318842
 5748.019926 26595 1600 1600 1600 1600 79 46 0 79 52 0 79 42 0 79 44 0 6771 950000 5700 1134360 1163750 1318842
 5748.219897 26596 1600 1600 1600 1600 79 46 0 79 52 0 79 42 0 79 44 0 6771 950000 5700 1136004 1163750 1321168
 5748.419896 26597 1600 1600 1600 1600 79 46 0 79 52 0 79 42 0 79 44 0 7015 950000 6650 1135730 1163750 1320005
 5748.619896 26598 1600 1600 1600 1600 79 46 0 79 52 0 79 42 0 79 44 0 6771 950000 5700 1136004 1163750 1321168
 5748.819896 26599 1600 1600 1600 1600 79 46 0 79 52 0 79 42 0 79 44 0 6771 950000 5700 1136004 1163750 1321168
 5749.019905 26600 1600 1600 1600 1600 78 46 0 78 52 0 78 42 0 78 44 0 6771 950000 5700 1135730 1163750 1320005
 5749.219897 26601 1600 1600 1600 1600 78 46 0 78 52 0 78 42 0 78 44 0 6771 950000 5700 1137374 1163750 1322331
 5749.419893 26602 1600 1600 1600 1600 78 46 0 78 52 0 78 42 0 78 44 0 6771 950000 5700 1136826 1163750 1321168
 5749.619850 26603 1600 1600 1600 1600 78 46 0 78 52 0 78 42 0 78 44 0 6771 950000 5700 1135730 1163750 1320005
 5749.819896 26604 1600 1600 1600 1600 78 46 0 78 52 0 78 42 0 78 44 0 6771 950000 5700 1135730 1163750 1320005
 5750.019905 26605 1600 1600 1600 1600 78 46 0 78 52 0 78 42 0 78 44 0 7015 950000 6650 1133264 1163750 1317679
 5750.219896 26606 1600 1600 1600 1600 78 46 0 78 52 0 78 42 0 78 44 0 6771 950000 5700 1133812 1163750 1317679
 5750.419896 26607 1600 1600 1600 1600 78 46 0 78 52 0 78 42 0 78 44 0 6771 950000 5700 1134634 1163750 1318842
 5750.619896 26608 1600 1600 1600 1600 78 46 0 78 52 0 78 42 0 78 44 0 6771 950000 5700 1134634 1163750 1318842
 5750.819897 26609 1600 1600 1600 1600 78 46 0 78 52 0 78 42 0 78 44 0 6771 950000 5700 1136552 1163750 1321168
 5751.019859 26610 1600 1600 1600 1600 78 46 0 78 52 0 78 42 0 78 44 0 6771 950000 5700 1139018 1163750 1324657
 5751.219850 26611 1600 1600 1600 1600 78 46 0 78 52 0 78 42 0 78 44 0 6771 950000 5700 1134634 1163750 1318842
 5751.419850 26612 1600 1600 1600 1600 78 46 0 78 52 0 78 42 0 78 44 0 6771 950000 5700 1134634 1163750 1318842
 5751.619900 26613 1600 1600 1600 1600 78 46 0 78 52 0 78 42 0 78 44 0 7015 950000 6650 1133538 1163750 1317679
 5751.819896 26614 1600 1600 1600 1600 78 46 0 78 52 0 78 42 0 78 44 0 6771 950000 5700 1135456 1163750 1320005
 5752.019908 26615 1600 1600 1600 1600 78 46 0 78 52 0 78 42 0 78 44 0 6771 950000 5700 1132442 1163750 1316516
 5752.219900 26616 1600 1600 1600 1600 78 46 0 78 52 0 78 42 0 78 44 0 6771 950000 5700 1132442 1163750 1316516
 5752.419900 26617 1600 1600 1600 1600 78 46 0 78 52 0 78 42 0 78 44 0 6771 950000 5700 1134086 1163750 1318842
 5752.619901 26618 1600 1600 1600 1600 78 46 0 78 52 0 78 42 0 78 44 0 7015 950000 6650 1135456 1163750 1320005
 5752.819900 26619 1600 1600 1600 1600 78 46 0 78 52 0 78 42 0 78 44 0 6771 950000 5700 1134360 1163750 1318842
 5753.019909 26620 1600 1600 1600 1600 78 46 0 78 52 0 78 42 0 78 44 0 6771 950000 5700 1134360 1163750 1318842
 5753.219900 26621 1600 1600 1600 1600 78 46 0 78 52 0 78 42 0 78 44 0 6771 950000 5700 1134634 1163750 1318842
 5753.419901 26622 1600 1600 1600 1600 78 46 0 78 52 0 78 42 0 78 44 0 6771 950000 5700 1134908 1163750 1318842
 5753.619900 26623 1600 1600 1600 1600 78 46 0 78 52 0 78 42 0 78 44 0 7015 950000 6650 1134360 1163750 1318842
 5753.819899 26624 1600 1600 1600 1600 78 46 0 78 52 0 78 42 0 78 44 0 7015 950000 6650 1134360 1163750 1318842
 5754.019909 26625 1600 1600 1600 1600 78 46 0 78 52 0 78 42 0 78 44 0 6771 950000 5700 1135730 1163750 1320005
 5754.219898 26626 1600 1600 1600 1600 78 46 0 78 52 0 78 42 0 78 44 0 6771 950000 5700 1133538 1163750 1317679
 5754.419900 26627 1600 1600 1600 1600 78 46 0 78 52 0 78 42 0 78 44 0 6771 950000 5700 1138196 1163750 1323494
 5754.619900 26628 1600 1600 1600 1600 78 46 0 78 52 0 78 42 0 78 44 0 6771 950000 5700 1138196 1163750 1323494
 5754.819901 26629 1600 1600 1600 1600 78 46 0 78 52 0 78 42 0 78 44 0 6771 950000 5700 1133264 1163750 1317679
 5755.019910 26630 1600 1600 1600 1600 78 46 0 78 52 0 78 42 0 78 44 0 6771 950000 5700 1135182 1163750 1320005
 5755.219917 26631 1600 1600 1600 1600 78 46 0 78 52 0 78 42 0 78 44 0 6771 950000 5700 1132990 1163750 1316516
 5755.419900 26632 1600 1600 1600 1600 78 46 0 78 52 0 78 42 0 78 44 0 6771 950000 5700 1132990 1163750 1316516
 5755.619917 26633 1600 1600 1600 1600 78 46 0 78 52 0 78 42 0 78 44 0 6771 950000 5700 1130798 1163750 1314190
 5755.819917 26634 1600 1600 1600 1600 78 46 0 78 52 0 78 42 0 78 44 0 6771 950000 5700 1131620 1163750 1315353
 5756.019927 26635 1600 1600 1600 1600 78 46 0 78 52 0 78 42 0 78 44 0 6771 950000 5700 1132168 1163750 1316516
 5756.219896 26636 1600 1600 1600 1600 78 46 0 78 52 0 78 42 0 78 44 0 6771 950000 5700 1137374 1163750 1322331
 5756.419918 26637 1600 1600 1600 1600 78 46 0 78 52 0 78 42 0 78 44 0 6771 950000 5700 1137374 1163750 1322331
 5756.619914 26638 1600 1600 1600 1600 78 46 0 78 52 0 78 42 0 78 44 0 6771 950000 5700 1133812 1163750 1317679
 5756.819917 26639 1600 1600 1600 1600 78 46 0 78 52 0 78 42 0 78 44 0 6771 950000 5700 1134634 1163750 1318842
 5757.019927 26640 1600 1600 1600 1600 78 46 0 78 52 0 78 42 0 78 44 0 6771 950000 5700 1136004 1163750 1321168
 5757.219917 26641 1600 1600 1600 1600 78 46 0 78 52 0 78 42 0 78 44 0 6771 950000 5700 1136004 1163750 1321168
 5757.419917 26642 1600 1600 1600 1600 78 46 0 78 52 0 78 42 0 78 44 0 6771 950000 5700 1135456 1163750 1320005
 5757.619918 26643 1600 1600 1600 1600 78 46 0 78 52 0 78 42 0 78 44 0 7015 950000 6650 1133264 1163750 1317679
 5757.819917 26644 1600 1600 1600 1600 78 46 0 78 52 0 78 42 0 78 44 0 6527 950000 5700 1135182 1163750 1320005
 5758.019926 26645 1600 1600 1600 1600 78 46 0 78 52 0 78 42 0 78 44 0 6527 950000 5700 1135182 1163750 1320005
 5758.219918 26646 1600 1600 1600 1600 78 46 0 78 52 0 78 42 0 78 44 0 6771 950000 5700 1137374 1163750 1322331
 5758.419918 26647 1600 1600 1600 1600 78 46 0 78 52 0 78 42 0 78 44 0 6771 950000 5700 1136826 1163750 1321168
 5758.619917 26648 1600 1600 1600 1600 78 46 0 78 52 0 78 42 0 78 44 0 6771 950000 5700 1137100 1163750 1322331
 5758.819918 26649 1600 1600 1600 1600 78 46 0 78 52 0 78 42 0 78 44 0 6771 950000 5700 1137100 1163750 1322331
 5759.019926 26650 1600 1600 1600 1600 78 46 0 78 52 0 78 42 0 78 44 0 6771 950000 5700 1133812 1163750 1317679
 5759.219918 26651 1600 1600 1600 1600 78 46 0 78 52 0 78 42 0 78 44 0 6771 950000 5700 1135456 1163750 1320005
 5759.419917 26652 1600 1600 1600 1600 78 46 0 78 52 0 78 42 0 78 44 0 6771 950000 5700 1136552 1163750 1321168
 5759.619919 26653 1600 1600 1600 1600 78 46 0 78 52 0 78 42 0 78 44 0 6771 950000 5700 1136552 1163750 1321168
 5759.819917 26654 1600 1600 1600 1600 78 46 0 78 52 0 78 42 0 78 44 0 7015 950000 6650 1133264 1163750 1317679
 5760.019923 26655 1600 1600 1600 1600 78 46 0 78 52 0 78 42 0 78 44 0 6771 950000 5700 1136826 1163750 1321168
 5760.219917 26656 1600 1600 1600 1600 78 46 0 78 52 0 78 42 0 78 44 0 7015 950000 6650 1134086 1163750 1318842
 5760.419897 26657 1600 1600 1600 1600 78 46 0 78 52 0 78 42 0 78 44 0 7015 950000 6650 1134086 1163750 1318842
 5760.619917 26658 1600 1600 1600 1600 78 46 0 78 52 0 78 42 0 78 44 0 6527 950000 5700 1134086 1163750 1318842
 5760.819917 26659 1600 1600 1600 1600 78 46 0 78 52 0 78 42 0 78 44 0 6771 950000 5700 1135182 1163750 1320005
 5761.019927 26660 1600 1600 1600 1600 78 46 0 78 52 0 78 42 0 78 44 0 6771 950000 5700 1133264 1163750 1317679
 5761.219918 26661 1600 1600 1600 1600 78 46 0 78 52 0 78 42 0 78 44 0 6771 950000 5700 1133264 1163750 1317679
 5761.419917 26662 1600 1600 1600 1600 78 46 0 78 52 0 78 42 0 78 44 0 6771 950000 5700 1133264 1163750 1317679
 5761.619918 26663 1600 1600 1600 1600 78 46 0 78 52 0 78 42 0 78 44 0 7015 950000 6650 1130250 1163750 1314190
 5761.819917 26664 1600 1600 1600 1600 78 46 0 78 52 0 78 42 0 78 44 0 7015 950000 6650 1134908 1163750 1318842
 5762.019909 26665 1600 1600 1600 1600 78 46 0 78 52 0 78 42 0 78 44 0 7015 950000 6650 1134908 1163750 1318842
 5762.219917 26666 1600 1600 1600 1600 78 46 0 78 52 0 78 42 0 78 44 0 6771 950000 5700 1134908 1163750 1318842
 5762.419914 26667 1600 1600 1600 1600 78 46 0 78 52 0 78 42 0 78 44 0 6771 950000 5700 1133264 1163750 1317679
 5762.619918 26668 1600 1600 1600 1600 78 46 0 78 52 0 78 42 0 78 44 0 6771 950000 5700 1131346 1163750 1315353
 5762.819917 26669 1600 1600 1600 1600 78 46 0 78 52 0 78 42 0 78 44 0 6771 950000 5700 1133812 1163750 1317679
 5763.019926 26670 1600 1600 1600 1600 78 46 0 78 52 0 78 42 0 78 44 0 6771 950000 5700 1133812 1163750 1317679
 5763.219918 26671 1600 1600 1600 1600 78 46 0 78 52 0 78 42 0 78 44 0 7015 950000 6650 1134908 1163750 1318842
 5763.419917 26672 1600 1600 1600 1600 78 46 0 78 52 0 78 42 0 78 44 0 6771 950000 5700 1132442 1163750 1316516
 5763.619917 26673 1600 1600 1600 1600 78 46 0 78 52 0 78 42 0 78 44 0 6771 950000 5700 1135730 1163750 1320005
 5763.819917 26674 1600 1600 1600 1600 78 46 0 78 52 0 78 42 0 78 44 0 6771 950000 5700 1135730 1163750 1320005
 5764.019926 26675 1600 1600 1600 1600 78 46 0 78 52 0 78 42 0 78 44 0 6771 950000 5700 1135730 1163750 1320005
 5764.219917 26676 1600 1600 1600 1600 78 46 0 78 52 0 78 42 0 78 44 0 6771 950000 5700 1136278 1163750 1321168
 5764.419917 26677 1600 1600 1600 1600 78 46 0 78 52 0 78 42 0 78 44 0 6771 950000 5700 1133264 1163750 1317679
 5764.619917 26678 1600 1600 1600 1600 78 46 0 78 52 0 78 42 0 78 44 0 6771 950000 5700 1133264 1163750 1317679
 5764.819913 26679 1600 1600 1600 1600 78 46 0 78 52 0 78 42 0 78 44 0 6771 950000 5700 1133264 1163750 1317679
 5765.019926 26680 1600 1600 1600 1600 78 46 0 78 52 0 78 42 0 78 44 0 6771 950000 5700 1133264 1163750 1317679
 5765.219917 26681 1600 1600 1600 1600 78 46 0 78 52 0 78 42 0 78 44 0 7015 950000 6650 1133264 1163750 1317679
 5765.419917 26682 1600 1600 1600 1600 78 46 0 78 52 0 78 42 0 78 44 0 7015 950000 6650 1133264 1163750 1317679
 5765.619918 26683 1600 1600 1600 1600 78 46 0 78 52 0 78 42 0 78 44 0 6771 950000 5700 1135182 1163750 1320005
 5765.819917 26684 1600 1600 1600 1600 78 46 0 78 52 0 78 42 0 78 44 0 6771 950000 5700 1134086 1163750 1318842
 5766.019927 26685 1600 1600 1600 1600 78 46 0 78 52 0 78 42 0 78 44 0 7015 950000 6650 1133538 1163750 1317679
 5766.219917 26686 1600 1600 1600 1600 78 46 0 78 52 0 78 42 0 78 44 0 7015 950000 6650 1133538 1163750 1317679
 5766.419917 26687 1600 1600 1600 1600 78 46 0 78 52 0 78 42 0 78 44 0 6771 950000 5700 1134634 1163750 1318842
 5766.619917 26688 1600 1600 1600 1600 78 46 0 78 52 0 78 42 0 78 44 0 6771 950000 5700 1132716 1163750 1316516
 5766.819918 26689 1600 1600 1600 1600 78 46 0 78 52 0 78 42 0 78 44 0 6771 950000 5700 1131620 1163750 1315353
 5767.019926 26690 1600 1600 1600 1600 78 46 0 78 52 0 78 42 0 78 44 0 6771 950000 5700 1131620 1163750 1315353
 5767.219914 26691 1600 1600 1600 1600 78 46 0 78 52 0 78 42 0 78 44 0 6771 950000 5700 1130798 1163750 1314190
 5767.419916 26692 1600 1600 1600 1600 78 46 0 78 52 0 78 42 0 78 44 0 7015 950000 6650 1135730 1163750 1320005
 5767.619917 26693 1600 1600 1600 1600 78 46 0 78 52 0 78 42 0 78 44 0 6771 950000 5700 1135182 1163750 1320005
 5767.819918 26694 1600 1600 1600 1600 78 46 0 78 52 0 78 42 0 78 44 0 6771 950000 5700 1135182 1163750 1320005
 5768.019926 26695 1600 1600 1600 1600 78 46 0 78 52 0 78 42 0 78 44 0 6771 950000 5700 1132990 1163750 1316516
 5768.219918 26696 1600 1600 1600 1600 78 46 0 78 52 0 78 42 0 78 44 0 6771 950000 5700 1133264 1163750 1317679
 5768.419918 26697 1600 1600 1600 1600 78 46 0 78 52 0 78 42 0 78 44 0 6771 950000 5700 1134360 1163750 1318842
 5768.619896 26698 1600 1600 1600 1600 78 46 0 78 52 0 78 42 0 78 44 0 6771 950000 5700 1134634 1163750 1318842
 5768.819917 26699 1600 1600 1600 1600 78 46 0 78 52 0 78 42 0 78 44 0 6771 950000 5700 1134634 1163750 1318842
 5769.019926 26700 1600 1600 1600 1600 78 46 0 78 52 0 78 42 0 78 44 0 6771 950000 5700 1131346 1163750 1315353
 5769.219917 26701 1600 1600 1600 1600 78 46 0 78 52 0 78 42 0 78 44 0 6771 950000 5700 1137648 1163750 1322331
 5769.419913 26702 1600 1600 1600 1600 78 46 0 78 52 0 78 42 0 78 44 0 6771 950000 5700 1135730 1163750 1320005
 5769.619917 26703 1600 1600 1600 1600 78 46 0 78 52 0 78 42 0 78 44 0 6771 950000 5700 1135730 1163750 1320005
 5769.819917 26704 1600 1600 1600 1600 78 46 0 78 52 0 78 42 0 78 44 0 6527 950000 5700 1150252 1163750 1337450
 5770.019926 26705 1600 1600 1600 1600 78 46 0 78 52 0 78 42 0 78 44 0 6771 950000 5700 1133538 1163750 1317679
 5770.219917 26706 1600 1600 1600 1600 78 46 0 78 52 0 78 42 0 78 44 0 6771 950000 5700 1132168 1163750 1316516
 5770.419897 26707 1600 1600 1600 1600 78 46 0 78 52 0 78 42 0 78 44 0 6771 950000 5700 1132168 1163750 1316516
 5770.619918 26708 1600 1600 1600 1600 78 46 0 78 52 0 78 42 0 78 44 0 6771 950000 5700 1132716 1163750 1316516
 5770.819918 26709 1600 1600 1600 1600 78 46 0 78 52 0 78 42 0 78 44 0 6771 950000 5700 1131346 1163750 1315353
 5771.019928 26710 1600 1600 1600 1600 78 46 0 78 52 0 78 42 0 78 44 0 6771 950000 5700 1133812 1163750 1317679
 5771.219917 26711 1600 1600 1600 1600 78 46 0 78 52 0 78 42 0 78 44 0 6771 950000 5700 1133812 1163750 1317679
 5771.419914 26712 1600 1600 1600 1600 78 46 0 78 52 0 78 42 0 78 44 0 6771 950000 5700 1144772 1163750 1330472
 5771.619917 26713 1600 1600 1600 1600 78 46 0 78 52 0 78 42 0 78 44 0 6771 950000 5700 1135730 1163750 1320005
 5771.819915 26714 1600 1600 1600 1600 78 46 0 78 52 0 78 42 0 78 44 0 6771 950000 5700 1132990 1163750 1316516
 5772.019927 26715 1600 1600 1600 1600 78 46 0 78 52 0 78 42 0 78 44 0 6771 950000 5700 1132990 1163750 1316516
 5772.219917 26716 1600 1600 1600 1600 78 46 0 78 52 0 78 42 0 78 44 0 6771 950000 5700 1133812 1163750 1317679
 5772.419917 26717 1600 1600 1600 1600 78 46 0 78 52 0 78 42 0 78 44 0 6771 950000 5700 1131346 1163750 1315353
 5772.619917 26718 1600 1600 1600 1600 78 46 0 78 52 0 78 42 0 78 44 0 6771 950000 5700 1132168 1163750 1316516
 5772.819917 26719 1600 1600 1600 1600 78 46 0 78 52 0 78 42 0 78 44 0 6771 950000 5700 1132168 1163750 1316516
 5773.019923 26720 1600 1600 1600 1600 78 46 0 78 52 0 78 42 0 78 44 0 6771 950000 5700 1133812 1163750 1317679
 5773.219917 26721 1600 1600 1600 1600 78 46 0 78 52 0 78 42 0 78 44 0 6771 950000 5700 1133264 1163750 1317679
 5773.419918 26722 1600 1600 1600 1600 78 46 0 78 52 0 78 42 0 78 44 0 6771 950000 5700 1134086 1163750 1318842
 5773.619917 26723 1600 1600 1600 1600 78 46 0 78 52 0 78 42 0 78 44 0 6771 950000 5700 1134086 1163750 1318842
 5773.819917 26724 1600 1600 1600 1600 78 46 0 78 52 0 78 42 0 78 44 0 6771 950000 5700 1135182 1163750 1320005
 5774.019926 26725 1600 1600 1600 1600 78 46 0 78 52 0 78 42 0 78 44 0 6771 950000 5700 1132716 1163750 1316516
 5774.219917 26726 1600 1600 1600 1600 78 46 0 78 52 0 78 42 0 78 44 0 6771 950000 5700 1132716 1163750 1316516
 5774.419901 26727 1600 1600 1600 1600 78 46 0 78 52 0 78 42 0 78 44 0 6771 950000 5700 1132716 1163750 1316516
 5774.619917 26728 1600 1600 1600 1600 78 46 0 78 52 0 78 42 0 78 44 0 6771 950000 5700 1133264 1163750 1317679
 5774.819917 26729 1600 1600 1600 1600 78 46 0 78 52 0 78 42 0 78 44 0 6771 950000 5700 1133538 1163750 1317679
 5775.019925 26730 1600 1600 1600 1600 78 46 0 78 52 0 78 42 0 78 44 0 6771 950000 5700 1134086 1163750 1318842
 5775.219893 26731 1600 1600 1600 1600 78 46 0 78 52 0 78 42 0 78 44 0 6771 950000 5700 1134908 1163750 1318842
 5775.419917 26732 1600 1600 1600 1600 78 46 0 78 52 0 78 42 0 78 44 0 6771 950000 5700 1134908 1163750 1318842
 5775.619917 26733 1600 1600 1600 1600 78 46 0 78 52 0 78 42 0 78 44 0 6771 950000 5700 1133264 1163750 1317679
 5775.819916 26734 1600 1600 1600 1600 78 46 0 78 52 0 78 42 0 78 44 0 6771 950000 5700 1130524 1163750 1314190
 5776.019927 26735 1600 1600 1600 1600 78 46 0 78 52 0 78 42 0 78 44 0 6771 950000 5700 1130524 1163750 1314190
 5776.219918 26736 1600 1600 1600 1600 78 46 0 78 52 0 78 42 0 78 44 0 6771 950000 5700 1130524 1163750 1314190
 5776.419918 26737 1600 1600 1600 1600 78 46 0 78 52 0 78 42 0 78 44 0 7015 950000 6650 1131072 1163750 1315353
 5776.619917 26738 1600 1600 1600 1600 78 46 0 78 52 0 78 42 0 78 44 0 6771 950000 5700 1132716 1163750 1316516
 5776.819917 26739 1600 1600 1600 1600 78 46 0 78 52 0 78 42 0 78 44 0 6771 950000 5700 1131346 1163750 1315353
 5777.019926 26740 1600 1600 1600 1600 78 46 0 78 52 0 78 42 0 78 44 0 6771 950000 5700 1131346 1163750 1315353
 5777.219917 26741 1600 1600 1600 1600 78 46 0 78 52 0 78 42 0 78 44 0 7015 950000 6650 1132990 1163750 1316516
 5777.419917 26742 1600 1600 1600 1600 78 46 0 78 52 0 78 42 0 78 44 0 6771 950000 5700 1131894 1163750 1315353
 5777.619914 26743 1600 1600 1600 1600 78 46 0 78 52 0 78 42 0 78 44 0 6771 950000 5700 1132442 1163750 1316516
 5777.819917 26744 1600 1600 1600 1600 78 46 0 78 52 0 78 42 0 78 44 0 6771 950000 5700 1132442 1163750 1316516
 5778.019927 26745 1600 1600 1600 1600 78 46 0 78 52 0 78 42 0 78 44 0 7015 950000 6650 1129154 1163750 1313027
 5778.219917 26746 1600 1600 1600 1600 78 46 0 78 52 0 78 42 0 78 44 0 6771 950000 5700 1134360 1163750 1318842
 5778.419917 26747 1600 1600 1600 1600 78 46 0 78 52 0 78 42 0 78 44 0 6771 950000 5700 1135456 1163750 1320005
 5778.619918 26748 1600 1600 1600 1600 78 46 0 78 52 0 78 42 0 78 44 0 6771 950000 5700 1135456 1163750 1320005
 5778.819917 26749 1600 1600 1600 1600 78 46 0 78 52 0 78 42 0 78 44 0 6771 950000 5700 1134086 1163750 1318842
 5779.019926 26750 1600 1600 1600 1600 78 46 0 78 52 0 78 42 0 78 44 0 6771 950000 5700 1135456 1163750 1320005
 5779.219917 26751 1600 1600 1600 1600 78 46 0 78 52 0 78 42 0 78 44 0 6771 950000 5700 1136278 1163750 1321168
 5779.419917 26752 1600 1600 1600 1600 78 46 0 78 52 0 78 42 0 78 44 0 6771 950000 5700 1136278 1163750 1321168
 5779.619917 26753 1600 1600 1600 1600 78 46 0 78 52 0 78 42 0 78 44 0 6771 950000 5700 1133264 1163750 1317679
 5779.819917 26754 1600 1600 1600 1600 78 46 0 78 52 0 78 42 0 78 44 0 6771 950000 5700 1131894 1163750 1315353
 5780.019923 26755 1600 1600 1600 1600 78 46 0 78 52 0 78 42 0 78 44 0 6771 950000 5700 1133264 1163750 1317679
 5780.219917 26756 1600 1600 1600 1600 78 46 0 78 52 0 78 42 0 78 44 0 6771 950000 5700 1133264 1163750 1317679
 5780.419896 26757 1600 1600 1600 1600 78 46 0 78 52 0 78 42 0 78 44 0 6771 950000 5700 1136826 1163750 1321168
 5780.619918 26758 1600 1600 1600 1600 78 46 0 78 52 0 78 42 0 78 44 0 6771 950000 5700 1140114 1163750 1325820
 5780.819917 26759 1600 1600 1600 1600 78 46 0 78 52 0 78 42 0 78 44 0 6771 950000 5700 1134634 1163750 1318842
 5781.019934 26760 1600 1600 1600 1600 78 46 0 78 52 0 78 42 0 78 44 0 6771 950000 5700 1134634 1163750 1318842
 5781.219917 26761 1600 1600 1600 1600 78 46 0 78 52 0 78 42 0 78 44 0 6771 950000 5700 1135730 1163750 1320005
 5781.419917 26762 1600 1600 1600 1600 78 46 0 78 52 0 78 42 0 78 44 0 6527 950000 5700 1132168 1163750 1316516
 5781.619917 26763 1600 1600 1600 1600 78 46 0 78 52 0 78 42 0 78 44 0 6771 950000 5700 1130798 1163750 1314190
 5781.819917 26764 1600 1600 1600 1600 78 46 0 78 52 0 78 42 0 78 44 0 6771 950000 5700 1131072 1163750 1315353
 5782.019926 26765 1600 1600 1600 1600 78 46 0 78 52 0 78 42 0 78 44 0 6771 950000 5700 1131072 1163750 1315353
 5782.219917 26766 1600 1600 1600 1600 78 46 0 78 52 0 78 42 0 78 44 0 6771 950000 5700 1133812 1163750 1317679
 5782.419914 26767 1600 1600 1600 1600 78 46 0 78 52 0 78 42 0 78 44 0 6771 950000 5700 1132990 1163750 1316516
 5782.619917 26768 1600 1600 1600 1600 78 46 0 78 52 0 78 42 0 78 44 0 6771 950000 5700 1132442 1163750 1316516
 5782.819918 26769 1600 1600 1600 1600 78 46 0 78 52 0 78 42 0 78 44 0 6771 950000 5700 1132442 1163750 1316516
 5783.019926 26770 1600 1600 1600 1600 78 46 0 78 52 0 78 42 0 78 44 0 6527 950000 5700 1132442 1163750 1316516
 5783.219917 26771 1600 1600 1600 1600 78 46 0 78 52 0 78 42 0 78 44 0 6771 950000 5700 1130250 1163750 1314190
 5783.419913 26772 1600 1600 1600 1600 78 46 0 78 52 0 78 42 0 78 44 0 6771 950000 5700 1130250 1163750 1314190
 5783.619918 26773 1600 1600 1600 1600 78 46 0 78 52 0 78 42 0 78 44 0 6771 950000 5700 1130250 1163750 1314190
 5783.819916 26774 1600 1600 1600 1600 78 46 0 78 52 0 78 42 0 78 44 0 6771 950000 5700 1129428 1163750 1313027
 5784.019926 26775 1600 1600 1600 1600 78 46 0 78 52 0 78 42 0 78 44 0 6771 950000 5700 1135456 1163750 1320005
 5784.219917 26776 1600 1600 1600 1600 78 46 0 78 52 0 78 42 0 78 44 0 6771 950000 5700 1133264 1163750 1317679
 5784.419917 26777 1600 1600 1600 1600 78 46 0 78 52 0 78 42 0 78 44 0 6771 950000 5700 1133264 1163750 1317679
 5784.619917 26778 1600 1600 1600 1600 78 46 0 78 52 0 78 42 0 78 44 0 6771 950000 5700 1134086 1163750 1318842
 5784.819917 26779 1600 1600 1600 1600 78 46 0 78 52 0 78 42 0 78 44 0 6771 950000 5700 1134086 1163750 1318842
 5785.019926 26780 1600 1600 1600 1600 78 46 0 78 52 0 78 42 0 78 44 0 6771 950000 5700 1130524 1163750 1314190
 5785.219914 26781 1600 1600 1600 1600 78 46 0 78 52 0 78 42 0 78 44 0 6771 950000 5700 1130524 1163750 1314190
 5785.419917 26782 1600 1600 1600 1600 78 46 0 78 52 0 78 42 0 78 44 0 6771 950000 5700 1132716 1163750 1316516
 5785.619917 26783 1600 1600 1600 1600 78 46 0 78 52 0 78 42 0 78 44 0 6771 950000 5700 1133264 1163750 1317679
 5785.819913 26784 1600 1600 1600 1600 78 46 0 78 52 0 78 42 0 78 44 0 6771 950000 5700 1132990 1163750 1316516
 5786.019926 26785 1600 1600 1600 1600 78 46 0 78 52 0 78 42 0 78 44 0 6771 950000 5700 1132990 1163750 1316516
 5786.219917 26786 1600 1600 1600 1600 78 46 0 78 52 0 78 42 0 78 44 0 6771 950000 5700 1132990 1163750 1316516
 5786.419917 26787 1600 1600 1600 1600 78 46 0 78 52 0 78 42 0 78 44 0 6771 950000 5700 1134634 1163750 1318842
 5786.619917 26788 1600 1600 1600 1600 78 46 0 78 52 0 78 42 0 78 44 0 6771 950000 5700 1133264 1163750 1317679
 5786.819917 26789 1600 1600 1600 1600 78 46 0 78 52 0 78 42 0 78 44 0 6771 950000 5700 1133264 1163750 1317679
 5787.019926 26790 1600 1600 1600 1600 78 46 0 78 52 0 78 42 0 78 44 0 6771 950000 5700 1130250 1163750 1314190
 5787.219917 26791 1600 1600 1600 1600 78 46 0 78 52 0 78 42 0 78 44 0 6771 950000 5700 1131346 1163750 1315353
 5787.419917 26792 1600 1600 1600 1600 78 46 0 78 52 0 78 42 0 78 44 0 6771 950000 5700 1132442 1163750 1316516
 5787.619896 26793 1600 1600 1600 1600 78 46 0 78 52 0 78 42 0 78 44 0 6771 950000 5700 1132990 1163750 1316516
 5787.819918 26794 1600 1600 1600 1600 78 46 0 78 52 0 78 42 0 78 44 0 6771 950000 5700 1132990 1163750 1316516
 5788.019926 26795 1600 1600 1600 1600 78 46 0 78 52 0 78 42 0 78 44 0 6771 950000 5700 1132168 1163750 1316516
 5788.219914 26796 1600 1600 1600 1600 78 46 0 78 52 0 78 42 0 78 44 0 6771 950000 5700 1134086 1163750 1318842
 5788.419918 26797 1600 1600 1600 1600 78 46 0 78 52 0 78 42 0 78 44 0 6771 950000 5700 1136004 1163750 1321168
 5788.619917 26798 1600 1600 1600 1600 78 46 0 78 52 0 78 42 0 78 44 0 6771 950000 5700 1136004 1163750 1321168
 5788.819918 26799 1600 1600 1600 1600 78 46 0 78 52 0 78 42 0 78 44 0 6771 950000 5700 1130250 1163750 1314190
 5789.019919 26800 1600 1600 1600 1600 78 46 0 78 52 0 78 42 0 78 44 0 6771 950000 5700 1128606 1163750 1311864
 5789.219908 26801 1600 1600 1600 1600 78 46 0 78 52 0 78 42 0 78 44 0 6771 950000 5700 97544 1157500 112229
 5789.419908 26802 1600 1600 1600 1600 78 46 0 78 52 0 78 42 0 78 44 0 6771 950000 5700 97544 1157500 112229
 5789.619908 26803 1600 1600 1600 1600 78 46 0 78 52 0 78 42 0 78 44 0 6771 950000 5700 116176 1157500 134212
