  518.100005 448 1100 1100 1100 1100 67 46 0 67 52 0 67 42 0 67 44 0 5734 950000 4750 44388 995000 43780
  518.299923 449 1100 1100 1100 1100 67 46 0 67 52 0 67 42 0 67 44 0 5490 950000 4750 44114 995000 43780
  518.499919 450 1100 1100 1100 1100 67 46 0 67 52 0 67 42 0 67 44 0 5490 950000 4750 196184 996250 195216
  518.699924 451 1100 1100 1100 1100 67 46 0 67 52 0 67 42 0 67 44 0 5490 950000 4750 196184 996250 195216
  518.899981 452 1100 1100 1100 1100 66 46 0 66 52 0 66 42 0 66 44 0 5734 950000 4750 41922 995000 40795
  519.099919 453 1100 1100 1100 1100 66 46 0 66 52 0 66 42 0 66 44 0 5490 950000 4750 44114 995000 43780
  519.299950 454 1100 1100 1100 1100 66 46 0 66 52 0 66 42 0 66 44 0 5490 950000 4750 350446 996250 348600
  519.499955 455 1100 1100 1100 1100 66 46 0 66 52 0 66 42 0 66 44 0 5490 950000 4750 350446 996250 348600
  519.700023 456 1100 1100 1100 1100 66 46 0 66 52 0 66 42 0 66 44 0 5490 950000 4750 755692 997500 752735
  519.899960 457 1100 1100 1100 1100 68 46 0 68 52 0 68 42 0 68 44 0 5490 950000 4750 709386 997500 706873
  520.100032 458 1100 1100 1100 1100 68 46 0 68 52 0 68 42 0 68 44 0 5490 950000 4750 633214 996250 630468
  520.299960 459 1100 1100 1100 1100 68 46 0 68 52 0 68 42 0 68 44 0 5490 950000 4750 633214 996250 630468
  520.499946 460 1100 1100 1100 1100 68 46 0 68 52 0 68 42 0 68 44 0 5490 950000 4750 591566 997500 589227
  520.700024 461 1100 1100 1100 1100 68 46 0 68 52 0 68 42 0 68 44 0 5490 950000 4750 744184 997500 741768
  520.900030 462 1000 1000 1000 1000 69 46 0 69 52 0 69 42 0 69 44 0 5490 950000 4750 692124 996250 689232
  521.099930 463 1000 1000 1000 1000 69 46 0 69 52 0 69 42 0 69 44 0 5490 950000 4750 692124 996250 689232
  521.299929 464 1000 1000 1000 1000 69 46 0 69 52 0 69 42 0 69 44 0 5490 950000 4750 276466 966250 266616
  521.499928 465 1000 1000 1000 1000 69 46 0 69 52 0 69 42 0 69 44 0 5490 950000 4750 143028 957500 136851
  521.699928 466 1000 1000 1000 1000 69 46 0 69 52 0 69 42 0 69 44 0 5490 950000 4750 41100 957500 39237
  521.899916 467 1000 1000 1000 1000 67 46 0 67 52 0 67 42 0 67 44 0 5490 950000 4750 41100 957500 39237
  522.099922 468 1000 1000 1000 1000 67 46 0 67 52 0 67 42 0 67 44 0 5490 950000 4750 45210 957500 43065
  522.299963 469 1000 1000 1000 1000 67 46 0 67 52 0 67 42 0 67 44 0 5490 950000 4750 531834 958750 508698
  522.499980 470 1000 1000 1000 1000 67 46 0 67 52 0 67 42 0 67 44 0 5490 950000 4750 649380 958750 621742
  522.700052 471 1000 1000 1000 1000 67 46 0 67 52 0 67 42 0 67 44 0 5490 950000 4750 649380 958750 621742
  522.899986 472 1000 1000 1000 1000 68 46 0 68 52 0 68 42 0 68 44 0 5490 950000 4750 612664 958750 586296
  523.099928 473 1000 1000 1000 1000 68 46 0 68 52 0 68 42 0 68 44 0 5490 950000 4750 561974 958750 537438
  523.299928 474 1000 1000 1000 1000 68 46 0 68 52 0 68 42 0 68 44 0 5490 950000 4750 115902 957500 110055
  523.499927 475 1000 1000 1000 1000 68 46 0 68 52 0 68 42 0 68 44 0 5490 950000 4750 43566 957500 41151
  523.699928 476 1000 1000 1000 1000 68 46 0 68 52 0 68 42 0 68 44 0 5490 950000 4750 43566 957500 41151
  523.899928 477 1000 1000 1000 1000 67 46 0 67 52 0 67 42 0 67 44 0 5490 950000 4750 42470 957500 40194
  524.099976 478 1000 1000 1000 1000 67 46 0 67 52 0 67 42 0 67 44 0 5734 950000 4750 40826 957500 38280
  524.299927 479 1000 1000 1000 1000 67 46 0 67 52 0 67 42 0 67 44 0 5490 950000 4750 43840 957500 41151
  524.499927 480 1000 1000 1000 1000 67 46 0 67 52 0 67 42 0 67 44 0 5490 950000 4750 43840 957500 41151
  524.699927 481 1000 1000 1000 1000 67 46 0 67 52 0 67 42 0 67 44 0 5490 950000 4750 43018 957500 41151
  524.899928 482 1000 1000 1000 1000 67 46 0 67 52 0 67 42 0 67 44 0 5490 950000 4750 40552 957500 38280
  525.099928 483 1000 1000 1000 1000 67 46 0 67 52 0 67 42 0 67 44 0 5734 950000 4750 44388 957500 42108
  525.299928 484 1000 1000 1000 1000 67 46 0 67 52 0 67 42 0 67 44 0 5734 950000 4750 44388 957500 42108
  525.499928 485 1000 1000 1000 1000 67 46 0 67 52 0 67 42 0 67 44 0 5490 950000 4750 42744 957500 40194
  525.699927 486 1000 1000 1000 1000 67 46 0 67 52 0 67 42 0 67 44 0 5490 950000 4750 41100 957500 39237
