 1127.955006 3496 1200 1200 1200 1200 73 46 0 73 52 0 73 42 0 73 44 0 5734 950000 4750 298934 1021250 304258
 1128.154953 3497 1200 1200 1200 1200 73 46 0 73 52 0 73 42 0 73 44 0 5978 950000 4750 846934 1023750 865458
 1128.355105 3498 1200 1200 1200 1200 73 46 0 73 52 0 73 42 0 73 44 0 5734 950000 4750 811588 1022500 828842
 1128.554840 3499 1200 1200 1200 1200 73 46 0 73 52 0 73 42 0 73 44 0 5734 950000 4750 811588 1022500 828842
 1128.754837 3500 1200 1200 1200 1200 73 46 0 73 52 0 73 42 0 73 44 0 5734 950000 4750 755418 1022500 771610
 1128.954836 3501 1200 1200 1200 1200 78 46 0 78 52 0 78 42 0 78 44 0 5978 950000 4750 750760 1022500 766500
 1129.154836 3502 1200 1200 1200 1200 78 46 0 78 52 0 78 42 0 78 44 0 5978 950000 4750 750486 1022500 766500
 1129.354836 3503 1200 1200 1200 1200 78 46 0 78 52 0 78 42 0 78 44 0 5978 950000 4750 750486 1022500 766500
 1129.554836 3504 1200 1200 1200 1200 78 46 0 78 52 0 78 42 0 78 44 0 5734 950000 4750 747472 1022500 763434
 1129.754837 3505 1200 1200 1200 1200 78 46 0 78 52 0 78 42 0 78 44 0 5734 950000 4750 747746 1022500 763434
 1129.954836 3506 1200 1200 1200 1200 78 46 0 78 52 0 78 42 0 78 44 0 5978 950000 4750 746924 1022500 762412
 1130.154836 3507 1200 1200 1200 1200 78 46 0 78 52 0 78 42 0 78 44 0 5978 950000 4750 746924 1022500 762412
 1130.354836 3508 1200 1200 1200 1200 78 46 0 78 52 0 78 42 0 78 44 0 5978 950000 4750 747746 1022500 763434
 1130.554836 3509 1200 1200 1200 1200 78 46 0 78 52 0 78 42 0 78 44 0 5978 950000 4750 747472 1022500 763434
 1130.754836 3510 1200 1200 1200 1200 78 46 0 78 52 0 78 42 0 78 44 0 5734 950000 4750 749664 1022500 765478
 1130.954838 3511 1200 1200 1200 1200 78 46 0 78 52 0 78 42 0 78 44 0 5978 950000 4750 748842 1022500 764456
 1131.154836 3512 1200 1200 1200 1200 78 46 0 78 52 0 78 42 0 78 44 0 5978 950000 4750 748842 1022500 764456
 1131.354836 3513 1200 1200 1200 1200 78 46 0 78 52 0 78 42 0 78 44 0 5734 950000 4750 749390 1022500 765478
 1131.554836 3514 1200 1200 1200 1200 78 46 0 78 52 0 78 42 0 78 44 0 5734 950000 4750 748020 1022500 764456
 1131.754836 3515 1200 1200 1200 1200 78 46 0 78 52 0 78 42 0 78 44 0 5978 950000 4750 749390 1022500 765478
 1131.954836 3516 1200 1200 1200 1200 78 46 0 78 52 0 78 42 0 78 44 0 5978 950000 4750 749390 1022500 765478
 1132.154836 3517 1200 1200 1200 1200 78 46 0 78 52 0 78 42 0 78 44 0 5978 950000 4750 748568 1022500 764456
 1132.354837 3518 1200 1200 1200 1200 78 46 0 78 52 0 78 42 0 78 44 0 5734 950000 4750 748568 1022500 764456
 1132.554836 3519 1200 1200 1200 1200 78 46 0 78 52 0 78 42 0 78 44 0 5734 950000 4750 748568 1022500 764456
 1132.754837 3520 1200 1200 1200 1200 78 46 0 78 52 0 78 42 0 78 44 0 5734 950000 4750 748568 1022500 764456
 1132.954836 3521 1200 1200 1200 1200 79 46 0 79 52 0 79 42 0 79 44 0 5978 950000 4750 750486 1022500 766500
 1133.154836 3522 1200 1200 1200 1200 79 46 0 79 52 0 79 42 0 79 44 0 5734 950000 4750 748842 1022500 764456
 1133.354836 3523 1200 1200 1200 1200 79 46 0 79 52 0 79 42 0 79 44 0 5978 950000 4750 752678 1022500 768544
 1133.554836 3524 1200 1200 1200 1200 79 46 0 79 52 0 79 42 0 79 44 0 5978 950000 4750 752678 1022500 768544
 1133.754837 3525 1200 1200 1200 1200 79 46 0 79 52 0 79 42 0 79 44 0 5978 950000 4750 748294 1022500 764456
 1133.954836 3526 1200 1200 1200 1200 79 46 0 79 52 0 79 42 0 79 44 0 5978 950000 4750 750486 1022500 766500
 1134.154836 3527 1200 1200 1200 1200 79 46 0 79 52 0 79 42 0 79 44 0 5734 950000 4750 747746 1022500 763434
 1134.354837 3528 1200 1200 1200 1200 79 46 0 79 52 0 79 42 0 79 44 0 5734 950000 4750 747746 1022500 763434
 1134.554837 3529 1200 1200 1200 1200 79 46 0 79 52 0 79 42 0 79 44 0 5978 950000 4750 749390 1022500 765478
 1134.754837 3530 1200 1200 1200 1200 79 46 0 79 52 0 79 42 0 79 44 0 5978 950000 4750 785558 1022500 802270
 1134.954837 3531 1200 1200 1200 1200 79 46 0 79 52 0 79 42 0 79 44 0 5978 950000 4750 749390 1022500 765478
 1135.154836 3532 1200 1200 1200 1200 79 46 0 79 52 0 79 42 0 79 44 0 5978 950000 4750 749390 1022500 765478
 1135.354836 3533 1200 1200 1200 1200 79 46 0 79 52 0 79 42 0 79 44 0 5734 950000 4750 748294 1022500 764456
 1135.554836 3534 1200 1200 1200 1200 79 46 0 79 52 0 79 42 0 79 44 0 5734 950000 4750 747472 1022500 763434
 1135.754837 3535 1200 1200 1200 1200 79 46 0 79 52 0 79 42 0 79 44 0 5978 950000 4750 746924 1022500 762412
 1135.954836 3536 1200 1200 1200 1200 79 46 0 79 52 0 79 42 0 79 44 0 5978 950000 4750 746924 1022500 762412
 1136.154837 3537 1200 1200 1200 1200 79 46 0 79 52 0 79 42 0 79 44 0 5734 950000 4750 746924 1022500 762412
 1136.354836 3538 1200 1200 1200 1200 79 46 0 79 52 0 79 42 0 79 44 0 5978 950000 4750 746924 1022500 762412
 1136.554837 3539 1200 1200 1200 1200 79 46 0 79 52 0 79 42 0 79 44 0 5734 950000 4750 748294 1022500 764456
 1136.754837 3540 1200 1200 1200 1200 79 46 0 79 52 0 79 42 0 79 44 0 5734 950000 4750 748294 1022500 764456
 1136.954837 3541 1200 1200 1200 1200 79 46 0 79 52 0 79 42 0 79 44 0 5734 950000 4750 748294 1022500 764456
 1137.154837 3542 1200 1200 1200 1200 79 46 0 79 52 0 79 42 0 79 44 0 5978 950000 4750 748294 1022500 764456
 1137.354837 3543 1200 1200 1200 1200 79 46 0 79 52 0 79 42 0 79 44 0 5734 950000 4750 747472 1022500 763434
 1137.554837 3544 1200 1200 1200 1200 79 46 0 79 52 0 79 42 0 79 44 0 5734 950000 4750 747472 1022500 763434
 1137.754837 3545 1200 1200 1200 1200 79 46 0 79 52 0 79 42 0 79 44 0 5734 950000 4750 747472 1022500 763434
 1137.954837 3546 1200 1200 1200 1200 79 46 0 79 52 0 79 42 0 79 44 0 5978 950000 4750 747472 1022500 763434
 1138.154837 3547 1200 1200 1200 1200 79 46 0 79 52 0 79 42 0 79 44 0 5734 950000 4750 747472 1022500 763434
 1138.354836 3548 1200 1200 1200 1200 79 46 0 79 52 0 79 42 0 79 44 0 5978 950000 4750 748294 1022500 764456
 1138.554836 3549 1200 1200 1200 1200 79 46 0 79 52 0 79 42 0 79 44 0 5978 950000 4750 748294 1022500 764456
 1138.754837 3550 1200 1200 1200 1200 79 46 0 79 52 0 79 42 0 79 44 0 5734 950000 4750 747472 1022500 763434
 1138.954836 3551 1200 1200 1200 1200 79 46 0 79 52 0 79 42 0 79 44 0 5978 950000 4750 747746 1022500 763434
 1139.154836 3552 1200 1200 1200 1200 79 46 0 79 52 0 79 42 0 79 44 0 5978 950000 4750 746376 1022500 762412
 1139.354837 3553 1200 1200 1200 1200 79 46 0 79 52 0 79 42 0 79 44 0 5978 950000 4750 746376 1022500 762412
 1139.554836 3554 1200 1200 1200 1200 79 46 0 79 52 0 79 42 0 79 44 0 5978 950000 4750 748568 1022500 764456
 1139.754838 3555 1200 1200 1200 1200 79 46 0 79 52 0 79 42 0 79 44 0 5978 950000 4750 749116 1022500 765478
 1139.954838 3556 1200 1200 1200 1200 79 46 0 79 52 0 79 42 0 79 44 0 5734 950000 4750 749390 1022500 765478
 1140.154838 3557 1200 1200 1200 1200 79 46 0 79 52 0 79 42 0 79 44 0 5734 950000 4750 749390 1022500 765478
 1140.354837 3558 1200 1200 1200 1200 79 46 0 79 52 0 79 42 0 79 44 0 5734 950000 4750 749390 1022500 765478
 1140.554837 3559 1200 1200 1200 1200 79 46 0 79 52 0 79 42 0 79 44 0 5978 950000 4750 749664 1022500 765478
 1140.754837 3560 1200 1200 1200 1200 79 46 0 79 52 0 79 42 0 79 44 0 5978 950000 4750 751582 1022500 767522
 1140.954838 3561 1200 1200 1200 1200 79 46 0 79 52 0 79 42 0 79 44 0 5978 950000 4750 751582 1022500 767522
 1141.154838 3562 1200 1200 1200 1200 79 46 0 79 52 0 79 42 0 79 44 0 5978 950000 4750 748568 1022500 764456
 1141.354837 3563 1200 1200 1200 1200 79 46 0 79 52 0 79 42 0 79 44 0 5734 950000 4750 749116 1022500 765478
 1141.554838 3564 1200 1200 1200 1200 79 46 0 79 52 0 79 42 0 79 44 0 5978 950000 4750 748842 1022500 764456
 1141.754838 3565 1200 1200 1200 1200 79 46 0 79 52 0 79 42 0 79 44 0 5978 950000 4750 748842 1022500 764456
 1141.954838 3566 1200 1200 1200 1200 79 46 0 79 52 0 79 42 0 79 44 0 5978 950000 4750 749938 1022500 765478
 1142.154837 3567 1200 1200 1200 1200 79 46 0 79 52 0 79 42 0 79 44 0 5978 950000 4750 749664 1022500 765478
 1142.354838 3568 1200 1200 1200 1200 79 46 0 79 52 0 79 42 0 79 44 0 5978 950000 4750 751034 1022500 767522
 1142.554838 3569 1200 1200 1200 1200 79 46 0 79 52 0 79 42 0 79 44 0 5978 950000 4750 751034 1022500 767522
 1142.754838 3570 1200 1200 1200 1200 79 46 0 79 52 0 79 42 0 79 44 0 5978 950000 4750 749390 1022500 765478
 1142.954838 3571 1200 1200 1200 1200 79 46 0 79 52 0 79 42 0 79 44 0 5734 950000 4750 749390 1022500 765478
 1143.154838 3572 1200 1200 1200 1200 79 46 0 79 52 0 79 42 0 79 44 0 5978 950000 4750 749116 1022500 765478
 1143.354838 3573 1200 1200 1200 1200 79 46 0 79 52 0 79 42 0 79 44 0 5734 950000 4750 748568 1022500 764456
 1143.554839 3574 1200 1200 1200 1200 79 46 0 79 52 0 79 42 0 79 44 0 5734 950000 4750 748568 1022500 764456
 1143.754838 3575 1200 1200 1200 1200 79 46 0 79 52 0 79 42 0 79 44 0 5978 950000 4750 748294 1022500 764456
 1143.954838 3576 1200 1200 1200 1200 79 46 0 79 52 0 79 42 0 79 44 0 5978 950000 4750 749116 1022500 765478
 1144.154838 3577 1200 1200 1200 1200 79 46 0 79 52 0 79 42 0 79 44 0 5978 950000 4750 748568 1022500 764456
 1144.354839 3578 1200 1200 1200 1200 79 46 0 79 52 0 79 42 0 79 44 0 5978 950000 4750 748568 1022500 764456
 1144.554838 3579 1200 1200 1200 1200 79 46 0 79 52 0 79 42 0 79 44 0 5734 950000 4750 749116 1022500 765478
 1144.754838 3580 1200 1200 1200 1200 79 46 0 79 52 0 79 42 0 79 44 0 5978 950000 4750 747472 1022500 763434
 1144.954838 3581 1200 1200 1200 1200 79 46 0 79 52 0 79 42 0 79 44 0 5978 950000 4750 747746 1022500 763434
 1145.154838 3582 1200 1200 1200 1200 79 46 0 79 52 0 79 42 0 79 44 0 5978 950000 4750 747746 1022500 763434
 1145.354838 3583 1200 1200 1200 1200 79 46 0 79 52 0 79 42 0 79 44 0 5978 950000 4750 752130 1022500 768544
 1145.554839 3584 1200 1200 1200 1200 79 46 0 79 52 0 79 42 0 79 44 0 5978 950000 4750 747472 1022500 763434
 1145.754838 3585 1200 1200 1200 1200 79 46 0 79 52 0 79 42 0 79 44 0 5734 950000 4750 748294 1022500 764456
 1145.954848 3586 1200 1200 1200 1200 79 46 0 79 52 0 79 42 0 79 44 0 5734 950000 4750 748294 1022500 764456
 1146.154837 3587 1200 1200 1200 1200 79 46 0 79 52 0 79 42 0 79 44 0 5978 950000 4750 748294 1022500 764456
 1146.354836 3588 1200 1200 1200 1200 79 46 0 79 52 0 79 42 0 79 44 0 5734 950000 4750 749116 1022500 765478
 1146.554837 3589 1200 1200 1200 1200 79 46 0 79 52 0 79 42 0 79 44 0 5978 950000 4750 748568 1022500 764456
 1146.754837 3590 1200 1200 1200 1200 79 46 0 79 52 0 79 42 0 79 44 0 5978 950000 4750 748568 1022500 764456
 1146.954837 3591 1200 1200 1200 1200 79 46 0 79 52 0 79 42 0 79 44 0 5978 950000 4750 748294 1022500 764456
 1147.154836 3592 1200 1200 1200 1200 79 46 0 79 52 0 79 42 0 79 44 0 5978 950000 4750 748294 1022500 764456
 1147.354836 3593 1200 1200 1200 1200 79 46 0 79 52 0 79 42 0 79 44 0 5978 950000 4750 748020 1022500 764456
 1147.554836 3594 1200 1200 1200 1200 79 46 0 79 52 0 79 42 0 79 44 0 5978 950000 4750 748020 1022500 764456
 1147.754902 3595 1200 1200 1200 1200 79 46 0 79 52 0 79 42 0 79 44 0 5978 950000 4750 748294 1022500 764456
 1147.954902 3596 1200 1200 1200 1200 74 46 0 74 52 0 74 42 0 74 44 0 5978 950000 4750 627460 1022500 640794
 1148.154899 3597 1200 1200 1200 1200 74 46 0 74 52 0 74 42 0 74 44 0 5734 950000 4750 53156 1020000 54060
 1148.354904 3598 1200 1200 1200 1200 74 46 0 74 52 0 74 42 0 74 44 0 5734 950000 4750 53156 1020000 54060
 1148.554903 3599 1200 1200 1200 1200 74 46 0 74 52 0 74 42 0 74 44 0 5978 950000 4750 54526 1020000 55080
 1148.754903 3600 1200 1200 1200 1200 74 46 0 74 52 0 74 42 0 74 44 0 5734 950000 4750 55348 1020000 56100
 1148.954902 3601 1200 1200 1200 1200 72 46 0 72 52 0 72 42 0 72 44 0 5734 950000 4750 54252 1020000 55080
 1149.154914 3602 1200 1200 1200 1200 72 46 0 72 52 0 72 42 0 72 44 0 5734 950000 4750 54252 1020000 55080
 1149.354903 3603 1200 1200 1200 1200 72 46 0 72 52 0 72 42 0 72 44 0 5978 950000 4750 55896 1020000 56100
