 2069.059987 8201 900 900 900 900 73 46 0 73 52 0 73 42 0 73 44 0 5734 950000 4750 565536 921250 520365
 2069.259957 8202 900 900 900 900 73 46 0 73 52 0 73 42 0 73 44 0 5734 950000 4750 565536 921250 520365
 2069.464968 8203 900 900 900 900 73 46 0 73 52 0 73 42 0 73 44 0 5734 950000 4750 556494 921250 512076
 2069.664921 8204 900 900 900 900 73 46 0 73 52 0 73 42 0 73 44 0 5978 950000 4750 536766 921250 493656
 2069.864944 8205 900 900 900 900 73 46 0 73 52 0 73 42 0 73 44 0 5734 950000 4750 490460 921250 451290
 2070.064961 8206 900 900 900 900 73 46 0 73 52 0 73 42 0 73 44 0 5734 950000 4750 490460 921250 451290
 2070.264941 8207 900 900 900 900 73 46 0 73 52 0 73 42 0 73 44 0 5734 950000 4750 490460 920000 450800
 2070.464942 8208 900 900 900 900 73 46 0 73 52 0 73 42 0 73 44 0 5734 950000 4750 489090 920000 449880
 2070.664942 8209 900 900 900 900 73 46 0 73 52 0 73 42 0 73 44 0 5734 950000 4750 487994 920000 448040
 2070.864941 8210 900 900 900 900 73 46 0 73 52 0 73 42 0 73 44 0 5734 950000 4750 487994 920000 448040
 2071.064956 8211 900 900 900 900 73 46 0 73 52 0 73 42 0 73 44 0 5734 950000 4750 489364 920000 449880
 2071.264941 8212 900 900 900 900 73 46 0 73 52 0 73 42 0 73 44 0 5734 950000 4750 490460 920000 450800
 2071.464940 8213 900 900 900 900 73 46 0 73 52 0 73 42 0 73 44 0 5734 950000 4750 489638 920000 449880
 2071.664942 8214 900 900 900 900 73 46 0 73 52 0 73 42 0 73 44 0 5734 950000 4750 489638 920000 449880
 2071.864941 8215 900 900 900 900 73 46 0 73 52 0 73 42 0 73 44 0 5734 950000 4750 490460 920000 450800
 2072.064950 8216 900 900 900 900 73 46 0 73 52 0 73 42 0 73 44 0 5734 950000 4750 492104 920000 452640
 2072.264941 8217 900 900 900 900 73 46 0 73 52 0 73 42 0 73 44 0 5734 950000 4750 491008 920000 451720
 2072.464941 8218 900 900 900 900 73 46 0 73 52 0 73 42 0 73 44 0 5734 950000 4750 491008 920000 451720
 2072.664943 8219 900 900 900 900 73 46 0 73 52 0 73 42 0 73 44 0 5734 950000 4750 490186 920000 450800
 2072.864941 8220 900 900 900 900 73 46 0 73 52 0 73 42 0 73 44 0 5734 950000 4750 491282 920000 451720
 2073.064956 8221 900 900 900 900 73 46 0 73 52 0 73 42 0 73 44 0 5734 950000 4750 490460 920000 450800
 2073.264856 8222 900 900 900 900 73 46 0 73 52 0 73 42 0 73 44 0 5734 950000 4750 490460 920000 450800
 2073.464940 8223 900 900 900 900 73 46 0 73 52 0 73 42 0 73 44 0 5734 950000 4750 490460 920000 450800
 2073.664941 8224 900 900 900 900 73 46 0 73 52 0 73 42 0 73 44 0 5734 950000 4750 491556 920000 451720
 2073.864942 8225 900 900 900 900 73 46 0 73 52 0 73 42 0 73 44 0 5734 950000 4750 491556 920000 451720
 2074.064955 8226 900 900 900 900 73 46 0 73 52 0 73 42 0 73 44 0 5734 950000 4750 489912 920000 449880
 2074.264945 8227 900 900 900 900 73 46 0 73 52 0 73 42 0 73 44 0 5734 950000 4750 489912 920000 449880
 2074.464936 8228 900 900 900 900 73 46 0 73 52 0 73 42 0 73 44 0 5734 950000 4750 490460 920000 450800
 2074.664941 8229 900 900 900 900 73 46 0 73 52 0 73 42 0 73 44 0 5734 950000 4750 489364 920000 449880
 2074.864941 8230 900 900 900 900 73 46 0 73 52 0 73 42 0 73 44 0 5734 950000 4750 487994 920000 448040
 2075.064958 8231 900 900 900 900 73 46 0 73 52 0 73 42 0 73 44 0 5734 950000 4750 487994 920000 448040
 2075.264940 8232 900 900 900 900 73 46 0 73 52 0 73 42 0 73 44 0 5734 950000 4750 492652 920000 452640
 2075.464941 8233 900 900 900 900 73 46 0 73 52 0 73 42 0 73 44 0 5734 950000 4750 489912 920000 449880
 2075.664935 8234 900 900 900 900 73 46 0 73 52 0 73 42 0 73 44 0 5734 950000 4750 491282 920000 451720
 2075.864940 8235 900 900 900 900 73 46 0 73 52 0 73 42 0 73 44 0 5734 950000 4750 491282 920000 451720
 2076.064956 8236 900 900 900 900 73 46 0 73 52 0 73 42 0 73 44 0 5734 950000 4750 490460 920000 450800
 2076.264941 8237 900 900 900 900 73 46 0 73 52 0 73 42 0 73 44 0 5734 950000 4750 491282 920000 451720
 2076.464941 8238 900 900 900 900 73 46 0 73 52 0 73 42 0 73 44 0 5734 950000 4750 489090 920000 449880
 2076.664941 8239 900 900 900 900 73 46 0 73 52 0 73 42 0 73 44 0 5734 950000 4750 489090 920000 449880
 2076.864935 8240 900 900 900 900 73 46 0 73 52 0 73 42 0 73 44 0 5734 950000 4750 489912 920000 449880
 2077.064955 8241 900 900 900 900 73 46 0 73 52 0 73 42 0 73 44 0 5734 950000 4750 489638 920000 449880
 2077.264941 8242 900 900 900 900 73 46 0 73 52 0 73 42 0 73 44 0 5734 950000 4750 490460 920000 450800
 2077.464943 8243 900 900 900 900 73 46 0 73 52 0 73 42 0 73 44 0 5734 950000 4750 490460 920000 450800
 2077.664941 8244 900 900 900 900 73 46 0 73 52 0 73 42 0 73 44 0 5734 950000 4750 490460 920000 450800
 2077.864941 8245 900 900 900 900 73 46 0 73 52 0 73 42 0 73 44 0 5734 950000 4750 490186 920000 450800
 2078.064936 8246 900 900 900 900 73 46 0 73 52 0 73 42 0 73 44 0 5734 950000 4750 490186 920000 450800
 2078.264942 8247 900 900 900 900 73 46 0 73 52 0 73 42 0 73 44 0 5734 950000 4750 490186 920000 450800
 2078.464941 8248 900 900 900 900 73 46 0 73 52 0 73 42 0 73 44 0 5734 950000 4750 490186 920000 450800
 2078.664943 8249 900 900 900 900 73 46 0 73 52 0 73 42 0 73 44 0 5734 950000 4750 489090 920000 449880
 2078.864941 8250 900 900 900 900 73 46 0 73 52 0 73 42 0 73 44 0 5734 950000 4750 488542 920000 448960
 2079.064938 8251 900 900 900 900 73 46 0 73 52 0 73 42 0 73 44 0 5734 950000 4750 488542 920000 448960
 2079.264962 8252 900 900 900 900 73 46 0 73 52 0 73 42 0 73 44 0 5734 950000 4750 490734 920000 450800
 2079.464941 8253 900 900 900 900 73 46 0 73 52 0 73 42 0 73 44 0 5734 950000 4750 491008 920000 451720
 2079.664941 8254 900 900 900 900 73 46 0 73 52 0 73 42 0 73 44 0 5978 950000 4750 491282 920000 451720
 2079.864916 8255 900 900 900 900 73 46 0 73 52 0 73 42 0 73 44 0 5734 950000 4750 489912 920000 449880
 2080.064955 8256 900 900 900 900 73 46 0 73 52 0 73 42 0 73 44 0 5734 950000 4750 489912 920000 449880
 2080.264941 8257 900 900 900 900 73 46 0 73 52 0 73 42 0 73 44 0 5734 950000 4750 490734 920000 450800
 2080.464935 8258 900 900 900 900 73 46 0 73 52 0 73 42 0 73 44 0 5734 950000 4750 489912 920000 449880
 2080.664941 8259 900 900 900 900 73 46 0 73 52 0 73 42 0 73 44 0 5734 950000 4750 489364 920000 449880
 2080.864941 8260 900 900 900 900 73 46 0 73 52 0 73 42 0 73 44 0 5734 950000 4750 489364 920000 449880
 2081.064955 8261 900 900 900 900 73 46 0 73 52 0 73 42 0 73 44 0 5734 950000 4750 490460 920000 450800
 2081.264941 8262 900 900 900 900 73 46 0 73 52 0 73 42 0 73 44 0 5734 950000 4750 490734 920000 450800
 2081.464935 8263 900 900 900 900 73 46 0 73 52 0 73 42 0 73 44 0 5734 950000 4750 491282 920000 451720
 2081.664944 8264 900 900 900 900 73 46 0 73 52 0 73 42 0 73 44 0 5734 950000 4750 491282 920000 451720
 2081.864941 8265 900 900 900 900 73 46 0 73 52 0 73 42 0 73 44 0 5734 950000 4750 490460 920000 450800
 2082.064955 8266 900 900 900 900 73 46 0 73 52 0 73 42 0 73 44 0 5734 950000 4750 491282 920000 451720
 2082.264941 8267 900 900 900 900 73 46 0 73 52 0 73 42 0 73 44 0 5734 950000 4750 488816 920000 448960
 2082.464941 8268 900 900 900 900 73 46 0 73 52 0 73 42 0 73 44 0 5734 950000 4750 488816 920000 448960
 2082.664941 8269 900 900 900 900 73 46 0 73 52 0 73 42 0 73 44 0 5734 950000 4750 489638 920000 449880
 2082.864935 8270 900 900 900 900 73 46 0 73 52 0 73 42 0 73 44 0 5734 950000 4750 490460 920000 450800
 2083.064956 8271 900 900 900 900 73 46 0 73 52 0 73 42 0 73 44 0 5734 950000 4750 491008 920000 451720
 2083.264942 8272 900 900 900 900 73 46 0 73 52 0 73 42 0 73 44 0 5734 950000 4750 491008 920000 451720
 2083.464941 8273 900 900 900 900 73 46 0 73 52 0 73 42 0 73 44 0 5734 950000 4750 491282 920000 451720
 2083.664940 8274 900 900 900 900 73 46 0 73 52 0 73 42 0 73 44 0 5734 950000 4750 489912 920000 449880
 2083.864935 8275 900 900 900 900 73 46 0 73 52 0 73 42 0 73 44 0 5734 950000 4750 489090 920000 449880
 2084.064955 8276 900 900 900 900 73 46 0 73 52 0 73 42 0 73 44 0 5734 950000 4750 489090 920000 449880
 2084.264940 8277 900 900 900 900 73 46 0 73 52 0 73 42 0 73 44 0 5734 950000 4750 489090 920000 449880
 2084.464941 8278 900 900 900 900 73 46 0 73 52 0 73 42 0 73 44 0 5978 950000 4750 489090 920000 449880
 2084.664943 8279 900 900 900 900 73 46 0 73 52 0 73 42 0 73 44 0 5734 950000 4750 489090 920000 449880
 2084.864941 8280 900 900 900 900 73 46 0 73 52 0 73 42 0 73 44 0 5734 950000 4750 489090 920000 449880
 2085.064956 8281 900 900 900 900 73 46 0 73 52 0 73 42 0 73 44 0 5734 950000 4750 491008 920000 451720
 2085.264935 8282 900 900 900 900 73 46 0 73 52 0 73 42 0 73 44 0 5734 950000 4750 490460 920000 450800
 2085.464941 8283 900 900 900 900 73 46 0 73 52 0 73 42 0 73 44 0 5734 950000 4750 490734 920000 450800
 2085.664922 8284 900 900 900 900 73 46 0 73 52 0 73 42 0 73 44 0 5734 950000 4750 490734 920000 450800
 2085.864941 8285 900 900 900 900 73 46 0 73 52 0 73 42 0 73 44 0 5734 950000 4750 490460 920000 450800
 2086.064955 8286 900 900 900 900 73 46 0 73 52 0 73 42 0 73 44 0 5734 950000 4750 488816 920000 448960
 2086.264935 8287 900 900 900 900 73 46 0 73 52 0 73 42 0 73 44 0 5734 950000 4750 489638 920000 449880
 2086.464941 8288 900 900 900 900 73 46 0 73 52 0 73 42 0 73 44 0 5734 950000 4750 490460 920000 450800
 2086.664941 8289 900 900 900 900 73 46 0 73 52 0 73 42 0 73 44 0 5734 950000 4750 490460 920000 450800
 2086.864941 8290 900 900 900 900 73 46 0 73 52 0 73 42 0 73 44 0 5734 950000 4750 490460 920000 450800
 2087.064956 8291 900 900 900 900 73 46 0 73 52 0 73 42 0 73 44 0 5734 950000 4750 490734 920000 450800
 2087.264941 8292 900 900 900 900 73 46 0 73 52 0 73 42 0 73 44 0 5734 950000 4750 491830 920000 451720
 2087.464940 8293 900 900 900 900 73 46 0 73 52 0 73 42 0 73 44 0 5734 950000 4750 491830 920000 451720
 2087.664937 8294 900 900 900 900 73 46 0 73 52 0 73 42 0 73 44 0 5734 950000 4750 490186 920000 450800
 2087.864940 8295 900 900 900 900 73 46 0 73 52 0 73 42 0 73 44 0 5734 950000 4750 489364 920000 449880
 2088.064955 8296 900 900 900 900 73 46 0 73 52 0 73 42 0 73 44 0 5734 950000 4750 490460 920000 450800
 2088.264942 8297 900 900 900 900 73 46 0 73 52 0 73 42 0 73 44 0 5734 950000 4750 490460 920000 450800
 2088.464941 8298 900 900 900 900 73 46 0 73 52 0 73 42 0 73 44 0 5734 950000 4750 489912 920000 449880
 2088.664935 8299 900 900 900 900 73 46 0 73 52 0 73 42 0 73 44 0 5734 950000 4750 488268 920000 448960
 2088.864941 8300 900 900 900 900 73 46 0 73 52 0 73 42 0 73 44 0 5734 950000 4750 490460 920000 450800
 2089.064956 8301 900 900 900 900 73 46 0 73 52 0 73 42 0 73 44 0 5734 950000 4750 490460 920000 450800
 2089.264943 8302 900 900 900 900 73 46 0 73 52 0 73 42 0 73 44 0 5734 950000 4750 490460 920000 450800
 2089.464941 8303 900 900 900 900 73 46 0 73 52 0 73 42 0 73 44 0 5734 950000 4750 489638 920000 449880
 2089.664941 8304 900 900 900 900 73 46 0 73 52 0 73 42 0 73 44 0 5734 950000 4750 489364 920000 449880
 2089.864941 8305 900 900 900 900 73 46 0 73 52 0 73 42 0 73 44 0 5734 950000 4750 489364 920000 449880
 2090.064949 8306 900 900 900 900 73 46 0 73 52 0 73 42 0 73 44 0 5734 950000 4750 489364 920000 449880
 2090.264940 8307 900 900 900 900 73 46 0 73 52 0 73 42 0 73 44 0 5734 950000 4750 489090 920000 449880
 2090.464941 8308 900 900 900 900 73 46 0 73 52 0 73 42 0 73 44 0 5734 950000 4750 487994 920000 448040
 2090.664943 8309 900 900 900 900 73 46 0 73 52 0 73 42 0 73 44 0 5734 950000 4750 487994 920000 448040
 2090.864941 8310 900 900 900 900 73 46 0 73 52 0 73 42 0 73 44 0 5734 950000 4750 490186 920000 450800
 2091.064956 8311 900 900 900 900 73 46 0 73 52 0 73 42 0 73 44 0 5734 950000 4750 491556 920000 451720
 2091.264941 8312 900 900 900 900 73 46 0 73 52 0 73 42 0 73 44 0 5734 950000 4750 491008 920000 451720
 2091.464942 8313 900 900 900 900 73 46 0 73 52 0 73 42 0 73 44 0 5734 950000 4750 491008 920000 451720
 2091.664941 8314 900 900 900 900 73 46 0 73 52 0 73 42 0 73 44 0 5734 950000 4750 489912 920000 449880
 2091.864941 8315 900 900 900 900 73 46 0 73 52 0 73 42 0 73 44 0 5734 950000 4750 489912 920000 449880
 2092.064955 8316 900 900 900 900 73 46 0 73 52 0 73 42 0 73 44 0 5734 950000 4750 489912 920000 449880
 2092.264857 8317 900 900 900 900 73 46 0 73 52 0 73 42 0 73 44 0 5734 950000 4750 490460 920000 450800
 2092.464940 8318 900 900 900 900 73 46 0 73 52 0 73 42 0 73 44 0 5734 950000 4750 490460 920000 450800
 2092.664940 8319 900 900 900 900 73 46 0 73 52 0 73 42 0 73 44 0 5734 950000 4750 491556 920000 451720
 2092.864940 8320 900 900 900 900 73 46 0 73 52 0 73 42 0 73 44 0 5734 950000 4750 491556 920000 451720
 2093.064956 8321 900 900 900 900 73 46 0 73 52 0 73 42 0 73 44 0 5734 950000 4750 491008 920000 451720
 2093.264942 8322 900 900 900 900 73 46 0 73 52 0 73 42 0 73 44 0 5734 950000 4750 491008 920000 451720
 2093.464940 8323 900 900 900 900 73 46 0 73 52 0 73 42 0 73 44 0 5734 950000 4750 493748 920000 453560
 2093.664945 8324 900 900 900 900 73 46 0 73 52 0 73 42 0 73 44 0 5734 950000 4750 489090 920000 449880
 2093.864941 8325 900 900 900 900 73 46 0 73 52 0 73 42 0 73 44 0 5734 950000 4750 490186 920000 450800
 2094.064956 8326 900 900 900 900 73 46 0 73 52 0 73 42 0 73 44 0 5734 950000 4750 490186 920000 450800
 2094.264942 8327 900 900 900 900 73 46 0 73 52 0 73 42 0 73 44 0 5734 950000 4750 489364 920000 449880
 2094.464942 8328 900 900 900 900 73 46 0 73 52 0 73 42 0 73 44 0 5734 950000 4750 490460 920000 450800
 2094.664933 8329 900 900 900 900 73 46 0 73 52 0 73 42 0 73 44 0 5734 950000 4750 490186 920000 450800
 2094.864942 8330 900 900 900 900 73 46 0 73 52 0 73 42 0 73 44 0 5734 950000 4750 490186 920000 450800
 2095.064954 8331 900 900 900 900 73 46 0 73 52 0 73 42 0 73 44 0 5734 950000 4750 489638 920000 449880
 2095.264940 8332 900 900 900 900 73 46 0 73 52 0 73 42 0 73 44 0 5734 950000 4750 490186 920000 450800
 2095.464941 8333 900 900 900 900 73 46 0 73 52 0 73 42 0 73 44 0 5734 950000 4750 488542 920000 448960
 2095.664941 8334 900 900 900 900 73 46 0 73 52 0 73 42 0 73 44 0 5734 950000 4750 488542 920000 448960
 2095.864942 8335 900 900 900 900 73 46 0 73 52 0 73 42 0 73 44 0 5734 950000 4750 489912 920000 449880
 2096.064956 8336 900 900 900 900 73 46 0 73 52 0 73 42 0 73 44 0 5734 950000 4750 489912 920000 449880
 2096.264941 8337 900 900 900 900 73 46 0 73 52 0 73 42 0 73 44 0 5734 950000 4750 489912 920000 449880
 2096.464942 8338 900 900 900 900 73 46 0 73 52 0 73 42 0 73 44 0 5734 950000 4750 489912 920000 449880
 2096.664943 8339 900 900 900 900 73 46 0 73 52 0 73 42 0 73 44 0 5734 950000 4750 491556 920000 451720
 2096.864941 8340 900 900 900 900 73 46 0 73 52 0 73 42 0 73 44 0 5734 950000 4750 490734 920000 450800
 2097.064934 8341 900 900 900 900 73 46 0 73 52 0 73 42 0 73 44 0 5734 950000 4750 489912 920000 449880
 2097.264941 8342 900 900 900 900 73 46 0 73 52 0 73 42 0 73 44 0 5734 950000 4750 489912 920000 449880
 2097.464942 8343 900 900 900 900 73 46 0 73 52 0 73 42 0 73 44 0 5734 950000 4750 489364 920000 449880
 2097.664942 8344 900 900 900 900 73 46 0 73 52 0 73 42 0 73 44 0 5734 950000 4750 488268 920000 448960
 2097.864942 8345 900 900 900 900 73 46 0 73 52 0 73 42 0 73 44 0 5734 950000 4750 489912 920000 449880
 2098.064939 8346 900 900 900 900 73 46 0 73 52 0 73 42 0 73 44 0 5734 950000 4750 489912 920000 449880
 2098.264946 8347 900 900 900 900 73 46 0 73 52 0 73 42 0 73 44 0 5734 950000 4750 489364 920000 449880
 2098.464981 8348 900 900 900 900 73 46 0 73 52 0 73 42 0 73 44 0 5734 950000 4750 489638 920000 449880
 2098.664941 8349 900 900 900 900 73 46 0 73 52 0 73 42 0 73 44 0 5734 950000 4750 490186 920000 450800
 2098.864917 8350 900 900 900 900 73 46 0 73 52 0 73 42 0 73 44 0 5734 950000 4750 490460 920000 450800
 2099.064960 8351 900 900 900 900 73 46 0 73 52 0 73 42 0 73 44 0 5734 950000 4750 490460 920000 450800
 2099.264980 8352 900 900 900 900 73 46 0 73 52 0 73 42 0 73 44 0 5734 950000 4750 489638 920000 449880
 2099.464936 8353 900 900 900 900 73 46 0 73 52 0 73 42 0 73 44 0 5978 950000 4750 517586 921250 476157
 2099.664944 8354 900 900 900 900 73 46 0 73 52 0 73 42 0 73 44 0 5734 950000 4750 488542 920000 448960
 2099.864943 8355 900 900 900 900 73 46 0 73 52 0 73 42 0 73 44 0 5734 950000 4750 488542 920000 448960
 2100.064957 8356 900 900 900 900 73 46 0 73 52 0 73 42 0 73 44 0 5734 950000 4750 488816 920000 448960
 2100.264942 8357 900 900 900 900 73 46 0 73 52 0 73 42 0 73 44 0 5734 950000 4750 491008 920000 451720
 2100.464942 8358 900 900 900 900 73 46 0 73 52 0 73 42 0 73 44 0 5734 950000 4750 490460 920000 450800
 2100.664943 8359 900 900 900 900 73 46 0 73 52 0 73 42 0 73 44 0 5734 950000 4750 490460 920000 450800
 2100.864941 8360 900 900 900 900 73 46 0 73 52 0 73 42 0 73 44 0 5734 950000 4750 490460 920000 450800
 2101.064955 8361 900 900 900 900 73 46 0 73 52 0 73 42 0 73 44 0 5734 950000 4750 490734 920000 450800
 2101.264940 8362 900 900 900 900 73 46 0 73 52 0 73 42 0 73 44 0 5734 950000 4750 490460 920000 450800
 2101.464940 8363 900 900 900 900 73 46 0 73 52 0 73 42 0 73 44 0 5734 950000 4750 490460 920000 450800
 2101.664942 8364 900 900 900 900 73 46 0 73 52 0 73 42 0 73 44 0 5734 950000 4750 489090 920000 449880
 2101.864934 8365 900 900 900 900 73 46 0 73 52 0 73 42 0 73 44 0 5734 950000 4750 490186 920000 450800
 2102.064956 8366 900 900 900 900 73 46 0 73 52 0 73 42 0 73 44 0 5734 950000 4750 491008 920000 451720
 2102.264940 8367 900 900 900 900 73 46 0 73 52 0 73 42 0 73 44 0 5734 950000 4750 491008 920000 451720
 2102.464940 8368 900 900 900 900 73 46 0 73 52 0 73 42 0 73 44 0 5734 950000 4750 490460 920000 450800
 2102.664943 8369 900 900 900 900 73 46 0 73 52 0 73 42 0 73 44 0 5734 950000 4750 490460 920000 450800
 2102.864941 8370 900 900 900 900 73 46 0 73 52 0 73 42 0 73 44 0 5734 950000 4750 491008 920000 451720
 2103.064956 8371 900 900 900 900 73 46 0 73 52 0 73 42 0 73 44 0 5734 950000 4750 491008 920000 451720
 2103.264954 8372 900 900 900 900 73 46 0 73 52 0 73 42 0 73 44 0 5734 950000 4750 487994 920000 448040
 2103.464941 8373 900 900 900 900 73 46 0 73 52 0 73 42 0 73 44 0 5734 950000 4750 488542 920000 448960
 2103.664942 8374 900 900 900 900 73 46 0 73 52 0 73 42 0 73 44 0 5734 950000 4750 488542 920000 448960
 2103.864942 8375 900 900 900 900 73 46 0 73 52 0 73 42 0 73 44 0 5734 950000 4750 488542 920000 448960
 2104.064957 8376 900 900 900 900 73 46 0 73 52 0 73 42 0 73 44 0 5490 950000 4750 489090 920000 449880
 2104.264938 8377 900 900 900 900 73 46 0 73 52 0 73 42 0 73 44 0 5490 950000 4750 489638 920000 449880
 2104.464942 8378 900 900 900 900 73 46 0 73 52 0 73 42 0 73 44 0 5734 950000 4750 491008 920000 451720
 2104.664923 8379 900 900 900 900 73 46 0 73 52 0 73 42 0 73 44 0 5734 950000 4750 491008 920000 451720
 2104.864944 8380 900 900 900 900 73 46 0 73 52 0 73 42 0 73 44 0 5734 950000 4750 489912 920000 449880
 2105.064957 8381 900 900 900 900 73 46 0 73 52 0 73 42 0 73 44 0 5734 950000 4750 489912 920000 449880
 2105.264943 8382 900 900 900 900 73 46 0 73 52 0 73 42 0 73 44 0 5734 950000 4750 489912 920000 449880
 2105.464942 8383 900 900 900 900 73 46 0 73 52 0 73 42 0 73 44 0 5734 950000 4750 490460 920000 450800
 2105.664944 8384 900 900 900 900 73 46 0 73 52 0 73 42 0 73 44 0 5734 950000 4750 490460 920000 450800
 2105.864943 8385 900 900 900 900 73 46 0 73 52 0 73 42 0 73 44 0 5734 950000 4750 491830 920000 451720
 2106.064941 8386 900 900 900 900 73 46 0 73 52 0 73 42 0 73 44 0 5734 950000 4750 496214 920000 456320
 2106.264942 8387 900 900 900 900 73 46 0 73 52 0 73 42 0 73 44 0 5734 950000 4750 491008 920000 451720
 2106.464942 8388 900 900 900 900 73 46 0 73 52 0 73 42 0 73 44 0 5734 950000 4750 491008 920000 451720
 2106.664936 8389 900 900 900 900 73 46 0 73 52 0 73 42 0 73 44 0 5734 950000 4750 491008 920000 451720
 2106.864942 8390 900 900 900 900 73 46 0 73 52 0 73 42 0 73 44 0 5734 950000 4750 489638 920000 449880
 2107.064957 8391 900 900 900 900 73 46 0 73 52 0 73 42 0 73 44 0 5734 950000 4750 490186 920000 450800
 2107.264944 8392 900 900 900 900 73 46 0 73 52 0 73 42 0 73 44 0 5734 950000 4750 490186 920000 450800
 2107.464942 8393 900 900 900 900 73 46 0 73 52 0 73 42 0 73 44 0 5490 950000 4750 490186 920000 450800
 2107.664941 8394 900 900 900 900 73 46 0 73 52 0 73 42 0 73 44 0 5734 950000 4750 489364 920000 449880
 2107.864941 8395 900 900 900 900 73 46 0 73 52 0 73 42 0 73 44 0 5490 950000 4750 490460 920000 450800
 2108.064957 8396 900 900 900 900 73 46 0 73 52 0 73 42 0 73 44 0 5490 950000 4750 490460 920000 450800
 2108.264942 8397 900 900 900 900 73 46 0 73 52 0 73 42 0 73 44 0 5490 950000 4750 490460 920000 450800
 2108.464941 8398 900 900 900 900 73 46 0 73 52 0 73 42 0 73 44 0 5734 950000 4750 488816 920000 448960
 2108.664945 8399 900 900 900 900 73 46 0 73 52 0 73 42 0 73 44 0 5490 950000 4750 488816 920000 448960
 2108.864941 8400 900 900 900 900 73 46 0 73 52 0 73 42 0 73 44 0 5490 950000 4750 488816 920000 448960
 2109.064951 8401 900 900 900 900 73 46 0 73 52 0 73 42 0 73 44 0 5734 950000 4750 489090 920000 449880
 2109.264944 8402 900 900 900 900 73 46 0 73 52 0 73 42 0 73 44 0 5734 950000 4750 488268 920000 448960
 2109.464943 8403 900 900 900 900 73 46 0 73 52 0 73 42 0 73 44 0 5734 950000 4750 487994 920000 448040
 2109.664942 8404 900 900 900 900 73 46 0 73 52 0 73 42 0 73 44 0 5734 950000 4750 487994 920000 448040
 2109.864942 8405 900 900 900 900 73 46 0 73 52 0 73 42 0 73 44 0 5734 950000 4750 494844 920000 454480
 2110.064959 8406 900 900 900 900 73 46 0 73 52 0 73 42 0 73 44 0 5734 950000 4750 489364 920000 449880
 2110.264942 8407 900 900 900 900 73 46 0 73 52 0 73 42 0 73 44 0 5734 950000 4750 488816 920000 448960
 2110.464943 8408 900 900 900 900 73 46 0 73 52 0 73 42 0 73 44 0 5734 950000 4750 488816 920000 448960
 2110.664943 8409 900 900 900 900 73 46 0 73 52 0 73 42 0 73 44 0 5734 950000 4750 489638 920000 449880
 2110.864942 8410 900 900 900 900 73 46 0 73 52 0 73 42 0 73 44 0 5734 950000 4750 489638 920000 449880
 2111.064957 8411 900 900 900 900 73 46 0 73 52 0 73 42 0 73 44 0 5490 950000 4750 489090 920000 449880
 2111.264986 8412 900 900 900 900 73 46 0 73 52 0 73 42 0 73 44 0 5734 950000 4750 489638 920000 449880
 2111.464942 8413 900 900 900 900 73 46 0 73 52 0 73 42 0 73 44 0 5734 950000 4750 489638 920000 449880
 2111.664944 8414 900 900 900 900 73 46 0 73 52 0 73 42 0 73 44 0 5490 950000 4750 495118 920000 455400
 2111.864943 8415 900 900 900 900 73 46 0 73 52 0 73 42 0 73 44 0 5734 950000 4750 490460 920000 450800
 2112.064957 8416 900 900 900 900 73 46 0 73 52 0 73 42 0 73 44 0 5734 950000 4750 491830 920000 451720
 2112.264942 8417 900 900 900 900 73 46 0 73 52 0 73 42 0 73 44 0 5734 950000 4750 491830 920000 451720
 2112.464942 8418 900 900 900 900 73 46 0 73 52 0 73 42 0 73 44 0 5734 950000 4750 491008 920000 451720
 2112.664943 8419 900 900 900 900 73 46 0 73 52 0 73 42 0 73 44 0 5734 950000 4750 489638 920000 449880
 2112.864943 8420 900 900 900 900 73 46 0 73 52 0 73 42 0 73 44 0 5734 950000 4750 489090 920000 449880
 2113.064956 8421 900 900 900 900 73 46 0 73 52 0 73 42 0 73 44 0 5734 950000 4750 489090 920000 449880
 2113.264941 8422 900 900 900 900 73 46 0 73 52 0 73 42 0 73 44 0 5490 950000 4750 489912 920000 449880
 2113.464942 8423 900 900 900 900 73 46 0 73 52 0 73 42 0 73 44 0 5734 950000 4750 489090 920000 449880
 2113.664936 8424 900 900 900 900 73 46 0 73 52 0 73 42 0 73 44 0 5734 950000 4750 490460 920000 450800
 2113.864942 8425 900 900 900 900 73 46 0 73 52 0 73 42 0 73 44 0 5734 950000 4750 490460 920000 450800
 2114.064957 8426 900 900 900 900 73 46 0 73 52 0 73 42 0 73 44 0 5734 950000 4750 491008 920000 451720
 2114.264971 8427 900 900 900 900 73 46 0 73 52 0 73 42 0 73 44 0 5734 950000 4750 489912 920000 449880
 2114.464942 8428 900 900 900 900 73 46 0 73 52 0 73 42 0 73 44 0 5734 950000 4750 487994 920000 448040
 2114.664945 8429 900 900 900 900 73 46 0 73 52 0 73 42 0 73 44 0 5734 950000 4750 487994 920000 448040
 2114.864942 8430 900 900 900 900 73 46 0 73 52 0 73 42 0 73 44 0 5734 950000 4750 492926 920000 452640
 2115.064957 8431 900 900 900 900 73 46 0 73 52 0 73 42 0 73 44 0 5734 950000 4750 490460 920000 450800
 2115.264942 8432 900 900 900 900 73 46 0 73 52 0 73 42 0 73 44 0 5734 950000 4750 488816 920000 448960
 2115.464943 8433 900 900 900 900 73 46 0 73 52 0 73 42 0 73 44 0 5734 950000 4750 488816 920000 448960
 2115.664942 8434 900 900 900 900 73 46 0 73 52 0 73 42 0 73 44 0 5734 950000 4750 489912 920000 449880
 2115.864942 8435 900 900 900 900 73 46 0 73 52 0 73 42 0 73 44 0 5734 950000 4750 489912 920000 449880
 2116.064936 8436 900 900 900 900 73 46 0 73 52 0 73 42 0 73 44 0 5490 950000 4750 490460 920000 450800
 2116.264942 8437 900 900 900 900 73 46 0 73 52 0 73 42 0 73 44 0 5490 950000 4750 490460 920000 450800
 2116.464943 8438 900 900 900 900 73 46 0 73 52 0 73 42 0 73 44 0 5734 950000 4750 488816 920000 448960
 2116.664942 8439 900 900 900 900 73 46 0 73 52 0 73 42 0 73 44 0 5734 950000 4750 488816 920000 448960
 2116.864941 8440 900 900 900 900 73 46 0 73 52 0 73 42 0 73 44 0 5734 950000 4750 488542 920000 448960
 2117.064957 8441 900 900 900 900 73 46 0 73 52 0 73 42 0 73 44 0 5734 950000 4750 488542 920000 448960
 2117.264944 8442 900 900 900 900 73 46 0 73 52 0 73 42 0 73 44 0 5490 950000 4750 488268 920000 448960
 2117.464942 8443 900 900 900 900 73 46 0 73 52 0 73 42 0 73 44 0 5734 950000 4750 489912 920000 449880
 2117.664945 8444 900 900 900 900 73 46 0 73 52 0 73 42 0 73 44 0 5734 950000 4750 489364 920000 449880
 2117.864917 8445 900 900 900 900 73 46 0 73 52 0 73 42 0 73 44 0 5734 950000 4750 490460 920000 450800
 2118.064957 8446 900 900 900 900 73 46 0 73 52 0 73 42 0 73 44 0 5734 950000 4750 490460 920000 450800
 2118.264942 8447 900 900 900 900 73 46 0 73 52 0 73 42 0 73 44 0 5734 950000 4750 488816 920000 448960
 2118.464936 8448 900 900 900 900 73 46 0 73 52 0 73 42 0 73 44 0 5734 950000 4750 488816 920000 448960
 2118.664944 8449 900 900 900 900 73 46 0 73 52 0 73 42 0 73 44 0 5734 950000 4750 488542 920000 448960
 2118.864943 8450 900 900 900 900 73 46 0 73 52 0 73 42 0 73 44 0 5734 950000 4750 488542 920000 448960
 2119.064958 8451 900 900 900 900 73 46 0 73 52 0 73 42 0 73 44 0 5490 950000 4750 487720 920000 448040
 2119.264942 8452 900 900 900 900 73 46 0 73 52 0 73 42 0 73 44 0 5734 950000 4750 489912 920000 449880
 2119.464941 8453 900 900 900 900 73 46 0 73 52 0 73 42 0 73 44 0 5734 950000 4750 489090 921250 450369
 2119.664942 8454 900 900 900 900 73 46 0 73 52 0 73 42 0 73 44 0 5734 950000 4750 489090 921250 450369
 2119.864943 8455 900 900 900 900 73 46 0 73 52 0 73 42 0 73 44 0 5734 950000 4750 488816 920000 448960
 2120.064957 8456 900 900 900 900 73 46 0 73 52 0 73 42 0 73 44 0 5734 950000 4750 490186 920000 450800
 2120.264942 8457 900 900 900 900 73 46 0 73 52 0 73 42 0 73 44 0 5734 950000 4750 489638 920000 449880
 2120.464943 8458 900 900 900 900 73 46 0 73 52 0 73 42 0 73 44 0 5734 950000 4750 489638 920000 449880
 2120.664945 8459 900 900 900 900 73 46 0 73 52 0 73 42 0 73 44 0 5734 950000 4750 490186 920000 450800
 2120.864934 8460 900 900 900 900 73 46 0 73 52 0 73 42 0 73 44 0 5734 950000 4750 491556 920000 451720
 2121.064956 8461 900 900 900 900 73 46 0 73 52 0 73 42 0 73 44 0 5734 950000 4750 491008 920000 451720
 2121.264943 8462 900 900 900 900 73 46 0 73 52 0 73 42 0 73 44 0 5734 950000 4750 491008 920000 451720
 2121.464942 8463 900 900 900 900 73 46 0 73 52 0 73 42 0 73 44 0 5734 950000 4750 490460 920000 450800
 2121.664943 8464 900 900 900 900 73 46 0 73 52 0 73 42 0 73 44 0 5734 950000 4750 490460 920000 450800
 2121.864942 8465 900 900 900 900 73 46 0 73 52 0 73 42 0 73 44 0 5734 950000 4750 491008 920000 451720
 2122.064956 8466 900 900 900 900 73 46 0 73 52 0 73 42 0 73 44 0 5734 950000 4750 491008 920000 451720
 2122.264943 8467 900 900 900 900 73 46 0 73 52 0 73 42 0 73 44 0 5734 950000 4750 489090 920000 449880
 2122.464943 8468 900 900 900 900 73 46 0 73 52 0 73 42 0 73 44 0 5734 950000 4750 487994 920000 448040
 2122.664943 8469 900 900 900 900 73 46 0 73 52 0 73 42 0 73 44 0 5734 950000 4750 488268 920000 448960
 2122.864942 8470 900 900 900 900 73 46 0 73 52 0 73 42 0 73 44 0 5734 950000 4750 488268 920000 448960
 2123.064957 8471 900 900 900 900 73 46 0 73 52 0 73 42 0 73 44 0 5734 950000 4750 488542 920000 448960
 2123.264937 8472 900 900 900 900 73 46 0 73 52 0 73 42 0 73 44 0 5734 950000 4750 489090 920000 449880
 2123.464942 8473 900 900 900 900 73 46 0 73 52 0 73 42 0 73 44 0 5734 950000 4750 489364 920000 449880
 2123.664926 8474 900 900 900 900 73 46 0 73 52 0 73 42 0 73 44 0 5734 950000 4750 489364 920000 449880
 2123.864941 8475 900 900 900 900 73 46 0 73 52 0 73 42 0 73 44 0 5734 950000 4750 489364 920000 449880
 2124.064958 8476 900 900 900 900 73 46 0 73 52 0 73 42 0 73 44 0 5734 950000 4750 489364 920000 449880
 2124.264943 8477 900 900 900 900 73 46 0 73 52 0 73 42 0 73 44 0 5490 950000 4750 488268 920000 448960
 2124.464943 8478 900 900 900 900 73 46 0 73 52 0 73 42 0 73 44 0 5490 950000 4750 489638 920000 449880
 2124.664942 8479 900 900 900 900 73 46 0 73 52 0 73 42 0 73 44 0 5490 950000 4750 489638 920000 449880
 2124.864942 8480 900 900 900 900 73 46 0 73 52 0 73 42 0 73 44 0 5734 950000 4750 487720 920000 448040
 2125.064956 8481 900 900 900 900 73 46 0 73 52 0 73 42 0 73 44 0 5734 950000 4750 490460 920000 450800
 2125.264941 8482 900 900 900 900 73 46 0 73 52 0 73 42 0 73 44 0 5734 950000 4750 490186 920000 450800
 2125.464942 8483 900 900 900 900 73 46 0 73 52 0 73 42 0 73 44 0 5734 950000 4750 490186 920000 450800
 2125.664937 8484 900 900 900 900 73 46 0 73 52 0 73 42 0 73 44 0 5490 950000 4750 489638 920000 449880
 2125.864942 8485 900 900 900 900 73 46 0 73 52 0 73 42 0 73 44 0 5734 950000 4750 489364 920000 449880
 2126.064957 8486 900 900 900 900 73 46 0 73 52 0 73 42 0 73 44 0 5490 950000 4750 489090 920000 449880
 2126.264943 8487 900 900 900 900 73 46 0 73 52 0 73 42 0 73 44 0 5490 950000 4750 489090 920000 449880
 2126.464943 8488 900 900 900 900 73 46 0 73 52 0 73 42 0 73 44 0 5734 950000 4750 489364 920000 449880
 2126.664944 8489 900 900 900 900 73 46 0 73 52 0 73 42 0 73 44 0 5734 950000 4750 488816 920000 448960
 2126.864941 8490 900 900 900 900 73 46 0 73 52 0 73 42 0 73 44 0 5734 950000 4750 491556 920000 451720
 2127.064956 8491 900 900 900 900 72 46 0 72 52 0 72 42 0 72 44 0 5734 950000 4750 491556 920000 451720
 2127.264941 8492 900 900 900 900 72 46 0 72 52 0 72 42 0 72 44 0 5734 950000 4750 490186 920000 450800
 2127.464942 8493 900 900 900 900 72 46 0 72 52 0 72 42 0 72 44 0 5490 950000 4750 488542 920000 448960
 2127.664942 8494 900 900 900 900 72 46 0 72 52 0 72 42 0 72 44 0 5734 950000 4750 489364 920000 449880
 2127.864942 8495 900 900 900 900 72 46 0 72 52 0 72 42 0 72 44 0 5734 950000 4750 489364 920000 449880
 2128.064951 8496 900 900 900 900 72 46 0 72 52 0 72 42 0 72 44 0 5734 950000 4750 487172 920000 448040
 2128.264943 8497 900 900 900 900 72 46 0 72 52 0 72 42 0 72 44 0 5734 950000 4750 487994 920000 448040
 2128.464943 8498 900 900 900 900 72 46 0 72 52 0 72 42 0 72 44 0 5734 950000 4750 487720 920000 448040
 2128.664941 8499 900 900 900 900 72 46 0 72 52 0 72 42 0 72 44 0 5734 950000 4750 487720 920000 448040
 2128.864942 8500 900 900 900 900 72 46 0 72 52 0 72 42 0 72 44 0 5734 950000 4750 488542 920000 448960
 2129.064958 8501 900 900 900 900 72 46 0 72 52 0 72 42 0 72 44 0 5734 950000 4750 488542 920000 448960
 2129.264994 8502 900 900 900 900 72 46 0 72 52 0 72 42 0 72 44 0 5734 950000 4750 489638 920000 449880
 2129.464946 8503 900 900 900 900 72 46 0 72 52 0 72 42 0 72 44 0 5734 950000 4750 489638 920000 449880
 2129.664945 8504 900 900 900 900 72 46 0 72 52 0 72 42 0 72 44 0 5734 950000 4750 504982 920000 463680
 2129.864942 8505 900 900 900 900 72 46 0 72 52 0 72 42 0 72 44 0 5490 950000 4750 491282 920000 451720
 2130.064957 8506 900 900 900 900 73 46 0 73 52 0 73 42 0 73 44 0 5734 950000 4750 490186 920000 450800
 2130.265081 8507 900 900 900 900 72 46 0 72 52 0 72 42 0 72 44 0 5490 950000 4750 489090 920000 449880
 2130.464941 8508 900 900 900 900 72 46 0 72 52 0 72 42 0 72 44 0 5490 950000 4750 489090 920000 449880
 2130.664942 8509 900 900 900 900 72 46 0 72 52 0 72 42 0 72 44 0 5734 950000 4750 489090 920000 449880
 2130.864942 8510 900 900 900 900 72 46 0 72 52 0 72 42 0 72 44 0 5734 950000 4750 490460 920000 450800
 2131.064957 8511 900 900 900 900 72 46 0 72 52 0 72 42 0 72 44 0 5734 950000 4750 490460 920000 450800
 2131.264942 8512 900 900 900 900 72 46 0 72 52 0 72 42 0 72 44 0 5734 950000 4750 490460 920000 450800
 2131.464942 8513 900 900 900 900 72 46 0 72 52 0 72 42 0 72 44 0 5734 950000 4750 490734 920000 450800
 2131.664943 8514 900 900 900 900 72 46 0 72 52 0 72 42 0 72 44 0 5490 950000 4750 489364 920000 449880
 2131.864943 8515 900 900 900 900 72 46 0 72 52 0 72 42 0 72 44 0 5734 950000 4750 490186 920000 450800
 2132.064957 8516 900 900 900 900 73 46 0 73 52 0 73 42 0 73 44 0 5734 950000 4750 490186 920000 450800
 2132.264941 8517 900 900 900 900 73 46 0 73 52 0 73 42 0 73 44 0 5734 950000 4750 488816 920000 448960
 2132.464944 8518 900 900 900 900 73 46 0 73 52 0 73 42 0 73 44 0 5734 950000 4750 488542 920000 448960
 2132.664936 8519 900 900 900 900 73 46 0 73 52 0 73 42 0 73 44 0 5734 950000 4750 491282 920000 451720
 2132.864944 8520 900 900 900 900 73 46 0 73 52 0 73 42 0 73 44 0 5734 950000 4750 491282 920000 451720
 2133.064958 8521 900 900 900 900 72 46 0 72 52 0 72 42 0 72 44 0 5734 950000 4750 491008 920000 451720
 2133.264942 8522 900 900 900 900 72 46 0 72 52 0 72 42 0 72 44 0 5734 950000 4750 489638 920000 449880
 2133.464943 8523 900 900 900 900 72 46 0 72 52 0 72 42 0 72 44 0 5734 950000 4750 489090 920000 449880
 2133.664942 8524 900 900 900 900 72 46 0 72 52 0 72 42 0 72 44 0 5734 950000 4750 489090 920000 449880
 2133.864941 8525 900 900 900 900 72 46 0 72 52 0 72 42 0 72 44 0 5734 950000 4750 488816 920000 448960
 2134.064956 8526 900 900 900 900 72 46 0 72 52 0 72 42 0 72 44 0 5490 950000 4750 486898 920000 447120
 2134.264942 8527 900 900 900 900 72 46 0 72 52 0 72 42 0 72 44 0 5734 950000 4750 486898 920000 447120
 2134.464942 8528 900 900 900 900 72 46 0 72 52 0 72 42 0 72 44 0 5734 950000 4750 486898 920000 447120
 2134.664942 8529 900 900 900 900 72 46 0 72 52 0 72 42 0 72 44 0 5490 950000 4750 489364 920000 449880
 2134.864941 8530 900 900 900 900 72 46 0 72 52 0 72 42 0 72 44 0 5734 950000 4750 489090 920000 449880
 2135.064934 8531 900 900 900 900 72 46 0 72 52 0 72 42 0 72 44 0 5490 950000 4750 489912 920000 449880
 2135.264943 8532 900 900 900 900 72 46 0 72 52 0 72 42 0 72 44 0 5490 950000 4750 489912 920000 449880
 2135.464942 8533 900 900 900 900 72 46 0 72 52 0 72 42 0 72 44 0 5734 950000 4750 489638 920000 449880
 2135.664945 8534 900 900 900 900 72 46 0 72 52 0 72 42 0 72 44 0 5734 950000 4750 488542 920000 448960
 2135.864942 8535 900 900 900 900 72 46 0 72 52 0 72 42 0 72 44 0 5734 950000 4750 489638 920000 449880
 2136.064957 8536 900 900 900 900 72 46 0 72 52 0 72 42 0 72 44 0 5734 950000 4750 489638 920000 449880
 2136.264942 8537 900 900 900 900 72 46 0 72 52 0 72 42 0 72 44 0 5734 950000 4750 488542 920000 448960
 2136.464942 8538 900 900 900 900 72 46 0 72 52 0 72 42 0 72 44 0 5734 950000 4750 490460 920000 450800
 2136.664943 8539 900 900 900 900 72 46 0 72 52 0 72 42 0 72 44 0 5734 950000 4750 489090 920000 449880
 2136.864918 8540 900 900 900 900 72 46 0 72 52 0 72 42 0 72 44 0 5734 950000 4750 488268 920000 448960
 2137.064957 8541 900 900 900 900 72 46 0 72 52 0 72 42 0 72 44 0 5734 950000 4750 488268 920000 448960
 2137.264943 8542 900 900 900 900 72 46 0 72 52 0 72 42 0 72 44 0 5734 950000 4750 489090 920000 449880
 2137.464935 8543 900 900 900 900 72 46 0 72 52 0 72 42 0 72 44 0 5490 950000 4750 487994 920000 448040
 2137.664941 8544 900 900 900 900 72 46 0 72 52 0 72 42 0 72 44 0 5490 950000 4750 487720 920000 448040
 2137.864943 8545 900 900 900 900 72 46 0 72 52 0 72 42 0 72 44 0 5490 950000 4750 487720 920000 448040
 2138.064957 8546 900 900 900 900 72 46 0 72 52 0 72 42 0 72 44 0 5734 950000 4750 489364 920000 449880
 2138.264941 8547 900 900 900 900 72 46 0 72 52 0 72 42 0 72 44 0 5734 950000 4750 487720 920000 448040
 2138.464942 8548 900 900 900 900 72 46 0 72 52 0 72 42 0 72 44 0 5490 950000 4750 490186 920000 450800
 2138.664946 8549 900 900 900 900 72 46 0 72 52 0 72 42 0 72 44 0 5490 950000 4750 490186 920000 450800
 2138.864942 8550 900 900 900 900 72 46 0 72 52 0 72 42 0 72 44 0 5734 950000 4750 492652 920000 452640
 2139.064956 8551 900 900 900 900 72 46 0 72 52 0 72 42 0 72 44 0 5734 950000 4750 492652 920000 452640
 2139.264941 8552 900 900 900 900 72 46 0 72 52 0 72 42 0 72 44 0 5734 950000 4750 490186 920000 450800
 2139.464942 8553 900 900 900 900 72 46 0 72 52 0 72 42 0 72 44 0 5734 950000 4750 490186 920000 450800
 2139.664942 8554 900 900 900 900 72 46 0 72 52 0 72 42 0 72 44 0 5734 950000 4750 490186 920000 450800
 2139.864936 8555 900 900 900 900 72 46 0 72 52 0 72 42 0 72 44 0 5734 950000 4750 488816 920000 448960
 2140.064955 8556 900 900 900 900 72 46 0 72 52 0 72 42 0 72 44 0 5734 950000 4750 490460 920000 450800
 2140.264941 8557 900 900 900 900 72 46 0 72 52 0 72 42 0 72 44 0 5734 950000 4750 490460 920000 450800
 2140.464941 8558 900 900 900 900 72 46 0 72 52 0 72 42 0 72 44 0 5734 950000 4750 491008 920000 451720
 2140.664942 8559 900 900 900 900 72 46 0 72 52 0 72 42 0 72 44 0 5734 950000 4750 490460 920000 450800
 2140.864942 8560 900 900 900 900 72 46 0 72 52 0 72 42 0 72 44 0 5734 950000 4750 489912 920000 449880
 2141.064958 8561 900 900 900 900 72 46 0 72 52 0 72 42 0 72 44 0 5734 950000 4750 489912 920000 449880
 2141.264941 8562 900 900 900 900 72 46 0 72 52 0 72 42 0 72 44 0 5734 950000 4750 490186 920000 450800
 2141.464942 8563 900 900 900 900 72 46 0 72 52 0 72 42 0 72 44 0 5734 950000 4750 488268 920000 448960
 2141.664945 8564 900 900 900 900 72 46 0 72 52 0 72 42 0 72 44 0 5734 950000 4750 488268 920000 448960
 2141.864943 8565 900 900 900 900 72 46 0 72 52 0 72 42 0 72 44 0 5734 950000 4750 488268 920000 448960
 2142.064957 8566 900 900 900 900 72 46 0 72 52 0 72 42 0 72 44 0 5490 950000 4750 487720 920000 448040
 2142.264936 8567 900 900 900 900 72 46 0 72 52 0 72 42 0 72 44 0 5734 950000 4750 488816 920000 448960
 2142.464942 8568 900 900 900 900 72 46 0 72 52 0 72 42 0 72 44 0 5734 950000 4750 488816 920000 448960
 2142.664923 8569 900 900 900 900 72 46 0 72 52 0 72 42 0 72 44 0 5734 950000 4750 488816 920000 448960
 2142.864941 8570 900 900 900 900 72 46 0 72 52 0 72 42 0 72 44 0 5734 950000 4750 488542 920000 448960
 2143.064957 8571 900 900 900 900 72 46 0 72 52 0 72 42 0 72 44 0 5734 950000 4750 488268 920000 448960
 2143.264942 8572 900 900 900 900 72 46 0 72 52 0 72 42 0 72 44 0 5734 950000 4750 487720 920000 448040
 2143.464942 8573 900 900 900 900 72 46 0 72 52 0 72 42 0 72 44 0 5490 950000 4750 486898 920000 447120
 2143.664942 8574 900 900 900 900 72 46 0 72 52 0 72 42 0 72 44 0 5490 950000 4750 486898 920000 447120
 2143.864941 8575 900 900 900 900 72 46 0 72 52 0 72 42 0 72 44 0 5490 950000 4750 486350 920000 447120
 2144.064956 8576 900 900 900 900 72 46 0 72 52 0 72 42 0 72 44 0 5734 950000 4750 487994 920000 448040
 2144.264943 8577 900 900 900 900 72 46 0 72 52 0 72 42 0 72 44 0 5734 950000 4750 490186 920000 450800
 2144.464943 8578 900 900 900 900 72 46 0 72 52 0 72 42 0 72 44 0 5734 950000 4750 490186 920000 450800
 2144.664938 8579 900 900 900 900 72 46 0 72 52 0 72 42 0 72 44 0 5734 950000 4750 490460 920000 450800
 2144.864942 8580 900 900 900 900 72 46 0 72 52 0 72 42 0 72 44 0 5490 950000 4750 489364 920000 449880
 2145.064957 8581 900 900 900 900 72 46 0 72 52 0 72 42 0 72 44 0 5734 950000 4750 489912 920000 449880
 2145.264943 8582 900 900 900 900 72 46 0 72 52 0 72 42 0 72 44 0 5734 950000 4750 489912 920000 449880
 2145.464941 8583 900 900 900 900 72 46 0 72 52 0 72 42 0 72 44 0 5734 950000 4750 488816 920000 448960
 2145.664942 8584 900 900 900 900 72 46 0 72 52 0 72 42 0 72 44 0 5734 950000 4750 488542 920000 448960
 2145.864943 8585 900 900 900 900 72 46 0 72 52 0 72 42 0 72 44 0 5734 950000 4750 487994 920000 448040
 2146.064956 8586 900 900 900 900 72 46 0 72 52 0 72 42 0 72 44 0 5734 950000 4750 487994 920000 448040
 2146.264942 8587 900 900 900 900 72 46 0 72 52 0 72 42 0 72 44 0 5490 950000 4750 491008 920000 451720
 2146.464942 8588 900 900 900 900 72 46 0 72 52 0 72 42 0 72 44 0 5734 950000 4750 490186 920000 450800
 2146.664942 8589 900 900 900 900 72 46 0 72 52 0 72 42 0 72 44 0 5734 950000 4750 488816 920000 448960
 2146.864941 8590 900 900 900 900 72 46 0 72 52 0 72 42 0 72 44 0 5734 950000 4750 488816 920000 448960
 2147.064953 8591 900 900 900 900 72 46 0 72 52 0 72 42 0 72 44 0 5490 950000 4750 489364 920000 449880
 2147.264942 8592 900 900 900 900 72 46 0 72 52 0 72 42 0 72 44 0 5734 950000 4750 487720 920000 448040
 2147.464942 8593 900 900 900 900 72 46 0 72 52 0 72 42 0 72 44 0 5734 950000 4750 486624 920000 447120
 2147.664945 8594 900 900 900 900 72 46 0 72 52 0 72 42 0 72 44 0 5734 950000 4750 486624 920000 447120
 2147.864942 8595 900 900 900 900 72 46 0 72 52 0 72 42 0 72 44 0 5490 950000 4750 487720 920000 448040
 2148.064956 8596 900 900 900 900 72 46 0 72 52 0 72 42 0 72 44 0 5734 950000 4750 491556 920000 451720
 2148.264943 8597 900 900 900 900 72 46 0 72 52 0 72 42 0 72 44 0 5734 950000 4750 489090 920000 449880
 2148.464942 8598 900 900 900 900 72 46 0 72 52 0 72 42 0 72 44 0 5734 950000 4750 489090 920000 449880
 2148.664942 8599 900 900 900 900 72 46 0 72 52 0 72 42 0 72 44 0 5490 950000 4750 490186 920000 450800
 2148.864943 8600 900 900 900 900 72 46 0 72 52 0 72 42 0 72 44 0 5490 950000 4750 488816 920000 448960
 2149.064956 8601 900 900 900 900 72 46 0 72 52 0 72 42 0 72 44 0 5490 950000 4750 488816 920000 448960
 2149.265138 8602 900 900 900 900 72 46 0 72 52 0 72 42 0 72 44 0 5490 950000 4750 489090 920000 449880
 2149.464941 8603 900 900 900 900 72 46 0 72 52 0 72 42 0 72 44 0 5490 950000 4750 489090 920000 449880
 2149.664942 8604 900 900 900 900 72 46 0 72 52 0 72 42 0 72 44 0 5490 950000 4750 496214 920000 456320
 2149.864943 8605 900 900 900 900 72 46 0 72 52 0 72 42 0 72 44 0 5734 950000 4750 489638 920000 449880
 2150.064957 8606 900 900 900 900 72 46 0 72 52 0 72 42 0 72 44 0 5490 950000 4750 490734 920000 450800
 2150.264943 8607 900 900 900 900 72 46 0 72 52 0 72 42 0 72 44 0 5490 950000 4750 490734 920000 450800
 2150.464943 8608 900 900 900 900 72 46 0 72 52 0 72 42 0 72 44 0 5490 950000 4750 490460 920000 450800
 2150.664944 8609 900 900 900 900 72 46 0 72 52 0 72 42 0 72 44 0 5734 950000 4750 489912 920000 449880
 2150.864943 8610 900 900 900 900 72 46 0 72 52 0 72 42 0 72 44 0 5734 950000 4750 488816 920000 448960
 2151.064957 8611 900 900 900 900 72 46 0 72 52 0 72 42 0 72 44 0 5734 950000 4750 488816 920000 448960
 2151.264942 8612 900 900 900 900 72 46 0 72 52 0 72 42 0 72 44 0 5734 950000 4750 488816 920000 448960
 2151.464941 8613 900 900 900 900 72 46 0 72 52 0 72 42 0 72 44 0 5490 950000 4750 488542 920000 448960
 2151.664937 8614 900 900 900 900 72 46 0 72 52 0 72 42 0 72 44 0 5490 950000 4750 489090 920000 449880
 2151.864942 8615 900 900 900 900 72 46 0 72 52 0 72 42 0 72 44 0 5490 950000 4750 489090 920000 449880
 2152.064957 8616 900 900 900 900 72 46 0 72 52 0 72 42 0 72 44 0 5734 950000 4750 489638 920000 449880
 2152.264942 8617 900 900 900 900 72 46 0 72 52 0 72 42 0 72 44 0 5734 950000 4750 488816 920000 448960
 2152.464942 8618 900 900 900 900 72 46 0 72 52 0 72 42 0 72 44 0 5734 950000 4750 488816 920000 448960
 2152.664942 8619 900 900 900 900 72 46 0 72 52 0 72 42 0 72 44 0 5734 950000 4750 488816 920000 448960
 2152.864942 8620 900 900 900 900 72 46 0 72 52 0 72 42 0 72 44 0 5734 950000 4750 487446 920000 448040
 2153.064957 8621 900 900 900 900 72 46 0 72 52 0 72 42 0 72 44 0 5734 950000 4750 487172 920000 448040
 2153.264941 8622 900 900 900 900 72 46 0 72 52 0 72 42 0 72 44 0 5734 950000 4750 488542 920000 448960
 2153.464944 8623 900 900 900 900 72 46 0 72 52 0 72 42 0 72 44 0 5734 950000 4750 488542 920000 448960
 2153.664945 8624 900 900 900 900 72 46 0 72 52 0 72 42 0 72 44 0 5734 950000 4750 487446 920000 448040
 2153.864943 8625 900 900 900 900 72 46 0 72 52 0 72 42 0 72 44 0 5490 950000 4750 489638 920000 449880
 2154.064936 8626 900 900 900 900 72 46 0 72 52 0 72 42 0 72 44 0 5490 950000 4750 489090 920000 449880
 2154.264941 8627 900 900 900 900 72 46 0 72 52 0 72 42 0 72 44 0 5490 950000 4750 489090 920000 449880
 2154.464942 8628 900 900 900 900 72 46 0 72 52 0 72 42 0 72 44 0 5734 950000 4750 488816 920000 448960
 2154.664943 8629 900 900 900 900 72 46 0 72 52 0 72 42 0 72 44 0 5734 950000 4750 487994 920000 448040
 2154.864942 8630 900 900 900 900 72 46 0 72 52 0 72 42 0 72 44 0 5734 950000 4750 489090 920000 449880
 2155.064957 8631 900 900 900 900 72 46 0 72 52 0 72 42 0 72 44 0 5734 950000 4750 489090 920000 449880
 2155.264942 8632 900 900 900 900 72 46 0 72 52 0 72 42 0 72 44 0 5734 950000 4750 487720 920000 448040
 2155.464942 8633 900 900 900 900 72 46 0 72 52 0 72 42 0 72 44 0 5490 950000 4750 488268 920000 448960
 2155.664943 8634 900 900 900 900 72 46 0 72 52 0 72 42 0 72 44 0 5734 950000 4750 489638 920000 449880
 2155.864916 8635 900 900 900 900 72 46 0 72 52 0 72 42 0 72 44 0 5490 950000 4750 490460 920000 450800
 2156.064956 8636 900 900 900 900 72 46 0 72 52 0 72 42 0 72 44 0 5490 950000 4750 490460 920000 450800
 2156.264943 8637 900 900 900 900 72 46 0 72 52 0 72 42 0 72 44 0 5734 950000 4750 489364 920000 449880
 2156.464936 8638 900 900 900 900 72 46 0 72 52 0 72 42 0 72 44 0 5734 950000 4750 489364 920000 449880
 2156.664944 8639 900 900 900 900 72 46 0 72 52 0 72 42 0 72 44 0 5734 950000 4750 486624 920000 447120
 2156.864942 8640 900 900 900 900 72 46 0 72 52 0 72 42 0 72 44 0 5734 950000 4750 486624 920000 447120
 2157.064957 8641 900 900 900 900 72 46 0 72 52 0 72 42 0 72 44 0 5490 950000 4750 490186 920000 450800
 2157.264942 8642 900 900 900 900 72 46 0 72 52 0 72 42 0 72 44 0 5490 950000 4750 489638 920000 449880
 2157.464943 8643 900 900 900 900 72 46 0 72 52 0 72 42 0 72 44 0 5734 950000 4750 489912 920000 449880
 2157.664942 8644 900 900 900 900 72 46 0 72 52 0 72 42 0 72 44 0 5734 950000 4750 489912 920000 449880
 2157.864942 8645 900 900 900 900 72 46 0 72 52 0 72 42 0 72 44 0 5734 950000 4750 489364 920000 449880
 2158.064957 8646 900 900 900 900 72 46 0 72 52 0 72 42 0 72 44 0 5490 950000 4750 490460 920000 450800
 2158.264943 8647 900 900 900 900 72 46 0 72 52 0 72 42 0 72 44 0 5734 950000 4750 489638 920000 449880
 2158.464941 8648 900 900 900 900 72 46 0 72 52 0 72 42 0 72 44 0 5734 950000 4750 489638 920000 449880
 2158.664941 8649 900 900 900 900 72 46 0 72 52 0 72 42 0 72 44 0 5734 950000 4750 487720 920000 448040
 2158.864934 8650 900 900 900 900 72 46 0 72 52 0 72 42 0 72 44 0 5490 950000 4750 489090 920000 449880
 2159.064956 8651 900 900 900 900 72 46 0 72 52 0 72 42 0 72 44 0 5734 950000 4750 488816 920000 448960
 2159.264942 8652 900 900 900 900 72 46 0 72 52 0 72 42 0 72 44 0 5734 950000 4750 488816 920000 448960
 2159.464942 8653 900 900 900 900 72 46 0 72 52 0 72 42 0 72 44 0 5490 950000 4750 489912 920000 449880
 2159.664944 8654 900 900 900 900 72 46 0 72 52 0 72 42 0 72 44 0 5734 950000 4750 490460 920000 450800
 2159.864943 8655 900 900 900 900 72 46 0 72 52 0 72 42 0 72 44 0 5490 950000 4750 491008 920000 451720
 2160.064958 8656 900 900 900 900 72 46 0 72 52 0 72 42 0 72 44 0 5490 950000 4750 491008 920000 451720
 2160.264942 8657 900 900 900 900 72 46 0 72 52 0 72 42 0 72 44 0 5734 950000 4750 489638 920000 449880
 2160.464942 8658 900 900 900 900 72 46 0 72 52 0 72 42 0 72 44 0 5734 950000 4750 488268 920000 448960
 2160.664941 8659 900 900 900 900 72 46 0 72 52 0 72 42 0 72 44 0 5734 950000 4750 487994 920000 448040
 2160.864942 8660 900 900 900 900 72 46 0 72 52 0 72 42 0 72 44 0 5734 950000 4750 487994 920000 448040
 2161.064956 8661 900 900 900 900 72 46 0 72 52 0 72 42 0 72 44 0 5490 950000 4750 488268 920000 448960
 2161.264935 8662 900 900 900 900 72 46 0 72 52 0 72 42 0 72 44 0 5734 950000 4750 487720 920000 448040
 2161.464940 8663 900 900 900 900 72 46 0 72 52 0 72 42 0 72 44 0 5490 950000 4750 487994 920000 448040
 2161.664923 8664 900 900 900 900 72 46 0 72 52 0 72 42 0 72 44 0 5490 950000 4750 487994 920000 448040
 2161.864941 8665 900 900 900 900 72 46 0 72 52 0 72 42 0 72 44 0 5490 950000 4750 487720 920000 448040
 2162.064957 8666 900 900 900 900 72 46 0 72 52 0 72 42 0 72 44 0 5734 950000 4750 487720 920000 448040
 2162.264940 8667 900 900 900 900 72 46 0 72 52 0 72 42 0 72 44 0 5734 950000 4750 487446 920000 448040
 2162.464941 8668 900 900 900 900 72 46 0 72 52 0 72 42 0 72 44 0 5490 950000 4750 487172 920000 448040
 2162.664944 8669 900 900 900 900 72 46 0 72 52 0 72 42 0 72 44 0 5490 950000 4750 487172 920000 448040
 2162.864939 8670 900 900 900 900 72 46 0 72 52 0 72 42 0 72 44 0 5734 950000 4750 489364 920000 449880
 2163.064955 8671 900 900 900 900 72 46 0 72 52 0 72 42 0 72 44 0 5734 950000 4750 487720 920000 448040
 2163.264942 8672 900 900 900 900 72 46 0 72 52 0 72 42 0 72 44 0 5734 950000 4750 489364 920000 449880
 2163.464942 8673 900 900 900 900 72 46 0 72 52 0 72 42 0 72 44 0 5734 950000 4750 489364 920000 449880
 2163.664935 8674 900 900 900 900 72 46 0 72 52 0 72 42 0 72 44 0 5734 950000 4750 489090 920000 449880
 2163.864941 8675 900 900 900 900 72 46 0 72 52 0 72 42 0 72 44 0 5734 950000 4750 490460 920000 450800
 2164.064956 8676 900 900 900 900 72 46 0 72 52 0 72 42 0 72 44 0 5734 950000 4750 489912 920000 449880
 2164.265024 8677 900 900 900 900 72 46 0 72 52 0 72 42 0 72 44 0 5734 950000 4750 489912 920000 449880
 2164.464942 8678 900 900 900 900 72 46 0 72 52 0 72 42 0 72 44 0 5734 950000 4750 489090 920000 449880
 2164.664942 8679 900 900 900 900 72 46 0 72 52 0 72 42 0 72 44 0 5490 950000 4750 499502 920000 459080
 2164.864941 8680 900 900 900 900 72 46 0 72 52 0 72 42 0 72 44 0 5490 950000 4750 488816 920000 448960
 2165.064957 8681 900 900 900 900 72 46 0 72 52 0 72 42 0 72 44 0 5490 950000 4750 488816 920000 448960
 2165.264943 8682 900 900 900 900 72 46 0 72 52 0 72 42 0 72 44 0 5490 950000 4750 489638 920000 449880
 2165.464941 8683 900 900 900 900 72 46 0 72 52 0 72 42 0 72 44 0 5490 950000 4750 489912 920000 449880
 2165.664986 8684 900 900 900 900 72 46 0 72 52 0 72 42 0 72 44 0 5734 950000 4750 489912 920000 449880
 2165.864937 8685 900 900 900 900 72 46 0 72 52 0 72 42 0 72 44 0 5734 950000 4750 489912 920000 449880
 2166.064945 8686 900 900 900 900 71 46 0 71 52 0 71 42 0 71 44 0 5734 950000 4750 113436 920000 103960
 2166.264934 8687 900 900 900 900 71 46 0 71 52 0 71 42 0 71 44 0 5490 950000 4750 38360 920000 34960
 2166.464934 8688 900 900 900 900 71 46 0 71 52 0 71 42 0 71 44 0 5490 950000 4750 37538 920000 34040
 2166.664934 8689 900 900 900 900 71 46 0 71 52 0 71 42 0 71 44 0 5490 950000 4750 37538 920000 34040
 2166.864933 8690 900 900 900 900 71 46 0 71 52 0 71 42 0 71 44 0 5734 950000 4750 37264 920000 34040
 2167.064949 8691 900 900 900 900 71 46 0 71 52 0 71 42 0 71 44 0 5490 950000 4750 37538 920000 34040
 2167.264934 8692 900 900 900 900 71 46 0 71 52 0 71 42 0 71 44 0 5490 950000 4750 40004 920000 36800
 2167.464934 8693 900 900 900 900 71 46 0 71 52 0 71 42 0 71 44 0 5490 950000 4750 40004 920000 36800
 2167.664934 8694 900 900 900 900 71 46 0 71 52 0 71 42 0 71 44 0 5490 950000 4750 39456 920000 35880
 2167.864933 8695 900 900 900 900 71 46 0 71 52 0 71 42 0 71 44 0 5490 950000 4750 38360 920000 34960
 2168.064949 8696 900 900 900 900 70 46 0 70 52 0 70 42 0 70 44 0 5490 950000 4750 38086 920000 34960
 2168.265137 8697 900 900 900 900 70 46 0 70 52 0 70 42 0 70 44 0 5490 950000 4750 39730 920000 35880
 2168.464934 8698 900 900 900 900 70 46 0 70 52 0 70 42 0 70 44 0 5490 950000 4750 39730 920000 35880
