 1214.155080 3927 900 900 900 900 71 46 0 71 52 0 71 42 0 71 44 0 5734 950000 4750 283042 920000 260360
 1214.354949 3928 900 900 900 900 71 46 0 71 52 0 71 42 0 71 44 0 5734 950000 4750 562796 921250 517602
 1214.555014 3929 900 900 900 900 71 46 0 71 52 0 71 42 0 71 44 0 5734 950000 4750 562796 921250 517602
 1214.759976 3930 900 900 900 900 71 46 0 71 52 0 71 42 0 71 44 0 5490 950000 4750 560056 921250 515760
 1214.959994 3931 900 900 900 900 72 46 0 72 52 0 72 42 0 72 44 0 5734 950000 4750 524984 921250 482604
 1215.159969 3932 900 900 900 900 72 46 0 72 52 0 72 42 0 72 44 0 5734 950000 4750 503612 921250 463263
 1215.359943 3933 900 900 900 900 72 46 0 72 52 0 72 42 0 72 44 0 5734 950000 4750 503612 921250 463263
 1215.559945 3934 900 900 900 900 72 46 0 72 52 0 72 42 0 72 44 0 5734 950000 4750 512106 921250 471552
 1215.759943 3935 900 900 900 900 72 46 0 72 52 0 72 42 0 72 44 0 5490 950000 4750 507174 920000 466440
 1215.959943 3936 900 900 900 900 72 46 0 72 52 0 72 42 0 72 44 0 5734 950000 4750 504708 921250 464184
 1216.159959 3937 900 900 900 900 72 46 0 72 52 0 72 42 0 72 44 0 5734 950000 4750 504708 921250 464184
 1216.359943 3938 900 900 900 900 72 46 0 72 52 0 72 42 0 72 44 0 5734 950000 4750 506078 920000 465520
 1216.559944 3939 900 900 900 900 72 46 0 72 52 0 72 42 0 72 44 0 5490 950000 4750 503886 920000 462760
 1216.759937 3940 900 900 900 900 72 46 0 72 52 0 72 42 0 72 44 0 5734 950000 4750 505256 920000 464600
 1216.959944 3941 900 900 900 900 72 46 0 72 52 0 72 42 0 72 44 0 5734 950000 4750 505256 920000 464600
 1217.159959 3942 900 900 900 900 72 46 0 72 52 0 72 42 0 72 44 0 5734 950000 4750 504434 921250 464184
 1217.359942 3943 900 900 900 900 72 46 0 72 52 0 72 42 0 72 44 0 5734 950000 4750 506352 920000 465520
 1217.559943 3944 900 900 900 900 72 46 0 72 52 0 72 42 0 72 44 0 5734 950000 4750 505530 920000 464600
 1217.759925 3945 900 900 900 900 72 46 0 72 52 0 72 42 0 72 44 0 5734 950000 4750 505530 920000 464600
 1217.959946 3946 900 900 900 900 72 46 0 72 52 0 72 42 0 72 44 0 5734 950000 4750 504708 920000 463680
 1218.159958 3947 900 900 900 900 72 46 0 72 52 0 72 42 0 72 44 0 5734 950000 4750 506626 920000 465520
 1218.359943 3948 900 900 900 900 72 46 0 72 52 0 72 42 0 72 44 0 5490 950000 4750 504160 920000 463680
 1218.559918 3949 900 900 900 900 72 46 0 72 52 0 72 42 0 72 44 0 5734 950000 4750 504160 920000 463680
 1218.759941 3950 900 900 900 900 72 46 0 72 52 0 72 42 0 72 44 0 5734 950000 4750 504160 920000 463680
 1218.959942 3951 900 900 900 900 72 46 0 72 52 0 72 42 0 72 44 0 5734 950000 4750 503886 920000 462760
 1219.159937 3952 900 900 900 900 72 46 0 72 52 0 72 42 0 72 44 0 5734 950000 4750 503064 920000 462760
 1219.359942 3953 900 900 900 900 72 46 0 72 52 0 72 42 0 72 44 0 5734 950000 4750 504982 920000 463680
 1219.559943 3954 900 900 900 900 72 46 0 72 52 0 72 42 0 72 44 0 5734 950000 4750 504982 920000 463680
 1219.759944 3955 900 900 900 900 72 46 0 72 52 0 72 42 0 72 44 0 5734 950000 4750 503886 920000 462760
 1219.959942 3956 900 900 900 900 72 46 0 72 52 0 72 42 0 72 44 0 5490 950000 4750 504708 920000 463680
 1220.160021 3957 900 900 900 900 72 46 0 72 52 0 72 42 0 72 44 0 5734 950000 4750 504160 920000 463680
 1220.359970 3958 900 900 900 900 72 46 0 72 52 0 72 42 0 72 44 0 5734 950000 4750 504160 920000 463680
 1220.559945 3959 900 900 900 900 72 46 0 72 52 0 72 42 0 72 44 0 5734 950000 4750 504708 920000 463680
 1220.759945 3960 900 900 900 900 72 46 0 72 52 0 72 42 0 72 44 0 5734 950000 4750 503886 920000 462760
 1220.959943 3961 900 900 900 900 72 46 0 72 52 0 72 42 0 72 44 0 5490 950000 4750 504160 921250 464184
 1221.159943 3962 900 900 900 900 72 46 0 72 52 0 72 42 0 72 44 0 5490 950000 4750 504160 921250 464184
 1221.359944 3963 900 900 900 900 72 46 0 72 52 0 72 42 0 72 44 0 5734 950000 4750 505256 920000 464600
 1221.559945 3964 900 900 900 900 72 46 0 72 52 0 72 42 0 72 44 0 5734 950000 4750 505256 920000 464600
 1221.759943 3965 900 900 900 900 72 46 0 72 52 0 72 42 0 72 44 0 5490 950000 4750 506352 920000 465520
 1221.959943 3966 900 900 900 900 72 46 0 72 52 0 72 42 0 72 44 0 5490 950000 4750 506352 920000 465520
 1222.160015 3967 900 900 900 900 72 46 0 72 52 0 72 42 0 72 44 0 5734 950000 4750 506352 920000 465520
 1222.359946 3968 900 900 900 900 72 46 0 72 52 0 72 42 0 72 44 0 5734 950000 4750 505256 920000 464600
 1222.559942 3969 900 900 900 900 72 46 0 72 52 0 72 42 0 72 44 0 5734 950000 4750 505256 920000 464600
 1222.759943 3970 900 900 900 900 72 46 0 72 52 0 72 42 0 72 44 0 5734 950000 4750 505256 920000 464600
 1222.959943 3971 900 900 900 900 72 46 0 72 52 0 72 42 0 72 44 0 5734 950000 4750 505804 920000 464600
 1223.159958 3972 900 900 900 900 72 46 0 72 52 0 72 42 0 72 44 0 5734 950000 4750 507174 920000 466440
 1223.359942 3973 900 900 900 900 72 46 0 72 52 0 72 42 0 72 44 0 5978 950000 4750 506078 920000 465520
 1223.559943 3974 900 900 900 900 72 46 0 72 52 0 72 42 0 72 44 0 5978 950000 4750 506078 920000 465520
 1223.759943 3975 900 900 900 900 72 46 0 72 52 0 72 42 0 72 44 0 5490 950000 4750 507174 920000 466440
 1223.959938 3976 900 900 900 900 72 46 0 72 52 0 72 42 0 72 44 0 5734 950000 4750 507174 920000 466440
 1224.159957 3977 900 900 900 900 72 46 0 72 52 0 72 42 0 72 44 0 5734 950000 4750 506352 920000 465520
 1224.359924 3978 900 900 900 900 72 46 0 72 52 0 72 42 0 72 44 0 5734 950000 4750 506352 920000 465520
 1224.559943 3979 900 900 900 900 72 46 0 72 52 0 72 42 0 72 44 0 5734 950000 4750 505530 921250 465105
 1224.759943 3980 900 900 900 900 72 46 0 72 52 0 72 42 0 72 44 0 5734 950000 4750 505804 920000 464600
 1224.959944 3981 900 900 900 900 72 46 0 72 52 0 72 42 0 72 44 0 5734 950000 4750 505256 920000 464600
 1225.159959 3982 900 900 900 900 72 46 0 72 52 0 72 42 0 72 44 0 5734 950000 4750 506352 921250 466026
 1225.359943 3983 900 900 900 900 72 46 0 72 52 0 72 42 0 72 44 0 5734 950000 4750 506352 921250 466026
 1225.559943 3984 900 900 900 900 72 46 0 72 52 0 72 42 0 72 44 0 5734 950000 4750 505804 920000 464600
 1225.759944 3985 900 900 900 900 72 46 0 72 52 0 72 42 0 72 44 0 5734 950000 4750 505530 920000 464600
 1225.959942 3986 900 900 900 900 72 46 0 72 52 0 72 42 0 72 44 0 5734 950000 4750 504160 920000 463680
 1226.159958 3987 900 900 900 900 72 46 0 72 52 0 72 42 0 72 44 0 5734 950000 4750 504160 920000 463680
 1226.359937 3988 900 900 900 900 72 46 0 72 52 0 72 42 0 72 44 0 5734 950000 4750 504982 920000 463680
 1226.559942 3989 900 900 900 900 72 46 0 72 52 0 72 42 0 72 44 0 5734 950000 4750 504982 920000 463680
 1226.759943 3990 900 900 900 900 72 46 0 72 52 0 72 42 0 72 44 0 5734 950000 4750 504434 920000 463680
 1226.959943 3991 900 900 900 900 72 46 0 72 52 0 72 42 0 72 44 0 5734 950000 4750 504434 920000 463680
 1227.159958 3992 900 900 900 900 72 46 0 72 52 0 72 42 0 72 44 0 5734 950000 4750 505256 920000 464600
 1227.359943 3993 900 900 900 900 72 46 0 72 52 0 72 42 0 72 44 0 5734 950000 4750 506352 921250 466026
 1227.559942 3994 900 900 900 900 72 46 0 72 52 0 72 42 0 72 44 0 5734 950000 4750 505256 920000 464600
 1227.759942 3995 900 900 900 900 72 46 0 72 52 0 72 42 0 72 44 0 5734 950000 4750 505256 920000 464600
 1227.959942 3996 900 900 900 900 72 46 0 72 52 0 72 42 0 72 44 0 5734 950000 4750 504160 920000 463680
 1228.159958 3997 900 900 900 900 72 46 0 72 52 0 72 42 0 72 44 0 5734 950000 4750 503886 920000 462760
 1228.359943 3998 900 900 900 900 72 46 0 72 52 0 72 42 0 72 44 0 5734 950000 4750 503886 921250 463263
 1228.559943 3999 900 900 900 900 72 46 0 72 52 0 72 42 0 72 44 0 5734 950000 4750 503886 921250 463263
 1228.759936 4000 900 900 900 900 72 46 0 72 52 0 72 42 0 72 44 0 5734 950000 4750 503338 920000 462760
 1228.959943 4001 900 900 900 900 72 46 0 72 52 0 72 42 0 72 44 0 5734 950000 4750 503886 921250 463263
 1229.159957 4002 900 900 900 900 72 46 0 72 52 0 72 42 0 72 44 0 5734 950000 4750 504160 920000 463680
 1229.359941 4003 900 900 900 900 72 46 0 72 52 0 72 42 0 72 44 0 5734 950000 4750 504160 920000 463680
 1229.559941 4004 900 900 900 900 72 46 0 72 52 0 72 42 0 72 44 0 5490 950000 4750 511010 920000 470120
 1229.759942 4005 900 900 900 900 72 46 0 72 52 0 72 42 0 72 44 0 5734 950000 4750 505256 920000 464600
 1229.959945 4006 900 900 900 900 72 46 0 72 52 0 72 42 0 72 44 0 5734 950000 4750 504708 920000 463680
 1230.159958 4007 900 900 900 900 72 46 0 72 52 0 72 42 0 72 44 0 5734 950000 4750 504708 920000 463680
 1230.359943 4008 900 900 900 900 72 46 0 72 52 0 72 42 0 72 44 0 5734 950000 4750 504708 920000 463680
 1230.559943 4009 900 900 900 900 72 46 0 72 52 0 72 42 0 72 44 0 5734 950000 4750 504160 920000 463680
 1230.759942 4010 900 900 900 900 72 46 0 72 52 0 72 42 0 72 44 0 5734 950000 4750 505256 920000 464600
 1230.960028 4011 900 900 900 900 72 46 0 72 52 0 72 42 0 72 44 0 5734 950000 4750 506626 920000 465520
 1231.159958 4012 900 900 900 900 72 46 0 72 52 0 72 42 0 72 44 0 5734 950000 4750 506626 920000 465520
 1231.359943 4013 900 900 900 900 72 46 0 72 52 0 72 42 0 72 44 0 5734 950000 4750 506900 920000 465520
 1231.559944 4014 900 900 900 900 72 46 0 72 52 0 72 42 0 72 44 0 5734 950000 4750 505530 920000 464600
 1231.759943 4015 900 900 900 900 72 46 0 72 52 0 72 42 0 72 44 0 5734 950000 4750 506352 920000 465520
 1231.959942 4016 900 900 900 900 72 46 0 72 52 0 72 42 0 72 44 0 5734 950000 4750 506352 920000 465520
 1232.159959 4017 900 900 900 900 72 46 0 72 52 0 72 42 0 72 44 0 5734 950000 4750 505804 920000 464600
 1232.359943 4018 900 900 900 900 72 46 0 72 52 0 72 42 0 72 44 0 5734 950000 4750 505256 920000 464600
 1232.559943 4019 900 900 900 900 72 46 0 72 52 0 72 42 0 72 44 0 5734 950000 4750 506352 920000 465520
 1232.759942 4020 900 900 900 900 72 46 0 72 52 0 72 42 0 72 44 0 5734 950000 4750 506352 920000 465520
 1232.959944 4021 900 900 900 900 72 46 0 72 52 0 72 42 0 72 44 0 5490 950000 4750 507996 920000 466440
 1233.159959 4022 900 900 900 900 72 46 0 72 52 0 72 42 0 72 44 0 5490 950000 4750 506352 920000 465520
 1233.359936 4023 900 900 900 900 72 46 0 72 52 0 72 42 0 72 44 0 5734 950000 4750 506626 920000 465520
 1233.559943 4024 900 900 900 900 72 46 0 72 52 0 72 42 0 72 44 0 5734 950000 4750 506626 920000 465520
 1233.759943 4025 900 900 900 900 72 46 0 72 52 0 72 42 0 72 44 0 5734 950000 4750 504434 920000 463680
 1233.959943 4026 900 900 900 900 72 46 0 72 52 0 72 42 0 72 44 0 5490 950000 4750 503612 920000 462760
 1234.159958 4027 900 900 900 900 72 46 0 72 52 0 72 42 0 72 44 0 5490 950000 4750 504160 920000 463680
 1234.359943 4028 900 900 900 900 72 46 0 72 52 0 72 42 0 72 44 0 5490 950000 4750 504160 920000 463680
 1234.559944 4029 900 900 900 900 72 46 0 72 52 0 72 42 0 72 44 0 5490 950000 4750 503886 920000 462760
 1234.759943 4030 900 900 900 900 72 46 0 72 52 0 72 42 0 72 44 0 5734 950000 4750 523888 920000 481160
 1234.959943 4031 900 900 900 900 72 46 0 72 52 0 72 42 0 72 44 0 5734 950000 4750 504708 920000 463680
 1235.159958 4032 900 900 900 900 72 46 0 72 52 0 72 42 0 72 44 0 5734 950000 4750 504708 920000 463680
 1235.359943 4033 900 900 900 900 72 46 0 72 52 0 72 42 0 72 44 0 5734 950000 4750 505256 920000 464600
 1235.559942 4034 900 900 900 900 72 46 0 72 52 0 72 42 0 72 44 0 5490 950000 4750 504708 920000 463680
 1235.759935 4035 900 900 900 900 72 46 0 72 52 0 72 42 0 72 44 0 5734 950000 4750 503886 920000 462760
 1235.959945 4036 900 900 900 900 72 46 0 72 52 0 72 42 0 72 44 0 5734 950000 4750 503886 920000 462760
 1236.159957 4037 900 900 900 900 72 46 0 72 52 0 72 42 0 72 44 0 5734 950000 4750 503886 920000 462760
 1236.359943 4038 900 900 900 900 72 46 0 72 52 0 72 42 0 72 44 0 5490 950000 4750 504708 920000 463680
 1236.559943 4039 900 900 900 900 72 46 0 72 52 0 72 42 0 72 44 0 5734 950000 4750 505530 920000 464600
 1236.759943 4040 900 900 900 900 72 46 0 72 52 0 72 42 0 72 44 0 5734 950000 4750 505530 920000 464600
 1236.959942 4041 900 900 900 900 72 46 0 72 52 0 72 42 0 72 44 0 5734 950000 4750 504982 920000 463680
 1237.159958 4042 900 900 900 900 72 46 0 72 52 0 72 42 0 72 44 0 5734 950000 4750 504982 920000 463680
 1237.359942 4043 900 900 900 900 72 46 0 72 52 0 72 42 0 72 44 0 5490 950000 4750 505804 920000 464600
 1237.559917 4044 900 900 900 900 72 46 0 72 52 0 72 42 0 72 44 0 5734 950000 4750 504708 920000 463680
 1237.759942 4045 900 900 900 900 72 46 0 72 52 0 72 42 0 72 44 0 5734 950000 4750 504708 920000 463680
 1237.959941 4046 900 900 900 900 72 46 0 72 52 0 72 42 0 72 44 0 5734 950000 4750 504708 920000 463680
 1238.159935 4047 900 900 900 900 72 46 0 72 52 0 72 42 0 72 44 0 5490 950000 4750 503886 920000 462760
 1238.359943 4048 900 900 900 900 72 46 0 72 52 0 72 42 0 72 44 0 5734 950000 4750 504160 920000 463680
 1238.559943 4049 900 900 900 900 72 46 0 72 52 0 72 42 0 72 44 0 5734 950000 4750 504160 920000 463680
 1238.759943 4050 900 900 900 900 72 46 0 72 52 0 72 42 0 72 44 0 5734 950000 4750 504708 920000 463680
 1238.959945 4051 900 900 900 900 72 46 0 72 52 0 72 42 0 72 44 0 5734 950000 4750 504982 920000 463680
 1239.159958 4052 900 900 900 900 72 46 0 72 52 0 72 42 0 72 44 0 5734 950000 4750 505256 920000 464600
 1239.359943 4053 900 900 900 900 72 46 0 72 52 0 72 42 0 72 44 0 5734 950000 4750 505256 920000 464600
 1239.559942 4054 900 900 900 900 72 46 0 72 52 0 72 42 0 72 44 0 5734 950000 4750 507448 920000 466440
 1239.759942 4055 900 900 900 900 72 46 0 72 52 0 72 42 0 72 44 0 5490 950000 4750 504434 920000 463680
 1239.959942 4056 900 900 900 900 72 46 0 72 52 0 72 42 0 72 44 0 5490 950000 4750 504708 920000 463680
 1240.159956 4057 900 900 900 900 72 46 0 72 52 0 72 42 0 72 44 0 5490 950000 4750 504708 920000 463680
 1240.359942 4058 900 900 900 900 72 46 0 72 52 0 72 42 0 72 44 0 5490 950000 4750 504160 920000 463680
 1240.559932 4059 900 900 900 900 72 46 0 72 52 0 72 42 0 72 44 0 5490 950000 4750 506078 920000 465520
 1240.759934 4060 900 900 900 900 72 46 0 72 52 0 72 42 0 72 44 0 5734 950000 4750 278932 920000 255760
 1240.959935 4061 900 900 900 900 71 46 0 71 52 0 71 42 0 71 44 0 5734 950000 4750 278932 920000 255760
 1241.159950 4062 900 900 900 900 71 46 0 71 52 0 71 42 0 71 44 0 5734 950000 4750 40004 920000 36800
 1241.359934 4063 900 900 900 900 71 46 0 71 52 0 71 42 0 71 44 0 5734 950000 4750 41100 920000 37720
 1241.559934 4064 900 900 900 900 71 46 0 71 52 0 71 42 0 71 44 0 5490 950000 4750 38360 920000 34960
 1241.759934 4065 900 900 900 900 71 46 0 71 52 0 71 42 0 71 44 0 5490 950000 4750 38360 920000 34960
