 1034.119892 3027 250 250 250 250 69 46 0 69 52 0 69 42 0 69 44 0 54229 947500 51138 9864 1158750 10422
 1034.320016 3028 250 250 250 250 69 46 0 69 52 0 69 42 0 69 44 0 54229 947500 51138 9864 1158750 10422
 1034.520016 3029 250 250 250 250 69 46 0 69 52 0 69 42 0 69 44 0 52765 947500 49244 9864 1158750 10422
 1034.720026 3030 1600 1600 1600 1600 69 46 0 69 52 0 69 42 0 69 44 0 50996 947500 47350 9864 1158750 10422
 1034.919906 3031 1600 1600 1600 1600 70 46 0 70 52 0 70 42 0 70 44 0 19276 950000 18050 324964 1160000 375840
 1035.119919 3032 1600 1600 1600 1600 70 46 0 70 52 0 70 42 0 70 44 0 19276 950000 18050 324964 1160000 375840
 1035.319909 3033 1600 1600 1600 1600 70 46 0 70 52 0 70 42 0 70 44 0 5490 950000 4750 93434 1157500 107601
 1035.519910 3034 1600 1600 1600 1600 70 46 0 70 52 0 70 42 0 70 44 0 5490 950000 4750 82748 1157500 94874
 1035.719989 3035 1600 1600 1600 1600 70 46 0 70 52 0 70 42 0 70 44 0 5490 950000 4750 243038 1158750 281394
 1035.919940 3036 1600 1600 1600 1600 70 46 0 70 52 0 70 42 0 70 44 0 5490 950000 4750 243038 1158750 281394
 1036.125068 3037 1600 1600 1600 1600 71 46 0 71 52 0 71 42 0 71 44 0 5734 950000 4750 1223684 1165000 1424795
 1036.324926 3038 1600 1600 1600 1600 71 46 0 71 52 0 71 42 0 71 44 0 5734 948750 4740 1227520 1163750 1427001
 1036.524921 3039 1600 1600 1600 1600 71 46 0 71 52 0 71 42 0 71 44 0 5490 950000 4750 1079012 1163750 1254877
 1036.724920 3040 1600 1600 1600 1600 71 46 0 71 52 0 71 42 0 71 44 0 5490 950000 4750 1079012 1163750 1254877
 1036.924919 3041 1600 1600 1600 1600 72 46 0 72 52 0 72 42 0 72 44 0 5490 950000 4750 1172720 1163750 1363036
 1037.124933 3042 1600 1600 1600 1600 72 46 0 72 52 0 72 42 0 72 44 0 5490 948750 4740 1178200 1163750 1370014
 1037.324921 3043 1600 1600 1600 1600 72 46 0 72 52 0 72 42 0 72 44 0 5734 950000 4750 1183406 1163750 1375829
 1037.524919 3044 1600 1600 1600 1600 72 46 0 72 52 0 72 42 0 72 44 0 5734 950000 4750 1183406 1163750 1375829
 1037.724919 3045 1600 1600 1600 1600 72 46 0 72 52 0 72 42 0 72 44 0 5734 950000 4750 1177926 1163750 1368851
 1037.924919 3046 1600 1600 1600 1600 72 46 0 72 52 0 72 42 0 72 44 0 5734 950000 4750 1178748 1163750 1370014
 1038.124928 3047 1600 1600 1600 1600 73 46 0 73 52 0 73 42 0 73 44 0 5734 948750 4740 1177104 1163750 1368851
 1038.324903 3048 1600 1600 1600 1600 73 46 0 73 52 0 73 42 0 73 44 0 5734 948750 4740 1177104 1163750 1368851
 1038.524916 3049 1600 1600 1600 1600 73 46 0 73 52 0 73 42 0 73 44 0 5734 948750 4740 1178748 1163750 1370014
 1038.724920 3050 1600 1600 1600 1600 73 46 0 73 52 0 73 42 0 73 44 0 5734 950000 4750 1178748 1163750 1370014
 1038.924918 3051 1600 1600 1600 1600 73 46 0 73 52 0 73 42 0 73 44 0 5734 950000 4750 1177926 1163750 1368851
 1039.124906 3052 1600 1600 1600 1600 74 46 0 74 52 0 74 42 0 74 44 0 5978 950000 4750 1178748 1163750 1370014
 1039.324920 3053 1600 1600 1600 1600 74 46 0 74 52 0 74 42 0 74 44 0 5978 950000 4750 1178748 1163750 1370014
 1039.524919 3054 1600 1600 1600 1600 74 46 0 74 52 0 74 42 0 74 44 0 5734 950000 4750 1181488 1163750 1373503
 1039.724920 3055 1600 1600 1600 1600 74 46 0 74 52 0 74 42 0 74 44 0 5734 950000 4750 1180118 1163750 1372340
 1039.924920 3056 1600 1600 1600 1600 74 46 0 74 52 0 74 42 0 74 44 0 5734 950000 4750 1178748 1163750 1370014
 1040.124929 3057 1600 1600 1600 1600 75 46 0 75 52 0 75 42 0 75 44 0 5734 950000 4750 1178748 1163750 1370014
 1040.324919 3058 1600 1600 1600 1600 75 46 0 75 52 0 75 42 0 75 44 0 5734 950000 4750 1182310 1163750 1374666
 1040.524920 3059 1600 1600 1600 1600 75 46 0 75 52 0 75 42 0 75 44 0 5978 950000 4750 1181214 1163750 1373503
 1040.724915 3060 1600 1600 1600 1600 75 46 0 75 52 0 75 42 0 75 44 0 5978 950000 4750 1181762 1163750 1373503
 1040.924920 3061 1600 1600 1600 1600 75 46 0 75 52 0 75 42 0 75 44 0 5978 950000 4750 1181762 1163750 1373503
 1041.124928 3062 1600 1600 1600 1600 75 46 0 75 52 0 75 42 0 75 44 0 5734 950000 4750 1185324 1163750 1378155
 1041.324919 3063 1600 1600 1600 1600 75 46 0 75 52 0 75 42 0 75 44 0 5978 950000 4750 1185872 1163750 1378155
 1041.524919 3064 1600 1600 1600 1600 75 46 0 75 52 0 75 42 0 75 44 0 5978 950000 4750 1185872 1163750 1378155
 1041.724920 3065 1600 1600 1600 1600 75 46 0 75 52 0 75 42 0 75 44 0 5978 950000 4750 1185872 1163750 1378155
 1041.924919 3066 1600 1600 1600 1600 75 46 0 75 52 0 75 42 0 75 44 0 5978 950000 4750 1185324 1163750 1378155
 1042.124928 3067 1600 1600 1600 1600 75 46 0 75 52 0 75 42 0 75 44 0 5978 950000 4750 1183406 1163750 1375829
 1042.324918 3068 1600 1600 1600 1600 75 46 0 75 52 0 75 42 0 75 44 0 5978 950000 4750 1184228 1163750 1376992
 1042.524920 3069 1600 1600 1600 1600 75 46 0 75 52 0 75 42 0 75 44 0 5978 950000 4750 1184228 1163750 1376992
 1042.724920 3070 1600 1600 1600 1600 75 46 0 75 52 0 75 42 0 75 44 0 5978 950000 4750 1184502 1163750 1376992
 1042.924919 3071 1600 1600 1600 1600 75 46 0 75 52 0 75 42 0 75 44 0 5978 950000 4750 1186694 1163750 1379318
 1043.124916 3072 1600 1600 1600 1600 76 46 0 76 52 0 76 42 0 76 44 0 5734 950000 4750 1185598 1163750 1378155
 1043.324920 3073 1600 1600 1600 1600 76 46 0 76 52 0 76 42 0 76 44 0 5734 950000 4750 1185598 1163750 1378155
 1043.524919 3074 1600 1600 1600 1600 76 46 0 76 52 0 76 42 0 76 44 0 5978 950000 4750 1186694 1163750 1379318
 1043.724920 3075 1600 1600 1600 1600 76 46 0 76 52 0 76 42 0 76 44 0 5978 950000 4750 1185872 1163750 1378155
 1043.924919 3076 1600 1600 1600 1600 76 46 0 76 52 0 76 42 0 76 44 0 5978 950000 4750 1183132 1163750 1375829
 1044.124929 3077 1600 1600 1600 1600 76 46 0 76 52 0 76 42 0 76 44 0 5978 950000 4750 1183132 1163750 1375829
 1044.324919 3078 1600 1600 1600 1600 76 46 0 76 52 0 76 42 0 76 44 0 5978 950000 4750 1184228 1163750 1376992
 1044.524920 3079 1600 1600 1600 1600 76 46 0 76 52 0 76 42 0 76 44 0 5978 950000 4750 1186420 1163750 1379318
 1044.724919 3080 1600 1600 1600 1600 76 46 0 76 52 0 76 42 0 76 44 0 5978 950000 4750 1187242 1163750 1380481
 1044.924902 3081 1600 1600 1600 1600 76 46 0 76 52 0 76 42 0 76 44 0 5978 950000 4750 1187242 1163750 1380481
 1045.124929 3082 1600 1600 1600 1600 76 46 0 76 52 0 76 42 0 76 44 0 5978 950000 4750 1185598 1163750 1378155
 1045.324918 3083 1600 1600 1600 1600 76 46 0 76 52 0 76 42 0 76 44 0 5978 950000 4750 1186420 1163750 1379318
 1045.524916 3084 1600 1600 1600 1600 76 46 0 76 52 0 76 42 0 76 44 0 5978 950000 4750 1186420 1163750 1379318
 1045.724920 3085 1600 1600 1600 1600 76 46 0 76 52 0 76 42 0 76 44 0 5978 950000 4750 1185872 1163750 1378155
 1045.924920 3086 1600 1600 1600 1600 76 46 0 76 52 0 76 42 0 76 44 0 5978 950000 4750 1185872 1163750 1378155
 1046.124928 3087 1600 1600 1600 1600 76 46 0 76 52 0 76 42 0 76 44 0 5978 950000 4750 1185872 1163750 1378155
 1046.324919 3088 1600 1600 1600 1600 76 46 0 76 52 0 76 42 0 76 44 0 5978 950000 4750 1185324 1163750 1378155
 1046.524920 3089 1600 1600 1600 1600 76 46 0 76 52 0 76 42 0 76 44 0 6222 950000 5700 1187790 1163750 1380481
 1046.724920 3090 1600 1600 1600 1600 76 46 0 76 52 0 76 42 0 76 44 0 6222 950000 5700 1187790 1163750 1380481
 1046.924919 3091 1600 1600 1600 1600 76 46 0 76 52 0 76 42 0 76 44 0 5978 950000 4750 1189434 1163750 1382807
 1047.124929 3092 1600 1600 1600 1600 76 46 0 76 52 0 76 42 0 76 44 0 6222 950000 5700 1187790 1163750 1380481
 1047.324920 3093 1600 1600 1600 1600 76 46 0 76 52 0 76 42 0 76 44 0 5978 950000 4750 1189160 1163750 1382807
 1047.524920 3094 1600 1600 1600 1600 76 46 0 76 52 0 76 42 0 76 44 0 5978 950000 4750 1189160 1163750 1382807
 1047.724919 3095 1600 1600 1600 1600 76 46 0 76 52 0 76 42 0 76 44 0 5978 950000 4750 1188064 1163750 1381644
 1047.924917 3096 1600 1600 1600 1600 76 46 0 76 52 0 76 42 0 76 44 0 5978 950000 4750 1186694 1163750 1379318
 1048.124929 3097 1600 1600 1600 1600 77 46 0 77 52 0 77 42 0 77 44 0 6222 950000 5700 1186694 1163750 1379318
 1048.324921 3098 1600 1600 1600 1600 77 46 0 77 52 0 77 42 0 77 44 0 6222 950000 5700 1186694 1163750 1379318
 1048.524920 3099 1600 1600 1600 1600 77 46 0 77 52 0 77 42 0 77 44 0 6222 950000 5700 1188338 1163750 1381644
 1048.724920 3100 1600 1600 1600 1600 77 46 0 77 52 0 77 42 0 77 44 0 6222 950000 5700 1190256 1163750 1383970
 1048.924920 3101 1600 1600 1600 1600 77 46 0 77 52 0 77 42 0 77 44 0 6222 950000 5700 1189982 1163750 1382807
 1049.124929 3102 1600 1600 1600 1600 77 46 0 77 52 0 77 42 0 77 44 0 6222 950000 5700 1189982 1163750 1382807
 1049.324919 3103 1600 1600 1600 1600 77 46 0 77 52 0 77 42 0 77 44 0 6222 950000 5700 1191900 1163750 1385133
 1049.524920 3104 1600 1600 1600 1600 77 46 0 77 52 0 77 42 0 77 44 0 6222 950000 5700 1189434 1163750 1382807
 1049.724920 3105 1600 1600 1600 1600 77 46 0 77 52 0 77 42 0 77 44 0 6222 950000 5700 1189982 1163750 1382807
 1049.924920 3106 1600 1600 1600 1600 77 46 0 77 52 0 77 42 0 77 44 0 6222 950000 5700 1189982 1163750 1382807
 1050.124982 3107 1600 1600 1600 1600 77 46 0 77 52 0 77 42 0 77 44 0 6222 950000 5700 1188612 1163750 1381644
 1050.324901 3108 1600 1600 1600 1600 77 46 0 77 52 0 77 42 0 77 44 0 6222 950000 5700 1189708 1163750 1382807
 1050.524857 3109 1600 1600 1600 1600 77 46 0 77 52 0 77 42 0 77 44 0 6222 950000 5700 1190256 1163750 1383970
 1050.724848 3110 1600 1600 1600 1600 77 46 0 77 52 0 77 42 0 77 44 0 6222 950000 5700 1190256 1163750 1383970
 1050.924848 3111 1600 1600 1600 1600 77 46 0 77 52 0 77 42 0 77 44 0 6222 950000 5700 1189982 1163750 1382807
 1051.124847 3112 1600 1600 1600 1600 76 46 0 76 52 0 76 42 0 76 44 0 6222 950000 5700 374010 1158750 433092
