  473.259910 224 1600 1600 1600 1600 65 46 0 65 52 0 65 42 0 65 44 0 5490 950000 4750 79186 1157500 91403
  473.459910 225 1600 1600 1600 1600 65 46 0 65 52 0 65 42 0 65 44 0 5246 950000 4750 79460 1157500 91403
  473.659911 226 1600 1600 1600 1600 65 46 0 65 52 0 65 42 0 65 44 0 5246 950000 4750 76446 1157500 87932
  473.859910 227 1600 1600 1600 1600 65 46 0 65 52 0 65 42 0 65 44 0 5246 950000 4750 76446 1157500 87932
  474.059918 228 1600 1600 1600 1600 65 46 0 65 52 0 65 42 0 65 44 0 5246 950000 4750 78090 1157500 90246
  474.259910 229 1600 1600 1600 1600 65 46 0 65 52 0 65 42 0 65 44 0 5246 950000 4750 80282 1157500 92560
  474.459910 230 1600 1600 1600 1600 65 46 0 65 52 0 65 42 0 65 44 0 5490 950000 4750 85214 1157500 98345
  474.659909 231 1600 1600 1600 1600 65 46 0 65 52 0 65 42 0 65 44 0 5490 950000 4750 85214 1157500 98345
  474.859910 232 1600 1600 1600 1600 65 46 0 65 52 0 65 42 0 65 44 0 5490 950000 4750 75624 1157500 86775
  475.059916 233 1600 1600 1600 1600 65 46 0 65 52 0 65 42 0 65 44 0 5490 950000 4750 69596 1157500 79833
  475.259909 234 1600 1600 1600 1600 65 46 0 65 52 0 65 42 0 65 44 0 5246 950000 4750 67130 1157500 77519
  475.459910 235 1600 1600 1600 1600 65 46 0 65 52 0 65 42 0 65 44 0 5246 950000 4750 67130 1157500 77519
  475.659909 236 1600 1600 1600 1600 65 46 0 65 52 0 65 42 0 65 44 0 5246 950000 4750 72884 1157500 83304
  475.859909 237 1600 1600 1600 1600 65 46 0 65 52 0 65 42 0 65 44 0 5246 950000 4750 69596 1157500 79833
  476.059967 238 1600 1600 1600 1600 65 46 0 65 52 0 65 42 0 65 44 0 5490 950000 4750 70692 1157500 80990
  476.260032 239 1600 1600 1600 1600 65 46 0 65 52 0 65 42 0 65 44 0 5490 950000 4750 70692 1157500 80990
  476.459996 240 1600 1600 1600 1600 65 46 0 65 52 0 65 42 0 65 44 0 5490 950000 4750 873512 1162500 1014426
  476.660001 241 1600 1600 1600 1600 65 46 0 65 52 0 65 42 0 65 44 0 5490 948750 4740 1264236 1163750 1470032
  476.859926 242 1600 1600 1600 1600 65 46 0 65 52 0 65 42 0 65 44 0 5490 948750 4740 946396 1162500 1099252
  477.059906 243 1600 1600 1600 1600 69 46 0 69 52 0 69 42 0 69 44 0 5246 948750 4740 1305884 1163750 1517715
  477.265025 244 1600 1600 1600 1600 69 46 0 69 52 0 69 42 0 69 44 0 5246 948750 4740 1305884 1163750 1517715
  477.465025 245 1600 1600 1600 1600 69 46 0 69 52 0 69 42 0 69 44 0 5490 948750 4740 1235466 1163750 1436305
  477.664990 246 1600 1600 1600 1600 68 46 0 68 52 0 68 42 0 68 44 0 5490 950000 4750 475116 1160000 551000
  477.864910 247 1600 1600 1600 1600 68 46 0 68 52 0 68 42 0 68 44 0 5490 950000 4750 131520 1157500 151567
  478.064921 248 1600 1600 1600 1600 67 46 0 67 52 0 67 42 0 67 44 0 5490 950000 4750 131520 1157500 151567
  478.264909 249 1600 1600 1600 1600 67 46 0 67 52 0 67 42 0 67 44 0 5490 950000 4750 80282 1157500 92560
  478.464927 250 1600 1600 1600 1600 67 46 0 67 52 0 67 42 0 67 44 0 5490 950000 4750 75350 1157500 86775
  478.664933 251 1600 1600 1600 1600 67 46 0 67 52 0 67 42 0 67 44 0 5246 950000 4750 1050790 1163750 1221150
  478.864987 252 1600 1600 1600 1600 67 46 0 67 52 0 67 42 0 67 44 0 5246 950000 4750 1050790 1163750 1221150
  479.065045 253 1600 1600 1600 1600 69 46 0 69 52 0 69 42 0 69 44 0 5490 948750 4740 1272182 1163750 1479336
  479.264948 254 1600 1600 1600 1600 69 46 0 69 52 0 69 42 0 69 44 0 5490 948750 4740 930230 1161250 1079730
  479.464953 255 1600 1600 1600 1600 69 46 0 69 52 0 69 42 0 69 44 0 5734 950000 4750 86036 1157500 99502
  479.664949 256 1600 1600 1600 1600 68 46 0 68 52 0 68 42 0 68 44 0 5734 950000 4750 86036 1157500 99502
  479.864946 257 1600 1600 1600 1600 68 46 0 68 52 0 68 42 0 68 44 0 5490 950000 4750 103846 1157500 119171
  480.064967 258 1600 1600 1600 1600 67 46 0 67 52 0 67 42 0 67 44 0 5490 950000 4750 80556 1157500 92560
  480.264948 259 1600 1600 1600 1600 67 46 0 67 52 0 67 42 0 67 44 0 5490 950000 4750 80556 1157500 92560
  480.464948 260 1600 1600 1600 1600 67 46 0 67 52 0 67 42 0 67 44 0 5490 950000 4750 80556 1157500 92560
  480.664947 261 1600 1600 1600 1600 67 46 0 67 52 0 67 42 0 67 44 0 5490 950000 4750 83022 1157500 96031
  480.864953 262 1600 1600 1600 1600 67 46 0 67 52 0 67 42 0 67 44 0 5490 950000 4750 78090 1157500 90246
  481.064957 263 1600 1600 1600 1600 67 46 0 67 52 0 67 42 0 67 44 0 5734 950000 4750 72062 1157500 83304
  481.264910 264 1600 1600 1600 1600 67 46 0 67 52 0 67 42 0 67 44 0 5734 950000 4750 72062 1157500 83304
  481.464910 265 1600 1600 1600 1600 67 46 0 67 52 0 67 42 0 67 44 0 5490 950000 4750 70418 1157500 80990
  481.664909 266 1600 1600 1600 1600 66 46 0 66 52 0 66 42 0 66 44 0 5490 950000 4750 74802 1157500 85618
  481.864909 267 1600 1600 1600 1600 66 46 0 66 52 0 66 42 0 66 44 0 5490 950000 4750 76172 1157500 87932
