  558.924973 652 500 500 500 500 66 46 0 66 52 0 66 42 0 66 44 0 15494 1085000 16275 5206 908750 4540
  559.124964 653 500 500 500 500 66 46 0 66 52 0 66 42 0 66 44 0 14518 1085000 15190 5206 908750 4540
  559.324924 654 500 500 500 500 66 46 0 66 52 0 66 42 0 66 44 0 14518 1085000 15190 5206 908750 4540
  559.524926 655 500 500 500 500 66 46 0 66 52 0 66 42 0 66 44 0 40260 1085000 43400 5206 908750 4540
  559.724923 656 500 500 500 500 66 46 0 66 52 0 66 42 0 66 44 0 22997 1085000 23870 5206 908750 4540
  559.924976 657 500 500 500 500 66 46 0 66 52 0 66 42 0 66 44 0 15250 1085000 16275 5206 908750 4540
  560.124954 658 500 500 500 500 66 46 0 66 52 0 66 42 0 66 44 0 15250 1085000 16275 5206 908750 4540
  560.324988 659 500 500 500 500 66 46 0 66 52 0 66 42 0 66 44 0 40504 1085000 43400 5206 908750 4540
  560.524940 660 500 500 500 500 66 46 0 66 52 0 66 42 0 66 44 0 111508 1083750 120213 5206 908750 4540
  560.724964 661 500 500 500 500 66 46 0 66 52 0 66 42 0 66 44 0 114741 1082500 123348 5206 908750 4540
  560.924999 662 500 500 500 500 66 46 0 66 52 0 66 42 0 66 44 0 114741 1082500 123348 5206 908750 4540
  561.124940 663 500 500 500 500 66 46 0 66 52 0 66 42 0 66 44 0 114009 1082500 123348 5206 908750 4540
  561.324935 664 500 500 500 500 66 46 0 66 52 0 66 42 0 66 44 0 111020 1082500 120102 5206 908750 4540
  561.524929 665 500 500 500 500 66 46 0 66 52 0 66 42 0 66 44 0 105469 1083750 113715 5206 908750 4540
  561.724976 666 500 500 500 500 66 46 0 66 52 0 66 42 0 66 44 0 105469 1083750 113715 5206 908750 4540
  561.924975 667 500 500 500 500 66 46 0 66 52 0 66 42 0 66 44 0 114253 1082500 123348 5206 908750 4540
  562.124982 668 500 500 500 500 66 46 0 66 52 0 66 42 0 66 44 0 114741 1082500 123348 5206 908750 4540
  562.324961 669 500 500 500 500 66 46 0 66 52 0 66 42 0 66 44 0 114497 1082500 123348 5206 908750 4540
  562.524995 670 500 500 500 500 66 46 0 66 52 0 66 42 0 66 44 0 114497 1082500 123348 5206 908750 4540
  562.724941 671 400 400 400 400 66 46 0 66 52 0 66 42 0 66 44 0 111020 1082500 120102 5206 908750 4540
  562.924932 672 400 400 400 400 66 46 0 66 52 0 66 42 0 66 44 0 108763 1070000 115560 5206 908750 4540
  563.124932 673 400 400 400 400 66 46 0 66 52 0 66 42 0 66 44 0 20984 973750 19460 5206 908750 4540
  563.324931 674 400 400 400 400 66 46 0 66 52 0 66 42 0 66 44 0 20984 973750 19460 5206 908750 4540
  563.524959 675 400 400 400 400 66 46 0 66 52 0 66 42 0 66 44 0 12017 973750 11676 5206 908750 4540
  563.724949 676 400 400 400 400 66 46 0 66 52 0 66 42 0 66 44 0 20252 973750 19460 5206 908750 4540
  563.924987 677 400 400 400 400 66 46 0 66 52 0 66 42 0 66 44 0 81008 972500 78732 5206 908750 4540
  564.124993 678 400 400 400 400 66 46 0 66 52 0 66 42 0 66 44 0 81008 972500 78732 5206 908750 4540
  564.324978 679 400 400 400 400 66 46 0 66 52 0 66 42 0 66 44 0 84485 972500 81648 5206 908750 4540
  564.524995 680 400 400 400 400 66 46 0 66 52 0 66 42 0 66 44 0 83265 972500 80676 5206 908750 4540
  564.729915 681 400 400 400 400 66 46 0 66 52 0 66 42 0 66 44 0 81252 972500 78732 5206 908750 4540
  564.929934 682 400 400 400 400 66 46 0 66 52 0 66 42 0 66 44 0 78507 972500 75816 5206 908750 4540
  565.129919 683 400 400 400 400 66 46 0 66 52 0 66 42 0 66 44 0 78507 972500 75816 5206 908750 4540
  565.329946 684 400 400 400 400 66 46 0 66 52 0 66 42 0 66 44 0 76982 972500 73872 5206 908750 4540
  565.529954 685 400 400 400 400 66 46 0 66 52 0 66 42 0 66 44 0 45750 973750 43785 5206 908750 4540
  565.729944 686 400 400 400 400 66 46 0 66 52 0 66 42 0 66 44 0 11224 975000 10725 5206 908750 4540
  565.929953 687 400 400 400 400 66 46 0 66 52 0 66 42 0 66 44 0 11224 975000 10725 5206 908750 4540
  566.129964 688 400 400 400 400 66 46 0 66 52 0 66 42 0 66 44 0 11224 975000 10725 5206 908750 4540
  566.329952 689 400 400 400 400 66 46 0 66 52 0 66 42 0 66 44 0 10980 973750 9730 5206 908750 4540
  566.529945 690 400 400 400 400 66 46 0 66 52 0 66 42 0 66 44 0 10980 973750 9730 5206 908750 4540
  566.729945 691 400 400 400 400 66 46 0 66 52 0 66 42 0 66 44 0 10980 973750 9730 5206 908750 4540
  566.929944 692 400 400 400 400 66 46 0 66 52 0 66 42 0 66 44 0 10980 975000 9750 5206 908750 4540
  567.129959 693 400 400 400 400 66 46 0 66 52 0 66 42 0 66 44 0 10980 973750 9730 5206 908750 4540
  567.329943 694 400 400 400 400 66 46 0 66 52 0 66 42 0 66 44 0 10980 973750 9730 5206 908750 4540
  567.529952 695 400 400 400 400 66 46 0 66 52 0 66 42 0 66 44 0 10980 973750 9730 5206 908750 4540
  567.729951 696 400 400 400 400 66 46 0 66 52 0 66 42 0 66 44 0 11529 973750 10703 5206 908750 4540
  567.929952 697 400 400 400 400 66 46 0 66 52 0 66 42 0 66 44 0 11529 973750 10703 5206 908750 4540
