 1315.979979 4436 500 500 500 500 69 46 0 69 52 0 69 42 0 69 44 0 120475 1083750 129960 6028 908750 5448
 1316.180013 4437 500 500 500 500 69 46 0 69 52 0 69 42 0 69 44 0 120475 1083750 129960 6028 908750 5448
 1316.379970 4438 500 500 500 500 69 46 0 69 52 0 69 42 0 69 44 0 114741 1082500 123348 5754 908750 4540
 1316.579888 4439 500 500 500 500 69 46 0 69 52 0 69 42 0 69 44 0 113521 1082500 122266 5754 908750 4540
 1316.779931 4440 500 500 500 500 69 46 0 69 52 0 69 42 0 69 44 0 110471 1083750 119130 6028 908750 5448
 1316.979927 4441 500 500 500 500 69 46 0 69 52 0 69 42 0 69 44 0 110471 1083750 119130 6028 908750 5448
 1317.179939 4442 500 500 500 500 69 46 0 69 52 0 69 42 0 69 44 0 109007 1083750 118047 6028 908750 5448
 1317.379916 4443 500 500 500 500 69 46 0 69 52 0 69 42 0 69 44 0 104493 1082500 112528 5754 908750 4540
 1317.579927 4444 500 500 500 500 69 46 0 69 52 0 69 42 0 69 44 0 104249 1082500 112528 5754 908750 4540
 1317.779901 4445 500 500 500 500 69 46 0 69 52 0 69 42 0 69 44 0 104249 1082500 112528 6028 908750 5448
 1317.979924 4446 500 500 500 500 69 46 0 69 52 0 69 42 0 69 44 0 104249 1082500 112528 6028 908750 5448
 1318.179936 4447 500 500 500 500 69 46 0 69 52 0 69 42 0 69 44 0 104249 1082500 112528 5754 908750 4540
 1318.379923 4448 500 500 500 500 69 46 0 69 52 0 69 42 0 69 44 0 104493 1082500 112528 6028 908750 5448
 1318.579924 4449 500 500 500 500 69 46 0 69 52 0 69 42 0 69 44 0 104493 1082500 112528 5754 908750 4540
 1318.779922 4450 500 500 500 500 69 46 0 69 52 0 69 42 0 69 44 0 104493 1082500 112528 5754 908750 4540
 1318.979923 4451 500 500 500 500 69 46 0 69 52 0 69 42 0 69 44 0 104493 1082500 112528 6028 908750 5448
 1319.179936 4452 500 500 500 500 69 46 0 69 52 0 69 42 0 69 44 0 104493 1082500 112528 5754 908750 4540
 1319.379922 4453 500 500 500 500 69 46 0 69 52 0 69 42 0 69 44 0 104981 1082500 112528 6028 908750 5448
 1319.579924 4454 500 500 500 500 69 46 0 69 52 0 69 42 0 69 44 0 104981 1082500 112528 6028 908750 5448
 1319.779918 4455 500 500 500 500 69 46 0 69 52 0 69 42 0 69 44 0 104493 1082500 112528 5754 908750 4540
 1319.979922 4456 500 500 500 500 69 46 0 69 52 0 69 42 0 69 44 0 104737 1082500 112528 5754 908750 4540
 1320.179935 4457 500 500 500 500 69 46 0 69 52 0 69 42 0 69 44 0 104249 1082500 112528 5754 908750 4540
 1320.379922 4458 500 500 500 500 69 46 0 69 52 0 69 42 0 69 44 0 104249 1082500 112528 5754 908750 4540
 1320.579925 4459 500 500 500 500 69 46 0 69 52 0 69 42 0 69 44 0 104005 1082500 112528 5754 908750 4540
 1320.779921 4460 500 500 500 500 69 46 0 69 52 0 69 42 0 69 44 0 104005 1082500 112528 6028 908750 5448
 1320.979922 4461 500 500 500 500 69 46 0 69 52 0 69 42 0 69 44 0 103517 1082500 111446 5754 908750 4540
 1321.179935 4462 500 500 500 500 69 46 0 69 52 0 69 42 0 69 44 0 103517 1082500 111446 5754 908750 4540
 1321.379921 4463 500 500 500 500 69 46 0 69 52 0 69 42 0 69 44 0 104005 1082500 112528 5754 908750 4540
 1321.579926 4464 500 500 500 500 69 46 0 69 52 0 69 42 0 69 44 0 104005 1082500 112528 5754 908750 4540
 1321.779923 4465 500 500 500 500 69 46 0 69 52 0 69 42 0 69 44 0 103761 1082500 111446 5754 908750 4540
 1321.979923 4466 500 500 500 500 69 46 0 69 52 0 69 42 0 69 44 0 103761 1082500 111446 5754 908750 4540
 1322.179916 4467 500 500 500 500 69 46 0 69 52 0 69 42 0 69 44 0 104005 1082500 112528 6028 908750 5448
 1322.379922 4468 500 500 500 500 69 46 0 69 52 0 69 42 0 69 44 0 104005 1083750 112632 5754 908750 4540
 1322.579923 4469 500 500 500 500 69 46 0 69 52 0 69 42 0 69 44 0 103761 1082500 111446 5754 908750 4540
 1322.779925 4470 500 500 500 500 69 46 0 69 52 0 69 42 0 69 44 0 103761 1082500 111446 5754 908750 4540
 1322.979922 4471 500 500 500 500 69 46 0 69 52 0 69 42 0 69 44 0 104005 1082500 112528 5754 908750 4540
 1323.179934 4472 500 500 500 500 69 46 0 69 52 0 69 42 0 69 44 0 104005 1082500 112528 5754 908750 4540
 1323.379921 4473 500 500 500 500 69 46 0 69 52 0 69 42 0 69 44 0 103761 1082500 111446 6028 908750 5448
 1323.579905 4474 500 500 500 500 69 46 0 69 52 0 69 42 0 69 44 0 103761 1082500 111446 6028 908750 5448
 1323.779921 4475 500 500 500 500 69 46 0 69 52 0 69 42 0 69 44 0 104005 1082500 112528 5754 908750 4540
 1323.979921 4476 500 500 500 500 69 46 0 69 52 0 69 42 0 69 44 0 104249 1082500 112528 5754 908750 4540
 1324.179935 4477 500 500 500 500 69 46 0 69 52 0 69 42 0 69 44 0 104249 1082500 112528 5754 908750 4540
 1324.379920 4478 500 500 500 500 69 46 0 69 52 0 69 42 0 69 44 0 104249 1083750 112632 5754 908750 4540
 1324.579923 4479 500 500 500 500 69 46 0 69 52 0 69 42 0 69 44 0 104249 1083750 112632 5754 908750 4540
 1324.779921 4480 500 500 500 500 69 46 0 69 52 0 69 42 0 69 44 0 104005 1082500 112528 6028 908750 5448
 1324.979921 4481 500 500 500 500 69 46 0 69 52 0 69 42 0 69 44 0 104005 1082500 112528 5754 908750 4540
 1325.179935 4482 500 500 500 500 69 46 0 69 52 0 69 42 0 69 44 0 104005 1082500 112528 6028 908750 5448
 1325.379921 4483 500 500 500 500 69 46 0 69 52 0 69 42 0 69 44 0 104005 1082500 112528 6028 908750 5448
 1325.579917 4484 500 500 500 500 69 46 0 69 52 0 69 42 0 69 44 0 104249 1082500 112528 5754 908750 4540
 1325.779924 4485 500 500 500 500 69 46 0 69 52 0 69 42 0 69 44 0 104249 1082500 112528 6028 908750 5448
 1325.979921 4486 500 500 500 500 69 46 0 69 52 0 69 42 0 69 44 0 104249 1082500 112528 5754 908750 4540
 1326.179935 4487 500 500 500 500 69 46 0 69 52 0 69 42 0 69 44 0 104249 1082500 112528 5754 908750 4540
 1326.379921 4488 500 500 500 500 69 46 0 69 52 0 69 42 0 69 44 0 103761 1082500 111446 6028 908750 5448
 1326.579924 4489 500 500 500 500 69 46 0 69 52 0 69 42 0 69 44 0 104005 1082500 112528 6028 908750 5448
 1326.779922 4490 500 500 500 500 69 46 0 69 52 0 69 42 0 69 44 0 104249 1082500 112528 5754 908750 4540
 1326.979921 4491 500 500 500 500 69 46 0 69 52 0 69 42 0 69 44 0 104249 1082500 112528 5754 908750 4540
 1327.179934 4492 500 500 500 500 69 46 0 69 52 0 69 42 0 69 44 0 103761 1082500 111446 6028 908750 5448
 1327.379921 4493 500 500 500 500 69 46 0 69 52 0 69 42 0 69 44 0 105225 1082500 113610 5754 908750 4540
 1327.579922 4494 500 500 500 500 69 46 0 69 52 0 69 42 0 69 44 0 104249 1082500 112528 5754 908750 4540
 1327.779922 4495 500 500 500 500 69 46 0 69 52 0 69 42 0 69 44 0 104249 1082500 112528 5754 908750 4540
 1327.979916 4496 500 500 500 500 69 46 0 69 52 0 69 42 0 69 44 0 104249 1082500 112528 5754 908750 4540
 1328.179935 4497 500 500 500 500 69 46 0 69 52 0 69 42 0 69 44 0 104493 1083750 112632 5754 908750 4540
 1328.379921 4498 500 500 500 500 69 46 0 69 52 0 69 42 0 69 44 0 104249 1082500 112528 5754 908750 4540
 1328.579923 4499 500 500 500 500 69 46 0 69 52 0 69 42 0 69 44 0 104249 1082500 112528 5754 908750 4540
 1328.779924 4500 500 500 500 500 69 46 0 69 52 0 69 42 0 69 44 0 104249 1082500 112528 6028 908750 5448
 1328.979922 4501 500 500 500 500 69 46 0 69 52 0 69 42 0 69 44 0 104493 1082500 112528 6028 908750 5448
 1329.179935 4502 500 500 500 500 69 46 0 69 52 0 69 42 0 69 44 0 104737 1082500 112528 6028 908750 5448
 1329.379925 4503 500 500 500 500 69 46 0 69 52 0 69 42 0 69 44 0 104737 1082500 112528 6028 908750 5448
 1329.579927 4504 500 500 500 500 69 46 0 69 52 0 69 42 0 69 44 0 104981 1082500 112528 6028 908750 5448
 1329.779922 4505 500 500 500 500 69 46 0 69 52 0 69 42 0 69 44 0 104493 1082500 112528 5754 908750 4540
 1329.979922 4506 500 500 500 500 69 46 0 69 52 0 69 42 0 69 44 0 104249 1082500 112528 5754 908750 4540
 1330.179863 4507 500 500 500 500 69 46 0 69 52 0 69 42 0 69 44 0 104493 1082500 112528 5754 908750 4540
 1330.379922 4508 500 500 500 500 69 46 0 69 52 0 69 42 0 69 44 0 104493 1082500 112528 5754 908750 4540
 1330.579924 4509 500 500 500 500 69 46 0 69 52 0 69 42 0 69 44 0 104737 1082500 112528 5754 908750 4540
 1330.779922 4510 500 500 500 500 69 46 0 69 52 0 69 42 0 69 44 0 104981 1082500 112528 6028 908750 5448
 1330.979921 4511 500 500 500 500 69 46 0 69 52 0 69 42 0 69 44 0 104493 1082500 112528 6028 908750 5448
 1331.179937 4512 500 500 500 500 69 46 0 69 52 0 69 42 0 69 44 0 104493 1082500 112528 6028 908750 5448
 1331.379923 4513 500 500 500 500 69 46 0 69 52 0 69 42 0 69 44 0 105469 1082500 113610 6028 908750 5448
 1331.579924 4514 500 500 500 500 69 46 0 69 52 0 69 42 0 69 44 0 104493 1082500 112528 5754 908750 4540
 1331.779918 4515 500 500 500 500 69 46 0 69 52 0 69 42 0 69 44 0 104249 1082500 112528 5754 908750 4540
 1331.979924 4516 500 500 500 500 69 46 0 69 52 0 69 42 0 69 44 0 104249 1082500 112528 5754 908750 4540
 1332.179935 4517 500 500 500 500 69 46 0 69 52 0 69 42 0 69 44 0 104005 1082500 112528 6028 908750 5448
 1332.379921 4518 500 500 500 500 69 46 0 69 52 0 69 42 0 69 44 0 104249 1082500 112528 5754 908750 4540
 1332.579915 4519 500 500 500 500 69 46 0 69 52 0 69 42 0 69 44 0 104005 1082500 112528 6028 908750 5448
 1332.779921 4520 500 500 500 500 69 46 0 69 52 0 69 42 0 69 44 0 104005 1082500 112528 6028 908750 5448
 1332.979922 4521 500 500 500 500 69 46 0 69 52 0 69 42 0 69 44 0 104249 1082500 112528 5754 908750 4540
 1333.179934 4522 500 500 500 500 69 46 0 69 52 0 69 42 0 69 44 0 104493 1082500 112528 5754 908750 4540
 1333.379921 4523 500 500 500 500 69 46 0 69 52 0 69 42 0 69 44 0 103761 1082500 111446 6028 908750 5448
 1333.579924 4524 500 500 500 500 69 46 0 69 52 0 69 42 0 69 44 0 103761 1082500 111446 6028 908750 5448
 1333.779915 4525 500 500 500 500 69 46 0 69 52 0 69 42 0 69 44 0 103761 1082500 111446 6028 908750 5448
 1333.979922 4526 500 500 500 500 69 46 0 69 52 0 69 42 0 69 44 0 103761 1082500 111446 5754 908750 4540
 1334.179934 4527 500 500 500 500 69 46 0 69 52 0 69 42 0 69 44 0 103761 1082500 111446 5754 908750 4540
 1334.379921 4528 500 500 500 500 69 46 0 69 52 0 69 42 0 69 44 0 103761 1082500 111446 5754 908750 4540
 1334.579923 4529 500 500 500 500 69 46 0 69 52 0 69 42 0 69 44 0 104005 1082500 112528 6028 908750 5448
 1334.779924 4530 500 500 500 500 69 46 0 69 52 0 69 42 0 69 44 0 104493 1082500 112528 5754 908750 4540
 1334.979922 4531 500 500 500 500 69 46 0 69 52 0 69 42 0 69 44 0 104249 1082500 112528 5754 908750 4540
 1335.179935 4532 500 500 500 500 69 46 0 69 52 0 69 42 0 69 44 0 104249 1082500 112528 5754 908750 4540
 1335.379922 4533 500 500 500 500 69 46 0 69 52 0 69 42 0 69 44 0 104005 1082500 112528 6028 908750 5448
 1335.579922 4534 500 500 500 500 69 46 0 69 52 0 69 42 0 69 44 0 103761 1082500 111446 5754 908750 4540
 1335.779921 4535 500 500 500 500 69 46 0 69 52 0 69 42 0 69 44 0 104005 1082500 112528 5754 908750 4540
 1335.979904 4536 500 500 500 500 69 46 0 69 52 0 69 42 0 69 44 0 104005 1082500 112528 5754 908750 4540
 1336.179928 4537 500 500 500 500 69 46 0 69 52 0 69 42 0 69 44 0 104249 1082500 112528 6028 908750 5448
 1336.379921 4538 500 500 500 500 69 46 0 69 52 0 69 42 0 69 44 0 104737 1082500 112528 5754 908750 4540
 1336.579923 4539 500 500 500 500 69 46 0 69 52 0 69 42 0 69 44 0 104493 1082500 112528 5754 908750 4540
 1336.779899 4540 500 500 500 500 69 46 0 69 52 0 69 42 0 69 44 0 104493 1082500 112528 6028 908750 5448
 1336.979923 4541 500 500 500 500 69 46 0 69 52 0 69 42 0 69 44 0 104493 1082500 112528 6028 908750 5448
 1337.179933 4542 500 500 500 500 69 46 0 69 52 0 69 42 0 69 44 0 104493 1082500 112528 5754 908750 4540
 1337.379921 4543 500 500 500 500 69 46 0 69 52 0 69 42 0 69 44 0 104005 1082500 112528 6028 908750 5448
 1337.579921 4544 500 500 500 500 69 46 0 69 52 0 69 42 0 69 44 0 104249 1082500 112528 6028 908750 5448
 1337.779923 4545 500 500 500 500 69 46 0 69 52 0 69 42 0 69 44 0 104249 1082500 112528 6028 908750 5448
 1337.979922 4546 500 500 500 500 69 46 0 69 52 0 69 42 0 69 44 0 104493 1082500 112528 6028 908750 5448
 1338.179934 4547 500 500 500 500 69 46 0 69 52 0 69 42 0 69 44 0 104493 1082500 112528 6028 908750 5448
 1338.379916 4548 500 500 500 500 69 46 0 69 52 0 69 42 0 69 44 0 104249 1082500 112528 6028 908750 5448
 1338.579923 4549 500 500 500 500 69 46 0 69 52 0 69 42 0 69 44 0 104249 1082500 112528 6028 908750 5448
 1338.779921 4550 500 500 500 500 69 46 0 69 52 0 69 42 0 69 44 0 104249 1082500 112528 6028 908750 5448
 1338.979922 4551 500 500 500 500 69 46 0 69 52 0 69 42 0 69 44 0 104493 1082500 112528 5754 908750 4540
 1339.179934 4552 500 500 500 500 69 46 0 69 52 0 69 42 0 69 44 0 104249 1082500 112528 6028 908750 5448
 1339.379923 4553 500 500 500 500 69 46 0 69 52 0 69 42 0 69 44 0 104249 1082500 112528 6028 908750 5448
 1339.579924 4554 500 500 500 500 69 46 0 69 52 0 69 42 0 69 44 0 104249 1082500 112528 5754 908750 4540
 1339.779922 4555 500 500 500 500 69 46 0 69 52 0 69 42 0 69 44 0 109007 1083750 118047 5754 908750 4540
 1339.979922 4556 500 500 500 500 69 46 0 69 52 0 69 42 0 69 44 0 104493 1082500 112528 6028 908750 5448
 1340.179936 4557 500 500 500 500 69 46 0 69 52 0 69 42 0 69 44 0 104493 1082500 112528 6028 908750 5448
 1340.379921 4558 500 500 500 500 69 46 0 69 52 0 69 42 0 69 44 0 104737 1082500 112528 5754 908750 4540
 1340.579922 4559 500 500 500 500 69 46 0 69 52 0 69 42 0 69 44 0 105225 1082500 113610 6028 908750 5448
 1340.779915 4560 500 500 500 500 69 46 0 69 52 0 69 42 0 69 44 0 104249 1082500 112528 5754 908750 4540
 1340.979922 4561 500 500 500 500 69 46 0 69 52 0 69 42 0 69 44 0 104249 1082500 112528 5754 908750 4540
 1341.179935 4562 500 500 500 500 69 46 0 69 52 0 69 42 0 69 44 0 104493 1083750 112632 6028 908750 5448
 1341.379921 4563 500 500 500 500 69 46 0 69 52 0 69 42 0 69 44 0 104005 1082500 112528 6028 908750 5448
 1341.579924 4564 500 500 500 500 69 46 0 69 52 0 69 42 0 69 44 0 104493 1083750 112632 6028 908750 5448
 1341.779922 4565 500 500 500 500 69 46 0 69 52 0 69 42 0 69 44 0 104493 1083750 112632 6028 908750 5448
 1341.979921 4566 500 500 500 500 69 46 0 69 52 0 69 42 0 69 44 0 104249 1082500 112528 5754 908750 4540
 1342.179934 4567 500 500 500 500 69 46 0 69 52 0 69 42 0 69 44 0 104249 1083750 112632 6028 908750 5448
 1342.379921 4568 500 500 500 500 69 46 0 69 52 0 69 42 0 69 44 0 104249 1082500 112528 6028 908750 5448
 1342.579907 4569 500 500 500 500 69 46 0 69 52 0 69 42 0 69 44 0 104249 1082500 112528 6028 908750 5448
 1342.779922 4570 500 500 500 500 69 46 0 69 52 0 69 42 0 69 44 0 104005 1083750 112632 5754 908750 4540
 1342.979922 4571 500 500 500 500 69 46 0 69 52 0 69 42 0 69 44 0 103761 1082500 111446 5754 908750 4540
 1343.179933 4572 500 500 500 500 69 46 0 69 52 0 69 42 0 69 44 0 104005 1082500 112528 5754 908750 4540
 1343.379921 4573 500 500 500 500 69 46 0 69 52 0 69 42 0 69 44 0 103761 1082500 111446 5754 908750 4540
 1343.579925 4574 500 500 500 500 69 46 0 69 52 0 69 42 0 69 44 0 103761 1082500 111446 5754 908750 4540
 1343.779923 4575 500 500 500 500 69 46 0 69 52 0 69 42 0 69 44 0 103761 1082500 111446 6028 908750 5448
 1343.979921 4576 500 500 500 500 69 46 0 69 52 0 69 42 0 69 44 0 103761 1082500 111446 5754 908750 4540
 1344.179939 4577 500 500 500 500 69 46 0 69 52 0 69 42 0 69 44 0 104249 1082500 112528 6028 908750 5448
 1344.379924 4578 500 500 500 500 69 46 0 69 52 0 69 42 0 69 44 0 104249 1082500 112528 6028 908750 5448
 1344.579926 4579 500 500 500 500 69 46 0 69 52 0 69 42 0 69 44 0 69479 1083750 74727 5754 908750 4540
 1344.779922 4580 500 500 500 500 69 46 0 69 52 0 69 42 0 69 44 0 17019 1085000 18445 5754 908750 4540
 1344.979923 4581 500 500 500 500 69 46 0 69 52 0 69 42 0 69 44 0 15494 1085000 16275 5754 908750 4540
 1345.179935 4582 500 500 500 500 69 46 0 69 52 0 69 42 0 69 44 0 15494 1085000 16275 5754 908750 4540
 1345.379921 4583 500 500 500 500 69 46 0 69 52 0 69 42 0 69 44 0 15738 1085000 16275 6028 908750 5448
 1345.579922 4584 500 500 500 500 69 46 0 69 52 0 69 42 0 69 44 0 15738 1085000 16275 5754 908750 4540
 1345.779921 4585 500 500 500 500 69 46 0 69 52 0 69 42 0 69 44 0 15982 1085000 16275 5754 908750 4540
 1345.979922 4586 500 500 500 500 69 46 0 69 52 0 69 42 0 69 44 0 15982 1085000 16275 5754 908750 4540
 1346.179939 4587 500 500 500 500 69 46 0 69 52 0 69 42 0 69 44 0 15982 1085000 16275 5754 908750 4540
 1346.379922 4588 500 500 500 500 69 46 0 69 52 0 69 42 0 69 44 0 15982 1085000 16275 5754 908750 4540
 1346.579915 4589 500 500 500 500 69 46 0 69 52 0 69 42 0 69 44 0 15982 1085000 16275 5754 908750 4540
