  607.754909 896 1600 1600 1600 1600 68 46 0 68 52 0 68 42 0 68 44 0 5490 950000 4750 82200 1157500 94874
  607.954910 897 1600 1600 1600 1600 68 46 0 68 52 0 68 42 0 68 44 0 5490 950000 4750 78090 1157500 90246
  608.154919 898 1600 1600 1600 1600 68 46 0 68 52 0 68 42 0 68 44 0 5490 950000 4750 78090 1157500 90246
  608.354910 899 1600 1600 1600 1600 68 46 0 68 52 0 68 42 0 68 44 0 5490 950000 4750 76172 1157500 87932
  608.554910 900 1600 1600 1600 1600 68 46 0 68 52 0 68 42 0 68 44 0 5490 950000 4750 83570 1157500 96031
  608.755047 901 1600 1600 1600 1600 68 46 0 68 52 0 68 42 0 68 44 0 5490 950000 4750 77268 1157500 89089
  608.954911 902 1600 1600 1600 1600 68 46 0 68 52 0 68 42 0 68 44 0 5490 950000 4750 77268 1157500 89089
  609.154909 903 1600 1600 1600 1600 68 46 0 68 52 0 68 42 0 68 44 0 5490 950000 4750 271260 1158750 313818
  609.354909 904 1600 1600 1600 1600 68 46 0 68 52 0 68 42 0 68 44 0 5490 950000 4750 106586 1157500 122642
  609.554909 905 1600 1600 1600 1600 68 46 0 68 52 0 68 42 0 68 44 0 5490 950000 4750 81652 1157500 93717
  609.754930 906 1600 1600 1600 1600 68 46 0 68 52 0 68 42 0 68 44 0 5490 950000 4750 81652 1157500 93717
  609.954904 907 1600 1600 1600 1600 70 46 0 70 52 0 70 42 0 70 44 0 5490 950000 4750 236462 1158750 273288
  610.155109 908 1600 1600 1600 1600 70 46 0 70 52 0 70 42 0 70 44 0 5490 948750 4740 1237932 1163750 1438631
  610.359932 909 1600 1600 1600 1600 70 46 0 70 52 0 70 42 0 70 44 0 5734 950000 4750 1212724 1163750 1409556
  610.559945 910 1600 1600 1600 1600 70 46 0 70 52 0 70 42 0 70 44 0 5734 950000 4750 1212724 1163750 1409556
  610.759917 911 1600 1600 1600 1600 70 46 0 70 52 0 70 42 0 70 44 0 5734 948750 4740 808300 1161250 938088
  610.959963 912 1500 1500 1500 1500 71 46 0 71 52 0 71 42 0 71 44 0 5734 948750 4740 1280128 1165000 1491200
  611.159953 913 1500 1500 1500 1500 71 46 0 71 52 0 71 42 0 71 44 0 5490 948750 4740 1065586 1160000 1235400
  611.359949 914 1500 1500 1500 1500 71 46 0 71 52 0 71 42 0 71 44 0 5490 948750 4740 1065586 1160000 1235400
  611.559951 915 1500 1500 1500 1500 71 46 0 71 52 0 71 42 0 71 44 0 5734 950000 4750 342500 1133750 387486
  611.759949 916 1500 1500 1500 1500 71 46 0 71 52 0 71 42 0 71 44 0 5734 950000 4750 83844 1132500 93956
  611.959926 917 1500 1500 1500 1500 69 46 0 69 52 0 69 42 0 69 44 0 5734 950000 4750 74802 1132500 83768
  612.159981 918 1500 1500 1500 1500 69 46 0 69 52 0 69 42 0 69 44 0 5734 950000 4750 74802 1132500 83768
  612.359931 919 1500 1500 1500 1500 69 46 0 69 52 0 69 42 0 69 44 0 5734 950000 4750 246052 1133750 278718
  612.560048 920 1500 1500 1500 1500 69 46 0 69 52 0 69 42 0 69 44 0 5734 948750 4740 1184776 1138750 1347392
  612.759921 921 1500 1500 1500 1500 69 46 0 69 52 0 69 42 0 69 44 0 5734 948750 4740 1131894 1137500 1285947
  612.959901 922 1500 1500 1500 1500 71 46 0 71 52 0 71 42 0 71 44 0 5734 948750 4740 1084766 1137500 1232508
  613.159939 923 1500 1500 1500 1500 71 46 0 71 52 0 71 42 0 71 44 0 5734 948750 4740 1084766 1137500 1232508
  613.359921 924 1500 1500 1500 1500 71 46 0 71 52 0 71 42 0 71 44 0 5734 948750 4740 1080382 1137500 1227960
  613.559921 925 1500 1500 1500 1500 71 46 0 71 52 0 71 42 0 71 44 0 5734 948750 4740 1092986 1137500 1241604
  613.759968 926 1500 1500 1500 1500 71 46 0 71 52 0 71 42 0 71 44 0 5734 948750 4740 1079834 1137500 1226823
  613.959913 927 1500 1500 1500 1500 70 46 0 70 52 0 70 42 0 70 44 0 5734 948750 4740 1079834 1137500 1226823
  614.159922 928 1500 1500 1500 1500 70 46 0 70 52 0 70 42 0 70 44 0 5734 950000 4750 652942 1135000 740020
  614.359909 929 1500 1500 1500 1500 70 46 0 70 52 0 70 42 0 70 44 0 5490 950000 4750 74802 1132500 83768
  614.559911 930 1500 1500 1500 1500 70 46 0 70 52 0 70 42 0 70 44 0 5734 950000 4750 78090 1132500 88296
  614.759912 931 1500 1500 1500 1500 70 46 0 70 52 0 70 42 0 70 44 0 5734 950000 4750 78090 1132500 88296
  614.959912 932 1500 1500 1500 1500 69 46 0 69 52 0 69 42 0 69 44 0 5734 950000 4750 73980 1132500 82636
  615.159922 933 1500 1500 1500 1500 69 46 0 69 52 0 69 42 0 69 44 0 5490 950000 4750 70418 1132500 79240
  615.359908 934 1500 1500 1500 1500 69 46 0 69 52 0 69 42 0 69 44 0 5734 950000 4750 67404 1132500 75844
