 4142.169948 18566 800 800 800 800 75 46 0 75 52 0 75 42 0 75 44 0 5734 950000 4750 502242 907500 455314
 4142.370032 18567 800 800 800 800 75 46 0 75 52 0 75 42 0 75 44 0 5734 950000 4750 483336 907500 438081
 4142.570059 18568 800 800 800 800 75 46 0 75 52 0 75 42 0 75 44 0 5734 950000 4750 483336 907500 438081
 4142.769949 18569 800 800 800 800 75 46 0 75 52 0 75 42 0 75 44 0 5734 950000 4750 476212 907500 431732
 4142.969951 18570 800 800 800 800 73 46 0 73 52 0 73 42 0 73 44 0 5734 950000 4750 441688 907500 399987
 4143.169969 18571 800 800 800 800 73 46 0 73 52 0 73 42 0 73 44 0 5734 950000 4750 423056 907500 383661
 4143.369948 18572 800 800 800 800 73 46 0 73 52 0 73 42 0 73 44 0 5734 950000 4750 423056 907500 383661
 4143.569950 18573 800 800 800 800 73 46 0 73 52 0 73 42 0 73 44 0 5734 950000 4750 424152 907500 384568
 4143.769948 18574 800 800 800 800 73 46 0 73 52 0 73 42 0 73 44 0 5734 950000 4750 424152 907500 384568
 4143.969948 18575 800 800 800 800 73 46 0 73 52 0 73 42 0 73 44 0 5734 950000 4750 424700 907500 384568
 4144.169946 18576 800 800 800 800 73 46 0 73 52 0 73 42 0 73 44 0 5734 950000 4750 424700 907500 384568
 4144.369949 18577 800 800 800 800 73 46 0 73 52 0 73 42 0 73 44 0 5734 950000 4750 424974 907500 384568
 4144.569947 18578 800 800 800 800 73 46 0 73 52 0 73 42 0 73 44 0 5734 950000 4750 424974 907500 384568
 4144.769946 18579 800 800 800 800 73 46 0 73 52 0 73 42 0 73 44 0 5734 950000 4750 422234 907500 382754
 4144.969916 18580 800 800 800 800 73 46 0 73 52 0 73 42 0 73 44 0 5734 950000 4750 422782 907500 382754
 4145.169965 18581 800 800 800 800 73 46 0 73 52 0 73 42 0 73 44 0 5734 950000 4750 422782 907500 382754
 4145.369947 18582 800 800 800 800 73 46 0 73 52 0 73 42 0 73 44 0 5734 950000 4750 423056 907500 383661
 4145.569950 18583 800 800 800 800 73 46 0 73 52 0 73 42 0 73 44 0 5734 950000 4750 423604 907500 383661
 4145.769946 18584 800 800 800 800 73 46 0 73 52 0 73 42 0 73 44 0 5734 950000 4750 423878 907500 383661
 4145.969946 18585 800 800 800 800 73 46 0 73 52 0 73 42 0 73 44 0 5734 950000 4750 423878 907500 383661
 4146.169963 18586 800 800 800 800 73 46 0 73 52 0 73 42 0 73 44 0 5734 950000 4750 423878 907500 383661
 4146.369948 18587 800 800 800 800 73 46 0 73 52 0 73 42 0 73 44 0 5734 950000 4750 424426 907500 384568
 4146.569947 18588 800 800 800 800 73 46 0 73 52 0 73 42 0 73 44 0 5734 950000 4750 422508 907500 382754
 4146.769949 18589 800 800 800 800 73 46 0 73 52 0 73 42 0 73 44 0 5734 950000 4750 422508 907500 382754
 4146.969947 18590 800 800 800 800 73 46 0 73 52 0 73 42 0 73 44 0 5978 950000 4750 423056 907500 383661
 4147.169963 18591 800 800 800 800 73 46 0 73 52 0 73 42 0 73 44 0 5978 950000 4750 422508 907500 382754
 4147.369940 18592 800 800 800 800 73 46 0 73 52 0 73 42 0 73 44 0 5734 950000 4750 423330 907500 383661
 4147.569947 18593 800 800 800 800 73 46 0 73 52 0 73 42 0 73 44 0 5734 950000 4750 423330 907500 383661
 4147.769947 18594 800 800 800 800 73 46 0 73 52 0 73 42 0 73 44 0 5734 950000 4750 424974 907500 384568
 4147.969947 18595 800 800 800 800 73 46 0 73 52 0 73 42 0 73 44 0 5734 950000 4750 423604 907500 383661
 4148.169963 18596 800 800 800 800 73 46 0 73 52 0 73 42 0 73 44 0 5734 950000 4750 423878 907500 383661
 4148.369946 18597 800 800 800 800 73 46 0 73 52 0 73 42 0 73 44 0 5734 950000 4750 423878 907500 383661
 4148.569949 18598 800 800 800 800 73 46 0 73 52 0 73 42 0 73 44 0 5734 950000 4750 423330 907500 383661
 4148.769947 18599 800 800 800 800 73 46 0 73 52 0 73 42 0 73 44 0 5734 950000 4750 423330 907500 383661
 4148.969947 18600 800 800 800 800 73 46 0 73 52 0 73 42 0 73 44 0 5734 950000 4750 422782 907500 382754
 4149.169965 18601 800 800 800 800 73 46 0 73 52 0 73 42 0 73 44 0 5734 950000 4750 422782 907500 382754
 4149.369947 18602 800 800 800 800 73 46 0 73 52 0 73 42 0 73 44 0 5734 950000 4750 423330 907500 383661
 4149.569946 18603 800 800 800 800 73 46 0 73 52 0 73 42 0 73 44 0 5734 950000 4750 423604 907500 383661
 4149.769941 18604 800 800 800 800 73 46 0 73 52 0 73 42 0 73 44 0 5734 950000 4750 423878 907500 383661
 4149.969947 18605 800 800 800 800 73 46 0 73 52 0 73 42 0 73 44 0 5734 950000 4750 423878 907500 383661
 4150.169964 18606 800 800 800 800 73 46 0 73 52 0 73 42 0 73 44 0 5734 950000 4750 424426 907500 384568
 4150.369948 18607 800 800 800 800 73 46 0 73 52 0 73 42 0 73 44 0 5734 950000 4750 423604 907500 383661
 4150.569947 18608 800 800 800 800 73 46 0 73 52 0 73 42 0 73 44 0 5734 950000 4750 423056 907500 383661
 4150.769928 18609 800 800 800 800 73 46 0 73 52 0 73 42 0 73 44 0 5734 950000 4750 423056 907500 383661
 4150.969946 18610 800 800 800 800 73 46 0 73 52 0 73 42 0 73 44 0 5734 950000 4750 422782 907500 382754
 4151.169963 18611 800 800 800 800 73 46 0 73 52 0 73 42 0 73 44 0 5734 950000 4750 422508 907500 382754
 4151.369945 18612 800 800 800 800 73 46 0 73 52 0 73 42 0 73 44 0 5734 950000 4750 424152 907500 384568
 4151.569949 18613 800 800 800 800 73 46 0 73 52 0 73 42 0 73 44 0 5734 950000 4750 423604 907500 383661
 4151.769946 18614 800 800 800 800 73 46 0 73 52 0 73 42 0 73 44 0 5734 950000 4750 423604 907500 383661
 4151.969947 18615 800 800 800 800 73 46 0 73 52 0 73 42 0 73 44 0 5734 950000 4750 422782 907500 382754
 4152.169940 18616 800 800 800 800 73 46 0 73 52 0 73 42 0 73 44 0 5490 950000 4750 422782 907500 382754
 4152.369947 18617 800 800 800 800 73 46 0 73 52 0 73 42 0 73 44 0 5734 950000 4750 422234 907500 382754
 4152.569947 18618 800 800 800 800 73 46 0 73 52 0 73 42 0 73 44 0 5734 950000 4750 422234 907500 382754
 4152.769948 18619 800 800 800 800 73 46 0 73 52 0 73 42 0 73 44 0 5734 950000 4750 421960 907500 381847
 4152.969946 18620 800 800 800 800 73 46 0 73 52 0 73 42 0 73 44 0 5734 950000 4750 422234 907500 382754
 4153.169963 18621 800 800 800 800 73 46 0 73 52 0 73 42 0 73 44 0 5734 950000 4750 423878 907500 383661
 4153.369947 18622 800 800 800 800 73 46 0 73 52 0 73 42 0 73 44 0 5734 950000 4750 423878 907500 383661
 4153.569947 18623 800 800 800 800 73 46 0 73 52 0 73 42 0 73 44 0 5734 950000 4750 423056 907500 383661
 4153.769947 18624 800 800 800 800 73 46 0 73 52 0 73 42 0 73 44 0 5734 950000 4750 422782 907500 382754
 4153.969946 18625 800 800 800 800 73 46 0 73 52 0 73 42 0 73 44 0 5734 950000 4750 422782 907500 382754
 4154.169966 18626 800 800 800 800 73 46 0 73 52 0 73 42 0 73 44 0 5734 950000 4750 422782 907500 382754
 4154.369948 18627 800 800 800 800 73 46 0 73 52 0 73 42 0 73 44 0 5734 950000 4750 422508 907500 382754
 4154.569941 18628 800 800 800 800 73 46 0 73 52 0 73 42 0 73 44 0 5734 950000 4750 421960 907500 381847
 4154.769947 18629 800 800 800 800 73 46 0 73 52 0 73 42 0 73 44 0 5734 950000 4750 422234 907500 382754
 4154.969947 18630 800 800 800 800 73 46 0 73 52 0 73 42 0 73 44 0 5734 950000 4750 422234 907500 382754
 4155.169964 18631 800 800 800 800 73 46 0 73 52 0 73 42 0 73 44 0 5734 950000 4750 422782 907500 382754
 4155.369948 18632 800 800 800 800 73 46 0 73 52 0 73 42 0 73 44 0 5734 950000 4750 423604 907500 383661
 4155.569947 18633 800 800 800 800 73 46 0 73 52 0 73 42 0 73 44 0 5978 950000 4750 424152 907500 384568
 4155.769948 18634 800 800 800 800 73 46 0 73 52 0 73 42 0 73 44 0 5978 950000 4750 424152 907500 384568
 4155.969949 18635 800 800 800 800 73 46 0 73 52 0 73 42 0 73 44 0 5490 950000 4750 423878 907500 383661
 4156.169963 18636 800 800 800 800 73 46 0 73 52 0 73 42 0 73 44 0 5734 950000 4750 422234 907500 382754
 4156.369947 18637 800 800 800 800 73 46 0 73 52 0 73 42 0 73 44 0 5734 950000 4750 423878 907500 383661
 4156.569947 18638 800 800 800 800 73 46 0 73 52 0 73 42 0 73 44 0 5734 950000 4750 423878 907500 383661
 4156.769947 18639 800 800 800 800 73 46 0 73 52 0 73 42 0 73 44 0 5734 950000 4750 422234 907500 382754
 4156.969940 18640 800 800 800 800 73 46 0 73 52 0 73 42 0 73 44 0 5734 950000 4750 422234 907500 382754
 4157.169963 18641 800 800 800 800 73 46 0 73 52 0 73 42 0 73 44 0 5734 950000 4750 424426 907500 384568
 4157.369922 18642 800 800 800 800 73 46 0 73 52 0 73 42 0 73 44 0 5734 950000 4750 423604 907500 383661
 4157.569950 18643 800 800 800 800 73 46 0 73 52 0 73 42 0 73 44 0 5734 950000 4750 423604 907500 383661
 4157.769947 18644 800 800 800 800 73 46 0 73 52 0 73 42 0 73 44 0 5734 950000 4750 423604 907500 383661
 4157.969946 18645 800 800 800 800 73 46 0 73 52 0 73 42 0 73 44 0 5734 950000 4750 422234 907500 382754
 4158.169963 18646 800 800 800 800 73 46 0 73 52 0 73 42 0 73 44 0 5734 950000 4750 422234 907500 382754
 4158.369947 18647 800 800 800 800 73 46 0 73 52 0 73 42 0 73 44 0 5734 950000 4750 422234 907500 382754
 4158.569947 18648 800 800 800 800 73 46 0 73 52 0 73 42 0 73 44 0 5734 950000 4750 422782 907500 382754
 4158.769947 18649 800 800 800 800 73 46 0 73 52 0 73 42 0 73 44 0 5734 950000 4750 422782 907500 382754
 4158.969947 18650 800 800 800 800 73 46 0 73 52 0 73 42 0 73 44 0 5734 950000 4750 423878 907500 383661
 4159.169964 18651 800 800 800 800 73 46 0 73 52 0 73 42 0 73 44 0 5734 950000 4750 423878 907500 383661
 4159.369941 18652 800 800 800 800 73 46 0 73 52 0 73 42 0 73 44 0 5734 950000 4750 423604 907500 383661
 4159.569946 18653 800 800 800 800 73 46 0 73 52 0 73 42 0 73 44 0 5734 950000 4750 421138 907500 381847
 4159.769948 18654 800 800 800 800 73 46 0 73 52 0 73 42 0 73 44 0 5734 950000 4750 422508 907500 382754
 4159.969947 18655 800 800 800 800 73 46 0 73 52 0 73 42 0 73 44 0 5734 950000 4750 422508 907500 382754
 4160.169963 18656 800 800 800 800 73 46 0 73 52 0 73 42 0 73 44 0 5734 950000 4750 422234 907500 382754
 4160.369947 18657 800 800 800 800 73 46 0 73 52 0 73 42 0 73 44 0 5978 950000 4750 423056 907500 383661
 4160.569950 18658 800 800 800 800 73 46 0 73 52 0 73 42 0 73 44 0 5734 950000 4750 422508 907500 382754
 4160.769947 18659 800 800 800 800 73 46 0 73 52 0 73 42 0 73 44 0 5734 950000 4750 422508 907500 382754
 4160.969948 18660 800 800 800 800 73 46 0 73 52 0 73 42 0 73 44 0 5734 950000 4750 423056 907500 383661
 4161.169963 18661 800 800 800 800 73 46 0 73 52 0 73 42 0 73 44 0 5734 950000 4750 423878 907500 383661
 4161.369947 18662 800 800 800 800 73 46 0 73 52 0 73 42 0 73 44 0 5734 950000 4750 423056 907500 383661
 4161.569946 18663 800 800 800 800 73 46 0 73 52 0 73 42 0 73 44 0 5734 950000 4750 423056 907500 383661
 4161.769941 18664 800 800 800 800 73 46 0 73 52 0 73 42 0 73 44 0 5734 950000 4750 423056 907500 383661
 4161.969947 18665 800 800 800 800 73 46 0 73 52 0 73 42 0 73 44 0 5734 950000 4750 422234 907500 382754
 4162.169963 18666 800 800 800 800 73 46 0 73 52 0 73 42 0 73 44 0 5734 950000 4750 423056 907500 383661
 4162.369946 18667 800 800 800 800 73 46 0 73 52 0 73 42 0 73 44 0 5734 950000 4750 423056 907500 383661
 4162.569947 18668 800 800 800 800 73 46 0 73 52 0 73 42 0 73 44 0 5734 950000 4750 422234 907500 382754
 4162.769948 18669 800 800 800 800 73 46 0 73 52 0 73 42 0 73 44 0 5734 950000 4750 423878 907500 383661
 4162.969946 18670 800 800 800 800 73 46 0 73 52 0 73 42 0 73 44 0 5734 950000 4750 423878 907500 383661
 4163.169946 18671 800 800 800 800 73 46 0 73 52 0 73 42 0 73 44 0 5734 950000 4750 423878 907500 383661
 4163.369946 18672 800 800 800 800 73 46 0 73 52 0 73 42 0 73 44 0 5734 950000 4750 423604 907500 383661
 4163.569950 18673 800 800 800 800 73 46 0 73 52 0 73 42 0 73 44 0 5734 950000 4750 423604 907500 383661
 4163.769946 18674 800 800 800 800 73 46 0 73 52 0 73 42 0 73 44 0 5734 950000 4750 422782 907500 382754
 4163.969914 18675 800 800 800 800 73 46 0 73 52 0 73 42 0 73 44 0 5734 950000 4750 422234 907500 382754
 4164.169963 18676 800 800 800 800 73 46 0 73 52 0 73 42 0 73 44 0 5734 950000 4750 422234 907500 382754
 4164.369947 18677 800 800 800 800 73 46 0 73 52 0 73 42 0 73 44 0 5734 950000 4750 422234 907500 382754
 4164.569948 18678 800 800 800 800 73 46 0 73 52 0 73 42 0 73 44 0 5734 950000 4750 423056 907500 383661
 4164.769955 18679 800 800 800 800 73 46 0 73 52 0 73 42 0 73 44 0 5734 950000 4750 423604 907500 383661
 4164.969946 18680 800 800 800 800 73 46 0 73 52 0 73 42 0 73 44 0 5734 950000 4750 423604 907500 383661
 4165.169963 18681 800 800 800 800 73 46 0 73 52 0 73 42 0 73 44 0 5734 950000 4750 424152 907500 384568
 4165.369946 18682 800 800 800 800 73 46 0 73 52 0 73 42 0 73 44 0 5734 950000 4750 423604 907500 383661
 4165.569946 18683 800 800 800 800 73 46 0 73 52 0 73 42 0 73 44 0 5734 950000 4750 422508 907500 382754
 4165.769947 18684 800 800 800 800 73 46 0 73 52 0 73 42 0 73 44 0 5734 950000 4750 422508 907500 382754
 4165.969947 18685 800 800 800 800 73 46 0 73 52 0 73 42 0 73 44 0 5734 950000 4750 423056 907500 383661
 4166.169963 18686 800 800 800 800 73 46 0 73 52 0 73 42 0 73 44 0 5734 950000 4750 422508 907500 382754
 4166.369938 18687 800 800 800 800 73 46 0 73 52 0 73 42 0 73 44 0 5734 950000 4750 423056 907500 383661
 4166.569950 18688 800 800 800 800 73 46 0 73 52 0 73 42 0 73 44 0 5734 950000 4750 423056 907500 383661
 4166.769947 18689 800 800 800 800 73 46 0 73 52 0 73 42 0 73 44 0 5734 950000 4750 423878 907500 383661
 4166.969947 18690 800 800 800 800 73 46 0 73 52 0 73 42 0 73 44 0 5734 950000 4750 423878 907500 383661
 4167.169963 18691 800 800 800 800 73 46 0 73 52 0 73 42 0 73 44 0 5734 950000 4750 423878 907500 383661
 4167.369946 18692 800 800 800 800 73 46 0 73 52 0 73 42 0 73 44 0 5734 950000 4750 423878 907500 383661
 4167.569946 18693 800 800 800 800 73 46 0 73 52 0 73 42 0 73 44 0 5734 950000 4750 423878 907500 383661
 4167.769947 18694 800 800 800 800 73 46 0 73 52 0 73 42 0 73 44 0 5734 950000 4750 422508 907500 382754
 4167.969946 18695 800 800 800 800 73 46 0 73 52 0 73 42 0 73 44 0 5734 950000 4750 422508 907500 382754
 4168.169963 18696 800 800 800 800 73 46 0 73 52 0 73 42 0 73 44 0 5734 950000 4750 422508 907500 382754
 4168.369946 18697 800 800 800 800 73 46 0 73 52 0 73 42 0 73 44 0 5734 950000 4750 422234 907500 382754
 4168.569947 18698 800 800 800 800 73 46 0 73 52 0 73 42 0 73 44 0 5734 950000 4750 424700 907500 384568
 4168.769941 18699 800 800 800 800 73 46 0 73 52 0 73 42 0 73 44 0 5734 950000 4750 423604 907500 383661
 4168.969947 18700 800 800 800 800 73 46 0 73 52 0 73 42 0 73 44 0 5734 950000 4750 423604 907500 383661
 4169.169964 18701 800 800 800 800 73 46 0 73 52 0 73 42 0 73 44 0 5734 950000 4750 423330 907500 383661
 4169.369950 18702 800 800 800 800 73 46 0 73 52 0 73 42 0 73 44 0 5734 950000 4750 423878 907500 383661
 4169.569950 18703 800 800 800 800 73 46 0 73 52 0 73 42 0 73 44 0 5734 950000 4750 422508 907500 382754
 4169.769929 18704 800 800 800 800 73 46 0 73 52 0 73 42 0 73 44 0 5734 950000 4750 422508 907500 382754
 4169.969947 18705 800 800 800 800 73 46 0 73 52 0 73 42 0 73 44 0 5734 950000 4750 421960 907500 381847
 4170.169963 18706 800 800 800 800 73 46 0 73 52 0 73 42 0 73 44 0 5978 950000 4750 422508 907500 382754
 4170.369946 18707 800 800 800 800 73 46 0 73 52 0 73 42 0 73 44 0 5734 950000 4750 423330 907500 383661
 4170.569946 18708 800 800 800 800 73 46 0 73 52 0 73 42 0 73 44 0 5734 950000 4750 423056 907500 383661
 4170.769947 18709 800 800 800 800 73 46 0 73 52 0 73 42 0 73 44 0 5734 950000 4750 423056 907500 383661
 4170.969947 18710 800 800 800 800 73 46 0 73 52 0 73 42 0 73 44 0 5734 950000 4750 423604 907500 383661
 4171.169939 18711 800 800 800 800 73 46 0 73 52 0 73 42 0 73 44 0 5734 950000 4750 422508 907500 382754
 4171.369945 18712 800 800 800 800 73 46 0 73 52 0 73 42 0 73 44 0 5978 950000 4750 423056 907500 383661
 4171.569947 18713 800 800 800 800 73 46 0 73 52 0 73 42 0 73 44 0 5978 950000 4750 423056 907500 383661
 4171.769947 18714 800 800 800 800 73 46 0 73 52 0 73 42 0 73 44 0 5734 950000 4750 422234 907500 382754
 4171.969947 18715 800 800 800 800 73 46 0 73 52 0 73 42 0 73 44 0 5734 950000 4750 422234 907500 382754
 4172.169946 18716 800 800 800 800 73 46 0 73 52 0 73 42 0 73 44 0 5734 950000 4750 423604 907500 383661
 4172.369948 18717 800 800 800 800 73 46 0 73 52 0 73 42 0 73 44 0 5734 950000 4750 423604 907500 383661
 4172.569953 18718 800 800 800 800 73 46 0 73 52 0 73 42 0 73 44 0 5734 950000 4750 424974 907500 384568
 4172.769946 18719 800 800 800 800 73 46 0 73 52 0 73 42 0 73 44 0 5734 950000 4750 424974 907500 384568
 4172.969947 18720 800 800 800 800 73 46 0 73 52 0 73 42 0 73 44 0 5734 950000 4750 423604 907500 383661
 4173.169963 18721 800 800 800 800 73 46 0 73 52 0 73 42 0 73 44 0 5734 950000 4750 423604 907500 383661
 4173.369946 18722 800 800 800 800 73 46 0 73 52 0 73 42 0 73 44 0 5734 950000 4750 422234 907500 382754
 4173.569940 18723 800 800 800 800 73 46 0 73 52 0 73 42 0 73 44 0 5734 950000 4750 422508 907500 382754
 4173.769947 18724 800 800 800 800 73 46 0 73 52 0 73 42 0 73 44 0 5734 950000 4750 422782 907500 382754
 4173.969948 18725 800 800 800 800 73 46 0 73 52 0 73 42 0 73 44 0 5734 950000 4750 422782 907500 382754
 4174.169962 18726 800 800 800 800 73 46 0 73 52 0 73 42 0 73 44 0 5734 950000 4750 423056 907500 383661
 4174.369947 18727 800 800 800 800 73 46 0 73 52 0 73 42 0 73 44 0 5734 950000 4750 423330 907500 383661
 4174.569946 18728 800 800 800 800 73 46 0 73 52 0 73 42 0 73 44 0 5734 950000 4750 423604 907500 383661
 4174.769946 18729 800 800 800 800 73 46 0 73 52 0 73 42 0 73 44 0 5734 950000 4750 423604 907500 383661
 4174.969940 18730 800 800 800 800 73 46 0 73 52 0 73 42 0 73 44 0 5734 950000 4750 423878 907500 383661
 4175.169963 18731 800 800 800 800 73 46 0 73 52 0 73 42 0 73 44 0 5734 950000 4750 422782 907500 382754
 4175.369947 18732 800 800 800 800 73 46 0 73 52 0 73 42 0 73 44 0 5490 950000 4750 422508 907500 382754
 4175.569949 18733 800 800 800 800 73 46 0 73 52 0 73 42 0 73 44 0 5490 950000 4750 422508 907500 382754
 4175.769951 18734 800 800 800 800 73 46 0 73 52 0 73 42 0 73 44 0 5734 950000 4750 423330 907500 383661
 4175.969940 18735 800 800 800 800 73 46 0 73 52 0 73 42 0 73 44 0 5734 950000 4750 424152 907500 384568
 4176.169963 18736 800 800 800 800 73 46 0 73 52 0 73 42 0 73 44 0 5978 950000 4750 423604 907500 383661
 4176.369921 18737 800 800 800 800 73 46 0 73 52 0 73 42 0 73 44 0 5734 950000 4750 424974 907500 384568
 4176.569947 18738 800 800 800 800 73 46 0 73 52 0 73 42 0 73 44 0 5734 950000 4750 424974 907500 384568
 4176.769947 18739 800 800 800 800 73 46 0 73 52 0 73 42 0 73 44 0 5734 950000 4750 423878 907500 383661
 4176.969947 18740 800 800 800 800 73 46 0 73 52 0 73 42 0 73 44 0 5734 950000 4750 422782 907500 382754
 4177.169941 18741 800 800 800 800 73 46 0 73 52 0 73 42 0 73 44 0 5490 950000 4750 423056 907500 383661
 4177.369948 18742 800 800 800 800 73 46 0 73 52 0 73 42 0 73 44 0 5490 950000 4750 423056 907500 383661
 4177.569947 18743 800 800 800 800 73 46 0 73 52 0 73 42 0 73 44 0 5734 950000 4750 422782 907500 382754
 4177.769947 18744 800 800 800 800 73 46 0 73 52 0 73 42 0 73 44 0 5734 950000 4750 423056 907500 383661
 4177.969948 18745 800 800 800 800 73 46 0 73 52 0 73 42 0 73 44 0 5734 950000 4750 424700 907500 384568
 4178.169963 18746 800 800 800 800 73 46 0 73 52 0 73 42 0 73 44 0 5734 950000 4750 424700 907500 384568
 4178.369946 18747 800 800 800 800 73 46 0 73 52 0 73 42 0 73 44 0 5734 950000 4750 424700 907500 384568
 4178.569950 18748 800 800 800 800 73 46 0 73 52 0 73 42 0 73 44 0 5734 950000 4750 424426 907500 384568
 4178.769947 18749 800 800 800 800 73 46 0 73 52 0 73 42 0 73 44 0 5734 950000 4750 424152 907500 384568
 4178.969947 18750 800 800 800 800 73 46 0 73 52 0 73 42 0 73 44 0 5734 950000 4750 424152 907500 384568
 4179.169963 18751 800 800 800 800 73 46 0 73 52 0 73 42 0 73 44 0 5734 950000 4750 422508 907500 382754
 4179.369947 18752 800 800 800 800 73 46 0 73 52 0 73 42 0 73 44 0 5734 950000 4750 423330 907500 383661
 4179.569939 18753 800 800 800 800 73 46 0 73 52 0 73 42 0 73 44 0 5734 950000 4750 422234 907500 382754
 4179.769947 18754 800 800 800 800 73 46 0 73 52 0 73 42 0 73 44 0 5734 950000 4750 422234 907500 382754
 4179.969948 18755 800 800 800 800 73 46 0 73 52 0 73 42 0 73 44 0 5734 950000 4750 423056 907500 383661
 4180.169962 18756 800 800 800 800 73 46 0 73 52 0 73 42 0 73 44 0 5734 950000 4750 423878 907500 383661
 4180.369947 18757 800 800 800 800 73 46 0 73 52 0 73 42 0 73 44 0 5734 950000 4750 424700 907500 384568
 4180.569948 18758 800 800 800 800 73 46 0 73 52 0 73 42 0 73 44 0 5734 950000 4750 424700 907500 384568
 4180.769946 18759 800 800 800 800 73 46 0 73 52 0 73 42 0 73 44 0 5734 950000 4750 422782 907500 382754
 4180.969948 18760 800 800 800 800 73 46 0 73 52 0 73 42 0 73 44 0 5734 950000 4750 422782 907500 382754
 4181.169963 18761 800 800 800 800 73 46 0 73 52 0 73 42 0 73 44 0 5734 950000 4750 423056 907500 383661
 4181.369948 18762 800 800 800 800 73 46 0 73 52 0 73 42 0 73 44 0 5734 950000 4750 423056 907500 383661
 4181.569949 18763 800 800 800 800 73 46 0 73 52 0 73 42 0 73 44 0 5978 950000 4750 422234 907500 382754
 4181.769947 18764 800 800 800 800 73 46 0 73 52 0 73 42 0 73 44 0 5734 950000 4750 424152 907500 384568
 4181.969940 18765 800 800 800 800 73 46 0 73 52 0 73 42 0 73 44 0 5734 950000 4750 423330 907500 383661
 4182.169945 18766 800 800 800 800 73 46 0 73 52 0 73 42 0 73 44 0 5734 950000 4750 423330 907500 383661
 4182.369946 18767 800 800 800 800 73 46 0 73 52 0 73 42 0 73 44 0 5734 950000 4750 423056 907500 383661
 4182.569947 18768 800 800 800 800 73 46 0 73 52 0 73 42 0 73 44 0 5734 950000 4750 423604 907500 383661
 4182.769946 18769 800 800 800 800 73 46 0 73 52 0 73 42 0 73 44 0 5734 950000 4750 422508 907500 382754
 4182.969922 18770 800 800 800 800 73 46 0 73 52 0 73 42 0 73 44 0 5734 950000 4750 422508 907500 382754
 4183.169963 18771 800 800 800 800 73 46 0 73 52 0 73 42 0 73 44 0 5734 950000 4750 422508 907500 382754
 4183.369947 18772 800 800 800 800 73 46 0 73 52 0 73 42 0 73 44 0 5734 950000 4750 422508 907500 382754
 4183.569946 18773 800 800 800 800 73 46 0 73 52 0 73 42 0 73 44 0 5734 950000 4750 423604 907500 383661
 4183.769947 18774 800 800 800 800 73 46 0 73 52 0 73 42 0 73 44 0 5734 950000 4750 423604 907500 383661
 4183.969948 18775 800 800 800 800 73 46 0 73 52 0 73 42 0 73 44 0 5734 950000 4750 423604 907500 383661
 4184.169963 18776 800 800 800 800 73 46 0 73 52 0 73 42 0 73 44 0 5734 950000 4750 423056 907500 383661
 4184.369940 18777 800 800 800 800 73 46 0 73 52 0 73 42 0 73 44 0 5734 950000 4750 424152 907500 384568
 4184.569949 18778 800 800 800 800 73 46 0 73 52 0 73 42 0 73 44 0 5734 950000 4750 422782 907500 382754
 4184.769948 18779 800 800 800 800 73 46 0 73 52 0 73 42 0 73 44 0 5734 950000 4750 422782 907500 382754
 4184.969947 18780 800 800 800 800 73 46 0 73 52 0 73 42 0 73 44 0 5734 950000 4750 422234 907500 382754
 4185.169963 18781 800 800 800 800 73 46 0 73 52 0 73 42 0 73 44 0 5734 950000 4750 423330 907500 383661
 4185.369946 18782 800 800 800 800 73 46 0 73 52 0 73 42 0 73 44 0 5734 950000 4750 423604 907500 383661
 4185.569949 18783 800 800 800 800 73 46 0 73 52 0 73 42 0 73 44 0 5734 950000 4750 423604 907500 383661
 4185.769948 18784 800 800 800 800 73 46 0 73 52 0 73 42 0 73 44 0 5734 950000 4750 424426 907500 384568
 4185.969947 18785 800 800 800 800 73 46 0 73 52 0 73 42 0 73 44 0 5734 950000 4750 423878 907500 383661
 4186.169964 18786 800 800 800 800 73 46 0 73 52 0 73 42 0 73 44 0 5978 950000 4750 424974 907500 384568
 4186.369947 18787 800 800 800 800 73 46 0 73 52 0 73 42 0 73 44 0 5978 950000 4750 424974 907500 384568
 4186.569946 18788 800 800 800 800 73 46 0 73 52 0 73 42 0 73 44 0 5734 950000 4750 422782 907500 382754
 4186.769940 18789 800 800 800 800 73 46 0 73 52 0 73 42 0 73 44 0 5734 950000 4750 422782 907500 382754
 4186.969948 18790 800 800 800 800 73 46 0 73 52 0 73 42 0 73 44 0 5734 950000 4750 423330 907500 383661
 4187.169966 18791 800 800 800 800 73 46 0 73 52 0 73 42 0 73 44 0 5734 950000 4750 423330 907500 383661
 4187.369946 18792 800 800 800 800 73 46 0 73 52 0 73 42 0 73 44 0 5734 950000 4750 423604 907500 383661
 4187.569949 18793 800 800 800 800 73 46 0 73 52 0 73 42 0 73 44 0 5734 950000 4750 424426 907500 384568
 4187.769946 18794 800 800 800 800 73 46 0 73 52 0 73 42 0 73 44 0 5734 950000 4750 424974 907500 384568
 4187.969948 18795 800 800 800 800 73 46 0 73 52 0 73 42 0 73 44 0 5734 950000 4750 424974 907500 384568
 4188.169963 18796 800 800 800 800 73 46 0 73 52 0 73 42 0 73 44 0 5978 950000 4750 424700 907500 384568
 4188.369948 18797 800 800 800 800 73 46 0 73 52 0 73 42 0 73 44 0 5734 950000 4750 423330 907500 383661
 4188.569946 18798 800 800 800 800 73 46 0 73 52 0 73 42 0 73 44 0 5734 950000 4750 423330 907500 383661
 4188.769929 18799 800 800 800 800 73 46 0 73 52 0 73 42 0 73 44 0 5734 950000 4750 423330 907500 383661
 4188.969948 18800 800 800 800 800 73 46 0 73 52 0 73 42 0 73 44 0 5734 950000 4750 423330 907500 383661
 4189.169941 18801 800 800 800 800 73 46 0 73 52 0 73 42 0 73 44 0 5734 950000 4750 422234 907500 382754
 4189.369947 18802 800 800 800 800 73 46 0 73 52 0 73 42 0 73 44 0 5734 950000 4750 423878 907500 383661
 4189.569946 18803 800 800 800 800 73 46 0 73 52 0 73 42 0 73 44 0 5978 950000 4750 423878 907500 383661
 4189.769948 18804 800 800 800 800 73 46 0 73 52 0 73 42 0 73 44 0 5978 950000 4750 423878 907500 383661
 4189.969948 18805 800 800 800 800 73 46 0 73 52 0 73 42 0 73 44 0 5734 950000 4750 423604 907500 383661
 4190.169963 18806 800 800 800 800 73 46 0 73 52 0 73 42 0 73 44 0 5734 950000 4750 422782 907500 382754
 4190.369947 18807 800 800 800 800 73 46 0 73 52 0 73 42 0 73 44 0 5734 950000 4750 422508 907500 382754
 4190.569950 18808 800 800 800 800 73 46 0 73 52 0 73 42 0 73 44 0 5734 950000 4750 422508 907500 382754
 4190.769947 18809 800 800 800 800 73 46 0 73 52 0 73 42 0 73 44 0 5734 950000 4750 423604 907500 383661
 4190.969949 18810 800 800 800 800 74 46 0 74 52 0 74 42 0 74 44 0 5978 950000 4750 422782 907500 382754
 4191.169963 18811 800 800 800 800 74 46 0 74 52 0 74 42 0 74 44 0 5978 950000 4750 423878 907500 383661
 4191.369947 18812 800 800 800 800 74 46 0 74 52 0 74 42 0 74 44 0 5978 950000 4750 423878 907500 383661
 4191.569941 18813 800 800 800 800 74 46 0 74 52 0 74 42 0 74 44 0 5734 950000 4750 423604 907500 383661
 4191.769946 18814 800 800 800 800 74 46 0 74 52 0 74 42 0 74 44 0 5734 950000 4750 423604 907500 383661
 4191.969948 18815 800 800 800 800 74 46 0 74 52 0 74 42 0 74 44 0 5734 950000 4750 423330 907500 383661
 4192.169963 18816 800 800 800 800 74 46 0 74 52 0 74 42 0 74 44 0 5734 950000 4750 423330 907500 383661
 4192.369947 18817 800 800 800 800 74 46 0 74 52 0 74 42 0 74 44 0 5734 950000 4750 423604 907500 383661
 4192.569947 18818 800 800 800 800 74 46 0 74 52 0 74 42 0 74 44 0 5978 950000 4750 423056 907500 383661
 4192.769946 18819 800 800 800 800 74 46 0 74 52 0 74 42 0 74 44 0 5734 950000 4750 422508 907500 382754
 4192.969949 18820 800 800 800 800 73 46 0 73 52 0 73 42 0 73 44 0 5734 950000 4750 422508 907500 382754
 4193.169963 18821 800 800 800 800 73 46 0 73 52 0 73 42 0 73 44 0 5734 950000 4750 424152 907500 384568
 4193.369947 18822 800 800 800 800 73 46 0 73 52 0 73 42 0 73 44 0 5734 950000 4750 423878 907500 383661
 4193.569949 18823 800 800 800 800 73 46 0 73 52 0 73 42 0 73 44 0 5734 950000 4750 424426 907500 384568
 4193.769947 18824 800 800 800 800 73 46 0 73 52 0 73 42 0 73 44 0 5734 950000 4750 424426 907500 384568
 4193.969941 18825 800 800 800 800 74 46 0 74 52 0 74 42 0 74 44 0 5734 950000 4750 423878 907500 383661
 4194.169963 18826 800 800 800 800 74 46 0 74 52 0 74 42 0 74 44 0 5734 950000 4750 422782 907500 382754
 4194.369946 18827 800 800 800 800 74 46 0 74 52 0 74 42 0 74 44 0 5734 950000 4750 422234 907500 382754
 4194.569946 18828 800 800 800 800 74 46 0 74 52 0 74 42 0 74 44 0 5734 950000 4750 422234 907500 382754
 4194.769946 18829 800 800 800 800 74 46 0 74 52 0 74 42 0 74 44 0 5978 950000 4750 422782 907500 382754
 4194.969946 18830 800 800 800 800 74 46 0 74 52 0 74 42 0 74 44 0 5978 950000 4750 423878 907500 383661
 4195.169963 18831 800 800 800 800 74 46 0 74 52 0 74 42 0 74 44 0 5734 950000 4750 424426 907500 384568
 4195.369921 18832 800 800 800 800 74 46 0 74 52 0 74 42 0 74 44 0 5734 950000 4750 424700 907500 384568
 4195.569949 18833 800 800 800 800 74 46 0 74 52 0 74 42 0 74 44 0 5734 950000 4750 424700 907500 384568
 4195.769946 18834 800 800 800 800 74 46 0 74 52 0 74 42 0 74 44 0 5734 950000 4750 424426 907500 384568
 4195.969948 18835 800 800 800 800 74 46 0 74 52 0 74 42 0 74 44 0 5734 950000 4750 423604 907500 383661
 4196.169939 18836 800 800 800 800 74 46 0 74 52 0 74 42 0 74 44 0 5734 950000 4750 424152 907500 384568
 4196.369946 18837 800 800 800 800 74 46 0 74 52 0 74 42 0 74 44 0 5734 950000 4750 424152 907500 384568
 4196.569949 18838 800 800 800 800 74 46 0 74 52 0 74 42 0 74 44 0 5734 950000 4750 423056 907500 383661
 4196.769946 18839 800 800 800 800 74 46 0 74 52 0 74 42 0 74 44 0 5734 950000 4750 423878 907500 383661
 4196.969948 18840 800 800 800 800 74 46 0 74 52 0 74 42 0 74 44 0 5734 950000 4750 424426 907500 384568
 4197.169963 18841 800 800 800 800 74 46 0 74 52 0 74 42 0 74 44 0 5734 950000 4750 424426 907500 384568
 4197.369946 18842 800 800 800 800 74 46 0 74 52 0 74 42 0 74 44 0 5734 950000 4750 424974 907500 384568
 4197.569946 18843 800 800 800 800 74 46 0 74 52 0 74 42 0 74 44 0 5734 950000 4750 424974 907500 384568
 4197.769946 18844 800 800 800 800 74 46 0 74 52 0 74 42 0 74 44 0 5734 950000 4750 423878 907500 383661
 4197.969947 18845 800 800 800 800 74 46 0 74 52 0 74 42 0 74 44 0 5734 950000 4750 423878 907500 383661
 4198.169965 18846 800 800 800 800 74 46 0 74 52 0 74 42 0 74 44 0 5734 950000 4750 423330 907500 383661
 4198.369947 18847 800 800 800 800 74 46 0 74 52 0 74 42 0 74 44 0 5734 950000 4750 423878 907500 383661
 4198.569939 18848 800 800 800 800 74 46 0 74 52 0 74 42 0 74 44 0 5734 950000 4750 423604 907500 383661
 4198.769948 18849 800 800 800 800 74 46 0 74 52 0 74 42 0 74 44 0 5734 950000 4750 423604 907500 383661
 4198.969947 18850 800 800 800 800 74 46 0 74 52 0 74 42 0 74 44 0 5734 950000 4750 424426 907500 384568
 4199.169963 18851 800 800 800 800 74 46 0 74 52 0 74 42 0 74 44 0 5734 950000 4750 424426 907500 384568
 4199.369947 18852 800 800 800 800 74 46 0 74 52 0 74 42 0 74 44 0 5734 950000 4750 424974 907500 384568
 4199.569949 18853 800 800 800 800 74 46 0 74 52 0 74 42 0 74 44 0 5734 950000 4750 424974 907500 384568
 4199.769947 18854 800 800 800 800 74 46 0 74 52 0 74 42 0 74 44 0 5734 950000 4750 422234 907500 382754
 4199.969948 18855 800 800 800 800 74 46 0 74 52 0 74 42 0 74 44 0 5734 950000 4750 423330 907500 383661
 4200.169964 18856 800 800 800 800 74 46 0 74 52 0 74 42 0 74 44 0 5978 950000 4750 422782 907500 382754
 4200.369947 18857 800 800 800 800 74 46 0 74 52 0 74 42 0 74 44 0 5978 950000 4750 422782 907500 382754
 4200.569947 18858 800 800 800 800 74 46 0 74 52 0 74 42 0 74 44 0 5734 950000 4750 423056 907500 383661
 4200.769947 18859 800 800 800 800 74 46 0 74 52 0 74 42 0 74 44 0 5734 950000 4750 423604 907500 383661
 4200.969940 18860 800 800 800 800 74 46 0 74 52 0 74 42 0 74 44 0 5978 950000 4750 423878 907500 383661
 4201.169945 18861 800 800 800 800 74 46 0 74 52 0 74 42 0 74 44 0 5978 950000 4750 423878 907500 383661
 4201.369947 18862 800 800 800 800 74 46 0 74 52 0 74 42 0 74 44 0 5734 950000 4750 424426 907500 384568
 4201.569947 18863 800 800 800 800 74 46 0 74 52 0 74 42 0 74 44 0 5734 950000 4750 423330 907500 383661
 4201.769946 18864 800 800 800 800 74 46 0 74 52 0 74 42 0 74 44 0 5978 950000 4750 422508 907500 382754
 4201.969922 18865 800 800 800 800 74 46 0 74 52 0 74 42 0 74 44 0 5734 950000 4750 422508 907500 382754
 4202.169963 18866 800 800 800 800 74 46 0 74 52 0 74 42 0 74 44 0 5734 950000 4750 422508 907500 382754
 4202.369949 18867 800 800 800 800 74 46 0 74 52 0 74 42 0 74 44 0 5734 950000 4750 423330 907500 383661
 4202.569949 18868 800 800 800 800 74 46 0 74 52 0 74 42 0 74 44 0 5734 950000 4750 423604 907500 383661
 4202.769946 18869 800 800 800 800 74 46 0 74 52 0 74 42 0 74 44 0 5734 950000 4750 424152 907500 384568
 4202.969949 18870 800 800 800 800 74 46 0 74 52 0 74 42 0 74 44 0 5734 950000 4750 424152 907500 384568
 4203.169963 18871 800 800 800 800 74 46 0 74 52 0 74 42 0 74 44 0 5978 950000 4750 423604 907500 383661
 4203.369940 18872 800 800 800 800 74 46 0 74 52 0 74 42 0 74 44 0 5734 950000 4750 423604 907500 383661
 4203.569946 18873 800 800 800 800 74 46 0 74 52 0 74 42 0 74 44 0 5734 950000 4750 422508 907500 382754
 4203.769947 18874 800 800 800 800 74 46 0 74 52 0 74 42 0 74 44 0 5734 950000 4750 422508 907500 382754
 4203.969947 18875 800 800 800 800 74 46 0 74 52 0 74 42 0 74 44 0 5734 950000 4750 422782 907500 382754
 4204.169965 18876 800 800 800 800 74 46 0 74 52 0 74 42 0 74 44 0 5978 950000 4750 423604 907500 383661
 4204.369947 18877 800 800 800 800 74 46 0 74 52 0 74 42 0 74 44 0 5734 950000 4750 424974 907500 384568
 4204.569947 18878 800 800 800 800 74 46 0 74 52 0 74 42 0 74 44 0 5734 950000 4750 424974 907500 384568
 4204.769947 18879 800 800 800 800 74 46 0 74 52 0 74 42 0 74 44 0 5978 950000 4750 425522 907500 385475
 4204.969947 18880 800 800 800 800 74 46 0 74 52 0 74 42 0 74 44 0 5978 950000 4750 424974 907500 384568
 4205.169962 18881 800 800 800 800 74 46 0 74 52 0 74 42 0 74 44 0 5978 950000 4750 424700 907500 384568
 4205.369948 18882 800 800 800 800 74 46 0 74 52 0 74 42 0 74 44 0 5978 950000 4750 424700 907500 384568
 4205.569949 18883 800 800 800 800 74 46 0 74 52 0 74 42 0 74 44 0 5978 950000 4750 424700 907500 384568
 4205.769940 18884 800 800 800 800 74 46 0 74 52 0 74 42 0 74 44 0 5734 950000 4750 423330 907500 383661
 4205.969947 18885 800 800 800 800 74 46 0 74 52 0 74 42 0 74 44 0 5978 950000 4750 423056 907500 383661
 4206.169964 18886 800 800 800 800 74 46 0 74 52 0 74 42 0 74 44 0 5978 950000 4750 423056 907500 383661
 4206.369946 18887 800 800 800 800 74 46 0 74 52 0 74 42 0 74 44 0 5734 950000 4750 424974 907500 384568
 4206.569948 18888 800 800 800 800 74 46 0 74 52 0 74 42 0 74 44 0 5734 950000 4750 424700 907500 384568
 4206.769945 18889 800 800 800 800 74 46 0 74 52 0 74 42 0 74 44 0 5734 950000 4750 424426 907500 384568
 4206.969948 18890 800 800 800 800 74 46 0 74 52 0 74 42 0 74 44 0 5734 950000 4750 424426 907500 384568
 4207.169963 18891 800 800 800 800 74 46 0 74 52 0 74 42 0 74 44 0 5978 950000 4750 424974 907500 384568
 4207.369946 18892 800 800 800 800 74 46 0 74 52 0 74 42 0 74 44 0 5978 950000 4750 424152 907500 384568
 4207.569946 18893 800 800 800 800 74 46 0 74 52 0 74 42 0 74 44 0 5734 950000 4750 423330 907500 383661
 4207.769928 18894 800 800 800 800 74 46 0 74 52 0 74 42 0 74 44 0 5734 950000 4750 423330 907500 383661
 4207.969948 18895 800 800 800 800 74 46 0 74 52 0 74 42 0 74 44 0 5734 950000 4750 424700 907500 384568
 4208.169940 18896 800 800 800 800 74 46 0 74 52 0 74 42 0 74 44 0 5734 950000 4750 423878 907500 383661
 4208.369947 18897 800 800 800 800 74 46 0 74 52 0 74 42 0 74 44 0 5734 950000 4750 425248 907500 385475
 4208.569949 18898 800 800 800 800 74 46 0 74 52 0 74 42 0 74 44 0 5978 950000 4750 424974 907500 384568
 4208.769947 18899 800 800 800 800 74 46 0 74 52 0 74 42 0 74 44 0 5978 950000 4750 424974 907500 384568
 4208.969948 18900 800 800 800 800 74 46 0 74 52 0 74 42 0 74 44 0 5734 950000 4750 424152 907500 384568
 4209.169964 18901 800 800 800 800 74 46 0 74 52 0 74 42 0 74 44 0 5734 950000 4750 422508 907500 382754
 4209.369946 18902 800 800 800 800 74 46 0 74 52 0 74 42 0 74 44 0 5734 950000 4750 422508 907500 382754
 4209.569947 18903 800 800 800 800 74 46 0 74 52 0 74 42 0 74 44 0 5734 950000 4750 422508 907500 382754
 4209.769947 18904 800 800 800 800 74 46 0 74 52 0 74 42 0 74 44 0 5734 950000 4750 423056 907500 383661
 4209.969947 18905 800 800 800 800 74 46 0 74 52 0 74 42 0 74 44 0 5734 950000 4750 423330 907500 383661
 4210.169964 18906 800 800 800 800 74 46 0 74 52 0 74 42 0 74 44 0 5978 950000 4750 423878 907500 383661
 4210.369947 18907 800 800 800 800 74 46 0 74 52 0 74 42 0 74 44 0 5978 950000 4750 423878 907500 383661
 4210.569941 18908 800 800 800 800 74 46 0 74 52 0 74 42 0 74 44 0 5734 950000 4750 424426 907500 384568
 4210.769948 18909 800 800 800 800 74 46 0 74 52 0 74 42 0 74 44 0 5734 950000 4750 424426 907500 384568
 4210.969947 18910 800 800 800 800 74 46 0 74 52 0 74 42 0 74 44 0 5978 950000 4750 422508 907500 382754
 4211.169965 18911 800 800 800 800 74 46 0 74 52 0 74 42 0 74 44 0 5978 950000 4750 422508 907500 382754
 4211.369946 18912 800 800 800 800 74 46 0 74 52 0 74 42 0 74 44 0 5978 950000 4750 422508 907500 382754
 4211.569950 18913 800 800 800 800 74 46 0 74 52 0 74 42 0 74 44 0 5734 950000 4750 422508 907500 382754
 4211.769946 18914 800 800 800 800 74 46 0 74 52 0 74 42 0 74 44 0 5734 950000 4750 422508 907500 382754
 4211.969947 18915 800 800 800 800 74 46 0 74 52 0 74 42 0 74 44 0 5734 950000 4750 422508 907500 382754
 4212.169962 18916 800 800 800 800 74 46 0 74 52 0 74 42 0 74 44 0 5734 950000 4750 424152 907500 384568
 4212.369947 18917 800 800 800 800 74 46 0 74 52 0 74 42 0 74 44 0 5978 950000 4750 423604 907500 383661
 4212.569946 18918 800 800 800 800 74 46 0 74 52 0 74 42 0 74 44 0 5734 950000 4750 423878 907500 383661
 4212.769947 18919 800 800 800 800 74 46 0 74 52 0 74 42 0 74 44 0 5734 950000 4750 423878 907500 383661
 4212.969945 18920 800 800 800 800 74 46 0 74 52 0 74 42 0 74 44 0 5734 950000 4750 423056 907500 383661
 4213.169964 18921 800 800 800 800 74 46 0 74 52 0 74 42 0 74 44 0 5978 950000 4750 422782 907500 382754
 4213.369946 18922 800 800 800 800 74 46 0 74 52 0 74 42 0 74 44 0 5734 950000 4750 422782 907500 382754
 4213.569947 18923 800 800 800 800 74 46 0 74 52 0 74 42 0 74 44 0 5734 950000 4750 422782 907500 382754
 4213.769946 18924 800 800 800 800 74 46 0 74 52 0 74 42 0 74 44 0 5978 950000 4750 423330 907500 383661
 4213.969962 18925 800 800 800 800 74 46 0 74 52 0 74 42 0 74 44 0 5978 950000 4750 424974 907500 384568
 4214.169963 18926 800 800 800 800 74 46 0 74 52 0 74 42 0 74 44 0 5734 950000 4750 426344 907500 386382
 4214.369923 18927 800 800 800 800 74 46 0 74 52 0 74 42 0 74 44 0 5734 950000 4750 424426 907500 384568
 4214.569950 18928 800 800 800 800 74 46 0 74 52 0 74 42 0 74 44 0 5734 950000 4750 424426 907500 384568
 4214.769947 18929 800 800 800 800 74 46 0 74 52 0 74 42 0 74 44 0 5734 950000 4750 424700 907500 384568
 4214.969963 18930 800 800 800 800 74 46 0 74 52 0 74 42 0 74 44 0 5978 950000 4750 423604 907500 383661
 4215.169938 18931 800 800 800 800 74 46 0 74 52 0 74 42 0 74 44 0 5734 950000 4750 423878 907500 383661
 4215.369948 18932 800 800 800 800 74 46 0 74 52 0 74 42 0 74 44 0 5734 950000 4750 423878 907500 383661
 4215.569947 18933 800 800 800 800 74 46 0 74 52 0 74 42 0 74 44 0 5978 950000 4750 423330 907500 383661
 4215.769947 18934 800 800 800 800 74 46 0 74 52 0 74 42 0 74 44 0 5978 950000 4750 424700 907500 384568
 4215.969955 18935 800 800 800 800 74 46 0 74 52 0 74 42 0 74 44 0 5734 950000 4750 424426 907500 384568
 4216.169962 18936 800 800 800 800 74 46 0 74 52 0 74 42 0 74 44 0 5734 950000 4750 424426 907500 384568
 4216.369946 18937 800 800 800 800 74 46 0 74 52 0 74 42 0 74 44 0 5734 950000 4750 425248 907500 385475
 4216.569947 18938 800 800 800 800 74 46 0 74 52 0 74 42 0 74 44 0 5734 950000 4750 425248 907500 385475
 4216.769947 18939 800 800 800 800 74 46 0 74 52 0 74 42 0 74 44 0 5978 950000 4750 423330 907500 383661
 4216.969949 18940 800 800 800 800 74 46 0 74 52 0 74 42 0 74 44 0 5978 950000 4750 423330 907500 383661
 4217.169963 18941 800 800 800 800 74 46 0 74 52 0 74 42 0 74 44 0 5734 950000 4750 423878 907500 383661
 4217.369947 18942 800 800 800 800 74 46 0 74 52 0 74 42 0 74 44 0 5734 950000 4750 424426 907500 384568
 4217.569939 18943 800 800 800 800 74 46 0 74 52 0 74 42 0 74 44 0 5978 950000 4750 424700 907500 384568
 4217.769946 18944 800 800 800 800 74 46 0 74 52 0 74 42 0 74 44 0 5978 950000 4750 424700 907500 384568
 4217.969929 18945 800 800 800 800 74 46 0 74 52 0 74 42 0 74 44 0 5978 950000 4750 424152 907500 384568
 4218.169963 18946 800 800 800 800 74 46 0 74 52 0 74 42 0 74 44 0 5734 950000 4750 425248 907500 385475
 4218.369946 18947 800 800 800 800 74 46 0 74 52 0 74 42 0 74 44 0 5734 950000 4750 424974 907500 384568
 4218.569948 18948 800 800 800 800 74 46 0 74 52 0 74 42 0 74 44 0 5734 950000 4750 424974 907500 384568
 4218.769946 18949 800 800 800 800 74 46 0 74 52 0 74 42 0 74 44 0 5978 950000 4750 422782 907500 382754
 4218.969929 18950 800 800 800 800 74 46 0 74 52 0 74 42 0 74 44 0 5734 950000 4750 423056 907500 383661
 4219.169964 18951 800 800 800 800 74 46 0 74 52 0 74 42 0 74 44 0 5734 950000 4750 422508 907500 382754
 4219.369946 18952 800 800 800 800 74 46 0 74 52 0 74 42 0 74 44 0 5734 950000 4750 422508 907500 382754
 4219.569946 18953 800 800 800 800 74 46 0 74 52 0 74 42 0 74 44 0 5978 950000 4750 423604 907500 383661
 4219.769947 18954 800 800 800 800 74 46 0 74 52 0 74 42 0 74 44 0 5978 950000 4750 424426 907500 384568
 4219.969923 18955 800 800 800 800 74 46 0 74 52 0 74 42 0 74 44 0 5734 950000 4750 423604 907500 383661
 4220.169947 18956 800 800 800 800 74 46 0 74 52 0 74 42 0 74 44 0 5734 950000 4750 423604 907500 383661
 4220.369946 18957 800 800 800 800 74 46 0 74 52 0 74 42 0 74 44 0 5734 950000 4750 424152 907500 384568
 4220.569951 18958 800 800 800 800 74 46 0 74 52 0 74 42 0 74 44 0 5734 950000 4750 422782 907500 382754
 4220.769947 18959 800 800 800 800 74 46 0 74 52 0 74 42 0 74 44 0 5734 950000 4750 423604 907500 383661
 4220.969922 18960 800 800 800 800 74 46 0 74 52 0 74 42 0 74 44 0 5734 950000 4750 423056 907500 383661
 4221.169966 18961 800 800 800 800 74 46 0 74 52 0 74 42 0 74 44 0 5734 950000 4750 423056 907500 383661
 4221.369949 18962 800 800 800 800 74 46 0 74 52 0 74 42 0 74 44 0 5734 950000 4750 423330 907500 383661
 4221.569947 18963 800 800 800 800 74 46 0 74 52 0 74 42 0 74 44 0 5734 950000 4750 424152 907500 384568
 4221.769947 18964 800 800 800 800 74 46 0 74 52 0 74 42 0 74 44 0 5978 950000 4750 424152 907500 384568
 4221.969930 18965 800 800 800 800 74 46 0 74 52 0 74 42 0 74 44 0 5978 950000 4750 424152 907500 384568
 4222.169963 18966 800 800 800 800 74 46 0 74 52 0 74 42 0 74 44 0 5734 950000 4750 423878 907500 383661
 4222.369940 18967 800 800 800 800 74 46 0 74 52 0 74 42 0 74 44 0 5978 950000 4750 423056 907500 383661
 4222.569947 18968 800 800 800 800 74 46 0 74 52 0 74 42 0 74 44 0 5734 950000 4750 422782 907500 382754
 4222.769947 18969 800 800 800 800 74 46 0 74 52 0 74 42 0 74 44 0 5734 950000 4750 422782 907500 382754
 4222.969930 18970 800 800 800 800 74 46 0 74 52 0 74 42 0 74 44 0 5978 950000 4750 422782 907500 382754
 4223.169963 18971 800 800 800 800 74 46 0 74 52 0 74 42 0 74 44 0 5734 950000 4750 423878 907500 383661
 4223.369948 18972 800 800 800 800 74 46 0 74 52 0 74 42 0 74 44 0 5734 950000 4750 423878 907500 383661
 4223.569950 18973 800 800 800 800 74 46 0 74 52 0 74 42 0 74 44 0 5734 950000 4750 423878 907500 383661
 4223.769947 18974 800 800 800 800 74 46 0 74 52 0 74 42 0 74 44 0 5734 950000 4750 424700 907500 384568
 4223.969929 18975 800 800 800 800 74 46 0 74 52 0 74 42 0 74 44 0 5734 950000 4750 424700 907500 384568
 4224.169964 18976 800 800 800 800 74 46 0 74 52 0 74 42 0 74 44 0 5734 950000 4750 423878 907500 383661
 4224.369947 18977 800 800 800 800 74 46 0 74 52 0 74 42 0 74 44 0 5734 950000 4750 423878 907500 383661
 4224.569947 18978 800 800 800 800 74 46 0 74 52 0 74 42 0 74 44 0 5978 950000 4750 424152 907500 384568
 4224.769940 18979 800 800 800 800 74 46 0 74 52 0 74 42 0 74 44 0 5978 950000 4750 423878 907500 383661
 4224.969930 18980 800 800 800 800 74 46 0 74 52 0 74 42 0 74 44 0 5978 950000 4750 423330 907500 383661
 4225.169969 18981 800 800 800 800 74 46 0 74 52 0 74 42 0 74 44 0 5978 950000 4750 423330 907500 383661
 4225.369948 18982 800 800 800 800 74 46 0 74 52 0 74 42 0 74 44 0 5734 950000 4750 425522 907500 385475
 4225.569947 18983 800 800 800 800 74 46 0 74 52 0 74 42 0 74 44 0 5734 950000 4750 424700 907500 384568
 4225.769948 18984 800 800 800 800 74 46 0 74 52 0 74 42 0 74 44 0 5734 950000 4750 424700 907500 384568
 4225.969930 18985 800 800 800 800 74 46 0 74 52 0 74 42 0 74 44 0 5734 950000 4750 424700 907500 384568
 4226.169957 18986 800 800 800 800 74 46 0 74 52 0 74 42 0 74 44 0 5734 950000 4750 423878 907500 383661
 4226.369947 18987 800 800 800 800 74 46 0 74 52 0 74 42 0 74 44 0 5734 950000 4750 424974 907500 384568
 4226.569950 18988 800 800 800 800 74 46 0 74 52 0 74 42 0 74 44 0 5978 950000 4750 423878 907500 383661
 4226.769928 18989 800 800 800 800 74 46 0 74 52 0 74 42 0 74 44 0 5978 950000 4750 423878 907500 383661
 4226.969930 18990 800 800 800 800 74 46 0 74 52 0 74 42 0 74 44 0 5734 950000 4750 423604 907500 383661
 4227.169940 18991 800 800 800 800 74 46 0 74 52 0 74 42 0 74 44 0 5734 950000 4750 425248 907500 385475
 4227.369947 18992 800 800 800 800 74 46 0 74 52 0 74 42 0 74 44 0 5978 950000 4750 424426 907500 384568
 4227.569947 18993 800 800 800 800 74 46 0 74 52 0 74 42 0 74 44 0 5734 950000 4750 424152 907500 384568
 4227.769947 18994 800 800 800 800 74 46 0 74 52 0 74 42 0 74 44 0 5734 950000 4750 424152 907500 384568
 4227.969929 18995 800 800 800 800 74 46 0 74 52 0 74 42 0 74 44 0 5734 950000 4750 424152 907500 384568
 4228.169962 18996 800 800 800 800 74 46 0 74 52 0 74 42 0 74 44 0 5734 950000 4750 424700 907500 384568
 4228.369939 18997 800 800 800 800 74 46 0 74 52 0 74 42 0 74 44 0 5734 950000 4750 423330 907500 383661
 4228.569947 18998 800 800 800 800 74 46 0 74 52 0 74 42 0 74 44 0 5734 950000 4750 423330 907500 383661
 4228.769948 18999 800 800 800 800 74 46 0 74 52 0 74 42 0 74 44 0 5734 950000 4750 423330 907500 383661
 4228.969930 19000 800 800 800 800 74 46 0 74 52 0 74 42 0 74 44 0 5734 950000 4750 424152 907500 384568
 4229.169963 19001 800 800 800 800 74 46 0 74 52 0 74 42 0 74 44 0 5734 950000 4750 424152 907500 384568
 4229.369948 19002 800 800 800 800 74 46 0 74 52 0 74 42 0 74 44 0 5734 950000 4750 424152 907500 384568
 4229.569945 19003 800 800 800 800 74 46 0 74 52 0 74 42 0 74 44 0 5734 950000 4750 423604 907500 383661
 4229.769948 19004 800 800 800 800 74 46 0 74 52 0 74 42 0 74 44 0 5734 950000 4750 422782 907500 382754
 4229.969928 19005 800 800 800 800 74 46 0 74 52 0 74 42 0 74 44 0 5734 950000 4750 423604 907500 383661
 4230.169968 19006 800 800 800 800 74 46 0 74 52 0 74 42 0 74 44 0 5734 950000 4750 423604 907500 383661
 4230.369947 19007 800 800 800 800 74 46 0 74 52 0 74 42 0 74 44 0 5734 950000 4750 422782 907500 382754
 4230.569947 19008 800 800 800 800 74 46 0 74 52 0 74 42 0 74 44 0 5734 950000 4750 423056 907500 383661
 4230.769939 19009 800 800 800 800 74 46 0 74 52 0 74 42 0 74 44 0 5978 950000 4750 423878 907500 383661
 4230.969930 19010 800 800 800 800 74 46 0 74 52 0 74 42 0 74 44 0 5978 950000 4750 423878 907500 383661
 4231.169964 19011 800 800 800 800 74 46 0 74 52 0 74 42 0 74 44 0 5734 950000 4750 423604 907500 383661
 4231.369948 19012 800 800 800 800 74 46 0 74 52 0 74 42 0 74 44 0 5978 950000 4750 424152 907500 384568
 4231.569947 19013 800 800 800 800 74 46 0 74 52 0 74 42 0 74 44 0 5734 950000 4750 423604 907500 383661
 4231.769948 19014 800 800 800 800 74 46 0 74 52 0 74 42 0 74 44 0 5734 950000 4750 423604 907500 383661
 4231.969923 19015 800 800 800 800 74 46 0 74 52 0 74 42 0 74 44 0 5978 950000 4750 423056 907500 383661
 4232.169964 19016 800 800 800 800 74 46 0 74 52 0 74 42 0 74 44 0 5734 950000 4750 422782 907500 382754
 4232.369946 19017 800 800 800 800 74 46 0 74 52 0 74 42 0 74 44 0 5978 950000 4750 424426 907500 384568
 4232.569950 19018 800 800 800 800 74 46 0 74 52 0 74 42 0 74 44 0 5978 950000 4750 424426 907500 384568
 4232.769947 19019 800 800 800 800 74 46 0 74 52 0 74 42 0 74 44 0 5734 950000 4750 423878 907500 383661
 4232.969929 19020 800 800 800 800 74 46 0 74 52 0 74 42 0 74 44 0 5734 950000 4750 424152 907500 384568
 4233.169940 19021 800 800 800 800 74 46 0 74 52 0 74 42 0 74 44 0 5978 950000 4750 424152 907500 384568
 4233.369922 19022 800 800 800 800 74 46 0 74 52 0 74 42 0 74 44 0 5734 950000 4750 424974 907500 384568
 4233.569948 19023 800 800 800 800 74 46 0 74 52 0 74 42 0 74 44 0 5734 950000 4750 424974 907500 384568
 4233.769947 19024 800 800 800 800 74 46 0 74 52 0 74 42 0 74 44 0 5734 950000 4750 423330 907500 383661
 4233.969930 19025 800 800 800 800 74 46 0 74 52 0 74 42 0 74 44 0 5734 950000 4750 423330 907500 383661
 4234.169962 19026 800 800 800 800 74 46 0 74 52 0 74 42 0 74 44 0 5734 950000 4750 423878 907500 383661
 4234.369946 19027 800 800 800 800 74 46 0 74 52 0 74 42 0 74 44 0 5734 950000 4750 423878 907500 383661
 4234.569947 19028 800 800 800 800 74 46 0 74 52 0 74 42 0 74 44 0 5734 950000 4750 424974 907500 384568
 4234.769947 19029 800 800 800 800 74 46 0 74 52 0 74 42 0 74 44 0 5734 950000 4750 424426 907500 384568
 4234.969929 19030 800 800 800 800 74 46 0 74 52 0 74 42 0 74 44 0 5734 950000 4750 424974 907500 384568
 4235.169964 19031 800 800 800 800 74 46 0 74 52 0 74 42 0 74 44 0 5734 950000 4750 424974 907500 384568
 4235.369947 19032 800 800 800 800 74 46 0 74 52 0 74 42 0 74 44 0 5734 950000 4750 425522 907500 385475
 4235.569940 19033 800 800 800 800 74 46 0 74 52 0 74 42 0 74 44 0 5978 950000 4750 423330 907500 383661
 4235.769947 19034 800 800 800 800 74 46 0 74 52 0 74 42 0 74 44 0 5734 950000 4750 423604 907500 383661
 4235.969932 19035 800 800 800 800 74 46 0 74 52 0 74 42 0 74 44 0 5734 950000 4750 423604 907500 383661
 4236.169963 19036 800 800 800 800 74 46 0 74 52 0 74 42 0 74 44 0 5978 950000 4750 423330 907500 383661
 4236.369947 19037 800 800 800 800 74 46 0 74 52 0 74 42 0 74 44 0 5734 950000 4750 422782 907500 382754
 4236.569947 19038 800 800 800 800 74 46 0 74 52 0 74 42 0 74 44 0 5734 950000 4750 424700 907500 384568
 4236.769947 19039 800 800 800 800 74 46 0 74 52 0 74 42 0 74 44 0 5734 950000 4750 424700 907500 384568
 4236.969929 19040 800 800 800 800 74 46 0 74 52 0 74 42 0 74 44 0 5734 950000 4750 424974 907500 384568
 4237.169963 19041 800 800 800 800 74 46 0 74 52 0 74 42 0 74 44 0 5734 950000 4750 424974 907500 384568
 4237.369947 19042 800 800 800 800 74 46 0 74 52 0 74 42 0 74 44 0 5978 950000 4750 423878 907500 383661
 4237.569948 19043 800 800 800 800 74 46 0 74 52 0 74 42 0 74 44 0 5978 950000 4750 423878 907500 383661
 4237.769947 19044 800 800 800 800 74 46 0 74 52 0 74 42 0 74 44 0 5734 950000 4750 423604 907500 383661
 4237.969922 19045 800 800 800 800 74 46 0 74 52 0 74 42 0 74 44 0 5734 950000 4750 423056 907500 383661
 4238.169963 19046 800 800 800 800 74 46 0 74 52 0 74 42 0 74 44 0 5734 950000 4750 422782 907500 382754
 4238.369947 19047 800 800 800 800 74 46 0 74 52 0 74 42 0 74 44 0 5734 950000 4750 422782 907500 382754
 4238.569950 19048 800 800 800 800 74 46 0 74 52 0 74 42 0 74 44 0 5978 950000 4750 423604 907500 383661
 4238.769947 19049 800 800 800 800 74 46 0 74 52 0 74 42 0 74 44 0 5734 950000 4750 424152 907500 384568
 4238.969929 19050 800 800 800 800 74 46 0 74 52 0 74 42 0 74 44 0 5734 950000 4750 423878 907500 383661
 4239.169948 19051 800 800 800 800 74 46 0 74 52 0 74 42 0 74 44 0 5734 950000 4750 423878 907500 383661
 4239.369947 19052 800 800 800 800 74 46 0 74 52 0 74 42 0 74 44 0 5978 950000 4750 424152 907500 384568
 4239.569947 19053 800 800 800 800 74 46 0 74 52 0 74 42 0 74 44 0 5734 950000 4750 422508 907500 382754
 4239.769948 19054 800 800 800 800 74 46 0 74 52 0 74 42 0 74 44 0 5734 950000 4750 423056 907500 383661
 4239.969922 19055 800 800 800 800 74 46 0 74 52 0 74 42 0 74 44 0 5978 950000 4750 423056 907500 383661
 4240.169964 19056 800 800 800 800 74 46 0 74 52 0 74 42 0 74 44 0 5978 950000 4750 423056 907500 383661
 4240.369940 19057 800 800 800 800 74 46 0 74 52 0 74 42 0 74 44 0 5734 950000 4750 424426 907500 384568
 4240.569947 19058 800 800 800 800 74 46 0 74 52 0 74 42 0 74 44 0 5734 950000 4750 423878 907500 383661
 4240.769946 19059 800 800 800 800 74 46 0 74 52 0 74 42 0 74 44 0 5978 950000 4750 424152 907500 384568
 4240.969929 19060 800 800 800 800 74 46 0 74 52 0 74 42 0 74 44 0 5978 950000 4750 424152 907500 384568
 4241.169964 19061 800 800 800 800 74 46 0 74 52 0 74 42 0 74 44 0 5734 950000 4750 424152 907500 384568
 4241.369946 19062 800 800 800 800 74 46 0 74 52 0 74 42 0 74 44 0 5734 950000 4750 424152 907500 384568
 4241.569950 19063 800 800 800 800 74 46 0 74 52 0 74 42 0 74 44 0 5734 950000 4750 423330 907500 383661
 4241.769948 19064 800 800 800 800 74 46 0 74 52 0 74 42 0 74 44 0 5734 950000 4750 423330 907500 383661
 4241.969930 19065 800 800 800 800 74 46 0 74 52 0 74 42 0 74 44 0 5734 950000 4750 423056 907500 383661
 4242.169963 19066 800 800 800 800 74 46 0 74 52 0 74 42 0 74 44 0 5978 950000 4750 424700 907500 384568
 4242.369947 19067 800 800 800 800 74 46 0 74 52 0 74 42 0 74 44 0 5734 950000 4750 425796 907500 385475
 4242.569948 19068 800 800 800 800 74 46 0 74 52 0 74 42 0 74 44 0 5734 950000 4750 425796 907500 385475
 4242.769940 19069 800 800 800 800 74 46 0 74 52 0 74 42 0 74 44 0 5734 950000 4750 423878 907500 383661
 4242.969929 19070 800 800 800 800 74 46 0 74 52 0 74 42 0 74 44 0 5978 950000 4750 424426 907500 384568
 4243.169958 19071 800 800 800 800 74 46 0 74 52 0 74 42 0 74 44 0 5734 950000 4750 424700 907500 384568
 4243.369948 19072 800 800 800 800 74 46 0 74 52 0 74 42 0 74 44 0 5734 950000 4750 424700 907500 384568
 4243.569947 19073 800 800 800 800 74 46 0 74 52 0 74 42 0 74 44 0 5978 950000 4750 423604 907500 383661
 4243.769947 19074 800 800 800 800 74 46 0 74 52 0 74 42 0 74 44 0 5978 950000 4750 423330 907500 383661
 4243.969948 19075 800 800 800 800 74 46 0 74 52 0 74 42 0 74 44 0 5734 950000 4750 424426 907500 384568
 4244.169964 19076 800 800 800 800 74 46 0 74 52 0 74 42 0 74 44 0 5734 950000 4750 424426 907500 384568
 4244.369948 19077 800 800 800 800 74 46 0 74 52 0 74 42 0 74 44 0 5734 950000 4750 425248 907500 385475
 4244.569949 19078 800 800 800 800 74 46 0 74 52 0 74 42 0 74 44 0 5978 950000 4750 425248 907500 385475
 4244.769946 19079 800 800 800 800 74 46 0 74 52 0 74 42 0 74 44 0 5734 950000 4750 425522 907500 385475
 4244.969947 19080 800 800 800 800 74 46 0 74 52 0 74 42 0 74 44 0 5734 950000 4750 425522 907500 385475
 4245.169958 19081 800 800 800 800 74 46 0 74 52 0 74 42 0 74 44 0 5734 950000 4750 423330 907500 383661
 4245.369947 19082 800 800 800 800 74 46 0 74 52 0 74 42 0 74 44 0 5978 950000 4750 423878 907500 383661
 4245.569947 19083 800 800 800 800 74 46 0 74 52 0 74 42 0 74 44 0 5734 950000 4750 423878 907500 383661
 4245.769929 19084 800 800 800 800 74 46 0 74 52 0 74 42 0 74 44 0 5734 950000 4750 423878 907500 383661
 4245.969947 19085 800 800 800 800 74 46 0 74 52 0 74 42 0 74 44 0 5734 950000 4750 423330 907500 383661
 4246.169965 19086 800 800 800 800 74 46 0 74 52 0 74 42 0 74 44 0 5734 950000 4750 424974 907500 384568
 4246.369947 19087 800 800 800 800 74 46 0 74 52 0 74 42 0 74 44 0 5734 950000 4750 424974 907500 384568
 4246.569946 19088 800 800 800 800 74 46 0 74 52 0 74 42 0 74 44 0 5734 950000 4750 424974 907500 384568
 4246.769947 19089 800 800 800 800 74 46 0 74 52 0 74 42 0 74 44 0 5734 950000 4750 424974 907500 384568
 4246.969947 19090 800 800 800 800 74 46 0 74 52 0 74 42 0 74 44 0 5734 950000 4750 423330 907500 383661
 4247.169962 19091 800 800 800 800 74 46 0 74 52 0 74 42 0 74 44 0 5734 950000 4750 423878 907500 383661
 4247.369939 19092 800 800 800 800 74 46 0 74 52 0 74 42 0 74 44 0 5734 950000 4750 423604 907500 383661
 4247.569951 19093 800 800 800 800 74 46 0 74 52 0 74 42 0 74 44 0 5734 950000 4750 423604 907500 383661
 4247.769947 19094 800 800 800 800 74 46 0 74 52 0 74 42 0 74 44 0 5978 950000 4750 424426 907500 384568
 4247.969947 19095 800 800 800 800 74 46 0 74 52 0 74 42 0 74 44 0 5734 950000 4750 424974 907500 384568
 4248.169962 19096 800 800 800 800 74 46 0 74 52 0 74 42 0 74 44 0 5734 950000 4750 424426 907500 384568
 4248.369948 19097 800 800 800 800 74 46 0 74 52 0 74 42 0 74 44 0 5734 950000 4750 424426 907500 384568
 4248.569948 19098 800 800 800 800 74 46 0 74 52 0 74 42 0 74 44 0 5734 950000 4750 424974 907500 384568
 4248.769948 19099 800 800 800 800 74 46 0 74 52 0 74 42 0 74 44 0 5734 950000 4750 423604 907500 383661
 4248.969947 19100 800 800 800 800 74 46 0 74 52 0 74 42 0 74 44 0 5734 950000 4750 423330 907500 383661
 4249.169968 19101 800 800 800 800 74 46 0 74 52 0 74 42 0 74 44 0 5734 950000 4750 423330 907500 383661
 4249.369948 19102 800 800 800 800 74 46 0 74 52 0 74 42 0 74 44 0 5734 950000 4750 423330 907500 383661
 4249.569947 19103 800 800 800 800 74 46 0 74 52 0 74 42 0 74 44 0 5734 950000 4750 422234 907500 382754
 4249.769939 19104 800 800 800 800 74 46 0 74 52 0 74 42 0 74 44 0 5734 950000 4750 424426 907500 384568
 4249.969947 19105 800 800 800 800 74 46 0 74 52 0 74 42 0 74 44 0 5734 950000 4750 424426 907500 384568
 4250.169963 19106 800 800 800 800 74 46 0 74 52 0 74 42 0 74 44 0 5734 950000 4750 424426 907500 384568
 4250.369947 19107 800 800 800 800 74 46 0 74 52 0 74 42 0 74 44 0 5734 950000 4750 424974 907500 384568
 4250.569950 19108 800 800 800 800 74 46 0 74 52 0 74 42 0 74 44 0 5734 950000 4750 424152 907500 384568
 4250.769947 19109 800 800 800 800 74 46 0 74 52 0 74 42 0 74 44 0 5734 950000 4750 424152 907500 384568
 4250.969946 19110 800 800 800 800 74 46 0 74 52 0 74 42 0 74 44 0 5978 950000 4750 423330 907500 383661
 4251.169963 19111 800 800 800 800 74 46 0 74 52 0 74 42 0 74 44 0 5734 950000 4750 424152 907500 384568
 4251.369947 19112 800 800 800 800 74 46 0 74 52 0 74 42 0 74 44 0 5734 950000 4750 423056 907500 383661
 4251.569947 19113 800 800 800 800 74 46 0 74 52 0 74 42 0 74 44 0 5734 950000 4750 423056 907500 383661
 4251.769947 19114 800 800 800 800 74 46 0 74 52 0 74 42 0 74 44 0 5734 950000 4750 424426 907500 384568
 4251.969948 19115 800 800 800 800 74 46 0 74 52 0 74 42 0 74 44 0 5734 950000 4750 423878 907500 383661
 4252.169940 19116 800 800 800 800 74 46 0 74 52 0 74 42 0 74 44 0 5978 950000 4750 424974 907500 384568
 4252.369869 19117 800 800 800 800 74 46 0 74 52 0 74 42 0 74 44 0 5734 950000 4750 424700 907500 384568
 4252.569948 19118 800 800 800 800 74 46 0 74 52 0 74 42 0 74 44 0 5734 950000 4750 424700 907500 384568
 4252.769950 19119 800 800 800 800 74 46 0 74 52 0 74 42 0 74 44 0 5734 950000 4750 423056 907500 383661
 4252.969947 19120 800 800 800 800 74 46 0 74 52 0 74 42 0 74 44 0 5734 950000 4750 423604 907500 383661
 4253.169962 19121 800 800 800 800 74 46 0 74 52 0 74 42 0 74 44 0 5734 950000 4750 424700 907500 384568
 4253.369947 19122 800 800 800 800 74 46 0 74 52 0 74 42 0 74 44 0 5734 950000 4750 424700 907500 384568
 4253.569950 19123 800 800 800 800 74 46 0 74 52 0 74 42 0 74 44 0 5734 950000 4750 424974 907500 384568
 4253.769947 19124 800 800 800 800 74 46 0 74 52 0 74 42 0 74 44 0 5734 950000 4750 424700 907500 384568
 4253.969948 19125 800 800 800 800 74 46 0 74 52 0 74 42 0 74 44 0 5734 950000 4750 424426 907500 384568
 4254.169968 19126 800 800 800 800 74 46 0 74 52 0 74 42 0 74 44 0 5734 950000 4750 424426 907500 384568
 4254.369947 19127 800 800 800 800 74 46 0 74 52 0 74 42 0 74 44 0 5734 950000 4750 424152 907500 384568
 4254.569940 19128 800 800 800 800 74 46 0 74 52 0 74 42 0 74 44 0 5734 950000 4750 423878 907500 383661
 4254.769947 19129 800 800 800 800 74 46 0 74 52 0 74 42 0 74 44 0 5734 950000 4750 423878 907500 383661
 4254.969946 19130 800 800 800 800 74 46 0 74 52 0 74 42 0 74 44 0 5734 950000 4750 423878 907500 383661
 4255.169964 19131 800 800 800 800 74 46 0 74 52 0 74 42 0 74 44 0 5734 950000 4750 424426 907500 384568
 4255.369948 19132 800 800 800 800 74 46 0 74 52 0 74 42 0 74 44 0 5734 950000 4750 424152 907500 384568
 4255.569946 19133 800 800 800 800 74 46 0 74 52 0 74 42 0 74 44 0 5734 950000 4750 424152 907500 384568
 4255.769947 19134 800 800 800 800 74 46 0 74 52 0 74 42 0 74 44 0 5734 950000 4750 424152 907500 384568
 4255.969947 19135 800 800 800 800 74 46 0 74 52 0 74 42 0 74 44 0 5978 950000 4750 424974 907500 384568
 4256.169963 19136 800 800 800 800 74 46 0 74 52 0 74 42 0 74 44 0 5734 950000 4750 424426 907500 384568
 4256.369946 19137 800 800 800 800 74 46 0 74 52 0 74 42 0 74 44 0 5734 950000 4750 424152 907500 384568
 4256.569950 19138 800 800 800 800 74 46 0 74 52 0 74 42 0 74 44 0 5734 950000 4750 424152 907500 384568
 4256.769947 19139 800 800 800 800 74 46 0 74 52 0 74 42 0 74 44 0 5978 950000 4750 424426 907500 384568
 4256.969941 19140 800 800 800 800 74 46 0 74 52 0 74 42 0 74 44 0 5734 950000 4750 423604 907500 383661
 4257.169962 19141 800 800 800 800 74 46 0 74 52 0 74 42 0 74 44 0 5978 950000 4750 423330 907500 383661
 4257.369948 19142 800 800 800 800 74 46 0 74 52 0 74 42 0 74 44 0 5978 950000 4750 423330 907500 383661
 4257.569947 19143 800 800 800 800 74 46 0 74 52 0 74 42 0 74 44 0 5734 950000 4750 424700 907500 384568
 4257.769948 19144 800 800 800 800 74 46 0 74 52 0 74 42 0 74 44 0 5978 950000 4750 424426 907500 384568
 4257.969946 19145 800 800 800 800 74 46 0 74 52 0 74 42 0 74 44 0 5734 950000 4750 424426 907500 384568
 4258.169948 19146 800 800 800 800 74 46 0 74 52 0 74 42 0 74 44 0 5734 950000 4750 424426 907500 384568
 4258.369946 19147 800 800 800 800 74 46 0 74 52 0 74 42 0 74 44 0 5734 950000 4750 423878 907500 383661
 4258.569947 19148 800 800 800 800 74 46 0 74 52 0 74 42 0 74 44 0 5734 950000 4750 424152 907500 384568
 4258.769946 19149 800 800 800 800 74 46 0 74 52 0 74 42 0 74 44 0 5978 950000 4750 422782 907500 382754
 4258.969921 19150 800 800 800 800 74 46 0 74 52 0 74 42 0 74 44 0 5734 950000 4750 423330 907500 383661
 4259.169965 19151 800 800 800 800 74 46 0 74 52 0 74 42 0 74 44 0 5734 950000 4750 423330 907500 383661
 4259.369941 19152 800 800 800 800 74 46 0 74 52 0 74 42 0 74 44 0 5734 950000 4750 424426 907500 384568
 4259.569950 19153 800 800 800 800 74 46 0 74 52 0 74 42 0 74 44 0 5978 950000 4750 425248 907500 385475
 4259.769947 19154 800 800 800 800 74 46 0 74 52 0 74 42 0 74 44 0 5978 950000 4750 424152 907500 384568
 4259.969952 19155 800 800 800 800 74 46 0 74 52 0 74 42 0 74 44 0 5978 950000 4750 424152 907500 384568
 4260.169963 19156 800 800 800 800 74 46 0 74 52 0 74 42 0 74 44 0 5734 950000 4750 423056 907500 383661
 4260.369947 19157 800 800 800 800 74 46 0 74 52 0 74 42 0 74 44 0 5734 950000 4750 424152 907500 384568
 4260.569947 19158 800 800 800 800 74 46 0 74 52 0 74 42 0 74 44 0 5978 950000 4750 423330 907500 383661
 4260.769947 19159 800 800 800 800 74 46 0 74 52 0 74 42 0 74 44 0 5978 950000 4750 423330 907500 383661
 4260.969947 19160 800 800 800 800 74 46 0 74 52 0 74 42 0 74 44 0 5734 950000 4750 422782 907500 382754
 4261.169965 19161 800 800 800 800 74 46 0 74 52 0 74 42 0 74 44 0 5734 950000 4750 424426 907500 384568
 4261.369947 19162 800 800 800 800 74 46 0 74 52 0 74 42 0 74 44 0 5734 950000 4750 425522 907500 385475
 4261.569947 19163 800 800 800 800 74 46 0 74 52 0 74 42 0 74 44 0 5734 950000 4750 425522 907500 385475
 4261.769940 19164 800 800 800 800 74 46 0 74 52 0 74 42 0 74 44 0 5734 950000 4750 424152 907500 384568
 4261.969946 19165 800 800 800 800 74 46 0 74 52 0 74 42 0 74 44 0 5734 950000 4750 424152 907500 384568
 4262.169963 19166 800 800 800 800 74 46 0 74 52 0 74 42 0 74 44 0 5734 950000 4750 423330 907500 383661
 4262.369948 19167 800 800 800 800 74 46 0 74 52 0 74 42 0 74 44 0 5734 950000 4750 423330 907500 383661
 4262.569950 19168 800 800 800 800 74 46 0 74 52 0 74 42 0 74 44 0 5978 950000 4750 424152 907500 384568
 4262.769947 19169 800 800 800 800 74 46 0 74 52 0 74 42 0 74 44 0 5734 950000 4750 423330 907500 383661
 4262.969947 19170 800 800 800 800 74 46 0 74 52 0 74 42 0 74 44 0 5734 950000 4750 424700 907500 384568
 4263.169964 19171 800 800 800 800 74 46 0 74 52 0 74 42 0 74 44 0 5734 950000 4750 424700 907500 384568
 4263.369947 19172 800 800 800 800 74 46 0 74 52 0 74 42 0 74 44 0 5978 950000 4750 424700 907500 384568
 4263.569946 19173 800 800 800 800 74 46 0 74 52 0 74 42 0 74 44 0 5734 950000 4750 425248 907500 385475
 4263.769946 19174 800 800 800 800 74 46 0 74 52 0 74 42 0 74 44 0 5734 950000 4750 424152 907500 384568
 4263.969947 19175 800 800 800 800 74 46 0 74 52 0 74 42 0 74 44 0 5734 950000 4750 424152 907500 384568
 4264.169957 19176 800 800 800 800 74 46 0 74 52 0 74 42 0 74 44 0 5734 950000 4750 422782 907500 382754
 4264.369947 19177 800 800 800 800 74 46 0 74 52 0 74 42 0 74 44 0 5734 950000 4750 423604 907500 383661
 4264.569946 19178 800 800 800 800 74 46 0 74 52 0 74 42 0 74 44 0 5734 950000 4750 423878 907500 383661
 4264.769928 19179 800 800 800 800 74 46 0 74 52 0 74 42 0 74 44 0 5734 950000 4750 423878 907500 383661
 4264.969947 19180 800 800 800 800 74 46 0 74 52 0 74 42 0 74 44 0 5734 950000 4750 424152 907500 384568
 4265.169964 19181 800 800 800 800 74 46 0 74 52 0 74 42 0 74 44 0 5978 950000 4750 424974 907500 384568
 4265.369948 19182 800 800 800 800 74 46 0 74 52 0 74 42 0 74 44 0 5978 950000 4750 424426 907500 384568
 4265.569949 19183 800 800 800 800 74 46 0 74 52 0 74 42 0 74 44 0 5734 950000 4750 424974 907500 384568
 4265.769947 19184 800 800 800 800 74 46 0 74 52 0 74 42 0 74 44 0 5734 950000 4750 424974 907500 384568
 4265.969947 19185 800 800 800 800 74 46 0 74 52 0 74 42 0 74 44 0 5978 950000 4750 424426 907500 384568
 4266.169964 19186 800 800 800 800 74 46 0 74 52 0 74 42 0 74 44 0 5734 950000 4750 423056 907500 383661
 4266.369940 19187 800 800 800 800 74 46 0 74 52 0 74 42 0 74 44 0 5734 950000 4750 423056 907500 383661
 4266.569947 19188 800 800 800 800 74 46 0 74 52 0 74 42 0 74 44 0 5734 950000 4750 423056 907500 383661
 4266.769946 19189 800 800 800 800 74 46 0 74 52 0 74 42 0 74 44 0 5978 950000 4750 424700 907500 384568
 4266.969946 19190 800 800 800 800 74 46 0 74 52 0 74 42 0 74 44 0 5734 950000 4750 424426 907500 384568
 4267.169962 19191 800 800 800 800 74 46 0 74 52 0 74 42 0 74 44 0 5734 950000 4750 424152 907500 384568
 4267.369948 19192 800 800 800 800 74 46 0 74 52 0 74 42 0 74 44 0 5734 950000 4750 424152 907500 384568
 4267.569948 19193 800 800 800 800 74 46 0 74 52 0 74 42 0 74 44 0 5734 950000 4750 426892 907500 386382
 4267.769947 19194 800 800 800 800 74 46 0 74 52 0 74 42 0 74 44 0 5734 950000 4750 423604 907500 383661
 4267.969947 19195 800 800 800 800 74 46 0 74 52 0 74 42 0 74 44 0 5734 950000 4750 423330 907500 383661
 4268.169956 19196 800 800 800 800 74 46 0 74 52 0 74 42 0 74 44 0 5734 950000 4750 423330 907500 383661
 4268.369947 19197 800 800 800 800 74 46 0 74 52 0 74 42 0 74 44 0 5734 950000 4750 424152 907500 384568
 4268.569950 19198 800 800 800 800 74 46 0 74 52 0 74 42 0 74 44 0 5734 950000 4750 423878 907500 383661
 4268.769939 19199 800 800 800 800 74 46 0 74 52 0 74 42 0 74 44 0 5978 950000 4750 424700 907500 384568
 4268.969947 19200 800 800 800 800 74 46 0 74 52 0 74 42 0 74 44 0 5978 950000 4750 424700 907500 384568
 4269.169964 19201 800 800 800 800 74 46 0 74 52 0 74 42 0 74 44 0 5734 950000 4750 423604 907500 383661
 4269.369947 19202 800 800 800 800 74 46 0 74 52 0 74 42 0 74 44 0 5734 950000 4750 425248 907500 385475
 4269.569949 19203 800 800 800 800 74 46 0 74 52 0 74 42 0 74 44 0 5734 950000 4750 423056 907500 383661
 4269.769947 19204 800 800 800 800 74 46 0 74 52 0 74 42 0 74 44 0 5734 950000 4750 423056 907500 383661
 4269.969947 19205 800 800 800 800 74 46 0 74 52 0 74 42 0 74 44 0 5734 950000 4750 422782 907500 382754
 4270.169964 19206 800 800 800 800 74 46 0 74 52 0 74 42 0 74 44 0 5734 950000 4750 422782 907500 382754
 4270.369949 19207 800 800 800 800 74 46 0 74 52 0 74 42 0 74 44 0 5734 950000 4750 423878 907500 383661
 4270.569947 19208 800 800 800 800 74 46 0 74 52 0 74 42 0 74 44 0 5734 950000 4750 423878 907500 383661
 4270.769947 19209 800 800 800 800 74 46 0 74 52 0 74 42 0 74 44 0 5734 950000 4750 424700 907500 384568
 4270.969947 19210 800 800 800 800 74 46 0 74 52 0 74 42 0 74 44 0 5734 950000 4750 424152 907500 384568
 4271.169940 19211 800 800 800 800 74 46 0 74 52 0 74 42 0 74 44 0 5734 950000 4750 424426 907500 384568
 4271.369868 19212 800 800 800 800 74 46 0 74 52 0 74 42 0 74 44 0 5978 950000 4750 423330 907500 383661
 4271.569950 19213 800 800 800 800 74 46 0 74 52 0 74 42 0 74 44 0 5978 950000 4750 423330 907500 383661
 4271.769947 19214 800 800 800 800 74 46 0 74 52 0 74 42 0 74 44 0 5734 950000 4750 422782 907500 382754
 4271.969947 19215 800 800 800 800 74 46 0 74 52 0 74 42 0 74 44 0 5734 950000 4750 422508 907500 382754
 4272.169963 19216 800 800 800 800 74 46 0 74 52 0 74 42 0 74 44 0 5734 950000 4750 422508 907500 382754
 4272.369947 19217 800 800 800 800 74 46 0 74 52 0 74 42 0 74 44 0 5734 950000 4750 422508 907500 382754
 4272.569948 19218 800 800 800 800 74 46 0 74 52 0 74 42 0 74 44 0 5734 950000 4750 424700 907500 384568
 4272.769948 19219 800 800 800 800 74 46 0 74 52 0 74 42 0 74 44 0 5734 950000 4750 423878 907500 383661
 4272.969947 19220 800 800 800 800 74 46 0 74 52 0 74 42 0 74 44 0 5978 950000 4750 425248 907500 385475
 4273.169967 19221 800 800 800 800 74 46 0 74 52 0 74 42 0 74 44 0 5978 950000 4750 425248 907500 385475
 4273.369948 19222 800 800 800 800 74 46 0 74 52 0 74 42 0 74 44 0 5734 950000 4750 423878 907500 383661
 4273.569941 19223 800 800 800 800 74 46 0 74 52 0 74 42 0 74 44 0 5734 950000 4750 423604 907500 383661
 4273.769948 19224 800 800 800 800 74 46 0 74 52 0 74 42 0 74 44 0 5734 950000 4750 423056 907500 383661
 4273.969948 19225 800 800 800 800 74 46 0 74 52 0 74 42 0 74 44 0 5734 950000 4750 423056 907500 383661
 4274.169963 19226 800 800 800 800 74 46 0 74 52 0 74 42 0 74 44 0 5734 950000 4750 422782 907500 382754
 4274.369947 19227 800 800 800 800 74 46 0 74 52 0 74 42 0 74 44 0 5734 950000 4750 424152 907500 384568
 4274.569950 19228 800 800 800 800 74 46 0 74 52 0 74 42 0 74 44 0 5734 950000 4750 424700 907500 384568
 4274.769948 19229 800 800 800 800 74 46 0 74 52 0 74 42 0 74 44 0 5734 950000 4750 424700 907500 384568
 4274.969947 19230 800 800 800 800 74 46 0 74 52 0 74 42 0 74 44 0 5734 950000 4750 424974 907500 384568
 4275.169963 19231 800 800 800 800 74 46 0 74 52 0 74 42 0 74 44 0 5734 950000 4750 423878 907500 383661
 4275.369946 19232 800 800 800 800 74 46 0 74 52 0 74 42 0 74 44 0 5978 950000 4750 423878 907500 383661
 4275.569946 19233 800 800 800 800 74 46 0 74 52 0 74 42 0 74 44 0 5978 950000 4750 423878 907500 383661
 4275.769946 19234 800 800 800 800 74 46 0 74 52 0 74 42 0 74 44 0 5734 950000 4750 423604 907500 383661
 4275.969941 19235 800 800 800 800 74 46 0 74 52 0 74 42 0 74 44 0 5978 950000 4750 423330 907500 383661
 4276.169963 19236 800 800 800 800 74 46 0 74 52 0 74 42 0 74 44 0 5734 950000 4750 425796 907500 385475
 4276.369948 19237 800 800 800 800 74 46 0 74 52 0 74 42 0 74 44 0 5734 950000 4750 425796 907500 385475
 4276.569947 19238 800 800 800 800 74 46 0 74 52 0 74 42 0 74 44 0 5734 950000 4750 424700 907500 384568
 4276.769946 19239 800 800 800 800 74 46 0 74 52 0 74 42 0 74 44 0 5734 950000 4750 424426 907500 384568
 4276.969947 19240 800 800 800 800 74 46 0 74 52 0 74 42 0 74 44 0 5734 950000 4750 424700 907500 384568
 4277.169945 19241 800 800 800 800 74 46 0 74 52 0 74 42 0 74 44 0 5734 950000 4750 424700 907500 384568
 4277.369940 19242 800 800 800 800 74 46 0 74 52 0 74 42 0 74 44 0 5734 950000 4750 423878 907500 383661
 4277.569949 19243 800 800 800 800 74 46 0 74 52 0 74 42 0 74 44 0 5734 950000 4750 422508 907500 382754
 4277.769947 19244 800 800 800 800 74 46 0 74 52 0 74 42 0 74 44 0 5734 950000 4750 423330 907500 383661
 4277.969923 19245 800 800 800 800 74 46 0 74 52 0 74 42 0 74 44 0 5734 950000 4750 423604 907500 383661
 4278.169963 19246 800 800 800 800 74 46 0 74 52 0 74 42 0 74 44 0 5734 950000 4750 423604 907500 383661
 4278.369941 19247 800 800 800 800 74 46 0 74 52 0 74 42 0 74 44 0 5734 950000 4750 425248 907500 385475
 4278.569947 19248 800 800 800 800 74 46 0 74 52 0 74 42 0 74 44 0 5734 950000 4750 423878 907500 383661
 4278.769947 19249 800 800 800 800 74 46 0 74 52 0 74 42 0 74 44 0 5734 950000 4750 423330 907500 383661
 4278.969947 19250 800 800 800 800 74 46 0 74 52 0 74 42 0 74 44 0 5734 950000 4750 423330 907500 383661
 4279.169964 19251 800 800 800 800 74 46 0 74 52 0 74 42 0 74 44 0 5734 950000 4750 422508 907500 382754
 4279.369947 19252 800 800 800 800 74 46 0 74 52 0 74 42 0 74 44 0 5734 950000 4750 423878 907500 383661
 4279.569939 19253 800 800 800 800 74 46 0 74 52 0 74 42 0 74 44 0 5734 950000 4750 422782 907500 382754
 4279.769947 19254 800 800 800 800 74 46 0 74 52 0 74 42 0 74 44 0 5734 950000 4750 422782 907500 382754
 4279.969948 19255 800 800 800 800 74 46 0 74 52 0 74 42 0 74 44 0 5734 950000 4750 423330 907500 383661
 4280.169963 19256 800 800 800 800 74 46 0 74 52 0 74 42 0 74 44 0 5734 950000 4750 424426 907500 384568
 4280.369947 19257 800 800 800 800 74 46 0 74 52 0 74 42 0 74 44 0 5734 950000 4750 424700 907500 384568
 4280.569951 19258 800 800 800 800 74 46 0 74 52 0 74 42 0 74 44 0 5734 950000 4750 424700 907500 384568
 4280.769954 19259 800 800 800 800 74 46 0 74 52 0 74 42 0 74 44 0 5734 950000 4750 423604 907500 383661
 4280.969947 19260 800 800 800 800 74 46 0 74 52 0 74 42 0 74 44 0 5734 950000 4750 423330 907500 383661
 4281.169962 19261 800 800 800 800 74 46 0 74 52 0 74 42 0 74 44 0 5734 950000 4750 423056 907500 383661
 4281.369947 19262 800 800 800 800 74 46 0 74 52 0 74 42 0 74 44 0 5734 950000 4750 423056 907500 383661
 4281.569946 19263 800 800 800 800 74 46 0 74 52 0 74 42 0 74 44 0 5734 950000 4750 422782 907500 382754
 4281.769947 19264 800 800 800 800 74 46 0 74 52 0 74 42 0 74 44 0 5734 950000 4750 422782 907500 382754
 4281.969939 19265 800 800 800 800 74 46 0 74 52 0 74 42 0 74 44 0 5978 950000 4750 423878 907500 383661
 4282.169966 19266 800 800 800 800 74 46 0 74 52 0 74 42 0 74 44 0 5978 950000 4750 423878 907500 383661
 4282.369947 19267 800 800 800 800 74 46 0 74 52 0 74 42 0 74 44 0 5734 950000 4750 423878 907500 383661
 4282.569947 19268 800 800 800 800 74 46 0 74 52 0 74 42 0 74 44 0 5978 950000 4750 424700 907500 384568
 4282.769946 19269 800 800 800 800 74 46 0 74 52 0 74 42 0 74 44 0 5734 950000 4750 423330 907500 383661
 4282.969947 19270 800 800 800 800 74 46 0 74 52 0 74 42 0 74 44 0 5734 950000 4750 423330 907500 383661
 4283.169966 19271 800 800 800 800 74 46 0 74 52 0 74 42 0 74 44 0 5978 950000 4750 423330 907500 383661
 4283.369946 19272 800 800 800 800 74 46 0 74 52 0 74 42 0 74 44 0 5978 950000 4750 424152 907500 384568
 4283.569949 19273 800 800 800 800 74 46 0 74 52 0 74 42 0 74 44 0 5978 950000 4750 423604 907500 383661
 4283.769928 19274 800 800 800 800 74 46 0 74 52 0 74 42 0 74 44 0 5978 950000 4750 423604 907500 383661
 4283.969947 19275 800 800 800 800 74 46 0 74 52 0 74 42 0 74 44 0 5734 950000 4750 424426 907500 384568
 4284.169962 19276 800 800 800 800 74 46 0 74 52 0 74 42 0 74 44 0 5734 950000 4750 424700 907500 384568
 4284.369940 19277 800 800 800 800 74 46 0 74 52 0 74 42 0 74 44 0 5734 950000 4750 424974 907500 384568
 4284.569947 19278 800 800 800 800 74 46 0 74 52 0 74 42 0 74 44 0 5978 950000 4750 424426 907500 384568
 4284.769947 19279 800 800 800 800 74 46 0 74 52 0 74 42 0 74 44 0 5978 950000 4750 424426 907500 384568
 4284.969947 19280 800 800 800 800 74 46 0 74 52 0 74 42 0 74 44 0 5734 950000 4750 423604 907500 383661
 4285.169963 19281 800 800 800 800 74 46 0 74 52 0 74 42 0 74 44 0 5734 950000 4750 424152 907500 384568
 4285.369946 19282 800 800 800 800 74 46 0 74 52 0 74 42 0 74 44 0 5734 950000 4750 423330 907500 383661
 4285.569948 19283 800 800 800 800 74 46 0 74 52 0 74 42 0 74 44 0 5734 950000 4750 423330 907500 383661
 4285.769947 19284 800 800 800 800 74 46 0 74 52 0 74 42 0 74 44 0 5734 950000 4750 424700 907500 384568
 4285.969947 19285 800 800 800 800 74 46 0 74 52 0 74 42 0 74 44 0 5734 950000 4750 424974 907500 384568
 4286.169962 19286 800 800 800 800 74 46 0 74 52 0 74 42 0 74 44 0 5734 950000 4750 425248 907500 385475
 4286.369946 19287 800 800 800 800 74 46 0 74 52 0 74 42 0 74 44 0 5734 950000 4750 425248 907500 385475
 4286.569950 19288 800 800 800 800 74 46 0 74 52 0 74 42 0 74 44 0 5734 950000 4750 424426 907500 384568
 4286.769940 19289 800 800 800 800 74 46 0 74 52 0 74 42 0 74 44 0 5734 950000 4750 423330 907500 383661
 4286.969948 19290 800 800 800 800 74 46 0 74 52 0 74 42 0 74 44 0 5734 950000 4750 423604 907500 383661
 4287.169967 19291 800 800 800 800 74 46 0 74 52 0 74 42 0 74 44 0 5734 950000 4750 423604 907500 383661
 4287.369947 19292 800 800 800 800 74 46 0 74 52 0 74 42 0 74 44 0 5734 950000 4750 424700 907500 384568
 4287.569946 19293 800 800 800 800 74 46 0 74 52 0 74 42 0 74 44 0 5734 950000 4750 424700 907500 384568
 4287.769946 19294 800 800 800 800 74 46 0 74 52 0 74 42 0 74 44 0 5734 950000 4750 424426 907500 384568
 4287.969946 19295 800 800 800 800 74 46 0 74 52 0 74 42 0 74 44 0 5734 950000 4750 424426 907500 384568
 4288.169963 19296 800 800 800 800 74 46 0 74 52 0 74 42 0 74 44 0 5978 950000 4750 424974 907500 384568
 4288.369947 19297 800 800 800 800 74 46 0 74 52 0 74 42 0 74 44 0 5978 950000 4750 424974 907500 384568
 4288.569947 19298 800 800 800 800 74 46 0 74 52 0 74 42 0 74 44 0 5734 950000 4750 424974 907500 384568
 4288.769947 19299 800 800 800 800 74 46 0 74 52 0 74 42 0 74 44 0 5734 950000 4750 424974 907500 384568
 4288.969947 19300 800 800 800 800 74 46 0 74 52 0 74 42 0 74 44 0 5734 950000 4750 422782 907500 382754
 4289.169941 19301 800 800 800 800 74 46 0 74 52 0 74 42 0 74 44 0 5734 950000 4750 422508 907500 382754
 4289.369947 19302 800 800 800 800 74 46 0 74 52 0 74 42 0 74 44 0 5734 950000 4750 423878 907500 383661
 4289.569951 19303 800 800 800 800 74 46 0 74 52 0 74 42 0 74 44 0 5734 950000 4750 423878 907500 383661
 4289.769947 19304 800 800 800 800 74 46 0 74 52 0 74 42 0 74 44 0 5978 950000 4750 424152 907500 384568
 4289.969948 19305 800 800 800 800 74 46 0 74 52 0 74 42 0 74 44 0 5734 950000 4750 424426 907500 384568
 4290.169962 19306 800 800 800 800 74 46 0 74 52 0 74 42 0 74 44 0 5734 950000 4750 423878 907500 383661
 4290.369870 19307 800 800 800 800 74 46 0 74 52 0 74 42 0 74 44 0 5734 950000 4750 423330 907500 383661
 4290.569946 19308 800 800 800 800 74 46 0 74 52 0 74 42 0 74 44 0 5734 950000 4750 423330 907500 383661
 4290.769947 19309 800 800 800 800 74 46 0 74 52 0 74 42 0 74 44 0 5734 950000 4750 423056 907500 383661
 4290.969947 19310 800 800 800 800 74 46 0 74 52 0 74 42 0 74 44 0 5978 950000 4750 423330 907500 383661
 4291.169963 19311 800 800 800 800 74 46 0 74 52 0 74 42 0 74 44 0 5734 950000 4750 423604 907500 383661
 4291.369947 19312 800 800 800 800 74 46 0 74 52 0 74 42 0 74 44 0 5734 950000 4750 423604 907500 383661
 4291.569940 19313 800 800 800 800 74 46 0 74 52 0 74 42 0 74 44 0 5734 950000 4750 423878 907500 383661
 4291.769946 19314 800 800 800 800 74 46 0 74 52 0 74 42 0 74 44 0 5734 950000 4750 423878 907500 383661
 4291.969947 19315 800 800 800 800 74 46 0 74 52 0 74 42 0 74 44 0 5734 950000 4750 423604 907500 383661
 4292.169962 19316 800 800 800 800 74 46 0 74 52 0 74 42 0 74 44 0 5734 950000 4750 423604 907500 383661
 4292.369946 19317 800 800 800 800 74 46 0 74 52 0 74 42 0 74 44 0 5978 950000 4750 422782 907500 382754
 4292.569950 19318 800 800 800 800 74 46 0 74 52 0 74 42 0 74 44 0 5734 950000 4750 423330 907500 383661
 4292.769946 19319 800 800 800 800 74 46 0 74 52 0 74 42 0 74 44 0 5978 950000 4750 423878 907500 383661
 4292.969948 19320 800 800 800 800 74 46 0 74 52 0 74 42 0 74 44 0 5978 950000 4750 423878 907500 383661
 4293.169964 19321 800 800 800 800 74 46 0 74 52 0 74 42 0 74 44 0 5734 950000 4750 423604 907500 383661
 4293.369947 19322 800 800 800 800 74 46 0 74 52 0 74 42 0 74 44 0 5734 950000 4750 424974 907500 384568
 4293.569946 19323 800 800 800 800 74 46 0 74 52 0 74 42 0 74 44 0 5734 950000 4750 424152 907500 384568
 4293.769948 19324 800 800 800 800 74 46 0 74 52 0 74 42 0 74 44 0 5734 950000 4750 424152 907500 384568
 4293.969941 19325 800 800 800 800 74 46 0 74 52 0 74 42 0 74 44 0 5734 950000 4750 424974 907500 384568
 4294.169963 19326 800 800 800 800 74 46 0 74 52 0 74 42 0 74 44 0 5734 950000 4750 423330 907500 383661
 4294.369948 19327 800 800 800 800 74 46 0 74 52 0 74 42 0 74 44 0 5734 950000 4750 423878 907500 383661
 4294.569954 19328 800 800 800 800 74 46 0 74 52 0 74 42 0 74 44 0 5734 950000 4750 423878 907500 383661
 4294.769951 19329 800 800 800 800 74 46 0 74 52 0 74 42 0 74 44 0 5734 950000 4750 422508 907500 382754
 4294.969953 19330 800 800 800 800 74 46 0 74 52 0 74 42 0 74 44 0 5734 950000 4750 423604 907500 383661
 4295.169963 19331 800 800 800 800 74 46 0 74 52 0 74 42 0 74 44 0 5734 950000 4750 424152 907500 384568
 4295.369946 19332 800 800 800 800 74 46 0 74 52 0 74 42 0 74 44 0 5734 950000 4750 424152 907500 384568
 4295.569950 19333 800 800 800 800 74 46 0 74 52 0 74 42 0 74 44 0 5734 950000 4750 424974 907500 384568
 4295.769947 19334 800 800 800 800 74 46 0 74 52 0 74 42 0 74 44 0 5734 950000 4750 424974 907500 384568
 4295.969946 19335 800 800 800 800 74 46 0 74 52 0 74 42 0 74 44 0 5734 950000 4750 423604 907500 383661
 4296.169944 19336 800 800 800 800 74 46 0 74 52 0 74 42 0 74 44 0 5734 950000 4750 423604 907500 383661
 4296.369940 19337 800 800 800 800 74 46 0 74 52 0 74 42 0 74 44 0 5734 950000 4750 423878 907500 383661
 4296.569947 19338 800 800 800 800 74 46 0 74 52 0 74 42 0 74 44 0 5978 950000 4750 424974 907500 384568
 4296.769946 19339 800 800 800 800 74 46 0 74 52 0 74 42 0 74 44 0 5734 950000 4750 423056 907500 383661
 4296.969921 19340 800 800 800 800 74 46 0 74 52 0 74 42 0 74 44 0 5734 950000 4750 424974 907500 384568
 4297.169966 19341 800 800 800 800 74 46 0 74 52 0 74 42 0 74 44 0 5734 950000 4750 424974 907500 384568
 4297.369947 19342 800 800 800 800 74 46 0 74 52 0 74 42 0 74 44 0 5734 950000 4750 424974 907500 384568
 4297.569947 19343 800 800 800 800 74 46 0 74 52 0 74 42 0 74 44 0 5734 950000 4750 423878 907500 383661
 4297.769947 19344 800 800 800 800 74 46 0 74 52 0 74 42 0 74 44 0 5734 950000 4750 423604 907500 383661
 4297.969947 19345 800 800 800 800 74 46 0 74 52 0 74 42 0 74 44 0 5734 950000 4750 423604 907500 383661
 4298.169963 19346 800 800 800 800 74 46 0 74 52 0 74 42 0 74 44 0 5734 950000 4750 422508 907500 382754
 4298.369946 19347 800 800 800 800 74 46 0 74 52 0 74 42 0 74 44 0 5978 950000 4750 422234 907500 382754
 4298.569939 19348 800 800 800 800 74 46 0 74 52 0 74 42 0 74 44 0 5734 950000 4750 422782 907500 382754
 4298.769948 19349 800 800 800 800 74 46 0 74 52 0 74 42 0 74 44 0 5734 950000 4750 422782 907500 382754
 4298.969947 19350 800 800 800 800 74 46 0 74 52 0 74 42 0 74 44 0 5734 950000 4750 424426 907500 384568
 4299.169963 19351 800 800 800 800 74 46 0 74 52 0 74 42 0 74 44 0 5734 950000 4750 424152 907500 384568
 4299.369946 19352 800 800 800 800 74 46 0 74 52 0 74 42 0 74 44 0 5978 950000 4750 424152 907500 384568
 4299.569947 19353 800 800 800 800 74 46 0 74 52 0 74 42 0 74 44 0 5978 950000 4750 424152 907500 384568
 4299.769946 19354 800 800 800 800 74 46 0 74 52 0 74 42 0 74 44 0 5978 950000 4750 423330 907500 383661
 4299.969947 19355 800 800 800 800 74 46 0 74 52 0 74 42 0 74 44 0 5734 950000 4750 422782 907500 382754
 4300.169962 19356 800 800 800 800 74 46 0 74 52 0 74 42 0 74 44 0 5734 950000 4750 422782 907500 382754
 4300.369947 19357 800 800 800 800 74 46 0 74 52 0 74 42 0 74 44 0 5734 950000 4750 422782 907500 382754
 4300.569947 19358 800 800 800 800 74 46 0 74 52 0 74 42 0 74 44 0 5734 950000 4750 423330 907500 383661
 4300.769948 19359 800 800 800 800 74 46 0 74 52 0 74 42 0 74 44 0 5734 950000 4750 424700 907500 384568
 4300.969940 19360 800 800 800 800 74 46 0 74 52 0 74 42 0 74 44 0 5490 950000 4750 423878 907500 383661
 4301.169965 19361 800 800 800 800 74 46 0 74 52 0 74 42 0 74 44 0 5490 950000 4750 423878 907500 383661
 4301.369947 19362 800 800 800 800 74 46 0 74 52 0 74 42 0 74 44 0 5734 950000 4750 423878 907500 383661
 4301.569950 19363 800 800 800 800 74 46 0 74 52 0 74 42 0 74 44 0 5734 950000 4750 423878 907500 383661
 4301.769946 19364 800 800 800 800 74 46 0 74 52 0 74 42 0 74 44 0 5734 950000 4750 423056 907500 383661
 4301.969948 19365 800 800 800 800 74 46 0 74 52 0 74 42 0 74 44 0 5734 950000 4750 423056 907500 383661
 4302.169965 19366 800 800 800 800 74 46 0 74 52 0 74 42 0 74 44 0 5734 950000 4750 422508 907500 382754
 4302.369946 19367 800 800 800 800 74 46 0 74 52 0 74 42 0 74 44 0 5734 950000 4750 423878 907500 383661
 4302.569946 19368 800 800 800 800 74 46 0 74 52 0 74 42 0 74 44 0 5734 950000 4750 423330 907500 383661
 4302.769928 19369 800 800 800 800 74 46 0 74 52 0 74 42 0 74 44 0 5734 950000 4750 423330 907500 383661
 4302.969946 19370 800 800 800 800 74 46 0 74 52 0 74 42 0 74 44 0 5734 950000 4750 424426 907500 384568
 4303.169964 19371 800 800 800 800 74 46 0 74 52 0 74 42 0 74 44 0 5734 950000 4750 424426 907500 384568
 4303.369939 19372 800 800 800 800 74 46 0 74 52 0 74 42 0 74 44 0 5734 950000 4750 425796 907500 385475
 4303.569947 19373 800 800 800 800 74 46 0 74 52 0 74 42 0 74 44 0 5978 950000 4750 423604 907500 383661
 4303.769947 19374 800 800 800 800 74 46 0 74 52 0 74 42 0 74 44 0 5978 950000 4750 423604 907500 383661
 4303.969948 19375 800 800 800 800 74 46 0 74 52 0 74 42 0 74 44 0 5978 950000 4750 423330 907500 383661
 4304.169963 19376 800 800 800 800 74 46 0 74 52 0 74 42 0 74 44 0 5734 950000 4750 422782 907500 382754
 4304.369946 19377 800 800 800 800 74 46 0 74 52 0 74 42 0 74 44 0 5734 950000 4750 424974 907500 384568
 4304.569950 19378 800 800 800 800 74 46 0 74 52 0 74 42 0 74 44 0 5734 950000 4750 424974 907500 384568
 4304.769947 19379 800 800 800 800 74 46 0 74 52 0 74 42 0 74 44 0 5734 950000 4750 424426 907500 384568
 4304.969947 19380 800 800 800 800 74 46 0 74 52 0 74 42 0 74 44 0 5978 950000 4750 424152 907500 384568
 4305.169964 19381 800 800 800 800 74 46 0 74 52 0 74 42 0 74 44 0 5734 950000 4750 425522 907500 385475
 4305.369946 19382 800 800 800 800 74 46 0 74 52 0 74 42 0 74 44 0 5734 950000 4750 425522 907500 385475
 4305.569946 19383 800 800 800 800 74 46 0 74 52 0 74 42 0 74 44 0 5978 950000 4750 422508 907500 382754
 4305.769940 19384 800 800 800 800 74 46 0 74 52 0 74 42 0 74 44 0 5734 950000 4750 423056 907500 383661
 4305.969946 19385 800 800 800 800 74 46 0 74 52 0 74 42 0 74 44 0 5734 950000 4750 423330 907500 383661
 4306.169965 19386 800 800 800 800 74 46 0 74 52 0 74 42 0 74 44 0 5734 950000 4750 423330 907500 383661
 4306.369946 19387 800 800 800 800 74 46 0 74 52 0 74 42 0 74 44 0 5734 950000 4750 424700 907500 384568
 4306.569947 19388 800 800 800 800 74 46 0 74 52 0 74 42 0 74 44 0 5734 950000 4750 424974 907500 384568
 4306.769946 19389 800 800 800 800 74 46 0 74 52 0 74 42 0 74 44 0 5734 950000 4750 424974 907500 384568
 4306.969949 19390 800 800 800 800 74 46 0 74 52 0 74 42 0 74 44 0 5734 950000 4750 424974 907500 384568
 4307.169964 19391 800 800 800 800 74 46 0 74 52 0 74 42 0 74 44 0 5734 950000 4750 424426 907500 384568
 4307.369947 19392 800 800 800 800 74 46 0 74 52 0 74 42 0 74 44 0 5978 950000 4750 423604 907500 383661
 4307.569949 19393 800 800 800 800 74 46 0 74 52 0 74 42 0 74 44 0 5734 950000 4750 422782 907500 382754
 4307.769947 19394 800 800 800 800 74 46 0 74 52 0 74 42 0 74 44 0 5734 950000 4750 422782 907500 382754
 4307.969946 19395 800 800 800 800 74 46 0 74 52 0 74 42 0 74 44 0 5734 950000 4750 422508 907500 382754
 4308.169939 19396 800 800 800 800 74 46 0 74 52 0 74 42 0 74 44 0 5978 950000 4750 422508 907500 382754
 4308.369946 19397 800 800 800 800 74 46 0 74 52 0 74 42 0 74 44 0 5978 950000 4750 424152 907500 384568
 4308.569947 19398 800 800 800 800 74 46 0 74 52 0 74 42 0 74 44 0 5978 950000 4750 424152 907500 384568
 4308.769947 19399 800 800 800 800 74 46 0 74 52 0 74 42 0 74 44 0 5734 950000 4750 424426 907500 384568
 4308.969947 19400 800 800 800 800 74 46 0 74 52 0 74 42 0 74 44 0 5734 950000 4750 424152 907500 384568
 4309.169962 19401 800 800 800 800 74 46 0 74 52 0 74 42 0 74 44 0 5734 950000 4750 423878 907500 383661
 4309.369869 19402 800 800 800 800 74 46 0 74 52 0 74 42 0 74 44 0 5734 950000 4750 422782 907500 382754
 4309.569946 19403 800 800 800 800 74 46 0 74 52 0 74 42 0 74 44 0 5734 950000 4750 422782 907500 382754
 4309.769947 19404 800 800 800 800 74 46 0 74 52 0 74 42 0 74 44 0 5978 950000 4750 423056 907500 383661
 4309.969947 19405 800 800 800 800 74 46 0 74 52 0 74 42 0 74 44 0 5734 950000 4750 423056 907500 383661
 4310.169962 19406 800 800 800 800 74 46 0 74 52 0 74 42 0 74 44 0 5978 950000 4750 423330 907500 383661
 4310.369946 19407 800 800 800 800 74 46 0 74 52 0 74 42 0 74 44 0 5978 950000 4750 423330 907500 383661
 4310.569943 19408 800 800 800 800 74 46 0 74 52 0 74 42 0 74 44 0 5734 950000 4750 423878 907500 383661
 4310.769946 19409 800 800 800 800 74 46 0 74 52 0 74 42 0 74 44 0 5734 950000 4750 424426 907500 384568
 4310.969946 19410 800 800 800 800 74 46 0 74 52 0 74 42 0 74 44 0 5734 950000 4750 424426 907500 384568
 4311.169965 19411 800 800 800 800 74 46 0 74 52 0 74 42 0 74 44 0 5734 950000 4750 424426 907500 384568
 4311.369948 19412 800 800 800 800 74 46 0 74 52 0 74 42 0 74 44 0 5978 950000 4750 424426 907500 384568
 4311.569946 19413 800 800 800 800 74 46 0 74 52 0 74 42 0 74 44 0 5734 950000 4750 422782 907500 382754
 4311.769946 19414 800 800 800 800 74 46 0 74 52 0 74 42 0 74 44 0 5734 950000 4750 423330 907500 383661
 4311.969947 19415 800 800 800 800 74 46 0 74 52 0 74 42 0 74 44 0 5734 950000 4750 423330 907500 383661
 4312.169963 19416 800 800 800 800 74 46 0 74 52 0 74 42 0 74 44 0 5734 950000 4750 424152 907500 384568
 4312.369946 19417 800 800 800 800 74 46 0 74 52 0 74 42 0 74 44 0 5734 950000 4750 426892 907500 386382
 4312.569946 19418 800 800 800 800 74 46 0 74 52 0 74 42 0 74 44 0 5734 950000 4750 424152 907500 384568
 4312.769947 19419 800 800 800 800 74 46 0 74 52 0 74 42 0 74 44 0 5734 950000 4750 424152 907500 384568
 4312.969942 19420 800 800 800 800 74 46 0 74 52 0 74 42 0 74 44 0 5734 950000 4750 424426 907500 384568
 4313.169963 19421 800 800 800 800 74 46 0 74 52 0 74 42 0 74 44 0 5734 950000 4750 425248 907500 385475
 4313.369947 19422 800 800 800 800 74 46 0 74 52 0 74 42 0 74 44 0 5734 950000 4750 423330 907500 383661
 4313.569949 19423 800 800 800 800 74 46 0 74 52 0 74 42 0 74 44 0 5734 950000 4750 423330 907500 383661
 4313.769946 19424 800 800 800 800 74 46 0 74 52 0 74 42 0 74 44 0 5734 950000 4750 423878 907500 383661
 4313.969947 19425 800 800 800 800 74 46 0 74 52 0 74 42 0 74 44 0 5978 950000 4750 424152 907500 384568
 4314.169963 19426 800 800 800 800 74 46 0 74 52 0 74 42 0 74 44 0 5734 950000 4750 425522 907500 385475
 4314.369947 19427 800 800 800 800 74 46 0 74 52 0 74 42 0 74 44 0 5734 950000 4750 425522 907500 385475
 4314.569947 19428 800 800 800 800 74 46 0 74 52 0 74 42 0 74 44 0 5734 950000 4750 424426 907500 384568
 4314.769947 19429 800 800 800 800 74 46 0 74 52 0 74 42 0 74 44 0 5734 950000 4750 424974 907500 384568
 4314.969946 19430 800 800 800 800 74 46 0 74 52 0 74 42 0 74 44 0 5978 950000 4750 423330 907500 383661
 4315.169947 19431 800 800 800 800 74 46 0 74 52 0 74 42 0 74 44 0 5978 950000 4750 423330 907500 383661
 4315.369940 19432 800 800 800 800 74 46 0 74 52 0 74 42 0 74 44 0 5734 950000 4750 423878 907500 383661
 4315.569948 19433 800 800 800 800 74 46 0 74 52 0 74 42 0 74 44 0 5734 950000 4750 424152 907500 384568
 4315.769946 19434 800 800 800 800 74 46 0 74 52 0 74 42 0 74 44 0 5734 950000 4750 423330 907500 383661
 4315.969921 19435 800 800 800 800 74 46 0 74 52 0 74 42 0 74 44 0 5978 950000 4750 424426 907500 384568
 4316.169962 19436 800 800 800 800 74 46 0 74 52 0 74 42 0 74 44 0 5978 950000 4750 424426 907500 384568
 4316.369946 19437 800 800 800 800 74 46 0 74 52 0 74 42 0 74 44 0 5734 950000 4750 424974 907500 384568
 4316.569952 19438 800 800 800 800 74 46 0 74 52 0 74 42 0 74 44 0 5734 950000 4750 424700 907500 384568
 4316.769946 19439 800 800 800 800 74 46 0 74 52 0 74 42 0 74 44 0 5734 950000 4750 422782 907500 382754
 4316.969947 19440 800 800 800 800 74 46 0 74 52 0 74 42 0 74 44 0 5734 950000 4750 422782 907500 382754
 4317.169940 19441 800 800 800 800 74 46 0 74 52 0 74 42 0 74 44 0 5734 950000 4750 422782 907500 382754
 4317.369946 19442 800 800 800 800 74 46 0 74 52 0 74 42 0 74 44 0 5734 950000 4750 422782 907500 382754
 4317.569938 19443 800 800 800 800 74 46 0 74 52 0 74 42 0 74 44 0 5734 950000 4750 423056 907500 383661
 4317.769946 19444 800 800 800 800 74 46 0 74 52 0 74 42 0 74 44 0 5734 950000 4750 423056 907500 383661
 4317.969946 19445 800 800 800 800 74 46 0 74 52 0 74 42 0 74 44 0 5978 950000 4750 424974 907500 384568
 4318.169964 19446 800 800 800 800 74 46 0 74 52 0 74 42 0 74 44 0 5978 950000 4750 424700 907500 384568
 4318.369946 19447 800 800 800 800 74 46 0 74 52 0 74 42 0 74 44 0 5978 950000 4750 424700 907500 384568
 4318.569947 19448 800 800 800 800 74 46 0 74 52 0 74 42 0 74 44 0 5978 950000 4750 424700 907500 384568
 4318.769946 19449 800 800 800 800 74 46 0 74 52 0 74 42 0 74 44 0 5734 950000 4750 424700 907500 384568
 4318.969941 19450 800 800 800 800 74 46 0 74 52 0 74 42 0 74 44 0 5734 950000 4750 423330 907500 383661
 4319.169962 19451 800 800 800 800 74 46 0 74 52 0 74 42 0 74 44 0 5734 950000 4750 423056 907500 383661
 4319.369947 19452 800 800 800 800 74 46 0 74 52 0 74 42 0 74 44 0 5734 950000 4750 423056 907500 383661
 4319.569950 19453 800 800 800 800 74 46 0 74 52 0 74 42 0 74 44 0 5734 950000 4750 423056 907500 383661
 4319.769989 19454 800 800 800 800 74 46 0 74 52 0 74 42 0 74 44 0 5734 950000 4750 424152 907500 384568
 4319.969934 19455 800 800 800 800 73 46 0 73 52 0 73 42 0 73 44 0 5734 950000 4750 426344 907500 386382
 4320.169957 19456 800 800 800 800 73 46 0 73 52 0 73 42 0 73 44 0 5734 950000 4750 426344 907500 386382
 4320.369941 19457 800 800 800 800 73 46 0 73 52 0 73 42 0 73 44 0 5734 950000 4750 88776 907500 79816
 4320.569941 19458 800 800 800 800 73 46 0 73 52 0 73 42 0 73 44 0 5734 950000 4750 39730 907500 35373
 4320.769941 19459 800 800 800 800 73 46 0 73 52 0 73 42 0 73 44 0 5734 950000 4750 34798 907500 30838
 4320.969940 19460 800 800 800 800 73 46 0 73 52 0 73 42 0 73 44 0 5734 950000 4750 34798 907500 30838
 4321.169960 19461 800 800 800 800 73 46 0 73 52 0 73 42 0 73 44 0 5734 950000 4750 36168 907500 32652
 4321.369935 19462 800 800 800 800 73 46 0 73 52 0 73 42 0 73 44 0 5734 950000 4750 37264 907500 33559
 4321.569941 19463 800 800 800 800 73 46 0 73 52 0 73 42 0 73 44 0 5734 950000 4750 38360 907500 34466
 4321.769923 19464 800 800 800 800 73 46 0 73 52 0 73 42 0 73 44 0 5734 950000 4750 38360 907500 34466
 4321.969941 19465 800 800 800 800 72 46 0 72 52 0 72 42 0 72 44 0 5734 950000 4750 37812 907500 33559
 4322.169957 19466 800 800 800 800 72 46 0 72 52 0 72 42 0 72 44 0 5734 950000 4750 38360 907500 34466
 4322.369934 19467 800 800 800 800 72 46 0 72 52 0 72 42 0 72 44 0 5734 950000 4750 40004 907500 36280
