  739.639971 1555 250 250 250 250 68 46 0 68 52 0 68 42 0 68 44 0 52277 947500 49244 9316 1158750 10422
  739.839975 1556 250 250 250 250 68 46 0 68 52 0 68 42 0 68 44 0 52277 947500 49244 9316 1158750 10422
  740.040101 1557 250 250 250 250 68 46 0 68 52 0 68 42 0 68 44 0 58011 947500 54926 9590 1158750 10422
  740.240039 1558 250 250 250 250 68 46 0 68 52 0 68 42 0 68 44 0 54473 947500 51138 9590 1158750 10422
  740.440021 1559 250 250 250 250 68 46 0 68 52 0 68 42 0 68 44 0 52765 947500 49244 9316 1158750 10422
  740.640031 1560 250 250 250 250 68 46 0 68 52 0 68 42 0 68 44 0 52765 947500 49244 9316 1158750 10422
  740.840009 1561 250 250 250 250 68 46 0 68 52 0 68 42 0 68 44 0 53253 947500 50191 9590 1158750 10422
  741.040051 1562 250 250 250 250 68 46 0 68 52 0 68 42 0 68 44 0 52765 947500 49244 9316 1158750 10422
  741.239998 1563 250 250 250 250 68 46 0 68 52 0 68 42 0 68 44 0 52521 947500 49244 9316 1158750 10422
  741.440035 1564 250 250 250 250 68 46 0 68 52 0 68 42 0 68 44 0 52521 947500 49244 9316 1158750 10422
  741.644905 1565 250 250 250 250 68 46 0 68 52 0 68 42 0 68 44 0 52277 947500 49244 9590 1158750 10422
  741.844987 1566 250 250 250 250 68 46 0 68 52 0 68 42 0 68 44 0 52277 947500 49244 9590 1158750 10422
  742.044982 1567 250 250 250 250 68 46 0 68 52 0 68 42 0 68 44 0 50508 947500 47350 9316 1158750 10422
  742.244963 1568 250 250 250 250 68 46 0 68 52 0 68 42 0 68 44 0 50508 947500 47350 9316 1158750 10422
  742.444973 1569 250 250 250 250 68 46 0 68 52 0 68 42 0 68 44 0 46482 948750 43608 9316 1158750 10422
  742.644967 1570 250 250 250 250 68 46 0 68 52 0 68 42 0 68 44 0 46726 947500 43562 9590 1158750 10422
  742.844963 1571 250 250 250 250 68 46 0 68 52 0 68 42 0 68 44 0 46482 948750 43608 9590 1158750 10422
  743.044977 1572 250 250 250 250 67 46 0 67 52 0 67 42 0 67 44 0 46482 948750 43608 9590 1158750 10422
  743.244953 1573 250 250 250 250 67 46 0 67 52 0 67 42 0 67 44 0 46238 947500 43562 9590 1158750 10422
  743.444968 1574 250 250 250 250 67 46 0 67 52 0 67 42 0 67 44 0 46482 947500 43562 9316 1158750 10422
  743.644964 1575 250 250 250 250 67 46 0 67 52 0 67 42 0 67 44 0 46238 947500 43562 9316 1158750 10422
  743.844936 1576 250 250 250 250 67 46 0 67 52 0 67 42 0 67 44 0 46238 948750 43608 9316 1158750 10422
  744.044987 1577 250 250 250 250 67 46 0 67 52 0 67 42 0 67 44 0 46238 948750 43608 9316 1158750 10422
  744.244936 1578 250 250 250 250 67 46 0 67 52 0 67 42 0 67 44 0 46238 947500 43562 9316 1158750 10422
  744.444966 1579 250 250 250 250 67 46 0 67 52 0 67 42 0 67 44 0 46238 947500 43562 9316 1158750 10422
  744.644963 1580 250 250 250 250 67 46 0 67 52 0 67 42 0 67 44 0 46238 948750 43608 9316 1158750 10422
  744.844991 1581 250 250 250 250 67 46 0 67 52 0 67 42 0 67 44 0 46238 948750 43608 9316 1158750 10422
  745.044990 1582 250 250 250 250 68 46 0 68 52 0 68 42 0 68 44 0 46482 948750 43608 9590 1158750 10422
  745.244962 1583 250 250 250 250 68 46 0 68 52 0 68 42 0 68 44 0 46482 948750 43608 9316 1158750 10422
  745.444969 1584 250 250 250 250 68 46 0 68 52 0 68 42 0 68 44 0 46482 948750 43608 9590 1158750 10422
  745.644974 1585 250 250 250 250 68 46 0 68 52 0 68 42 0 68 44 0 46482 948750 43608 9590 1158750 10422
  745.844967 1586 250 250 250 250 68 46 0 68 52 0 68 42 0 68 44 0 46482 947500 43562 9590 1158750 10422
  746.045021 1587 250 250 250 250 67 46 0 67 52 0 67 42 0 67 44 0 25254 948750 23700 9590 1158750 10422
  746.244984 1588 250 250 250 250 67 46 0 67 52 0 67 42 0 67 44 0 8479 950000 7600 9316 1158750 10422
  746.444993 1589 250 250 250 250 67 46 0 67 52 0 67 42 0 67 44 0 8479 950000 7600 9316 1158750 10422
  746.644985 1590 250 250 250 250 67 46 0 67 52 0 67 42 0 67 44 0 8235 950000 7600 9590 1158750 10422
  746.844984 1591 250 250 250 250 67 46 0 67 52 0 67 42 0 67 44 0 8479 950000 7600 9316 1158750 10422
  747.045008 1592 250 250 250 250 67 46 0 67 52 0 67 42 0 67 44 0 8235 950000 7600 9316 1158750 10422
  747.244984 1593 250 250 250 250 67 46 0 67 52 0 67 42 0 67 44 0 8235 950000 7600 9316 1158750 10422
  747.444987 1594 250 250 250 250 67 46 0 67 52 0 67 42 0 67 44 0 8479 950000 7600 9316 1158750 10422
  747.644983 1595 250 250 250 250 67 46 0 67 52 0 67 42 0 67 44 0 8235 950000 7600 9316 1158750 10422
