  489.064998 303 1500 1500 1500 1500 66 46 0 66 52 0 66 42 0 66 44 0 5490 950000 4750 67404 1132500 75844
  489.264911 304 1500 1500 1500 1500 66 46 0 66 52 0 66 42 0 66 44 0 5490 950000 4750 66856 1132500 74712
  489.464912 305 1500 1500 1500 1500 66 46 0 66 52 0 66 42 0 66 44 0 5490 950000 4750 266328 1133750 301378
  489.664912 306 1500 1500 1500 1500 66 46 0 66 52 0 66 42 0 66 44 0 5490 950000 4750 266328 1133750 301378
  489.865004 307 1500 1500 1500 1500 66 46 0 66 52 0 66 42 0 66 44 0 5490 950000 4750 69596 1132500 78108
  490.065062 308 1500 1500 1500 1500 67 46 0 67 52 0 67 42 0 67 44 0 5490 950000 4750 67952 1132500 75844
  490.264936 309 1500 1500 1500 1500 67 46 0 67 52 0 67 42 0 67 44 0 5490 948750 4740 794874 1136250 901984
  490.464920 310 1500 1500 1500 1500 67 46 0 67 52 0 67 42 0 67 44 0 5490 948750 4740 794874 1136250 901984
  490.664928 311 1500 1500 1500 1500 67 46 0 67 52 0 67 42 0 67 44 0 5734 948750 4740 1167788 1137500 1326879
  490.864940 312 1500 1500 1500 1500 67 46 0 67 52 0 67 42 0 67 44 0 5490 948750 4740 969686 1137500 1101753
  491.064946 313 1500 1500 1500 1500 70 46 0 70 52 0 70 42 0 70 44 0 5490 948750 4740 981468 1137500 1115397
  491.265045 314 1400 1400 1400 1400 70 46 0 70 52 0 70 42 0 70 44 0 5490 948750 4740 981468 1137500 1115397
  491.464922 315 1400 1400 1400 1400 70 46 0 70 52 0 70 42 0 70 44 0 5490 948750 4740 1152170 1138750 1310976
  491.664914 316 1400 1400 1400 1400 70 46 0 70 52 0 70 42 0 70 44 0 5734 950000 4750 625268 1113750 695625
  491.864914 317 1400 1400 1400 1400 70 46 0 70 52 0 70 42 0 70 44 0 5490 950000 4750 207966 1096250 226872
  492.064912 318 1400 1400 1400 1400 68 46 0 68 52 0 68 42 0 68 44 0 5490 950000 4750 207966 1096250 226872
  492.265020 319 1400 1400 1400 1400 68 46 0 68 52 0 68 42 0 68 44 0 5490 950000 4750 98366 1095000 107310
  492.465031 320 1400 1400 1400 1400 68 46 0 68 52 0 68 42 0 68 44 0 5490 950000 4750 64390 1095000 70080
  492.664939 321 1400 1400 1400 1400 68 46 0 68 52 0 68 42 0 68 44 0 5490 948750 4740 768844 1098750 843264
  492.869928 322 1400 1400 1400 1400 68 46 0 68 52 0 68 42 0 68 44 0 5490 948750 4740 768844 1098750 843264
  493.069968 323 1400 1400 1400 1400 71 46 0 71 52 0 71 42 0 71 44 0 5490 948750 4740 1052434 1100000 1157200
  493.269916 324 1400 1400 1400 1400 71 46 0 71 52 0 71 42 0 71 44 0 5490 950000 4750 910776 1098750 999180
  493.469918 325 1400 1400 1400 1400 71 46 0 71 52 0 71 42 0 71 44 0 5734 950000 4750 243038 1096250 266328
  493.669915 326 1400 1400 1400 1400 71 46 0 71 52 0 71 42 0 71 44 0 5734 950000 4750 243038 1096250 266328
  493.869914 327 1400 1400 1400 1400 71 46 0 71 52 0 71 42 0 71 44 0 5490 950000 4750 83844 1095000 90885
  494.069926 328 1400 1400 1400 1400 68 46 0 68 52 0 68 42 0 68 44 0 5490 950000 4750 64116 1095000 70080
  494.269962 329 1400 1400 1400 1400 68 46 0 68 52 0 68 42 0 68 44 0 5490 950000 4750 65486 1095000 71175
  494.469901 330 1400 1400 1400 1400 68 46 0 68 52 0 68 42 0 68 44 0 5490 950000 4750 65486 1095000 71175
  494.669914 331 1400 1400 1400 1400 68 46 0 68 52 0 68 42 0 68 44 0 5490 950000 4750 136178 1095000 148920
  494.869915 332 1400 1400 1400 1400 68 46 0 68 52 0 68 42 0 68 44 0 5490 950000 4750 60006 1095000 65700
  495.069911 333 1400 1400 1400 1400 67 46 0 67 52 0 67 42 0 67 44 0 5490 950000 4750 61102 1095000 66795
  495.269914 334 1400 1400 1400 1400 67 46 0 67 52 0 67 42 0 67 44 0 5490 950000 4750 64938 1095000 70080
  495.469914 335 1400 1400 1400 1400 67 46 0 67 52 0 67 42 0 67 44 0 5490 950000 4750 64938 1095000 70080
  495.669914 336 1400 1400 1400 1400 67 46 0 67 52 0 67 42 0 67 44 0 5490 950000 4750 65212 1095000 71175
  495.869915 337 1400 1400 1400 1400 67 46 0 67 52 0 67 42 0 67 44 0 5490 950000 4750 65212 1095000 71175
