  716.220037 1438 1600 1600 1600 1600 68 46 0 68 52 0 68 42 0 68 44 0 81496 972500 78732 5480 908750 4540
  716.419910 1439 1600 1600 1600 1600 68 46 0 68 52 0 68 42 0 68 44 0 78263 972500 75816 184402 1002500 184368
  716.619910 1440 1600 1600 1600 1600 68 46 0 68 52 0 68 42 0 68 44 0 78263 972500 75816 184402 1002500 184368
  716.819910 1441 1600 1600 1600 1600 68 46 0 68 52 0 68 42 0 68 44 0 7747 975000 6825 240572 1158750 277920
  717.019920 1442 1600 1600 1600 1600 68 46 0 68 52 0 68 42 0 68 44 0 7747 975000 6825 76994 1157500 87932
  717.219937 1443 1600 1600 1600 1600 68 46 0 68 52 0 68 42 0 68 44 0 7747 975000 6825 138918 1157500 159666
  717.419936 1444 1600 1600 1600 1600 68 46 0 68 52 0 68 42 0 68 44 0 7747 975000 6825 138918 1157500 159666
  717.624963 1445 1600 1600 1600 1600 68 46 0 68 52 0 68 42 0 68 44 0 7747 973750 6811 1109974 1162500 1288658
  717.824927 1446 1600 1600 1600 1600 68 46 0 68 52 0 68 42 0 68 44 0 7747 973750 6811 1249166 1163750 1452587
  718.024933 1447 1600 1600 1600 1600 71 46 0 71 52 0 71 42 0 71 44 0 7747 975000 6825 1093534 1163750 1271159
  718.225138 1448 1600 1600 1600 1600 71 46 0 71 52 0 71 42 0 71 44 0 7747 975000 6825 1093534 1163750 1271159
  718.424921 1449 1600 1600 1600 1600 71 46 0 71 52 0 71 42 0 71 44 0 7747 975000 6825 1176556 1163750 1367688
  718.624920 1450 1600 1600 1600 1600 72 46 0 72 52 0 72 42 0 72 44 0 7747 973750 6811 1190530 1163750 1383970
  718.824966 1451 1600 1600 1600 1600 72 46 0 72 52 0 72 42 0 72 44 0 7747 973750 6811 1178748 1163750 1370014
  719.024978 1452 1600 1600 1600 1600 71 46 0 71 52 0 71 42 0 71 44 0 7747 973750 6811 1178748 1163750 1370014
  719.224909 1453 1600 1600 1600 1600 71 46 0 71 52 0 71 42 0 71 44 0 7747 973750 6811 643352 1160000 745880
  719.424908 1454 1600 1600 1600 1600 71 46 0 71 52 0 71 42 0 71 44 0 7747 975000 6825 78912 1157500 90246
  719.624910 1455 1600 1600 1600 1600 71 46 0 71 52 0 71 42 0 71 44 0 7747 975000 6825 92338 1157500 106444
  719.824893 1456 1600 1600 1600 1600 71 46 0 71 52 0 71 42 0 71 44 0 7747 975000 6825 92338 1157500 106444
  720.024920 1457 1600 1600 1600 1600 69 46 0 69 52 0 69 42 0 69 44 0 7747 975000 6825 76720 1157500 87932
  720.224912 1458 1600 1600 1600 1600 69 46 0 69 52 0 69 42 0 69 44 0 7991 975000 6825 82474 1157500 94874
  720.424909 1459 1600 1600 1600 1600 69 46 0 69 52 0 69 42 0 69 44 0 7747 975000 6825 82748 1157500 94874
  720.624909 1460 1600 1600 1600 1600 69 46 0 69 52 0 69 42 0 69 44 0 7747 975000 6825 80830 1157500 92560
