 2285.069961 9281 800 800 800 800 70 46 0 70 52 0 70 42 0 70 44 0 5490 950000 4750 33976 907500 29931
 2285.270088 9282 800 800 800 800 70 46 0 70 52 0 70 42 0 70 44 0 5734 950000 4750 46854 907500 41722
 2285.469993 9283 800 800 800 800 70 46 0 70 52 0 70 42 0 70 44 0 5490 950000 4750 181662 907500 164167
 2285.669999 9284 800 800 800 800 70 46 0 70 52 0 70 42 0 70 44 0 5490 950000 4750 181662 907500 164167
 2285.869991 9285 800 800 800 800 70 46 0 70 52 0 70 42 0 70 44 0 5490 950000 4750 33702 907500 29931
 2286.069976 9286 800 800 800 800 70 46 0 70 52 0 70 42 0 70 44 0 5490 950000 4750 35620 907500 31745
 2286.270083 9287 800 800 800 800 70 46 0 70 52 0 70 42 0 70 44 0 5490 950000 4750 390724 907500 353730
 2286.469964 9288 800 800 800 800 70 46 0 70 52 0 70 42 0 70 44 0 5490 950000 4750 390724 907500 353730
 2286.669977 9289 800 800 800 800 70 46 0 70 52 0 70 42 0 70 44 0 5490 950000 4750 493474 907500 447151
 2286.869959 9290 800 800 800 800 70 46 0 70 52 0 70 42 0 70 44 0 5490 950000 4750 496762 907500 449872
 2287.069912 9291 800 800 800 800 71 46 0 71 52 0 71 42 0 71 44 0 5490 950000 4750 471006 907500 427197
 2287.269927 9292 800 800 800 800 71 46 0 71 52 0 71 42 0 71 44 0 5490 950000 4750 389080 907500 352823
 2287.470082 9293 800 800 800 800 71 46 0 71 52 0 71 42 0 71 44 0 5490 950000 4750 389080 907500 352823
 2287.669958 9294 800 800 800 800 71 46 0 71 52 0 71 42 0 71 44 0 5734 950000 4750 502790 907500 455314
 2287.869960 9295 800 800 800 800 71 46 0 71 52 0 71 42 0 71 44 0 5490 950000 4750 501146 907500 454407
 2288.070124 9296 800 800 800 800 72 46 0 72 52 0 72 42 0 72 44 0 5490 950000 4750 480322 907500 435360
 2288.270024 9297 800 800 800 800 72 46 0 72 52 0 72 42 0 72 44 0 5490 950000 4750 480322 907500 435360
 2288.469981 9298 600 600 600 600 72 46 0 72 52 0 72 42 0 72 44 0 5490 950000 4750 476212 907500 431732
 2288.669919 9299 600 600 600 600 72 46 0 72 52 0 72 42 0 72 44 0 17019 1048750 17816 6576 908750 5448
 2288.869916 9300 600 600 600 600 72 46 0 72 52 0 72 42 0 72 44 0 56974 1210000 67760 6302 908750 5448
 2289.069932 9301 600 600 600 600 71 46 0 71 52 0 71 42 0 71 44 0 56974 1210000 67760 6302 908750 5448
 2289.269917 9302 600 600 600 600 71 46 0 71 52 0 71 42 0 71 44 0 22265 1208750 26576 6302 908750 5448
 2289.469950 9303 600 600 600 600 71 46 0 71 52 0 71 42 0 71 44 0 22509 1208750 26576 6302 908750 5448
 2289.670006 9304 600 600 600 600 71 46 0 71 52 0 71 42 0 71 44 0 78507 1210000 94380 6302 908750 5448
 2289.869962 9305 600 600 600 600 71 46 0 71 52 0 71 42 0 71 44 0 78507 1210000 94380 6302 908750 5448
 2290.069991 9306 600 600 600 600 71 46 0 71 52 0 71 42 0 71 44 0 164517 1211250 198604 6302 908750 5448
 2290.269959 9307 600 600 600 600 71 46 0 71 52 0 71 42 0 71 44 0 157258 1210000 189970 6302 908750 5448
 2290.469964 9308 600 600 600 600 71 46 0 71 52 0 71 42 0 71 44 0 153720 1210000 185130 6302 908750 5448
 2290.669920 9309 600 600 600 600 71 46 0 71 52 0 71 42 0 71 44 0 153720 1210000 185130 6302 908750 5448
 2290.869925 9310 600 600 600 600 71 46 0 71 52 0 71 42 0 71 44 0 142496 1208750 171536 6028 908750 5448
 2291.069941 9311 600 600 600 600 70 46 0 70 52 0 70 42 0 70 44 0 147010 1207500 177429 6028 908750 5448
 2291.269916 9312 600 600 600 600 70 46 0 70 52 0 70 42 0 70 44 0 142984 1207500 171394 6028 908750 5448
 2291.469916 9313 600 600 600 600 70 46 0 70 52 0 70 42 0 70 44 0 142984 1207500 171394 6028 908750 5448
 2291.669916 9314 600 600 600 600 70 46 0 70 52 0 70 42 0 70 44 0 144753 1207500 173808 6028 908750 5448
 2291.869917 9315 600 600 600 600 70 46 0 70 52 0 70 42 0 70 44 0 143228 1207500 172601 6302 908750 5448
 2292.069928 9316 600 600 600 600 70 46 0 70 52 0 70 42 0 70 44 0 144265 1207500 173808 6028 908750 5448
 2292.269916 9317 600 600 600 600 70 46 0 70 52 0 70 42 0 70 44 0 144265 1207500 173808 6028 908750 5448
 2292.469915 9318 600 600 600 600 70 46 0 70 52 0 70 42 0 70 44 0 143228 1207500 172601 6028 908750 5448
 2292.669915 9319 600 600 600 600 70 46 0 70 52 0 70 42 0 70 44 0 143228 1207500 172601 6028 908750 5448
 2292.869916 9320 600 600 600 600 70 46 0 70 52 0 70 42 0 70 44 0 143716 1207500 172601 6028 908750 5448
 2293.069909 9321 600 600 600 600 70 46 0 70 52 0 70 42 0 70 44 0 143716 1207500 172601 6028 908750 5448
 2293.269917 9322 600 600 600 600 70 46 0 70 52 0 70 42 0 70 44 0 144021 1207500 173808 6028 908750 5448
 2293.469916 9323 600 600 600 600 70 46 0 70 52 0 70 42 0 70 44 0 143228 1207500 172601 6028 908750 5448
 2293.669910 9324 600 600 600 600 70 46 0 70 52 0 70 42 0 70 44 0 143228 1207500 172601 6028 908750 5448
 2293.869915 9325 600 600 600 600 70 46 0 70 52 0 70 42 0 70 44 0 144021 1207500 173808 6028 908750 5448
 2294.069926 9326 600 600 600 600 70 46 0 70 52 0 70 42 0 70 44 0 144021 1207500 173808 6028 908750 5448
 2294.269916 9327 600 600 600 600 70 46 0 70 52 0 70 42 0 70 44 0 143472 1207500 172601 6028 908750 5448
 2294.469916 9328 600 600 600 600 70 46 0 70 52 0 70 42 0 70 44 0 143228 1207500 172601 6028 908750 5448
 2294.669915 9329 600 600 600 600 70 46 0 70 52 0 70 42 0 70 44 0 144021 1207500 173808 6028 908750 5448
 2294.869916 9330 600 600 600 600 70 46 0 70 52 0 70 42 0 70 44 0 144021 1207500 173808 6028 908750 5448
 2295.069927 9331 600 600 600 600 70 46 0 70 52 0 70 42 0 70 44 0 144509 1207500 173808 6028 908750 5448
 2295.269915 9332 600 600 600 600 70 46 0 70 52 0 70 42 0 70 44 0 144265 1207500 173808 6028 908750 5448
 2295.469914 9333 600 600 600 600 70 46 0 70 52 0 70 42 0 70 44 0 143472 1207500 172601 6028 908750 5448
 2295.669914 9334 600 600 600 600 70 46 0 70 52 0 70 42 0 70 44 0 143472 1207500 172601 6028 908750 5448
 2295.869916 9335 600 600 600 600 70 46 0 70 52 0 70 42 0 70 44 0 143228 1207500 172601 6028 908750 5448
 2296.069921 9336 600 600 600 600 70 46 0 70 52 0 70 42 0 70 44 0 143472 1207500 172601 6028 908750 5448
 2296.269915 9337 600 600 600 600 70 46 0 70 52 0 70 42 0 70 44 0 143716 1207500 172601 6028 908750 5448
 2296.469917 9338 600 600 600 600 70 46 0 70 52 0 70 42 0 70 44 0 143716 1207500 172601 6028 908750 5448
 2296.669917 9339 600 600 600 600 70 46 0 70 52 0 70 42 0 70 44 0 143472 1207500 172601 6028 908750 5448
 2296.869916 9340 600 600 600 600 70 46 0 70 52 0 70 42 0 70 44 0 143716 1207500 172601 6028 908750 5448
 2297.069927 9341 600 600 600 600 70 46 0 70 52 0 70 42 0 70 44 0 144021 1207500 173808 6028 908750 5448
 2297.269915 9342 600 600 600 600 70 46 0 70 52 0 70 42 0 70 44 0 144021 1207500 173808 6028 908750 5448
 2297.469915 9343 600 600 600 600 70 46 0 70 52 0 70 42 0 70 44 0 144021 1207500 173808 6028 908750 5448
 2297.669915 9344 600 600 600 600 70 46 0 70 52 0 70 42 0 70 44 0 144021 1207500 173808 6028 908750 5448
 2297.869917 9345 600 600 600 600 70 46 0 70 52 0 70 42 0 70 44 0 143228 1207500 172601 6028 908750 5448
 2298.069926 9346 600 600 600 600 70 46 0 70 52 0 70 42 0 70 44 0 143228 1207500 172601 6028 908750 5448
 2298.269915 9347 600 600 600 600 70 46 0 70 52 0 70 42 0 70 44 0 143716 1207500 172601 6028 908750 5448
 2298.469910 9348 600 600 600 600 70 46 0 70 52 0 70 42 0 70 44 0 143716 1207500 172601 6028 908750 5448
 2298.669916 9349 600 600 600 600 70 46 0 70 52 0 70 42 0 70 44 0 143472 1207500 172601 6028 908750 5448
 2298.869917 9350 600 600 600 600 70 46 0 70 52 0 70 42 0 70 44 0 143472 1207500 172601 6028 908750 5448
 2299.069926 9351 600 600 600 600 70 46 0 70 52 0 70 42 0 70 44 0 143716 1207500 172601 6028 908750 5448
 2299.269933 9352 600 600 600 600 70 46 0 70 52 0 70 42 0 70 44 0 143472 1207500 172601 6028 908750 5448
 2299.469915 9353 600 600 600 600 70 46 0 70 52 0 70 42 0 70 44 0 141764 1207500 170187 6028 908750 5448
 2299.669852 9354 600 600 600 600 70 46 0 70 52 0 70 42 0 70 44 0 144265 1207500 173808 6028 908750 5448
 2299.869919 9355 600 600 600 600 70 46 0 70 52 0 70 42 0 70 44 0 144265 1207500 173808 6028 908750 5448
 2300.069928 9356 600 600 600 600 70 46 0 70 52 0 70 42 0 70 44 0 143472 1207500 172601 6028 908750 5448
 2300.269915 9357 600 600 600 600 70 46 0 70 52 0 70 42 0 70 44 0 143472 1207500 172601 6028 908750 5448
 2300.469916 9358 600 600 600 600 70 46 0 70 52 0 70 42 0 70 44 0 142984 1207500 171394 6028 908750 5448
 2300.669915 9359 600 600 600 600 70 46 0 70 52 0 70 42 0 70 44 0 142984 1207500 171394 6028 908750 5448
 2300.869916 9360 600 600 600 600 70 46 0 70 52 0 70 42 0 70 44 0 143228 1207500 172601 6028 908750 5448
 2301.069927 9361 600 600 600 600 70 46 0 70 52 0 70 42 0 70 44 0 143472 1207500 172601 6028 908750 5448
 2301.269915 9362 600 600 600 600 70 46 0 70 52 0 70 42 0 70 44 0 144265 1207500 173808 6028 908750 5448
 2301.469917 9363 600 600 600 600 70 46 0 70 52 0 70 42 0 70 44 0 144265 1207500 173808 6028 908750 5448
 2301.669915 9364 600 600 600 600 70 46 0 70 52 0 70 42 0 70 44 0 143716 1207500 172601 6028 908750 5448
 2301.869910 9365 600 600 600 600 70 46 0 70 52 0 70 42 0 70 44 0 144265 1207500 173808 6028 908750 5448
 2302.069926 9366 600 600 600 600 70 46 0 70 52 0 70 42 0 70 44 0 144753 1207500 173808 6028 908750 5448
 2302.269915 9367 600 600 600 600 70 46 0 70 52 0 70 42 0 70 44 0 144753 1207500 173808 6028 908750 5448
 2302.469914 9368 600 600 600 600 70 46 0 70 52 0 70 42 0 70 44 0 143716 1207500 172601 6028 908750 5448
 2302.669917 9369 600 600 600 600 70 46 0 70 52 0 70 42 0 70 44 0 144509 1207500 173808 6028 908750 5448
 2302.869915 9370 600 600 600 600 70 46 0 70 52 0 70 42 0 70 44 0 142984 1207500 171394 6028 908750 5448
 2303.069927 9371 600 600 600 600 70 46 0 70 52 0 70 42 0 70 44 0 142984 1207500 171394 6028 908750 5448
 2303.269915 9372 600 600 600 600 70 46 0 70 52 0 70 42 0 70 44 0 143716 1207500 172601 6028 908750 5448
 2303.469914 9373 600 600 600 600 70 46 0 70 52 0 70 42 0 70 44 0 143472 1207500 172601 6028 908750 5448
 2303.669915 9374 600 600 600 600 70 46 0 70 52 0 70 42 0 70 44 0 142984 1207500 171394 6028 908750 5448
 2303.869916 9375 600 600 600 600 70 46 0 70 52 0 70 42 0 70 44 0 142984 1207500 171394 6028 908750 5448
 2304.069926 9376 600 600 600 600 70 46 0 70 52 0 70 42 0 70 44 0 143472 1207500 172601 6028 908750 5448
 2304.269911 9377 600 600 600 600 70 46 0 70 52 0 70 42 0 70 44 0 143716 1207500 172601 6028 908750 5448
 2304.469915 9378 600 600 600 600 70 46 0 70 52 0 70 42 0 70 44 0 143228 1207500 172601 6028 908750 5448
 2304.669916 9379 600 600 600 600 70 46 0 70 52 0 70 42 0 70 44 0 143228 1207500 172601 6028 908750 5448
 2304.869916 9380 600 600 600 600 70 46 0 70 52 0 70 42 0 70 44 0 143716 1207500 172601 6028 908750 5448
 2305.069925 9381 600 600 600 600 70 46 0 70 52 0 70 42 0 70 44 0 144265 1207500 173808 6028 908750 5448
 2305.269914 9382 600 600 600 600 70 46 0 70 52 0 70 42 0 70 44 0 143472 1207500 172601 6028 908750 5448
 2305.469897 9383 600 600 600 600 70 46 0 70 52 0 70 42 0 70 44 0 143472 1207500 172601 6028 908750 5448
 2305.669917 9384 600 600 600 600 70 46 0 70 52 0 70 42 0 70 44 0 142984 1207500 171394 6028 908750 5448
 2305.869916 9385 600 600 600 600 70 46 0 70 52 0 70 42 0 70 44 0 145241 1207500 175015 6028 908750 5448
 2306.069925 9386 600 600 600 600 70 46 0 70 52 0 70 42 0 70 44 0 143716 1207500 172601 6028 908750 5448
 2306.269893 9387 600 600 600 600 70 46 0 70 52 0 70 42 0 70 44 0 144265 1207500 173808 6028 908750 5448
 2306.469914 9388 600 600 600 600 70 46 0 70 52 0 70 42 0 70 44 0 144265 1207500 173808 6028 908750 5448
 2306.669910 9389 600 600 600 600 70 46 0 70 52 0 70 42 0 70 44 0 144021 1207500 173808 6028 908750 5448
 2306.869915 9390 600 600 600 600 70 46 0 70 52 0 70 42 0 70 44 0 143228 1207500 172601 6028 908750 5448
 2307.069926 9391 600 600 600 600 70 46 0 70 52 0 70 42 0 70 44 0 143716 1207500 172601 6028 908750 5448
 2307.269915 9392 600 600 600 600 70 46 0 70 52 0 70 42 0 70 44 0 143716 1207500 172601 6028 908750 5448
 2307.469915 9393 600 600 600 600 70 46 0 70 52 0 70 42 0 70 44 0 144265 1207500 173808 6028 908750 5448
 2307.669915 9394 600 600 600 600 70 46 0 70 52 0 70 42 0 70 44 0 144021 1207500 173808 6028 908750 5448
 2307.869915 9395 600 600 600 600 70 46 0 70 52 0 70 42 0 70 44 0 144265 1207500 173808 6028 908750 5448
 2308.069926 9396 600 600 600 600 70 46 0 70 52 0 70 42 0 70 44 0 144265 1207500 173808 6028 908750 5448
 2308.269915 9397 600 600 600 600 70 46 0 70 52 0 70 42 0 70 44 0 144021 1207500 173808 6028 908750 5448
 2308.469915 9398 600 600 600 600 70 46 0 70 52 0 70 42 0 70 44 0 143716 1207500 172601 6028 908750 5448
 2308.669916 9399 600 600 600 600 70 46 0 70 52 0 70 42 0 70 44 0 143716 1207500 172601 6028 908750 5448
 2308.869918 9400 600 600 600 600 70 46 0 70 52 0 70 42 0 70 44 0 143716 1207500 172601 6028 908750 5448
 2309.069927 9401 600 600 600 600 70 46 0 70 52 0 70 42 0 70 44 0 142740 1207500 171394 6028 908750 5448
 2309.269915 9402 600 600 600 600 70 46 0 70 52 0 70 42 0 70 44 0 143472 1207500 172601 6028 908750 5448
 2309.469915 9403 600 600 600 600 70 46 0 70 52 0 70 42 0 70 44 0 144265 1207500 173808 6028 908750 5448
 2309.669915 9404 600 600 600 600 70 46 0 70 52 0 70 42 0 70 44 0 144265 1207500 173808 6028 908750 5448
 2309.869915 9405 600 600 600 600 70 46 0 70 52 0 70 42 0 70 44 0 144021 1207500 173808 6028 908750 5448
 2310.069920 9406 600 600 600 600 70 46 0 70 52 0 70 42 0 70 44 0 144021 1207500 173808 6028 908750 5448
 2310.269915 9407 600 600 600 600 70 46 0 70 52 0 70 42 0 70 44 0 143472 1207500 172601 6028 908750 5448
 2310.469916 9408 600 600 600 600 70 46 0 70 52 0 70 42 0 70 44 0 143472 1207500 172601 6028 908750 5448
 2310.669915 9409 600 600 600 600 70 46 0 70 52 0 70 42 0 70 44 0 143228 1207500 172601 6028 908750 5448
 2310.869915 9410 600 600 600 600 70 46 0 70 52 0 70 42 0 70 44 0 142984 1207500 171394 6028 908750 5448
 2311.069926 9411 600 600 600 600 70 46 0 70 52 0 70 42 0 70 44 0 144021 1207500 173808 6028 908750 5448
 2311.269914 9412 600 600 600 600 70 46 0 70 52 0 70 42 0 70 44 0 144021 1207500 173808 6028 908750 5448
 2311.469914 9413 600 600 600 600 70 46 0 70 52 0 70 42 0 70 44 0 144021 1207500 173808 6028 908750 5448
 2311.669917 9414 600 600 600 600 70 46 0 70 52 0 70 42 0 70 44 0 143228 1207500 172601 6028 908750 5448
 2311.869916 9415 600 600 600 600 70 46 0 70 52 0 70 42 0 70 44 0 143472 1207500 172601 6028 908750 5448
 2312.069909 9416 600 600 600 600 70 46 0 70 52 0 70 42 0 70 44 0 143472 1207500 172601 6028 908750 5448
 2312.269915 9417 600 600 600 600 70 46 0 70 52 0 70 42 0 70 44 0 144265 1207500 173808 6028 908750 5448
 2312.469909 9418 600 600 600 600 70 46 0 70 52 0 70 42 0 70 44 0 144021 1207500 173808 6028 908750 5448
 2312.669914 9419 600 600 600 600 70 46 0 70 52 0 70 42 0 70 44 0 144021 1207500 173808 6028 908750 5448
 2312.869915 9420 600 600 600 600 70 46 0 70 52 0 70 42 0 70 44 0 143716 1207500 172601 6028 908750 5448
 2313.069926 9421 600 600 600 600 70 46 0 70 52 0 70 42 0 70 44 0 143716 1207500 172601 6028 908750 5448
 2313.269915 9422 600 600 600 600 70 46 0 70 52 0 70 42 0 70 44 0 143716 1207500 172601 6028 908750 5448
 2313.469915 9423 600 600 600 600 70 46 0 70 52 0 70 42 0 70 44 0 144509 1207500 173808 6028 908750 5448
 2313.669915 9424 600 600 600 600 70 46 0 70 52 0 70 42 0 70 44 0 143716 1207500 172601 6028 908750 5448
 2313.869915 9425 600 600 600 600 70 46 0 70 52 0 70 42 0 70 44 0 143716 1207500 172601 6028 908750 5448
 2314.069926 9426 600 600 600 600 70 46 0 70 52 0 70 42 0 70 44 0 143716 1207500 172601 6028 908750 5448
 2314.269915 9427 600 600 600 600 70 46 0 70 52 0 70 42 0 70 44 0 143716 1207500 172601 6028 908750 5448
 2314.469915 9428 600 600 600 600 70 46 0 70 52 0 70 42 0 70 44 0 143472 1207500 172601 6028 908750 5448
 2314.669918 9429 600 600 600 600 70 46 0 70 52 0 70 42 0 70 44 0 143472 1207500 172601 6028 908750 5448
 2314.869910 9430 600 600 600 600 70 46 0 70 52 0 70 42 0 70 44 0 144265 1207500 173808 6028 908750 5448
 2315.069926 9431 600 600 600 600 70 46 0 70 52 0 70 42 0 70 44 0 144509 1207500 173808 6028 908750 5448
 2315.269915 9432 600 600 600 600 70 46 0 70 52 0 70 42 0 70 44 0 143716 1207500 172601 6028 908750 5448
 2315.469915 9433 600 600 600 600 70 46 0 70 52 0 70 42 0 70 44 0 143716 1207500 172601 6028 908750 5448
 2315.669915 9434 600 600 600 600 70 46 0 70 52 0 70 42 0 70 44 0 143716 1207500 172601 6028 908750 5448
 2315.869911 9435 600 600 600 600 70 46 0 70 52 0 70 42 0 70 44 0 143472 1207500 172601 6028 908750 5448
 2316.069925 9436 600 600 600 600 70 46 0 70 52 0 70 42 0 70 44 0 144265 1207500 173808 6028 908750 5448
 2316.269915 9437 600 600 600 600 70 46 0 70 52 0 70 42 0 70 44 0 144265 1207500 173808 6028 908750 5448
 2316.469915 9438 600 600 600 600 70 46 0 70 52 0 70 42 0 70 44 0 143472 1207500 172601 6028 908750 5448
 2316.669938 9439 600 600 600 600 70 46 0 70 52 0 70 42 0 70 44 0 143716 1207500 172601 6028 908750 5448
 2316.869915 9440 600 600 600 600 70 46 0 70 52 0 70 42 0 70 44 0 143716 1207500 172601 6028 908750 5448
 2317.069926 9441 600 600 600 600 70 46 0 70 52 0 70 42 0 70 44 0 143716 1207500 172601 6028 908750 5448
 2317.269915 9442 600 600 600 600 70 46 0 70 52 0 70 42 0 70 44 0 143716 1207500 172601 6028 908750 5448
 2317.469915 9443 600 600 600 600 70 46 0 70 52 0 70 42 0 70 44 0 144021 1207500 173808 6028 908750 5448
 2317.669917 9444 600 600 600 600 70 46 0 70 52 0 70 42 0 70 44 0 143228 1207500 172601 6028 908750 5448
 2317.869918 9445 600 600 600 600 70 46 0 70 52 0 70 42 0 70 44 0 143228 1207500 172601 6028 908750 5448
 2318.069925 9446 600 600 600 600 70 46 0 70 52 0 70 42 0 70 44 0 145241 1207500 175015 6028 908750 5448
 2318.269910 9447 600 600 600 600 70 46 0 70 52 0 70 42 0 70 44 0 144265 1207500 173808 6028 908750 5448
 2318.469915 9448 600 600 600 600 70 46 0 70 52 0 70 42 0 70 44 0 144021 1207500 173808 6028 908750 5448
 2318.669894 9449 600 600 600 600 70 46 0 70 52 0 70 42 0 70 44 0 144021 1207500 173808 6028 908750 5448
 2318.869915 9450 600 600 600 600 70 46 0 70 52 0 70 42 0 70 44 0 144021 1207500 173808 6028 908750 5448
 2319.069926 9451 600 600 600 600 70 46 0 70 52 0 70 42 0 70 44 0 144021 1207500 173808 6028 908750 5448
 2319.269924 9452 600 600 600 600 70 46 0 70 52 0 70 42 0 70 44 0 143716 1207500 172601 6028 908750 5448
 2319.469915 9453 600 600 600 600 70 46 0 70 52 0 70 42 0 70 44 0 142984 1207500 171394 6028 908750 5448
 2319.669916 9454 600 600 600 600 70 46 0 70 52 0 70 42 0 70 44 0 142984 1207500 171394 6028 908750 5448
 2319.869916 9455 600 600 600 600 70 46 0 70 52 0 70 42 0 70 44 0 143716 1207500 172601 6028 908750 5448
 2320.069931 9456 600 600 600 600 70 46 0 70 52 0 70 42 0 70 44 0 143228 1207500 172601 6028 908750 5448
 2320.269915 9457 600 600 600 600 70 46 0 70 52 0 70 42 0 70 44 0 144509 1207500 173808 6028 908750 5448
 2320.469917 9458 600 600 600 600 70 46 0 70 52 0 70 42 0 70 44 0 144509 1207500 173808 6028 908750 5448
 2320.669911 9459 600 600 600 600 70 46 0 70 52 0 70 42 0 70 44 0 143472 1207500 172601 6028 908750 5448
 2320.869917 9460 600 600 600 600 70 46 0 70 52 0 70 42 0 70 44 0 144021 1207500 173808 6028 908750 5448
 2321.069929 9461 600 600 600 600 70 46 0 70 52 0 70 42 0 70 44 0 144021 1207500 173808 6028 908750 5448
 2321.269917 9462 600 600 600 600 70 46 0 70 52 0 70 42 0 70 44 0 144021 1207500 173808 6028 908750 5448
 2321.469915 9463 600 600 600 600 70 46 0 70 52 0 70 42 0 70 44 0 143472 1207500 172601 6028 908750 5448
 2321.669915 9464 600 600 600 600 70 46 0 70 52 0 70 42 0 70 44 0 143472 1207500 172601 6028 908750 5448
 2321.869915 9465 600 600 600 600 70 46 0 70 52 0 70 42 0 70 44 0 144021 1207500 173808 6028 908750 5448
 2322.069927 9466 600 600 600 600 70 46 0 70 52 0 70 42 0 70 44 0 144021 1207500 173808 6028 908750 5448
 2322.269914 9467 600 600 600 600 70 46 0 70 52 0 70 42 0 70 44 0 143716 1207500 172601 6028 908750 5448
 2322.469915 9468 600 600 600 600 70 46 0 70 52 0 70 42 0 70 44 0 144021 1207500 173808 6028 908750 5448
 2322.669915 9469 600 600 600 600 70 46 0 70 52 0 70 42 0 70 44 0 143228 1207500 172601 6028 908750 5448
 2322.869916 9470 600 600 600 600 70 46 0 70 52 0 70 42 0 70 44 0 143228 1207500 172601 6028 908750 5448
 2323.069921 9471 600 600 600 600 70 46 0 70 52 0 70 42 0 70 44 0 144509 1207500 173808 6028 908750 5448
 2323.269915 9472 600 600 600 600 70 46 0 70 52 0 70 42 0 70 44 0 143716 1208750 172744 6028 908750 5448
 2323.469914 9473 600 600 600 600 70 46 0 70 52 0 70 42 0 70 44 0 142984 1208750 171536 6028 908750 5448
 2323.669917 9474 600 600 600 600 70 46 0 70 52 0 70 42 0 70 44 0 142984 1208750 171536 6028 908750 5448
 2323.869916 9475 600 600 600 600 70 46 0 70 52 0 70 42 0 70 44 0 143228 1207500 172601 6028 908750 5448
 2324.069921 9476 600 600 600 600 70 46 0 70 52 0 70 42 0 70 44 0 143716 1207500 172601 6028 908750 5448
 2324.269923 9477 600 600 600 600 70 46 0 70 52 0 70 42 0 70 44 0 143716 1207500 172601 6028 908750 5448
 2324.469900 9478 600 600 600 600 70 46 0 70 52 0 70 42 0 70 44 0 143716 1207500 172601 6028 908750 5448
 2324.669916 9479 600 600 600 600 70 46 0 70 52 0 70 42 0 70 44 0 144021 1207500 173808 6028 908750 5448
 2324.869918 9480 600 600 600 600 70 46 0 70 52 0 70 42 0 70 44 0 143716 1207500 172601 6028 908750 5448
 2325.069927 9481 600 600 600 600 70 46 0 70 52 0 70 42 0 70 44 0 144265 1207500 173808 6028 908750 5448
 2325.269915 9482 600 600 600 600 70 46 0 70 52 0 70 42 0 70 44 0 144265 1207500 173808 6028 908750 5448
 2325.469915 9483 600 600 600 600 70 46 0 70 52 0 70 42 0 70 44 0 144265 1207500 173808 6028 908750 5448
 2325.669915 9484 600 600 600 600 70 46 0 70 52 0 70 42 0 70 44 0 143472 1207500 172601 6028 908750 5448
 2325.869915 9485 600 600 600 600 70 46 0 70 52 0 70 42 0 70 44 0 143716 1207500 172601 6302 908750 5448
 2326.069926 9486 600 600 600 600 70 46 0 70 52 0 70 42 0 70 44 0 143472 1207500 172601 6028 908750 5448
 2326.269915 9487 600 600 600 600 70 46 0 70 52 0 70 42 0 70 44 0 143472 1207500 172601 6028 908750 5448
 2326.469910 9488 600 600 600 600 70 46 0 70 52 0 70 42 0 70 44 0 144265 1207500 173808 6028 908750 5448
 2326.669919 9489 600 600 600 600 70 46 0 70 52 0 70 42 0 70 44 0 143472 1207500 172601 6028 908750 5448
 2326.869916 9490 600 600 600 600 70 46 0 70 52 0 70 42 0 70 44 0 144021 1207500 173808 6028 908750 5448
 2327.069932 9491 600 600 600 600 70 46 0 70 52 0 70 42 0 70 44 0 144021 1207500 173808 6028 908750 5448
 2327.269916 9492 600 600 600 600 70 46 0 70 52 0 70 42 0 70 44 0 143472 1207500 172601 6028 908750 5448
 2327.469915 9493 600 600 600 600 70 46 0 70 52 0 70 42 0 70 44 0 144021 1207500 173808 6028 908750 5448
 2327.669915 9494 600 600 600 600 70 46 0 70 52 0 70 42 0 70 44 0 143472 1207500 172601 6028 908750 5448
 2327.869917 9495 600 600 600 600 70 46 0 70 52 0 70 42 0 70 44 0 143472 1207500 172601 6028 908750 5448
 2328.069927 9496 600 600 600 600 70 46 0 70 52 0 70 42 0 70 44 0 144021 1207500 173808 6028 908750 5448
 2328.269915 9497 600 600 600 600 70 46 0 70 52 0 70 42 0 70 44 0 143228 1207500 172601 6028 908750 5448
 2328.469915 9498 600 600 600 600 70 46 0 70 52 0 70 42 0 70 44 0 144509 1207500 173808 6028 908750 5448
 2328.669915 9499 600 600 600 600 70 46 0 70 52 0 70 42 0 70 44 0 144509 1207500 173808 6028 908750 5448
 2328.869911 9500 600 600 600 600 70 46 0 70 52 0 70 42 0 70 44 0 143716 1207500 172601 6028 908750 5448
 2329.069926 9501 600 600 600 600 70 46 0 70 52 0 70 42 0 70 44 0 143716 1207500 172601 6028 908750 5448
 2329.269915 9502 600 600 600 600 70 46 0 70 52 0 70 42 0 70 44 0 143716 1207500 172601 6028 908750 5448
 2329.469915 9503 600 600 600 600 70 46 0 70 52 0 70 42 0 70 44 0 143716 1207500 172601 6028 908750 5448
 2329.669917 9504 600 600 600 600 70 46 0 70 52 0 70 42 0 70 44 0 144753 1207500 173808 6028 908750 5448
 2329.869916 9505 600 600 600 600 70 46 0 70 52 0 70 42 0 70 44 0 143716 1207500 172601 6028 908750 5448
 2330.069926 9506 600 600 600 600 70 46 0 70 52 0 70 42 0 70 44 0 143716 1207500 172601 6028 908750 5448
 2330.269917 9507 600 600 600 600 70 46 0 70 52 0 70 42 0 70 44 0 143716 1207500 172601 6028 908750 5448
 2330.469917 9508 600 600 600 600 70 46 0 70 52 0 70 42 0 70 44 0 143716 1207500 172601 6302 908750 5448
 2330.669915 9509 600 600 600 600 70 46 0 70 52 0 70 42 0 70 44 0 143716 1207500 172601 6028 908750 5448
 2330.869915 9510 600 600 600 600 70 46 0 70 52 0 70 42 0 70 44 0 143716 1207500 172601 6028 908750 5448
 2331.069855 9511 600 600 600 600 70 46 0 70 52 0 70 42 0 70 44 0 144265 1207500 173808 6028 908750 5448
 2331.269914 9512 600 600 600 600 70 46 0 70 52 0 70 42 0 70 44 0 144265 1207500 173808 6028 908750 5448
 2331.469915 9513 600 600 600 600 70 46 0 70 52 0 70 42 0 70 44 0 143472 1207500 172601 6028 908750 5448
 2331.669914 9514 600 600 600 600 70 46 0 70 52 0 70 42 0 70 44 0 143228 1207500 172601 6028 908750 5448
 2331.869915 9515 600 600 600 600 70 46 0 70 52 0 70 42 0 70 44 0 144509 1207500 173808 6028 908750 5448
 2332.069925 9516 600 600 600 600 70 46 0 70 52 0 70 42 0 70 44 0 144509 1207500 173808 6028 908750 5448
 2332.269911 9517 600 600 600 600 70 46 0 70 52 0 70 42 0 70 44 0 143228 1207500 172601 6028 908750 5448
 2332.469915 9518 600 600 600 600 70 46 0 70 52 0 70 42 0 70 44 0 143228 1207500 172601 6028 908750 5448
 2332.669916 9519 600 600 600 600 70 46 0 70 52 0 70 42 0 70 44 0 144021 1207500 173808 6028 908750 5448
 2332.869918 9520 600 600 600 600 70 46 0 70 52 0 70 42 0 70 44 0 144021 1207500 173808 6028 908750 5448
 2333.069928 9521 600 600 600 600 70 46 0 70 52 0 70 42 0 70 44 0 143716 1207500 172601 6028 908750 5448
 2333.269915 9522 600 600 600 600 70 46 0 70 52 0 70 42 0 70 44 0 143716 1207500 172601 6028 908750 5448
 2333.469916 9523 600 600 600 600 70 46 0 70 52 0 70 42 0 70 44 0 143716 1207500 172601 6302 908750 5448
 2333.669915 9524 600 600 600 600 70 46 0 70 52 0 70 42 0 70 44 0 143716 1207500 172601 6302 908750 5448
 2333.869916 9525 600 600 600 600 70 46 0 70 52 0 70 42 0 70 44 0 144021 1207500 173808 6028 908750 5448
 2334.069926 9526 600 600 600 600 70 46 0 70 52 0 70 42 0 70 44 0 144021 1207500 173808 6028 908750 5448
 2334.269921 9527 600 600 600 600 70 46 0 70 52 0 70 42 0 70 44 0 143716 1207500 172601 6028 908750 5448
 2334.469916 9528 600 600 600 600 70 46 0 70 52 0 70 42 0 70 44 0 143716 1207500 172601 6028 908750 5448
 2334.669911 9529 600 600 600 600 70 46 0 70 52 0 70 42 0 70 44 0 142496 1207500 171394 6028 908750 5448
 2334.869915 9530 600 600 600 600 70 46 0 70 52 0 70 42 0 70 44 0 143716 1207500 172601 6028 908750 5448
 2335.069927 9531 600 600 600 600 70 46 0 70 52 0 70 42 0 70 44 0 143716 1207500 172601 6028 908750 5448
 2335.269915 9532 600 600 600 600 70 46 0 70 52 0 70 42 0 70 44 0 143716 1207500 172601 6028 908750 5448
 2335.469915 9533 600 600 600 600 70 46 0 70 52 0 70 42 0 70 44 0 143716 1207500 172601 6028 908750 5448
 2335.669917 9534 600 600 600 600 70 46 0 70 52 0 70 42 0 70 44 0 144509 1207500 173808 6028 908750 5448
 2335.869916 9535 600 600 600 600 70 46 0 70 52 0 70 42 0 70 44 0 144021 1207500 173808 6028 908750 5448
 2336.069928 9536 600 600 600 600 70 46 0 70 52 0 70 42 0 70 44 0 144021 1207500 173808 6028 908750 5448
 2336.269916 9537 600 600 600 600 70 46 0 70 52 0 70 42 0 70 44 0 143716 1208750 172744 6028 908750 5448
 2336.469914 9538 600 600 600 600 70 46 0 70 52 0 70 42 0 70 44 0 143228 1207500 172601 6028 908750 5448
 2336.669915 9539 600 600 600 600 70 46 0 70 52 0 70 42 0 70 44 0 144021 1207500 173808 6028 908750 5448
 2336.869899 9540 600 600 600 600 70 46 0 70 52 0 70 42 0 70 44 0 144021 1207500 173808 6028 908750 5448
 2337.069922 9541 600 600 600 600 70 46 0 70 52 0 70 42 0 70 44 0 143716 1207500 172601 6028 908750 5448
 2337.269914 9542 600 600 600 600 70 46 0 70 52 0 70 42 0 70 44 0 143716 1207500 172601 6028 908750 5448
 2337.469915 9543 600 600 600 600 70 46 0 70 52 0 70 42 0 70 44 0 144997 1207500 173808 6028 908750 5448
 2337.669894 9544 600 600 600 600 70 46 0 70 52 0 70 42 0 70 44 0 143716 1207500 172601 6028 908750 5448
 2337.869916 9545 600 600 600 600 70 46 0 70 52 0 70 42 0 70 44 0 143716 1207500 172601 6028 908750 5448
 2338.069926 9546 600 600 600 600 70 46 0 70 52 0 70 42 0 70 44 0 143716 1208750 172744 6302 908750 5448
 2338.269915 9547 600 600 600 600 70 46 0 70 52 0 70 42 0 70 44 0 144021 1207500 173808 6028 908750 5448
 2338.469917 9548 600 600 600 600 70 46 0 70 52 0 70 42 0 70 44 0 143228 1207500 172601 6028 908750 5448
 2338.669918 9549 600 600 600 600 70 46 0 70 52 0 70 42 0 70 44 0 143228 1207500 172601 6028 908750 5448
 2338.869915 9550 600 600 600 600 70 46 0 70 52 0 70 42 0 70 44 0 144509 1207500 173808 6028 908750 5448
 2339.069926 9551 600 600 600 600 70 46 0 70 52 0 70 42 0 70 44 0 144021 1207500 173808 6028 908750 5448
 2339.269909 9552 600 600 600 600 70 46 0 70 52 0 70 42 0 70 44 0 144021 1207500 173808 6028 908750 5448
 2339.469914 9553 600 600 600 600 70 46 0 70 52 0 70 42 0 70 44 0 144021 1207500 173808 6028 908750 5448
 2339.669914 9554 600 600 600 600 70 46 0 70 52 0 70 42 0 70 44 0 144021 1207500 173808 6028 908750 5448
 2339.869915 9555 600 600 600 600 70 46 0 70 52 0 70 42 0 70 44 0 143472 1207500 172601 6028 908750 5448
 2340.069925 9556 600 600 600 600 70 46 0 70 52 0 70 42 0 70 44 0 143472 1207500 172601 6028 908750 5448
 2340.269915 9557 600 600 600 600 70 46 0 70 52 0 70 42 0 70 44 0 143472 1207500 172601 6028 908750 5448
 2340.469911 9558 600 600 600 600 70 46 0 70 52 0 70 42 0 70 44 0 144021 1207500 173808 6028 908750 5448
 2340.669915 9559 600 600 600 600 70 46 0 70 52 0 70 42 0 70 44 0 144265 1207500 173808 6028 908750 5448
 2340.869915 9560 600 600 600 600 70 46 0 70 52 0 70 42 0 70 44 0 143716 1207500 172601 6028 908750 5448
 2341.069926 9561 600 600 600 600 70 46 0 70 52 0 70 42 0 70 44 0 143716 1207500 172601 6028 908750 5448
 2341.269914 9562 600 600 600 600 70 46 0 70 52 0 70 42 0 70 44 0 144509 1207500 173808 6028 908750 5448
 2341.469914 9563 600 600 600 600 70 46 0 70 52 0 70 42 0 70 44 0 145241 1207500 175015 6028 908750 5448
 2341.669916 9564 600 600 600 600 70 46 0 70 52 0 70 42 0 70 44 0 143228 1208750 172744 6302 908750 5448
 2341.869916 9565 600 600 600 600 70 46 0 70 52 0 70 42 0 70 44 0 143228 1208750 172744 6302 908750 5448
 2342.069926 9566 600 600 600 600 70 46 0 70 52 0 70 42 0 70 44 0 143472 1207500 172601 6028 908750 5448
 2342.269914 9567 600 600 600 600 70 46 0 70 52 0 70 42 0 70 44 0 144021 1207500 173808 6028 908750 5448
 2342.469915 9568 600 600 600 600 70 46 0 70 52 0 70 42 0 70 44 0 143228 1207500 172601 6028 908750 5448
 2342.669916 9569 600 600 600 600 70 46 0 70 52 0 70 42 0 70 44 0 143228 1207500 172601 6028 908750 5448
 2342.869910 9570 600 600 600 600 70 46 0 70 52 0 70 42 0 70 44 0 143716 1207500 172601 6028 908750 5448
 2343.069926 9571 600 600 600 600 70 46 0 70 52 0 70 42 0 70 44 0 144021 1207500 173808 6028 908750 5448
 2343.269915 9572 600 600 600 600 70 46 0 70 52 0 70 42 0 70 44 0 143472 1207500 172601 6028 908750 5448
 2343.469897 9573 600 600 600 600 70 46 0 70 52 0 70 42 0 70 44 0 143472 1207500 172601 6028 908750 5448
 2343.669915 9574 600 600 600 600 70 46 0 70 52 0 70 42 0 70 44 0 142740 1207500 171394 6028 908750 5448
 2343.869914 9575 600 600 600 600 70 46 0 70 52 0 70 42 0 70 44 0 144753 1207500 173808 6028 908750 5448
 2344.069926 9576 600 600 600 600 70 46 0 70 52 0 70 42 0 70 44 0 143472 1207500 172601 6028 908750 5448
 2344.269915 9577 600 600 600 600 70 46 0 70 52 0 70 42 0 70 44 0 144509 1207500 173808 6028 908750 5448
 2344.469914 9578 600 600 600 600 70 46 0 70 52 0 70 42 0 70 44 0 144509 1207500 173808 6028 908750 5448
 2344.669917 9579 600 600 600 600 70 46 0 70 52 0 70 42 0 70 44 0 144509 1207500 173808 6028 908750 5448
 2344.869915 9580 600 600 600 600 70 46 0 70 52 0 70 42 0 70 44 0 144021 1207500 173808 6302 908750 5448
 2345.069910 9581 600 600 600 600 70 46 0 70 52 0 70 42 0 70 44 0 144265 1207500 173808 6028 908750 5448
 2345.269914 9582 600 600 600 600 70 46 0 70 52 0 70 42 0 70 44 0 144265 1207500 173808 6028 908750 5448
 2345.469915 9583 600 600 600 600 70 46 0 70 52 0 70 42 0 70 44 0 142984 1207500 171394 6302 908750 5448
 2345.669915 9584 600 600 600 600 70 46 0 70 52 0 70 42 0 70 44 0 143716 1207500 172601 6028 908750 5448
 2345.869916 9585 600 600 600 600 70 46 0 70 52 0 70 42 0 70 44 0 142740 1207500 171394 6028 908750 5448
 2346.069926 9586 600 600 600 600 70 46 0 70 52 0 70 42 0 70 44 0 142740 1207500 171394 6028 908750 5448
 2346.269915 9587 600 600 600 600 70 46 0 70 52 0 70 42 0 70 44 0 143472 1207500 172601 6028 908750 5448
 2346.469914 9588 600 600 600 600 70 46 0 70 52 0 70 42 0 70 44 0 144997 1207500 173808 6302 908750 5448
 2346.669915 9589 600 600 600 600 70 46 0 70 52 0 70 42 0 70 44 0 144753 1207500 173808 6028 908750 5448
 2346.869915 9590 600 600 600 600 70 46 0 70 52 0 70 42 0 70 44 0 144753 1207500 173808 6028 908750 5448
 2347.069925 9591 600 600 600 600 70 46 0 70 52 0 70 42 0 70 44 0 144265 1207500 173808 6028 908750 5448
 2347.269914 9592 600 600 600 600 70 46 0 70 52 0 70 42 0 70 44 0 143716 1207500 172601 6028 908750 5448
 2347.469909 9593 600 600 600 600 70 46 0 70 52 0 70 42 0 70 44 0 144265 1208750 173952 6028 908750 5448
 2347.669917 9594 600 600 600 600 70 46 0 70 52 0 70 42 0 70 44 0 144265 1208750 173952 6028 908750 5448
 2347.869915 9595 600 600 600 600 70 46 0 70 52 0 70 42 0 70 44 0 143716 1207500 172601 6028 908750 5448
 2348.069925 9596 600 600 600 600 70 46 0 70 52 0 70 42 0 70 44 0 143472 1207500 172601 6028 908750 5448
 2348.269914 9597 600 600 600 600 70 46 0 70 52 0 70 42 0 70 44 0 144265 1208750 173952 6028 908750 5448
 2348.469917 9598 600 600 600 600 70 46 0 70 52 0 70 42 0 70 44 0 144265 1208750 173952 6028 908750 5448
 2348.669911 9599 600 600 600 600 70 46 0 70 52 0 70 42 0 70 44 0 144753 1207500 173808 6028 908750 5448
 2348.869915 9600 600 600 600 600 70 46 0 70 52 0 70 42 0 70 44 0 144021 1208750 173952 6028 908750 5448
 2349.069926 9601 600 600 600 600 70 46 0 70 52 0 70 42 0 70 44 0 143716 1207500 172601 6028 908750 5448
 2349.269916 9602 600 600 600 600 70 46 0 70 52 0 70 42 0 70 44 0 143716 1207500 172601 6028 908750 5448
 2349.469915 9603 600 600 600 600 70 46 0 70 52 0 70 42 0 70 44 0 143716 1208750 172744 6028 908750 5448
 2349.669915 9604 600 600 600 600 70 46 0 70 52 0 70 42 0 70 44 0 144021 1207500 173808 6302 908750 5448
 2349.869914 9605 600 600 600 600 70 46 0 70 52 0 70 42 0 70 44 0 144265 1207500 173808 6028 908750 5448
 2350.069905 9606 600 600 600 600 70 46 0 70 52 0 70 42 0 70 44 0 144265 1207500 173808 6028 908750 5448
 2350.269915 9607 600 600 600 600 70 46 0 70 52 0 70 42 0 70 44 0 144265 1207500 173808 6028 908750 5448
 2350.469915 9608 600 600 600 600 70 46 0 70 52 0 70 42 0 70 44 0 144021 1208750 173952 6028 908750 5448
 2350.669917 9609 600 600 600 600 70 46 0 70 52 0 70 42 0 70 44 0 144997 1207500 173808 6028 908750 5448
 2350.869910 9610 600 600 600 600 70 46 0 70 52 0 70 42 0 70 44 0 143472 1207500 172601 6028 908750 5448
 2351.069927 9611 600 600 600 600 70 46 0 70 52 0 70 42 0 70 44 0 143472 1207500 172601 6028 908750 5448
 2351.269915 9612 600 600 600 600 70 46 0 70 52 0 70 42 0 70 44 0 143716 1207500 172601 6028 908750 5448
 2351.469915 9613 600 600 600 600 70 46 0 70 52 0 70 42 0 70 44 0 144265 1207500 173808 6028 908750 5448
 2351.669915 9614 600 600 600 600 70 46 0 70 52 0 70 42 0 70 44 0 143716 1207500 172601 6028 908750 5448
 2351.869917 9615 600 600 600 600 70 46 0 70 52 0 70 42 0 70 44 0 143716 1207500 172601 6028 908750 5448
 2352.069926 9616 600 600 600 600 70 46 0 70 52 0 70 42 0 70 44 0 144509 1207500 173808 6302 908750 5448
 2352.269914 9617 600 600 600 600 70 46 0 70 52 0 70 42 0 70 44 0 144265 1207500 173808 6302 908750 5448
 2352.469914 9618 600 600 600 600 70 46 0 70 52 0 70 42 0 70 44 0 144509 1207500 173808 6028 908750 5448
 2352.669915 9619 600 600 600 600 70 46 0 70 52 0 70 42 0 70 44 0 144509 1207500 173808 6028 908750 5448
 2352.869915 9620 600 600 600 600 70 46 0 70 52 0 70 42 0 70 44 0 143716 1207500 172601 6028 908750 5448
 2353.069925 9621 600 600 600 600 70 46 0 70 52 0 70 42 0 70 44 0 144753 1207500 173808 6028 908750 5448
 2353.269909 9622 600 600 600 600 70 46 0 70 52 0 70 42 0 70 44 0 144021 1208750 173952 6028 908750 5448
 2353.469915 9623 600 600 600 600 70 46 0 70 52 0 70 42 0 70 44 0 144021 1208750 173952 6028 908750 5448
 2353.669917 9624 600 600 600 600 70 46 0 70 52 0 70 42 0 70 44 0 144753 1208750 173952 6028 908750 5448
 2353.869915 9625 600 600 600 600 70 46 0 70 52 0 70 42 0 70 44 0 144509 1207500 173808 6028 908750 5448
 2354.069925 9626 600 600 600 600 70 46 0 70 52 0 70 42 0 70 44 0 144265 1207500 173808 6028 908750 5448
 2354.269915 9627 600 600 600 600 70 46 0 70 52 0 70 42 0 70 44 0 144265 1207500 173808 6028 908750 5448
 2354.469915 9628 600 600 600 600 70 46 0 70 52 0 70 42 0 70 44 0 143228 1207500 172601 6302 908750 5448
 2354.669914 9629 600 600 600 600 70 46 0 70 52 0 70 42 0 70 44 0 143716 1207500 172601 6028 908750 5448
 2354.869915 9630 600 600 600 600 70 46 0 70 52 0 70 42 0 70 44 0 143472 1207500 172601 6302 908750 5448
 2355.069926 9631 600 600 600 600 70 46 0 70 52 0 70 42 0 70 44 0 143472 1207500 172601 6302 908750 5448
 2355.269914 9632 600 600 600 600 70 46 0 70 52 0 70 42 0 70 44 0 142740 1207500 171394 6302 908750 5448
 2355.469915 9633 600 600 600 600 70 46 0 70 52 0 70 42 0 70 44 0 144509 1207500 173808 6028 908750 5448
 2355.669909 9634 600 600 600 600 70 46 0 70 52 0 70 42 0 70 44 0 143228 1207500 172601 6028 908750 5448
 2355.869898 9635 600 600 600 600 70 46 0 70 52 0 70 42 0 70 44 0 143228 1207500 172601 6028 908750 5448
 2356.069926 9636 600 600 600 600 70 46 0 70 52 0 70 42 0 70 44 0 144021 1207500 173808 6028 908750 5448
 2356.269914 9637 600 600 600 600 70 46 0 70 52 0 70 42 0 70 44 0 143716 1207500 172601 6302 908750 5448
 2356.469915 9638 600 600 600 600 70 46 0 70 52 0 70 42 0 70 44 0 144021 1207500 173808 6302 908750 5448
 2356.669888 9639 600 600 600 600 70 46 0 70 52 0 70 42 0 70 44 0 143228 1207500 172601 6028 908750 5448
 2356.869916 9640 600 600 600 600 70 46 0 70 52 0 70 42 0 70 44 0 143228 1207500 172601 6028 908750 5448
 2357.069927 9641 600 600 600 600 70 46 0 70 52 0 70 42 0 70 44 0 144265 1207500 173808 6028 908750 5448
 2357.269915 9642 600 600 600 600 70 46 0 70 52 0 70 42 0 70 44 0 144265 1207500 173808 6028 908750 5448
 2357.469915 9643 600 600 600 600 70 46 0 70 52 0 70 42 0 70 44 0 143716 1207500 172601 6302 908750 5448
 2357.669915 9644 600 600 600 600 70 46 0 70 52 0 70 42 0 70 44 0 143716 1207500 172601 6302 908750 5448
 2357.869915 9645 600 600 600 600 70 46 0 70 52 0 70 42 0 70 44 0 143716 1207500 172601 6028 908750 5448
 2358.069925 9646 600 600 600 600 70 46 0 70 52 0 70 42 0 70 44 0 143716 1207500 172601 6028 908750 5448
 2358.269915 9647 600 600 600 600 70 46 0 70 52 0 70 42 0 70 44 0 144753 1207500 173808 6028 908750 5448
 2358.469914 9648 600 600 600 600 70 46 0 70 52 0 70 42 0 70 44 0 144753 1207500 173808 6028 908750 5448
 2358.669915 9649 600 600 600 600 70 46 0 70 52 0 70 42 0 70 44 0 143472 1207500 172601 6302 908750 5448
 2358.869915 9650 600 600 600 600 70 46 0 70 52 0 70 42 0 70 44 0 142984 1207500 171394 6028 908750 5448
 2359.069909 9651 600 600 600 600 70 46 0 70 52 0 70 42 0 70 44 0 144265 1207500 173808 6028 908750 5448
 2359.269922 9652 600 600 600 600 70 46 0 70 52 0 70 42 0 70 44 0 144265 1207500 173808 6028 908750 5448
 2359.469915 9653 600 600 600 600 70 46 0 70 52 0 70 42 0 70 44 0 144509 1208750 173952 6028 908750 5448
 2359.669917 9654 600 600 600 600 70 46 0 70 52 0 70 42 0 70 44 0 142740 1207500 171394 6028 908750 5448
 2359.869916 9655 600 600 600 600 70 46 0 70 52 0 70 42 0 70 44 0 144021 1208750 173952 6028 908750 5448
 2360.069927 9656 600 600 600 600 70 46 0 70 52 0 70 42 0 70 44 0 144021 1208750 173952 6028 908750 5448
 2360.269915 9657 600 600 600 600 70 46 0 70 52 0 70 42 0 70 44 0 143228 1208750 172744 6028 908750 5448
 2360.469917 9658 600 600 600 600 70 46 0 70 52 0 70 42 0 70 44 0 143472 1208750 172744 6028 908750 5448
 2360.669916 9659 600 600 600 600 70 46 0 70 52 0 70 42 0 70 44 0 143716 1207500 172601 6028 908750 5448
 2360.869919 9660 600 600 600 600 70 46 0 70 52 0 70 42 0 70 44 0 143716 1207500 172601 6028 908750 5448
 2361.069926 9661 600 600 600 600 70 46 0 70 52 0 70 42 0 70 44 0 144265 1207500 173808 6302 908750 5448
 2361.269915 9662 600 600 600 600 70 46 0 70 52 0 70 42 0 70 44 0 143716 1207500 172601 6028 908750 5448
 2361.469910 9663 600 600 600 600 70 46 0 70 52 0 70 42 0 70 44 0 143228 1207500 172601 6028 908750 5448
 2361.669915 9664 600 600 600 600 70 46 0 70 52 0 70 42 0 70 44 0 143228 1207500 172601 6028 908750 5448
 2361.869915 9665 600 600 600 600 70 46 0 70 52 0 70 42 0 70 44 0 143716 1207500 172601 6302 908750 5448
 2362.069926 9666 600 600 600 600 70 46 0 70 52 0 70 42 0 70 44 0 143228 1207500 172601 6302 908750 5448
 2362.269914 9667 600 600 600 600 70 46 0 70 52 0 70 42 0 70 44 0 144265 1207500 173808 6028 908750 5448
 2362.470486 9668 600 600 600 600 70 46 0 70 52 0 70 42 0 70 44 0 143716 1207500 172601 6028 908750 5448
 2362.669917 9669 600 600 600 600 70 46 0 70 52 0 70 42 0 70 44 0 143716 1207500 172601 6028 908750 5448
 2362.869917 9670 600 600 600 600 70 46 0 70 52 0 70 42 0 70 44 0 144265 1207500 173808 6302 908750 5448
 2363.069930 9671 600 600 600 600 70 46 0 70 52 0 70 42 0 70 44 0 144509 1207500 173808 6028 908750 5448
 2363.269915 9672 600 600 600 600 70 46 0 70 52 0 70 42 0 70 44 0 144753 1207500 173808 6028 908750 5448
 2363.469915 9673 600 600 600 600 70 46 0 70 52 0 70 42 0 70 44 0 144753 1207500 173808 6028 908750 5448
 2363.669916 9674 600 600 600 600 71 46 0 71 52 0 71 42 0 71 44 0 144265 1207500 173808 6302 908750 5448
 2363.869910 9675 600 600 600 600 71 46 0 71 52 0 71 42 0 71 44 0 144021 1207500 173808 6028 908750 5448
 2364.069927 9676 600 600 600 600 71 46 0 71 52 0 71 42 0 71 44 0 144509 1207500 173808 6028 908750 5448
 2364.269915 9677 600 600 600 600 71 46 0 71 52 0 71 42 0 71 44 0 144509 1207500 173808 6028 908750 5448
 2364.469915 9678 600 600 600 600 71 46 0 71 52 0 71 42 0 71 44 0 144265 1207500 173808 6028 908750 5448
 2364.669915 9679 600 600 600 600 71 46 0 71 52 0 71 42 0 71 44 0 144021 1207500 173808 6028 908750 5448
 2364.869909 9680 600 600 600 600 71 46 0 71 52 0 71 42 0 71 44 0 143472 1207500 172601 6028 908750 5448
 2365.069927 9681 600 600 600 600 70 46 0 70 52 0 70 42 0 70 44 0 143472 1207500 172601 6028 908750 5448
 2365.269915 9682 600 600 600 600 70 46 0 70 52 0 70 42 0 70 44 0 143472 1208750 172744 6302 908750 5448
 2365.469915 9683 600 600 600 600 70 46 0 70 52 0 70 42 0 70 44 0 144021 1207500 173808 6028 908750 5448
 2365.669917 9684 600 600 600 600 70 46 0 70 52 0 70 42 0 70 44 0 144021 1207500 173808 6028 908750 5448
 2365.869916 9685 600 600 600 600 70 46 0 70 52 0 70 42 0 70 44 0 144021 1207500 173808 6028 908750 5448
 2366.069927 9686 600 600 600 600 70 46 0 70 52 0 70 42 0 70 44 0 143472 1208750 172744 6028 908750 5448
 2366.269915 9687 600 600 600 600 70 46 0 70 52 0 70 42 0 70 44 0 143716 1207500 172601 6302 908750 5448
 2366.469915 9688 600 600 600 600 70 46 0 70 52 0 70 42 0 70 44 0 143716 1207500 172601 6302 908750 5448
 2366.669915 9689 600 600 600 600 70 46 0 70 52 0 70 42 0 70 44 0 143716 1207500 172601 6302 908750 5448
 2366.869915 9690 600 600 600 600 70 46 0 70 52 0 70 42 0 70 44 0 143472 1207500 172601 6302 908750 5448
 2367.069926 9691 600 600 600 600 70 46 0 70 52 0 70 42 0 70 44 0 144021 1207500 173808 6028 908750 5448
 2367.269909 9692 600 600 600 600 70 46 0 70 52 0 70 42 0 70 44 0 144509 1207500 173808 6302 908750 5448
 2367.469917 9693 600 600 600 600 70 46 0 70 52 0 70 42 0 70 44 0 144509 1207500 173808 6302 908750 5448
 2367.669916 9694 600 600 600 600 70 46 0 70 52 0 70 42 0 70 44 0 144509 1207500 173808 6028 908750 5448
 2367.869915 9695 600 600 600 600 70 46 0 70 52 0 70 42 0 70 44 0 143716 1207500 172601 6302 908750 5448
 2368.069925 9696 600 600 600 600 71 46 0 71 52 0 71 42 0 71 44 0 143716 1207500 172601 6302 908750 5448
 2368.269915 9697 600 600 600 600 71 46 0 71 52 0 71 42 0 71 44 0 143716 1207500 172601 6302 908750 5448
 2368.469915 9698 600 600 600 600 71 46 0 71 52 0 71 42 0 71 44 0 144753 1207500 173808 6028 908750 5448
 2368.669917 9699 600 600 600 600 71 46 0 71 52 0 71 42 0 71 44 0 144265 1207500 173808 6028 908750 5448
 2368.869916 9700 600 600 600 600 71 46 0 71 52 0 71 42 0 71 44 0 144265 1207500 173808 6028 908750 5448
 2369.069905 9701 600 600 600 600 71 46 0 71 52 0 71 42 0 71 44 0 144021 1207500 173808 6028 908750 5448
 2369.269928 9702 600 600 600 600 71 46 0 71 52 0 71 42 0 71 44 0 144021 1207500 173808 6028 908750 5448
 2369.469917 9703 600 600 600 600 71 46 0 71 52 0 71 42 0 71 44 0 144021 1207500 173808 6302 908750 5448
 2369.669910 9704 600 600 600 600 70 46 0 70 52 0 70 42 0 70 44 0 142252 1207500 171394 6028 908750 5448
 2369.869916 9705 600 600 600 600 70 46 0 70 52 0 70 42 0 70 44 0 144021 1207500 173808 6302 908750 5448
 2370.069927 9706 600 600 600 600 71 46 0 71 52 0 71 42 0 71 44 0 144021 1207500 173808 6302 908750 5448
 2370.269915 9707 600 600 600 600 71 46 0 71 52 0 71 42 0 71 44 0 143716 1207500 172601 6028 908750 5448
 2370.469916 9708 600 600 600 600 71 46 0 71 52 0 71 42 0 71 44 0 143472 1207500 172601 6028 908750 5448
 2370.669915 9709 600 600 600 600 71 46 0 71 52 0 71 42 0 71 44 0 144509 1207500 173808 6028 908750 5448
 2370.869916 9710 600 600 600 600 71 46 0 71 52 0 71 42 0 71 44 0 144509 1207500 173808 6028 908750 5448
 2371.069926 9711 600 600 600 600 71 46 0 71 52 0 71 42 0 71 44 0 144509 1208750 173952 6028 908750 5448
 2371.269915 9712 600 600 600 600 71 46 0 71 52 0 71 42 0 71 44 0 144021 1207500 173808 6302 908750 5448
 2371.469915 9713 600 600 600 600 71 46 0 71 52 0 71 42 0 71 44 0 144021 1207500 173808 6302 908750 5448
 2371.669919 9714 600 600 600 600 71 46 0 71 52 0 71 42 0 71 44 0 144021 1207500 173808 6302 908750 5448
 2371.869916 9715 600 600 600 600 71 46 0 71 52 0 71 42 0 71 44 0 143716 1207500 172601 6028 908750 5448
 2372.069921 9716 600 600 600 600 71 46 0 71 52 0 71 42 0 71 44 0 143716 1207500 172601 6302 908750 5448
 2372.269916 9717 600 600 600 600 71 46 0 71 52 0 71 42 0 71 44 0 144021 1207500 173808 6028 908750 5448
 2372.469916 9718 600 600 600 600 71 46 0 71 52 0 71 42 0 71 44 0 144021 1207500 173808 6028 908750 5448
 2372.669915 9719 600 600 600 600 71 46 0 71 52 0 71 42 0 71 44 0 143472 1207500 172601 6028 908750 5448
 2372.869916 9720 600 600 600 600 71 46 0 71 52 0 71 42 0 71 44 0 143716 1208750 172744 6302 908750 5448
 2373.069909 9721 600 600 600 600 71 46 0 71 52 0 71 42 0 71 44 0 144265 1207500 173808 6028 908750 5448
 2373.269916 9722 600 600 600 600 71 46 0 71 52 0 71 42 0 71 44 0 144265 1207500 173808 6028 908750 5448
 2373.469915 9723 600 600 600 600 71 46 0 71 52 0 71 42 0 71 44 0 143716 1207500 172601 6302 908750 5448
 2373.669915 9724 600 600 600 600 71 46 0 71 52 0 71 42 0 71 44 0 143472 1207500 172601 6302 908750 5448
 2373.869915 9725 600 600 600 600 71 46 0 71 52 0 71 42 0 71 44 0 144265 1207500 173808 6028 908750 5448
 2374.069926 9726 600 600 600 600 71 46 0 71 52 0 71 42 0 71 44 0 144265 1207500 173808 6028 908750 5448
 2374.269915 9727 600 600 600 600 71 46 0 71 52 0 71 42 0 71 44 0 144265 1207500 173808 6028 908750 5448
 2374.469914 9728 600 600 600 600 71 46 0 71 52 0 71 42 0 71 44 0 144265 1207500 173808 6028 908750 5448
 2374.669917 9729 600 600 600 600 71 46 0 71 52 0 71 42 0 71 44 0 144021 1207500 173808 6028 908750 5448
 2374.869899 9730 600 600 600 600 71 46 0 71 52 0 71 42 0 71 44 0 144021 1207500 173808 6028 908750 5448
 2375.069926 9731 600 600 600 600 71 46 0 71 52 0 71 42 0 71 44 0 143472 1208750 172744 6028 908750 5448
 2375.269915 9732 600 600 600 600 71 46 0 71 52 0 71 42 0 71 44 0 144265 1207500 173808 6302 908750 5448
 2375.469909 9733 600 600 600 600 71 46 0 71 52 0 71 42 0 71 44 0 144509 1207500 173808 6028 908750 5448
 2375.669915 9734 600 600 600 600 71 46 0 71 52 0 71 42 0 71 44 0 144265 1207500 173808 6028 908750 5448
 2375.869916 9735 600 600 600 600 71 46 0 71 52 0 71 42 0 71 44 0 144265 1207500 173808 6028 908750 5448
 2376.069926 9736 600 600 600 600 71 46 0 71 52 0 71 42 0 71 44 0 144021 1207500 173808 6302 908750 5448
 2376.269915 9737 600 600 600 600 71 46 0 71 52 0 71 42 0 71 44 0 144021 1207500 173808 6302 908750 5448
 2376.469915 9738 600 600 600 600 71 46 0 71 52 0 71 42 0 71 44 0 142984 1208750 171536 6028 908750 5448
 2376.669915 9739 600 600 600 600 71 46 0 71 52 0 71 42 0 71 44 0 142984 1208750 171536 6028 908750 5448
 2376.869915 9740 600 600 600 600 71 46 0 71 52 0 71 42 0 71 44 0 144021 1207500 173808 6302 908750 5448
 2377.069926 9741 600 600 600 600 71 46 0 71 52 0 71 42 0 71 44 0 143716 1207500 172601 6302 908750 5448
 2377.269915 9742 600 600 600 600 71 46 0 71 52 0 71 42 0 71 44 0 144021 1208750 173952 6028 908750 5448
 2377.469916 9743 600 600 600 600 71 46 0 71 52 0 71 42 0 71 44 0 144021 1208750 173952 6028 908750 5448
 2377.669917 9744 600 600 600 600 71 46 0 71 52 0 71 42 0 71 44 0 144021 1207500 173808 6302 908750 5448
 2377.869911 9745 600 600 600 600 71 46 0 71 52 0 71 42 0 71 44 0 144265 1207500 173808 6302 908750 5448
 2378.069925 9746 600 600 600 600 71 46 0 71 52 0 71 42 0 71 44 0 144021 1207500 173808 6302 908750 5448
 2378.269915 9747 600 600 600 600 71 46 0 71 52 0 71 42 0 71 44 0 144021 1207500 173808 6302 908750 5448
 2378.469915 9748 600 600 600 600 71 46 0 71 52 0 71 42 0 71 44 0 143472 1207500 172601 6302 908750 5448
 2378.669915 9749 600 600 600 600 71 46 0 71 52 0 71 42 0 71 44 0 143716 1207500 172601 6028 908750 5448
 2378.869916 9750 600 600 600 600 71 46 0 71 52 0 71 42 0 71 44 0 143716 1207500 172601 6028 908750 5448
 2379.069925 9751 600 600 600 600 71 46 0 71 52 0 71 42 0 71 44 0 143716 1207500 172601 6028 908750 5448
 2379.269915 9752 600 600 600 600 71 46 0 71 52 0 71 42 0 71 44 0 144021 1207500 173808 6302 908750 5448
 2379.469915 9753 600 600 600 600 71 46 0 71 52 0 71 42 0 71 44 0 143716 1207500 172601 6302 908750 5448
 2379.669915 9754 600 600 600 600 71 46 0 71 52 0 71 42 0 71 44 0 143472 1207500 172601 6302 908750 5448
 2379.869916 9755 600 600 600 600 71 46 0 71 52 0 71 42 0 71 44 0 143472 1207500 172601 6302 908750 5448
 2380.069926 9756 600 600 600 600 71 46 0 71 52 0 71 42 0 71 44 0 144509 1208750 173952 6302 908750 5448
 2380.269909 9757 600 600 600 600 71 46 0 71 52 0 71 42 0 71 44 0 143716 1207500 172601 6302 908750 5448
 2380.469916 9758 600 600 600 600 71 46 0 71 52 0 71 42 0 71 44 0 144021 1207500 173808 6302 908750 5448
 2380.669917 9759 600 600 600 600 71 46 0 71 52 0 71 42 0 71 44 0 144021 1207500 173808 6302 908750 5448
 2380.869916 9760 600 600 600 600 71 46 0 71 52 0 71 42 0 71 44 0 143716 1207500 172601 6302 908750 5448
 2381.069927 9761 600 600 600 600 71 46 0 71 52 0 71 42 0 71 44 0 144509 1207500 173808 6302 908750 5448
 2381.269909 9762 600 600 600 600 71 46 0 71 52 0 71 42 0 71 44 0 144021 1207500 173808 6302 908750 5448
 2381.469850 9763 600 600 600 600 71 46 0 71 52 0 71 42 0 71 44 0 144021 1207500 173808 6302 908750 5448
 2381.669918 9764 600 600 600 600 71 46 0 71 52 0 71 42 0 71 44 0 144021 1207500 173808 6302 908750 5448
 2381.869924 9765 600 600 600 600 71 46 0 71 52 0 71 42 0 71 44 0 143716 1207500 172601 6302 908750 5448
 2382.069928 9766 600 600 600 600 71 46 0 71 52 0 71 42 0 71 44 0 114985 1208750 137712 6302 908750 5448
 2382.269915 9767 600 600 600 600 71 46 0 71 52 0 71 42 0 71 44 0 22021 1208750 26576 6302 908750 5448
 2382.469915 9768 600 600 600 600 71 46 0 71 52 0 71 42 0 71 44 0 22021 1208750 26576 6302 908750 5448
 2382.669914 9769 600 600 600 600 71 46 0 71 52 0 71 42 0 71 44 0 22021 1208750 26576 6302 908750 5448
 2382.869916 9770 600 600 600 600 71 46 0 71 52 0 71 42 0 71 44 0 21777 1208750 25368 6028 908750 5448
 2383.069926 9771 600 600 600 600 70 46 0 70 52 0 70 42 0 70 44 0 22265 1208750 26576 6028 908750 5448
 2383.269914 9772 600 600 600 600 70 46 0 70 52 0 70 42 0 70 44 0 22265 1208750 26576 6028 908750 5448
 2383.469913 9773 600 600 600 600 70 46 0 70 52 0 70 42 0 70 44 0 22021 1208750 26576 6028 908750 5448
