 1473.629972 5224 250 250 250 250 69 46 0 69 52 0 69 42 0 69 44 0 21228 948750 19908 9864 1158750 10422
 1473.829966 5225 250 250 250 250 69 46 0 69 52 0 69 42 0 69 44 0 8235 950000 7600 9864 1158750 10422
 1474.030039 5226 250 250 250 250 69 46 0 69 52 0 69 42 0 69 44 0 8479 950000 7600 9864 1158750 10422
 1474.230005 5227 250 250 250 250 69 46 0 69 52 0 69 42 0 69 44 0 8479 950000 7600 9864 1158750 10422
 1474.429958 5228 250 250 250 250 69 46 0 69 52 0 69 42 0 69 44 0 44225 948750 41712 9864 1158750 10422
 1474.630017 5229 250 250 250 250 69 46 0 69 52 0 69 42 0 69 44 0 54717 947500 51138 9864 1158750 10422
 1474.830002 5230 250 250 250 250 69 46 0 69 52 0 69 42 0 69 44 0 55754 947500 52085 9864 1158750 10422
 1475.030048 5231 250 250 250 250 69 46 0 69 52 0 69 42 0 69 44 0 55754 947500 52085 9864 1158750 10422
 1475.229995 5232 250 250 250 250 69 46 0 69 52 0 69 42 0 69 44 0 53253 948750 50244 9864 1158750 10422
 1475.430025 5233 250 250 250 250 69 46 0 69 52 0 69 42 0 69 44 0 53497 947500 50191 9864 1158750 10422
 1475.630023 5234 250 250 250 250 69 46 0 69 52 0 69 42 0 69 44 0 52765 948750 49296 9864 1158750 10422
 1475.829972 5235 250 250 250 250 69 46 0 69 52 0 69 42 0 69 44 0 52765 948750 49296 9864 1158750 10422
 1476.030027 5236 250 250 250 250 69 46 0 69 52 0 69 42 0 69 44 0 53985 948750 50244 9864 1158750 10422
 1476.230046 5237 250 250 250 250 69 46 0 69 52 0 69 42 0 69 44 0 53253 947500 50191 9864 1158750 10422
 1476.430001 5238 250 250 250 250 69 46 0 69 52 0 69 42 0 69 44 0 51484 948750 48348 9864 1158750 10422
 1476.629925 5239 250 250 250 250 69 46 0 69 52 0 69 42 0 69 44 0 50264 948750 47400 9864 1158750 10422
 1476.829964 5240 250 250 250 250 69 46 0 69 52 0 69 42 0 69 44 0 50264 948750 47400 9864 1158750 10422
 1477.029991 5241 250 250 250 250 69 46 0 69 52 0 69 42 0 69 44 0 46970 948750 43608 9864 1158750 10422
 1477.229963 5242 250 250 250 250 69 46 0 69 52 0 69 42 0 69 44 0 46970 948750 43608 9864 1158750 10422
 1477.429963 5243 250 250 250 250 69 46 0 69 52 0 69 42 0 69 44 0 47275 947500 44509 9864 1158750 10422
 1477.629966 5244 250 250 250 250 69 46 0 69 52 0 69 42 0 69 44 0 47275 947500 44509 9864 1158750 10422
 1477.829963 5245 250 250 250 250 69 46 0 69 52 0 69 42 0 69 44 0 46726 947500 43562 9864 1158750 10422
 1478.029987 5246 250 250 250 250 69 46 0 69 52 0 69 42 0 69 44 0 46970 948750 43608 9864 1158750 10422
 1478.229963 5247 250 250 250 250 69 46 0 69 52 0 69 42 0 69 44 0 46970 947500 43562 9864 1158750 10422
 1478.429963 5248 250 250 250 250 69 46 0 69 52 0 69 42 0 69 44 0 46970 947500 43562 9864 1158750 10422
 1478.629964 5249 250 250 250 250 69 46 0 69 52 0 69 42 0 69 44 0 46970 947500 43562 9864 1158750 10422
 1478.829963 5250 250 250 250 250 69 46 0 69 52 0 69 42 0 69 44 0 47275 948750 44556 9864 1158750 10422
 1479.029949 5251 250 250 250 250 69 46 0 69 52 0 69 42 0 69 44 0 47275 947500 44509 9864 1158750 10422
 1479.229962 5252 250 250 250 250 69 46 0 69 52 0 69 42 0 69 44 0 47275 947500 44509 9864 1158750 10422
 1479.429965 5253 250 250 250 250 69 46 0 69 52 0 69 42 0 69 44 0 46970 948750 43608 9864 1158750 10422
 1479.629969 5254 250 250 250 250 69 46 0 69 52 0 69 42 0 69 44 0 46482 948750 43608 9864 1158750 10422
 1479.829963 5255 250 250 250 250 69 46 0 69 52 0 69 42 0 69 44 0 46970 948750 43608 9864 1158750 10422
 1480.029990 5256 250 250 250 250 69 46 0 69 52 0 69 42 0 69 44 0 46970 948750 43608 9864 1158750 10422
 1480.229963 5257 250 250 250 250 69 46 0 69 52 0 69 42 0 69 44 0 46726 948750 43608 9864 1158750 10422
 1480.429966 5258 250 250 250 250 69 46 0 69 52 0 69 42 0 69 44 0 46970 947500 43562 9864 1158750 10422
 1480.629963 5259 250 250 250 250 69 46 0 69 52 0 69 42 0 69 44 0 46970 947500 43562 9864 1158750 10422
 1480.829962 5260 250 250 250 250 69 46 0 69 52 0 69 42 0 69 44 0 46970 947500 43562 9864 1158750 10422
 1481.029988 5261 250 250 250 250 69 46 0 69 52 0 69 42 0 69 44 0 47275 948750 44556 9864 1158750 10422
 1481.229962 5262 250 250 250 250 69 46 0 69 52 0 69 42 0 69 44 0 47275 947500 44509 9864 1158750 10422
 1481.429949 5263 250 250 250 250 69 46 0 69 52 0 69 42 0 69 44 0 47275 948750 44556 9864 1158750 10422
 1481.629965 5264 250 250 250 250 69 46 0 69 52 0 69 42 0 69 44 0 47275 948750 44556 9864 1158750 10422
 1481.829962 5265 250 250 250 250 69 46 0 69 52 0 69 42 0 69 44 0 46970 948750 43608 9864 1158750 10422
 1482.029986 5266 250 250 250 250 69 46 0 69 52 0 69 42 0 69 44 0 47275 947500 44509 9864 1158750 10422
 1482.229962 5267 250 250 250 250 69 46 0 69 52 0 69 42 0 69 44 0 46726 948750 43608 9864 1158750 10422
 1482.429944 5268 250 250 250 250 69 46 0 69 52 0 69 42 0 69 44 0 46726 948750 43608 9864 1158750 10422
 1482.629969 5269 250 250 250 250 69 46 0 69 52 0 69 42 0 69 44 0 46726 948750 43608 9864 1158750 10422
 1482.829962 5270 250 250 250 250 69 46 0 69 52 0 69 42 0 69 44 0 47275 948750 44556 9864 1158750 10422
 1483.029985 5271 250 250 250 250 69 46 0 69 52 0 69 42 0 69 44 0 46726 948750 43608 9864 1158750 10422
 1483.229962 5272 250 250 250 250 69 46 0 69 52 0 69 42 0 69 44 0 46970 948750 43608 9864 1158750 10422
 1483.429962 5273 250 250 250 250 69 46 0 69 52 0 69 42 0 69 44 0 46970 948750 43608 9864 1158750 10422
 1483.629963 5274 250 250 250 250 69 46 0 69 52 0 69 42 0 69 44 0 46970 947500 43562 9864 1158750 10422
 1483.829950 5275 250 250 250 250 69 46 0 69 52 0 69 42 0 69 44 0 47275 948750 44556 9864 1158750 10422
 1484.029985 5276 250 250 250 250 69 46 0 69 52 0 69 42 0 69 44 0 47519 948750 44556 9864 1158750 10422
 1484.229965 5277 250 250 250 250 69 46 0 69 52 0 69 42 0 69 44 0 47519 948750 44556 9864 1158750 10422
 1484.429962 5278 250 250 250 250 69 46 0 69 52 0 69 42 0 69 44 0 46970 948750 43608 9864 1158750 10422
 1484.629967 5279 250 250 250 250 69 46 0 69 52 0 69 42 0 69 44 0 46970 947500 43562 9864 1158750 10422
 1484.829962 5280 250 250 250 250 69 46 0 69 52 0 69 42 0 69 44 0 46970 948750 43608 9864 1158750 10422
 1485.029986 5281 250 250 250 250 69 46 0 69 52 0 69 42 0 69 44 0 46970 948750 43608 9864 1158750 10422
 1485.229962 5282 250 250 250 250 69 46 0 69 52 0 69 42 0 69 44 0 46970 948750 43608 9864 1158750 10422
 1485.429962 5283 250 250 250 250 69 46 0 69 52 0 69 42 0 69 44 0 47275 947500 44509 9864 1158750 10422
 1485.629967 5284 250 250 250 250 69 46 0 69 52 0 69 42 0 69 44 0 46970 948750 43608 9864 1158750 10422
 1485.829965 5285 250 250 250 250 69 46 0 69 52 0 69 42 0 69 44 0 46970 948750 43608 9864 1158750 10422
 1486.029987 5286 250 250 250 250 69 46 0 69 52 0 69 42 0 69 44 0 46970 948750 43608 9864 1158750 10422
 1486.229950 5287 250 250 250 250 69 46 0 69 52 0 69 42 0 69 44 0 47519 947500 44509 9864 1158750 10422
 1486.429962 5288 250 250 250 250 69 46 0 69 52 0 69 42 0 69 44 0 46970 948750 43608 9864 1158750 10422
 1486.629964 5289 250 250 250 250 69 46 0 69 52 0 69 42 0 69 44 0 46970 948750 43608 9864 1158750 10422
 1486.829962 5290 250 250 250 250 69 46 0 69 52 0 69 42 0 69 44 0 46970 947500 43562 9864 1158750 10422
 1487.029986 5291 250 250 250 250 69 46 0 69 52 0 69 42 0 69 44 0 46970 947500 43562 9864 1158750 10422
 1487.229961 5292 250 250 250 250 69 46 0 69 52 0 69 42 0 69 44 0 46970 948750 43608 9864 1158750 10422
 1487.429962 5293 250 250 250 250 69 46 0 69 52 0 69 42 0 69 44 0 46970 948750 43608 9864 1158750 10422
 1487.629963 5294 250 250 250 250 69 46 0 69 52 0 69 42 0 69 44 0 46970 948750 43608 9864 1158750 10422
 1487.829962 5295 250 250 250 250 69 46 0 69 52 0 69 42 0 69 44 0 47519 948750 44556 9864 1158750 10422
 1488.029985 5296 250 250 250 250 69 46 0 69 52 0 69 42 0 69 44 0 47275 947500 44509 9864 1158750 10422
 1488.229962 5297 250 250 250 250 69 46 0 69 52 0 69 42 0 69 44 0 47275 947500 44509 9864 1158750 10422
 1488.429964 5298 250 250 250 250 69 46 0 69 52 0 69 42 0 69 44 0 47275 947500 44509 9864 1158750 10422
 1488.629953 5299 250 250 250 250 69 46 0 69 52 0 69 42 0 69 44 0 47275 947500 44509 9864 1158750 10422
 1488.829963 5300 250 250 250 250 69 46 0 69 52 0 69 42 0 69 44 0 47275 948750 44556 9864 1158750 10422
 1489.029960 5301 250 250 250 250 69 46 0 69 52 0 69 42 0 69 44 0 46482 947500 43562 9864 1158750 10422
 1489.229962 5302 250 250 250 250 69 46 0 69 52 0 69 42 0 69 44 0 46482 947500 43562 9864 1158750 10422
 1489.429962 5303 250 250 250 250 69 46 0 69 52 0 69 42 0 69 44 0 46970 948750 43608 9864 1158750 10422
 1489.629963 5304 250 250 250 250 69 46 0 69 52 0 69 42 0 69 44 0 47519 947500 44509 9864 1158750 10422
 1489.829963 5305 250 250 250 250 69 46 0 69 52 0 69 42 0 69 44 0 47519 948750 44556 9864 1158750 10422
 1490.029988 5306 250 250 250 250 69 46 0 69 52 0 69 42 0 69 44 0 47519 948750 44556 9864 1158750 10422
 1490.229962 5307 250 250 250 250 69 46 0 69 52 0 69 42 0 69 44 0 46726 947500 43562 9864 1158750 10422
 1490.429966 5308 250 250 250 250 69 46 0 69 52 0 69 42 0 69 44 0 46726 948750 43608 9864 1158750 10422
 1490.629963 5309 250 250 250 250 69 46 0 69 52 0 69 42 0 69 44 0 46970 947500 43562 9864 1158750 10422
 1490.829962 5310 250 250 250 250 69 46 0 69 52 0 69 42 0 69 44 0 46970 947500 43562 9864 1158750 10422
 1491.029973 5311 250 250 250 250 69 46 0 69 52 0 69 42 0 69 44 0 47275 947500 44509 9864 1158750 10422
 1491.229962 5312 250 250 250 250 69 46 0 69 52 0 69 42 0 69 44 0 47275 948750 44556 9864 1158750 10422
 1491.429964 5313 250 250 250 250 69 46 0 69 52 0 69 42 0 69 44 0 46970 948750 43608 9864 1158750 10422
 1491.629968 5314 250 250 250 250 69 46 0 69 52 0 69 42 0 69 44 0 46970 948750 43608 9864 1158750 10422
 1491.829962 5315 250 250 250 250 69 46 0 69 52 0 69 42 0 69 44 0 46726 948750 43608 9864 1158750 10422
 1492.029986 5316 250 250 250 250 69 46 0 69 52 0 69 42 0 69 44 0 47275 948750 44556 9864 1158750 10422
 1492.229962 5317 250 250 250 250 69 46 0 69 52 0 69 42 0 69 44 0 46970 948750 43608 9864 1158750 10422
 1492.429961 5318 250 250 250 250 69 46 0 69 52 0 69 42 0 69 44 0 46970 948750 43608 9864 1158750 10422
 1492.629963 5319 250 250 250 250 69 46 0 69 52 0 69 42 0 69 44 0 46726 948750 43608 9864 1158750 10422
 1492.829961 5320 250 250 250 250 69 46 0 69 52 0 69 42 0 69 44 0 46726 948750 43608 9864 1158750 10422
 1493.029986 5321 250 250 250 250 69 46 0 69 52 0 69 42 0 69 44 0 46970 947500 43562 9864 1158750 10422
 1493.229961 5322 250 250 250 250 69 46 0 69 52 0 69 42 0 69 44 0 46970 947500 43562 9864 1158750 10422
 1493.429951 5323 250 250 250 250 69 46 0 69 52 0 69 42 0 69 44 0 46726 948750 43608 9864 1158750 10422
 1493.629964 5324 250 250 250 250 69 46 0 69 52 0 69 42 0 69 44 0 46726 948750 43608 9864 1158750 10422
 1493.829963 5325 250 250 250 250 69 46 0 69 52 0 69 42 0 69 44 0 46726 948750 43608 9864 1158750 10422
 1494.029986 5326 250 250 250 250 69 46 0 69 52 0 69 42 0 69 44 0 46726 948750 43608 9864 1158750 10422
 1494.229962 5327 250 250 250 250 69 46 0 69 52 0 69 42 0 69 44 0 47275 948750 44556 9864 1158750 10422
 1494.429962 5328 250 250 250 250 69 46 0 69 52 0 69 42 0 69 44 0 46970 948750 43608 9864 1158750 10422
 1494.629966 5329 250 250 250 250 69 46 0 69 52 0 69 42 0 69 44 0 47275 948750 44556 9864 1158750 10422
 1494.829944 5330 250 250 250 250 69 46 0 69 52 0 69 42 0 69 44 0 47275 948750 44556 9864 1158750 10422
 1495.029986 5331 250 250 250 250 69 46 0 69 52 0 69 42 0 69 44 0 47275 948750 44556 9864 1158750 10422
 1495.229962 5332 250 250 250 250 69 46 0 69 52 0 69 42 0 69 44 0 47275 948750 44556 9864 1158750 10422
 1495.429961 5333 250 250 250 250 69 46 0 69 52 0 69 42 0 69 44 0 47519 948750 44556 9864 1158750 10422
 1495.629920 5334 250 250 250 250 69 46 0 69 52 0 69 42 0 69 44 0 47519 948750 44556 9864 1158750 10422
 1495.829962 5335 250 250 250 250 69 46 0 69 52 0 69 42 0 69 44 0 47519 948750 44556 9864 1158750 10422
 1496.029985 5336 250 250 250 250 69 46 0 69 52 0 69 42 0 69 44 0 46970 948750 43608 9864 1158750 10422
 1496.229963 5337 250 250 250 250 69 46 0 69 52 0 69 42 0 69 44 0 46970 948750 43608 9864 1158750 10422
 1496.429962 5338 250 250 250 250 69 46 0 69 52 0 69 42 0 69 44 0 47275 948750 44556 9864 1158750 10422
 1496.629966 5339 250 250 250 250 69 46 0 69 52 0 69 42 0 69 44 0 47275 948750 44556 9864 1158750 10422
 1496.829962 5340 250 250 250 250 69 46 0 69 52 0 69 42 0 69 44 0 47275 948750 44556 9864 1158750 10422
 1497.029985 5341 250 250 250 250 69 46 0 69 52 0 69 42 0 69 44 0 46970 948750 43608 9864 1158750 10422
 1497.229962 5342 250 250 250 250 69 46 0 69 52 0 69 42 0 69 44 0 47275 948750 44556 9864 1158750 10422
 1497.429961 5343 250 250 250 250 69 46 0 69 52 0 69 42 0 69 44 0 47275 948750 44556 9864 1158750 10422
 1497.629967 5344 250 250 250 250 69 46 0 69 52 0 69 42 0 69 44 0 47275 948750 44556 9864 1158750 10422
 1497.829962 5345 250 250 250 250 69 46 0 69 52 0 69 42 0 69 44 0 47275 948750 44556 9864 1158750 10422
 1498.029947 5346 250 250 250 250 69 46 0 69 52 0 69 42 0 69 44 0 46970 948750 43608 9864 1158750 10422
 1498.229965 5347 250 250 250 250 69 46 0 69 52 0 69 42 0 69 44 0 46970 948750 43608 9864 1158750 10422
 1498.429962 5348 250 250 250 250 69 46 0 69 52 0 69 42 0 69 44 0 46970 948750 43608 9864 1158750 10422
 1498.629962 5349 250 250 250 250 69 46 0 69 52 0 69 42 0 69 44 0 47275 948750 44556 9864 1158750 10422
 1498.829962 5350 250 250 250 250 69 46 0 69 52 0 69 42 0 69 44 0 46970 948750 43608 9864 1158750 10422
 1499.029985 5351 250 250 250 250 69 46 0 69 52 0 69 42 0 69 44 0 46970 948750 43608 9864 1158750 10422
 1499.229961 5352 250 250 250 250 69 46 0 69 52 0 69 42 0 69 44 0 46970 948750 43608 9864 1158750 10422
 1499.429965 5353 250 250 250 250 69 46 0 69 52 0 69 42 0 69 44 0 46970 948750 43608 9864 1158750 10422
 1499.629964 5354 250 250 250 250 69 46 0 69 52 0 69 42 0 69 44 0 46726 948750 43608 9864 1158750 10422
 1499.829962 5355 250 250 250 250 69 46 0 69 52 0 69 42 0 69 44 0 46726 948750 43608 9864 1158750 10422
 1500.029986 5356 250 250 250 250 69 46 0 69 52 0 69 42 0 69 44 0 46726 948750 43608 9864 1158750 10422
 1500.229962 5357 250 250 250 250 69 46 0 69 52 0 69 42 0 69 44 0 46726 948750 43608 9864 1158750 10422
 1500.429951 5358 250 250 250 250 69 46 0 69 52 0 69 42 0 69 44 0 46726 948750 43608 9864 1158750 10422
 1500.629968 5359 250 250 250 250 69 46 0 69 52 0 69 42 0 69 44 0 46726 948750 43608 9864 1158750 10422
 1500.829962 5360 250 250 250 250 69 46 0 69 52 0 69 42 0 69 44 0 47275 948750 44556 9864 1158750 10422
 1501.029986 5361 250 250 250 250 69 46 0 69 52 0 69 42 0 69 44 0 47275 948750 44556 9864 1158750 10422
 1501.229962 5362 250 250 250 250 69 46 0 69 52 0 69 42 0 69 44 0 46970 947500 43562 9864 1158750 10422
 1501.429946 5363 250 250 250 250 69 46 0 69 52 0 69 42 0 69 44 0 46970 947500 43562 9864 1158750 10422
 1501.629963 5364 250 250 250 250 69 46 0 69 52 0 69 42 0 69 44 0 46970 948750 43608 9864 1158750 10422
 1501.829961 5365 250 250 250 250 69 46 0 69 52 0 69 42 0 69 44 0 46726 948750 43608 9864 1158750 10422
 1502.029985 5366 250 250 250 250 69 46 0 69 52 0 69 42 0 69 44 0 47275 948750 44556 9864 1158750 10422
 1502.229961 5367 250 250 250 250 69 46 0 69 52 0 69 42 0 69 44 0 47275 948750 44556 9864 1158750 10422
 1502.429961 5368 250 250 250 250 69 46 0 69 52 0 69 42 0 69 44 0 47275 948750 44556 9864 1158750 10422
 1502.629962 5369 250 250 250 250 69 46 0 69 52 0 69 42 0 69 44 0 47275 948750 44556 9864 1158750 10422
 1502.829949 5370 250 250 250 250 69 46 0 69 52 0 69 42 0 69 44 0 46482 948750 43608 9864 1158750 10422
 1503.029985 5371 250 250 250 250 69 46 0 69 52 0 69 42 0 69 44 0 46970 948750 43608 9864 1158750 10422
 1503.229962 5372 250 250 250 250 69 46 0 69 52 0 69 42 0 69 44 0 46970 948750 43608 9864 1158750 10422
 1503.429961 5373 250 250 250 250 69 46 0 69 52 0 69 42 0 69 44 0 46970 948750 43608 9864 1158750 10422
 1503.629967 5374 250 250 250 250 69 46 0 69 52 0 69 42 0 69 44 0 46970 948750 43608 9864 1158750 10422
 1503.829961 5375 250 250 250 250 69 46 0 69 52 0 69 42 0 69 44 0 46970 948750 43608 9864 1158750 10422
 1504.029985 5376 250 250 250 250 69 46 0 69 52 0 69 42 0 69 44 0 46970 948750 43608 9864 1158750 10422
 1504.229962 5377 250 250 250 250 69 46 0 69 52 0 69 42 0 69 44 0 46970 948750 43608 9864 1158750 10422
 1504.429962 5378 250 250 250 250 69 46 0 69 52 0 69 42 0 69 44 0 47519 948750 44556 9864 1158750 10422
 1504.629962 5379 250 250 250 250 69 46 0 69 52 0 69 42 0 69 44 0 47275 948750 44556 9864 1158750 10422
 1504.829962 5380 250 250 250 250 69 46 0 69 52 0 69 42 0 69 44 0 47275 948750 44556 9864 1158750 10422
 1505.030317 5381 250 250 250 250 69 46 0 69 52 0 69 42 0 69 44 0 46970 948750 43608 9864 1158750 10422
 1505.229951 5382 250 250 250 250 69 46 0 69 52 0 69 42 0 69 44 0 47275 948750 44556 9864 1158750 10422
 1505.429962 5383 250 250 250 250 69 46 0 69 52 0 69 42 0 69 44 0 46970 947500 43562 9864 1158750 10422
 1505.629963 5384 250 250 250 250 69 46 0 69 52 0 69 42 0 69 44 0 46970 947500 43562 9864 1158750 10422
 1505.829962 5385 250 250 250 250 69 46 0 69 52 0 69 42 0 69 44 0 46970 948750 43608 9864 1158750 10422
 1506.029984 5386 250 250 250 250 69 46 0 69 52 0 69 42 0 69 44 0 46970 948750 43608 9864 1158750 10422
 1506.229962 5387 250 250 250 250 69 46 0 69 52 0 69 42 0 69 44 0 47275 947500 44509 9864 1158750 10422
 1506.429961 5388 250 250 250 250 69 46 0 69 52 0 69 42 0 69 44 0 47275 947500 44509 9864 1158750 10422
 1506.629968 5389 250 250 250 250 69 46 0 69 52 0 69 42 0 69 44 0 47275 947500 44509 9864 1158750 10422
 1506.829962 5390 250 250 250 250 69 46 0 69 52 0 69 42 0 69 44 0 47275 947500 44509 9864 1158750 10422
 1507.029985 5391 250 250 250 250 69 46 0 69 52 0 69 42 0 69 44 0 46970 947500 43562 9864 1158750 10422
 1507.229965 5392 250 250 250 250 69 46 0 69 52 0 69 42 0 69 44 0 46970 947500 43562 9864 1158750 10422
 1507.429961 5393 250 250 250 250 69 46 0 69 52 0 69 42 0 69 44 0 46726 948750 43608 9864 1158750 10422
 1507.629950 5394 250 250 250 250 69 46 0 69 52 0 69 42 0 69 44 0 47275 948750 44556 9864 1158750 10422
 1507.829962 5395 250 250 250 250 69 46 0 69 52 0 69 42 0 69 44 0 47275 948750 44556 9864 1158750 10422
 1508.029958 5396 250 250 250 250 69 46 0 69 52 0 69 42 0 69 44 0 46970 947500 43562 9864 1158750 10422
 1508.229962 5397 250 250 250 250 69 46 0 69 52 0 69 42 0 69 44 0 46970 947500 43562 9864 1158750 10422
 1508.429961 5398 250 250 250 250 69 46 0 69 52 0 69 42 0 69 44 0 47275 947500 44509 9864 1158750 10422
 1508.629962 5399 250 250 250 250 69 46 0 69 52 0 69 42 0 69 44 0 46970 947500 43562 9864 1158750 10422
 1508.829962 5400 250 250 250 250 69 46 0 69 52 0 69 42 0 69 44 0 46970 947500 43562 9864 1158750 10422
 1509.029985 5401 250 250 250 250 69 46 0 69 52 0 69 42 0 69 44 0 46970 947500 43562 9864 1158750 10422
 1509.229962 5402 250 250 250 250 69 46 0 69 52 0 69 42 0 69 44 0 46970 947500 43562 9864 1158750 10422
 1509.429962 5403 250 250 250 250 69 46 0 69 52 0 69 42 0 69 44 0 46970 948750 43608 9864 1158750 10422
 1509.629970 5404 250 250 250 250 69 46 0 69 52 0 69 42 0 69 44 0 46970 948750 43608 9864 1158750 10422
 1509.829962 5405 250 250 250 250 69 46 0 69 52 0 69 42 0 69 44 0 46970 948750 43608 9864 1158750 10422
 1510.029974 5406 250 250 250 250 69 46 0 69 52 0 69 42 0 69 44 0 47275 948750 44556 9864 1158750 10422
 1510.229962 5407 250 250 250 250 69 46 0 69 52 0 69 42 0 69 44 0 46970 947500 43562 9864 1158750 10422
 1510.429962 5408 250 250 250 250 69 46 0 69 52 0 69 42 0 69 44 0 47275 947500 44509 9864 1158750 10422
 1510.629963 5409 250 250 250 250 69 46 0 69 52 0 69 42 0 69 44 0 47275 947500 44509 9864 1158750 10422
 1510.829962 5410 250 250 250 250 69 46 0 69 52 0 69 42 0 69 44 0 47519 948750 44556 9864 1158750 10422
 1511.029985 5411 250 250 250 250 69 46 0 69 52 0 69 42 0 69 44 0 46726 947500 43562 9864 1158750 10422
 1511.229961 5412 250 250 250 250 69 46 0 69 52 0 69 42 0 69 44 0 46970 947500 43562 9864 1158750 10422
 1511.429962 5413 250 250 250 250 69 46 0 69 52 0 69 42 0 69 44 0 46970 947500 43562 9864 1158750 10422
 1511.629963 5414 250 250 250 250 69 46 0 69 52 0 69 42 0 69 44 0 46726 948750 43608 9864 1158750 10422
 1511.829962 5415 250 250 250 250 69 46 0 69 52 0 69 42 0 69 44 0 46482 947500 43562 9864 1158750 10422
 1512.029984 5416 250 250 250 250 69 46 0 69 52 0 69 42 0 69 44 0 47275 947500 44509 9864 1158750 10422
 1512.229964 5417 250 250 250 250 69 46 0 69 52 0 69 42 0 69 44 0 47275 947500 44509 9864 1158750 10422
 1512.429950 5418 250 250 250 250 69 46 0 69 52 0 69 42 0 69 44 0 47519 948750 44556 9864 1158750 10422
 1512.629967 5419 250 250 250 250 69 46 0 69 52 0 69 42 0 69 44 0 46726 948750 43608 9864 1158750 10422
 1512.829961 5420 250 250 250 250 69 46 0 69 52 0 69 42 0 69 44 0 46970 947500 43562 9864 1158750 10422
 1513.029985 5421 250 250 250 250 69 46 0 69 52 0 69 42 0 69 44 0 46970 947500 43562 9864 1158750 10422
 1513.229966 5422 250 250 250 250 69 46 0 69 52 0 69 42 0 69 44 0 46970 948750 43608 9864 1158750 10422
 1513.429961 5423 250 250 250 250 69 46 0 69 52 0 69 42 0 69 44 0 46970 948750 43608 9864 1158750 10422
 1513.629963 5424 250 250 250 250 69 46 0 69 52 0 69 42 0 69 44 0 46970 948750 43608 9864 1158750 10422
 1513.829943 5425 250 250 250 250 69 46 0 69 52 0 69 42 0 69 44 0 46970 948750 43608 9864 1158750 10422
 1514.029985 5426 250 250 250 250 69 46 0 69 52 0 69 42 0 69 44 0 47519 948750 44556 9864 1158750 10422
 1514.229961 5427 250 250 250 250 69 46 0 69 52 0 69 42 0 69 44 0 46970 948750 43608 9864 1158750 10422
 1514.429970 5428 250 250 250 250 69 46 0 69 52 0 69 42 0 69 44 0 46970 948750 43608 9864 1158750 10422
 1514.629923 5429 250 250 250 250 69 46 0 69 52 0 69 42 0 69 44 0 46482 948750 43608 9864 1158750 10422
 1514.829963 5430 250 250 250 250 69 46 0 69 52 0 69 42 0 69 44 0 46482 948750 43608 9864 1158750 10422
 1515.029987 5431 250 250 250 250 69 46 0 69 52 0 69 42 0 69 44 0 47275 948750 44556 9864 1158750 10422
 1515.229962 5432 250 250 250 250 69 46 0 69 52 0 69 42 0 69 44 0 46970 948750 43608 9864 1158750 10422
 1515.429961 5433 250 250 250 250 69 46 0 69 52 0 69 42 0 69 44 0 46970 948750 43608 9864 1158750 10422
 1515.629971 5434 250 250 250 250 69 46 0 69 52 0 69 42 0 69 44 0 46970 948750 43608 9864 1158750 10422
 1515.829962 5435 250 250 250 250 69 46 0 69 52 0 69 42 0 69 44 0 47275 948750 44556 9864 1158750 10422
 1516.029986 5436 250 250 250 250 69 46 0 69 52 0 69 42 0 69 44 0 47275 948750 44556 9864 1158750 10422
 1516.229961 5437 250 250 250 250 69 46 0 69 52 0 69 42 0 69 44 0 46970 948750 43608 9864 1158750 10422
 1516.429964 5438 250 250 250 250 69 46 0 69 52 0 69 42 0 69 44 0 46970 948750 43608 9864 1158750 10422
 1516.629964 5439 250 250 250 250 69 46 0 69 52 0 69 42 0 69 44 0 46726 948750 43608 9864 1158750 10422
 1516.829961 5440 250 250 250 250 69 46 0 69 52 0 69 42 0 69 44 0 47275 948750 44556 9864 1158750 10422
 1517.029951 5441 250 250 250 250 69 46 0 69 52 0 69 42 0 69 44 0 46970 948750 43608 9864 1158750 10422
 1517.229962 5442 250 250 250 250 69 46 0 69 52 0 69 42 0 69 44 0 46970 948750 43608 9864 1158750 10422
 1517.429962 5443 250 250 250 250 69 46 0 69 52 0 69 42 0 69 44 0 47275 948750 44556 9864 1158750 10422
 1517.629964 5444 250 250 250 250 69 46 0 69 52 0 69 42 0 69 44 0 47519 948750 44556 9864 1158750 10422
 1517.829962 5445 250 250 250 250 69 46 0 69 52 0 69 42 0 69 44 0 47275 948750 44556 9864 1158750 10422
 1518.029984 5446 250 250 250 250 69 46 0 69 52 0 69 42 0 69 44 0 47275 948750 44556 9864 1158750 10422
 1518.229962 5447 250 250 250 250 69 46 0 69 52 0 69 42 0 69 44 0 46970 948750 43608 9864 1158750 10422
 1518.429962 5448 250 250 250 250 69 46 0 69 52 0 69 42 0 69 44 0 46970 948750 43608 9864 1158750 10422
 1518.629967 5449 250 250 250 250 69 46 0 69 52 0 69 42 0 69 44 0 46970 948750 43608 9864 1158750 10422
 1518.829965 5450 250 250 250 250 69 46 0 69 52 0 69 42 0 69 44 0 46970 948750 43608 9864 1158750 10422
 1519.029985 5451 250 250 250 250 69 46 0 69 52 0 69 42 0 69 44 0 46482 948750 43608 9864 1158750 10422
 1519.229961 5452 250 250 250 250 69 46 0 69 52 0 69 42 0 69 44 0 47519 948750 44556 9864 1158750 10422
 1519.429952 5453 250 250 250 250 69 46 0 69 52 0 69 42 0 69 44 0 46970 948750 43608 9864 1158750 10422
 1519.629969 5454 250 250 250 250 69 46 0 69 52 0 69 42 0 69 44 0 46970 948750 43608 9864 1158750 10422
 1519.829962 5455 250 250 250 250 69 46 0 69 52 0 69 42 0 69 44 0 47275 948750 44556 9864 1158750 10422
 1520.029986 5456 250 250 250 250 69 46 0 69 52 0 69 42 0 69 44 0 47519 948750 44556 9864 1158750 10422
 1520.229961 5457 250 250 250 250 69 46 0 69 52 0 69 42 0 69 44 0 46970 948750 43608 9864 1158750 10422
 1520.429945 5458 250 250 250 250 69 46 0 69 52 0 69 42 0 69 44 0 46970 948750 43608 9864 1158750 10422
 1520.629965 5459 250 250 250 250 69 46 0 69 52 0 69 42 0 69 44 0 46970 948750 43608 9864 1158750 10422
 1520.829962 5460 250 250 250 250 69 46 0 69 52 0 69 42 0 69 44 0 46970 948750 43608 9864 1158750 10422
 1521.029986 5461 250 250 250 250 69 46 0 69 52 0 69 42 0 69 44 0 47275 948750 44556 9864 1158750 10422
 1521.229962 5462 250 250 250 250 69 46 0 69 52 0 69 42 0 69 44 0 46970 948750 43608 9864 1158750 10422
 1521.429961 5463 250 250 250 250 69 46 0 69 52 0 69 42 0 69 44 0 46970 948750 43608 9864 1158750 10422
 1521.629969 5464 250 250 250 250 69 46 0 69 52 0 69 42 0 69 44 0 46970 948750 43608 9864 1158750 10422
 1521.829950 5465 250 250 250 250 69 46 0 69 52 0 69 42 0 69 44 0 46970 948750 43608 9864 1158750 10422
 1522.029986 5466 250 250 250 250 69 46 0 69 52 0 69 42 0 69 44 0 47275 948750 44556 9864 1158750 10422
 1522.229961 5467 250 250 250 250 69 46 0 69 52 0 69 42 0 69 44 0 47275 948750 44556 9864 1158750 10422
 1522.429962 5468 250 250 250 250 69 46 0 69 52 0 69 42 0 69 44 0 46970 948750 43608 9864 1158750 10422
 1522.629963 5469 250 250 250 250 69 46 0 69 52 0 69 42 0 69 44 0 46970 948750 43608 9864 1158750 10422
 1522.829962 5470 250 250 250 250 69 46 0 69 52 0 69 42 0 69 44 0 46726 948750 43608 9864 1158750 10422
 1523.029987 5471 250 250 250 250 69 46 0 69 52 0 69 42 0 69 44 0 46726 948750 43608 9864 1158750 10422
 1523.229961 5472 250 250 250 250 69 46 0 69 52 0 69 42 0 69 44 0 47275 948750 44556 9864 1158750 10422
 1523.429961 5473 250 250 250 250 69 46 0 69 52 0 69 42 0 69 44 0 47519 948750 44556 9864 1158750 10422
 1523.629962 5474 250 250 250 250 69 46 0 69 52 0 69 42 0 69 44 0 46970 948750 43608 9864 1158750 10422
 1523.829963 5475 250 250 250 250 69 46 0 69 52 0 69 42 0 69 44 0 46970 948750 43608 9864 1158750 10422
 1524.029985 5476 250 250 250 250 69 46 0 69 52 0 69 42 0 69 44 0 46726 948750 43608 9864 1158750 10422
 1524.229950 5477 250 250 250 250 69 46 0 69 52 0 69 42 0 69 44 0 47275 948750 44556 9864 1158750 10422
 1524.429964 5478 250 250 250 250 69 46 0 69 52 0 69 42 0 69 44 0 47275 948750 44556 9864 1158750 10422
 1524.629970 5479 250 250 250 250 69 46 0 69 52 0 69 42 0 69 44 0 47275 948750 44556 9864 1158750 10422
 1524.829962 5480 250 250 250 250 69 46 0 69 52 0 69 42 0 69 44 0 46970 947500 43562 9864 1158750 10422
 1525.029986 5481 250 250 250 250 69 46 0 69 52 0 69 42 0 69 44 0 47275 948750 44556 9864 1158750 10422
 1525.229961 5482 250 250 250 250 69 46 0 69 52 0 69 42 0 69 44 0 47519 948750 44556 9864 1158750 10422
 1525.429961 5483 250 250 250 250 69 46 0 69 52 0 69 42 0 69 44 0 47519 948750 44556 9864 1158750 10422
 1525.629964 5484 250 250 250 250 69 46 0 69 52 0 69 42 0 69 44 0 47275 948750 44556 9864 1158750 10422
 1525.829961 5485 250 250 250 250 69 46 0 69 52 0 69 42 0 69 44 0 47275 948750 44556 9864 1158750 10422
 1526.029985 5486 250 250 250 250 69 46 0 69 52 0 69 42 0 69 44 0 46970 948750 43608 9864 1158750 10422
 1526.229961 5487 250 250 250 250 69 46 0 69 52 0 69 42 0 69 44 0 46970 948750 43608 9864 1158750 10422
 1526.429962 5488 250 250 250 250 69 46 0 69 52 0 69 42 0 69 44 0 46726 948750 43608 9864 1158750 10422
 1526.629950 5489 250 250 250 250 69 46 0 69 52 0 69 42 0 69 44 0 46970 948750 43608 9864 1158750 10422
 1526.829961 5490 250 250 250 250 69 46 0 69 52 0 69 42 0 69 44 0 47275 948750 44556 9864 1158750 10422
 1527.029958 5491 250 250 250 250 69 46 0 69 52 0 69 42 0 69 44 0 46726 948750 43608 9864 1158750 10422
 1527.229961 5492 250 250 250 250 69 46 0 69 52 0 69 42 0 69 44 0 46726 948750 43608 9864 1158750 10422
 1527.429961 5493 250 250 250 250 69 46 0 69 52 0 69 42 0 69 44 0 47275 948750 44556 9864 1158750 10422
 1527.629967 5494 250 250 250 250 69 46 0 69 52 0 69 42 0 69 44 0 46970 948750 43608 9864 1158750 10422
 1527.829962 5495 250 250 250 250 69 46 0 69 52 0 69 42 0 69 44 0 47275 948750 44556 9864 1158750 10422
 1528.029985 5496 250 250 250 250 69 46 0 69 52 0 69 42 0 69 44 0 47275 948750 44556 9864 1158750 10422
 1528.229962 5497 250 250 250 250 69 46 0 69 52 0 69 42 0 69 44 0 46970 948750 43608 9864 1158750 10422
 1528.429962 5498 250 250 250 250 69 46 0 69 52 0 69 42 0 69 44 0 46970 948750 43608 9864 1158750 10422
 1528.629961 5499 250 250 250 250 69 46 0 69 52 0 69 42 0 69 44 0 46970 948750 43608 9864 1158750 10422
 1528.829962 5500 250 250 250 250 69 46 0 69 52 0 69 42 0 69 44 0 46970 948750 43608 9864 1158750 10422
 1529.029973 5501 250 250 250 250 69 46 0 69 52 0 69 42 0 69 44 0 47519 947500 44509 9864 1158750 10422
 1529.229961 5502 250 250 250 250 69 46 0 69 52 0 69 42 0 69 44 0 47519 948750 44556 9864 1158750 10422
 1529.429961 5503 250 250 250 250 69 46 0 69 52 0 69 42 0 69 44 0 47275 948750 44556 9864 1158750 10422
 1529.629967 5504 250 250 250 250 69 46 0 69 52 0 69 42 0 69 44 0 47275 948750 44556 9864 1158750 10422
 1529.829962 5505 250 250 250 250 69 46 0 69 52 0 69 42 0 69 44 0 46726 948750 43608 9864 1158750 10422
 1530.029984 5506 250 250 250 250 69 46 0 69 52 0 69 42 0 69 44 0 47519 948750 44556 9864 1158750 10422
 1530.229961 5507 250 250 250 250 69 46 0 69 52 0 69 42 0 69 44 0 46970 948750 43608 9864 1158750 10422
 1530.429964 5508 250 250 250 250 69 46 0 69 52 0 69 42 0 69 44 0 46970 948750 43608 9864 1158750 10422
 1530.629970 5509 250 250 250 250 69 46 0 69 52 0 69 42 0 69 44 0 47275 948750 44556 9864 1158750 10422
 1530.829962 5510 250 250 250 250 69 46 0 69 52 0 69 42 0 69 44 0 47519 948750 44556 9864 1158750 10422
 1531.029985 5511 250 250 250 250 69 46 0 69 52 0 69 42 0 69 44 0 47275 948750 44556 9864 1158750 10422
 1531.229961 5512 250 250 250 250 69 46 0 69 52 0 69 42 0 69 44 0 47275 948750 44556 9864 1158750 10422
 1531.429950 5513 250 250 250 250 69 46 0 69 52 0 69 42 0 69 44 0 47275 948750 44556 9864 1158750 10422
 1531.629978 5514 250 250 250 250 69 46 0 69 52 0 69 42 0 69 44 0 47275 948750 44556 9864 1158750 10422
 1531.829965 5515 250 250 250 250 69 46 0 69 52 0 69 42 0 69 44 0 30500 948750 28440 9864 1158750 10422
 1532.029992 5516 250 250 250 250 69 46 0 69 52 0 69 42 0 69 44 0 30500 948750 28440 9864 1158750 10422
 1532.229966 5517 250 250 250 250 69 46 0 69 52 0 69 42 0 69 44 0 8479 950000 7600 9864 1158750 10422
 1532.429965 5518 250 250 250 250 69 46 0 69 52 0 69 42 0 69 44 0 8479 950000 7600 9864 1158750 10422
 1532.629967 5519 250 250 250 250 69 46 0 69 52 0 69 42 0 69 44 0 8479 950000 7600 9864 1158750 10422
 1532.829946 5520 250 250 250 250 69 46 0 69 52 0 69 42 0 69 44 0 8479 950000 7600 9864 1158750 10422
 1533.029989 5521 250 250 250 250 69 46 0 69 52 0 69 42 0 69 44 0 8479 950000 7600 9864 1158750 10422
 1533.229965 5522 250 250 250 250 69 46 0 69 52 0 69 42 0 69 44 0 8479 950000 7600 9864 1158750 10422
 1533.429965 5523 250 250 250 250 69 46 0 69 52 0 69 42 0 69 44 0 8479 950000 7600 9864 1158750 10422
