29714.404904 146425 1400 1400 1400 1400 77 46 0 77 52 0 77 42 0 77 44 0 5978 950000 4750 205774 1096250 224680
29714.605380 146426 1400 1400 1400 1400 77 46 0 77 52 0 77 42 0 77 44 0 5978 950000 4750 73158 1095000 79935
29714.805016 146427 1400 1400 1400 1400 77 46 0 77 52 0 77 42 0 77 44 0 5978 950000 4750 73158 1095000 79935
29715.004939 146428 1400 1400 1400 1400 77 46 0 77 52 0 77 42 0 77 44 0 5978 950000 4750 74802 1095000 81030
29715.204931 146429 1400 1400 1400 1400 76 46 0 76 52 0 76 42 0 76 44 0 5978 950000 4750 745280 1098750 818010
29715.404964 146430 1400 1400 1400 1400 76 46 0 76 52 0 76 42 0 76 44 0 5978 950000 4750 1066134 1100000 1172600
29715.604915 146431 1400 1400 1400 1400 76 46 0 76 52 0 76 42 0 76 44 0 5978 950000 4750 1066134 1100000 1172600
29715.804912 146432 1400 1400 1400 1400 76 46 0 76 52 0 76 42 0 76 44 0 5978 950000 4750 949136 1100000 1043900
29716.004927 146433 1400 1400 1400 1400 76 46 0 76 52 0 76 42 0 76 44 0 5978 950000 4750 917078 1098750 1006866
29716.204913 146434 1400 1400 1400 1400 77 46 0 77 52 0 77 42 0 77 44 0 5978 950000 4750 908584 1098750 996984
29716.404912 146435 1400 1400 1400 1400 77 46 0 77 52 0 77 42 0 77 44 0 5978 950000 4750 908584 1098750 996984
29716.604912 146436 1400 1400 1400 1400 77 46 0 77 52 0 77 42 0 77 44 0 5978 950000 4750 909132 1098750 998082
29716.804912 146437 1400 1400 1400 1400 77 46 0 77 52 0 77 42 0 77 44 0 5978 950000 4750 908858 1098750 996984
29717.004922 146438 1400 1400 1400 1400 77 46 0 77 52 0 77 42 0 77 44 0 5978 950000 4750 911050 1098750 1000278
29717.204914 146439 1400 1400 1400 1400 77 46 0 77 52 0 77 42 0 77 44 0 5978 950000 4750 911050 1098750 1000278
29717.404912 146440 1400 1400 1400 1400 77 46 0 77 52 0 77 42 0 77 44 0 5978 950000 4750 908858 1098750 996984
29717.604913 146441 1400 1400 1400 1400 77 46 0 77 52 0 77 42 0 77 44 0 5978 950000 4750 907762 1098750 995886
29717.804913 146442 1400 1400 1400 1400 77 46 0 77 52 0 77 42 0 77 44 0 5978 950000 4750 908858 1100000 998800
29718.004903 146443 1400 1400 1400 1400 77 46 0 77 52 0 77 42 0 77 44 0 5978 950000 4750 908858 1100000 998800
29718.204892 146444 1400 1400 1400 1400 77 46 0 77 52 0 77 42 0 77 44 0 5978 950000 4750 908584 1098750 996984
29718.404892 146445 1400 1400 1400 1400 77 46 0 77 52 0 77 42 0 77 44 0 5978 950000 4750 910502 1098750 999180
29718.604891 146446 1400 1400 1400 1400 77 46 0 77 52 0 77 42 0 77 44 0 5978 950000 4750 910502 1100000 1001000
29718.804891 146447 1400 1400 1400 1400 77 46 0 77 52 0 77 42 0 77 44 0 5978 950000 4750 910502 1100000 1001000
29719.004901 146448 1400 1400 1400 1400 77 46 0 77 52 0 77 42 0 77 44 0 5978 950000 4750 911324 1100000 1002100
29719.204892 146449 1400 1400 1400 1400 77 46 0 77 52 0 77 42 0 77 44 0 5978 950000 4750 909132 1098750 998082
29719.404888 146450 1400 1400 1400 1400 77 46 0 77 52 0 77 42 0 77 44 0 5978 950000 4750 908584 1098750 996984
29719.604892 146451 1400 1400 1400 1400 77 46 0 77 52 0 77 42 0 77 44 0 5978 950000 4750 908584 1098750 996984
29719.804891 146452 1400 1400 1400 1400 77 46 0 77 52 0 77 42 0 77 44 0 5978 950000 4750 907214 1098750 995886
29720.004902 146453 1400 1400 1400 1400 77 46 0 77 52 0 77 42 0 77 44 0 5978 950000 4750 906666 1098750 994788
29720.204891 146454 1400 1400 1400 1400 77 46 0 77 52 0 77 42 0 77 44 0 5978 950000 4750 909406 1098750 998082
29720.404984 146455 1400 1400 1400 1400 77 46 0 77 52 0 77 42 0 77 44 0 5978 950000 4750 909406 1098750 998082
29720.604845 146456 1400 1400 1400 1400 77 46 0 77 52 0 77 42 0 77 44 0 5978 950000 4750 909954 1098750 998082
29720.804844 146457 1400 1400 1400 1400 77 46 0 77 52 0 77 42 0 77 44 0 6222 950000 5700 917626 1098750 1006866
29721.004858 146458 1400 1400 1400 1400 77 46 0 77 52 0 77 42 0 77 44 0 5978 950000 4750 907214 1098750 995886
29721.204845 146459 1400 1400 1400 1400 77 46 0 77 52 0 77 42 0 77 44 0 5978 950000 4750 906940 1098750 994788
29721.404895 146460 1400 1400 1400 1400 77 46 0 77 52 0 77 42 0 77 44 0 5978 950000 4750 906940 1098750 994788
29721.604895 146461 1400 1400 1400 1400 77 46 0 77 52 0 77 42 0 77 44 0 5978 950000 4750 908584 1098750 996984
29721.804891 146462 1400 1400 1400 1400 77 46 0 77 52 0 77 42 0 77 44 0 5978 950000 4750 909680 1098750 998082
29722.004906 146463 1400 1400 1400 1400 77 46 0 77 52 0 77 42 0 77 44 0 6222 950000 5700 910502 1100000 1001000
29722.204895 146464 1400 1400 1400 1400 77 46 0 77 52 0 77 42 0 77 44 0 6222 950000 5700 910502 1100000 1001000
29722.404894 146465 1400 1400 1400 1400 77 46 0 77 52 0 77 42 0 77 44 0 6222 950000 5700 910776 1098750 999180
29722.604896 146466 1400 1400 1400 1400 77 46 0 77 52 0 77 42 0 77 44 0 6222 950000 5700 911324 1098750 1000278
29722.804895 146467 1400 1400 1400 1400 77 46 0 77 52 0 77 42 0 77 44 0 5978 950000 4750 909954 1100000 999900
29723.004906 146468 1400 1400 1400 1400 77 46 0 77 52 0 77 42 0 77 44 0 5978 950000 4750 909954 1100000 999900
29723.204896 146469 1400 1400 1400 1400 77 46 0 77 52 0 77 42 0 77 44 0 5978 950000 4750 910228 1100000 1001000
29723.404894 146470 1400 1400 1400 1400 77 46 0 77 52 0 77 42 0 77 44 0 6222 950000 5700 910228 1098750 999180
29723.604895 146471 1400 1400 1400 1400 77 46 0 77 52 0 77 42 0 77 44 0 6222 950000 5700 909132 1100000 999900
29723.804894 146472 1400 1400 1400 1400 77 46 0 77 52 0 77 42 0 77 44 0 6222 950000 5700 909132 1100000 999900
29724.004906 146473 1400 1400 1400 1400 77 46 0 77 52 0 77 42 0 77 44 0 5978 950000 4750 913242 1100000 1004300
29724.204892 146474 1400 1400 1400 1400 77 46 0 77 52 0 77 42 0 77 44 0 6222 950000 5700 911598 1098750 1000278
29724.404895 146475 1400 1400 1400 1400 77 46 0 77 52 0 77 42 0 77 44 0 6222 950000 5700 912146 1100000 1003200
29724.604896 146476 1400 1400 1400 1400 77 46 0 77 52 0 77 42 0 77 44 0 6222 950000 5700 912146 1100000 1003200
29724.804895 146477 1400 1400 1400 1400 77 46 0 77 52 0 77 42 0 77 44 0 5978 950000 4750 912694 1100000 1003200
29725.004927 146478 1400 1400 1400 1400 77 46 0 77 52 0 77 42 0 77 44 0 5978 950000 4750 910776 1100000 1001000
29725.204913 146479 1400 1400 1400 1400 77 46 0 77 52 0 77 42 0 77 44 0 5978 950000 4750 908584 1098750 996984
29725.404924 146480 1400 1400 1400 1400 77 46 0 77 52 0 77 42 0 77 44 0 5978 950000 4750 908584 1098750 996984
29725.604913 146481 1400 1400 1400 1400 77 46 0 77 52 0 77 42 0 77 44 0 5978 950000 4750 908584 1100000 998800
29725.804913 146482 1400 1400 1400 1400 77 46 0 77 52 0 77 42 0 77 44 0 6222 950000 5700 911872 1100000 1002100
29726.004922 146483 1400 1400 1400 1400 77 46 0 77 52 0 77 42 0 77 44 0 6222 950000 5700 910502 1098750 999180
29726.204912 146484 1400 1400 1400 1400 77 46 0 77 52 0 77 42 0 77 44 0 6222 950000 5700 910502 1098750 999180
29726.404913 146485 1400 1400 1400 1400 77 46 0 77 52 0 77 42 0 77 44 0 6222 950000 5700 909406 1100000 999900
29726.604908 146486 1400 1400 1400 1400 77 46 0 77 52 0 77 42 0 77 44 0 6222 950000 5700 910776 1098750 999180
29726.804914 146487 1400 1400 1400 1400 77 46 0 77 52 0 77 42 0 77 44 0 5978 950000 4750 909406 1098750 998082
29727.004906 146488 1400 1400 1400 1400 77 46 0 77 52 0 77 42 0 77 44 0 5978 950000 4750 909406 1098750 998082
29727.204913 146489 1400 1400 1400 1400 78 46 0 78 52 0 78 42 0 78 44 0 6222 950000 5700 908584 1100000 998800
29727.404914 146490 1400 1400 1400 1400 77 46 0 77 52 0 77 42 0 77 44 0 6222 950000 5700 909680 1100000 999900
29727.604913 146491 1400 1400 1400 1400 77 46 0 77 52 0 77 42 0 77 44 0 5978 950000 4750 911324 1098750 1000278
29727.804914 146492 1400 1400 1400 1400 77 46 0 77 52 0 77 42 0 77 44 0 5978 950000 4750 911872 1100000 1002100
29728.004925 146493 1400 1400 1400 1400 77 46 0 77 52 0 77 42 0 77 44 0 5978 950000 4750 911872 1100000 1002100
29728.204913 146494 1400 1400 1400 1400 78 46 0 78 52 0 78 42 0 78 44 0 5978 950000 4750 910776 1098750 999180
29728.404914 146495 1400 1400 1400 1400 78 46 0 78 52 0 78 42 0 78 44 0 6222 950000 5700 912146 1098750 1001376
29728.604914 146496 1400 1400 1400 1400 78 46 0 78 52 0 78 42 0 78 44 0 6222 950000 5700 909406 1098750 998082
29728.804913 146497 1400 1400 1400 1400 78 46 0 78 52 0 78 42 0 78 44 0 6222 950000 5700 909406 1098750 998082
29729.004925 146498 1400 1400 1400 1400 78 46 0 78 52 0 78 42 0 78 44 0 5978 950000 4750 909954 1098750 998082
29729.204914 146499 1400 1400 1400 1400 78 46 0 78 52 0 78 42 0 78 44 0 6222 950000 5700 909954 1100000 999900
29729.404915 146500 1400 1400 1400 1400 78 46 0 78 52 0 78 42 0 78 44 0 6222 950000 5700 911598 1100000 1002100
29729.604914 146501 1400 1400 1400 1400 78 46 0 78 52 0 78 42 0 78 44 0 6222 950000 5700 911598 1100000 1002100
29729.804914 146502 1400 1400 1400 1400 78 46 0 78 52 0 78 42 0 78 44 0 6222 950000 5700 911324 1100000 1002100
29730.004925 146503 1400 1400 1400 1400 78 46 0 78 52 0 78 42 0 78 44 0 5978 950000 4750 912694 1098750 1001376
29730.204914 146504 1400 1400 1400 1400 78 46 0 78 52 0 78 42 0 78 44 0 5978 950000 4750 911872 1100000 1002100
29730.405009 146505 1400 1400 1400 1400 78 46 0 78 52 0 78 42 0 78 44 0 5978 950000 4750 911872 1100000 1002100
29730.604913 146506 1400 1400 1400 1400 78 46 0 78 52 0 78 42 0 78 44 0 5978 950000 4750 908584 1098750 996984
29730.804913 146507 1400 1400 1400 1400 78 46 0 78 52 0 78 42 0 78 44 0 6222 950000 5700 939272 1100000 1032900
29731.004927 146508 1400 1400 1400 1400 78 46 0 78 52 0 78 42 0 78 44 0 5978 950000 4750 908584 1100000 998800
29731.204914 146509 1400 1400 1400 1400 78 46 0 78 52 0 78 42 0 78 44 0 5978 950000 4750 908584 1100000 998800
29731.404913 146510 1400 1400 1400 1400 78 46 0 78 52 0 78 42 0 78 44 0 5978 950000 4750 910776 1100000 1001000
29731.604914 146511 1400 1400 1400 1400 78 46 0 78 52 0 78 42 0 78 44 0 6222 950000 5700 911324 1100000 1002100
29731.804913 146512 1400 1400 1400 1400 78 46 0 78 52 0 78 42 0 78 44 0 6222 950000 5700 910776 1098750 999180
29732.004924 146513 1400 1400 1400 1400 78 46 0 78 52 0 78 42 0 78 44 0 6222 950000 5700 910776 1098750 999180
29732.204913 146514 1400 1400 1400 1400 78 46 0 78 52 0 78 42 0 78 44 0 6222 950000 5700 909954 1098750 998082
29732.404910 146515 1400 1400 1400 1400 78 46 0 78 52 0 78 42 0 78 44 0 6222 950000 5700 908310 1100000 998800
29732.604914 146516 1400 1400 1400 1400 78 46 0 78 52 0 78 42 0 78 44 0 6222 950000 5700 908036 1100000 998800
29732.804913 146517 1400 1400 1400 1400 78 46 0 78 52 0 78 42 0 78 44 0 6222 950000 5700 908036 1100000 998800
29733.004929 146518 1400 1400 1400 1400 78 46 0 78 52 0 78 42 0 78 44 0 5978 950000 4750 909954 1100000 999900
29733.204913 146519 1400 1400 1400 1400 78 46 0 78 52 0 78 42 0 78 44 0 6222 950000 5700 911872 1100000 1002100
29733.404914 146520 1400 1400 1400 1400 78 46 0 78 52 0 78 42 0 78 44 0 5978 950000 4750 913516 1100000 1004300
29733.604845 146521 1400 1400 1400 1400 78 46 0 78 52 0 78 42 0 78 44 0 6222 950000 5700 914886 1098750 1003572
29733.804914 146522 1400 1400 1400 1400 78 46 0 78 52 0 78 42 0 78 44 0 6222 950000 5700 914886 1098750 1003572
29734.004925 146523 1400 1400 1400 1400 78 46 0 78 52 0 78 42 0 78 44 0 5978 950000 4750 914886 1098750 1003572
29734.204913 146524 1400 1400 1400 1400 78 46 0 78 52 0 78 42 0 78 44 0 5978 950000 4750 912420 1098750 1001376
29734.404914 146525 1400 1400 1400 1400 78 46 0 78 52 0 78 42 0 78 44 0 6222 950000 5700 910228 1098750 999180
29734.604914 146526 1400 1400 1400 1400 78 46 0 78 52 0 78 42 0 78 44 0 6222 950000 5700 910228 1098750 999180
29734.804910 146527 1400 1400 1400 1400 78 46 0 78 52 0 78 42 0 78 44 0 6222 950000 5700 909954 1100000 999900
29735.004925 146528 1400 1400 1400 1400 78 46 0 78 52 0 78 42 0 78 44 0 6222 950000 5700 914338 1098750 1003572
29735.204915 146529 1400 1400 1400 1400 78 46 0 78 52 0 78 42 0 78 44 0 6222 950000 5700 912968 1100000 1003200
29735.404932 146530 1400 1400 1400 1400 78 46 0 78 52 0 78 42 0 78 44 0 6222 950000 5700 912968 1100000 1003200
29735.604914 146531 1400 1400 1400 1400 78 46 0 78 52 0 78 42 0 78 44 0 6222 950000 5700 911872 1100000 1002100
29735.804914 146532 1400 1400 1400 1400 78 46 0 78 52 0 78 42 0 78 44 0 5978 950000 4750 912146 1098750 1001376
29736.004925 146533 1400 1400 1400 1400 78 46 0 78 52 0 78 42 0 78 44 0 6222 950000 5700 911050 1098750 1000278
29736.204913 146534 1400 1400 1400 1400 78 46 0 78 52 0 78 42 0 78 44 0 6222 950000 5700 911050 1098750 1000278
29736.404914 146535 1400 1400 1400 1400 78 46 0 78 52 0 78 42 0 78 44 0 6222 950000 5700 908036 1100000 998800
29736.604914 146536 1400 1400 1400 1400 78 46 0 78 52 0 78 42 0 78 44 0 6222 950000 5700 911324 1100000 1002100
29736.804913 146537 1400 1400 1400 1400 78 46 0 78 52 0 78 42 0 78 44 0 6222 950000 5700 911050 1098750 1000278
29737.004929 146538 1400 1400 1400 1400 78 46 0 78 52 0 78 42 0 78 44 0 6222 950000 5700 911050 1098750 1000278
29737.204910 146539 1400 1400 1400 1400 78 46 0 78 52 0 78 42 0 78 44 0 6222 950000 5700 911598 1100000 1002100
29737.404914 146540 1400 1400 1400 1400 78 46 0 78 52 0 78 42 0 78 44 0 5978 950000 4750 912694 1098750 1001376
29737.604914 146541 1400 1400 1400 1400 78 46 0 78 52 0 78 42 0 78 44 0 6222 950000 5700 910502 1098750 999180
29737.804914 146542 1400 1400 1400 1400 78 46 0 78 52 0 78 42 0 78 44 0 6222 950000 5700 910502 1098750 999180
29738.004926 146543 1400 1400 1400 1400 78 46 0 78 52 0 78 42 0 78 44 0 6222 950000 5700 908584 1100000 998800
29738.204914 146544 1400 1400 1400 1400 78 46 0 78 52 0 78 42 0 78 44 0 6222 950000 5700 909954 1098750 998082
29738.404913 146545 1400 1400 1400 1400 78 46 0 78 52 0 78 42 0 78 44 0 5978 950000 4750 909132 1100000 999900
29738.604914 146546 1400 1400 1400 1400 78 46 0 78 52 0 78 42 0 78 44 0 5978 950000 4750 909132 1100000 999900
29738.804914 146547 1400 1400 1400 1400 78 46 0 78 52 0 78 42 0 78 44 0 5978 950000 4750 911324 1098750 1000278
29739.004925 146548 1400 1400 1400 1400 78 46 0 78 52 0 78 42 0 78 44 0 5978 950000 4750 911872 1098750 1000278
29739.204914 146549 1400 1400 1400 1400 78 46 0 78 52 0 78 42 0 78 44 0 6222 950000 5700 911872 1098750 1000278
29739.404897 146550 1400 1400 1400 1400 78 46 0 78 52 0 78 42 0 78 44 0 6222 950000 5700 911872 1098750 1000278
29739.604910 146551 1400 1400 1400 1400 78 46 0 78 52 0 78 42 0 78 44 0 6222 950000 5700 912146 1100000 1003200
29739.804913 146552 1400 1400 1400 1400 78 46 0 78 52 0 78 42 0 78 44 0 6222 950000 5700 910228 1100000 1001000
29740.004925 146553 1400 1400 1400 1400 78 46 0 78 52 0 78 42 0 78 44 0 5978 950000 4750 909954 1100000 999900
29740.204893 146554 1400 1400 1400 1400 78 46 0 78 52 0 78 42 0 78 44 0 5978 950000 4750 909406 1098750 998082
29740.405073 146555 1400 1400 1400 1400 78 46 0 78 52 0 78 42 0 78 44 0 5978 950000 4750 909406 1098750 998082
29740.604914 146556 1400 1400 1400 1400 78 46 0 78 52 0 78 42 0 78 44 0 6222 950000 5700 910776 1098750 999180
29740.804914 146557 1400 1400 1400 1400 78 46 0 78 52 0 78 42 0 78 44 0 6222 950000 5700 919270 1100000 1010900
29741.004929 146558 1400 1400 1400 1400 78 46 0 78 52 0 78 42 0 78 44 0 6222 950000 5700 910502 1098750 999180
29741.204914 146559 1400 1400 1400 1400 78 46 0 78 52 0 78 42 0 78 44 0 6222 950000 5700 910502 1098750 999180
29741.404913 146560 1400 1400 1400 1400 78 46 0 78 52 0 78 42 0 78 44 0 6222 950000 5700 922284 1098750 1012356
29741.604913 146561 1400 1400 1400 1400 78 46 0 78 52 0 78 42 0 78 44 0 6222 950000 5700 909132 1100000 999900
29741.804909 146562 1400 1400 1400 1400 78 46 0 78 52 0 78 42 0 78 44 0 6222 950000 5700 909954 1100000 999900
29742.004925 146563 1400 1400 1400 1400 78 46 0 78 52 0 78 42 0 78 44 0 6222 950000 5700 909954 1100000 999900
29742.204914 146564 1400 1400 1400 1400 78 46 0 78 52 0 78 42 0 78 44 0 6222 950000 5700 909132 1098750 998082
29742.404914 146565 1400 1400 1400 1400 78 46 0 78 52 0 78 42 0 78 44 0 5978 950000 4750 909680 1098750 998082
29742.604913 146566 1400 1400 1400 1400 78 46 0 78 52 0 78 42 0 78 44 0 5978 950000 4750 911050 1098750 1000278
29742.804914 146567 1400 1400 1400 1400 78 46 0 78 52 0 78 42 0 78 44 0 5978 950000 4750 911050 1098750 1000278
29743.004925 146568 1400 1400 1400 1400 78 46 0 78 52 0 78 42 0 78 44 0 6222 950000 5700 913790 1098750 1002474
29743.204913 146569 1400 1400 1400 1400 78 46 0 78 52 0 78 42 0 78 44 0 6222 950000 5700 910502 1098750 999180
29743.404913 146570 1400 1400 1400 1400 78 46 0 78 52 0 78 42 0 78 44 0 6222 950000 5700 908858 1098750 996984
29743.604914 146571 1400 1400 1400 1400 78 46 0 78 52 0 78 42 0 78 44 0 6222 950000 5700 908858 1098750 996984
29743.804914 146572 1400 1400 1400 1400 78 46 0 78 52 0 78 42 0 78 44 0 6222 950000 5700 910228 1100000 1001000
29744.004925 146573 1400 1400 1400 1400 78 46 0 78 52 0 78 42 0 78 44 0 6222 950000 5700 911324 1098750 1000278
29744.204910 146574 1400 1400 1400 1400 78 46 0 78 52 0 78 42 0 78 44 0 5978 950000 4750 911324 1100000 1002100
29744.404914 146575 1400 1400 1400 1400 78 46 0 78 52 0 78 42 0 78 44 0 5978 950000 4750 911324 1100000 1002100
29744.604913 146576 1400 1400 1400 1400 78 46 0 78 52 0 78 42 0 78 44 0 5978 950000 4750 914612 1098750 1003572
29744.804914 146577 1400 1400 1400 1400 78 46 0 78 52 0 78 42 0 78 44 0 6222 950000 5700 912420 1098750 1001376
29745.004928 146578 1400 1400 1400 1400 78 46 0 78 52 0 78 42 0 78 44 0 6222 950000 5700 914064 1100000 1005400
29745.204916 146579 1400 1400 1400 1400 78 46 0 78 52 0 78 42 0 78 44 0 6222 950000 5700 914064 1100000 1005400
29745.404925 146580 1400 1400 1400 1400 78 46 0 78 52 0 78 42 0 78 44 0 5978 950000 4750 911598 1100000 1002100
29745.604914 146581 1400 1400 1400 1400 78 46 0 78 52 0 78 42 0 78 44 0 5978 950000 4750 910502 1098750 999180
29745.804915 146582 1400 1400 1400 1400 78 46 0 78 52 0 78 42 0 78 44 0 6222 950000 5700 912420 1098750 1001376
29746.004909 146583 1400 1400 1400 1400 78 46 0 78 52 0 78 42 0 78 44 0 6222 950000 5700 912420 1098750 1001376
29746.204914 146584 1400 1400 1400 1400 78 46 0 78 52 0 78 42 0 78 44 0 6222 950000 5700 910502 1098750 999180
29746.404914 146585 1400 1400 1400 1400 78 46 0 78 52 0 78 42 0 78 44 0 6222 950000 5700 911872 1098750 1000278
29746.604910 146586 1400 1400 1400 1400 78 46 0 78 52 0 78 42 0 78 44 0 6222 950000 5700 912420 1098750 1001376
29746.804913 146587 1400 1400 1400 1400 78 46 0 78 52 0 78 42 0 78 44 0 5978 950000 4750 911324 1100000 1002100
29747.004926 146588 1400 1400 1400 1400 78 46 0 78 52 0 78 42 0 78 44 0 5978 950000 4750 911324 1100000 1002100
29747.204913 146589 1400 1400 1400 1400 78 46 0 78 52 0 78 42 0 78 44 0 6222 950000 5700 909406 1098750 998082
29747.404913 146590 1400 1400 1400 1400 78 46 0 78 52 0 78 42 0 78 44 0 6222 950000 5700 909132 1100000 999900
29747.604911 146591 1400 1400 1400 1400 78 46 0 78 52 0 78 42 0 78 44 0 6222 950000 5700 909954 1098750 998082
29747.804914 146592 1400 1400 1400 1400 78 46 0 78 52 0 78 42 0 78 44 0 6222 950000 5700 909954 1098750 998082
29748.004925 146593 1400 1400 1400 1400 78 46 0 78 52 0 78 42 0 78 44 0 6222 950000 5700 909680 1100000 999900
29748.204915 146594 1400 1400 1400 1400 78 46 0 78 52 0 78 42 0 78 44 0 6222 950000 5700 911324 1098750 1000278
29748.404914 146595 1400 1400 1400 1400 78 46 0 78 52 0 78 42 0 78 44 0 5978 950000 4750 913242 1100000 1004300
29748.604914 146596 1400 1400 1400 1400 78 46 0 78 52 0 78 42 0 78 44 0 5978 950000 4750 913242 1100000 1004300
29748.804913 146597 1400 1400 1400 1400 78 46 0 78 52 0 78 42 0 78 44 0 6222 950000 5700 911598 1098750 1000278
29749.004928 146598 1400 1400 1400 1400 78 46 0 78 52 0 78 42 0 78 44 0 6222 950000 5700 909680 1098750 998082
29749.204914 146599 1400 1400 1400 1400 78 46 0 78 52 0 78 42 0 78 44 0 6222 950000 5700 909406 1100000 999900
29749.404914 146600 1400 1400 1400 1400 78 46 0 78 52 0 78 42 0 78 44 0 6222 950000 5700 909406 1100000 999900
29749.604914 146601 1400 1400 1400 1400 78 46 0 78 52 0 78 42 0 78 44 0 6222 950000 5700 909406 1100000 999900
29749.804914 146602 1400 1400 1400 1400 78 46 0 78 52 0 78 42 0 78 44 0 6222 950000 5700 909954 1100000 999900
29750.004922 146603 1400 1400 1400 1400 78 46 0 78 52 0 78 42 0 78 44 0 6222 950000 5700 911872 1098750 1000278
29750.204914 146604 1400 1400 1400 1400 78 46 0 78 52 0 78 42 0 78 44 0 6222 950000 5700 911872 1098750 1000278
29750.405012 146605 1400 1400 1400 1400 78 46 0 78 52 0 78 42 0 78 44 0 5978 950000 4750 911872 1100000 1002100
29750.604914 146606 1400 1400 1400 1400 78 46 0 78 52 0 78 42 0 78 44 0 6222 950000 5700 911872 1098750 1000278
29750.804913 146607 1400 1400 1400 1400 78 46 0 78 52 0 78 42 0 78 44 0 5978 950000 4750 913790 1100000 1004300
29751.004927 146608 1400 1400 1400 1400 78 46 0 78 52 0 78 42 0 78 44 0 5978 950000 4750 913790 1100000 1004300
29751.204915 146609 1400 1400 1400 1400 78 46 0 78 52 0 78 42 0 78 44 0 5978 950000 4750 909132 1098750 998082
29751.404914 146610 1400 1400 1400 1400 78 46 0 78 52 0 78 42 0 78 44 0 5978 950000 4750 910776 1100000 1001000
29751.604913 146611 1400 1400 1400 1400 78 46 0 78 52 0 78 42 0 78 44 0 6222 950000 5700 909132 1100000 999900
29751.804914 146612 1400 1400 1400 1400 78 46 0 78 52 0 78 42 0 78 44 0 6222 950000 5700 909132 1100000 999900
29752.004926 146613 1400 1400 1400 1400 78 46 0 78 52 0 78 42 0 78 44 0 5978 950000 4750 914338 1100000 1005400
29752.204914 146614 1400 1400 1400 1400 78 46 0 78 52 0 78 42 0 78 44 0 6222 950000 5700 911324 1100000 1002100
29752.404909 146615 1400 1400 1400 1400 78 46 0 78 52 0 78 42 0 78 44 0 5978 950000 4750 911324 1098750 1000278
29752.604845 146616 1400 1400 1400 1400 78 46 0 78 52 0 78 42 0 78 44 0 6222 950000 5700 908858 1100000 998800
29752.804914 146617 1400 1400 1400 1400 78 46 0 78 52 0 78 42 0 78 44 0 6222 950000 5700 908858 1100000 998800
29753.004928 146618 1400 1400 1400 1400 78 46 0 78 52 0 78 42 0 78 44 0 6222 950000 5700 909680 1098750 998082
29753.204914 146619 1400 1400 1400 1400 78 46 0 78 52 0 78 42 0 78 44 0 5978 950000 4750 919818 1100000 1010900
29753.404914 146620 1400 1400 1400 1400 78 46 0 78 52 0 78 42 0 78 44 0 6222 950000 5700 909132 1100000 999900
29753.604913 146621 1400 1400 1400 1400 78 46 0 78 52 0 78 42 0 78 44 0 6222 950000 5700 909132 1100000 999900
29753.804914 146622 1400 1400 1400 1400 78 46 0 78 52 0 78 42 0 78 44 0 5978 950000 4750 909680 1100000 999900
29754.004924 146623 1400 1400 1400 1400 78 46 0 78 52 0 78 42 0 78 44 0 6222 950000 5700 912146 1098750 1001376
29754.204913 146624 1400 1400 1400 1400 78 46 0 78 52 0 78 42 0 78 44 0 5978 950000 4750 911598 1098750 1000278
29754.404913 146625 1400 1400 1400 1400 78 46 0 78 52 0 78 42 0 78 44 0 5978 950000 4750 911598 1098750 1000278
29754.604911 146626 1400 1400 1400 1400 78 46 0 78 52 0 78 42 0 78 44 0 5978 950000 4750 910776 1100000 1001000
29754.804909 146627 1400 1400 1400 1400 78 46 0 78 52 0 78 42 0 78 44 0 6222 950000 5700 914064 1100000 1005400
29755.004924 146628 1400 1400 1400 1400 78 46 0 78 52 0 78 42 0 78 44 0 6222 950000 5700 911324 1100000 1002100
29755.204913 146629 1400 1400 1400 1400 78 46 0 78 52 0 78 42 0 78 44 0 6222 950000 5700 911324 1100000 1002100
29755.404976 146630 1400 1400 1400 1400 78 46 0 78 52 0 78 42 0 78 44 0 6222 950000 5700 911324 1100000 1002100
29755.604912 146631 1400 1400 1400 1400 78 46 0 78 52 0 78 42 0 78 44 0 5978 950000 4750 920092 1098750 1010160
29755.804913 146632 1400 1400 1400 1400 78 46 0 78 52 0 78 42 0 78 44 0 6222 950000 5700 914064 1100000 1005400
29756.004925 146633 1400 1400 1400 1400 78 46 0 78 52 0 78 42 0 78 44 0 6222 950000 5700 914064 1100000 1005400
29756.204914 146634 1400 1400 1400 1400 78 46 0 78 52 0 78 42 0 78 44 0 5978 950000 4750 912968 1098750 1001376
29756.404913 146635 1400 1400 1400 1400 78 46 0 78 52 0 78 42 0 78 44 0 5978 950000 4750 912694 1100000 1003200
29756.604912 146636 1400 1400 1400 1400 78 46 0 78 52 0 78 42 0 78 44 0 6222 950000 5700 910776 1100000 1001000
29756.804913 146637 1400 1400 1400 1400 78 46 0 78 52 0 78 42 0 78 44 0 6222 950000 5700 910776 1100000 1001000
29757.004926 146638 1400 1400 1400 1400 78 46 0 78 52 0 78 42 0 78 44 0 6222 950000 5700 909680 1100000 999900
29757.204908 146639 1400 1400 1400 1400 78 46 0 78 52 0 78 42 0 78 44 0 6222 950000 5700 909954 1098750 998082
29757.404920 146640 1400 1400 1400 1400 78 46 0 78 52 0 78 42 0 78 44 0 5978 950000 4750 911598 1100000 1002100
29757.604912 146641 1400 1400 1400 1400 78 46 0 78 52 0 78 42 0 78 44 0 5978 950000 4750 911598 1100000 1002100
29757.804912 146642 1400 1400 1400 1400 78 46 0 78 52 0 78 42 0 78 44 0 6222 950000 5700 912146 1098750 1001376
29758.004924 146643 1400 1400 1400 1400 78 46 0 78 52 0 78 42 0 78 44 0 6222 950000 5700 912146 1100000 1003200
29758.204913 146644 1400 1400 1400 1400 78 46 0 78 52 0 78 42 0 78 44 0 5978 950000 4750 910776 1100000 1001000
29758.404895 146645 1400 1400 1400 1400 78 46 0 78 52 0 78 42 0 78 44 0 5978 950000 4750 910776 1100000 1001000
29758.604913 146646 1400 1400 1400 1400 78 46 0 78 52 0 78 42 0 78 44 0 6222 950000 5700 909954 1100000 999900
29758.804912 146647 1400 1400 1400 1400 78 46 0 78 52 0 78 42 0 78 44 0 5978 950000 4750 909680 1100000 999900
29759.004923 146648 1400 1400 1400 1400 78 46 0 78 52 0 78 42 0 78 44 0 5978 950000 4750 908584 1098750 996984
29759.204891 146649 1400 1400 1400 1400 78 46 0 78 52 0 78 42 0 78 44 0 6222 950000 5700 909680 1098750 998082
29759.404913 146650 1400 1400 1400 1400 78 46 0 78 52 0 78 42 0 78 44 0 6222 950000 5700 909680 1098750 998082
29759.604909 146651 1400 1400 1400 1400 78 46 0 78 52 0 78 42 0 78 44 0 6222 950000 5700 911050 1098750 1000278
29759.804912 146652 1400 1400 1400 1400 78 46 0 78 52 0 78 42 0 78 44 0 6222 950000 5700 912146 1100000 1003200
29760.004923 146653 1400 1400 1400 1400 78 46 0 78 52 0 78 42 0 78 44 0 5978 950000 4750 910228 1100000 1001000
29760.204913 146654 1400 1400 1400 1400 78 46 0 78 52 0 78 42 0 78 44 0 5978 950000 4750 910228 1100000 1001000
29760.404925 146655 1400 1400 1400 1400 78 46 0 78 52 0 78 42 0 78 44 0 6222 950000 5700 909954 1098750 998082
29760.604909 146656 1400 1400 1400 1400 78 46 0 78 52 0 78 42 0 78 44 0 6222 950000 5700 911050 1098750 1000278
29760.804913 146657 1400 1400 1400 1400 78 46 0 78 52 0 78 42 0 78 44 0 6222 950000 5700 912146 1098750 1001376
29761.004926 146658 1400 1400 1400 1400 78 46 0 78 52 0 78 42 0 78 44 0 6222 950000 5700 912146 1098750 1001376
29761.204913 146659 1400 1400 1400 1400 78 46 0 78 52 0 78 42 0 78 44 0 6222 950000 5700 911598 1098750 1000278
29761.404912 146660 1400 1400 1400 1400 78 46 0 78 52 0 78 42 0 78 44 0 6222 950000 5700 911598 1100000 1002100
29761.604912 146661 1400 1400 1400 1400 78 46 0 78 52 0 78 42 0 78 44 0 6222 950000 5700 911050 1098750 1000278
29761.804913 146662 1400 1400 1400 1400 78 46 0 78 52 0 78 42 0 78 44 0 6222 950000 5700 911050 1098750 1000278
29762.004920 146663 1400 1400 1400 1400 78 46 0 78 52 0 78 42 0 78 44 0 6222 950000 5700 913242 1098750 1002474
29762.204913 146664 1400 1400 1400 1400 78 46 0 78 52 0 78 42 0 78 44 0 6222 950000 5700 908584 1100000 998800
29762.404913 146665 1400 1400 1400 1400 78 46 0 78 52 0 78 42 0 78 44 0 6222 950000 5700 908858 1098750 996984
29762.604913 146666 1400 1400 1400 1400 78 46 0 78 52 0 78 42 0 78 44 0 6222 950000 5700 908858 1098750 996984
29762.804912 146667 1400 1400 1400 1400 78 46 0 78 52 0 78 42 0 78 44 0 6222 950000 5700 910502 1100000 1001000
29763.004923 146668 1400 1400 1400 1400 78 46 0 78 52 0 78 42 0 78 44 0 6222 950000 5700 909680 1098750 998082
29763.204913 146669 1400 1400 1400 1400 78 46 0 78 52 0 78 42 0 78 44 0 6222 950000 5700 909954 1100000 999900
29763.404912 146670 1400 1400 1400 1400 78 46 0 78 52 0 78 42 0 78 44 0 6222 950000 5700 909954 1100000 999900
29763.604912 146671 1400 1400 1400 1400 78 46 0 78 52 0 78 42 0 78 44 0 6222 950000 5700 909954 1098750 998082
29763.804912 146672 1400 1400 1400 1400 78 46 0 78 52 0 78 42 0 78 44 0 6222 950000 5700 909954 1098750 998082
29764.004923 146673 1400 1400 1400 1400 78 46 0 78 52 0 78 42 0 78 44 0 6222 950000 5700 913242 1100000 1004300
29764.204913 146674 1400 1400 1400 1400 78 46 0 78 52 0 78 42 0 78 44 0 6222 950000 5700 913242 1100000 1004300
29764.404909 146675 1400 1400 1400 1400 78 46 0 78 52 0 78 42 0 78 44 0 6222 950000 5700 908858 1098750 996984
29764.604914 146676 1400 1400 1400 1400 78 46 0 78 52 0 78 42 0 78 44 0 6222 950000 5700 910776 1100000 1001000
29764.804913 146677 1400 1400 1400 1400 78 46 0 78 52 0 78 42 0 78 44 0 6222 950000 5700 910502 1100000 1001000
29765.004908 146678 1400 1400 1400 1400 78 46 0 78 52 0 78 42 0 78 44 0 6222 950000 5700 910502 1100000 1001000
29765.204912 146679 1400 1400 1400 1400 78 46 0 78 52 0 78 42 0 78 44 0 6222 950000 5700 914064 1098750 1003572
29765.404993 146680 1400 1400 1400 1400 78 46 0 78 52 0 78 42 0 78 44 0 6222 950000 5700 912968 1098750 1001376
29765.604913 146681 1400 1400 1400 1400 78 46 0 78 52 0 78 42 0 78 44 0 5978 950000 4750 913242 1100000 1004300
29765.804912 146682 1400 1400 1400 1400 78 46 0 78 52 0 78 42 0 78 44 0 6222 950000 5700 937080 1100000 1030700
29766.004923 146683 1400 1400 1400 1400 78 46 0 78 52 0 78 42 0 78 44 0 6222 950000 5700 937080 1100000 1030700
29766.204912 146684 1400 1400 1400 1400 78 46 0 78 52 0 78 42 0 78 44 0 6222 950000 5700 911050 1098750 1000278
29766.404913 146685 1400 1400 1400 1400 78 46 0 78 52 0 78 42 0 78 44 0 5978 950000 4750 910776 1100000 1001000
29766.604912 146686 1400 1400 1400 1400 78 46 0 78 52 0 78 42 0 78 44 0 6222 950000 5700 912146 1098750 1001376
29766.804913 146687 1400 1400 1400 1400 78 46 0 78 52 0 78 42 0 78 44 0 6222 950000 5700 912146 1098750 1001376
29767.004925 146688 1400 1400 1400 1400 78 46 0 78 52 0 78 42 0 78 44 0 6222 950000 5700 914064 1100000 1005400
29767.204912 146689 1400 1400 1400 1400 78 46 0 78 52 0 78 42 0 78 44 0 6222 950000 5700 912968 1098750 1001376
29767.404913 146690 1400 1400 1400 1400 78 46 0 78 52 0 78 42 0 78 44 0 6222 950000 5700 912420 1098750 1001376
29767.604912 146691 1400 1400 1400 1400 78 46 0 78 52 0 78 42 0 78 44 0 6222 950000 5700 912420 1098750 1001376
29767.804909 146692 1400 1400 1400 1400 78 46 0 78 52 0 78 42 0 78 44 0 6222 950000 5700 909954 1098750 998082
29768.004922 146693 1400 1400 1400 1400 78 46 0 78 52 0 78 42 0 78 44 0 6222 950000 5700 909406 1098750 998082
29768.204912 146694 1400 1400 1400 1400 78 46 0 78 52 0 78 42 0 78 44 0 5978 950000 4750 908858 1098750 996984
29768.404913 146695 1400 1400 1400 1400 78 46 0 78 52 0 78 42 0 78 44 0 5978 950000 4750 908858 1098750 996984
29768.604914 146696 1400 1400 1400 1400 78 46 0 78 52 0 78 42 0 78 44 0 6222 950000 5700 912694 1098750 1001376
29768.804914 146697 1400 1400 1400 1400 78 46 0 78 52 0 78 42 0 78 44 0 6222 950000 5700 911872 1098750 1000278
29769.004926 146698 1400 1400 1400 1400 78 46 0 78 52 0 78 42 0 78 44 0 5978 950000 4750 911324 1098750 1000278
29769.204912 146699 1400 1400 1400 1400 78 46 0 78 52 0 78 42 0 78 44 0 5978 950000 4750 911324 1098750 1000278
29769.404912 146700 1400 1400 1400 1400 78 46 0 78 52 0 78 42 0 78 44 0 6222 950000 5700 911598 1098750 1000278
29769.604912 146701 1400 1400 1400 1400 78 46 0 78 52 0 78 42 0 78 44 0 5978 950000 4750 909680 1100000 999900
29769.804912 146702 1400 1400 1400 1400 78 46 0 78 52 0 78 42 0 78 44 0 6222 950000 5700 909406 1100000 999900
29770.004924 146703 1400 1400 1400 1400 78 46 0 78 52 0 78 42 0 78 44 0 6222 950000 5700 909406 1100000 999900
29770.204908 146704 1400 1400 1400 1400 78 46 0 78 52 0 78 42 0 78 44 0 5978 950000 4750 908584 1100000 998800
29770.404923 146705 1400 1400 1400 1400 78 46 0 78 52 0 78 42 0 78 44 0 6222 950000 5700 911324 1098750 1000278
29770.604912 146706 1400 1400 1400 1400 78 46 0 78 52 0 78 42 0 78 44 0 5978 950000 4750 911324 1100000 1002100
29770.804913 146707 1400 1400 1400 1400 78 46 0 78 52 0 78 42 0 78 44 0 5978 950000 4750 911324 1100000 1002100
29771.004923 146708 1400 1400 1400 1400 78 46 0 78 52 0 78 42 0 78 44 0 5978 950000 4750 913790 1098750 1002474
29771.204913 146709 1400 1400 1400 1400 78 46 0 78 52 0 78 42 0 78 44 0 6222 950000 5700 912146 1100000 1003200
29771.404913 146710 1400 1400 1400 1400 78 46 0 78 52 0 78 42 0 78 44 0 6222 950000 5700 910502 1098750 999180
29771.604891 146711 1400 1400 1400 1400 78 46 0 78 52 0 78 42 0 78 44 0 6222 950000 5700 909680 1100000 999900
29771.804912 146712 1400 1400 1400 1400 78 46 0 78 52 0 78 42 0 78 44 0 6222 950000 5700 909680 1100000 999900
29772.004923 146713 1400 1400 1400 1400 78 46 0 78 52 0 78 42 0 78 44 0 6222 950000 5700 911324 1098750 1000278
29772.204911 146714 1400 1400 1400 1400 78 46 0 78 52 0 78 42 0 78 44 0 5978 950000 4750 911598 1098750 1000278
29772.404907 146715 1400 1400 1400 1400 78 46 0 78 52 0 78 42 0 78 44 0 6222 950000 5700 911598 1100000 1002100
29772.604912 146716 1400 1400 1400 1400 78 46 0 78 52 0 78 42 0 78 44 0 6222 950000 5700 911598 1100000 1002100
29772.804913 146717 1400 1400 1400 1400 78 46 0 78 52 0 78 42 0 78 44 0 6222 950000 5700 911324 1098750 1000278
29773.004926 146718 1400 1400 1400 1400 78 46 0 78 52 0 78 42 0 78 44 0 6222 950000 5700 913242 1098750 1002474
29773.204913 146719 1400 1400 1400 1400 78 46 0 78 52 0 78 42 0 78 44 0 6222 950000 5700 908310 1100000 998800
29773.404912 146720 1400 1400 1400 1400 78 46 0 78 52 0 78 42 0 78 44 0 6222 950000 5700 908310 1100000 998800
29773.604909 146721 1400 1400 1400 1400 78 46 0 78 52 0 78 42 0 78 44 0 6222 950000 5700 908584 1098750 996984
29773.804913 146722 1400 1400 1400 1400 78 46 0 78 52 0 78 42 0 78 44 0 5978 950000 4750 908036 1098750 996984
29774.004923 146723 1400 1400 1400 1400 78 46 0 78 52 0 78 42 0 78 44 0 5978 950000 4750 910776 1100000 1001000
29774.204912 146724 1400 1400 1400 1400 78 46 0 78 52 0 78 42 0 78 44 0 5978 950000 4750 910776 1100000 1001000
29774.404914 146725 1400 1400 1400 1400 78 46 0 78 52 0 78 42 0 78 44 0 6222 950000 5700 911050 1100000 1002100
29774.604914 146726 1400 1400 1400 1400 78 46 0 78 52 0 78 42 0 78 44 0 5978 950000 4750 910502 1098750 999180
29774.804908 146727 1400 1400 1400 1400 78 46 0 78 52 0 78 42 0 78 44 0 5978 950000 4750 910776 1100000 1001000
29775.004923 146728 1400 1400 1400 1400 78 46 0 78 52 0 78 42 0 78 44 0 5978 950000 4750 910776 1100000 1001000
29775.204913 146729 1400 1400 1400 1400 78 46 0 78 52 0 78 42 0 78 44 0 5978 950000 4750 909680 1098750 998082
29775.404923 146730 1400 1400 1400 1400 78 46 0 78 52 0 78 42 0 78 44 0 6222 950000 5700 909954 1100000 999900
29775.604912 146731 1400 1400 1400 1400 78 46 0 78 52 0 78 42 0 78 44 0 6222 950000 5700 911050 1098750 1000278
29775.804913 146732 1400 1400 1400 1400 78 46 0 78 52 0 78 42 0 78 44 0 6222 950000 5700 911050 1098750 1000278
29776.004924 146733 1400 1400 1400 1400 78 46 0 78 52 0 78 42 0 78 44 0 5978 950000 4750 912420 1100000 1003200
29776.204913 146734 1400 1400 1400 1400 78 46 0 78 52 0 78 42 0 78 44 0 6222 950000 5700 912146 1100000 1003200
29776.404912 146735 1400 1400 1400 1400 78 46 0 78 52 0 78 42 0 78 44 0 6222 950000 5700 914064 1098750 1003572
29776.604912 146736 1400 1400 1400 1400 78 46 0 78 52 0 78 42 0 78 44 0 6222 950000 5700 914064 1098750 1003572
29776.804909 146737 1400 1400 1400 1400 78 46 0 78 52 0 78 42 0 78 44 0 6222 950000 5700 913790 1100000 1004300
29777.004926 146738 1400 1400 1400 1400 78 46 0 78 52 0 78 42 0 78 44 0 6222 950000 5700 910502 1100000 1001000
29777.204909 146739 1400 1400 1400 1400 78 46 0 78 52 0 78 42 0 78 44 0 5978 950000 4750 911324 1100000 1002100
29777.404895 146740 1400 1400 1400 1400 78 46 0 78 52 0 78 42 0 78 44 0 5978 950000 4750 911324 1100000 1002100
29777.604912 146741 1400 1400 1400 1400 78 46 0 78 52 0 78 42 0 78 44 0 6222 950000 5700 911324 1100000 1002100
29777.804913 146742 1400 1400 1400 1400 78 46 0 78 52 0 78 42 0 78 44 0 5978 950000 4750 912146 1100000 1003200
29778.004922 146743 1400 1400 1400 1400 78 46 0 78 52 0 78 42 0 78 44 0 5978 950000 4750 912420 1100000 1003200
29778.204892 146744 1400 1400 1400 1400 78 46 0 78 52 0 78 42 0 78 44 0 5978 950000 4750 911324 1100000 1002100
29778.404912 146745 1400 1400 1400 1400 78 46 0 78 52 0 78 42 0 78 44 0 5978 950000 4750 911324 1100000 1002100
29778.604911 146746 1400 1400 1400 1400 78 46 0 78 52 0 78 42 0 78 44 0 6222 950000 5700 910776 1100000 1001000
29778.804914 146747 1400 1400 1400 1400 78 46 0 78 52 0 78 42 0 78 44 0 6222 950000 5700 910228 1100000 1001000
29779.004923 146748 1400 1400 1400 1400 78 46 0 78 52 0 78 42 0 78 44 0 6222 950000 5700 909132 1100000 999900
29779.204913 146749 1400 1400 1400 1400 78 46 0 78 52 0 78 42 0 78 44 0 6222 950000 5700 909132 1100000 999900
29779.404913 146750 1400 1400 1400 1400 78 46 0 78 52 0 78 42 0 78 44 0 5978 950000 4750 909132 1100000 999900
29779.604908 146751 1400 1400 1400 1400 78 46 0 78 52 0 78 42 0 78 44 0 5978 950000 4750 909680 1100000 999900
29779.804912 146752 1400 1400 1400 1400 78 46 0 78 52 0 78 42 0 78 44 0 6222 950000 5700 912694 1098750 1001376
29780.004923 146753 1400 1400 1400 1400 78 46 0 78 52 0 78 42 0 78 44 0 6222 950000 5700 912694 1098750 1001376
29780.204913 146754 1400 1400 1400 1400 78 46 0 78 52 0 78 42 0 78 44 0 5978 950000 4750 911324 1100000 1002100
29780.404924 146755 1400 1400 1400 1400 78 46 0 78 52 0 78 42 0 78 44 0 6222 950000 5700 911324 1098750 1000278
29780.604912 146756 1400 1400 1400 1400 78 46 0 78 52 0 78 42 0 78 44 0 6222 950000 5700 909680 1100000 999900
29780.804913 146757 1400 1400 1400 1400 78 46 0 78 52 0 78 42 0 78 44 0 6222 950000 5700 909680 1100000 999900
29781.004926 146758 1400 1400 1400 1400 78 46 0 78 52 0 78 42 0 78 44 0 6222 950000 5700 911324 1098750 1000278
29781.204913 146759 1400 1400 1400 1400 78 46 0 78 52 0 78 42 0 78 44 0 6222 950000 5700 909954 1098750 998082
29781.404913 146760 1400 1400 1400 1400 78 46 0 78 52 0 78 42 0 78 44 0 5978 950000 4750 910502 1098750 999180
29781.604912 146761 1400 1400 1400 1400 78 46 0 78 52 0 78 42 0 78 44 0 5978 950000 4750 910502 1098750 999180
29781.804912 146762 1400 1400 1400 1400 78 46 0 78 52 0 78 42 0 78 44 0 6222 950000 5700 913242 1100000 1004300
29782.004919 146763 1400 1400 1400 1400 78 46 0 78 52 0 78 42 0 78 44 0 6222 950000 5700 912146 1100000 1003200
29782.204912 146764 1400 1400 1400 1400 78 46 0 78 52 0 78 42 0 78 44 0 5978 950000 4750 911872 1100000 1002100
29782.404912 146765 1400 1400 1400 1400 78 46 0 78 52 0 78 42 0 78 44 0 5978 950000 4750 911872 1100000 1002100
29782.604912 146766 1400 1400 1400 1400 78 46 0 78 52 0 78 42 0 78 44 0 6222 950000 5700 910776 1100000 1001000
29782.804913 146767 1400 1400 1400 1400 78 46 0 78 52 0 78 42 0 78 44 0 5978 950000 4750 911324 1098750 1000278
29783.004919 146768 1400 1400 1400 1400 78 46 0 78 52 0 78 42 0 78 44 0 6222 950000 5700 909680 1098750 998082
29783.204891 146769 1400 1400 1400 1400 78 46 0 78 52 0 78 42 0 78 44 0 6222 950000 5700 909680 1098750 998082
29783.404891 146770 1400 1400 1400 1400 78 46 0 78 52 0 78 42 0 78 44 0 6222 950000 5700 910776 1098750 999180
29783.604891 146771 1400 1400 1400 1400 78 46 0 78 52 0 78 42 0 78 44 0 6222 950000 5700 910776 1100000 1001000
29783.804891 146772 1400 1400 1400 1400 78 46 0 78 52 0 78 42 0 78 44 0 6222 950000 5700 912420 1098750 1001376
29784.004901 146773 1400 1400 1400 1400 78 46 0 78 52 0 78 42 0 78 44 0 6222 950000 5700 912420 1098750 1001376
29784.204892 146774 1400 1400 1400 1400 78 46 0 78 52 0 78 42 0 78 44 0 6222 950000 5700 910502 1100000 1001000
29784.404891 146775 1400 1400 1400 1400 78 46 0 78 52 0 78 42 0 78 44 0 5978 950000 4750 909954 1100000 999900
29784.604891 146776 1400 1400 1400 1400 78 46 0 78 52 0 78 42 0 78 44 0 6222 950000 5700 909132 1100000 999900
29784.804891 146777 1400 1400 1400 1400 78 46 0 78 52 0 78 42 0 78 44 0 6222 950000 5700 910228 1100000 1001000
29785.004905 146778 1400 1400 1400 1400 78 46 0 78 52 0 78 42 0 78 44 0 6222 950000 5700 910228 1100000 1001000
29785.204891 146779 1400 1400 1400 1400 78 46 0 78 52 0 78 42 0 78 44 0 6222 950000 5700 908858 1100000 998800
29785.404980 146780 1400 1400 1400 1400 78 46 0 78 52 0 78 42 0 78 44 0 6222 950000 5700 911872 1098750 1000278
29785.604892 146781 1400 1400 1400 1400 78 46 0 78 52 0 78 42 0 78 44 0 6222 950000 5700 917078 1098750 1006866
29785.804844 146782 1400 1400 1400 1400 78 46 0 78 52 0 78 42 0 78 44 0 6222 950000 5700 917078 1098750 1006866
29786.004854 146783 1400 1400 1400 1400 78 46 0 78 52 0 78 42 0 78 44 0 6222 950000 5700 911324 1100000 1002100
29786.204843 146784 1400 1400 1400 1400 78 46 0 78 52 0 78 42 0 78 44 0 6222 950000 5700 910502 1100000 1001000
29786.404880 146785 1400 1400 1400 1400 78 46 0 78 52 0 78 42 0 78 44 0 5978 950000 4750 908858 1100000 998800
29786.604896 146786 1400 1400 1400 1400 78 46 0 78 52 0 78 42 0 78 44 0 5978 950000 4750 908858 1100000 998800
29786.804895 146787 1400 1400 1400 1400 78 46 0 78 52 0 78 42 0 78 44 0 6222 950000 5700 908858 1098750 996984
29787.004905 146788 1400 1400 1400 1400 78 46 0 78 52 0 78 42 0 78 44 0 6222 950000 5700 910776 1100000 1001000
29787.204894 146789 1400 1400 1400 1400 78 46 0 78 52 0 78 42 0 78 44 0 6222 950000 5700 911598 1098750 1000278
29787.404895 146790 1400 1400 1400 1400 78 46 0 78 52 0 78 42 0 78 44 0 6222 950000 5700 911598 1098750 1000278
29787.604894 146791 1400 1400 1400 1400 78 46 0 78 52 0 78 42 0 78 44 0 5978 950000 4750 911324 1100000 1002100
29787.804892 146792 1400 1400 1400 1400 78 46 0 78 52 0 78 42 0 78 44 0 5978 950000 4750 912968 1100000 1003200
29788.004904 146793 1400 1400 1400 1400 78 46 0 78 52 0 78 42 0 78 44 0 6222 950000 5700 911050 1098750 1000278
29788.204895 146794 1400 1400 1400 1400 78 46 0 78 52 0 78 42 0 78 44 0 6222 950000 5700 911050 1098750 1000278
29788.404895 146795 1400 1400 1400 1400 78 46 0 78 52 0 78 42 0 78 44 0 5978 950000 4750 911324 1100000 1002100
29788.604896 146796 1400 1400 1400 1400 78 46 0 78 52 0 78 42 0 78 44 0 6222 950000 5700 910502 1100000 1001000
29788.804895 146797 1400 1400 1400 1400 78 46 0 78 52 0 78 42 0 78 44 0 6222 950000 5700 909132 1098750 998082
29789.004909 146798 1400 1400 1400 1400 78 46 0 78 52 0 78 42 0 78 44 0 6222 950000 5700 909132 1098750 998082
29789.204896 146799 1400 1400 1400 1400 78 46 0 78 52 0 78 42 0 78 44 0 5978 950000 4750 911324 1098750 1000278
29789.404895 146800 1400 1400 1400 1400 78 46 0 78 52 0 78 42 0 78 44 0 6222 950000 5700 912694 1100000 1003200
29789.604896 146801 1400 1400 1400 1400 78 46 0 78 52 0 78 42 0 78 44 0 5978 950000 4750 911324 1098750 1000278
29789.804896 146802 1400 1400 1400 1400 78 46 0 78 52 0 78 42 0 78 44 0 5978 950000 4750 911324 1098750 1000278
29790.004921 146803 1400 1400 1400 1400 78 46 0 78 52 0 78 42 0 78 44 0 5978 950000 4750 910502 1100000 1001000
29790.204909 146804 1400 1400 1400 1400 78 46 0 78 52 0 78 42 0 78 44 0 6222 950000 5700 909406 1100000 999900
29790.404975 146805 1400 1400 1400 1400 78 46 0 78 52 0 78 42 0 78 44 0 6222 950000 5700 908584 1098750 996984
29790.604891 146806 1400 1400 1400 1400 78 46 0 78 52 0 78 42 0 78 44 0 6222 950000 5700 911324 1100000 1002100
29790.804912 146807 1400 1400 1400 1400 78 46 0 78 52 0 78 42 0 78 44 0 6222 950000 5700 911324 1100000 1002100
29791.004923 146808 1400 1400 1400 1400 78 46 0 78 52 0 78 42 0 78 44 0 6222 950000 5700 912146 1100000 1003200
29791.204914 146809 1400 1400 1400 1400 78 46 0 78 52 0 78 42 0 78 44 0 6222 950000 5700 911050 1098750 1000278
29791.404913 146810 1400 1400 1400 1400 78 46 0 78 52 0 78 42 0 78 44 0 6222 950000 5700 911872 1100000 1002100
29791.604913 146811 1400 1400 1400 1400 78 46 0 78 52 0 78 42 0 78 44 0 6222 950000 5700 911872 1100000 1002100
29791.804913 146812 1400 1400 1400 1400 78 46 0 78 52 0 78 42 0 78 44 0 6222 950000 5700 911324 1098750 1000278
29792.004923 146813 1400 1400 1400 1400 78 46 0 78 52 0 78 42 0 78 44 0 6222 950000 5700 909680 1098750 998082
29792.204913 146814 1400 1400 1400 1400 78 46 0 78 52 0 78 42 0 78 44 0 6222 950000 5700 911050 1100000 1002100
29792.404913 146815 1400 1400 1400 1400 78 46 0 78 52 0 78 42 0 78 44 0 6222 950000 5700 911050 1100000 1002100
29792.604909 146816 1400 1400 1400 1400 78 46 0 78 52 0 78 42 0 78 44 0 6222 950000 5700 910776 1098750 999180
29792.804913 146817 1400 1400 1400 1400 78 46 0 78 52 0 78 42 0 78 44 0 6222 950000 5700 912694 1098750 1001376
29793.004926 146818 1400 1400 1400 1400 78 46 0 78 52 0 78 42 0 78 44 0 5978 950000 4750 911598 1100000 1002100
29793.204913 146819 1400 1400 1400 1400 78 46 0 78 52 0 78 42 0 78 44 0 5978 950000 4750 911598 1100000 1002100
29793.404913 146820 1400 1400 1400 1400 78 46 0 78 52 0 78 42 0 78 44 0 6222 950000 5700 911598 1100000 1002100
29793.604909 146821 1400 1400 1400 1400 78 46 0 78 52 0 78 42 0 78 44 0 5978 950000 4750 912694 1100000 1003200
29793.804913 146822 1400 1400 1400 1400 78 46 0 78 52 0 78 42 0 78 44 0 6222 950000 5700 911050 1098750 1000278
29794.004923 146823 1400 1400 1400 1400 78 46 0 78 52 0 78 42 0 78 44 0 6222 950000 5700 911050 1098750 1000278
29794.204912 146824 1400 1400 1400 1400 78 46 0 78 52 0 78 42 0 78 44 0 6222 950000 5700 911050 1098750 1000278
29794.404913 146825 1400 1400 1400 1400 78 46 0 78 52 0 78 42 0 78 44 0 6222 950000 5700 909680 1100000 999900
29794.604913 146826 1400 1400 1400 1400 78 46 0 78 52 0 78 42 0 78 44 0 6222 950000 5700 911324 1098750 1000278
29794.804913 146827 1400 1400 1400 1400 78 46 0 78 52 0 78 42 0 78 44 0 6222 950000 5700 911324 1098750 1000278
29795.004919 146828 1400 1400 1400 1400 78 46 0 78 52 0 78 42 0 78 44 0 5978 950000 4750 911324 1098750 1000278
29795.204913 146829 1400 1400 1400 1400 78 46 0 78 52 0 78 42 0 78 44 0 6222 950000 5700 910776 1100000 1001000
29795.404924 146830 1400 1400 1400 1400 78 46 0 78 52 0 78 42 0 78 44 0 5978 950000 4750 909680 1098750 998082
29795.604913 146831 1400 1400 1400 1400 78 46 0 78 52 0 78 42 0 78 44 0 5978 950000 4750 909680 1098750 998082
29795.804913 146832 1400 1400 1400 1400 78 46 0 78 52 0 78 42 0 78 44 0 6222 950000 5700 908858 1100000 998800
29796.004923 146833 1400 1400 1400 1400 78 46 0 78 52 0 78 42 0 78 44 0 5978 950000 4750 910502 1100000 1001000
29796.204912 146834 1400 1400 1400 1400 78 46 0 78 52 0 78 42 0 78 44 0 5978 950000 4750 909680 1098750 998082
29796.404895 146835 1400 1400 1400 1400 78 46 0 78 52 0 78 42 0 78 44 0 5978 950000 4750 909680 1098750 998082
29796.604912 146836 1400 1400 1400 1400 78 46 0 78 52 0 78 42 0 78 44 0 6222 950000 5700 912146 1098750 1001376
29796.804913 146837 1400 1400 1400 1400 78 46 0 78 52 0 78 42 0 78 44 0 6222 950000 5700 912146 1098750 1001376
29797.004926 146838 1400 1400 1400 1400 78 46 0 78 52 0 78 42 0 78 44 0 6222 950000 5700 912968 1100000 1003200
29797.204891 146839 1400 1400 1400 1400 78 46 0 78 52 0 78 42 0 78 44 0 5978 950000 4750 911050 1098750 1000278
29797.404913 146840 1400 1400 1400 1400 78 46 0 78 52 0 78 42 0 78 44 0 5978 950000 4750 911050 1098750 1000278
29797.604913 146841 1400 1400 1400 1400 78 46 0 78 52 0 78 42 0 78 44 0 5978 950000 4750 911598 1100000 1002100
29797.804913 146842 1400 1400 1400 1400 78 46 0 78 52 0 78 42 0 78 44 0 6222 950000 5700 910776 1098750 999180
29798.004923 146843 1400 1400 1400 1400 78 46 0 78 52 0 78 42 0 78 44 0 6222 950000 5700 910228 1098750 999180
29798.204914 146844 1400 1400 1400 1400 78 46 0 78 52 0 78 42 0 78 44 0 6222 950000 5700 910228 1098750 999180
29798.404909 146845 1400 1400 1400 1400 78 46 0 78 52 0 78 42 0 78 44 0 6222 950000 5700 912968 1100000 1003200
29798.604914 146846 1400 1400 1400 1400 78 46 0 78 52 0 78 42 0 78 44 0 6222 950000 5700 912420 1098750 1001376
29798.804912 146847 1400 1400 1400 1400 78 46 0 78 52 0 78 42 0 78 44 0 6222 950000 5700 913790 1098750 1002474
29799.004924 146848 1400 1400 1400 1400 78 46 0 78 52 0 78 42 0 78 44 0 6222 950000 5700 913790 1098750 1002474
29799.204912 146849 1400 1400 1400 1400 78 46 0 78 52 0 78 42 0 78 44 0 6222 950000 5700 915160 1100000 1006500
29799.404912 146850 1400 1400 1400 1400 78 46 0 78 52 0 78 42 0 78 44 0 6222 950000 5700 910502 1100000 1001000
29799.604912 146851 1400 1400 1400 1400 78 46 0 78 52 0 78 42 0 78 44 0 6222 950000 5700 911050 1100000 1002100
29799.804912 146852 1400 1400 1400 1400 78 46 0 78 52 0 78 42 0 78 44 0 6222 950000 5700 911050 1100000 1002100
29800.004923 146853 1400 1400 1400 1400 78 46 0 78 52 0 78 42 0 78 44 0 5978 950000 4750 914064 1098750 1003572
29800.204913 146854 1400 1400 1400 1400 78 46 0 78 52 0 78 42 0 78 44 0 6222 950000 5700 912146 1100000 1003200
29800.404980 146855 1400 1400 1400 1400 78 46 0 78 52 0 78 42 0 78 44 0 6222 950000 5700 912146 1100000 1003200
29800.604913 146856 1400 1400 1400 1400 78 46 0 78 52 0 78 42 0 78 44 0 6222 950000 5700 912146 1100000 1003200
29800.804910 146857 1400 1400 1400 1400 78 46 0 78 52 0 78 42 0 78 44 0 5978 950000 4750 929134 1100000 1021900
29801.004926 146858 1400 1400 1400 1400 78 46 0 78 52 0 78 42 0 78 44 0 5978 950000 4750 912420 1100000 1003200
29801.204912 146859 1400 1400 1400 1400 78 46 0 78 52 0 78 42 0 78 44 0 6222 950000 5700 909132 1098750 998082
29801.404912 146860 1400 1400 1400 1400 78 46 0 78 52 0 78 42 0 78 44 0 6222 950000 5700 909132 1098750 998082
29801.604914 146861 1400 1400 1400 1400 78 46 0 78 52 0 78 42 0 78 44 0 6222 950000 5700 908584 1100000 998800
29801.804913 146862 1400 1400 1400 1400 78 46 0 78 52 0 78 42 0 78 44 0 6222 950000 5700 907762 1100000 997700
29802.004923 146863 1400 1400 1400 1400 78 46 0 78 52 0 78 42 0 78 44 0 6222 950000 5700 912146 1098750 1001376
29802.204912 146864 1400 1400 1400 1400 78 46 0 78 52 0 78 42 0 78 44 0 6222 950000 5700 912146 1098750 1001376
29802.404914 146865 1400 1400 1400 1400 78 46 0 78 52 0 78 42 0 78 44 0 5978 950000 4750 911050 1100000 1002100
29802.604913 146866 1400 1400 1400 1400 78 46 0 78 52 0 78 42 0 78 44 0 6222 950000 5700 911598 1100000 1002100
29802.804913 146867 1400 1400 1400 1400 78 46 0 78 52 0 78 42 0 78 44 0 6222 950000 5700 912420 1100000 1003200
29803.005211 146868 1400 1400 1400 1400 78 46 0 78 52 0 78 42 0 78 44 0 5978 950000 4750 908584 1100000 998800
29803.204912 146869 1400 1400 1400 1400 78 46 0 78 52 0 78 42 0 78 44 0 5978 950000 4750 908584 1100000 998800
29803.404912 146870 1400 1400 1400 1400 78 46 0 78 52 0 78 42 0 78 44 0 6222 950000 5700 909680 1100000 999900
29803.604913 146871 1400 1400 1400 1400 78 46 0 78 52 0 78 42 0 78 44 0 5978 950000 4750 909680 1100000 999900
29803.804913 146872 1400 1400 1400 1400 78 46 0 78 52 0 78 42 0 78 44 0 6222 950000 5700 909954 1098750 998082
29804.004924 146873 1400 1400 1400 1400 78 46 0 78 52 0 78 42 0 78 44 0 6222 950000 5700 909954 1098750 998082
29804.204913 146874 1400 1400 1400 1400 78 46 0 78 52 0 78 42 0 78 44 0 6222 950000 5700 911872 1100000 1002100
29804.404912 146875 1400 1400 1400 1400 78 46 0 78 52 0 78 42 0 78 44 0 5978 950000 4750 912146 1100000 1003200
29804.604913 146876 1400 1400 1400 1400 78 46 0 78 52 0 78 42 0 78 44 0 6222 950000 5700 910776 1098750 999180
29804.804913 146877 1400 1400 1400 1400 78 46 0 78 52 0 78 42 0 78 44 0 6222 950000 5700 910776 1098750 999180
29805.004927 146878 1400 1400 1400 1400 78 46 0 78 52 0 78 42 0 78 44 0 5978 950000 4750 909132 1100000 999900
29805.204913 146879 1400 1400 1400 1400 78 46 0 78 52 0 78 42 0 78 44 0 6222 950000 5700 907762 1100000 997700
29805.404918 146880 1400 1400 1400 1400 78 46 0 78 52 0 78 42 0 78 44 0 5978 950000 4750 908036 1098750 996984
29805.604913 146881 1400 1400 1400 1400 78 46 0 78 52 0 78 42 0 78 44 0 5978 950000 4750 908036 1098750 996984
29805.804912 146882 1400 1400 1400 1400 78 46 0 78 52 0 78 42 0 78 44 0 6222 950000 5700 911050 1098750 1000278
29806.004923 146883 1400 1400 1400 1400 78 46 0 78 52 0 78 42 0 78 44 0 6222 950000 5700 910776 1100000 1001000
29806.204912 146884 1400 1400 1400 1400 78 46 0 78 52 0 78 42 0 78 44 0 6222 950000 5700 911598 1100000 1002100
29806.404913 146885 1400 1400 1400 1400 78 46 0 78 52 0 78 42 0 78 44 0 6222 950000 5700 911598 1100000 1002100
29806.604914 146886 1400 1400 1400 1400 78 46 0 78 52 0 78 42 0 78 44 0 5978 950000 4750 911872 1100000 1002100
29806.804913 146887 1400 1400 1400 1400 78 46 0 78 52 0 78 42 0 78 44 0 6222 950000 5700 909406 1100000 999900
29807.004922 146888 1400 1400 1400 1400 78 46 0 78 52 0 78 42 0 78 44 0 6222 950000 5700 910228 1100000 1001000
29807.204911 146889 1400 1400 1400 1400 78 46 0 78 52 0 78 42 0 78 44 0 6222 950000 5700 910228 1100000 1001000
29807.404913 146890 1400 1400 1400 1400 78 46 0 78 52 0 78 42 0 78 44 0 6222 950000 5700 909406 1100000 999900
29807.604914 146891 1400 1400 1400 1400 78 46 0 78 52 0 78 42 0 78 44 0 5978 950000 4750 912420 1100000 1003200
29807.804909 146892 1400 1400 1400 1400 78 46 0 78 52 0 78 42 0 78 44 0 5978 950000 4750 914064 1098750 1003572
29808.004923 146893 1400 1400 1400 1400 78 46 0 78 52 0 78 42 0 78 44 0 5978 950000 4750 914064 1098750 1003572
29808.204912 146894 1400 1400 1400 1400 78 46 0 78 52 0 78 42 0 78 44 0 5978 950000 4750 912420 1098750 1001376
29808.404913 146895 1400 1400 1400 1400 78 46 0 78 52 0 78 42 0 78 44 0 6222 950000 5700 913242 1098750 1002474
29808.604911 146896 1400 1400 1400 1400 78 46 0 78 52 0 78 42 0 78 44 0 6222 950000 5700 910228 1100000 1001000
29808.804912 146897 1400 1400 1400 1400 78 46 0 78 52 0 78 42 0 78 44 0 6222 950000 5700 910228 1100000 1001000
29809.004926 146898 1400 1400 1400 1400 78 46 0 78 52 0 78 42 0 78 44 0 6222 950000 5700 912694 1100000 1003200
29809.204912 146899 1400 1400 1400 1400 78 46 0 78 52 0 78 42 0 78 44 0 6222 950000 5700 911324 1098750 1000278
29809.404913 146900 1400 1400 1400 1400 78 46 0 78 52 0 78 42 0 78 44 0 6222 950000 5700 912968 1100000 1003200
29809.604891 146901 1400 1400 1400 1400 78 46 0 78 52 0 78 42 0 78 44 0 6222 950000 5700 912968 1100000 1003200
29809.804912 146902 1400 1400 1400 1400 78 46 0 78 52 0 78 42 0 78 44 0 6222 950000 5700 912968 1100000 1003200
29810.004924 146903 1400 1400 1400 1400 78 46 0 78 52 0 78 42 0 78 44 0 6222 950000 5700 914338 1098750 1003572
29810.204909 146904 1400 1400 1400 1400 78 46 0 78 52 0 78 42 0 78 44 0 6222 950000 5700 911598 1100000 1002100
29810.404923 146905 1400 1400 1400 1400 78 46 0 78 52 0 78 42 0 78 44 0 6222 950000 5700 909132 1098750 998082
29810.604912 146906 1400 1400 1400 1400 78 46 0 78 52 0 78 42 0 78 44 0 6222 950000 5700 909132 1098750 998082
29810.804914 146907 1400 1400 1400 1400 78 46 0 78 52 0 78 42 0 78 44 0 6222 950000 5700 909132 1100000 999900
29811.004923 146908 1400 1400 1400 1400 78 46 0 78 52 0 78 42 0 78 44 0 5978 950000 4750 911324 1098750 1000278
29811.204914 146909 1400 1400 1400 1400 78 46 0 78 52 0 78 42 0 78 44 0 6222 950000 5700 911598 1098750 1000278
29811.404912 146910 1400 1400 1400 1400 78 46 0 78 52 0 78 42 0 78 44 0 6222 950000 5700 911598 1098750 1000278
29811.604912 146911 1400 1400 1400 1400 78 46 0 78 52 0 78 42 0 78 44 0 6222 950000 5700 911050 1098750 1000278
29811.804912 146912 1400 1400 1400 1400 78 46 0 78 52 0 78 42 0 78 44 0 6222 950000 5700 912694 1098750 1001376
29812.004924 146913 1400 1400 1400 1400 78 46 0 78 52 0 78 42 0 78 44 0 6222 950000 5700 910502 1100000 1001000
29812.204912 146914 1400 1400 1400 1400 78 46 0 78 52 0 78 42 0 78 44 0 6222 950000 5700 910502 1100000 1001000
29812.404912 146915 1400 1400 1400 1400 78 46 0 78 52 0 78 42 0 78 44 0 5978 950000 4750 909132 1100000 999900
29812.604908 146916 1400 1400 1400 1400 78 46 0 78 52 0 78 42 0 78 44 0 6222 950000 5700 908584 1100000 998800
29812.804913 146917 1400 1400 1400 1400 78 46 0 78 52 0 78 42 0 78 44 0 6222 950000 5700 909954 1098750 998082
29813.004926 146918 1400 1400 1400 1400 78 46 0 78 52 0 78 42 0 78 44 0 6222 950000 5700 909954 1098750 998082
29813.204913 146919 1400 1400 1400 1400 78 46 0 78 52 0 78 42 0 78 44 0 5978 950000 4750 911324 1098750 1000278
29813.404913 146920 1400 1400 1400 1400 78 46 0 78 52 0 78 42 0 78 44 0 6222 950000 5700 911598 1098750 1000278
29813.604912 146921 1400 1400 1400 1400 78 46 0 78 52 0 78 42 0 78 44 0 6222 950000 5700 912146 1098750 1001376
29813.804913 146922 1400 1400 1400 1400 78 46 0 78 52 0 78 42 0 78 44 0 6222 950000 5700 912146 1098750 1001376
29814.004924 146923 1400 1400 1400 1400 78 46 0 78 52 0 78 42 0 78 44 0 5978 950000 4750 911324 1100000 1002100
29814.204912 146924 1400 1400 1400 1400 78 46 0 78 52 0 78 42 0 78 44 0 6222 950000 5700 909954 1098750 998082
29814.404912 146925 1400 1400 1400 1400 78 46 0 78 52 0 78 42 0 78 44 0 6222 950000 5700 909954 1100000 999900
29814.604912 146926 1400 1400 1400 1400 78 46 0 78 52 0 78 42 0 78 44 0 6222 950000 5700 909954 1100000 999900
29814.804912 146927 1400 1400 1400 1400 78 46 0 78 52 0 78 42 0 78 44 0 6222 950000 5700 910502 1098750 999180
29815.004923 146928 1400 1400 1400 1400 78 46 0 78 52 0 78 42 0 78 44 0 5978 950000 4750 911598 1098750 1000278
29815.204913 146929 1400 1400 1400 1400 78 46 0 78 52 0 78 42 0 78 44 0 6222 950000 5700 912420 1100000 1003200
29815.404906 146930 1400 1400 1400 1400 78 46 0 78 52 0 78 42 0 78 44 0 6222 950000 5700 912420 1100000 1003200
29815.604912 146931 1400 1400 1400 1400 78 46 0 78 52 0 78 42 0 78 44 0 6222 950000 5700 911050 1098750 1000278
29815.804912 146932 1400 1400 1400 1400 78 46 0 78 52 0 78 42 0 78 44 0 6222 950000 5700 910776 1098750 999180
29816.004919 146933 1400 1400 1400 1400 78 46 0 78 52 0 78 42 0 78 44 0 6222 950000 5700 908858 1098750 996984
29816.204913 146934 1400 1400 1400 1400 78 46 0 78 52 0 78 42 0 78 44 0 6222 950000 5700 909406 1098750 998082
29816.404913 146935 1400 1400 1400 1400 78 46 0 78 52 0 78 42 0 78 44 0 6222 950000 5700 909406 1098750 998082
29816.604912 146936 1400 1400 1400 1400 78 46 0 78 52 0 78 42 0 78 44 0 6222 950000 5700 908858 1098750 996984
29816.804913 146937 1400 1400 1400 1400 78 46 0 78 52 0 78 42 0 78 44 0 6222 950000 5700 912968 1100000 1003200
29817.004926 146938 1400 1400 1400 1400 78 46 0 78 52 0 78 42 0 78 44 0 6222 950000 5700 911324 1098750 1000278
29817.204913 146939 1400 1400 1400 1400 78 46 0 78 52 0 78 42 0 78 44 0 6222 950000 5700 911324 1098750 1000278
29817.404912 146940 1400 1400 1400 1400 78 46 0 78 52 0 78 42 0 78 44 0 6222 950000 5700 911872 1100000 1002100
29817.604912 146941 1400 1400 1400 1400 78 46 0 78 52 0 78 42 0 78 44 0 6222 950000 5700 912694 1100000 1003200
29817.804913 146942 1400 1400 1400 1400 78 46 0 78 52 0 78 42 0 78 44 0 5978 950000 4750 912420 1098750 1001376
29818.004924 146943 1400 1400 1400 1400 78 46 0 78 52 0 78 42 0 78 44 0 5978 950000 4750 912420 1098750 1001376
29818.204913 146944 1400 1400 1400 1400 78 46 0 78 52 0 78 42 0 78 44 0 6222 950000 5700 909680 1098750 998082
29818.404909 146945 1400 1400 1400 1400 78 46 0 78 52 0 78 42 0 78 44 0 6222 950000 5700 911050 1098750 1000278
29818.604913 146946 1400 1400 1400 1400 78 46 0 78 52 0 78 42 0 78 44 0 5978 950000 4750 910502 1098750 999180
29818.804912 146947 1400 1400 1400 1400 78 46 0 78 52 0 78 42 0 78 44 0 5978 950000 4750 910502 1098750 999180
29819.004923 146948 1400 1400 1400 1400 78 46 0 78 52 0 78 42 0 78 44 0 5978 950000 4750 914064 1098750 1003572
29819.204912 146949 1400 1400 1400 1400 78 46 0 78 52 0 78 42 0 78 44 0 6222 950000 5700 912968 1098750 1001376
29819.404909 146950 1400 1400 1400 1400 78 46 0 78 52 0 78 42 0 78 44 0 5978 950000 4750 912420 1098750 1001376
29819.604913 146951 1400 1400 1400 1400 78 46 0 78 52 0 78 42 0 78 44 0 5978 950000 4750 912420 1098750 1001376
29819.804911 146952 1400 1400 1400 1400 78 46 0 78 52 0 78 42 0 78 44 0 5978 950000 4750 912420 1098750 1001376
29820.004924 146953 1400 1400 1400 1400 78 46 0 78 52 0 78 42 0 78 44 0 6222 950000 5700 911050 1100000 1002100
29820.204912 146954 1400 1400 1400 1400 78 46 0 78 52 0 78 42 0 78 44 0 6222 950000 5700 911324 1100000 1002100
29820.404922 146955 1400 1400 1400 1400 78 46 0 78 52 0 78 42 0 78 44 0 6222 950000 5700 911324 1100000 1002100
29820.604912 146956 1400 1400 1400 1400 78 46 0 78 52 0 78 42 0 78 44 0 6222 950000 5700 911598 1100000 1002100
29820.804909 146957 1400 1400 1400 1400 78 46 0 78 52 0 78 42 0 78 44 0 6222 950000 5700 914064 1100000 1005400
29821.004926 146958 1400 1400 1400 1400 78 46 0 78 52 0 78 42 0 78 44 0 5978 950000 4750 911324 1100000 1002100
29821.204912 146959 1400 1400 1400 1400 78 46 0 78 52 0 78 42 0 78 44 0 5978 950000 4750 911324 1100000 1002100
29821.404913 146960 1400 1400 1400 1400 78 46 0 78 52 0 78 42 0 78 44 0 5978 950000 4750 911324 1100000 1002100
29821.604913 146961 1400 1400 1400 1400 78 46 0 78 52 0 78 42 0 78 44 0 5978 950000 4750 910228 1100000 1001000
29821.804913 146962 1400 1400 1400 1400 78 46 0 78 52 0 78 42 0 78 44 0 6222 950000 5700 909132 1100000 999900
29822.004853 146963 1400 1400 1400 1400 78 46 0 78 52 0 78 42 0 78 44 0 6222 950000 5700 908858 1098750 996984
29822.204912 146964 1400 1400 1400 1400 78 46 0 78 52 0 78 42 0 78 44 0 6222 950000 5700 908858 1098750 996984
29822.404913 146965 1400 1400 1400 1400 78 46 0 78 52 0 78 42 0 78 44 0 6222 950000 5700 909954 1098750 998082
29822.604912 146966 1400 1400 1400 1400 78 46 0 78 52 0 78 42 0 78 44 0 5978 950000 4750 911050 1100000 1002100
29822.804912 146967 1400 1400 1400 1400 78 46 0 78 52 0 78 42 0 78 44 0 6222 950000 5700 910502 1100000 1001000
29823.004923 146968 1400 1400 1400 1400 78 46 0 78 52 0 78 42 0 78 44 0 6222 950000 5700 910502 1100000 1001000
29823.204909 146969 1400 1400 1400 1400 78 46 0 78 52 0 78 42 0 78 44 0 6222 950000 5700 910502 1100000 1001000
29823.404913 146970 1400 1400 1400 1400 78 46 0 78 52 0 78 42 0 78 44 0 5978 950000 4750 910776 1100000 1001000
29823.604911 146971 1400 1400 1400 1400 78 46 0 78 52 0 78 42 0 78 44 0 6222 950000 5700 909954 1100000 999900
29823.804913 146972 1400 1400 1400 1400 78 46 0 78 52 0 78 42 0 78 44 0 6222 950000 5700 909954 1100000 999900
29824.004922 146973 1400 1400 1400 1400 78 46 0 78 52 0 78 42 0 78 44 0 6222 950000 5700 911598 1098750 1000278
29824.204913 146974 1400 1400 1400 1400 78 46 0 78 52 0 78 42 0 78 44 0 6222 950000 5700 911050 1098750 1000278
29824.404913 146975 1400 1400 1400 1400 78 46 0 78 52 0 78 42 0 78 44 0 5978 950000 4750 912420 1098750 1001376
29824.604913 146976 1400 1400 1400 1400 78 46 0 78 52 0 78 42 0 78 44 0 5978 950000 4750 912420 1098750 1001376
29824.804912 146977 1400 1400 1400 1400 78 46 0 78 52 0 78 42 0 78 44 0 6222 950000 5700 912420 1100000 1003200
29825.004926 146978 1400 1400 1400 1400 78 46 0 78 52 0 78 42 0 78 44 0 6222 950000 5700 911598 1100000 1002100
29825.204912 146979 1400 1400 1400 1400 78 46 0 78 52 0 78 42 0 78 44 0 5978 950000 4750 910228 1100000 1001000
29825.405079 146980 1400 1400 1400 1400 78 46 0 78 52 0 78 42 0 78 44 0 5978 950000 4750 910228 1100000 1001000
29825.604910 146981 1400 1400 1400 1400 78 46 0 78 52 0 78 42 0 78 44 0 6222 950000 5700 910502 1100000 1001000
29825.804912 146982 1400 1400 1400 1400 78 46 0 78 52 0 78 42 0 78 44 0 5978 950000 4750 923106 1100000 1015300
29826.004924 146983 1400 1400 1400 1400 78 46 0 78 52 0 78 42 0 78 44 0 6222 950000 5700 912694 1100000 1003200
29826.204912 146984 1400 1400 1400 1400 78 46 0 78 52 0 78 42 0 78 44 0 6222 950000 5700 912694 1100000 1003200
29826.404913 146985 1400 1400 1400 1400 78 46 0 78 52 0 78 42 0 78 44 0 5978 950000 4750 911324 1100000 1002100
29826.604912 146986 1400 1400 1400 1400 78 46 0 78 52 0 78 42 0 78 44 0 6222 950000 5700 911050 1098750 1000278
29826.804912 146987 1400 1400 1400 1400 78 46 0 78 52 0 78 42 0 78 44 0 6222 950000 5700 911324 1098750 1000278
29827.004923 146988 1400 1400 1400 1400 78 46 0 78 52 0 78 42 0 78 44 0 6222 950000 5700 911324 1098750 1000278
29827.204912 146989 1400 1400 1400 1400 78 46 0 78 52 0 78 42 0 78 44 0 6222 950000 5700 910228 1098750 999180
29827.404911 146990 1400 1400 1400 1400 78 46 0 78 52 0 78 42 0 78 44 0 6222 950000 5700 909406 1098750 998082
29827.604912 146991 1400 1400 1400 1400 78 46 0 78 52 0 78 42 0 78 44 0 6222 950000 5700 909132 1100000 999900
29827.804894 146992 1400 1400 1400 1400 78 46 0 78 52 0 78 42 0 78 44 0 6222 950000 5700 909132 1100000 999900
29828.004920 146993 1400 1400 1400 1400 78 46 0 78 52 0 78 42 0 78 44 0 6222 950000 5700 909954 1098750 998082
29828.204913 146994 1400 1400 1400 1400 78 46 0 78 52 0 78 42 0 78 44 0 6222 950000 5700 913790 1100000 1004300
29828.404913 146995 1400 1400 1400 1400 78 46 0 78 52 0 78 42 0 78 44 0 6222 950000 5700 911872 1098750 1000278
29828.604891 146996 1400 1400 1400 1400 78 46 0 78 52 0 78 42 0 78 44 0 6222 950000 5700 911598 1100000 1002100
29828.804912 146997 1400 1400 1400 1400 78 46 0 78 52 0 78 42 0 78 44 0 6222 950000 5700 911598 1100000 1002100
29829.004926 146998 1400 1400 1400 1400 78 46 0 78 52 0 78 42 0 78 44 0 5978 950000 4750 912146 1100000 1003200
29829.204912 146999 1400 1400 1400 1400 78 46 0 78 52 0 78 42 0 78 44 0 6222 950000 5700 910776 1100000 1001000
29829.404913 147000 1400 1400 1400 1400 78 46 0 78 52 0 78 42 0 78 44 0 6222 950000 5700 911324 1100000 1002100
29829.604912 147001 1400 1400 1400 1400 78 46 0 78 52 0 78 42 0 78 44 0 6222 950000 5700 911324 1100000 1002100
29829.804912 147002 1400 1400 1400 1400 78 46 0 78 52 0 78 42 0 78 44 0 5978 950000 4750 911324 1098750 1000278
29830.004923 147003 1400 1400 1400 1400 78 46 0 78 52 0 78 42 0 78 44 0 6222 950000 5700 915982 1098750 1004670
29830.204908 147004 1400 1400 1400 1400 78 46 0 78 52 0 78 42 0 78 44 0 6222 950000 5700 912968 1098750 1001376
29830.404923 147005 1400 1400 1400 1400 78 46 0 78 52 0 78 42 0 78 44 0 6222 950000 5700 912968 1098750 1001376
29830.604912 147006 1400 1400 1400 1400 78 46 0 78 52 0 78 42 0 78 44 0 6222 950000 5700 914064 1098750 1003572
29830.804912 147007 1400 1400 1400 1400 78 46 0 78 52 0 78 42 0 78 44 0 5978 950000 4750 911598 1098750 1000278
29831.004923 147008 1400 1400 1400 1400 78 46 0 78 52 0 78 42 0 78 44 0 6222 950000 5700 911872 1098750 1000278
29831.204913 147009 1400 1400 1400 1400 78 46 0 78 52 0 78 42 0 78 44 0 6222 950000 5700 911872 1098750 1000278
29831.404908 147010 1400 1400 1400 1400 78 46 0 78 52 0 78 42 0 78 44 0 6222 950000 5700 912694 1098750 1001376
29831.604914 147011 1400 1400 1400 1400 78 46 0 78 52 0 78 42 0 78 44 0 5978 950000 4750 909406 1100000 999900
29831.804911 147012 1400 1400 1400 1400 78 46 0 78 52 0 78 42 0 78 44 0 5978 950000 4750 911872 1098750 1000278
29832.004923 147013 1400 1400 1400 1400 78 46 0 78 52 0 78 42 0 78 44 0 5978 950000 4750 911872 1098750 1000278
29832.204914 147014 1400 1400 1400 1400 78 46 0 78 52 0 78 42 0 78 44 0 6222 950000 5700 911598 1100000 1002100
29832.404912 147015 1400 1400 1400 1400 78 46 0 78 52 0 78 42 0 78 44 0 6222 950000 5700 911050 1100000 1002100
29832.604911 147016 1400 1400 1400 1400 78 46 0 78 52 0 78 42 0 78 44 0 5978 950000 4750 908036 1098750 996984
29832.804912 147017 1400 1400 1400 1400 78 46 0 78 52 0 78 42 0 78 44 0 5978 950000 4750 908036 1098750 996984
29833.004927 147018 1400 1400 1400 1400 78 46 0 78 52 0 78 42 0 78 44 0 6222 950000 5700 909132 1100000 999900
29833.204912 147019 1400 1400 1400 1400 78 46 0 78 52 0 78 42 0 78 44 0 6222 950000 5700 907762 1098750 995886
29833.404912 147020 1400 1400 1400 1400 78 46 0 78 52 0 78 42 0 78 44 0 5978 950000 4750 909406 1100000 999900
29833.604913 147021 1400 1400 1400 1400 78 46 0 78 52 0 78 42 0 78 44 0 5978 950000 4750 909406 1100000 999900
29833.804909 147022 1400 1400 1400 1400 78 46 0 78 52 0 78 42 0 78 44 0 6222 950000 5700 910776 1100000 1001000
29834.004923 147023 1400 1400 1400 1400 78 46 0 78 52 0 78 42 0 78 44 0 6222 950000 5700 911050 1100000 1002100
29834.204912 147024 1400 1400 1400 1400 78 46 0 78 52 0 78 42 0 78 44 0 5978 950000 4750 911324 1100000 1002100
29834.404894 147025 1400 1400 1400 1400 78 46 0 78 52 0 78 42 0 78 44 0 5978 950000 4750 911324 1100000 1002100
29834.604912 147026 1400 1400 1400 1400 78 46 0 78 52 0 78 42 0 78 44 0 6222 950000 5700 910502 1098750 999180
29834.804913 147027 1400 1400 1400 1400 78 46 0 78 52 0 78 42 0 78 44 0 5978 950000 4750 911324 1100000 1002100
29835.004923 147028 1400 1400 1400 1400 78 46 0 78 52 0 78 42 0 78 44 0 6222 950000 5700 911872 1100000 1002100
29835.204912 147029 1400 1400 1400 1400 78 46 0 78 52 0 78 42 0 78 44 0 6222 950000 5700 910228 1098750 999180
29835.405000 147030 1400 1400 1400 1400 78 46 0 78 52 0 78 42 0 78 44 0 6222 950000 5700 910228 1098750 999180
29835.604912 147031 1400 1400 1400 1400 78 46 0 78 52 0 78 42 0 78 44 0 6222 950000 5700 912420 1098750 1001376
29835.804913 147032 1400 1400 1400 1400 78 46 0 78 52 0 78 42 0 78 44 0 6222 950000 5700 934340 1100000 1027400
29836.004908 147033 1400 1400 1400 1400 78 46 0 78 52 0 78 42 0 78 44 0 6222 950000 5700 914338 1098750 1003572
29836.204912 147034 1400 1400 1400 1400 78 46 0 78 52 0 78 42 0 78 44 0 6222 950000 5700 914338 1098750 1003572
29836.404913 147035 1400 1400 1400 1400 78 46 0 78 52 0 78 42 0 78 44 0 5978 950000 4750 909406 1098750 998082
29836.604913 147036 1400 1400 1400 1400 78 46 0 78 52 0 78 42 0 78 44 0 6222 950000 5700 910228 1098750 999180
29836.804913 147037 1400 1400 1400 1400 78 46 0 78 52 0 78 42 0 78 44 0 6222 950000 5700 911050 1098750 1000278
29837.004926 147038 1400 1400 1400 1400 78 46 0 78 52 0 78 42 0 78 44 0 6222 950000 5700 911050 1098750 1000278
29837.204912 147039 1400 1400 1400 1400 78 46 0 78 52 0 78 42 0 78 44 0 6222 950000 5700 908584 1100000 998800
29837.404912 147040 1400 1400 1400 1400 78 46 0 78 52 0 78 42 0 78 44 0 6222 950000 5700 911324 1098750 1000278
29837.604913 147041 1400 1400 1400 1400 78 46 0 78 52 0 78 42 0 78 44 0 6222 950000 5700 910502 1098750 999180
29837.804912 147042 1400 1400 1400 1400 78 46 0 78 52 0 78 42 0 78 44 0 6222 950000 5700 910502 1098750 999180
29838.004924 147043 1400 1400 1400 1400 78 46 0 78 52 0 78 42 0 78 44 0 5978 950000 4750 912694 1100000 1003200
29838.204912 147044 1400 1400 1400 1400 78 46 0 78 52 0 78 42 0 78 44 0 6222 950000 5700 910228 1100000 1001000
29838.404908 147045 1400 1400 1400 1400 78 46 0 78 52 0 78 42 0 78 44 0 6222 950000 5700 909406 1098750 998082
29838.604912 147046 1400 1400 1400 1400 78 46 0 78 52 0 78 42 0 78 44 0 6222 950000 5700 909406 1098750 998082
29838.804913 147047 1400 1400 1400 1400 78 46 0 78 52 0 78 42 0 78 44 0 5978 950000 4750 909132 1098750 998082
29839.004922 147048 1400 1400 1400 1400 78 46 0 78 52 0 78 42 0 78 44 0 5978 950000 4750 912420 1100000 1003200
29839.204912 147049 1400 1400 1400 1400 78 46 0 78 52 0 78 42 0 78 44 0 6222 950000 5700 911324 1098750 1000278
29839.404913 147050 1400 1400 1400 1400 78 46 0 78 52 0 78 42 0 78 44 0 6222 950000 5700 911324 1098750 1000278
29839.604913 147051 1400 1400 1400 1400 78 46 0 78 52 0 78 42 0 78 44 0 6222 950000 5700 912968 1098750 1001376
29839.804912 147052 1400 1400 1400 1400 78 46 0 78 52 0 78 42 0 78 44 0 6222 950000 5700 911598 1098750 1000278
29840.004924 147053 1400 1400 1400 1400 78 46 0 78 52 0 78 42 0 78 44 0 6222 950000 5700 912146 1098750 1001376
29840.204912 147054 1400 1400 1400 1400 78 46 0 78 52 0 78 42 0 78 44 0 6222 950000 5700 912146 1098750 1001376
29840.404923 147055 1400 1400 1400 1400 78 46 0 78 52 0 78 42 0 78 44 0 6222 950000 5700 910502 1100000 1001000
29840.604913 147056 1400 1400 1400 1400 78 46 0 78 52 0 78 42 0 78 44 0 6222 950000 5700 910502 1100000 1001000
29840.804910 147057 1400 1400 1400 1400 78 46 0 78 52 0 78 42 0 78 44 0 6222 950000 5700 912146 1100000 1003200
29841.004856 147058 1400 1400 1400 1400 78 46 0 78 52 0 78 42 0 78 44 0 6222 950000 5700 913242 1100000 1004300
29841.204914 147059 1400 1400 1400 1400 78 46 0 78 52 0 78 42 0 78 44 0 6222 950000 5700 913242 1100000 1004300
29841.404913 147060 1400 1400 1400 1400 78 46 0 78 52 0 78 42 0 78 44 0 5978 950000 4750 912694 1098750 1001376
29841.604914 147061 1400 1400 1400 1400 78 46 0 78 52 0 78 42 0 78 44 0 6222 950000 5700 914064 1098750 1003572
29841.804914 147062 1400 1400 1400 1400 78 46 0 78 52 0 78 42 0 78 44 0 6222 950000 5700 913516 1098750 1002474
29842.004927 147063 1400 1400 1400 1400 78 46 0 78 52 0 78 42 0 78 44 0 6222 950000 5700 913516 1098750 1002474
29842.204913 147064 1400 1400 1400 1400 78 46 0 78 52 0 78 42 0 78 44 0 5978 950000 4750 909406 1098750 998082
29842.404914 147065 1400 1400 1400 1400 78 46 0 78 52 0 78 42 0 78 44 0 6222 950000 5700 910776 1098750 999180
29842.604914 147066 1400 1400 1400 1400 78 46 0 78 52 0 78 42 0 78 44 0 5978 950000 4750 908858 1100000 998800
29842.804914 147067 1400 1400 1400 1400 78 46 0 78 52 0 78 42 0 78 44 0 5978 950000 4750 908858 1100000 998800
29843.004926 147068 1400 1400 1400 1400 78 46 0 78 52 0 78 42 0 78 44 0 6222 950000 5700 910502 1100000 1001000
29843.204910 147069 1400 1400 1400 1400 78 46 0 78 52 0 78 42 0 78 44 0 6222 950000 5700 911324 1100000 1002100
29843.404913 147070 1400 1400 1400 1400 78 46 0 78 52 0 78 42 0 78 44 0 5978 950000 4750 910502 1098750 999180
29843.604914 147071 1400 1400 1400 1400 78 46 0 78 52 0 78 42 0 78 44 0 5978 950000 4750 910502 1098750 999180
29843.804913 147072 1400 1400 1400 1400 78 46 0 78 52 0 78 42 0 78 44 0 6222 950000 5700 910776 1100000 1001000
29844.004925 147073 1400 1400 1400 1400 78 46 0 78 52 0 78 42 0 78 44 0 6222 950000 5700 911050 1098750 1000278
29844.204914 147074 1400 1400 1400 1400 78 46 0 78 52 0 78 42 0 78 44 0 6222 950000 5700 909132 1098750 998082
29844.404914 147075 1400 1400 1400 1400 78 46 0 78 52 0 78 42 0 78 44 0 6222 950000 5700 909132 1098750 998082
29844.604913 147076 1400 1400 1400 1400 78 46 0 78 52 0 78 42 0 78 44 0 6222 950000 5700 909680 1098750 998082
29844.804914 147077 1400 1400 1400 1400 78 46 0 78 52 0 78 42 0 78 44 0 6222 950000 5700 914064 1098750 1003572
29845.004928 147078 1400 1400 1400 1400 78 46 0 78 52 0 78 42 0 78 44 0 6222 950000 5700 911598 1098750 1000278
29845.204913 147079 1400 1400 1400 1400 78 46 0 78 52 0 78 42 0 78 44 0 6222 950000 5700 911598 1098750 1000278
29845.404924 147080 1400 1400 1400 1400 78 46 0 78 52 0 78 42 0 78 44 0 6222 950000 5700 911872 1098750 1000278
29845.604912 147081 1400 1400 1400 1400 78 46 0 78 52 0 78 42 0 78 44 0 5978 950000 4750 910776 1098750 999180
29845.804913 147082 1400 1400 1400 1400 78 46 0 78 52 0 78 42 0 78 44 0 5978 950000 4750 912146 1100000 1003200
29846.004925 147083 1400 1400 1400 1400 78 46 0 78 52 0 78 42 0 78 44 0 5978 950000 4750 912146 1100000 1003200
29846.204913 147084 1400 1400 1400 1400 78 46 0 78 52 0 78 42 0 78 44 0 6222 950000 5700 910228 1098750 999180
29846.404914 147085 1400 1400 1400 1400 78 46 0 78 52 0 78 42 0 78 44 0 6222 950000 5700 911050 1098750 1000278
29846.604914 147086 1400 1400 1400 1400 78 46 0 78 52 0 78 42 0 78 44 0 6222 950000 5700 911598 1098750 1000278
29846.804896 147087 1400 1400 1400 1400 78 46 0 78 52 0 78 42 0 78 44 0 6222 950000 5700 911598 1098750 1000278
29847.004925 147088 1400 1400 1400 1400 78 46 0 78 52 0 78 42 0 78 44 0 6222 950000 5700 912968 1098750 1001376
29847.204914 147089 1400 1400 1400 1400 78 46 0 78 52 0 78 42 0 78 44 0 6222 950000 5700 911324 1098750 1000278
29847.404913 147090 1400 1400 1400 1400 78 46 0 78 52 0 78 42 0 78 44 0 6222 950000 5700 910776 1100000 1001000
29847.604892 147091 1400 1400 1400 1400 78 46 0 78 52 0 78 42 0 78 44 0 6222 950000 5700 910228 1100000 1001000
29847.804913 147092 1400 1400 1400 1400 78 46 0 78 52 0 78 42 0 78 44 0 6222 950000 5700 910228 1100000 1001000
29848.004922 147093 1400 1400 1400 1400 78 46 0 78 52 0 78 42 0 78 44 0 6222 950000 5700 911050 1098750 1000278
29848.204914 147094 1400 1400 1400 1400 78 46 0 78 52 0 78 42 0 78 44 0 5978 950000 4750 909406 1100000 999900
29848.404893 147095 1400 1400 1400 1400 78 46 0 78 52 0 78 42 0 78 44 0 6222 950000 5700 912420 1098750 1001376
29848.604892 147096 1400 1400 1400 1400 78 46 0 78 52 0 78 42 0 78 44 0 6222 950000 5700 912420 1098750 1001376
29848.804892 147097 1400 1400 1400 1400 78 46 0 78 52 0 78 42 0 78 44 0 6222 950000 5700 911598 1098750 1000278
29849.004904 147098 1400 1400 1400 1400 78 46 0 78 52 0 78 42 0 78 44 0 6222 950000 5700 910502 1100000 1001000
29849.204893 147099 1400 1400 1400 1400 78 46 0 78 52 0 78 42 0 78 44 0 6222 950000 5700 911324 1098750 1000278
29849.404892 147100 1400 1400 1400 1400 78 46 0 78 52 0 78 42 0 78 44 0 6222 950000 5700 911324 1098750 1000278
29849.604892 147101 1400 1400 1400 1400 78 46 0 78 52 0 78 42 0 78 44 0 6222 950000 5700 909680 1100000 999900
29849.804893 147102 1400 1400 1400 1400 78 46 0 78 52 0 78 42 0 78 44 0 6222 950000 5700 909132 1098750 998082
29850.004904 147103 1400 1400 1400 1400 78 46 0 78 52 0 78 42 0 78 44 0 6222 950000 5700 911050 1098750 1000278
29850.204893 147104 1400 1400 1400 1400 78 46 0 78 52 0 78 42 0 78 44 0 6222 950000 5700 911050 1098750 1000278
29850.404903 147105 1400 1400 1400 1400 78 46 0 78 52 0 78 42 0 78 44 0 6222 950000 5700 913516 1098750 1002474
29850.604892 147106 1400 1400 1400 1400 78 46 0 78 52 0 78 42 0 78 44 0 5978 950000 4750 912694 1098750 1001376
29850.804892 147107 1400 1400 1400 1400 78 46 0 78 52 0 78 42 0 78 44 0 6222 950000 5700 914612 1098750 1003572
29851.004856 147108 1400 1400 1400 1400 78 46 0 78 52 0 78 42 0 78 44 0 6222 950000 5700 914612 1098750 1003572
29851.204845 147109 1400 1400 1400 1400 78 46 0 78 52 0 78 42 0 78 44 0 6222 950000 5700 913516 1100000 1004300
29851.404842 147110 1400 1400 1400 1400 78 46 0 78 52 0 78 42 0 78 44 0 6222 950000 5700 910502 1100000 1001000
29851.604896 147111 1400 1400 1400 1400 78 46 0 78 52 0 78 42 0 78 44 0 5978 950000 4750 911598 1100000 1002100
29851.804892 147112 1400 1400 1400 1400 78 46 0 78 52 0 78 42 0 78 44 0 5978 950000 4750 911598 1100000 1002100
29852.004907 147113 1400 1400 1400 1400 78 46 0 78 52 0 78 42 0 78 44 0 6222 950000 5700 911050 1098750 1000278
29852.204895 147114 1400 1400 1400 1400 78 46 0 78 52 0 78 42 0 78 44 0 6222 950000 5700 913242 1098750 1002474
29852.404896 147115 1400 1400 1400 1400 78 46 0 78 52 0 78 42 0 78 44 0 6222 950000 5700 911872 1098750 1000278
29852.604896 147116 1400 1400 1400 1400 78 46 0 78 52 0 78 42 0 78 44 0 6222 950000 5700 911872 1098750 1000278
29852.804896 147117 1400 1400 1400 1400 78 46 0 78 52 0 78 42 0 78 44 0 6222 950000 5700 912694 1100000 1003200
29853.004910 147118 1400 1400 1400 1400 78 46 0 78 52 0 78 42 0 78 44 0 6222 950000 5700 912694 1100000 1003200
29853.204896 147119 1400 1400 1400 1400 78 46 0 78 52 0 78 42 0 78 44 0 6222 950000 5700 912146 1098750 1001376
29853.404896 147120 1400 1400 1400 1400 78 46 0 78 52 0 78 42 0 78 44 0 6222 950000 5700 912146 1098750 1001376
29853.604897 147121 1400 1400 1400 1400 78 46 0 78 52 0 78 42 0 78 44 0 5978 950000 4750 909132 1100000 999900
29853.804893 147122 1400 1400 1400 1400 78 46 0 78 52 0 78 42 0 78 44 0 6222 950000 5700 909132 1100000 999900
29854.004908 147123 1400 1400 1400 1400 78 46 0 78 52 0 78 42 0 78 44 0 5978 950000 4750 914612 1100000 1005400
29854.204896 147124 1400 1400 1400 1400 78 46 0 78 52 0 78 42 0 78 44 0 6222 950000 5700 910502 1100000 1001000
29854.404897 147125 1400 1400 1400 1400 78 46 0 78 52 0 78 42 0 78 44 0 6222 950000 5700 910502 1100000 1001000
29854.604896 147126 1400 1400 1400 1400 78 46 0 78 52 0 78 42 0 78 44 0 6222 950000 5700 911872 1098750 1000278
29854.804896 147127 1400 1400 1400 1400 78 46 0 78 52 0 78 42 0 78 44 0 6222 950000 5700 911324 1098750 1000278
29855.004908 147128 1400 1400 1400 1400 78 46 0 78 52 0 78 42 0 78 44 0 5978 950000 4750 910776 1100000 1001000
29855.204914 147129 1400 1400 1400 1400 78 46 0 78 52 0 78 42 0 78 44 0 5978 950000 4750 910776 1100000 1001000
29855.404924 147130 1400 1400 1400 1400 78 46 0 78 52 0 78 42 0 78 44 0 6222 950000 5700 908584 1098750 996984
29855.604914 147131 1400 1400 1400 1400 78 46 0 78 52 0 78 42 0 78 44 0 6222 950000 5700 909132 1100000 999900
29855.804913 147132 1400 1400 1400 1400 78 46 0 78 52 0 78 42 0 78 44 0 5978 950000 4750 911598 1098750 1000278
29856.004925 147133 1400 1400 1400 1400 78 46 0 78 52 0 78 42 0 78 44 0 5978 950000 4750 911598 1098750 1000278
29856.204910 147134 1400 1400 1400 1400 78 46 0 78 52 0 78 42 0 78 44 0 6222 950000 5700 912968 1098750 1001376
29856.404914 147135 1400 1400 1400 1400 78 46 0 78 52 0 78 42 0 78 44 0 6222 950000 5700 911598 1098750 1000278
29856.604913 147136 1400 1400 1400 1400 78 46 0 78 52 0 78 42 0 78 44 0 6222 950000 5700 912146 1098750 1001376
29856.804914 147137 1400 1400 1400 1400 78 46 0 78 52 0 78 42 0 78 44 0 6222 950000 5700 912146 1098750 1001376
29857.004929 147138 1400 1400 1400 1400 78 46 0 78 52 0 78 42 0 78 44 0 6222 950000 5700 911598 1100000 1002100
29857.204914 147139 1400 1400 1400 1400 78 46 0 78 52 0 78 42 0 78 44 0 5978 950000 4750 909406 1098750 998082
29857.404914 147140 1400 1400 1400 1400 78 46 0 78 52 0 78 42 0 78 44 0 6222 950000 5700 910228 1100000 1001000
29857.604921 147141 1400 1400 1400 1400 78 46 0 78 52 0 78 42 0 78 44 0 6222 950000 5700 910228 1100000 1001000
29857.804914 147142 1400 1400 1400 1400 78 46 0 78 52 0 78 42 0 78 44 0 6222 950000 5700 912420 1100000 1003200
29858.004926 147143 1400 1400 1400 1400 78 46 0 78 52 0 78 42 0 78 44 0 5978 950000 4750 912694 1098750 1001376
29858.204913 147144 1400 1400 1400 1400 78 46 0 78 52 0 78 42 0 78 44 0 5978 950000 4750 912146 1100000 1003200
29858.404913 147145 1400 1400 1400 1400 78 46 0 78 52 0 78 42 0 78 44 0 5978 950000 4750 912146 1100000 1003200
29858.604910 147146 1400 1400 1400 1400 78 46 0 78 52 0 78 42 0 78 44 0 6222 950000 5700 910776 1100000 1001000
29858.804913 147147 1400 1400 1400 1400 78 46 0 78 52 0 78 42 0 78 44 0 6222 950000 5700 910228 1098750 999180
29859.004925 147148 1400 1400 1400 1400 78 46 0 78 52 0 78 42 0 78 44 0 5978 950000 4750 909954 1100000 999900
29859.204914 147149 1400 1400 1400 1400 78 46 0 78 52 0 78 42 0 78 44 0 5978 950000 4750 909954 1100000 999900
29859.404914 147150 1400 1400 1400 1400 78 46 0 78 52 0 78 42 0 78 44 0 5978 950000 4750 909954 1100000 999900
29859.604913 147151 1400 1400 1400 1400 78 46 0 78 52 0 78 42 0 78 44 0 5978 950000 4750 912968 1100000 1003200
29859.804914 147152 1400 1400 1400 1400 78 46 0 78 52 0 78 42 0 78 44 0 6222 950000 5700 912968 1100000 1003200
29860.004905 147153 1400 1400 1400 1400 78 46 0 78 52 0 78 42 0 78 44 0 6222 950000 5700 912146 1100000 1003200
29860.204914 147154 1400 1400 1400 1400 78 46 0 78 52 0 78 42 0 78 44 0 6222 950000 5700 912146 1100000 1003200
29860.405077 147155 1400 1400 1400 1400 78 46 0 78 52 0 78 42 0 78 44 0 6222 950000 5700 912146 1098750 1001376
29860.604915 147156 1400 1400 1400 1400 78 46 0 78 52 0 78 42 0 78 44 0 6222 950000 5700 910502 1100000 1001000
29860.804915 147157 1400 1400 1400 1400 78 46 0 78 52 0 78 42 0 78 44 0 6222 950000 5700 920092 1100000 1012000
29861.004917 147158 1400 1400 1400 1400 78 46 0 78 52 0 78 42 0 78 44 0 6222 950000 5700 920092 1100000 1012000
29861.204914 147159 1400 1400 1400 1400 78 46 0 78 52 0 78 42 0 78 44 0 6222 950000 5700 911598 1100000 1002100
29861.404914 147160 1400 1400 1400 1400 78 46 0 78 52 0 78 42 0 78 44 0 6222 950000 5700 914064 1098750 1003572
29861.604915 147161 1400 1400 1400 1400 78 46 0 78 52 0 78 42 0 78 44 0 5978 950000 4750 912968 1100000 1003200
29861.804914 147162 1400 1400 1400 1400 78 46 0 78 52 0 78 42 0 78 44 0 5978 950000 4750 912968 1100000 1003200
29862.004987 147163 1400 1400 1400 1400 78 46 0 78 52 0 78 42 0 78 44 0 6222 950000 5700 913516 1100000 1004300
29862.204929 147164 1400 1400 1400 1400 78 46 0 78 52 0 78 42 0 78 44 0 6222 950000 5700 912968 1100000 1003200
29862.404913 147165 1400 1400 1400 1400 78 46 0 78 52 0 78 42 0 78 44 0 6222 950000 5700 911324 1100000 1002100
29862.604914 147166 1400 1400 1400 1400 78 46 0 78 52 0 78 42 0 78 44 0 6222 950000 5700 911324 1100000 1002100
29862.804914 147167 1400 1400 1400 1400 78 46 0 78 52 0 78 42 0 78 44 0 6222 950000 5700 911598 1100000 1002100
29863.004925 147168 1400 1400 1400 1400 78 46 0 78 52 0 78 42 0 78 44 0 6222 950000 5700 914338 1100000 1005400
29863.204909 147169 1400 1400 1400 1400 78 46 0 78 52 0 78 42 0 78 44 0 6222 950000 5700 912146 1098750 1001376
29863.404914 147170 1400 1400 1400 1400 78 46 0 78 52 0 78 42 0 78 44 0 6222 950000 5700 912146 1098750 1001376
29863.604914 147171 1400 1400 1400 1400 78 46 0 78 52 0 78 42 0 78 44 0 5978 950000 4750 914064 1100000 1005400
29863.804914 147172 1400 1400 1400 1400 78 46 0 78 52 0 78 42 0 78 44 0 5978 950000 4750 911598 1098750 1000278
29864.004925 147173 1400 1400 1400 1400 78 46 0 78 52 0 78 42 0 78 44 0 6222 950000 5700 912420 1100000 1003200
29864.204915 147174 1400 1400 1400 1400 78 46 0 78 52 0 78 42 0 78 44 0 6222 950000 5700 912420 1100000 1003200
29864.404910 147175 1400 1400 1400 1400 78 46 0 78 52 0 78 42 0 78 44 0 6222 950000 5700 909954 1100000 999900
29864.604915 147176 1400 1400 1400 1400 78 46 0 78 52 0 78 42 0 78 44 0 6222 950000 5700 910228 1100000 1001000
29864.804913 147177 1400 1400 1400 1400 78 46 0 78 52 0 78 42 0 78 44 0 6222 950000 5700 909132 1100000 999900
29865.004928 147178 1400 1400 1400 1400 78 46 0 78 52 0 78 42 0 78 44 0 6222 950000 5700 909132 1100000 999900
29865.204914 147179 1400 1400 1400 1400 78 46 0 78 52 0 78 42 0 78 44 0 5978 950000 4750 912146 1100000 1003200
29865.404924 147180 1400 1400 1400 1400 78 46 0 78 52 0 78 42 0 78 44 0 5978 950000 4750 911050 1100000 1002100
29865.604913 147181 1400 1400 1400 1400 78 46 0 78 52 0 78 42 0 78 44 0 5978 950000 4750 911324 1100000 1002100
29865.804896 147182 1400 1400 1400 1400 78 46 0 78 52 0 78 42 0 78 44 0 5978 950000 4750 911324 1100000 1002100
29866.004925 147183 1400 1400 1400 1400 78 46 0 78 52 0 78 42 0 78 44 0 6222 950000 5700 914064 1100000 1005400
29866.204914 147184 1400 1400 1400 1400 78 46 0 78 52 0 78 42 0 78 44 0 6222 950000 5700 909132 1098750 998082
29866.404914 147185 1400 1400 1400 1400 78 46 0 78 52 0 78 42 0 78 44 0 6222 950000 5700 911324 1098750 1000278
29866.604888 147186 1400 1400 1400 1400 78 46 0 78 52 0 78 42 0 78 44 0 6222 950000 5700 910502 1100000 1001000
29866.804914 147187 1400 1400 1400 1400 78 46 0 78 52 0 78 42 0 78 44 0 6222 950000 5700 910502 1100000 1001000
29867.004926 147188 1400 1400 1400 1400 78 46 0 78 52 0 78 42 0 78 44 0 6222 950000 5700 910776 1100000 1001000
29867.204913 147189 1400 1400 1400 1400 78 46 0 78 52 0 78 42 0 78 44 0 5978 950000 4750 912694 1098750 1001376
29867.404913 147190 1400 1400 1400 1400 78 46 0 78 52 0 78 42 0 78 44 0 5978 950000 4750 912146 1100000 1003200
29867.604915 147191 1400 1400 1400 1400 78 46 0 78 52 0 78 42 0 78 44 0 5978 950000 4750 912146 1100000 1003200
29867.804914 147192 1400 1400 1400 1400 78 46 0 78 52 0 78 42 0 78 44 0 6222 950000 5700 912420 1098750 1001376
29868.004925 147193 1400 1400 1400 1400 78 46 0 78 52 0 78 42 0 78 44 0 5978 950000 4750 910776 1100000 1001000
29868.204913 147194 1400 1400 1400 1400 78 46 0 78 52 0 78 42 0 78 44 0 5978 950000 4750 910776 1100000 1001000
29868.404914 147195 1400 1400 1400 1400 78 46 0 78 52 0 78 42 0 78 44 0 5978 950000 4750 910776 1100000 1001000
29868.604914 147196 1400 1400 1400 1400 78 46 0 78 52 0 78 42 0 78 44 0 5978 950000 4750 911324 1098750 1000278
29868.804958 147197 1400 1400 1400 1400 78 46 0 78 52 0 78 42 0 78 44 0 6222 950000 5700 912420 1100000 1003200
29869.004967 147198 1400 1400 1400 1400 78 46 0 78 52 0 78 42 0 78 44 0 6222 950000 5700 654860 1097500 717438
29869.204904 147199 1400 1400 1400 1400 77 46 0 77 52 0 77 42 0 77 44 0 6222 950000 5700 654860 1097500 717438
29869.404904 147200 1400 1400 1400 1400 77 46 0 77 52 0 77 42 0 77 44 0 5978 950000 4750 75350 1095000 82125
29869.604904 147201 1400 1400 1400 1400 77 46 0 77 52 0 77 42 0 77 44 0 5978 950000 4750 70692 1095000 76650
29869.804904 147202 1400 1400 1400 1400 77 46 0 77 52 0 77 42 0 77 44 0 5978 950000 4750 67678 1095000 73365
29870.004914 147203 1400 1400 1400 1400 77 46 0 77 52 0 77 42 0 77 44 0 5978 950000 4750 67678 1095000 73365
29870.204903 147204 1400 1400 1400 1400 75 46 0 75 52 0 75 42 0 75 44 0 5978 950000 4750 66856 1095000 72270
29870.404982 147205 1400 1400 1400 1400 75 46 0 75 52 0 75 42 0 75 44 0 5978 950000 4750 69870 1095000 75555
29870.604904 147206 1400 1400 1400 1400 75 46 0 75 52 0 75 42 0 75 44 0 5978 950000 4750 104394 1095000 113880
29870.804904 147207 1400 1400 1400 1400 75 46 0 75 52 0 75 42 0 75 44 0 5978 950000 4750 104394 1095000 113880
29871.004914 147208 1400 1400 1400 1400 75 46 0 75 52 0 75 42 0 75 44 0 5978 950000 4750 71788 1095000 77745
29871.204904 147209 1400 1400 1400 1400 74 46 0 74 52 0 74 42 0 74 44 0 5978 950000 4750 72610 1095000 78840
29871.404900 147210 1400 1400 1400 1400 74 46 0 74 52 0 74 42 0 74 44 0 5978 950000 4750 73158 1095000 79935
