  525.900027 487 1000 1000 1000 1000 67 46 0 67 52 0 67 42 0 67 44 0 5734 950000 4750 41100 957500 39237
  526.099923 488 1000 1000 1000 1000 67 46 0 67 52 0 67 42 0 67 44 0 5734 950000 4750 41100 957500 39237
  526.299927 489 1000 1000 1000 1000 67 46 0 67 52 0 67 42 0 67 44 0 5490 950000 4750 159468 958750 152322
  526.499927 490 1000 1000 1000 1000 67 46 0 67 52 0 67 42 0 67 44 0 5490 950000 4750 38634 957500 36366
  526.699931 491 1000 1000 1000 1000 67 46 0 67 52 0 67 42 0 67 44 0 5490 950000 4750 38908 957500 36366
  526.900016 492 1000 1000 1000 1000 68 46 0 68 52 0 68 42 0 68 44 0 5490 950000 4750 38908 957500 36366
  527.099946 493 1000 1000 1000 1000 68 46 0 68 52 0 68 42 0 68 44 0 5490 950000 4750 302770 957500 289014
  527.299921 494 1000 1000 1000 1000 68 46 0 68 52 0 68 42 0 68 44 0 5490 950000 4750 666916 958750 638028
  527.504957 495 1000 1000 1000 1000 68 46 0 68 52 0 68 42 0 68 44 0 5490 950000 4750 635954 958750 608330
  527.704930 496 1000 1000 1000 1000 68 46 0 68 52 0 68 42 0 68 44 0 5490 950000 4750 635954 958750 608330
  527.904968 497 1000 1000 1000 1000 68 46 0 68 52 0 68 42 0 68 44 0 5490 948750 4740 587182 958750 562346
  528.104926 498 1000 1000 1000 1000 68 46 0 68 52 0 68 42 0 68 44 0 5490 948750 4740 511558 958750 489538
  528.304943 499 1000 1000 1000 1000 68 46 0 68 52 0 68 42 0 68 44 0 5490 950000 4750 646366 958750 618868
  528.504967 500 1000 1000 1000 1000 68 46 0 68 52 0 68 42 0 68 44 0 5490 950000 4750 646366 958750 618868
  528.705054 501 900 900 900 900 68 46 0 68 52 0 68 42 0 68 44 0 5490 950000 4750 612390 958750 586296
  528.904936 502 900 900 900 900 68 46 0 68 52 0 68 42 0 68 44 0 5490 950000 4750 526628 948750 498648
  529.104929 503 900 900 900 900 68 46 0 68 52 0 68 42 0 68 44 0 5490 950000 4750 166866 920000 152720
  529.304858 504 900 900 900 900 68 46 0 68 52 0 68 42 0 68 44 0 5490 950000 4750 36716 920000 33120
  529.504930 505 900 900 900 900 68 46 0 68 52 0 68 42 0 68 44 0 5490 950000 4750 36716 920000 33120
  529.704952 506 900 900 900 900 68 46 0 68 52 0 68 42 0 68 44 0 5490 950000 4750 83296 920000 76360
  529.904948 507 900 900 900 900 68 46 0 68 52 0 68 42 0 68 44 0 5490 950000 4750 363324 920000 333960
  530.104960 508 900 900 900 900 68 46 0 68 52 0 68 42 0 68 44 0 5490 950000 4750 553206 920000 508760
  530.304947 509 900 900 900 900 68 46 0 68 52 0 68 42 0 68 44 0 5490 950000 4750 553206 920000 508760
  530.504919 510 900 900 900 900 68 46 0 68 52 0 68 42 0 68 44 0 5490 950000 4750 550740 920000 506000
  530.704908 511 900 900 900 900 68 46 0 68 52 0 68 42 0 68 44 0 5490 950000 4750 524162 920000 482080
  530.904929 512 900 900 900 900 68 46 0 68 52 0 68 42 0 68 44 0 5734 950000 4750 351268 920000 322920
  531.104955 513 900 900 900 900 68 46 0 68 52 0 68 42 0 68 44 0 5734 950000 4750 351268 920000 322920
  531.304935 514 900 900 900 900 68 46 0 68 52 0 68 42 0 68 44 0 5490 950000 4750 36716 920000 33120
  531.504929 515 900 900 900 900 68 46 0 68 52 0 68 42 0 68 44 0 5490 950000 4750 35620 920000 32200
  531.704938 516 900 900 900 900 68 46 0 68 52 0 68 42 0 68 44 0 5490 950000 4750 35346 920000 32200
  531.904934 517 900 900 900 900 67 46 0 67 52 0 67 42 0 67 44 0 5490 950000 4750 35346 920000 32200
  532.104925 518 900 900 900 900 67 46 0 67 52 0 67 42 0 67 44 0 5490 950000 4750 32606 920000 29440
  532.304934 519 900 900 900 900 67 46 0 67 52 0 67 42 0 67 44 0 5490 950000 4750 35620 920000 32200
  532.504935 520 900 900 900 900 67 46 0 67 52 0 67 42 0 67 44 0 5734 950000 4750 33702 920000 30360
  532.704935 521 900 900 900 900 67 46 0 67 52 0 67 42 0 67 44 0 5734 950000 4750 33702 920000 30360
  532.904935 522 900 900 900 900 67 46 0 67 52 0 67 42 0 67 44 0 5490 950000 4750 35072 920000 32200
  533.104951 523 900 900 900 900 67 46 0 67 52 0 67 42 0 67 44 0 5246 950000 4750 36716 920000 33120
  533.304934 524 900 900 900 900 67 46 0 67 52 0 67 42 0 67 44 0 5490 950000 4750 43840 920000 39560
  533.504934 525 900 900 900 900 67 46 0 67 52 0 67 42 0 67 44 0 5490 950000 4750 43840 920000 39560
