  727.224943 1493 300 300 300 300 69 46 0 69 52 0 69 42 0 69 44 0 60268 947500 56820 9590 1158750 10422
  727.424964 1494 300 300 300 300 69 46 0 69 52 0 69 42 0 69 44 0 60268 947500 56820 9590 1158750 10422
  727.624941 1495 300 300 300 300 69 46 0 69 52 0 69 42 0 69 44 0 55022 947500 52085 9590 1158750 10422
  727.824950 1496 300 300 300 300 69 46 0 69 52 0 69 42 0 69 44 0 55022 947500 52085 9590 1158750 10422
  728.024973 1497 300 300 300 300 68 46 0 68 52 0 68 42 0 68 44 0 54717 947500 51138 9590 1158750 10422
  728.224954 1498 300 300 300 300 68 46 0 68 52 0 68 42 0 68 44 0 54717 947500 51138 9590 1158750 10422
  728.424955 1499 300 300 300 300 68 46 0 68 52 0 68 42 0 68 44 0 55022 947500 52085 9590 1158750 10422
  728.624949 1500 300 300 300 300 68 46 0 68 52 0 68 42 0 68 44 0 54717 947500 51138 9590 1158750 10422
  728.824950 1501 300 300 300 300 68 46 0 68 52 0 68 42 0 68 44 0 55022 947500 52085 9590 1158750 10422
  729.024970 1502 300 300 300 300 68 46 0 68 52 0 68 42 0 68 44 0 55022 947500 52085 9590 1158750 10422
  729.224948 1503 300 300 300 300 68 46 0 68 52 0 68 42 0 68 44 0 54717 947500 51138 9590 1158750 10422
  729.424956 1504 300 300 300 300 68 46 0 68 52 0 68 42 0 68 44 0 54717 947500 51138 9590 1158750 10422
  729.624949 1505 300 300 300 300 68 46 0 68 52 0 68 42 0 68 44 0 54473 947500 51138 9590 1158750 10422
  729.824949 1506 300 300 300 300 68 46 0 68 52 0 68 42 0 68 44 0 54473 947500 51138 9590 1158750 10422
  730.024961 1507 300 300 300 300 68 46 0 68 52 0 68 42 0 68 44 0 55022 947500 52085 9590 1158750 10422
  730.224980 1508 300 300 300 300 68 46 0 68 52 0 68 42 0 68 44 0 54717 947500 51138 9590 1158750 10422
  730.424966 1509 300 300 300 300 68 46 0 68 52 0 68 42 0 68 44 0 38247 948750 36024 9590 1158750 10422
  730.624951 1510 300 300 300 300 68 46 0 68 52 0 68 42 0 68 44 0 38247 948750 36024 9590 1158750 10422
  730.824951 1511 300 300 300 300 68 46 0 68 52 0 68 42 0 68 44 0 9760 950000 8550 9590 1158750 10422
  731.024997 1512 300 300 300 300 68 46 0 68 52 0 68 42 0 68 44 0 9272 950000 8550 9590 1158750 10422
  731.224952 1513 300 300 300 300 68 46 0 68 52 0 68 42 0 68 44 0 9516 950000 8550 9590 1158750 10422
  731.424960 1514 300 300 300 300 68 46 0 68 52 0 68 42 0 68 44 0 9516 950000 8550 9590 1158750 10422
  731.624951 1515 300 300 300 300 68 46 0 68 52 0 68 42 0 68 44 0 9516 950000 8550 9590 1158750 10422
  731.824951 1516 300 300 300 300 68 46 0 68 52 0 68 42 0 68 44 0 9516 950000 8550 9590 1158750 10422
  732.024974 1517 300 300 300 300 68 46 0 68 52 0 68 42 0 68 44 0 9028 950000 8550 9316 1158750 10422
  732.224932 1518 300 300 300 300 68 46 0 68 52 0 68 42 0 68 44 0 9028 950000 8550 9316 1158750 10422
  732.424943 1519 300 300 300 300 68 46 0 68 52 0 68 42 0 68 44 0 9516 950000 8550 9316 1158750 10422
  732.624956 1520 300 300 300 300 68 46 0 68 52 0 68 42 0 68 44 0 9028 950000 8550 9316 1158750 10422
  732.824951 1521 300 300 300 300 68 46 0 68 52 0 68 42 0 68 44 0 9028 948750 8532 9316 1158750 10422
  733.024945 1522 300 300 300 300 68 46 0 68 52 0 68 42 0 68 44 0 9028 950000 8550 9590 1158750 10422
