35872.364958 177214 250 250 250 250 73 46 0 73 52 0 73 42 0 73 44 0 8723 950000 7600 7946 1021250 7147
35872.564958 177215 250 250 250 250 73 46 0 73 52 0 73 42 0 73 44 0 8723 950000 7600 7946 1021250 7147
35872.764936 177216 250 250 250 250 73 46 0 73 52 0 73 42 0 73 44 0 9028 950000 8550 7946 1021250 7147
35872.964976 177217 250 250 250 250 73 46 0 73 52 0 73 42 0 73 44 0 8723 950000 7600 7946 1021250 7147
35873.164977 177218 250 250 250 250 73 46 0 73 52 0 73 42 0 73 44 0 28487 948750 26544 7946 1021250 7147
35873.364965 177219 250 250 250 250 73 46 0 73 52 0 73 42 0 73 44 0 28487 948750 26544 7946 1021250 7147
35873.565038 177220 250 250 250 250 73 46 0 73 52 0 73 42 0 73 44 0 9272 950000 8550 8220 1021250 8168
35873.764958 177221 250 250 250 250 73 46 0 73 52 0 73 42 0 73 44 0 9028 950000 8550 7946 1021250 7147
35873.964944 177222 250 250 250 250 73 46 0 73 52 0 73 42 0 73 44 0 33001 948750 31284 8220 1021250 8168
35874.164895 177223 250 250 250 250 73 46 0 73 52 0 73 42 0 73 44 0 53741 948750 50244 8220 1021250 8168
35874.365012 177224 250 250 250 250 73 46 0 73 52 0 73 42 0 73 44 0 53741 948750 50244 8220 1021250 8168
35874.565030 177225 250 250 250 250 73 46 0 73 52 0 73 42 0 73 44 0 55998 947500 52085 8220 1021250 8168
35874.764993 177226 250 250 250 250 73 46 0 73 52 0 73 42 0 73 44 0 54229 948750 51192 7946 1021250 7147
35874.965011 177227 250 250 250 250 73 46 0 73 52 0 73 42 0 73 44 0 54229 948750 51192 7946 1021250 7147
35875.165044 177228 250 250 250 250 73 46 0 73 52 0 73 42 0 73 44 0 54229 948750 51192 7946 1021250 7147
35875.365048 177229 250 250 250 250 73 46 0 73 52 0 73 42 0 73 44 0 53741 948750 50244 8220 1021250 8168
35875.565069 177230 250 250 250 250 73 46 0 73 52 0 73 42 0 73 44 0 53497 947500 50191 8220 1021250 8168
35875.764957 177231 250 250 250 250 73 46 0 73 52 0 73 42 0 73 44 0 53741 947500 50191 7946 1021250 7147
35875.964910 177232 250 250 250 250 73 46 0 73 52 0 73 42 0 73 44 0 53741 947500 50191 7946 1021250 7147
35876.164948 177233 250 250 250 250 73 46 0 73 52 0 73 42 0 73 44 0 51240 948750 48348 8220 1021250 8168
35876.364952 177234 250 250 250 250 73 46 0 73 52 0 73 42 0 73 44 0 46482 948750 43608 8220 1021250 8168
35876.564937 177235 250 250 250 250 73 46 0 73 52 0 73 42 0 73 44 0 48251 948750 45504 7946 1021250 7147
35876.764953 177236 250 250 250 250 73 46 0 73 52 0 73 42 0 73 44 0 48251 948750 45504 7946 1021250 7147
35876.964951 177237 250 250 250 250 73 46 0 73 52 0 73 42 0 73 44 0 48007 948750 45504 8220 1021250 8168
35877.164978 177238 250 250 250 250 73 46 0 73 52 0 73 42 0 73 44 0 47519 948750 44556 8220 1021250 8168
35877.364950 177239 250 250 250 250 73 46 0 73 52 0 73 42 0 73 44 0 47519 948750 44556 8220 1021250 8168
35877.564950 177240 250 250 250 250 73 46 0 73 52 0 73 42 0 73 44 0 47519 948750 44556 8220 1021250 8168
35877.764939 177241 250 250 250 250 73 46 0 73 52 0 73 42 0 73 44 0 47763 948750 44556 8220 1021250 8168
35877.964949 177242 250 250 250 250 73 46 0 73 52 0 73 42 0 73 44 0 47763 948750 44556 8220 1021250 8168
35878.164973 177243 250 250 250 250 73 46 0 73 52 0 73 42 0 73 44 0 47519 948750 44556 8220 1021250 8168
35878.364949 177244 250 250 250 250 73 46 0 73 52 0 73 42 0 73 44 0 47519 948750 44556 8220 1021250 8168
35878.564949 177245 250 250 250 250 73 46 0 73 52 0 73 42 0 73 44 0 47519 948750 44556 8220 1021250 8168
35878.764953 177246 250 250 250 250 73 46 0 73 52 0 73 42 0 73 44 0 47763 948750 44556 7946 1021250 7147
35878.964948 177247 250 250 250 250 73 46 0 73 52 0 73 42 0 73 44 0 47519 948750 44556 8220 1021250 8168
35879.164988 177248 250 250 250 250 73 46 0 73 52 0 73 42 0 73 44 0 47519 948750 44556 8220 1021250 8168
35879.364950 177249 250 250 250 250 73 46 0 73 52 0 73 42 0 73 44 0 47763 948750 44556 7946 1021250 7147
35879.564950 177250 250 250 250 250 73 46 0 73 52 0 73 42 0 73 44 0 47519 948750 44556 7946 1021250 7147
35879.764950 177251 250 250 250 250 73 46 0 73 52 0 73 42 0 73 44 0 47519 948750 44556 8220 1021250 8168
35879.964930 177252 250 250 250 250 73 46 0 73 52 0 73 42 0 73 44 0 47519 948750 44556 8220 1021250 8168
35880.164963 177253 250 250 250 250 73 46 0 73 52 0 73 42 0 73 44 0 47763 948750 44556 7946 1021250 7147
35880.364949 177254 250 250 250 250 73 46 0 73 52 0 73 42 0 73 44 0 47763 948750 44556 8220 1021250 8168
35880.564950 177255 250 250 250 250 73 46 0 73 52 0 73 42 0 73 44 0 47763 948750 44556 7946 1021250 7147
35880.764923 177256 250 250 250 250 73 46 0 73 52 0 73 42 0 73 44 0 47763 948750 44556 8220 1021250 8168
35880.964949 177257 250 250 250 250 73 46 0 73 52 0 73 42 0 73 44 0 47763 948750 44556 8220 1021250 8168
35881.164973 177258 250 250 250 250 73 46 0 73 52 0 73 42 0 73 44 0 48007 948750 45504 7946 1021250 7147
35881.364936 177259 250 250 250 250 73 46 0 73 52 0 73 42 0 73 44 0 47519 948750 44556 7946 1021250 7147
35881.564949 177260 250 250 250 250 73 46 0 73 52 0 73 42 0 73 44 0 47519 948750 44556 7946 1021250 7147
35881.764950 177261 250 250 250 250 73 46 0 73 52 0 73 42 0 73 44 0 47519 948750 44556 7946 1021250 7147
35881.964949 177262 250 250 250 250 73 46 0 73 52 0 73 42 0 73 44 0 47763 948750 44556 7946 1021250 7147
35882.164977 177263 250 250 250 250 73 46 0 73 52 0 73 42 0 73 44 0 47763 948750 44556 7946 1021250 7147
35882.364949 177264 250 250 250 250 73 46 0 73 52 0 73 42 0 73 44 0 48007 948750 45504 7946 1021250 7147
35882.564949 177265 250 250 250 250 73 46 0 73 52 0 73 42 0 73 44 0 48007 948750 45504 7946 1021250 7147
35882.764950 177266 250 250 250 250 73 46 0 73 52 0 73 42 0 73 44 0 47763 948750 44556 7946 1021250 7147
35882.964949 177267 250 250 250 250 73 46 0 73 52 0 73 42 0 73 44 0 47763 948750 44556 7946 1021250 7147
35883.164973 177268 250 250 250 250 73 46 0 73 52 0 73 42 0 73 44 0 47519 948750 44556 8220 1021250 8168
35883.364952 177269 250 250 250 250 73 46 0 73 52 0 73 42 0 73 44 0 47519 948750 44556 8220 1021250 8168
35883.564949 177270 250 250 250 250 73 46 0 73 52 0 73 42 0 73 44 0 48007 948750 45504 7946 1021250 7147
35883.764937 177271 250 250 250 250 73 46 0 73 52 0 73 42 0 73 44 0 47763 948750 44556 8220 1021250 8168
35883.964949 177272 250 250 250 250 73 46 0 73 52 0 73 42 0 73 44 0 47763 948750 44556 7946 1021250 7147
35884.164973 177273 250 250 250 250 73 46 0 73 52 0 73 42 0 73 44 0 47763 948750 44556 7946 1021250 7147
35884.364949 177274 250 250 250 250 73 46 0 73 52 0 73 42 0 73 44 0 47519 948750 44556 8220 1021250 8168
35884.564949 177275 250 250 250 250 73 46 0 73 52 0 73 42 0 73 44 0 47519 948750 44556 7946 1021250 7147
35884.764949 177276 250 250 250 250 73 46 0 73 52 0 73 42 0 73 44 0 47519 948750 44556 8220 1021250 8168
35884.964949 177277 250 250 250 250 73 46 0 73 52 0 73 42 0 73 44 0 47519 948750 44556 8220 1021250 8168
35885.164977 177278 250 250 250 250 73 46 0 73 52 0 73 42 0 73 44 0 47519 948750 44556 8220 1021250 8168
35885.364949 177279 250 250 250 250 73 46 0 73 52 0 73 42 0 73 44 0 47763 948750 44556 8220 1021250 8168
35885.564949 177280 250 250 250 250 73 46 0 73 52 0 73 42 0 73 44 0 47763 948750 44556 8220 1021250 8168
35885.764950 177281 250 250 250 250 73 46 0 73 52 0 73 42 0 73 44 0 47763 948750 44556 8220 1021250 8168
35885.964952 177282 250 250 250 250 73 46 0 73 52 0 73 42 0 73 44 0 48007 948750 45504 7946 1021250 7147
35886.164937 177283 250 250 250 250 73 46 0 73 52 0 73 42 0 73 44 0 47763 948750 44556 8220 1021250 8168
35886.364949 177284 250 250 250 250 73 46 0 73 52 0 73 42 0 73 44 0 48007 948750 45504 7946 1021250 7147
35886.564930 177285 250 250 250 250 73 46 0 73 52 0 73 42 0 73 44 0 48007 948750 45504 7946 1021250 7147
35886.764949 177286 250 250 250 250 73 46 0 73 52 0 73 42 0 73 44 0 47763 948750 44556 7946 1021250 7147
35886.964949 177287 250 250 250 250 73 46 0 73 52 0 73 42 0 73 44 0 47763 948750 44556 7946 1021250 7147
35887.164972 177288 250 250 250 250 73 46 0 73 52 0 73 42 0 73 44 0 48007 948750 45504 7946 1021250 7147
35887.364949 177289 250 250 250 250 73 46 0 73 52 0 73 42 0 73 44 0 48007 948750 45504 8220 1021250 8168
35887.564948 177290 250 250 250 250 73 46 0 73 52 0 73 42 0 73 44 0 48007 948750 45504 8220 1021250 8168
35887.764949 177291 250 250 250 250 73 46 0 73 52 0 73 42 0 73 44 0 48007 948750 45504 7946 1021250 7147
35887.964949 177292 250 250 250 250 73 46 0 73 52 0 73 42 0 73 44 0 48007 948750 45504 8220 1021250 8168
35888.164976 177293 250 250 250 250 73 46 0 73 52 0 73 42 0 73 44 0 48007 948750 45504 8220 1021250 8168
35888.364949 177294 250 250 250 250 73 46 0 73 52 0 73 42 0 73 44 0 48007 948750 45504 8220 1021250 8168
35888.564937 177295 250 250 250 250 73 46 0 73 52 0 73 42 0 73 44 0 47519 948750 44556 7946 1021250 7147
35888.764949 177296 250 250 250 250 73 46 0 73 52 0 73 42 0 73 44 0 47519 948750 44556 8220 1021250 8168
35888.964949 177297 250 250 250 250 73 46 0 73 52 0 73 42 0 73 44 0 47763 948750 44556 7946 1021250 7147
35889.164975 177298 250 250 250 250 73 46 0 73 52 0 73 42 0 73 44 0 47763 948750 44556 7946 1021250 7147
35889.364948 177299 250 250 250 250 73 46 0 73 52 0 73 42 0 73 44 0 47763 948750 44556 8220 1021250 8168
35889.564936 177300 250 250 250 250 73 46 0 73 52 0 73 42 0 73 44 0 48007 948750 45504 7946 1021250 7147
35889.764949 177301 250 250 250 250 73 46 0 73 52 0 73 42 0 73 44 0 48251 948750 45504 7946 1021250 7147
35889.964949 177302 250 250 250 250 73 46 0 73 52 0 73 42 0 73 44 0 48251 948750 45504 7946 1021250 7147
35890.164972 177303 250 250 250 250 73 46 0 73 52 0 73 42 0 73 44 0 46970 948750 43608 8220 1021250 8168
35890.364949 177304 250 250 250 250 73 46 0 73 52 0 73 42 0 73 44 0 47519 948750 44556 7946 1021250 7147
35890.564949 177305 250 250 250 250 73 46 0 73 52 0 73 42 0 73 44 0 47519 948750 44556 8220 1021250 8168
35890.764951 177306 250 250 250 250 73 46 0 73 52 0 73 42 0 73 44 0 47519 948750 44556 8220 1021250 8168
35890.964937 177307 250 250 250 250 73 46 0 73 52 0 73 42 0 73 44 0 47763 948750 44556 8220 1021250 8168
35891.164978 177308 250 250 250 250 73 46 0 73 52 0 73 42 0 73 44 0 48007 948750 45504 7946 1021250 7147
35891.364949 177309 250 250 250 250 73 46 0 73 52 0 73 42 0 73 44 0 47763 948750 44556 8220 1021250 8168
35891.564949 177310 250 250 250 250 73 46 0 73 52 0 73 42 0 73 44 0 47763 948750 44556 8220 1021250 8168
35891.764950 177311 250 250 250 250 73 46 0 73 52 0 73 42 0 73 44 0 47763 948750 44556 8220 1021250 8168
35891.964939 177312 250 250 250 250 73 46 0 73 52 0 73 42 0 73 44 0 48007 947500 45456 8220 1021250 8168
35892.164974 177313 250 250 250 250 73 46 0 73 52 0 73 42 0 73 44 0 47275 948750 44556 8220 1021250 8168
35892.364952 177314 250 250 250 250 73 46 0 73 52 0 73 42 0 73 44 0 47275 948750 44556 8220 1021250 8168
35892.564949 177315 250 250 250 250 73 46 0 73 52 0 73 42 0 73 44 0 48007 948750 45504 7946 1021250 7147
35892.764950 177316 250 250 250 250 73 46 0 73 52 0 73 42 0 73 44 0 48007 948750 45504 8220 1021250 8168
35892.964949 177317 250 250 250 250 73 46 0 73 52 0 73 42 0 73 44 0 47519 948750 44556 8220 1021250 8168
35893.164878 177318 250 250 250 250 73 46 0 73 52 0 73 42 0 73 44 0 47763 948750 44556 8220 1021250 8168
35893.364949 177319 250 250 250 250 73 46 0 73 52 0 73 42 0 73 44 0 47763 948750 44556 7946 1021250 7147
35893.564949 177320 250 250 250 250 73 46 0 73 52 0 73 42 0 73 44 0 47763 948750 44556 7946 1021250 7147
35893.764949 177321 250 250 250 250 73 46 0 73 52 0 73 42 0 73 44 0 47519 948750 44556 7946 1021250 7147
35893.964948 177322 250 250 250 250 73 46 0 73 52 0 73 42 0 73 44 0 47763 947500 44509 7946 1021250 7147
35894.164978 177323 250 250 250 250 73 46 0 73 52 0 73 42 0 73 44 0 47763 947500 44509 7946 1021250 7147
35894.364937 177324 250 250 250 250 73 46 0 73 52 0 73 42 0 73 44 0 48251 948750 45504 8220 1021250 8168
35894.564949 177325 250 250 250 250 73 46 0 73 52 0 73 42 0 73 44 0 47763 948750 44556 8220 1021250 8168
35894.764949 177326 250 250 250 250 73 46 0 73 52 0 73 42 0 73 44 0 48007 948750 45504 8220 1021250 8168
35894.964949 177327 250 250 250 250 73 46 0 73 52 0 73 42 0 73 44 0 48007 948750 45504 8220 1021250 8168
35895.164972 177328 250 250 250 250 73 46 0 73 52 0 73 42 0 73 44 0 47519 948750 44556 8220 1021250 8168
35895.364949 177329 250 250 250 250 73 46 0 73 52 0 73 42 0 73 44 0 47763 948750 44556 8220 1021250 8168
35895.564935 177330 250 250 250 250 73 46 0 73 52 0 73 42 0 73 44 0 47519 948750 44556 7946 1021250 7147
35895.764949 177331 250 250 250 250 73 46 0 73 52 0 73 42 0 73 44 0 47519 948750 44556 7946 1021250 7147
35895.964948 177332 250 250 250 250 73 46 0 73 52 0 73 42 0 73 44 0 47763 948750 44556 8220 1021250 8168
35896.164971 177333 250 250 250 250 73 46 0 73 52 0 73 42 0 73 44 0 47763 948750 44556 8220 1021250 8168
35896.364948 177334 250 250 250 250 73 46 0 73 52 0 73 42 0 73 44 0 47763 948750 44556 8220 1021250 8168
35896.564951 177335 250 250 250 250 73 46 0 73 52 0 73 42 0 73 44 0 47763 948750 44556 8220 1021250 8168
35896.764939 177336 250 250 250 250 73 46 0 73 52 0 73 42 0 73 44 0 47763 948750 44556 7946 1021250 7147
35896.964949 177337 250 250 250 250 73 46 0 73 52 0 73 42 0 73 44 0 47763 948750 44556 8220 1021250 8168
35897.164976 177338 250 250 250 250 73 46 0 73 52 0 73 42 0 73 44 0 47519 948750 44556 7946 1021250 7147
35897.364949 177339 250 250 250 250 73 46 0 73 52 0 73 42 0 73 44 0 47519 948750 44556 7946 1021250 7147
35897.564949 177340 250 250 250 250 73 46 0 73 52 0 73 42 0 73 44 0 47763 948750 44556 7946 1021250 7147
35897.764949 177341 250 250 250 250 73 46 0 73 52 0 73 42 0 73 44 0 47763 948750 44556 8220 1021250 8168
35897.964935 177342 250 250 250 250 73 46 0 73 52 0 73 42 0 73 44 0 48007 948750 45504 8220 1021250 8168
35898.164972 177343 250 250 250 250 73 46 0 73 52 0 73 42 0 73 44 0 48007 948750 45504 8220 1021250 8168
35898.364949 177344 250 250 250 250 73 46 0 73 52 0 73 42 0 73 44 0 48007 948750 45504 7946 1021250 7147
35898.564949 177345 250 250 250 250 73 46 0 73 52 0 73 42 0 73 44 0 47763 948750 44556 7946 1021250 7147
35898.764948 177346 250 250 250 250 73 46 0 73 52 0 73 42 0 73 44 0 47763 948750 44556 8220 1021250 8168
35898.964929 177347 250 250 250 250 73 46 0 73 52 0 73 42 0 73 44 0 47763 948750 44556 8220 1021250 8168
35899.164960 177348 250 250 250 250 73 46 0 73 52 0 73 42 0 73 44 0 48007 948750 45504 8220 1021250 8168
35899.364948 177349 250 250 250 250 73 46 0 73 52 0 73 42 0 73 44 0 48007 948750 45504 7946 1021250 7147
35899.564949 177350 250 250 250 250 73 46 0 73 52 0 73 42 0 73 44 0 47763 948750 44556 8220 1021250 8168
35899.764922 177351 250 250 250 250 73 46 0 73 52 0 73 42 0 73 44 0 47763 948750 44556 7946 1021250 7147
35899.964948 177352 250 250 250 250 73 46 0 73 52 0 73 42 0 73 44 0 47763 948750 44556 7946 1021250 7147
35900.164976 177353 250 250 250 250 73 46 0 73 52 0 73 42 0 73 44 0 48007 948750 45504 8220 1021250 8168
35900.364936 177354 250 250 250 250 73 46 0 73 52 0 73 42 0 73 44 0 48007 948750 45504 7946 1021250 7147
35900.564949 177355 250 250 250 250 73 46 0 73 52 0 73 42 0 73 44 0 47519 948750 44556 8220 1021250 8168
35900.764950 177356 250 250 250 250 73 46 0 73 52 0 73 42 0 73 44 0 47519 948750 44556 8220 1021250 8168
35900.964951 177357 250 250 250 250 73 46 0 73 52 0 73 42 0 73 44 0 48007 948750 45504 7946 1021250 7147
35901.164974 177358 250 250 250 250 73 46 0 73 52 0 73 42 0 73 44 0 47519 948750 44556 7946 1021250 7147
35901.364949 177359 250 250 250 250 73 46 0 73 52 0 73 42 0 73 44 0 48007 948750 45504 7946 1021250 7147
35901.564950 177360 250 250 250 250 73 46 0 73 52 0 73 42 0 73 44 0 48007 948750 45504 7946 1021250 7147
35901.764950 177361 250 250 250 250 73 46 0 73 52 0 73 42 0 73 44 0 47519 948750 44556 8220 1021250 8168
35901.964951 177362 250 250 250 250 73 46 0 73 52 0 73 42 0 73 44 0 47763 948750 44556 8220 1021250 8168
35902.164973 177363 250 250 250 250 73 46 0 73 52 0 73 42 0 73 44 0 47519 948750 44556 7946 1021250 7147
35902.364950 177364 250 250 250 250 73 46 0 73 52 0 73 42 0 73 44 0 47519 948750 44556 7946 1021250 7147
35902.564949 177365 250 250 250 250 73 46 0 73 52 0 73 42 0 73 44 0 47275 948750 44556 8220 1021250 8168
35902.764937 177366 250 250 250 250 73 46 0 73 52 0 73 42 0 73 44 0 48007 948750 45504 8220 1021250 8168
35902.964949 177367 250 250 250 250 73 46 0 73 52 0 73 42 0 73 44 0 47519 948750 44556 7946 1021250 7147
35903.164982 177368 250 250 250 250 73 46 0 73 52 0 73 42 0 73 44 0 47519 948750 44556 7946 1021250 7147
35903.364949 177369 250 250 250 250 73 46 0 73 52 0 73 42 0 73 44 0 47763 948750 44556 7946 1021250 7147
35903.564948 177370 250 250 250 250 73 46 0 73 52 0 73 42 0 73 44 0 47763 948750 44556 7946 1021250 7147
35903.764950 177371 250 250 250 250 73 46 0 73 52 0 73 42 0 73 44 0 47763 948750 44556 8220 1021250 8168
35903.964949 177372 250 250 250 250 73 46 0 73 52 0 73 42 0 73 44 0 47763 948750 44556 8220 1021250 8168
35904.164979 177373 250 250 250 250 73 46 0 73 52 0 73 42 0 73 44 0 47763 948750 44556 7946 1021250 7147
35904.364949 177374 250 250 250 250 73 46 0 73 52 0 73 42 0 73 44 0 47763 948750 44556 7946 1021250 7147
35904.564949 177375 250 250 250 250 73 46 0 73 52 0 73 42 0 73 44 0 48007 948750 45504 8220 1021250 8168
35904.764938 177376 250 250 250 250 73 46 0 73 52 0 73 42 0 73 44 0 48007 948750 45504 8220 1021250 8168
35904.964949 177377 250 250 250 250 73 46 0 73 52 0 73 42 0 73 44 0 47519 948750 44556 7946 1021250 7147
35905.164937 177378 250 250 250 250 73 46 0 73 52 0 73 42 0 73 44 0 48007 948750 45504 8220 1021250 8168
35905.364948 177379 250 250 250 250 73 46 0 73 52 0 73 42 0 73 44 0 47763 948750 44556 8220 1021250 8168
35905.564930 177380 250 250 250 250 73 46 0 73 52 0 73 42 0 73 44 0 47763 948750 44556 8220 1021250 8168
35905.764937 177381 250 250 250 250 73 46 0 73 52 0 73 42 0 73 44 0 47763 948750 44556 8220 1021250 8168
35905.964948 177382 250 250 250 250 73 46 0 73 52 0 73 42 0 73 44 0 47763 948750 44556 8220 1021250 8168
35906.164979 177383 250 250 250 250 73 46 0 73 52 0 73 42 0 73 44 0 47519 948750 44556 8220 1021250 8168
35906.364949 177384 250 250 250 250 73 46 0 73 52 0 73 42 0 73 44 0 47763 948750 44556 7946 1021250 7147
35906.564949 177385 250 250 250 250 73 46 0 73 52 0 73 42 0 73 44 0 47763 948750 44556 7946 1021250 7147
35906.764949 177386 250 250 250 250 73 46 0 73 52 0 73 42 0 73 44 0 47275 948750 44556 7946 1021250 7147
35906.964953 177387 250 250 250 250 73 46 0 73 52 0 73 42 0 73 44 0 47519 948750 44556 8220 1021250 8168
35907.164974 177388 250 250 250 250 73 46 0 73 52 0 73 42 0 73 44 0 47519 948750 44556 7946 1021250 7147
35907.364949 177389 250 250 250 250 73 46 0 73 52 0 73 42 0 73 44 0 47519 948750 44556 7946 1021250 7147
35907.564938 177390 250 250 250 250 73 46 0 73 52 0 73 42 0 73 44 0 47763 948750 44556 8220 1021250 8168
35907.764955 177391 250 250 250 250 73 46 0 73 52 0 73 42 0 73 44 0 47763 948750 44556 8220 1021250 8168
35907.964949 177392 250 250 250 250 73 46 0 73 52 0 73 42 0 73 44 0 47519 948750 44556 8220 1021250 8168
35908.164975 177393 250 250 250 250 73 46 0 73 52 0 73 42 0 73 44 0 47519 948750 44556 8220 1021250 8168
35908.364949 177394 250 250 250 250 73 46 0 73 52 0 73 42 0 73 44 0 47763 948750 44556 7946 1021250 7147
35908.564949 177395 250 250 250 250 73 46 0 73 52 0 73 42 0 73 44 0 48007 948750 45504 7946 1021250 7147
35908.764950 177396 250 250 250 250 73 46 0 73 52 0 73 42 0 73 44 0 48007 948750 45504 8220 1021250 8168
35908.964949 177397 250 250 250 250 73 46 0 73 52 0 73 42 0 73 44 0 48007 948750 45504 8220 1021250 8168
35909.164980 177398 250 250 250 250 73 46 0 73 52 0 73 42 0 73 44 0 47763 948750 44556 8220 1021250 8168
35909.364950 177399 250 250 250 250 73 46 0 73 52 0 73 42 0 73 44 0 47763 948750 44556 8220 1021250 8168
35909.564949 177400 250 250 250 250 73 46 0 73 52 0 73 42 0 73 44 0 47763 948750 44556 7946 1021250 7147
35909.764954 177401 250 250 250 250 73 46 0 73 52 0 73 42 0 73 44 0 47763 948750 44556 7946 1021250 7147
35909.964937 177402 250 250 250 250 73 46 0 73 52 0 73 42 0 73 44 0 47763 948750 44556 8220 1021250 8168
35910.164973 177403 250 250 250 250 73 46 0 73 52 0 73 42 0 73 44 0 47763 948750 44556 7946 1021250 7147
35910.364949 177404 250 250 250 250 73 46 0 73 52 0 73 42 0 73 44 0 48251 948750 45504 7946 1021250 7147
35910.564950 177405 250 250 250 250 73 46 0 73 52 0 73 42 0 73 44 0 48251 948750 45504 7946 1021250 7147
35910.764951 177406 250 250 250 250 73 46 0 73 52 0 73 42 0 73 44 0 47519 948750 44556 8220 1021250 8168
35910.964949 177407 250 250 250 250 73 46 0 73 52 0 73 42 0 73 44 0 47763 948750 44556 8220 1021250 8168
35911.164973 177408 250 250 250 250 73 46 0 73 52 0 73 42 0 73 44 0 47763 948750 44556 7946 1021250 7147
35911.364949 177409 250 250 250 250 73 46 0 73 52 0 73 42 0 73 44 0 47763 948750 44556 7946 1021250 7147
35911.564949 177410 250 250 250 250 73 46 0 73 52 0 73 42 0 73 44 0 47519 948750 44556 8220 1021250 8168
35911.764949 177411 250 250 250 250 73 46 0 73 52 0 73 42 0 73 44 0 47519 948750 44556 8220 1021250 8168
35911.964949 177412 250 250 250 250 73 46 0 73 52 0 73 42 0 73 44 0 47763 948750 44556 8220 1021250 8168
35912.164884 177413 250 250 250 250 73 46 0 73 52 0 73 42 0 73 44 0 47275 948750 44556 8220 1021250 8168
35912.364952 177414 250 250 250 250 73 46 0 73 52 0 73 42 0 73 44 0 47275 948750 44556 7946 1021250 7147
35912.564948 177415 250 250 250 250 73 46 0 73 52 0 73 42 0 73 44 0 47519 948750 44556 8220 1021250 8168
35912.764949 177416 250 250 250 250 73 46 0 73 52 0 73 42 0 73 44 0 47763 948750 44556 7946 1021250 7147
35912.964950 177417 250 250 250 250 73 46 0 73 52 0 73 42 0 73 44 0 48007 948750 45504 7946 1021250 7147
35913.164974 177418 250 250 250 250 73 46 0 73 52 0 73 42 0 73 44 0 48007 948750 45504 7946 1021250 7147
35913.364950 177419 250 250 250 250 73 46 0 73 52 0 73 42 0 73 44 0 47519 948750 44556 7946 1021250 7147
35913.564950 177420 250 250 250 250 73 46 0 73 52 0 73 42 0 73 44 0 48007 948750 45504 7946 1021250 7147
35913.764950 177421 250 250 250 250 73 46 0 73 52 0 73 42 0 73 44 0 47763 948750 44556 8220 1021250 8168
35913.964949 177422 250 250 250 250 73 46 0 73 52 0 73 42 0 73 44 0 47763 948750 44556 8220 1021250 8168
35914.164972 177423 250 250 250 250 73 46 0 73 52 0 73 42 0 73 44 0 48007 948750 45504 7946 1021250 7147
35914.364949 177424 250 250 250 250 73 46 0 73 52 0 73 42 0 73 44 0 47763 948750 44556 8220 1021250 8168
35914.564935 177425 250 250 250 250 73 46 0 73 52 0 73 42 0 73 44 0 47763 948750 44556 8220 1021250 8168
35914.764950 177426 250 250 250 250 73 46 0 73 52 0 73 42 0 73 44 0 47763 948750 44556 8220 1021250 8168
35914.964948 177427 250 250 250 250 73 46 0 73 52 0 73 42 0 73 44 0 47519 948750 44556 8220 1021250 8168
35915.164978 177428 250 250 250 250 73 46 0 73 52 0 73 42 0 73 44 0 47763 948750 44556 8220 1021250 8168
35915.364948 177429 250 250 250 250 73 46 0 73 52 0 73 42 0 73 44 0 47519 948750 44556 8220 1021250 8168
35915.564951 177430 250 250 250 250 73 46 0 73 52 0 73 42 0 73 44 0 47519 948750 44556 8220 1021250 8168
35915.764949 177431 250 250 250 250 73 46 0 73 52 0 73 42 0 73 44 0 47275 948750 44556 7946 1021250 7147
35915.964948 177432 250 250 250 250 73 46 0 73 52 0 73 42 0 73 44 0 47763 948750 44556 7946 1021250 7147
35916.164974 177433 250 250 250 250 73 46 0 73 52 0 73 42 0 73 44 0 47763 948750 44556 8220 1021250 8168
35916.364948 177434 250 250 250 250 73 46 0 73 52 0 73 42 0 73 44 0 47763 948750 44556 8220 1021250 8168
35916.564949 177435 250 250 250 250 73 46 0 73 52 0 73 42 0 73 44 0 48007 948750 45504 7946 1021250 7147
35916.764949 177436 250 250 250 250 73 46 0 73 52 0 73 42 0 73 44 0 47275 948750 44556 8220 1021250 8168
35916.964936 177437 250 250 250 250 73 46 0 73 52 0 73 42 0 73 44 0 47763 948750 44556 8220 1021250 8168
35917.164972 177438 250 250 250 250 73 46 0 73 52 0 73 42 0 73 44 0 47763 948750 44556 8220 1021250 8168
35917.364949 177439 250 250 250 250 73 46 0 73 52 0 73 42 0 73 44 0 47519 948750 44556 7946 1021250 7147
35917.564948 177440 250 250 250 250 73 46 0 73 52 0 73 42 0 73 44 0 47763 948750 44556 8220 1021250 8168
35917.764949 177441 250 250 250 250 73 46 0 73 52 0 73 42 0 73 44 0 47763 948750 44556 7946 1021250 7147
35917.964931 177442 250 250 250 250 73 46 0 73 52 0 73 42 0 73 44 0 47763 948750 44556 7946 1021250 7147
35918.164977 177443 250 250 250 250 73 46 0 73 52 0 73 42 0 73 44 0 48007 948750 45504 7946 1021250 7147
35918.364948 177444 250 250 250 250 73 46 0 73 52 0 73 42 0 73 44 0 47519 948750 44556 8220 1021250 8168
35918.564948 177445 250 250 250 250 73 46 0 73 52 0 73 42 0 73 44 0 47763 948750 44556 8220 1021250 8168
35918.764922 177446 250 250 250 250 73 46 0 73 52 0 73 42 0 73 44 0 47519 948750 44556 8220 1021250 8168
35918.964949 177447 250 250 250 250 73 46 0 73 52 0 73 42 0 73 44 0 47519 948750 44556 8220 1021250 8168
35919.164972 177448 250 250 250 250 73 46 0 73 52 0 73 42 0 73 44 0 47275 948750 44556 8220 1021250 8168
35919.364936 177449 250 250 250 250 73 46 0 73 52 0 73 42 0 73 44 0 47763 948750 44556 8220 1021250 8168
35919.564948 177450 250 250 250 250 73 46 0 73 52 0 73 42 0 73 44 0 47763 948750 44556 7946 1021250 7147
35919.764949 177451 250 250 250 250 73 46 0 73 52 0 73 42 0 73 44 0 47763 948750 44556 7946 1021250 7147
35919.964949 177452 250 250 250 250 73 46 0 73 52 0 73 42 0 73 44 0 47763 948750 44556 8220 1021250 8168
35920.164973 177453 250 250 250 250 73 46 0 73 52 0 73 42 0 73 44 0 47763 948750 44556 8220 1021250 8168
35920.364949 177454 250 250 250 250 73 46 0 73 52 0 73 42 0 73 44 0 47763 948750 44556 7946 1021250 7147
35920.564949 177455 250 250 250 250 73 46 0 73 52 0 73 42 0 73 44 0 47763 948750 44556 7946 1021250 7147
35920.764950 177456 250 250 250 250 73 46 0 73 52 0 73 42 0 73 44 0 48007 948750 45504 7946 1021250 7147
35920.964949 177457 250 250 250 250 73 46 0 73 52 0 73 42 0 73 44 0 48007 948750 45504 8220 1021250 8168
35921.164978 177458 250 250 250 250 73 46 0 73 52 0 73 42 0 73 44 0 47763 948750 44556 7946 1021250 7147
35921.364951 177459 250 250 250 250 73 46 0 73 52 0 73 42 0 73 44 0 47763 948750 44556 7946 1021250 7147
35921.564948 177460 250 250 250 250 73 46 0 73 52 0 73 42 0 73 44 0 48007 948750 45504 7946 1021250 7147
35921.764936 177461 250 250 250 250 73 46 0 73 52 0 73 42 0 73 44 0 47519 948750 44556 8220 1021250 8168
35921.964948 177462 250 250 250 250 73 46 0 73 52 0 73 42 0 73 44 0 47519 948750 44556 8220 1021250 8168
35922.164972 177463 250 250 250 250 73 46 0 73 52 0 73 42 0 73 44 0 47519 948750 44556 8220 1021250 8168
35922.364949 177464 250 250 250 250 73 46 0 73 52 0 73 42 0 73 44 0 47763 948750 44556 7946 1021250 7147
35922.564949 177465 250 250 250 250 73 46 0 73 52 0 73 42 0 73 44 0 47519 948750 44556 8220 1021250 8168
35922.764949 177466 250 250 250 250 73 46 0 73 52 0 73 42 0 73 44 0 47763 948750 44556 7946 1021250 7147
35922.964948 177467 250 250 250 250 73 46 0 73 52 0 73 42 0 73 44 0 47763 948750 44556 7946 1021250 7147
35923.164971 177468 250 250 250 250 73 46 0 73 52 0 73 42 0 73 44 0 47519 948750 44556 8220 1021250 8168
35923.364949 177469 250 250 250 250 73 46 0 73 52 0 73 42 0 73 44 0 47763 948750 44556 7946 1021250 7147
35923.564949 177470 250 250 250 250 73 46 0 73 52 0 73 42 0 73 44 0 47519 948750 44556 8220 1021250 8168
35923.764949 177471 250 250 250 250 73 46 0 73 52 0 73 42 0 73 44 0 47519 948750 44556 8220 1021250 8168
35923.964948 177472 250 250 250 250 73 46 0 73 52 0 73 42 0 73 44 0 47763 948750 44556 7946 1021250 7147
35924.164939 177473 250 250 250 250 73 46 0 73 52 0 73 42 0 73 44 0 47519 948750 44556 8220 1021250 8168
35924.364949 177474 250 250 250 250 73 46 0 73 52 0 73 42 0 73 44 0 47763 948750 44556 7946 1021250 7147
35924.564932 177475 250 250 250 250 73 46 0 73 52 0 73 42 0 73 44 0 47763 948750 44556 7946 1021250 7147
35924.764949 177476 250 250 250 250 73 46 0 73 52 0 73 42 0 73 44 0 47763 948750 44556 8220 1021250 8168
35924.964948 177477 250 250 250 250 73 46 0 73 52 0 73 42 0 73 44 0 48007 948750 45504 8220 1021250 8168
35925.164972 177478 250 250 250 250 73 46 0 73 52 0 73 42 0 73 44 0 47763 948750 44556 7946 1021250 7147
35925.364948 177479 250 250 250 250 73 46 0 73 52 0 73 42 0 73 44 0 47763 948750 44556 7946 1021250 7147
35925.564948 177480 250 250 250 250 73 46 0 73 52 0 73 42 0 73 44 0 47763 948750 44556 7946 1021250 7147
35925.764949 177481 250 250 250 250 73 46 0 73 52 0 73 42 0 73 44 0 47763 948750 44556 8220 1021250 8168
35925.964952 177482 250 250 250 250 73 46 0 73 52 0 73 42 0 73 44 0 47763 948750 44556 7946 1021250 7147
35926.164971 177483 250 250 250 250 73 46 0 73 52 0 73 42 0 73 44 0 47763 948750 44556 8220 1021250 8168
35926.364949 177484 250 250 250 250 73 46 0 73 52 0 73 42 0 73 44 0 47763 948750 44556 8220 1021250 8168
35926.564936 177485 250 250 250 250 73 46 0 73 52 0 73 42 0 73 44 0 48007 948750 45504 7946 1021250 7147
35926.764948 177486 250 250 250 250 73 46 0 73 52 0 73 42 0 73 44 0 48007 948750 45504 7946 1021250 7147
35926.964951 177487 250 250 250 250 73 46 0 73 52 0 73 42 0 73 44 0 48007 948750 45504 8220 1021250 8168
35927.164981 177488 250 250 250 250 73 46 0 73 52 0 73 42 0 73 44 0 48007 948750 45504 8220 1021250 8168
35927.364948 177489 250 250 250 250 73 46 0 73 52 0 73 42 0 73 44 0 47763 948750 44556 8220 1021250 8168
35927.564950 177490 250 250 250 250 73 46 0 73 52 0 73 42 0 73 44 0 47763 948750 44556 8220 1021250 8168
35927.764950 177491 250 250 250 250 73 46 0 73 52 0 73 42 0 73 44 0 47519 948750 44556 7946 1021250 7147
35927.964949 177492 250 250 250 250 73 46 0 73 52 0 73 42 0 73 44 0 47519 948750 44556 7946 1021250 7147
35928.164973 177493 250 250 250 250 73 46 0 73 52 0 73 42 0 73 44 0 47763 948750 44556 7946 1021250 7147
35928.364949 177494 250 250 250 250 73 46 0 73 52 0 73 42 0 73 44 0 47763 948750 44556 7946 1021250 7147
35928.564949 177495 250 250 250 250 73 46 0 73 52 0 73 42 0 73 44 0 48007 948750 45504 8220 1021250 8168
35928.764950 177496 250 250 250 250 73 46 0 73 52 0 73 42 0 73 44 0 48007 948750 45504 8220 1021250 8168
35928.964937 177497 250 250 250 250 73 46 0 73 52 0 73 42 0 73 44 0 47763 948750 44556 7946 1021250 7147
35929.164972 177498 250 250 250 250 73 46 0 73 52 0 73 42 0 73 44 0 47519 948750 44556 7946 1021250 7147
35929.364948 177499 250 250 250 250 73 46 0 73 52 0 73 42 0 73 44 0 47519 948750 44556 8220 1021250 8168
35929.564949 177500 250 250 250 250 73 46 0 73 52 0 73 42 0 73 44 0 47519 948750 44556 8220 1021250 8168
35929.764950 177501 250 250 250 250 73 46 0 73 52 0 73 42 0 73 44 0 47519 948750 44556 7946 1021250 7147
35929.964949 177502 250 250 250 250 73 46 0 73 52 0 73 42 0 73 44 0 47519 948750 44556 8220 1021250 8168
35930.164976 177503 250 250 250 250 73 46 0 73 52 0 73 42 0 73 44 0 47763 948750 44556 8220 1021250 8168
35930.364951 177504 250 250 250 250 73 46 0 73 52 0 73 42 0 73 44 0 47763 948750 44556 8220 1021250 8168
35930.564950 177505 250 250 250 250 73 46 0 73 52 0 73 42 0 73 44 0 47519 948750 44556 7946 1021250 7147
35930.764950 177506 250 250 250 250 73 46 0 73 52 0 73 42 0 73 44 0 47763 948750 44556 7946 1021250 7147
35930.964949 177507 250 250 250 250 73 46 0 73 52 0 73 42 0 73 44 0 47763 948750 44556 7946 1021250 7147
35931.164880 177508 250 250 250 250 73 46 0 73 52 0 73 42 0 73 44 0 48007 948750 45504 7946 1021250 7147
35931.364949 177509 250 250 250 250 73 46 0 73 52 0 73 42 0 73 44 0 48007 948750 45504 7946 1021250 7147
35931.564951 177510 250 250 250 250 73 46 0 73 52 0 73 42 0 73 44 0 47763 948750 44556 7946 1021250 7147
35931.764949 177511 250 250 250 250 73 46 0 73 52 0 73 42 0 73 44 0 48251 948750 45504 8220 1021250 8168
35931.964949 177512 250 250 250 250 73 46 0 73 52 0 73 42 0 73 44 0 47763 948750 44556 7946 1021250 7147
35932.164973 177513 250 250 250 250 73 46 0 73 52 0 73 42 0 73 44 0 47763 948750 44556 7946 1021250 7147
35932.364949 177514 250 250 250 250 73 46 0 73 52 0 73 42 0 73 44 0 48007 948750 45504 8220 1021250 8168
35932.564949 177515 250 250 250 250 73 46 0 73 52 0 73 42 0 73 44 0 48007 948750 45504 8220 1021250 8168
35932.764952 177516 250 250 250 250 73 46 0 73 52 0 73 42 0 73 44 0 48007 948750 45504 8220 1021250 8168
35932.964948 177517 250 250 250 250 73 46 0 73 52 0 73 42 0 73 44 0 48007 948750 45504 8220 1021250 8168
35933.164977 177518 250 250 250 250 73 46 0 73 52 0 73 42 0 73 44 0 47519 948750 44556 8220 1021250 8168
35933.364948 177519 250 250 250 250 73 46 0 73 52 0 73 42 0 73 44 0 47763 948750 44556 8220 1021250 8168
35933.564935 177520 250 250 250 250 73 46 0 73 52 0 73 42 0 73 44 0 47519 948750 44556 8220 1021250 8168
35933.764949 177521 250 250 250 250 73 46 0 73 52 0 73 42 0 73 44 0 47519 948750 44556 8220 1021250 8168
35933.964949 177522 250 250 250 250 73 46 0 73 52 0 73 42 0 73 44 0 48007 948750 45504 7946 1021250 7147
35934.164972 177523 250 250 250 250 73 46 0 73 52 0 73 42 0 73 44 0 48007 948750 45504 8220 1021250 8168
35934.364949 177524 250 250 250 250 73 46 0 73 52 0 73 42 0 73 44 0 47519 948750 44556 8220 1021250 8168
35934.564948 177525 250 250 250 250 73 46 0 73 52 0 73 42 0 73 44 0 47519 948750 44556 8220 1021250 8168
35934.764949 177526 250 250 250 250 73 46 0 73 52 0 73 42 0 73 44 0 47763 948750 44556 8220 1021250 8168
35934.964948 177527 250 250 250 250 73 46 0 73 52 0 73 42 0 73 44 0 47519 948750 44556 8220 1021250 8168
35935.164971 177528 250 250 250 250 73 46 0 73 52 0 73 42 0 73 44 0 47275 948750 44556 8220 1021250 8168
35935.364948 177529 250 250 250 250 73 46 0 73 52 0 73 42 0 73 44 0 47275 948750 44556 8220 1021250 8168
35935.564948 177530 250 250 250 250 73 46 0 73 52 0 73 42 0 73 44 0 47763 948750 44556 7946 1021250 7147
35935.764949 177531 250 250 250 250 73 46 0 73 52 0 73 42 0 73 44 0 47519 948750 44556 8220 1021250 8168
35935.964936 177532 250 250 250 250 73 46 0 73 52 0 73 42 0 73 44 0 48007 948750 45504 8220 1021250 8168
35936.164978 177533 250 250 250 250 73 46 0 73 52 0 73 42 0 73 44 0 48007 948750 45504 8220 1021250 8168
35936.364948 177534 250 250 250 250 73 46 0 73 52 0 73 42 0 73 44 0 47763 948750 44556 8220 1021250 8168
35936.564949 177535 250 250 250 250 73 46 0 73 52 0 73 42 0 73 44 0 47763 948750 44556 7946 1021250 7147
35936.764950 177536 250 250 250 250 73 46 0 73 52 0 73 42 0 73 44 0 47763 948750 44556 7946 1021250 7147
35936.964935 177537 250 250 250 250 73 46 0 73 52 0 73 42 0 73 44 0 47763 948750 44556 7946 1021250 7147
35937.164982 177538 250 250 250 250 73 46 0 73 52 0 73 42 0 73 44 0 48007 948750 45504 8220 1021250 8168
35937.364949 177539 250 250 250 250 73 46 0 73 52 0 73 42 0 73 44 0 47519 948750 44556 7946 1021250 7147
35937.564949 177540 250 250 250 250 73 46 0 73 52 0 73 42 0 73 44 0 48007 948750 45504 7946 1021250 7147
35937.764924 177541 250 250 250 250 73 46 0 73 52 0 73 42 0 73 44 0 47519 948750 44556 7946 1021250 7147
35937.964949 177542 250 250 250 250 73 46 0 73 52 0 73 42 0 73 44 0 47519 948750 44556 7946 1021250 7147
35938.164973 177543 250 250 250 250 73 46 0 73 52 0 73 42 0 73 44 0 47763 948750 44556 7946 1021250 7147
35938.364935 177544 250 250 250 250 73 46 0 73 52 0 73 42 0 73 44 0 47763 948750 44556 8220 1021250 8168
35938.564949 177545 250 250 250 250 73 46 0 73 52 0 73 42 0 73 44 0 47519 948750 44556 8220 1021250 8168
35938.764950 177546 250 250 250 250 73 46 0 73 52 0 73 42 0 73 44 0 47519 948750 44556 8220 1021250 8168
35938.964949 177547 250 250 250 250 73 46 0 73 52 0 73 42 0 73 44 0 47519 948750 44556 8220 1021250 8168
35939.164977 177548 250 250 250 250 73 46 0 73 52 0 73 42 0 73 44 0 47763 948750 44556 8220 1021250 8168
35939.364948 177549 250 250 250 250 73 46 0 73 52 0 73 42 0 73 44 0 47763 948750 44556 8220 1021250 8168
35939.564948 177550 250 250 250 250 73 46 0 73 52 0 73 42 0 73 44 0 47763 948750 44556 8220 1021250 8168
35939.764950 177551 250 250 250 250 73 46 0 73 52 0 73 42 0 73 44 0 47763 948750 44556 8220 1021250 8168
35939.964949 177552 250 250 250 250 73 46 0 73 52 0 73 42 0 73 44 0 47763 948750 44556 7946 1021250 7147
35940.164972 177553 250 250 250 250 73 46 0 73 52 0 73 42 0 73 44 0 47763 948750 44556 7946 1021250 7147
35940.364949 177554 250 250 250 250 73 46 0 73 52 0 73 42 0 73 44 0 47763 948750 44556 7946 1021250 7147
35940.564950 177555 250 250 250 250 73 46 0 73 52 0 73 42 0 73 44 0 47519 948750 44556 7946 1021250 7147
35940.764936 177556 250 250 250 250 73 46 0 73 52 0 73 42 0 73 44 0 47519 948750 44556 7946 1021250 7147
35940.964948 177557 250 250 250 250 73 46 0 73 52 0 73 42 0 73 44 0 47519 948750 44556 8220 1021250 8168
35941.164973 177558 250 250 250 250 73 46 0 73 52 0 73 42 0 73 44 0 47519 948750 44556 8220 1021250 8168
35941.364949 177559 250 250 250 250 73 46 0 73 52 0 73 42 0 73 44 0 47519 948750 44556 7946 1021250 7147
35941.564948 177560 250 250 250 250 73 46 0 73 52 0 73 42 0 73 44 0 48007 948750 45504 8220 1021250 8168
35941.764949 177561 250 250 250 250 73 46 0 73 52 0 73 42 0 73 44 0 47519 948750 44556 7946 1021250 7147
35941.964949 177562 250 250 250 250 73 46 0 73 52 0 73 42 0 73 44 0 47519 948750 44556 7946 1021250 7147
35942.164976 177563 250 250 250 250 73 46 0 73 52 0 73 42 0 73 44 0 47763 948750 44556 7946 1021250 7147
35942.364948 177564 250 250 250 250 73 46 0 73 52 0 73 42 0 73 44 0 47519 948750 44556 7946 1021250 7147
35942.564948 177565 250 250 250 250 73 46 0 73 52 0 73 42 0 73 44 0 47763 948750 44556 8220 1021250 8168
35942.764952 177566 250 250 250 250 73 46 0 73 52 0 73 42 0 73 44 0 47763 948750 44556 8220 1021250 8168
35942.964985 177567 250 250 250 250 73 46 0 73 52 0 73 42 0 73 44 0 47519 948750 44556 8220 1021250 8168
35943.164940 177568 250 250 250 250 73 46 0 73 52 0 73 42 0 73 44 0 48251 948750 45504 8220 1021250 8168
35943.364951 177569 250 250 250 250 73 46 0 73 52 0 73 42 0 73 44 0 48007 948750 45504 8220 1021250 8168
35943.564931 177570 250 250 250 250 73 46 0 73 52 0 73 42 0 73 44 0 48007 948750 45504 8220 1021250 8168
35943.764952 177571 250 250 250 250 73 46 0 73 52 0 73 42 0 73 44 0 48007 948750 45504 8220 1021250 8168
35943.964950 177572 250 250 250 250 73 46 0 73 52 0 73 42 0 73 44 0 47519 948750 44556 7946 1021250 7147
35944.164975 177573 250 250 250 250 73 46 0 73 52 0 73 42 0 73 44 0 47519 948750 44556 8220 1021250 8168
35944.364949 177574 250 250 250 250 73 46 0 73 52 0 73 42 0 73 44 0 47519 948750 44556 7946 1021250 7147
35944.564948 177575 250 250 250 250 73 46 0 73 52 0 73 42 0 73 44 0 47519 948750 44556 7946 1021250 7147
35944.764950 177576 250 250 250 250 73 46 0 73 52 0 73 42 0 73 44 0 47519 948750 44556 7946 1021250 7147
35944.964949 177577 250 250 250 250 73 46 0 73 52 0 73 42 0 73 44 0 47519 948750 44556 8220 1021250 8168
35945.164978 177578 250 250 250 250 73 46 0 73 52 0 73 42 0 73 44 0 47763 948750 44556 8220 1021250 8168
35945.364950 177579 250 250 250 250 73 46 0 73 52 0 73 42 0 73 44 0 47763 948750 44556 8220 1021250 8168
35945.564937 177580 250 250 250 250 73 46 0 73 52 0 73 42 0 73 44 0 47763 948750 44556 7946 1021250 7147
35945.764950 177581 250 250 250 250 73 46 0 73 52 0 73 42 0 73 44 0 47519 948750 44556 8220 1021250 8168
35945.964949 177582 250 250 250 250 73 46 0 73 52 0 73 42 0 73 44 0 47519 948750 44556 8220 1021250 8168
35946.164973 177583 250 250 250 250 73 46 0 73 52 0 73 42 0 73 44 0 47519 948750 44556 8220 1021250 8168
35946.364948 177584 250 250 250 250 73 46 0 73 52 0 73 42 0 73 44 0 47763 948750 44556 7946 1021250 7147
35946.564948 177585 250 250 250 250 73 46 0 73 52 0 73 42 0 73 44 0 48251 948750 45504 7946 1021250 7147
35946.764949 177586 250 250 250 250 73 46 0 73 52 0 73 42 0 73 44 0 47763 948750 44556 8220 1021250 8168
35946.964953 177587 250 250 250 250 73 46 0 73 52 0 73 42 0 73 44 0 47763 948750 44556 8220 1021250 8168
35947.164972 177588 250 250 250 250 73 46 0 73 52 0 73 42 0 73 44 0 48007 948750 45504 7946 1021250 7147
35947.364949 177589 250 250 250 250 73 46 0 73 52 0 73 42 0 73 44 0 48007 948750 45504 8220 1021250 8168
35947.564949 177590 250 250 250 250 73 46 0 73 52 0 73 42 0 73 44 0 47275 948750 44556 8220 1021250 8168
35947.764951 177591 250 250 250 250 73 46 0 73 52 0 73 42 0 73 44 0 47275 948750 44556 8220 1021250 8168
35947.964937 177592 250 250 250 250 73 46 0 73 52 0 73 42 0 73 44 0 47763 948750 44556 8220 1021250 8168
35948.164979 177593 250 250 250 250 73 46 0 73 52 0 73 42 0 73 44 0 47763 948750 44556 8220 1021250 8168
35948.364948 177594 250 250 250 250 73 46 0 73 52 0 73 42 0 73 44 0 47763 948750 44556 8220 1021250 8168
35948.564948 177595 250 250 250 250 73 46 0 73 52 0 73 42 0 73 44 0 47763 948750 44556 8220 1021250 8168
35948.764950 177596 250 250 250 250 73 46 0 73 52 0 73 42 0 73 44 0 48251 948750 45504 7946 1021250 7147
35948.964949 177597 250 250 250 250 73 46 0 73 52 0 73 42 0 73 44 0 48007 948750 45504 7946 1021250 7147
35949.164973 177598 250 250 250 250 73 46 0 73 52 0 73 42 0 73 44 0 47763 948750 44556 8220 1021250 8168
35949.364951 177599 250 250 250 250 73 46 0 73 52 0 73 42 0 73 44 0 47763 948750 44556 8220 1021250 8168
35949.564948 177600 250 250 250 250 73 46 0 73 52 0 73 42 0 73 44 0 47763 948750 44556 8220 1021250 8168
35949.764950 177601 250 250 250 250 73 46 0 73 52 0 73 42 0 73 44 0 47519 948750 44556 7946 1021250 7147
35949.964949 177602 250 250 250 250 73 46 0 73 52 0 73 42 0 73 44 0 47763 948750 44556 8220 1021250 8168
35950.164881 177603 250 250 250 250 73 46 0 73 52 0 73 42 0 73 44 0 47763 948750 44556 7946 1021250 7147
35950.364949 177604 250 250 250 250 73 46 0 73 52 0 73 42 0 73 44 0 47519 948750 44556 7946 1021250 7147
35950.564949 177605 250 250 250 250 73 46 0 73 52 0 73 42 0 73 44 0 47519 948750 44556 7946 1021250 7147
35950.764949 177606 250 250 250 250 73 46 0 73 52 0 73 42 0 73 44 0 48007 948750 45504 8220 1021250 8168
35950.964949 177607 250 250 250 250 73 46 0 73 52 0 73 42 0 73 44 0 47763 948750 44556 8220 1021250 8168
35951.164981 177608 250 250 250 250 73 46 0 73 52 0 73 42 0 73 44 0 47763 948750 44556 8220 1021250 8168
35951.364949 177609 250 250 250 250 73 46 0 73 52 0 73 42 0 73 44 0 47763 948750 44556 7946 1021250 7147
35951.564950 177610 250 250 250 250 73 46 0 73 52 0 73 42 0 73 44 0 47519 948750 44556 8220 1021250 8168
35951.764949 177611 250 250 250 250 73 46 0 73 52 0 73 42 0 73 44 0 47519 948750 44556 8220 1021250 8168
35951.964950 177612 250 250 250 250 73 46 0 73 52 0 73 42 0 73 44 0 47519 948750 44556 8220 1021250 8168
35952.164973 177613 250 250 250 250 73 46 0 73 52 0 73 42 0 73 44 0 47763 948750 44556 8220 1021250 8168
35952.364949 177614 250 250 250 250 73 46 0 73 52 0 73 42 0 73 44 0 48251 948750 45504 8220 1021250 8168
35952.564934 177615 250 250 250 250 73 46 0 73 52 0 73 42 0 73 44 0 47763 948750 44556 8220 1021250 8168
35952.764950 177616 250 250 250 250 73 46 0 73 52 0 73 42 0 73 44 0 47763 948750 44556 8220 1021250 8168
35952.964949 177617 250 250 250 250 73 46 0 73 52 0 73 42 0 73 44 0 47275 948750 44556 8220 1021250 8168
35953.164972 177618 250 250 250 250 73 46 0 73 52 0 73 42 0 73 44 0 47519 948750 44556 8220 1021250 8168
35953.364949 177619 250 250 250 250 73 46 0 73 52 0 73 42 0 73 44 0 47763 948750 44556 7946 1021250 7147
35953.564948 177620 250 250 250 250 73 46 0 73 52 0 73 42 0 73 44 0 47763 948750 44556 7946 1021250 7147
35953.764949 177621 250 250 250 250 73 46 0 73 52 0 73 42 0 73 44 0 47519 948750 44556 8220 1021250 8168
35953.964949 177622 250 250 250 250 73 46 0 73 52 0 73 42 0 73 44 0 47519 948750 44556 8220 1021250 8168
35954.164977 177623 250 250 250 250 73 46 0 73 52 0 73 42 0 73 44 0 48007 948750 45504 7946 1021250 7147
35954.364949 177624 250 250 250 250 73 46 0 73 52 0 73 42 0 73 44 0 48007 948750 45504 7946 1021250 7147
35954.564949 177625 250 250 250 250 73 46 0 73 52 0 73 42 0 73 44 0 48007 948750 45504 8220 1021250 8168
35954.764949 177626 250 250 250 250 73 46 0 73 52 0 73 42 0 73 44 0 48007 948750 45504 8220 1021250 8168
35954.964935 177627 250 250 250 250 73 46 0 73 52 0 73 42 0 73 44 0 47763 948750 44556 8220 1021250 8168
35955.164977 177628 250 250 250 250 73 46 0 73 52 0 73 42 0 73 44 0 47763 948750 44556 8220 1021250 8168
35955.364949 177629 250 250 250 250 73 46 0 73 52 0 73 42 0 73 44 0 47275 948750 44556 8220 1021250 8168
35955.564948 177630 250 250 250 250 73 46 0 73 52 0 73 42 0 73 44 0 47519 948750 44556 7946 1021250 7147
35955.764953 177631 250 250 250 250 73 46 0 73 52 0 73 42 0 73 44 0 47763 948750 44556 7946 1021250 7147
35955.964949 177632 250 250 250 250 73 46 0 73 52 0 73 42 0 73 44 0 47763 948750 44556 7946 1021250 7147
35956.164972 177633 250 250 250 250 73 46 0 73 52 0 73 42 0 73 44 0 48007 948750 45504 7946 1021250 7147
35956.364949 177634 250 250 250 250 73 46 0 73 52 0 73 42 0 73 44 0 47519 948750 44556 8220 1021250 8168
35956.564949 177635 250 250 250 250 73 46 0 73 52 0 73 42 0 73 44 0 47519 948750 44556 8220 1021250 8168
35956.764923 177636 250 250 250 250 73 46 0 73 52 0 73 42 0 73 44 0 47519 948750 44556 8220 1021250 8168
35956.964949 177637 250 250 250 250 73 46 0 73 52 0 73 42 0 73 44 0 47519 948750 44556 8220 1021250 8168
35957.164978 177638 250 250 250 250 73 46 0 73 52 0 73 42 0 73 44 0 48007 948750 45504 8220 1021250 8168
35957.364936 177639 250 250 250 250 73 46 0 73 52 0 73 42 0 73 44 0 47519 948750 44556 7946 1021250 7147
35957.564949 177640 250 250 250 250 73 46 0 73 52 0 73 42 0 73 44 0 47763 948750 44556 8220 1021250 8168
35957.764950 177641 250 250 250 250 73 46 0 73 52 0 73 42 0 73 44 0 47763 948750 44556 8220 1021250 8168
35957.964949 177642 250 250 250 250 73 46 0 73 52 0 73 42 0 73 44 0 48007 948750 45504 8220 1021250 8168
35958.164972 177643 250 250 250 250 73 46 0 73 52 0 73 42 0 73 44 0 48251 948750 45504 7946 1021250 7147
35958.364949 177644 250 250 250 250 73 46 0 73 52 0 73 42 0 73 44 0 47763 948750 44556 8220 1021250 8168
35958.564949 177645 250 250 250 250 73 46 0 73 52 0 73 42 0 73 44 0 47763 948750 44556 8220 1021250 8168
35958.764950 177646 250 250 250 250 73 46 0 73 52 0 73 42 0 73 44 0 47275 948750 44556 7946 1021250 7147
35958.964948 177647 250 250 250 250 73 46 0 73 52 0 73 42 0 73 44 0 48251 948750 45504 7946 1021250 7147
35959.164971 177648 250 250 250 250 73 46 0 73 52 0 73 42 0 73 44 0 47763 948750 44556 8220 1021250 8168
35959.364952 177649 250 250 250 250 73 46 0 73 52 0 73 42 0 73 44 0 47763 948750 44556 8220 1021250 8168
35959.564949 177650 250 250 250 250 73 46 0 73 52 0 73 42 0 73 44 0 48007 948750 45504 7946 1021250 7147
35959.764936 177651 250 250 250 250 73 46 0 73 52 0 73 42 0 73 44 0 47763 948750 44556 8220 1021250 8168
35959.964948 177652 250 250 250 250 73 46 0 73 52 0 73 42 0 73 44 0 47763 948750 44556 8220 1021250 8168
35960.164977 177653 250 250 250 250 73 46 0 73 52 0 73 42 0 73 44 0 47763 948750 44556 8220 1021250 8168
35960.364949 177654 250 250 250 250 73 46 0 73 52 0 73 42 0 73 44 0 47763 948750 44556 8220 1021250 8168
35960.564950 177655 250 250 250 250 73 46 0 73 52 0 73 42 0 73 44 0 48251 948750 45504 7946 1021250 7147
35960.764949 177656 250 250 250 250 73 46 0 73 52 0 73 42 0 73 44 0 47763 948750 44556 8220 1021250 8168
35960.964953 177657 250 250 250 250 73 46 0 73 52 0 73 42 0 73 44 0 47763 948750 44556 8220 1021250 8168
35961.164972 177658 250 250 250 250 73 46 0 73 52 0 73 42 0 73 44 0 47763 948750 44556 8220 1021250 8168
35961.364949 177659 250 250 250 250 73 46 0 73 52 0 73 42 0 73 44 0 48007 948750 45504 7946 1021250 7147
35961.564948 177660 250 250 250 250 73 46 0 73 52 0 73 42 0 73 44 0 47519 948750 44556 7946 1021250 7147
35961.764949 177661 250 250 250 250 73 46 0 73 52 0 73 42 0 73 44 0 47519 948750 44556 7946 1021250 7147
35961.964951 177662 250 250 250 250 73 46 0 73 52 0 73 42 0 73 44 0 47519 948750 44556 8220 1021250 8168
35962.164937 177663 250 250 250 250 73 46 0 73 52 0 73 42 0 73 44 0 47763 948750 44556 8220 1021250 8168
35962.364949 177664 250 250 250 250 73 46 0 73 52 0 73 42 0 73 44 0 47275 948750 44556 8220 1021250 8168
35962.564929 177665 250 250 250 250 73 46 0 73 52 0 73 42 0 73 44 0 47275 948750 44556 8220 1021250 8168
35962.764950 177666 250 250 250 250 73 46 0 73 52 0 73 42 0 73 44 0 47519 948750 44556 8220 1021250 8168
35962.964949 177667 250 250 250 250 73 46 0 73 52 0 73 42 0 73 44 0 47763 948750 44556 8220 1021250 8168
35963.164978 177668 250 250 250 250 73 46 0 73 52 0 73 42 0 73 44 0 48007 948750 45504 8220 1021250 8168
35963.364949 177669 250 250 250 250 73 46 0 73 52 0 73 42 0 73 44 0 48007 948750 45504 8220 1021250 8168
35963.564949 177670 250 250 250 250 73 46 0 73 52 0 73 42 0 73 44 0 48007 948750 45504 8220 1021250 8168
35963.764950 177671 250 250 250 250 73 46 0 73 52 0 73 42 0 73 44 0 47519 948750 44556 8220 1021250 8168
35963.964949 177672 250 250 250 250 73 46 0 73 52 0 73 42 0 73 44 0 48007 948750 45504 7946 1021250 7147
35964.164972 177673 250 250 250 250 73 46 0 73 52 0 73 42 0 73 44 0 47763 948750 44556 8220 1021250 8168
35964.364949 177674 250 250 250 250 73 46 0 73 52 0 73 42 0 73 44 0 47763 948750 44556 8220 1021250 8168
35964.564936 177675 250 250 250 250 73 46 0 73 52 0 73 42 0 73 44 0 47763 948750 44556 8220 1021250 8168
35964.764950 177676 250 250 250 250 73 46 0 73 52 0 73 42 0 73 44 0 47519 948750 44556 8220 1021250 8168
35964.964949 177677 250 250 250 250 73 46 0 73 52 0 73 42 0 73 44 0 47763 948750 44556 8220 1021250 8168
35965.164975 177678 250 250 250 250 73 46 0 73 52 0 73 42 0 73 44 0 47763 948750 44556 8220 1021250 8168
35965.364949 177679 250 250 250 250 73 46 0 73 52 0 73 42 0 73 44 0 47763 948750 44556 8220 1021250 8168
35965.564949 177680 250 250 250 250 73 46 0 73 52 0 73 42 0 73 44 0 47763 948750 44556 8220 1021250 8168
35965.764949 177681 250 250 250 250 73 46 0 73 52 0 73 42 0 73 44 0 47519 948750 44556 8220 1021250 8168
35965.964949 177682 250 250 250 250 73 46 0 73 52 0 73 42 0 73 44 0 47519 948750 44556 8220 1021250 8168
35966.164978 177683 250 250 250 250 73 46 0 73 52 0 73 42 0 73 44 0 47519 948750 44556 8220 1021250 8168
35966.364949 177684 250 250 250 250 73 46 0 73 52 0 73 42 0 73 44 0 47519 948750 44556 8220 1021250 8168
35966.564948 177685 250 250 250 250 73 46 0 73 52 0 73 42 0 73 44 0 47519 948750 44556 7946 1021250 7147
35966.764953 177686 250 250 250 250 73 46 0 73 52 0 73 42 0 73 44 0 47519 948750 44556 7946 1021250 7147
35966.964937 177687 250 250 250 250 73 46 0 73 52 0 73 42 0 73 44 0 47275 948750 44556 7946 1021250 7147
35967.164972 177688 250 250 250 250 73 46 0 73 52 0 73 42 0 73 44 0 47519 948750 44556 8220 1021250 8168
35967.364949 177689 250 250 250 250 73 46 0 73 52 0 73 42 0 73 44 0 47763 948750 44556 7946 1021250 7147
35967.564949 177690 250 250 250 250 73 46 0 73 52 0 73 42 0 73 44 0 47763 948750 44556 7946 1021250 7147
35967.764949 177691 250 250 250 250 73 46 0 73 52 0 73 42 0 73 44 0 47763 948750 44556 8220 1021250 8168
35967.964949 177692 250 250 250 250 73 46 0 73 52 0 73 42 0 73 44 0 47519 948750 44556 8220 1021250 8168
35968.164973 177693 250 250 250 250 73 46 0 73 52 0 73 42 0 73 44 0 47519 948750 44556 7946 1021250 7147
35968.364949 177694 250 250 250 250 73 46 0 73 52 0 73 42 0 73 44 0 47519 948750 44556 7946 1021250 7147
35968.564949 177695 250 250 250 250 73 46 0 73 52 0 73 42 0 73 44 0 47763 948750 44556 7946 1021250 7147
35968.764949 177696 250 250 250 250 73 46 0 73 52 0 73 42 0 73 44 0 47763 948750 44556 8220 1021250 8168
35968.964948 177697 250 250 250 250 73 46 0 73 52 0 73 42 0 73 44 0 47763 948750 44556 7946 1021250 7147
35969.164885 177698 250 250 250 250 73 46 0 73 52 0 73 42 0 73 44 0 47763 948750 44556 7946 1021250 7147
35969.364949 177699 250 250 250 250 73 46 0 73 52 0 73 42 0 73 44 0 47519 948750 44556 7946 1021250 7147
35969.564949 177700 250 250 250 250 73 46 0 73 52 0 73 42 0 73 44 0 47519 948750 44556 7946 1021250 7147
35969.764949 177701 250 250 250 250 73 46 0 73 52 0 73 42 0 73 44 0 48007 948750 45504 8220 1021250 8168
35969.964949 177702 250 250 250 250 73 46 0 73 52 0 73 42 0 73 44 0 48007 948750 45504 7946 1021250 7147
35970.164972 177703 250 250 250 250 73 46 0 73 52 0 73 42 0 73 44 0 48007 948750 45504 7946 1021250 7147
35970.364949 177704 250 250 250 250 73 46 0 73 52 0 73 42 0 73 44 0 48251 948750 45504 8220 1021250 8168
35970.564949 177705 250 250 250 250 73 46 0 73 52 0 73 42 0 73 44 0 48007 948750 45504 8220 1021250 8168
35970.764949 177706 250 250 250 250 73 46 0 73 52 0 73 42 0 73 44 0 47763 948750 44556 7946 1021250 7147
35970.964951 177707 250 250 250 250 73 46 0 73 52 0 73 42 0 73 44 0 47763 948750 44556 7946 1021250 7147
35971.164972 177708 250 250 250 250 73 46 0 73 52 0 73 42 0 73 44 0 48007 948750 45504 8220 1021250 8168
35971.364948 177709 250 250 250 250 73 46 0 73 52 0 73 42 0 73 44 0 48007 948750 45504 8220 1021250 8168
35971.564935 177710 250 250 250 250 73 46 0 73 52 0 73 42 0 73 44 0 47763 948750 44556 7946 1021250 7147
35971.764949 177711 250 250 250 250 73 46 0 73 52 0 73 42 0 73 44 0 47763 948750 44556 7946 1021250 7147
35971.964951 177712 250 250 250 250 73 46 0 73 52 0 73 42 0 73 44 0 47763 948750 44556 7946 1021250 7147
35972.164979 177713 250 250 250 250 73 46 0 73 52 0 73 42 0 73 44 0 48007 948750 45504 8220 1021250 8168
35972.364949 177714 250 250 250 250 73 46 0 73 52 0 73 42 0 73 44 0 48007 948750 45504 8220 1021250 8168
35972.564949 177715 250 250 250 250 73 46 0 73 52 0 73 42 0 73 44 0 48007 948750 45504 8220 1021250 8168
35972.764950 177716 250 250 250 250 73 46 0 73 52 0 73 42 0 73 44 0 47763 948750 44556 8220 1021250 8168
35972.964975 177717 250 250 250 250 73 46 0 73 52 0 73 42 0 73 44 0 47763 948750 44556 8220 1021250 8168
35973.164985 177718 250 250 250 250 73 46 0 73 52 0 73 42 0 73 44 0 47519 948750 44556 7946 1021250 7147
35973.364952 177719 250 250 250 250 73 46 0 73 52 0 73 42 0 73 44 0 47519 948750 44556 7946 1021250 7147
35973.564953 177720 250 250 250 250 73 46 0 73 52 0 73 42 0 73 44 0 47763 948750 44556 8220 1021250 8168
35973.764952 177721 250 250 250 250 73 46 0 73 52 0 73 42 0 73 44 0 48007 948750 45504 7946 1021250 7147
35973.964936 177722 250 250 250 250 73 46 0 73 52 0 73 42 0 73 44 0 47763 948750 44556 7946 1021250 7147
35974.164973 177723 250 250 250 250 73 46 0 73 52 0 73 42 0 73 44 0 47763 948750 44556 7946 1021250 7147
35974.364949 177724 250 250 250 250 73 46 0 73 52 0 73 42 0 73 44 0 47763 948750 44556 8220 1021250 8168
35974.564949 177725 250 250 250 250 73 46 0 73 52 0 73 42 0 73 44 0 47763 948750 44556 8220 1021250 8168
35974.764949 177726 250 250 250 250 73 46 0 73 52 0 73 42 0 73 44 0 47763 948750 44556 7946 1021250 7147
35974.964950 177727 250 250 250 250 73 46 0 73 52 0 73 42 0 73 44 0 47763 948750 44556 7946 1021250 7147
35975.164981 177728 250 250 250 250 73 46 0 73 52 0 73 42 0 73 44 0 47519 948750 44556 8220 1021250 8168
35975.364949 177729 250 250 250 250 73 46 0 73 52 0 73 42 0 73 44 0 47763 948750 44556 8220 1021250 8168
35975.564949 177730 250 250 250 250 73 46 0 73 52 0 73 42 0 73 44 0 47763 948750 44556 7946 1021250 7147
35975.764910 177731 250 250 250 250 73 46 0 73 52 0 73 42 0 73 44 0 48007 948750 45504 7946 1021250 7147
35975.964948 177732 250 250 250 250 73 46 0 73 52 0 73 42 0 73 44 0 48007 948750 45504 7946 1021250 7147
35976.164973 177733 250 250 250 250 73 46 0 73 52 0 73 42 0 73 44 0 47519 948750 44556 7946 1021250 7147
35976.364936 177734 250 250 250 250 73 46 0 73 52 0 73 42 0 73 44 0 48007 948750 45504 8220 1021250 8168
35976.564949 177735 250 250 250 250 73 46 0 73 52 0 73 42 0 73 44 0 48007 948750 45504 8220 1021250 8168
35976.764940 177736 250 250 250 250 73 46 0 73 52 0 73 42 0 73 44 0 48007 948750 45504 8220 1021250 8168
35976.964949 177737 250 250 250 250 73 46 0 73 52 0 73 42 0 73 44 0 47763 948750 44556 8220 1021250 8168
35977.164972 177738 250 250 250 250 73 46 0 73 52 0 73 42 0 73 44 0 47519 948750 44556 8220 1021250 8168
35977.364948 177739 250 250 250 250 73 46 0 73 52 0 73 42 0 73 44 0 47519 948750 44556 7946 1021250 7147
35977.564949 177740 250 250 250 250 73 46 0 73 52 0 73 42 0 73 44 0 47519 948750 44556 7946 1021250 7147
35977.764949 177741 250 250 250 250 73 46 0 73 52 0 73 42 0 73 44 0 47763 948750 44556 8220 1021250 8168
35977.964948 177742 250 250 250 250 73 46 0 73 52 0 73 42 0 73 44 0 47763 948750 44556 8220 1021250 8168
35978.164976 177743 250 250 250 250 73 46 0 73 52 0 73 42 0 73 44 0 47519 948750 44556 7946 1021250 7147
35978.364949 177744 250 250 250 250 73 46 0 73 52 0 73 42 0 73 44 0 47519 948750 44556 7946 1021250 7147
35978.564949 177745 250 250 250 250 73 46 0 73 52 0 73 42 0 73 44 0 47519 948750 44556 8220 1021250 8168
35978.764936 177746 250 250 250 250 73 46 0 73 52 0 73 42 0 73 44 0 47519 948750 44556 8220 1021250 8168
35978.964948 177747 250 250 250 250 73 46 0 73 52 0 73 42 0 73 44 0 47763 948750 44556 7946 1021250 7147
35979.164972 177748 250 250 250 250 73 46 0 73 52 0 73 42 0 73 44 0 47763 948750 44556 7946 1021250 7147
35979.364948 177749 250 250 250 250 73 46 0 73 52 0 73 42 0 73 44 0 47519 948750 44556 8220 1021250 8168
35979.564948 177750 250 250 250 250 73 46 0 73 52 0 73 42 0 73 44 0 47763 948750 44556 8220 1021250 8168
35979.764948 177751 250 250 250 250 73 46 0 73 52 0 73 42 0 73 44 0 48007 948750 45504 8220 1021250 8168
35979.964951 177752 250 250 250 250 73 46 0 73 52 0 73 42 0 73 44 0 48007 948750 45504 8220 1021250 8168
35980.164972 177753 250 250 250 250 73 46 0 73 52 0 73 42 0 73 44 0 47519 948750 44556 8220 1021250 8168
35980.364948 177754 250 250 250 250 73 46 0 73 52 0 73 42 0 73 44 0 47763 948750 44556 8220 1021250 8168
35980.564949 177755 250 250 250 250 73 46 0 73 52 0 73 42 0 73 44 0 47519 948750 44556 7946 1021250 7147
35980.764950 177756 250 250 250 250 73 46 0 73 52 0 73 42 0 73 44 0 47519 948750 44556 7946 1021250 7147
35980.964949 177757 250 250 250 250 73 46 0 73 52 0 73 42 0 73 44 0 47763 948750 44556 7946 1021250 7147
35981.164944 177758 250 250 250 250 73 46 0 73 52 0 73 42 0 73 44 0 48007 948750 45504 8220 1021250 8168
35981.364949 177759 250 250 250 250 73 46 0 73 52 0 73 42 0 73 44 0 48007 948750 45504 7946 1021250 7147
35981.564929 177760 250 250 250 250 73 46 0 73 52 0 73 42 0 73 44 0 48007 948750 45504 7946 1021250 7147
35981.764949 177761 250 250 250 250 73 46 0 73 52 0 73 42 0 73 44 0 48251 948750 45504 7946 1021250 7147
35981.964954 177762 250 250 250 250 73 46 0 73 52 0 73 42 0 73 44 0 47763 948750 44556 8220 1021250 8168
35982.164974 177763 250 250 250 250 73 46 0 73 52 0 73 42 0 73 44 0 47519 948750 44556 8220 1021250 8168
35982.364949 177764 250 250 250 250 73 46 0 73 52 0 73 42 0 73 44 0 47763 948750 44556 7946 1021250 7147
35982.564949 177765 250 250 250 250 73 46 0 73 52 0 73 42 0 73 44 0 47763 948750 44556 7946 1021250 7147
35982.764951 177766 250 250 250 250 73 46 0 73 52 0 73 42 0 73 44 0 47275 948750 44556 8220 1021250 8168
35982.964950 177767 250 250 250 250 73 46 0 73 52 0 73 42 0 73 44 0 47519 948750 44556 7946 1021250 7147
35983.164972 177768 250 250 250 250 73 46 0 73 52 0 73 42 0 73 44 0 48007 948750 45504 7946 1021250 7147
35983.364952 177769 250 250 250 250 73 46 0 73 52 0 73 42 0 73 44 0 48007 948750 45504 7946 1021250 7147
35983.564937 177770 250 250 250 250 73 46 0 73 52 0 73 42 0 73 44 0 48007 948750 45504 7946 1021250 7147
35983.764950 177771 250 250 250 250 73 46 0 73 52 0 73 42 0 73 44 0 47763 948750 44556 7946 1021250 7147
35983.964949 177772 250 250 250 250 73 46 0 73 52 0 73 42 0 73 44 0 47519 948750 44556 8220 1021250 8168
35984.164979 177773 250 250 250 250 73 46 0 73 52 0 73 42 0 73 44 0 47519 948750 44556 8220 1021250 8168
35984.364948 177774 250 250 250 250 73 46 0 73 52 0 73 42 0 73 44 0 47763 948750 44556 7946 1021250 7147
35984.564948 177775 250 250 250 250 73 46 0 73 52 0 73 42 0 73 44 0 47763 948750 44556 8220 1021250 8168
35984.764949 177776 250 250 250 250 73 46 0 73 52 0 73 42 0 73 44 0 47763 948750 44556 8220 1021250 8168
35984.964949 177777 250 250 250 250 73 46 0 73 52 0 73 42 0 73 44 0 47763 948750 44556 8220 1021250 8168
35985.164972 177778 250 250 250 250 73 46 0 73 52 0 73 42 0 73 44 0 47763 948750 44556 8220 1021250 8168
35985.364948 177779 250 250 250 250 73 46 0 73 52 0 73 42 0 73 44 0 47763 948750 44556 8220 1021250 8168
35985.564948 177780 250 250 250 250 73 46 0 73 52 0 73 42 0 73 44 0 47763 948750 44556 7946 1021250 7147
35985.764949 177781 250 250 250 250 73 46 0 73 52 0 73 42 0 73 44 0 47763 948750 44556 7946 1021250 7147
35985.964937 177782 250 250 250 250 73 46 0 73 52 0 73 42 0 73 44 0 47275 948750 44556 7946 1021250 7147
35986.164972 177783 250 250 250 250 73 46 0 73 52 0 73 42 0 73 44 0 47519 948750 44556 7946 1021250 7147
35986.364948 177784 250 250 250 250 73 46 0 73 52 0 73 42 0 73 44 0 48007 948750 45504 7946 1021250 7147
35986.564952 177785 250 250 250 250 73 46 0 73 52 0 73 42 0 73 44 0 48007 948750 45504 7946 1021250 7147
35986.764949 177786 250 250 250 250 73 46 0 73 52 0 73 42 0 73 44 0 48007 948750 45504 8220 1021250 8168
35986.964949 177787 250 250 250 250 73 46 0 73 52 0 73 42 0 73 44 0 47763 948750 44556 8220 1021250 8168
35987.164977 177788 250 250 250 250 73 46 0 73 52 0 73 42 0 73 44 0 47763 948750 44556 8220 1021250 8168
35987.364949 177789 250 250 250 250 73 46 0 73 52 0 73 42 0 73 44 0 47763 948750 44556 8220 1021250 8168
35987.564949 177790 250 250 250 250 73 46 0 73 52 0 73 42 0 73 44 0 48007 948750 45504 8220 1021250 8168
35987.764950 177791 250 250 250 250 73 46 0 73 52 0 73 42 0 73 44 0 47763 948750 44556 7946 1021250 7147
35987.964948 177792 250 250 250 250 73 46 0 73 52 0 73 42 0 73 44 0 47763 948750 44556 8220 1021250 8168
35988.164882 177793 250 250 250 250 73 46 0 73 52 0 73 42 0 73 44 0 47763 948750 44556 8220 1021250 8168
35988.364949 177794 250 250 250 250 73 46 0 73 52 0 73 42 0 73 44 0 48007 948750 45504 8220 1021250 8168
35988.564949 177795 250 250 250 250 73 46 0 73 52 0 73 42 0 73 44 0 47763 948750 44556 8220 1021250 8168
35988.764948 177796 250 250 250 250 73 46 0 73 52 0 73 42 0 73 44 0 48251 948750 45504 7946 1021250 7147
35988.964948 177797 250 250 250 250 73 46 0 73 52 0 73 42 0 73 44 0 47763 948750 44556 8220 1021250 8168
35989.164972 177798 250 250 250 250 73 46 0 73 52 0 73 42 0 73 44 0 47763 948750 44556 8220 1021250 8168
35989.364949 177799 250 250 250 250 73 46 0 73 52 0 73 42 0 73 44 0 47763 948750 44556 7946 1021250 7147
35989.564949 177800 250 250 250 250 73 46 0 73 52 0 73 42 0 73 44 0 48007 948750 45504 8220 1021250 8168
35989.764949 177801 250 250 250 250 73 46 0 73 52 0 73 42 0 73 44 0 47519 948750 44556 7946 1021250 7147
35989.964951 177802 250 250 250 250 73 46 0 73 52 0 73 42 0 73 44 0 47519 948750 44556 7946 1021250 7147
35990.164982 177803 250 250 250 250 73 46 0 73 52 0 73 42 0 73 44 0 47519 948750 44556 8220 1021250 8168
35990.364950 177804 250 250 250 250 73 46 0 73 52 0 73 42 0 73 44 0 47763 948750 44556 8220 1021250 8168
35990.564936 177805 250 250 250 250 73 46 0 73 52 0 73 42 0 73 44 0 47763 948750 44556 7946 1021250 7147
35990.764949 177806 250 250 250 250 73 46 0 73 52 0 73 42 0 73 44 0 47763 948750 44556 7946 1021250 7147
35990.964949 177807 250 250 250 250 73 46 0 73 52 0 73 42 0 73 44 0 47519 948750 44556 7946 1021250 7147
35991.164973 177808 250 250 250 250 73 46 0 73 52 0 73 42 0 73 44 0 47763 948750 44556 7946 1021250 7147
35991.364949 177809 250 250 250 250 73 46 0 73 52 0 73 42 0 73 44 0 47763 948750 44556 7946 1021250 7147
35991.564949 177810 250 250 250 250 73 46 0 73 52 0 73 42 0 73 44 0 47763 948750 44556 7946 1021250 7147
35991.764949 177811 250 250 250 250 73 46 0 73 52 0 73 42 0 73 44 0 48007 948750 45504 7946 1021250 7147
35991.964949 177812 250 250 250 250 73 46 0 73 52 0 73 42 0 73 44 0 47763 948750 44556 7946 1021250 7147
35992.164972 177813 250 250 250 250 73 46 0 73 52 0 73 42 0 73 44 0 47519 948750 44556 8220 1021250 8168
35992.364948 177814 250 250 250 250 73 46 0 73 52 0 73 42 0 73 44 0 47519 948750 44556 8220 1021250 8168
35992.564949 177815 250 250 250 250 73 46 0 73 52 0 73 42 0 73 44 0 47763 948750 44556 8220 1021250 8168
35992.764949 177816 250 250 250 250 73 46 0 73 52 0 73 42 0 73 44 0 47763 948750 44556 8220 1021250 8168
35992.964935 177817 250 250 250 250 73 46 0 73 52 0 73 42 0 73 44 0 47519 948750 44556 7946 1021250 7147
35993.164980 177818 250 250 250 250 73 46 0 73 52 0 73 42 0 73 44 0 47519 948750 44556 7946 1021250 7147
35993.364948 177819 250 250 250 250 73 46 0 73 52 0 73 42 0 73 44 0 47763 948750 44556 8220 1021250 8168
35993.564948 177820 250 250 250 250 73 46 0 73 52 0 73 42 0 73 44 0 47763 948750 44556 7946 1021250 7147
35993.764949 177821 250 250 250 250 73 46 0 73 52 0 73 42 0 73 44 0 48007 948750 45504 8220 1021250 8168
35993.964948 177822 250 250 250 250 73 46 0 73 52 0 73 42 0 73 44 0 48007 948750 45504 8220 1021250 8168
35994.164972 177823 250 250 250 250 73 46 0 73 52 0 73 42 0 73 44 0 47763 948750 44556 8220 1021250 8168
35994.364949 177824 250 250 250 250 73 46 0 73 52 0 73 42 0 73 44 0 47763 948750 44556 7946 1021250 7147
35994.564949 177825 250 250 250 250 73 46 0 73 52 0 73 42 0 73 44 0 47519 948750 44556 8220 1021250 8168
35994.764922 177826 250 250 250 250 73 46 0 73 52 0 73 42 0 73 44 0 47519 948750 44556 7946 1021250 7147
35994.964948 177827 250 250 250 250 73 46 0 73 52 0 73 42 0 73 44 0 47519 948750 44556 7946 1021250 7147
35995.164982 177828 250 250 250 250 73 46 0 73 52 0 73 42 0 73 44 0 47275 948750 44556 7946 1021250 7147
35995.364936 177829 250 250 250 250 73 46 0 73 52 0 73 42 0 73 44 0 48007 948750 45504 7946 1021250 7147
35995.564949 177830 250 250 250 250 73 46 0 73 52 0 73 42 0 73 44 0 47519 948750 44556 8220 1021250 8168
35995.764952 177831 250 250 250 250 73 46 0 73 52 0 73 42 0 73 44 0 47519 948750 44556 8220 1021250 8168
35995.964949 177832 250 250 250 250 73 46 0 73 52 0 73 42 0 73 44 0 47763 948750 44556 7946 1021250 7147
35996.164977 177833 250 250 250 250 73 46 0 73 52 0 73 42 0 73 44 0 47519 948750 44556 7946 1021250 7147
35996.364973 177834 250 250 250 250 73 46 0 73 52 0 73 42 0 73 44 0 47763 948750 44556 8220 1021250 8168
35996.564955 177835 250 250 250 250 73 46 0 73 52 0 73 42 0 73 44 0 47763 948750 44556 8220 1021250 8168
35996.764953 177836 250 250 250 250 73 46 0 73 52 0 73 42 0 73 44 0 26474 948750 24648 7946 1021250 7147
35996.964952 177837 250 250 250 250 73 46 0 73 52 0 73 42 0 73 44 0 9028 950000 8550 8220 1021250 8168
35997.164978 177838 250 250 250 250 73 46 0 73 52 0 73 42 0 73 44 0 10492 950000 9500 8220 1021250 8168
35997.364951 177839 250 250 250 250 73 46 0 73 52 0 73 42 0 73 44 0 10492 950000 9500 8220 1021250 8168
35997.564951 177840 250 250 250 250 73 46 0 73 52 0 73 42 0 73 44 0 8723 950000 7600 8220 1021250 8168
35997.764941 177841 250 250 250 250 73 46 0 73 52 0 73 42 0 73 44 0 9028 950000 8550 8220 1021250 8168
35997.964952 177842 250 250 250 250 73 46 0 73 52 0 73 42 0 73 44 0 9516 950000 8550 7946 1021250 7147
35998.164975 177843 250 250 250 250 73 46 0 73 52 0 73 42 0 73 44 0 9516 950000 8550 7946 1021250 7147
35998.364951 177844 250 250 250 250 73 46 0 73 52 0 73 42 0 73 44 0 9272 950000 8550 7946 1021250 7147
35998.564951 177845 250 250 250 250 73 46 0 73 52 0 73 42 0 73 44 0 9028 950000 8550 8220 1021250 8168
35998.764952 177846 250 250 250 250 73 46 0 73 52 0 73 42 0 73 44 0 9028 950000 8550 8220 1021250 8168
35998.964955 177847 250 250 250 250 73 46 0 73 52 0 73 42 0 73 44 0 9028 950000 8550 8220 1021250 8168
