  791.274913 1813 1400 1400 1400 1400 71 46 0 71 52 0 71 42 0 71 44 0 5978 950000 4750 67130 1095000 73365
  791.474910 1814 1400 1400 1400 1400 71 46 0 71 52 0 71 42 0 71 44 0 5734 950000 4750 70418 1095000 76650
  791.674914 1815 1400 1400 1400 1400 71 46 0 71 52 0 71 42 0 71 44 0 5734 950000 4750 66308 1095000 72270
  791.874914 1816 1400 1400 1400 1400 71 46 0 71 52 0 71 42 0 71 44 0 5978 950000 4750 64938 1095000 70080
  792.074959 1817 1400 1400 1400 1400 70 46 0 70 52 0 70 42 0 70 44 0 5978 950000 4750 64938 1095000 70080
  792.274912 1818 1400 1400 1400 1400 70 46 0 70 52 0 70 42 0 70 44 0 5978 950000 4750 255094 1096250 279480
  792.474916 1819 1400 1400 1400 1400 70 46 0 70 52 0 70 42 0 70 44 0 5734 950000 4750 92612 1095000 100740
  792.674914 1820 1400 1400 1400 1400 70 46 0 70 52 0 70 42 0 70 44 0 5734 950000 4750 71514 1095000 77745
  792.874925 1821 1400 1400 1400 1400 70 46 0 70 52 0 70 42 0 70 44 0 5734 950000 4750 71514 1095000 77745
  793.074977 1822 1400 1400 1400 1400 71 46 0 71 52 0 71 42 0 71 44 0 5734 950000 4750 261670 1096250 286056
  793.274958 1823 1400 1400 1400 1400 72 46 0 72 52 0 72 42 0 72 44 0 5734 948750 4740 1081478 1100000 1189100
  793.475063 1824 1400 1400 1400 1400 72 46 0 72 52 0 72 42 0 72 44 0 5734 950000 4750 1024486 1100000 1126400
  793.674990 1825 1400 1400 1400 1400 72 46 0 72 52 0 72 42 0 72 44 0 5734 950000 4750 1024486 1100000 1126400
  793.874940 1826 1400 1400 1400 1400 72 46 0 72 52 0 72 42 0 72 44 0 5734 950000 4750 718154 1097500 787646
  794.074994 1827 1400 1400 1400 1400 72 46 0 72 52 0 72 42 0 72 44 0 5734 950000 4750 1076820 1100000 1183600
  794.274897 1828 1400 1400 1400 1400 72 46 0 72 52 0 72 42 0 72 44 0 5978 948750 4740 1011608 1100000 1112100
  794.475125 1829 1300 1300 1300 1300 72 46 0 72 52 0 72 42 0 72 44 0 5978 948750 4740 1011608 1100000 1112100
  794.674918 1830 1300 1300 1300 1300 72 46 0 72 52 0 72 42 0 72 44 0 5734 950000 4750 481966 1073750 516113
  794.874917 1831 1300 1300 1300 1300 72 46 0 72 52 0 72 42 0 72 44 0 5734 950000 4750 481966 1073750 516113
  795.074915 1832 1300 1300 1300 1300 71 46 0 71 52 0 71 42 0 71 44 0 5978 950000 4750 186320 1058750 196788
  795.274916 1833 1300 1300 1300 1300 71 46 0 71 52 0 71 42 0 71 44 0 5978 950000 4750 186320 1058750 196788
  795.474911 1834 1300 1300 1300 1300 71 46 0 71 52 0 71 42 0 71 44 0 5734 950000 4750 106860 1057500 112042
  795.674953 1835 1300 1300 1300 1300 71 46 0 71 52 0 71 42 0 71 44 0 5734 950000 4750 59184 1057500 62363
  795.875000 1836 1300 1300 1300 1300 71 46 0 71 52 0 71 42 0 71 44 0 5734 950000 4750 679520 1061250 720419
  796.075002 1837 1300 1300 1300 1300 72 46 0 72 52 0 72 42 0 72 44 0 5734 950000 4750 679520 1061250 720419
  796.274932 1838 1300 1300 1300 1300 72 46 0 72 52 0 72 42 0 72 44 0 5978 950000 4750 945574 1061250 1002645
  796.474926 1839 1300 1300 1300 1300 72 46 0 72 52 0 72 42 0 72 44 0 5734 950000 4750 860908 1061250 912460
  796.674929 1840 1300 1300 1300 1300 72 46 0 72 52 0 72 42 0 72 44 0 5734 950000 4750 866114 1061250 918826
  796.874926 1841 1300 1300 1300 1300 72 46 0 72 52 0 72 42 0 72 44 0 5734 950000 4750 866114 1061250 918826
  797.074941 1842 1300 1300 1300 1300 73 46 0 73 52 0 73 42 0 73 44 0 5978 950000 4750 887760 1061250 941107
  797.274926 1843 1300 1300 1300 1300 73 46 0 73 52 0 73 42 0 73 44 0 5734 950000 4750 874334 1061250 927314
  797.474926 1844 1300 1300 1300 1300 73 46 0 73 52 0 73 42 0 73 44 0 5978 950000 4750 874060 1061250 927314
  797.674904 1845 1300 1300 1300 1300 73 46 0 73 52 0 73 42 0 73 44 0 5734 950000 4750 875156 1061250 928375
  797.874926 1846 1300 1300 1300 1300 73 46 0 73 52 0 73 42 0 73 44 0 5734 950000 4750 875156 1061250 928375
  798.074937 1847 1300 1300 1300 1300 73 46 0 73 52 0 73 42 0 73 44 0 5978 950000 4750 877348 1061250 930497
  798.274925 1848 1300 1300 1300 1300 73 46 0 73 52 0 73 42 0 73 44 0 5978 950000 4750 877074 1061250 930497
  798.474921 1849 1300 1300 1300 1300 73 46 0 73 52 0 73 42 0 73 44 0 5734 950000 4750 879266 1061250 932619
  798.674927 1850 1300 1300 1300 1300 73 46 0 73 52 0 73 42 0 73 44 0 5734 950000 4750 879266 1061250 932619
  798.874926 1851 1300 1300 1300 1300 73 46 0 73 52 0 73 42 0 73 44 0 5978 950000 4750 877074 1061250 930497
  799.074936 1852 1300 1300 1300 1300 73 46 0 73 52 0 73 42 0 73 44 0 5978 950000 4750 875704 1061250 928375
  799.274925 1853 1300 1300 1300 1300 73 46 0 73 52 0 73 42 0 73 44 0 5978 950000 4750 874882 1061250 927314
  799.474926 1854 1300 1300 1300 1300 73 46 0 73 52 0 73 42 0 73 44 0 5978 950000 4750 874882 1061250 927314
  799.674926 1855 1300 1300 1300 1300 73 46 0 73 52 0 73 42 0 73 44 0 5978 950000 4750 876800 1061250 929436
  799.874926 1856 1300 1300 1300 1300 73 46 0 73 52 0 73 42 0 73 44 0 5978 950000 4750 877074 1061250 930497
  800.074937 1857 1300 1300 1300 1300 74 46 0 74 52 0 74 42 0 74 44 0 5978 950000 4750 874882 1061250 927314
  800.274926 1858 1300 1300 1300 1300 74 46 0 74 52 0 74 42 0 74 44 0 5978 950000 4750 874882 1061250 927314
  800.474926 1859 1300 1300 1300 1300 74 46 0 74 52 0 74 42 0 74 44 0 5734 950000 4750 876526 1061250 929436
  800.674927 1860 1300 1300 1300 1300 74 46 0 74 52 0 74 42 0 74 44 0 5978 950000 4750 875156 1061250 928375
  800.874921 1861 1300 1300 1300 1300 74 46 0 74 52 0 74 42 0 74 44 0 5978 950000 4750 875156 1061250 928375
  801.074937 1862 1300 1300 1300 1300 74 46 0 74 52 0 74 42 0 74 44 0 5978 950000 4750 875156 1061250 928375
  801.274927 1863 1300 1300 1300 1300 74 46 0 74 52 0 74 42 0 74 44 0 5734 950000 4750 876526 1061250 929436
  801.474925 1864 1300 1300 1300 1300 74 46 0 74 52 0 74 42 0 74 44 0 6222 950000 5700 874882 1061250 927314
  801.674926 1865 1300 1300 1300 1300 74 46 0 74 52 0 74 42 0 74 44 0 5978 950000 4750 878718 1061250 931558
  801.874926 1866 1300 1300 1300 1300 74 46 0 74 52 0 74 42 0 74 44 0 5978 950000 4750 878718 1061250 931558
  802.074936 1867 1300 1300 1300 1300 74 46 0 74 52 0 74 42 0 74 44 0 5978 950000 4750 877348 1061250 930497
  802.274926 1868 1300 1300 1300 1300 74 46 0 74 52 0 74 42 0 74 44 0 5978 950000 4750 875430 1061250 928375
  802.474925 1869 1300 1300 1300 1300 74 46 0 74 52 0 74 42 0 74 44 0 5734 950000 4750 880636 1061250 933680
  802.674926 1870 1300 1300 1300 1300 74 46 0 74 52 0 74 42 0 74 44 0 5734 950000 4750 880636 1061250 933680
  802.874927 1871 1300 1300 1300 1300 74 46 0 74 52 0 74 42 0 74 44 0 5978 950000 4750 876526 1061250 929436
  803.074937 1872 1300 1300 1300 1300 74 46 0 74 52 0 74 42 0 74 44 0 5978 950000 4750 878444 1061250 931558
  803.274920 1873 1300 1300 1300 1300 74 46 0 74 52 0 74 42 0 74 44 0 5978 950000 4750 877348 1061250 930497
  803.474907 1874 1300 1300 1300 1300 74 46 0 74 52 0 74 42 0 74 44 0 5978 950000 4750 877348 1061250 930497
  803.674945 1875 1300 1300 1300 1300 74 46 0 74 52 0 74 42 0 74 44 0 5978 950000 4750 876526 1061250 929436
  803.874919 1876 1300 1300 1300 1300 74 46 0 74 52 0 74 42 0 74 44 0 5978 950000 4750 875704 1061250 928375
  804.074927 1877 1300 1300 1300 1300 73 46 0 73 52 0 73 42 0 73 44 0 5978 950000 4750 429632 1058750 453882
  804.274894 1878 1300 1300 1300 1300 73 46 0 73 52 0 73 42 0 73 44 0 5734 950000 4750 62472 1057500 65534
  804.474918 1879 1300 1300 1300 1300 73 46 0 73 52 0 73 42 0 73 44 0 5734 950000 4750 62472 1057500 65534
  804.674917 1880 1300 1300 1300 1300 73 46 0 73 52 0 73 42 0 73 44 0 5978 950000 4750 60554 1057500 63420
  804.874917 1881 1300 1300 1300 1300 73 46 0 73 52 0 73 42 0 73 44 0 5734 950000 4750 56992 1057500 59192
  805.074927 1882 1300 1300 1300 1300 71 46 0 71 52 0 71 42 0 71 44 0 5734 950000 4750 57266 1057500 60249
