 1182.754998 3770 1000 1000 1000 1000 72 46 0 72 52 0 72 42 0 72 44 0 5734 950000 4750 44936 957500 42108
 1182.954950 3771 1000 1000 1000 1000 72 46 0 72 52 0 72 42 0 72 44 0 5490 950000 4750 240024 958750 229920
 1183.154947 3772 1000 1000 1000 1000 72 46 0 72 52 0 72 42 0 72 44 0 5490 950000 4750 240024 958750 229920
 1183.354971 3773 1000 1000 1000 1000 72 46 0 72 52 0 72 42 0 72 44 0 5734 950000 4750 656778 960000 629760
 1183.555014 3774 1000 1000 1000 1000 72 46 0 72 52 0 72 42 0 72 44 0 5734 950000 4750 646914 958750 618868
 1183.754989 3775 1000 1000 1000 1000 72 46 0 72 52 0 72 42 0 72 44 0 5490 950000 4750 609924 958750 583422
 1183.954995 3776 1000 1000 1000 1000 72 46 0 72 52 0 72 42 0 72 44 0 5490 950000 4750 609924 958750 583422
 1184.154956 3777 1000 1000 1000 1000 72 46 0 72 52 0 72 42 0 72 44 0 5734 950000 4750 555124 958750 531690
 1184.354935 3778 1000 1000 1000 1000 72 46 0 72 52 0 72 42 0 72 44 0 5490 950000 4750 586634 958750 561388
 1184.554936 3779 1000 1000 1000 1000 72 46 0 72 52 0 72 42 0 72 44 0 5734 950000 4750 581428 958750 556598
 1184.754936 3780 1000 1000 1000 1000 72 46 0 72 52 0 72 42 0 72 44 0 5734 950000 4750 581428 958750 556598
 1184.954936 3781 1000 1000 1000 1000 72 46 0 72 52 0 72 42 0 72 44 0 5734 950000 4750 582250 958750 557556
 1185.154950 3782 1000 1000 1000 1000 72 46 0 72 52 0 72 42 0 72 44 0 5734 950000 4750 583072 958750 558514
 1185.354936 3783 1000 1000 1000 1000 72 46 0 72 52 0 72 42 0 72 44 0 5734 950000 4750 583346 958750 558514
 1185.554937 3784 1000 1000 1000 1000 72 46 0 72 52 0 72 42 0 72 44 0 5734 950000 4750 583346 958750 558514
 1185.754937 3785 1000 1000 1000 1000 72 46 0 72 52 0 72 42 0 72 44 0 5734 950000 4750 581702 958750 556598
 1185.954930 3786 1000 1000 1000 1000 72 46 0 72 52 0 72 42 0 72 44 0 5734 950000 4750 581154 958750 556598
 1186.154950 3787 1000 1000 1000 1000 72 46 0 72 52 0 72 42 0 72 44 0 5734 950000 4750 580880 958750 555640
 1186.354935 3788 1000 1000 1000 1000 72 46 0 72 52 0 72 42 0 72 44 0 5734 950000 4750 580880 958750 555640
 1186.554936 3789 1000 1000 1000 1000 72 46 0 72 52 0 72 42 0 72 44 0 5490 950000 4750 580880 958750 555640
 1186.754937 3790 1000 1000 1000 1000 72 46 0 72 52 0 72 42 0 72 44 0 5490 950000 4750 582524 958750 557556
 1186.954936 3791 1000 1000 1000 1000 72 46 0 72 52 0 72 42 0 72 44 0 5734 950000 4750 583620 958750 558514
 1187.154876 3792 1000 1000 1000 1000 72 46 0 72 52 0 72 42 0 72 44 0 5734 950000 4750 581154 958750 556598
 1187.354937 3793 1000 1000 1000 1000 72 46 0 72 52 0 72 42 0 72 44 0 5734 950000 4750 581154 958750 556598
 1187.554936 3794 1000 1000 1000 1000 72 46 0 72 52 0 72 42 0 72 44 0 5734 950000 4750 582250 958750 557556
 1187.754936 3795 1000 1000 1000 1000 72 46 0 72 52 0 72 42 0 72 44 0 5978 950000 4750 581154 958750 556598
 1187.954935 3796 1000 1000 1000 1000 72 46 0 72 52 0 72 42 0 72 44 0 5978 950000 4750 581702 958750 556598
 1188.154950 3797 1000 1000 1000 1000 72 46 0 72 52 0 72 42 0 72 44 0 5978 950000 4750 581702 958750 556598
 1188.354931 3798 1000 1000 1000 1000 72 46 0 72 52 0 72 42 0 72 44 0 5734 950000 4750 583072 958750 558514
 1188.554936 3799 1000 1000 1000 1000 72 46 0 72 52 0 72 42 0 72 44 0 5734 950000 4750 583072 958750 558514
 1188.754936 3800 1000 1000 1000 1000 72 46 0 72 52 0 72 42 0 72 44 0 5734 950000 4750 584168 958750 559472
 1188.954936 3801 1000 1000 1000 1000 72 46 0 72 52 0 72 42 0 72 44 0 5734 950000 4750 584168 958750 559472
 1189.154950 3802 1000 1000 1000 1000 72 46 0 72 52 0 72 42 0 72 44 0 5734 950000 4750 583620 958750 558514
 1189.354936 3803 1000 1000 1000 1000 72 46 0 72 52 0 72 42 0 72 44 0 5734 950000 4750 583072 958750 558514
 1189.554937 3804 1000 1000 1000 1000 72 46 0 72 52 0 72 42 0 72 44 0 5734 950000 4750 580332 958750 555640
 1189.754935 3805 1000 1000 1000 1000 72 46 0 72 52 0 72 42 0 72 44 0 5734 950000 4750 580332 958750 555640
 1189.954937 3806 1000 1000 1000 1000 72 46 0 72 52 0 72 42 0 72 44 0 5734 950000 4750 583894 958750 558514
 1190.154951 3807 1000 1000 1000 1000 72 46 0 72 52 0 72 42 0 72 44 0 5734 950000 4750 580058 958750 555640
 1190.354937 3808 1000 1000 1000 1000 72 46 0 72 52 0 72 42 0 72 44 0 5734 950000 4750 579784 958750 554682
 1190.554936 3809 1000 1000 1000 1000 72 46 0 72 52 0 72 42 0 72 44 0 5734 950000 4750 579784 958750 554682
 1190.754930 3810 1000 1000 1000 1000 72 46 0 72 52 0 72 42 0 72 44 0 5734 950000 4750 581702 958750 556598
 1190.954938 3811 1000 1000 1000 1000 72 46 0 72 52 0 72 42 0 72 44 0 5978 950000 4750 581154 958750 556598
 1191.154950 3812 1000 1000 1000 1000 72 46 0 72 52 0 72 42 0 72 44 0 5734 950000 4750 581428 958750 556598
 1191.354936 3813 1000 1000 1000 1000 72 46 0 72 52 0 72 42 0 72 44 0 5734 950000 4750 581428 958750 556598
 1191.554936 3814 1000 1000 1000 1000 72 46 0 72 52 0 72 42 0 72 44 0 5734 950000 4750 579784 958750 554682
 1191.754936 3815 1000 1000 1000 1000 72 46 0 72 52 0 72 42 0 72 44 0 5734 950000 4750 580606 958750 555640
 1191.954937 3816 1000 1000 1000 1000 72 46 0 72 52 0 72 42 0 72 44 0 5734 950000 4750 578962 958750 553724
 1192.154949 3817 1000 1000 1000 1000 72 46 0 72 52 0 72 42 0 72 44 0 5734 950000 4750 578962 958750 553724
 1192.354936 3818 1000 1000 1000 1000 72 46 0 72 52 0 72 42 0 72 44 0 5734 950000 4750 580332 958750 555640
 1192.554936 3819 1000 1000 1000 1000 72 46 0 72 52 0 72 42 0 72 44 0 5734 950000 4750 581154 958750 556598
 1192.754935 3820 1000 1000 1000 1000 72 46 0 72 52 0 72 42 0 72 44 0 5734 950000 4750 581702 958750 556598
 1192.954918 3821 1000 1000 1000 1000 72 46 0 72 52 0 72 42 0 72 44 0 5734 950000 4750 581702 958750 556598
 1193.154946 3822 1000 1000 1000 1000 72 46 0 72 52 0 72 42 0 72 44 0 5490 950000 4750 581702 958750 556598
 1193.354936 3823 1000 1000 1000 1000 72 46 0 72 52 0 72 42 0 72 44 0 5734 950000 4750 581702 958750 556598
 1193.554931 3824 1000 1000 1000 1000 72 46 0 72 52 0 72 42 0 72 44 0 5734 950000 4750 579510 958750 554682
 1193.754914 3825 1000 1000 1000 1000 72 46 0 72 52 0 72 42 0 72 44 0 5734 950000 4750 580880 958750 555640
 1193.954936 3826 1000 1000 1000 1000 72 46 0 72 52 0 72 42 0 72 44 0 5734 950000 4750 580880 958750 555640
 1194.154949 3827 1000 1000 1000 1000 72 46 0 72 52 0 72 42 0 72 44 0 5734 950000 4750 580880 958750 555640
 1194.354936 3828 1000 1000 1000 1000 72 46 0 72 52 0 72 42 0 72 44 0 5734 950000 4750 581428 958750 556598
 1194.554936 3829 1000 1000 1000 1000 72 46 0 72 52 0 72 42 0 72 44 0 5734 950000 4750 581428 958750 556598
 1194.754936 3830 1000 1000 1000 1000 72 46 0 72 52 0 72 42 0 72 44 0 5734 950000 4750 581428 958750 556598
 1194.954937 3831 1000 1000 1000 1000 72 46 0 72 52 0 72 42 0 72 44 0 5734 950000 4750 581428 958750 556598
 1195.154953 3832 1000 1000 1000 1000 72 46 0 72 52 0 72 42 0 72 44 0 5734 950000 4750 580880 958750 555640
 1195.354930 3833 1000 1000 1000 1000 72 46 0 72 52 0 72 42 0 72 44 0 5734 950000 4750 579236 958750 554682
 1195.554936 3834 1000 1000 1000 1000 72 46 0 72 52 0 72 42 0 72 44 0 5734 950000 4750 579236 958750 554682
 1195.754934 3835 1000 1000 1000 1000 72 46 0 72 52 0 72 42 0 72 44 0 5734 950000 4750 579236 958750 554682
 1195.954937 3836 1000 1000 1000 1000 73 46 0 73 52 0 73 42 0 73 44 0 5734 950000 4750 579236 958750 554682
 1196.154950 3837 1000 1000 1000 1000 72 46 0 72 52 0 72 42 0 72 44 0 5734 950000 4750 581976 958750 556598
 1196.354936 3838 1000 1000 1000 1000 72 46 0 72 52 0 72 42 0 72 44 0 5734 950000 4750 581976 958750 556598
 1196.554936 3839 1000 1000 1000 1000 72 46 0 72 52 0 72 42 0 72 44 0 5734 950000 4750 581428 958750 556598
 1196.754936 3840 1000 1000 1000 1000 72 46 0 72 52 0 72 42 0 72 44 0 5734 950000 4750 581428 958750 556598
 1196.954937 3841 1000 1000 1000 1000 73 46 0 73 52 0 73 42 0 73 44 0 5734 950000 4750 581154 958750 556598
 1197.154949 3842 1000 1000 1000 1000 73 46 0 73 52 0 73 42 0 73 44 0 5734 950000 4750 581154 958750 556598
 1197.354936 3843 1000 1000 1000 1000 73 46 0 73 52 0 73 42 0 73 44 0 5734 950000 4750 580058 958750 555640
 1197.554936 3844 1000 1000 1000 1000 73 46 0 73 52 0 73 42 0 73 44 0 5734 950000 4750 580606 958750 555640
 1197.754931 3845 1000 1000 1000 1000 73 46 0 73 52 0 73 42 0 73 44 0 5734 950000 4750 580606 958750 555640
 1197.954936 3846 1000 1000 1000 1000 72 46 0 72 52 0 72 42 0 72 44 0 5734 950000 4750 580606 958750 555640
 1198.154949 3847 1000 1000 1000 1000 73 46 0 73 52 0 73 42 0 73 44 0 5734 950000 4750 581702 958750 556598
 1198.354936 3848 1000 1000 1000 1000 73 46 0 73 52 0 73 42 0 73 44 0 5734 950000 4750 581976 958750 556598
 1198.554936 3849 1000 1000 1000 1000 73 46 0 73 52 0 73 42 0 73 44 0 5734 950000 4750 581702 958750 556598
 1198.754935 3850 1000 1000 1000 1000 73 46 0 73 52 0 73 42 0 73 44 0 5734 950000 4750 581702 958750 556598
 1198.954937 3851 1000 1000 1000 1000 72 46 0 72 52 0 72 42 0 72 44 0 5734 950000 4750 582524 958750 557556
 1199.154952 3852 1000 1000 1000 1000 72 46 0 72 52 0 72 42 0 72 44 0 5734 950000 4750 582524 958750 557556
 1199.354937 3853 1000 1000 1000 1000 72 46 0 72 52 0 72 42 0 72 44 0 5734 950000 4750 581154 958750 556598
 1199.554912 3854 1000 1000 1000 1000 72 46 0 72 52 0 72 42 0 72 44 0 5734 950000 4750 581154 958750 556598
 1199.754937 3855 1000 1000 1000 1000 72 46 0 72 52 0 72 42 0 72 44 0 5734 950000 4750 573756 958750 548934
 1199.954937 3856 1000 1000 1000 1000 73 46 0 73 52 0 73 42 0 73 44 0 5734 950000 4750 580880 958750 555640
 1200.154931 3857 1000 1000 1000 1000 72 46 0 72 52 0 72 42 0 72 44 0 5734 950000 4750 581154 958750 556598
 1200.354937 3858 1000 1000 1000 1000 72 46 0 72 52 0 72 42 0 72 44 0 5734 950000 4750 581702 958750 556598
 1200.554936 3859 1000 1000 1000 1000 72 46 0 72 52 0 72 42 0 72 44 0 5734 950000 4750 581702 958750 556598
 1200.754936 3860 1000 1000 1000 1000 72 46 0 72 52 0 72 42 0 72 44 0 5734 950000 4750 580880 958750 555640
 1200.954938 3861 1000 1000 1000 1000 72 46 0 72 52 0 72 42 0 72 44 0 5978 950000 4750 581976 958750 556598
 1201.154950 3862 1000 1000 1000 1000 72 46 0 72 52 0 72 42 0 72 44 0 5978 950000 4750 579784 958750 554682
 1201.354936 3863 1000 1000 1000 1000 72 46 0 72 52 0 72 42 0 72 44 0 5978 950000 4750 579784 958750 554682
 1201.554936 3864 1000 1000 1000 1000 72 46 0 72 52 0 72 42 0 72 44 0 5978 950000 4750 580058 958750 555640
 1201.754935 3865 1000 1000 1000 1000 72 46 0 72 52 0 72 42 0 72 44 0 5734 950000 4750 580332 958750 555640
 1201.954935 3866 1000 1000 1000 1000 73 46 0 73 52 0 73 42 0 73 44 0 5734 950000 4750 581976 958750 556598
 1202.154950 3867 1000 1000 1000 1000 73 46 0 73 52 0 73 42 0 73 44 0 5734 950000 4750 581976 958750 556598
 1202.354937 3868 1000 1000 1000 1000 73 46 0 73 52 0 73 42 0 73 44 0 5734 950000 4750 581428 958750 556598
 1202.554930 3869 1000 1000 1000 1000 73 46 0 73 52 0 73 42 0 73 44 0 5734 950000 4750 581976 958750 556598
 1202.754935 3870 1000 1000 1000 1000 73 46 0 73 52 0 73 42 0 73 44 0 5734 950000 4750 581976 958750 556598
 1202.954937 3871 1000 1000 1000 1000 73 46 0 73 52 0 73 42 0 73 44 0 5734 950000 4750 581976 958750 556598
 1203.154949 3872 1000 1000 1000 1000 73 46 0 73 52 0 73 42 0 73 44 0 5734 950000 4750 581154 958750 556598
 1203.354936 3873 1000 1000 1000 1000 73 46 0 73 52 0 73 42 0 73 44 0 5734 950000 4750 581702 958750 556598
 1203.554937 3874 1000 1000 1000 1000 73 46 0 73 52 0 73 42 0 73 44 0 5978 950000 4750 580880 958750 555640
 1203.754937 3875 1000 1000 1000 1000 73 46 0 73 52 0 73 42 0 73 44 0 5978 950000 4750 580880 958750 555640
 1203.954937 3876 1000 1000 1000 1000 73 46 0 73 52 0 73 42 0 73 44 0 5734 950000 4750 581428 958750 556598
 1204.154949 3877 1000 1000 1000 1000 73 46 0 73 52 0 73 42 0 73 44 0 5734 950000 4750 581976 958750 556598
 1204.354937 3878 1000 1000 1000 1000 73 46 0 73 52 0 73 42 0 73 44 0 5734 950000 4750 582250 958750 557556
 1204.554930 3879 1000 1000 1000 1000 73 46 0 73 52 0 73 42 0 73 44 0 5734 950000 4750 582250 958750 557556
 1204.754936 3880 1000 1000 1000 1000 73 46 0 73 52 0 73 42 0 73 44 0 5734 950000 4750 581702 958750 556598
 1204.954930 3881 1000 1000 1000 1000 73 46 0 73 52 0 73 42 0 73 44 0 5734 950000 4750 579784 958750 554682
 1205.154950 3882 1000 1000 1000 1000 73 46 0 73 52 0 73 42 0 73 44 0 5734 950000 4750 581428 958750 556598
 1205.354936 3883 1000 1000 1000 1000 73 46 0 73 52 0 73 42 0 73 44 0 5734 950000 4750 581428 958750 556598
 1205.554913 3884 1000 1000 1000 1000 73 46 0 73 52 0 73 42 0 73 44 0 5734 950000 4750 581428 958750 556598
 1205.754913 3885 1000 1000 1000 1000 73 46 0 73 52 0 73 42 0 73 44 0 5734 950000 4750 580606 958750 555640
 1205.954913 3886 1000 1000 1000 1000 73 46 0 73 52 0 73 42 0 73 44 0 5734 950000 4750 582798 958750 557556
 1206.154873 3887 1000 1000 1000 1000 73 46 0 73 52 0 73 42 0 73 44 0 5734 950000 4750 581428 958750 556598
 1206.354914 3888 1000 1000 1000 1000 73 46 0 73 52 0 73 42 0 73 44 0 5734 950000 4750 581428 958750 556598
 1206.554913 3889 1000 1000 1000 1000 73 46 0 73 52 0 73 42 0 73 44 0 5734 950000 4750 581154 958750 556598
 1206.754940 3890 1000 1000 1000 1000 73 46 0 73 52 0 73 42 0 73 44 0 5734 950000 4750 581702 958750 556598
 1206.954907 3891 1000 1000 1000 1000 72 46 0 72 52 0 72 42 0 72 44 0 5734 950000 4750 453470 958750 433974
 1207.154919 3892 1000 1000 1000 1000 72 46 0 72 52 0 72 42 0 72 44 0 5734 950000 4750 453470 958750 433974
 1207.354900 3893 1000 1000 1000 1000 72 46 0 72 52 0 72 42 0 72 44 0 5734 950000 4750 44936 957500 42108
 1207.554905 3894 1000 1000 1000 1000 72 46 0 72 52 0 72 42 0 72 44 0 5734 950000 4750 42744 957500 40194
