  841.874928 2066 1000 1000 1000 1000 71 46 0 71 52 0 71 42 0 71 44 0 5734 950000 4750 43292 957500 41151
  842.074914 2067 1000 1000 1000 1000 70 46 0 70 52 0 70 42 0 70 44 0 5734 950000 4750 42196 957500 40194
  842.274917 2068 1000 1000 1000 1000 70 46 0 70 52 0 70 42 0 70 44 0 5734 950000 4750 464156 958750 444512
  842.474958 2069 1000 1000 1000 1000 70 46 0 70 52 0 70 42 0 70 44 0 5734 950000 4750 464156 958750 444512
  842.674984 2070 1000 1000 1000 1000 70 46 0 70 52 0 70 42 0 70 44 0 5734 950000 4750 657052 958750 629406
  842.875029 2071 1000 1000 1000 1000 70 46 0 70 52 0 70 42 0 70 44 0 5734 950000 4750 632118 958750 605456
  843.074841 2072 1000 1000 1000 1000 73 46 0 73 52 0 73 42 0 73 44 0 5734 950000 4750 598142 958750 572884
  843.274840 2073 1000 1000 1000 1000 73 46 0 73 52 0 73 42 0 73 44 0 5734 950000 4750 598142 958750 572884
  843.474840 2074 1000 1000 1000 1000 73 46 0 73 52 0 73 42 0 73 44 0 5490 950000 4750 598690 958750 572884
  843.674839 2075 1000 1000 1000 1000 74 46 0 74 52 0 74 42 0 74 44 0 5490 950000 4750 588004 958750 563304
  843.874839 2076 1000 1000 1000 1000 74 46 0 74 52 0 74 42 0 74 44 0 5734 950000 4750 588278 958750 563304
  844.074839 2077 1000 1000 1000 1000 75 46 0 75 52 0 75 42 0 75 44 0 5734 950000 4750 588278 958750 563304
  844.274840 2078 1000 1000 1000 1000 75 46 0 75 52 0 75 42 0 75 44 0 5734 950000 4750 587456 958750 562346
  844.474839 2079 1000 1000 1000 1000 75 46 0 75 52 0 75 42 0 75 44 0 5734 950000 4750 592936 958750 567136
  844.674839 2080 1000 1000 1000 1000 75 46 0 75 52 0 75 42 0 75 44 0 5734 950000 4750 586908 958750 561388
  844.874839 2081 1000 1000 1000 1000 75 46 0 75 52 0 75 42 0 75 44 0 5734 950000 4750 586908 958750 561388
  845.074839 2082 1000 1000 1000 1000 75 46 0 75 52 0 75 42 0 75 44 0 5734 950000 4750 587730 958750 562346
  845.274839 2083 1000 1000 1000 1000 75 46 0 75 52 0 75 42 0 75 44 0 5734 950000 4750 594580 958750 569052
  845.474839 2084 1000 1000 1000 1000 75 46 0 75 52 0 75 42 0 75 44 0 5734 950000 4750 587730 958750 562346
  845.674839 2085 1000 1000 1000 1000 75 46 0 75 52 0 75 42 0 75 44 0 5734 950000 4750 587730 958750 562346
  845.874839 2086 1000 1000 1000 1000 75 46 0 75 52 0 75 42 0 75 44 0 5490 950000 4750 587182 958750 562346
  846.074840 2087 1000 1000 1000 1000 75 46 0 75 52 0 75 42 0 75 44 0 5734 950000 4750 586634 958750 561388
  846.274839 2088 1000 1000 1000 1000 75 46 0 75 52 0 75 42 0 75 44 0 5734 950000 4750 587456 958750 562346
  846.474839 2089 1000 1000 1000 1000 75 46 0 75 52 0 75 42 0 75 44 0 5734 950000 4750 587456 958750 562346
  846.674840 2090 1000 1000 1000 1000 75 46 0 75 52 0 75 42 0 75 44 0 5734 950000 4750 585812 958750 560430
  846.874839 2091 1000 1000 1000 1000 75 46 0 75 52 0 75 42 0 75 44 0 5734 950000 4750 586908 958750 561388
  847.074839 2092 1000 1000 1000 1000 75 46 0 75 52 0 75 42 0 75 44 0 5734 950000 4750 587182 958750 562346
  847.274839 2093 1000 1000 1000 1000 75 46 0 75 52 0 75 42 0 75 44 0 5734 950000 4750 587182 958750 562346
  847.474840 2094 1000 1000 1000 1000 75 46 0 75 52 0 75 42 0 75 44 0 5734 950000 4750 586908 958750 561388
  847.674840 2095 1000 1000 1000 1000 75 46 0 75 52 0 75 42 0 75 44 0 5734 950000 4750 587730 958750 562346
  847.874839 2096 1000 1000 1000 1000 75 46 0 75 52 0 75 42 0 75 44 0 5734 950000 4750 586360 958750 561388
  848.074842 2097 1000 1000 1000 1000 75 46 0 75 52 0 75 42 0 75 44 0 5734 950000 4750 586634 958750 561388
  848.274839 2098 1000 1000 1000 1000 75 46 0 75 52 0 75 42 0 75 44 0 5734 950000 4750 586634 958750 561388
  848.474840 2099 1000 1000 1000 1000 75 46 0 75 52 0 75 42 0 75 44 0 5734 950000 4750 587182 958750 562346
  848.674839 2100 1000 1000 1000 1000 75 46 0 75 52 0 75 42 0 75 44 0 5734 950000 4750 587182 958750 562346
  848.874839 2101 1000 1000 1000 1000 75 46 0 75 52 0 75 42 0 75 44 0 5734 950000 4750 587182 958750 562346
  849.074839 2102 1000 1000 1000 1000 75 46 0 75 52 0 75 42 0 75 44 0 5734 950000 4750 587182 958750 562346
  849.274840 2103 1000 1000 1000 1000 75 46 0 75 52 0 75 42 0 75 44 0 5490 950000 4750 589374 958750 564262
  849.474840 2104 1000 1000 1000 1000 75 46 0 75 52 0 75 42 0 75 44 0 5734 950000 4750 587182 958750 562346
  849.674839 2105 1000 1000 1000 1000 75 46 0 75 52 0 75 42 0 75 44 0 5734 950000 4750 587182 958750 562346
  849.874840 2106 1000 1000 1000 1000 75 46 0 75 52 0 75 42 0 75 44 0 5734 950000 4750 587182 958750 562346
  850.074839 2107 1000 1000 1000 1000 75 46 0 75 52 0 75 42 0 75 44 0 5734 950000 4750 586360 958750 561388
  850.274839 2108 1000 1000 1000 1000 75 46 0 75 52 0 75 42 0 75 44 0 5734 950000 4750 586908 958750 561388
  850.474840 2109 1000 1000 1000 1000 75 46 0 75 52 0 75 42 0 75 44 0 5734 950000 4750 586908 958750 561388
  850.674839 2110 1000 1000 1000 1000 75 46 0 75 52 0 75 42 0 75 44 0 5734 950000 4750 586908 958750 561388
  850.874839 2111 1000 1000 1000 1000 75 46 0 75 52 0 75 42 0 75 44 0 5734 950000 4750 587456 958750 562346
  851.074839 2112 1000 1000 1000 1000 75 46 0 75 52 0 75 42 0 75 44 0 5734 950000 4750 587182 958750 562346
  851.274840 2113 1000 1000 1000 1000 75 46 0 75 52 0 75 42 0 75 44 0 5734 950000 4750 588278 958750 563304
  851.474840 2114 1000 1000 1000 1000 75 46 0 75 52 0 75 42 0 75 44 0 5734 950000 4750 588278 958750 563304
  851.674840 2115 1000 1000 1000 1000 75 46 0 75 52 0 75 42 0 75 44 0 5734 950000 4750 587182 958750 562346
  851.874839 2116 1000 1000 1000 1000 75 46 0 75 52 0 75 42 0 75 44 0 5734 950000 4750 587182 958750 562346
  852.074840 2117 1000 1000 1000 1000 75 46 0 75 52 0 75 42 0 75 44 0 5734 950000 4750 588004 958750 563304
  852.274840 2118 1000 1000 1000 1000 75 46 0 75 52 0 75 42 0 75 44 0 5734 950000 4750 588004 958750 563304
  852.474840 2119 1000 1000 1000 1000 75 46 0 75 52 0 75 42 0 75 44 0 5734 950000 4750 587182 958750 562346
  852.674974 2120 1000 1000 1000 1000 75 46 0 75 52 0 75 42 0 75 44 0 5734 950000 4750 587456 958750 562346
  852.874978 2121 1000 1000 1000 1000 75 46 0 75 52 0 75 42 0 75 44 0 5734 950000 4750 134534 957500 128238
  853.074990 2122 1000 1000 1000 1000 71 46 0 71 52 0 71 42 0 71 44 0 5734 950000 4750 134534 957500 128238
  853.274975 2123 1000 1000 1000 1000 71 46 0 71 52 0 71 42 0 71 44 0 5734 950000 4750 41648 957500 39237
  853.474970 2124 1000 1000 1000 1000 71 46 0 71 52 0 71 42 0 71 44 0 5734 950000 4750 41922 957500 39237
  853.674955 2125 1000 1000 1000 1000 71 46 0 71 52 0 71 42 0 71 44 0 5978 950000 4750 43840 957500 41151
  853.874955 2126 1000 1000 1000 1000 71 46 0 71 52 0 71 42 0 71 44 0 5978 950000 4750 43840 957500 41151
  854.074964 2127 1000 1000 1000 1000 70 46 0 70 52 0 70 42 0 70 44 0 5734 950000 4750 45758 957500 43065
  854.274951 2128 1000 1000 1000 1000 70 46 0 70 52 0 70 42 0 70 44 0 5734 950000 4750 42196 957500 40194
  854.474951 2129 1000 1000 1000 1000 70 46 0 70 52 0 70 42 0 70 44 0 5734 950000 4750 47950 957500 44979
  854.674955 2130 1000 1000 1000 1000 70 46 0 70 52 0 70 42 0 70 44 0 5734 950000 4750 41922 957500 39237
  854.874951 2131 1000 1000 1000 1000 70 46 0 70 52 0 70 42 0 70 44 0 5734 950000 4750 41922 957500 39237
