 6076.578816 29862 1100 1100 1100 1100 74 46 0 74 52 0 74 42 0 74 44 0 14762 1210000 16940 53704 995000 52735
 6076.778816 29863 1100 1100 1100 1100 74 46 0 74 52 0 74 42 0 74 44 0 14762 1210000 16940 53704 995000 52735
 6076.978816 29864 1100 1100 1100 1100 74 46 0 74 52 0 74 42 0 74 44 0 15006 1210000 18150 53704 995000 52735
 6077.178816 29865 1100 1100 1100 1100 74 46 0 74 52 0 74 42 0 74 44 0 15006 1210000 18150 54252 995000 53730
 6077.378812 29866 1100 1100 1100 1100 74 46 0 74 52 0 74 42 0 74 44 0 14762 1210000 16940 52882 995000 51740
 6077.578812 29867 1100 1100 1100 1100 74 46 0 74 52 0 74 42 0 74 44 0 14762 1210000 16940 52882 995000 51740
 6077.778816 29868 1100 1100 1100 1100 74 46 0 74 52 0 74 42 0 74 44 0 14762 1210000 16940 50142 995000 49750
 6077.978817 29869 1100 1100 1100 1100 74 46 0 74 52 0 74 42 0 74 44 0 15006 1210000 18150 51512 995000 50745
 6078.178816 29870 1100 1100 1100 1100 73 46 0 73 52 0 73 42 0 73 44 0 14762 1210000 16940 56444 995000 55720
 6078.378815 29871 1100 1100 1100 1100 73 46 0 73 52 0 73 42 0 73 44 0 14762 1210000 16940 56444 995000 55720
 6078.578814 29872 1100 1100 1100 1100 73 46 0 73 52 0 73 42 0 73 44 0 14762 1210000 16940 53978 995000 52735
 6078.778925 29873 1100 1100 1100 1100 73 46 0 73 52 0 73 42 0 73 44 0 15006 1210000 18150 59732 995000 58705
 6078.978816 29874 1100 1100 1100 1100 73 46 0 73 52 0 73 42 0 73 44 0 14762 1210000 16940 259752 996250 257964
 6079.178816 29875 1100 1100 1100 1100 73 46 0 73 52 0 73 42 0 73 44 0 14762 1210000 16940 259752 996250 257964
 6079.378815 29876 1100 1100 1100 1100 73 46 0 73 52 0 73 42 0 73 44 0 14762 1210000 16940 259752 996250 257964
 6079.578755 29877 1100 1100 1100 1100 73 46 0 73 52 0 73 42 0 73 44 0 14762 1210000 16940 51238 995000 50745
 6079.778869 29878 1100 1100 1100 1100 73 46 0 73 52 0 73 42 0 73 44 0 14518 1210000 16940 77542 995000 76615
 6079.978843 29879 1100 1100 1100 1100 73 46 0 73 52 0 73 42 0 73 44 0 14518 1210000 16940 77542 995000 76615
 6080.178897 29880 1100 1100 1100 1100 74 46 0 74 52 0 74 42 0 74 44 0 14762 1210000 16940 622254 997500 620134
 6080.383863 29881 1100 1100 1100 1100 74 46 0 74 52 0 74 42 0 74 44 0 14762 1210000 16940 752952 997500 749744
 6080.583733 29882 1100 1100 1100 1100 74 46 0 74 52 0 74 42 0 74 44 0 14762 1208750 16912 712126 997500 709864
 6080.783734 29883 1100 1100 1100 1100 74 46 0 74 52 0 74 42 0 74 44 0 15006 1210000 18150 770762 997500 767690
 6080.983731 29884 1100 1100 1100 1100 74 46 0 74 52 0 74 42 0 74 44 0 15006 1210000 18150 770762 997500 767690
 6081.183731 29885 1100 1100 1100 1100 75 46 0 75 52 0 75 42 0 75 44 0 14762 1208750 16912 870772 998750 868260
 6081.383731 29886 1100 1100 1100 1100 75 46 0 75 52 0 75 42 0 75 44 0 14762 1210000 16940 869676 998750 867262
 6081.583731 29887 1100 1100 1100 1100 75 46 0 75 52 0 75 42 0 75 44 0 15250 1210000 18150 859264 998750 857282
 6081.783731 29888 1100 1100 1100 1100 75 46 0 75 52 0 75 42 0 75 44 0 15250 1210000 18150 859264 998750 857282
 6081.983731 29889 1100 1100 1100 1100 75 46 0 75 52 0 75 42 0 75 44 0 15006 1210000 18150 875978 998750 873250
 6082.183731 29890 1100 1100 1100 1100 75 46 0 75 52 0 75 42 0 75 44 0 15006 1210000 18150 865840 998750 863270
 6082.383731 29891 1100 1100 1100 1100 75 46 0 75 52 0 75 42 0 75 44 0 14762 1210000 16940 866662 998750 864268
 6082.583731 29892 1100 1100 1100 1100 75 46 0 75 52 0 75 42 0 75 44 0 14762 1210000 16940 866662 998750 864268
 6082.783731 29893 1100 1100 1100 1100 75 46 0 75 52 0 75 42 0 75 44 0 15006 1208750 18120 857072 998750 855286
 6082.983731 29894 1100 1100 1100 1100 75 46 0 75 52 0 75 42 0 75 44 0 15006 1210000 18150 866114 998750 864268
 6083.183731 29895 1100 1100 1100 1100 75 46 0 75 52 0 75 42 0 75 44 0 14762 1210000 16940 860086 998750 858280
 6083.383761 29896 1100 1100 1100 1100 75 46 0 75 52 0 75 42 0 75 44 0 14762 1210000 16940 860086 998750 858280
 6083.583731 29897 1100 1100 1100 1100 75 46 0 75 52 0 75 42 0 75 44 0 15250 1210000 18150 868854 998750 866264
 6083.783731 29898 1100 1100 1100 1100 75 46 0 75 52 0 75 42 0 75 44 0 15006 1208750 18120 875156 998750 873250
 6083.983731 29899 1100 1100 1100 1100 75 46 0 75 52 0 75 42 0 75 44 0 15006 1210000 18150 873512 998750 871254
 6084.183732 29900 1100 1100 1100 1100 76 46 0 76 52 0 76 42 0 76 44 0 15006 1210000 18150 873512 998750 871254
 6084.383732 29901 1100 1100 1100 1100 76 46 0 76 52 0 76 42 0 76 44 0 15250 1210000 18150 875978 998750 873250
 6084.583732 29902 1100 1100 1100 1100 76 46 0 76 52 0 76 42 0 76 44 0 15006 1210000 18150 878718 998750 876244
 6084.783732 29903 1100 1100 1100 1100 76 46 0 76 52 0 76 42 0 76 44 0 15006 1210000 18150 867484 998750 865266
 6084.983731 29904 1100 1100 1100 1100 76 46 0 76 52 0 76 42 0 76 44 0 15006 1210000 18150 867484 998750 865266
 6085.183730 29905 1100 1100 1100 1100 76 46 0 76 52 0 76 42 0 76 44 0 15006 1210000 18150 871046 998750 869258
 6085.383731 29906 1100 1100 1100 1100 76 46 0 76 52 0 76 42 0 76 44 0 15006 1210000 18150 862004 998750 860276
 6085.583731 29907 1100 1100 1100 1100 76 46 0 76 52 0 76 42 0 76 44 0 15006 1208750 18120 871594 998750 869258
 6085.783731 29908 1100 1100 1100 1100 76 46 0 76 52 0 76 42 0 76 44 0 15006 1208750 18120 871594 998750 869258
 6085.983731 29909 1100 1100 1100 1100 76 46 0 76 52 0 76 42 0 76 44 0 15006 1210000 18150 900090 998750 898200
 6086.183731 29910 1100 1100 1100 1100 76 46 0 76 52 0 76 42 0 76 44 0 15006 1210000 18150 866662 998750 864268
 6086.383762 29911 1100 1100 1100 1100 76 46 0 76 52 0 76 42 0 76 44 0 15006 1210000 18150 880088 998750 878240
 6086.583734 29912 1100 1100 1100 1100 76 46 0 76 52 0 76 42 0 76 44 0 15006 1210000 18150 882828 998750 880236
 6086.783731 29913 1100 1100 1100 1100 76 46 0 76 52 0 76 42 0 76 44 0 15006 1210000 18150 882828 998750 880236
 6086.983731 29914 1100 1100 1100 1100 76 46 0 76 52 0 76 42 0 76 44 0 15006 1210000 18150 866114 998750 864268
 6087.183731 29915 1100 1100 1100 1100 76 46 0 76 52 0 76 42 0 76 44 0 15006 1210000 18150 865840 998750 863270
 6087.383731 29916 1100 1100 1100 1100 76 46 0 76 52 0 76 42 0 76 44 0 15006 1208750 18120 861182 998750 859278
 6087.583731 29917 1100 1100 1100 1100 76 46 0 76 52 0 76 42 0 76 44 0 15006 1208750 18120 861182 998750 859278
 6087.783730 29918 1100 1100 1100 1100 76 46 0 76 52 0 76 42 0 76 44 0 15006 1210000 18150 875978 998750 873250
 6087.983730 29919 1100 1100 1100 1100 76 46 0 76 52 0 76 42 0 76 44 0 15006 1210000 18150 868306 998750 866264
 6088.183731 29920 1100 1100 1100 1100 76 46 0 76 52 0 76 42 0 76 44 0 15250 1210000 18150 862004 998750 860276
 6088.383731 29921 1100 1100 1100 1100 76 46 0 76 52 0 76 42 0 76 44 0 15250 1210000 18150 862004 998750 860276
 6088.583731 29922 1100 1100 1100 1100 76 46 0 76 52 0 76 42 0 76 44 0 15006 1210000 18150 863922 998750 861274
 6088.783731 29923 1100 1100 1100 1100 76 46 0 76 52 0 76 42 0 76 44 0 15006 1210000 18150 860634 998750 858280
 6088.983731 29924 1100 1100 1100 1100 76 46 0 76 52 0 76 42 0 76 44 0 15250 1210000 18150 868306 997500 865396
 6089.183731 29925 1100 1100 1100 1100 76 46 0 76 52 0 76 42 0 76 44 0 15250 1210000 18150 868306 997500 865396
 6089.383763 29926 1100 1100 1100 1100 76 46 0 76 52 0 76 42 0 76 44 0 15494 1210000 18150 880636 998750 878240
 6089.583731 29927 1100 1100 1100 1100 76 46 0 76 52 0 76 42 0 76 44 0 14762 1210000 16940 855976 998750 853290
 6089.783731 29928 1100 1100 1100 1100 76 46 0 76 52 0 76 42 0 76 44 0 15250 1210000 18150 870772 998750 868260
 6089.983730 29929 1100 1100 1100 1100 76 46 0 76 52 0 76 42 0 76 44 0 15250 1210000 18150 870772 998750 868260
 6090.183731 29930 1100 1100 1100 1100 76 46 0 76 52 0 76 42 0 76 44 0 15006 1210000 18150 859538 998750 857282
 6090.383731 29931 1100 1100 1100 1100 76 46 0 76 52 0 76 42 0 76 44 0 15250 1208750 18120 857894 998750 855286
 6090.583743 29932 1100 1100 1100 1100 76 46 0 76 52 0 76 42 0 76 44 0 15006 1210000 18150 861730 998750 859278
 6090.783731 29933 1100 1100 1100 1100 76 46 0 76 52 0 76 42 0 76 44 0 15006 1210000 18150 861730 998750 859278
 6090.983730 29934 1100 1100 1100 1100 76 46 0 76 52 0 76 42 0 76 44 0 15006 1208750 18120 884198 998750 882232
 6091.183737 29935 1100 1100 1100 1100 76 46 0 76 52 0 76 42 0 76 44 0 15250 1210000 18150 878992 998750 876244
 6091.383745 29936 1100 1100 1100 1100 76 46 0 76 52 0 76 42 0 76 44 0 15250 1210000 18150 875156 998750 873250
 6091.583731 29937 1100 1100 1100 1100 76 46 0 76 52 0 76 42 0 76 44 0 15250 1210000 18150 875156 998750 873250
 6091.783731 29938 1100 1100 1100 1100 76 46 0 76 52 0 76 42 0 76 44 0 15250 1208750 18120 861182 998750 859278
 6091.983732 29939 1100 1100 1100 1100 76 46 0 76 52 0 76 42 0 76 44 0 15250 1208750 18120 869950 998750 867262
 6092.183736 29940 1100 1100 1100 1100 77 46 0 77 52 0 77 42 0 77 44 0 15494 1208750 18120 877348 998750 875246
 6092.383762 29941 1100 1100 1100 1100 77 46 0 77 52 0 77 42 0 77 44 0 15494 1208750 18120 877348 998750 875246
 6092.583732 29942 1100 1100 1100 1100 77 46 0 77 52 0 77 42 0 77 44 0 15006 1210000 18150 870772 998750 868260
 6092.783731 29943 1100 1100 1100 1100 77 46 0 77 52 0 77 42 0 77 44 0 15250 1210000 18150 864470 998750 862272
 6092.983732 29944 1100 1100 1100 1100 77 46 0 77 52 0 77 42 0 77 44 0 15250 1210000 18150 873238 998750 871254
 6093.183734 29945 1100 1100 1100 1100 77 46 0 77 52 0 77 42 0 77 44 0 15250 1210000 18150 868854 998750 866264
 6093.383731 29946 1100 1100 1100 1100 77 46 0 77 52 0 77 42 0 77 44 0 15250 1210000 18150 868854 998750 866264
 6093.583731 29947 1100 1100 1100 1100 77 46 0 77 52 0 77 42 0 77 44 0 15006 1208750 18120 884746 998750 882232
 6093.783732 29948 1100 1100 1100 1100 77 46 0 77 52 0 77 42 0 77 44 0 15250 1208750 18120 875978 998750 873250
 6093.983731 29949 1100 1100 1100 1100 77 46 0 77 52 0 77 42 0 77 44 0 15250 1210000 18150 873786 998750 871254
 6094.183731 29950 1100 1100 1100 1100 77 46 0 77 52 0 77 42 0 77 44 0 15250 1210000 18150 873786 998750 871254
 6094.383731 29951 1100 1100 1100 1100 77 46 0 77 52 0 77 42 0 77 44 0 15006 1210000 18150 874882 998750 872252
 6094.583731 29952 1100 1100 1100 1100 77 46 0 77 52 0 77 42 0 77 44 0 15250 1210000 18150 863374 998750 861274
 6094.783758 29953 1100 1100 1100 1100 77 46 0 77 52 0 77 42 0 77 44 0 15250 1210000 18150 874060 998750 872252
 6094.983732 29954 1100 1100 1100 1100 77 46 0 77 52 0 77 42 0 77 44 0 15250 1210000 18150 874060 998750 872252
 6095.183733 29955 1100 1100 1100 1100 77 46 0 77 52 0 77 42 0 77 44 0 15006 1210000 18150 837070 998750 835326
 6095.383767 29956 1100 1100 1100 1100 77 46 0 77 52 0 77 42 0 77 44 0 15006 1210000 18150 857346 998750 855286
 6095.583731 29957 1100 1100 1100 1100 77 46 0 77 52 0 77 42 0 77 44 0 15250 1210000 18150 858168 998750 856284
 6095.783730 29958 1100 1100 1100 1100 77 46 0 77 52 0 77 42 0 77 44 0 15250 1210000 18150 858168 998750 856284
 6095.983731 29959 1100 1100 1100 1100 77 46 0 77 52 0 77 42 0 77 44 0 15250 1210000 18150 859538 998750 857282
 6096.183731 29960 1100 1100 1100 1100 77 46 0 77 52 0 77 42 0 77 44 0 15250 1210000 18150 865292 998750 863270
 6096.383733 29961 1100 1100 1100 1100 77 46 0 77 52 0 77 42 0 77 44 0 15006 1210000 18150 860086 998750 858280
 6096.583732 29962 1100 1100 1100 1100 77 46 0 77 52 0 77 42 0 77 44 0 15006 1210000 18150 860086 998750 858280
 6096.783731 29963 1100 1100 1100 1100 77 46 0 77 52 0 77 42 0 77 44 0 15250 1210000 18150 859264 998750 857282
 6096.983731 29964 1100 1100 1100 1100 77 46 0 77 52 0 77 42 0 77 44 0 15006 1210000 18150 856250 998750 854288
 6097.183731 29965 1100 1100 1100 1100 77 46 0 77 52 0 77 42 0 77 44 0 15250 1210000 18150 856250 998750 854288
 6097.383731 29966 1100 1100 1100 1100 77 46 0 77 52 0 77 42 0 77 44 0 15250 1210000 18150 856250 998750 854288
 6097.583730 29967 1100 1100 1100 1100 77 46 0 77 52 0 77 42 0 77 44 0 15250 1210000 18150 852962 998750 850296
 6097.783799 29968 1100 1100 1100 1100 77 46 0 77 52 0 77 42 0 77 44 0 15006 1210000 18150 848852 998750 846304
 6097.983827 29969 1100 1100 1100 1100 77 46 0 77 52 0 77 42 0 77 44 0 15006 1210000 18150 875156 998750 873250
 6098.183825 29970 1100 1100 1100 1100 77 46 0 77 52 0 77 42 0 77 44 0 15006 1210000 18150 875156 998750 873250
 6098.383878 29971 1100 1100 1100 1100 77 46 0 77 52 0 77 42 0 77 44 0 15250 1208750 18120 855976 998750 853290
 6098.583826 29972 1100 1100 1100 1100 77 46 0 77 52 0 77 42 0 77 44 0 15494 1208750 18120 855428 998750 853290
 6098.783825 29973 1100 1100 1100 1100 77 46 0 77 52 0 77 42 0 77 44 0 15250 1210000 18150 863648 998750 861274
 6098.983767 29974 1100 1100 1100 1100 77 46 0 77 52 0 77 42 0 77 44 0 15250 1210000 18150 860634 998750 858280
 6099.183824 29975 1100 1100 1100 1100 77 46 0 77 52 0 77 42 0 77 44 0 15250 1210000 18150 860634 998750 858280
 6099.383824 29976 1100 1100 1100 1100 77 46 0 77 52 0 77 42 0 77 44 0 15250 1210000 18150 859538 998750 857282
 6099.583824 29977 1100 1100 1100 1100 77 46 0 77 52 0 77 42 0 77 44 0 15006 1210000 18150 857072 998750 855286
 6099.783824 29978 1100 1100 1100 1100 77 46 0 77 52 0 77 42 0 77 44 0 15494 1210000 18150 856798 998750 854288
 6099.983837 29979 1100 1100 1100 1100 77 46 0 77 52 0 77 42 0 77 44 0 15494 1210000 18150 856798 998750 854288
 6100.183873 29980 1100 1100 1100 1100 77 46 0 77 52 0 77 42 0 77 44 0 15250 1210000 18150 862004 998750 860276
 6100.383826 29981 1100 1100 1100 1100 77 46 0 77 52 0 77 42 0 77 44 0 15250 1210000 18150 869402 998750 867262
 6100.583824 29982 1100 1100 1100 1100 77 46 0 77 52 0 77 42 0 77 44 0 15006 1210000 18150 857346 998750 855286
 6100.783824 29983 1100 1100 1100 1100 77 46 0 77 52 0 77 42 0 77 44 0 15006 1210000 18150 857346 998750 855286
 6100.983839 29984 1100 1100 1100 1100 77 46 0 77 52 0 77 42 0 77 44 0 15250 1210000 18150 857620 998750 855286
 6101.183819 29985 1100 1100 1100 1100 77 46 0 77 52 0 77 42 0 77 44 0 15250 1210000 18150 858168 998750 856284
 6101.383875 29986 1100 1100 1100 1100 77 46 0 77 52 0 77 42 0 77 44 0 15494 1210000 18150 860634 998750 858280
 6101.583826 29987 1100 1100 1100 1100 77 46 0 77 52 0 77 42 0 77 44 0 15494 1210000 18150 860634 998750 858280
 6101.783824 29988 1100 1100 1100 1100 77 46 0 77 52 0 77 42 0 77 44 0 15250 1210000 18150 861182 998750 859278
 6101.983838 29989 1100 1100 1100 1100 77 46 0 77 52 0 77 42 0 77 44 0 15006 1210000 18150 858442 998750 856284
 6102.183819 29990 1100 1100 1100 1100 77 46 0 77 52 0 77 42 0 77 44 0 15250 1210000 18150 853236 998750 851294
 6102.383828 29991 1100 1100 1100 1100 77 46 0 77 52 0 77 42 0 77 44 0 15250 1210000 18150 853236 998750 851294
 6102.583824 29992 1100 1100 1100 1100 77 46 0 77 52 0 77 42 0 77 44 0 15250 1210000 18150 862278 998750 860276
 6102.783824 29993 1100 1100 1100 1100 77 46 0 77 52 0 77 42 0 77 44 0 15250 1210000 18150 856798 998750 854288
 6102.983837 29994 1100 1100 1100 1100 77 46 0 77 52 0 77 42 0 77 44 0 15250 1210000 18150 860360 998750 858280
 6103.183825 29995 1100 1100 1100 1100 77 46 0 77 52 0 77 42 0 77 44 0 15250 1210000 18150 860360 998750 858280
 6103.383825 29996 1100 1100 1100 1100 77 46 0 77 52 0 77 42 0 77 44 0 15250 1210000 18150 852962 998750 850296
 6103.583824 29997 1100 1100 1100 1100 77 46 0 77 52 0 77 42 0 77 44 0 15250 1210000 18150 856524 998750 854288
 6103.783824 29998 1100 1100 1100 1100 77 46 0 77 52 0 77 42 0 77 44 0 15250 1210000 18150 852962 998750 850296
 6103.983837 29999 1100 1100 1100 1100 77 46 0 77 52 0 77 42 0 77 44 0 15250 1210000 18150 852962 998750 850296
 6104.183824 30000 1100 1100 1100 1100 77 46 0 77 52 0 77 42 0 77 44 0 15494 1210000 18150 855428 998750 853290
 6104.383877 30001 1100 1100 1100 1100 77 46 0 77 52 0 77 42 0 77 44 0 15250 1210000 18150 854332 998750 852292
 6104.583827 30002 1100 1100 1100 1100 77 46 0 77 52 0 77 42 0 77 44 0 15250 1210000 18150 862004 998750 860276
 6104.783824 30003 1100 1100 1100 1100 77 46 0 77 52 0 77 42 0 77 44 0 15250 1210000 18150 862004 998750 860276
 6104.983840 30004 1100 1100 1100 1100 77 46 0 77 52 0 77 42 0 77 44 0 15250 1210000 18150 861182 998750 859278
 6105.183825 30005 1100 1100 1100 1100 77 46 0 77 52 0 77 42 0 77 44 0 15250 1210000 18150 858716 998750 856284
 6105.383824 30006 1100 1100 1100 1100 77 46 0 77 52 0 77 42 0 77 44 0 15250 1210000 18150 858442 998750 856284
 6105.583796 30007 1100 1100 1100 1100 77 46 0 77 52 0 77 42 0 77 44 0 15250 1210000 18150 855702 998750 853290
 6105.783824 30008 1100 1100 1100 1100 77 46 0 77 52 0 77 42 0 77 44 0 15250 1210000 18150 855702 998750 853290
 6105.983836 30009 1100 1100 1100 1100 77 46 0 77 52 0 77 42 0 77 44 0 15250 1210000 18150 858168 998750 856284
 6106.183826 30010 1100 1100 1100 1100 77 46 0 77 52 0 77 42 0 77 44 0 15494 1210000 18150 859538 998750 857282
 6106.383824 30011 1100 1100 1100 1100 77 46 0 77 52 0 77 42 0 77 44 0 15006 1208750 18120 856250 998750 854288
 6106.583825 30012 1100 1100 1100 1100 77 46 0 77 52 0 77 42 0 77 44 0 15006 1208750 18120 856250 998750 854288
 6106.783820 30013 1100 1100 1100 1100 77 46 0 77 52 0 77 42 0 77 44 0 15494 1210000 18150 858168 998750 856284
 6106.983838 30014 1100 1100 1100 1100 77 46 0 77 52 0 77 42 0 77 44 0 15494 1210000 18150 859812 998750 857282
 6107.183824 30015 1100 1100 1100 1100 77 46 0 77 52 0 77 42 0 77 44 0 15250 1210000 18150 858442 998750 856284
 6107.383878 30016 1100 1100 1100 1100 77 46 0 77 52 0 77 42 0 77 44 0 15250 1210000 18150 858442 998750 856284
 6107.583826 30017 1100 1100 1100 1100 77 46 0 77 52 0 77 42 0 77 44 0 15494 1210000 18150 863648 998750 861274
 6107.783824 30018 1100 1100 1100 1100 77 46 0 77 52 0 77 42 0 77 44 0 15494 1210000 18150 860634 998750 858280
 6107.983836 30019 1100 1100 1100 1100 77 46 0 77 52 0 77 42 0 77 44 0 15250 1210000 18150 857346 998750 855286
 6108.183824 30020 1100 1100 1100 1100 77 46 0 77 52 0 77 42 0 77 44 0 15250 1210000 18150 857346 998750 855286
 6108.383824 30021 1100 1100 1100 1100 77 46 0 77 52 0 77 42 0 77 44 0 15250 1210000 18150 860908 998750 858280
 6108.583824 30022 1100 1100 1100 1100 77 46 0 77 52 0 77 42 0 77 44 0 15250 1210000 18150 857072 998750 855286
 6108.783824 30023 1100 1100 1100 1100 77 46 0 77 52 0 77 42 0 77 44 0 15250 1210000 18150 857072 998750 855286
 6108.983837 30024 1100 1100 1100 1100 77 46 0 77 52 0 77 42 0 77 44 0 15250 1210000 18150 857072 998750 855286
 6109.183820 30025 1100 1100 1100 1100 77 46 0 77 52 0 77 42 0 77 44 0 15494 1210000 18150 861182 998750 859278
 6109.383824 30026 1100 1100 1100 1100 77 46 0 77 52 0 77 42 0 77 44 0 15250 1210000 18150 858442 998750 856284
 6109.583824 30027 1100 1100 1100 1100 77 46 0 77 52 0 77 42 0 77 44 0 15250 1210000 18150 858168 998750 856284
 6109.783879 30028 1100 1100 1100 1100 77 46 0 77 52 0 77 42 0 77 44 0 15250 1210000 18150 858168 998750 856284
 6109.983836 30029 1100 1100 1100 1100 77 46 0 77 52 0 77 42 0 77 44 0 15006 1210000 18150 857346 998750 855286
 6110.183826 30030 1100 1100 1100 1100 77 46 0 77 52 0 77 42 0 77 44 0 15494 1210000 18150 865840 998750 863270
 6110.383829 30031 1100 1100 1100 1100 77 46 0 77 52 0 77 42 0 77 44 0 15006 1210000 18150 898172 998750 896204
 6110.583825 30032 1100 1100 1100 1100 77 46 0 77 52 0 77 42 0 77 44 0 15006 1210000 18150 898172 998750 896204
 6110.783824 30033 1100 1100 1100 1100 77 46 0 77 52 0 77 42 0 77 44 0 15006 1208750 18120 896528 998750 894208
 6110.983910 30034 1100 1100 1100 1100 77 46 0 77 52 0 77 42 0 77 44 0 15006 1210000 18150 868032 998750 866264
 6111.183822 30035 1100 1100 1100 1100 76 46 0 76 52 0 76 42 0 76 44 0 15250 1208750 18120 865292 998750 863270
 6111.383753 30036 1100 1100 1100 1100 76 46 0 76 52 0 76 42 0 76 44 0 15006 1210000 18150 866662 998750 864268
 6111.583822 30037 1100 1100 1100 1100 76 46 0 76 52 0 76 42 0 76 44 0 15006 1210000 18150 866662 998750 864268
 6111.783822 30038 1100 1100 1100 1100 76 46 0 76 52 0 76 42 0 76 44 0 15006 1210000 18150 866388 998750 864268
 6111.983822 30039 1100 1100 1100 1100 76 46 0 76 52 0 76 42 0 76 44 0 15006 1210000 18150 868306 998750 866264
 6112.183822 30040 1100 1100 1100 1100 76 46 0 76 52 0 76 42 0 76 44 0 15006 1210000 18150 868580 998750 866264
 6112.383822 30041 1100 1100 1100 1100 76 46 0 76 52 0 76 42 0 76 44 0 15006 1210000 18150 868580 998750 866264
 6112.583818 30042 1100 1100 1100 1100 76 46 0 76 52 0 76 42 0 76 44 0 15006 1210000 18150 868580 998750 866264
 6112.783821 30043 1100 1100 1100 1100 76 46 0 76 52 0 76 42 0 76 44 0 15250 1210000 18150 867758 998750 865266
 6112.983823 30044 1100 1100 1100 1100 76 46 0 76 52 0 76 42 0 76 44 0 15250 1210000 18150 863648 998750 861274
 6113.183823 30045 1100 1100 1100 1100 76 46 0 76 52 0 76 42 0 76 44 0 15250 1210000 18150 863648 998750 861274
 6113.383826 30046 1100 1100 1100 1100 76 46 0 76 52 0 76 42 0 76 44 0 15250 1210000 18150 864196 998750 862272
 6113.583822 30047 1100 1100 1100 1100 76 46 0 76 52 0 76 42 0 76 44 0 15006 1210000 18150 865566 998750 863270
 6113.783822 30048 1100 1100 1100 1100 76 46 0 76 52 0 76 42 0 76 44 0 14762 1210000 16940 867484 998750 865266
 6113.983823 30049 1100 1100 1100 1100 76 46 0 76 52 0 76 42 0 76 44 0 14762 1210000 16940 867484 998750 865266
 6114.183823 30050 1100 1100 1100 1100 76 46 0 76 52 0 76 42 0 76 44 0 15006 1210000 18150 869128 998750 867262
 6114.383823 30051 1100 1100 1100 1100 76 46 0 76 52 0 76 42 0 76 44 0 15006 1210000 18150 870498 998750 868260
 6114.583822 30052 1100 1100 1100 1100 76 46 0 76 52 0 76 42 0 76 44 0 15006 1208750 18120 868580 998750 866264
 6114.783879 30053 1100 1100 1100 1100 76 46 0 76 52 0 76 42 0 76 44 0 15006 1208750 18120 868580 998750 866264
 6114.983819 30054 1100 1100 1100 1100 76 46 0 76 52 0 76 42 0 76 44 0 15250 1210000 18150 866388 998750 864268
 6115.183822 30055 1100 1100 1100 1100 76 46 0 76 52 0 76 42 0 76 44 0 15006 1210000 18150 902830 998750 900196
 6115.383822 30056 1100 1100 1100 1100 76 46 0 76 52 0 76 42 0 76 44 0 15006 1210000 18150 864470 998750 862272
 6115.583822 30057 1100 1100 1100 1100 76 46 0 76 52 0 76 42 0 76 44 0 15006 1210000 18150 864470 998750 862272
 6115.783821 30058 1100 1100 1100 1100 76 46 0 76 52 0 76 42 0 76 44 0 15006 1210000 18150 867758 998750 865266
 6115.983823 30059 1100 1100 1100 1100 76 46 0 76 52 0 76 42 0 76 44 0 15250 1210000 18150 868854 998750 866264
 6116.183822 30060 1100 1100 1100 1100 76 46 0 76 52 0 76 42 0 76 44 0 15006 1210000 18150 869128 998750 867262
 6116.383825 30061 1100 1100 1100 1100 76 46 0 76 52 0 76 42 0 76 44 0 15006 1210000 18150 869128 998750 867262
 6116.583822 30062 1100 1100 1100 1100 76 46 0 76 52 0 76 42 0 76 44 0 15006 1210000 18150 870224 998750 868260
 6116.783823 30063 1100 1100 1100 1100 76 46 0 76 52 0 76 42 0 76 44 0 15250 1210000 18150 866936 998750 864268
 6116.983818 30064 1100 1100 1100 1100 76 46 0 76 52 0 76 42 0 76 44 0 15006 1210000 18150 865840 998750 863270
 6117.183800 30065 1100 1100 1100 1100 76 46 0 76 52 0 76 42 0 76 44 0 15006 1210000 18150 865840 998750 863270
 6117.383822 30066 1100 1100 1100 1100 76 46 0 76 52 0 76 42 0 76 44 0 15006 1210000 18150 866662 998750 864268
 6117.583822 30067 1100 1100 1100 1100 76 46 0 76 52 0 76 42 0 76 44 0 15250 1208750 18120 869128 998750 867262
 6117.783822 30068 1100 1100 1100 1100 76 46 0 76 52 0 76 42 0 76 44 0 15250 1210000 18150 868580 998750 866264
 6117.983801 30069 1100 1100 1100 1100 76 46 0 76 52 0 76 42 0 76 44 0 15006 1208750 18120 868580 998750 866264
 6118.183822 30070 1100 1100 1100 1100 76 46 0 76 52 0 76 42 0 76 44 0 15006 1208750 18120 868580 998750 866264
 6118.383818 30071 1100 1100 1100 1100 76 46 0 76 52 0 76 42 0 76 44 0 15006 1210000 18150 869128 998750 867262
 6118.583822 30072 1100 1100 1100 1100 76 46 0 76 52 0 76 42 0 76 44 0 15250 1210000 18150 865840 998750 863270
 6118.783824 30073 1100 1100 1100 1100 76 46 0 76 52 0 76 42 0 76 44 0 15250 1210000 18150 869128 998750 867262
 6118.983823 30074 1100 1100 1100 1100 76 46 0 76 52 0 76 42 0 76 44 0 15250 1210000 18150 869128 998750 867262
 6119.183822 30075 1100 1100 1100 1100 76 46 0 76 52 0 76 42 0 76 44 0 15006 1210000 18150 868032 998750 866264
 6119.383825 30076 1100 1100 1100 1100 76 46 0 76 52 0 76 42 0 76 44 0 15006 1210000 18150 874334 998750 872252
 6119.583822 30077 1100 1100 1100 1100 76 46 0 76 52 0 76 42 0 76 44 0 15250 1210000 18150 871594 998750 869258
 6119.783822 30078 1100 1100 1100 1100 76 46 0 76 52 0 76 42 0 76 44 0 15250 1210000 18150 871594 998750 869258
 6119.983822 30079 1100 1100 1100 1100 76 46 0 76 52 0 76 42 0 76 44 0 15250 1210000 18150 871320 998750 869258
 6120.183823 30080 1100 1100 1100 1100 76 46 0 76 52 0 76 42 0 76 44 0 15006 1210000 18150 871594 998750 869258
 6120.383823 30081 1100 1100 1100 1100 76 46 0 76 52 0 76 42 0 76 44 0 15250 1210000 18150 871046 998750 869258
 6120.583823 30082 1100 1100 1100 1100 76 46 0 76 52 0 76 42 0 76 44 0 15250 1210000 18150 871046 998750 869258
 6120.783818 30083 1100 1100 1100 1100 76 46 0 76 52 0 76 42 0 76 44 0 15006 1210000 18150 868580 998750 866264
 6120.983823 30084 1100 1100 1100 1100 76 46 0 76 52 0 76 42 0 76 44 0 15006 1210000 18150 867484 998750 865266
 6121.183823 30085 1100 1100 1100 1100 76 46 0 76 52 0 76 42 0 76 44 0 15250 1210000 18150 868306 998750 866264
 6121.383822 30086 1100 1100 1100 1100 76 46 0 76 52 0 76 42 0 76 44 0 15250 1210000 18150 868306 998750 866264
 6121.583822 30087 1100 1100 1100 1100 76 46 0 76 52 0 76 42 0 76 44 0 15250 1210000 18150 868854 998750 866264
 6121.783823 30088 1100 1100 1100 1100 76 46 0 76 52 0 76 42 0 76 44 0 14762 1210000 16940 867484 998750 865266
 6121.983823 30089 1100 1100 1100 1100 76 46 0 76 52 0 76 42 0 76 44 0 15250 1210000 18150 866662 998750 864268
 6122.183822 30090 1100 1100 1100 1100 76 46 0 76 52 0 76 42 0 76 44 0 15250 1210000 18150 866662 998750 864268
 6122.383826 30091 1100 1100 1100 1100 76 46 0 76 52 0 76 42 0 76 44 0 15250 1210000 18150 863922 998750 861274
 6122.583823 30092 1100 1100 1100 1100 76 46 0 76 52 0 76 42 0 76 44 0 15250 1208750 18120 863648 998750 861274
 6122.783823 30093 1100 1100 1100 1100 76 46 0 76 52 0 76 42 0 76 44 0 15250 1210000 18150 867758 998750 865266
 6122.983823 30094 1100 1100 1100 1100 76 46 0 76 52 0 76 42 0 76 44 0 15250 1210000 18150 867758 998750 865266
 6123.183818 30095 1100 1100 1100 1100 76 46 0 76 52 0 76 42 0 76 44 0 15006 1210000 18150 867758 998750 865266
 6123.383823 30096 1100 1100 1100 1100 76 46 0 76 52 0 76 42 0 76 44 0 15006 1210000 18150 868032 998750 866264
 6123.583822 30097 1100 1100 1100 1100 76 46 0 76 52 0 76 42 0 76 44 0 15250 1210000 18150 868032 998750 866264
 6123.783805 30098 1100 1100 1100 1100 76 46 0 76 52 0 76 42 0 76 44 0 15250 1210000 18150 868032 998750 866264
 6123.983823 30099 1100 1100 1100 1100 76 46 0 76 52 0 76 42 0 76 44 0 15250 1210000 18150 867758 998750 865266
 6124.183822 30100 1100 1100 1100 1100 77 46 0 77 52 0 77 42 0 77 44 0 15250 1210000 18150 868032 998750 866264
 6124.383822 30101 1100 1100 1100 1100 77 46 0 77 52 0 77 42 0 77 44 0 15006 1210000 18150 865018 998750 863270
 6124.583822 30102 1100 1100 1100 1100 77 46 0 77 52 0 77 42 0 77 44 0 15250 1210000 18150 865840 998750 863270
 6124.783822 30103 1100 1100 1100 1100 77 46 0 77 52 0 77 42 0 77 44 0 15250 1210000 18150 865840 998750 863270
 6124.983823 30104 1100 1100 1100 1100 77 46 0 77 52 0 77 42 0 77 44 0 15006 1210000 18150 865840 998750 863270
 6125.183822 30105 1100 1100 1100 1100 76 46 0 76 52 0 76 42 0 76 44 0 15006 1210000 18150 868580 998750 866264
 6125.383820 30106 1100 1100 1100 1100 76 46 0 76 52 0 76 42 0 76 44 0 15006 1210000 18150 869128 998750 867262
 6125.583818 30107 1100 1100 1100 1100 76 46 0 76 52 0 76 42 0 76 44 0 15006 1210000 18150 869128 998750 867262
 6125.783819 30108 1100 1100 1100 1100 76 46 0 76 52 0 76 42 0 76 44 0 15006 1210000 18150 874608 998750 872252
 6125.983816 30109 1100 1100 1100 1100 76 46 0 76 52 0 76 42 0 76 44 0 15006 1210000 18150 621432 997500 619137
 6126.183816 30110 1100 1100 1100 1100 76 46 0 76 52 0 76 42 0 76 44 0 15006 1210000 18150 54526 995000 53730
 6126.383816 30111 1100 1100 1100 1100 76 46 0 76 52 0 76 42 0 76 44 0 15006 1210000 18150 54526 995000 53730
 6126.583816 30112 1100 1100 1100 1100 76 46 0 76 52 0 76 42 0 76 44 0 14762 1210000 16940 53430 995000 52735
 6126.783816 30113 1100 1100 1100 1100 76 46 0 76 52 0 76 42 0 76 44 0 15250 1210000 18150 53430 995000 52735
 6126.983816 30114 1100 1100 1100 1100 76 46 0 76 52 0 76 42 0 76 44 0 15006 1210000 18150 55074 995000 54725
 6127.183816 30115 1100 1100 1100 1100 75 46 0 75 52 0 75 42 0 75 44 0 15006 1210000 18150 55074 995000 54725
 6127.383816 30116 1100 1100 1100 1100 75 46 0 75 52 0 75 42 0 75 44 0 15006 1210000 18150 57266 995000 56715
 6127.583812 30117 1100 1100 1100 1100 75 46 0 75 52 0 75 42 0 75 44 0 15006 1210000 18150 56170 995000 55720
 6127.783812 30118 1100 1100 1100 1100 75 46 0 75 52 0 75 42 0 75 44 0 14762 1210000 16940 66308 995000 65670
 6127.983812 30119 1100 1100 1100 1100 75 46 0 75 52 0 75 42 0 75 44 0 14762 1210000 16940 66308 995000 65670
 6128.183816 30120 1100 1100 1100 1100 74 46 0 74 52 0 74 42 0 74 44 0 15006 1210000 18150 52334 995000 51740
