 8630.699920 41008 800 800 800 800 72 46 0 72 52 0 72 42 0 72 44 0 14518 1210000 16940 38086 907500 34466
 8630.899921 41009 800 800 800 800 72 46 0 72 52 0 72 42 0 72 44 0 14518 1210000 16940 38086 907500 34466
 8631.100002 41010 800 800 800 800 72 46 0 72 52 0 72 42 0 72 44 0 14518 1210000 16940 39456 907500 35373
 8631.299963 41011 800 800 800 800 72 46 0 72 52 0 72 42 0 72 44 0 14518 1210000 16940 37264 907500 33559
 8631.499939 41012 800 800 800 800 72 46 0 72 52 0 72 42 0 72 44 0 14274 1210000 16940 177826 908750 160716
 8631.699940 41013 800 800 800 800 72 46 0 72 52 0 72 42 0 72 44 0 14274 1210000 16940 177826 908750 160716
 8631.899938 41014 800 800 800 800 72 46 0 72 52 0 72 42 0 72 44 0 14518 1210000 16940 47128 907500 42629
 8632.099954 41015 800 800 800 800 72 46 0 72 52 0 72 42 0 72 44 0 14274 1210000 16940 35620 907500 31745
 8632.299907 41016 800 800 800 800 72 46 0 72 52 0 72 42 0 72 44 0 14274 1210000 16940 236736 907500 214052
 8632.499969 41017 800 800 800 800 72 46 0 72 52 0 72 42 0 72 44 0 14274 1210000 16940 236736 907500 214052
 8632.699973 41018 800 800 800 800 72 46 0 72 52 0 72 42 0 72 44 0 14518 1210000 16940 508818 908750 461264
 8632.899927 41019 800 800 800 800 72 46 0 72 52 0 72 42 0 72 44 0 14274 1210000 16940 495666 907500 448965
 8633.104950 41020 800 800 800 800 73 46 0 73 52 0 73 42 0 73 44 0 14274 1210000 16940 478404 907500 433546
 8633.304995 41021 800 800 800 800 73 46 0 73 52 0 73 42 0 73 44 0 14274 1210000 16940 478404 907500 433546
 8633.504946 41022 800 800 800 800 73 46 0 73 52 0 73 42 0 73 44 0 14762 1210000 16940 505256 907500 458035
 8633.704943 41023 800 800 800 800 73 46 0 73 52 0 73 42 0 73 44 0 14274 1210000 16940 569920 908750 516652
 8633.904944 41024 800 800 800 800 73 46 0 73 52 0 73 42 0 73 44 0 14274 1210000 16940 570194 908750 517560
 8634.104946 41025 800 800 800 800 72 46 0 72 52 0 72 42 0 72 44 0 14274 1210000 16940 570194 908750 517560
 8634.304944 41026 800 800 800 800 72 46 0 72 52 0 72 42 0 72 44 0 14274 1210000 16940 570468 908750 517560
 8634.504943 41027 800 800 800 800 73 46 0 73 52 0 73 42 0 73 44 0 14274 1210000 16940 570742 908750 517560
 8634.704936 41028 800 800 800 800 73 46 0 73 52 0 73 42 0 73 44 0 14274 1210000 16940 569920 908750 516652
 8634.904943 41029 800 800 800 800 73 46 0 73 52 0 73 42 0 73 44 0 14518 1210000 16940 569920 908750 516652
 8635.104960 41030 800 800 800 800 73 46 0 73 52 0 73 42 0 73 44 0 14518 1210000 16940 569920 908750 516652
 8635.304943 41031 800 800 800 800 73 46 0 73 52 0 73 42 0 73 44 0 14518 1210000 16940 570742 908750 517560
 8635.504943 41032 800 800 800 800 73 46 0 73 52 0 73 42 0 73 44 0 14274 1210000 16940 569372 908750 516652
 8635.704945 41033 800 800 800 800 73 46 0 73 52 0 73 42 0 73 44 0 14518 1210000 16940 569098 908750 516652
 8635.904943 41034 800 800 800 800 73 46 0 73 52 0 73 42 0 73 44 0 14518 1210000 16940 569098 908750 516652
 8636.104936 41035 800 800 800 800 73 46 0 73 52 0 73 42 0 73 44 0 14274 1210000 16940 569098 908750 516652
 8636.304947 41036 800 800 800 800 73 46 0 73 52 0 73 42 0 73 44 0 14274 1210000 16940 571838 908750 518468
 8636.504943 41037 800 800 800 800 73 46 0 73 52 0 73 42 0 73 44 0 14518 1210000 16940 571838 908750 518468
 8636.704944 41038 800 800 800 800 73 46 0 73 52 0 73 42 0 73 44 0 14518 1210000 16940 571838 908750 518468
 8636.904936 41039 800 800 800 800 73 46 0 73 52 0 73 42 0 73 44 0 14518 1210000 16940 569920 908750 516652
 8637.104936 41040 800 800 800 800 73 46 0 73 52 0 73 42 0 73 44 0 14274 1210000 16940 569098 908750 516652
 8637.304943 41041 800 800 800 800 73 46 0 73 52 0 73 42 0 73 44 0 14518 1210000 16940 569646 908750 516652
 8637.504943 41042 800 800 800 800 73 46 0 73 52 0 73 42 0 73 44 0 14518 1210000 16940 569646 908750 516652
 8637.704943 41043 800 800 800 800 73 46 0 73 52 0 73 42 0 73 44 0 14518 1210000 16940 568276 908750 515744
 8637.904944 41044 800 800 800 800 73 46 0 73 52 0 73 42 0 73 44 0 14518 1210000 16940 568824 908750 515744
 8638.104960 41045 800 800 800 800 73 46 0 73 52 0 73 42 0 73 44 0 14518 1210000 16940 571290 908750 518468
 8638.304943 41046 800 800 800 800 73 46 0 73 52 0 73 42 0 73 44 0 14518 1210000 16940 571290 908750 518468
 8638.504943 41047 800 800 800 800 73 46 0 73 52 0 73 42 0 73 44 0 14274 1210000 16940 570194 908750 517560
 8638.704943 41048 800 800 800 800 73 46 0 73 52 0 73 42 0 73 44 0 14274 1210000 16940 569920 908750 516652
 8638.904943 41049 800 800 800 800 73 46 0 73 52 0 73 42 0 73 44 0 14518 1210000 16940 569920 908750 516652
 8639.104962 41050 800 800 800 800 73 46 0 73 52 0 73 42 0 73 44 0 14518 1210000 16940 569920 908750 516652
 8639.304946 41051 800 800 800 800 73 46 0 73 52 0 73 42 0 73 44 0 14518 1210000 16940 568550 908750 515744
 8639.504937 41052 800 800 800 800 73 46 0 73 52 0 73 42 0 73 44 0 14518 1210000 16940 578140 908750 524824
 8639.704945 41053 800 800 800 800 73 46 0 73 52 0 73 42 0 73 44 0 14518 1210000 16940 570194 908750 517560
 8639.904946 41054 800 800 800 800 73 46 0 73 52 0 73 42 0 73 44 0 14518 1210000 16940 570194 908750 517560
 8640.104936 41055 800 800 800 800 73 46 0 73 52 0 73 42 0 73 44 0 14518 1210000 16940 572934 908750 519376
 8640.304943 41056 800 800 800 800 73 46 0 73 52 0 73 42 0 73 44 0 14518 1210000 16940 571564 908750 518468
 8640.504943 41057 800 800 800 800 73 46 0 73 52 0 73 42 0 73 44 0 14518 1208750 16912 572386 908750 519376
 8640.704868 41058 800 800 800 800 73 46 0 73 52 0 73 42 0 73 44 0 14274 1210000 16940 571838 908750 518468
 8640.904943 41059 800 800 800 800 73 46 0 73 52 0 73 42 0 73 44 0 14274 1210000 16940 571838 908750 518468
 8641.104960 41060 800 800 800 800 73 46 0 73 52 0 73 42 0 73 44 0 14274 1210000 16940 569920 908750 516652
 8641.304943 41061 800 800 800 800 73 46 0 73 52 0 73 42 0 73 44 0 14274 1210000 16940 570194 908750 517560
 8641.504943 41062 800 800 800 800 73 46 0 73 52 0 73 42 0 73 44 0 14518 1210000 16940 570742 908750 517560
 8641.704946 41063 800 800 800 800 73 46 0 73 52 0 73 42 0 73 44 0 14518 1210000 16940 570742 908750 517560
 8641.904938 41064 800 800 800 800 73 46 0 73 52 0 73 42 0 73 44 0 14518 1210000 16940 571290 908750 518468
 8642.104960 41065 800 800 800 800 73 46 0 73 52 0 73 42 0 73 44 0 14274 1210000 16940 572386 908750 519376
 8642.304947 41066 800 800 800 800 73 46 0 73 52 0 73 42 0 73 44 0 14518 1210000 16940 572112 908750 519376
 8642.504944 41067 800 800 800 800 73 46 0 73 52 0 73 42 0 73 44 0 14518 1210000 16940 572112 908750 519376
 8642.704945 41068 800 800 800 800 73 46 0 73 52 0 73 42 0 73 44 0 14518 1210000 16940 572660 908750 519376
 8642.904944 41069 800 800 800 800 73 46 0 73 52 0 73 42 0 73 44 0 14518 1210000 16940 570194 908750 517560
 8643.104961 41070 800 800 800 800 73 46 0 73 52 0 73 42 0 73 44 0 14274 1210000 16940 571564 908750 518468
 8643.304943 41071 800 800 800 800 73 46 0 73 52 0 73 42 0 73 44 0 14274 1210000 16940 571564 908750 518468
 8643.504944 41072 800 800 800 800 73 46 0 73 52 0 73 42 0 73 44 0 14518 1210000 16940 571290 908750 518468
 8643.704943 41073 800 800 800 800 73 46 0 73 52 0 73 42 0 73 44 0 14518 1210000 16940 571016 908750 518468
 8643.904943 41074 800 800 800 800 73 46 0 73 52 0 73 42 0 73 44 0 14518 1210000 16940 572934 908750 519376
 8644.104936 41075 800 800 800 800 73 46 0 73 52 0 73 42 0 73 44 0 14518 1210000 16940 572934 908750 519376
 8644.304937 41076 800 800 800 800 73 46 0 73 52 0 73 42 0 73 44 0 14518 1210000 16940 573208 908750 520284
 8644.504943 41077 800 800 800 800 73 46 0 73 52 0 73 42 0 73 44 0 14762 1210000 16940 572934 908750 519376
 8644.704943 41078 800 800 800 800 73 46 0 73 52 0 73 42 0 73 44 0 14518 1210000 16940 570194 908750 517560
 8644.904944 41079 800 800 800 800 73 46 0 73 52 0 73 42 0 73 44 0 14518 1210000 16940 570194 908750 517560
 8645.104959 41080 800 800 800 800 73 46 0 73 52 0 73 42 0 73 44 0 14518 1208750 16912 569646 908750 516652
 8645.304947 41081 800 800 800 800 73 46 0 73 52 0 73 42 0 73 44 0 14518 1210000 16940 570742 908750 517560
 8645.504944 41082 800 800 800 800 73 46 0 73 52 0 73 42 0 73 44 0 14274 1210000 16940 569646 908750 516652
 8645.704945 41083 800 800 800 800 73 46 0 73 52 0 73 42 0 73 44 0 14274 1210000 16940 569646 908750 516652
 8645.904944 41084 800 800 800 800 73 46 0 73 52 0 73 42 0 73 44 0 14518 1210000 16940 571838 908750 518468
 8646.104961 41085 800 800 800 800 73 46 0 73 52 0 73 42 0 73 44 0 14518 1208750 16912 572660 908750 519376
 8646.304945 41086 800 800 800 800 73 46 0 73 52 0 73 42 0 73 44 0 14518 1208750 16912 571564 908750 518468
 8646.504926 41087 800 800 800 800 73 46 0 73 52 0 73 42 0 73 44 0 14518 1208750 16912 571564 908750 518468
 8646.704937 41088 800 800 800 800 73 46 0 73 52 0 73 42 0 73 44 0 14518 1210000 16940 570194 908750 517560
 8646.904944 41089 800 800 800 800 73 46 0 73 52 0 73 42 0 73 44 0 14274 1210000 16940 569372 908750 516652
 8647.104961 41090 800 800 800 800 73 46 0 73 52 0 73 42 0 73 44 0 14518 1210000 16940 568550 908750 515744
 8647.304919 41091 800 800 800 800 73 46 0 73 52 0 73 42 0 73 44 0 14274 1210000 16940 568276 908750 515744
 8647.504944 41092 800 800 800 800 73 46 0 73 52 0 73 42 0 73 44 0 14274 1210000 16940 568276 908750 515744
 8647.704944 41093 800 800 800 800 73 46 0 73 52 0 73 42 0 73 44 0 14518 1210000 16940 570194 908750 517560
 8647.904943 41094 800 800 800 800 73 46 0 73 52 0 73 42 0 73 44 0 14518 1210000 16940 571016 908750 518468
 8648.104937 41095 800 800 800 800 73 46 0 73 52 0 73 42 0 73 44 0 14274 1210000 16940 570194 908750 517560
 8648.304947 41096 800 800 800 800 73 46 0 73 52 0 73 42 0 73 44 0 14274 1210000 16940 570194 908750 517560
 8648.504944 41097 800 800 800 800 73 46 0 73 52 0 73 42 0 73 44 0 14518 1210000 16940 571016 908750 518468
 8648.704944 41098 800 800 800 800 73 46 0 73 52 0 73 42 0 73 44 0 14518 1210000 16940 568276 908750 515744
 8648.904936 41099 800 800 800 800 73 46 0 73 52 0 73 42 0 73 44 0 14518 1210000 16940 568002 908750 515744
 8649.104962 41100 800 800 800 800 73 46 0 73 52 0 73 42 0 73 44 0 14518 1210000 16940 568002 908750 515744
 8649.304944 41101 800 800 800 800 73 46 0 73 52 0 73 42 0 73 44 0 14518 1210000 16940 568550 908750 515744
 8649.504945 41102 800 800 800 800 73 46 0 73 52 0 73 42 0 73 44 0 14518 1210000 16940 570468 908750 517560
 8649.704943 41103 800 800 800 800 73 46 0 73 52 0 73 42 0 73 44 0 14518 1210000 16940 571016 908750 518468
 8649.904944 41104 800 800 800 800 73 46 0 73 52 0 73 42 0 73 44 0 14518 1210000 16940 571016 908750 518468
 8650.104961 41105 800 800 800 800 73 46 0 73 52 0 73 42 0 73 44 0 14518 1210000 16940 570742 908750 517560
 8650.304944 41106 800 800 800 800 73 46 0 73 52 0 73 42 0 73 44 0 14518 1210000 16940 570194 908750 517560
 8650.504944 41107 800 800 800 800 73 46 0 73 52 0 73 42 0 73 44 0 14518 1210000 16940 570194 908750 517560
 8650.704943 41108 800 800 800 800 73 46 0 73 52 0 73 42 0 73 44 0 14518 1210000 16940 570194 908750 517560
 8650.904945 41109 800 800 800 800 73 46 0 73 52 0 73 42 0 73 44 0 14274 1210000 16940 570194 908750 517560
 8651.104960 41110 800 800 800 800 73 46 0 73 52 0 73 42 0 73 44 0 14274 1208750 16912 569920 908750 516652
 8651.304939 41111 800 800 800 800 73 46 0 73 52 0 73 42 0 73 44 0 14762 1210000 16940 572112 908750 519376
 8651.504943 41112 800 800 800 800 73 46 0 73 52 0 73 42 0 73 44 0 14762 1210000 16940 572112 908750 519376
 8651.704944 41113 800 800 800 800 73 46 0 73 52 0 73 42 0 73 44 0 14518 1210000 16940 572934 908750 519376
 8651.904943 41114 800 800 800 800 73 46 0 73 52 0 73 42 0 73 44 0 14518 1208750 16912 573482 908750 520284
 8652.104936 41115 800 800 800 800 73 46 0 73 52 0 73 42 0 73 44 0 14518 1210000 16940 574030 908750 521192
 8652.304943 41116 800 800 800 800 73 46 0 73 52 0 73 42 0 73 44 0 14518 1210000 16940 574030 908750 521192
 8652.504944 41117 800 800 800 800 73 46 0 73 52 0 73 42 0 73 44 0 14518 1210000 16940 571838 908750 518468
 8652.704943 41118 800 800 800 800 73 46 0 73 52 0 73 42 0 73 44 0 14518 1208750 16912 570468 908750 517560
 8652.904943 41119 800 800 800 800 73 46 0 73 52 0 73 42 0 73 44 0 14762 1210000 16940 571564 908750 518468
 8653.104943 41120 800 800 800 800 73 46 0 73 52 0 73 42 0 73 44 0 14762 1210000 16940 571564 908750 518468
 8653.304944 41121 800 800 800 800 73 46 0 73 52 0 73 42 0 73 44 0 14518 1208750 16912 572934 908750 519376
 8653.504943 41122 800 800 800 800 73 46 0 73 52 0 73 42 0 73 44 0 14518 1210000 16940 572112 908750 519376
 8653.704939 41123 800 800 800 800 73 46 0 73 52 0 73 42 0 73 44 0 14762 1208750 16912 572934 908750 519376
 8653.904943 41124 800 800 800 800 73 46 0 73 52 0 73 42 0 73 44 0 14274 1210000 16940 572112 908750 519376
 8654.104960 41125 800 800 800 800 73 46 0 73 52 0 73 42 0 73 44 0 14274 1210000 16940 572112 908750 519376
 8654.304946 41126 800 800 800 800 73 46 0 73 52 0 73 42 0 73 44 0 14518 1208750 16912 569920 908750 516652
 8654.504943 41127 800 800 800 800 73 46 0 73 52 0 73 42 0 73 44 0 14518 1210000 16940 570194 908750 517560
 8654.704944 41128 800 800 800 800 73 46 0 73 52 0 73 42 0 73 44 0 14518 1210000 16940 569372 908750 516652
 8654.904943 41129 800 800 800 800 73 46 0 73 52 0 73 42 0 73 44 0 14518 1210000 16940 569372 908750 516652
 8655.104962 41130 800 800 800 800 73 46 0 73 52 0 73 42 0 73 44 0 14518 1210000 16940 569920 908750 516652
 8655.304944 41131 800 800 800 800 73 46 0 73 52 0 73 42 0 73 44 0 14762 1208750 16912 571290 908750 518468
 8655.504942 41132 800 800 800 800 73 46 0 73 52 0 73 42 0 73 44 0 14518 1208750 16912 570194 908750 517560
 8655.704943 41133 800 800 800 800 73 46 0 73 52 0 73 42 0 73 44 0 14518 1208750 16912 570194 908750 517560
 8655.904945 41134 800 800 800 800 73 46 0 73 52 0 73 42 0 73 44 0 14274 1210000 16940 570194 908750 517560
 8656.104913 41135 800 800 800 800 73 46 0 73 52 0 73 42 0 73 44 0 14762 1208750 16912 568550 908750 515744
 8656.304944 41136 800 800 800 800 73 46 0 73 52 0 73 42 0 73 44 0 14518 1210000 16940 570194 908750 517560
 8656.504943 41137 800 800 800 800 73 46 0 73 52 0 73 42 0 73 44 0 14518 1210000 16940 570194 908750 517560
 8656.704944 41138 800 800 800 800 73 46 0 73 52 0 73 42 0 73 44 0 14518 1208750 16912 568550 908750 515744
 8656.904944 41139 800 800 800 800 73 46 0 73 52 0 73 42 0 73 44 0 14518 1208750 16912 568824 908750 515744
 8657.104960 41140 800 800 800 800 73 46 0 73 52 0 73 42 0 73 44 0 14518 1208750 16912 570194 908750 517560
 8657.304947 41141 800 800 800 800 73 46 0 73 52 0 73 42 0 73 44 0 14518 1208750 16912 570194 908750 517560
 8657.504943 41142 800 800 800 800 73 46 0 73 52 0 73 42 0 73 44 0 14518 1208750 16912 570742 908750 517560
 8657.704943 41143 800 800 800 800 73 46 0 73 52 0 73 42 0 73 44 0 14274 1208750 16912 570742 908750 517560
 8657.904943 41144 800 800 800 800 73 46 0 73 52 0 73 42 0 73 44 0 14518 1210000 16940 570194 908750 517560
 8658.104961 41145 800 800 800 800 73 46 0 73 52 0 73 42 0 73 44 0 14518 1210000 16940 570194 908750 517560
 8658.304944 41146 800 800 800 800 73 46 0 73 52 0 73 42 0 73 44 0 14518 1208750 16912 569098 908750 516652
 8658.504936 41147 800 800 800 800 73 46 0 73 52 0 73 42 0 73 44 0 14518 1208750 16912 569920 908750 516652
 8658.704943 41148 800 800 800 800 73 46 0 73 52 0 73 42 0 73 44 0 14762 1208750 16912 570468 908750 517560
 8658.904943 41149 800 800 800 800 73 46 0 73 52 0 73 42 0 73 44 0 14762 1208750 16912 570468 908750 517560
 8659.104959 41150 800 800 800 800 73 46 0 73 52 0 73 42 0 73 44 0 14762 1210000 16940 572386 908750 519376
 8659.304944 41151 800 800 800 800 73 46 0 73 52 0 73 42 0 73 44 0 14274 1210000 16940 571838 908750 518468
 8659.504944 41152 800 800 800 800 73 46 0 73 52 0 73 42 0 73 44 0 14518 1208750 16912 572386 908750 519376
 8659.704867 41153 800 800 800 800 73 46 0 73 52 0 73 42 0 73 44 0 14518 1210000 16940 572386 908750 519376
 8659.904944 41154 800 800 800 800 73 46 0 73 52 0 73 42 0 73 44 0 14518 1210000 16940 572386 908750 519376
 8660.104935 41155 800 800 800 800 73 46 0 73 52 0 73 42 0 73 44 0 14518 1210000 16940 571290 908750 518468
 8660.304946 41156 800 800 800 800 73 46 0 73 52 0 73 42 0 73 44 0 14518 1210000 16940 571838 908750 518468
 8660.504942 41157 800 800 800 800 73 46 0 73 52 0 73 42 0 73 44 0 14762 1208750 16912 570194 908750 517560
 8660.704943 41158 800 800 800 800 73 46 0 73 52 0 73 42 0 73 44 0 14762 1208750 16912 570194 908750 517560
 8660.904937 41159 800 800 800 800 73 46 0 73 52 0 73 42 0 73 44 0 14762 1208750 16912 573482 908750 520284
 8661.104960 41160 800 800 800 800 73 46 0 73 52 0 73 42 0 73 44 0 14518 1208750 16912 573208 908750 520284
 8661.304944 41161 800 800 800 800 73 46 0 73 52 0 73 42 0 73 44 0 14762 1210000 16940 571838 908750 518468
 8661.504943 41162 800 800 800 800 73 46 0 73 52 0 73 42 0 73 44 0 14762 1210000 16940 571838 908750 518468
 8661.704943 41163 800 800 800 800 73 46 0 73 52 0 73 42 0 73 44 0 14518 1208750 16912 572934 908750 519376
 8661.904936 41164 800 800 800 800 73 46 0 73 52 0 73 42 0 73 44 0 14518 1208750 16912 570194 908750 517560
 8662.104960 41165 800 800 800 800 73 46 0 73 52 0 73 42 0 73 44 0 14274 1210000 16940 571016 908750 518468
 8662.304944 41166 800 800 800 800 73 46 0 73 52 0 73 42 0 73 44 0 14274 1210000 16940 571016 908750 518468
 8662.504944 41167 800 800 800 800 73 46 0 73 52 0 73 42 0 73 44 0 14518 1210000 16940 570742 908750 517560
 8662.704943 41168 800 800 800 800 73 46 0 73 52 0 73 42 0 73 44 0 14518 1208750 16912 571016 908750 518468
 8662.904943 41169 800 800 800 800 73 46 0 73 52 0 73 42 0 73 44 0 14274 1210000 16940 572112 908750 519376
 8663.104964 41170 800 800 800 800 73 46 0 73 52 0 73 42 0 73 44 0 14274 1210000 16940 572112 908750 519376
 8663.304939 41171 800 800 800 800 73 46 0 73 52 0 73 42 0 73 44 0 14274 1210000 16940 574852 908750 521192
 8663.504943 41172 800 800 800 800 73 46 0 73 52 0 73 42 0 73 44 0 14274 1208750 16912 570742 908750 517560
 8663.704944 41173 800 800 800 800 73 46 0 73 52 0 73 42 0 73 44 0 14518 1208750 16912 569920 908750 516652
 8663.904943 41174 800 800 800 800 73 46 0 73 52 0 73 42 0 73 44 0 14518 1208750 16912 569920 908750 516652
 8664.104937 41175 800 800 800 800 73 46 0 73 52 0 73 42 0 73 44 0 14518 1210000 16940 571290 908750 518468
 8664.304943 41176 800 800 800 800 73 46 0 73 52 0 73 42 0 73 44 0 14518 1208750 16912 570194 908750 517560
 8664.504944 41177 800 800 800 800 73 46 0 73 52 0 73 42 0 73 44 0 14518 1210000 16940 569646 908750 516652
 8664.704943 41178 800 800 800 800 73 46 0 73 52 0 73 42 0 73 44 0 14518 1210000 16940 569646 908750 516652
 8664.904943 41179 800 800 800 800 73 46 0 73 52 0 73 42 0 73 44 0 14762 1208750 16912 600334 908750 544800
 8665.104962 41180 800 800 800 800 73 46 0 73 52 0 73 42 0 73 44 0 14518 1210000 16940 572386 908750 519376
 8665.304943 41181 800 800 800 800 73 46 0 73 52 0 73 42 0 73 44 0 14762 1208750 16912 572386 908750 519376
 8665.504925 41182 800 800 800 800 73 46 0 73 52 0 73 42 0 73 44 0 14762 1208750 16912 572386 908750 519376
 8665.704938 41183 800 800 800 800 73 46 0 73 52 0 73 42 0 73 44 0 14518 1210000 16940 571838 908750 518468
 8665.904944 41184 800 800 800 800 73 46 0 73 52 0 73 42 0 73 44 0 14518 1210000 16940 569920 908750 516652
 8666.104960 41185 800 800 800 800 73 46 0 73 52 0 73 42 0 73 44 0 14518 1210000 16940 569646 908750 516652
 8666.304921 41186 800 800 800 800 73 46 0 73 52 0 73 42 0 73 44 0 14518 1210000 16940 570468 908750 517560
 8666.504944 41187 800 800 800 800 73 46 0 73 52 0 73 42 0 73 44 0 14518 1210000 16940 570468 908750 517560
 8666.704945 41188 800 800 800 800 73 46 0 73 52 0 73 42 0 73 44 0 14518 1210000 16940 571564 908750 518468
 8666.904943 41189 800 800 800 800 73 46 0 73 52 0 73 42 0 73 44 0 14518 1210000 16940 569920 908750 516652
 8667.104961 41190 800 800 800 800 73 46 0 73 52 0 73 42 0 73 44 0 14518 1210000 16940 570194 908750 517560
 8667.304944 41191 800 800 800 800 73 46 0 73 52 0 73 42 0 73 44 0 14518 1210000 16940 570194 908750 517560
 8667.504943 41192 800 800 800 800 73 46 0 73 52 0 73 42 0 73 44 0 14518 1210000 16940 568824 908750 515744
 8667.704944 41193 800 800 800 800 73 46 0 73 52 0 73 42 0 73 44 0 14518 1210000 16940 568276 908750 515744
 8667.904935 41194 800 800 800 800 73 46 0 73 52 0 73 42 0 73 44 0 14518 1210000 16940 568276 908750 515744
 8668.104935 41195 800 800 800 800 73 46 0 73 52 0 73 42 0 73 44 0 14518 1210000 16940 568276 908750 515744
 8668.304943 41196 800 800 800 800 73 46 0 73 52 0 73 42 0 73 44 0 14274 1210000 16940 568550 908750 515744
 8668.504944 41197 800 800 800 800 73 46 0 73 52 0 73 42 0 73 44 0 14274 1210000 16940 571016 908750 518468
 8668.704943 41198 800 800 800 800 73 46 0 73 52 0 73 42 0 73 44 0 14518 1210000 16940 571016 908750 518468
 8668.904945 41199 800 800 800 800 73 46 0 73 52 0 73 42 0 73 44 0 14518 1210000 16940 571016 908750 518468
 8669.104960 41200 800 800 800 800 73 46 0 73 52 0 73 42 0 73 44 0 14518 1210000 16940 571290 908750 518468
 8669.304947 41201 800 800 800 800 73 46 0 73 52 0 73 42 0 73 44 0 14518 1210000 16940 570742 908750 517560
 8669.504943 41202 800 800 800 800 73 46 0 73 52 0 73 42 0 73 44 0 14518 1210000 16940 576770 908750 523008
 8669.704944 41203 800 800 800 800 73 46 0 73 52 0 73 42 0 73 44 0 14518 1210000 16940 576770 908750 523008
 8669.904943 41204 800 800 800 800 73 46 0 73 52 0 73 42 0 73 44 0 14518 1210000 16940 570742 908750 517560
 8670.104962 41205 800 800 800 800 73 46 0 73 52 0 73 42 0 73 44 0 14518 1210000 16940 569646 908750 516652
 8670.304937 41206 800 800 800 800 73 46 0 73 52 0 73 42 0 73 44 0 14274 1210000 16940 572934 908750 519376
 8670.504942 41207 800 800 800 800 73 46 0 73 52 0 73 42 0 73 44 0 14274 1210000 16940 572934 908750 519376
 8670.704944 41208 800 800 800 800 73 46 0 73 52 0 73 42 0 73 44 0 14518 1210000 16940 572660 908750 519376
 8670.904943 41209 800 800 800 800 73 46 0 73 52 0 73 42 0 73 44 0 14274 1210000 16940 572386 908750 519376
 8671.104960 41210 800 800 800 800 73 46 0 73 52 0 73 42 0 73 44 0 14518 1210000 16940 572934 908750 519376
 8671.304945 41211 800 800 800 800 73 46 0 73 52 0 73 42 0 73 44 0 14518 1210000 16940 572934 908750 519376
 8671.504944 41212 800 800 800 800 73 46 0 73 52 0 73 42 0 73 44 0 14518 1210000 16940 571016 908750 518468
 8671.704944 41213 800 800 800 800 73 46 0 73 52 0 73 42 0 73 44 0 14274 1210000 16940 570742 908750 517560
 8671.904944 41214 800 800 800 800 73 46 0 73 52 0 73 42 0 73 44 0 14518 1210000 16940 570742 908750 517560
 8672.104935 41215 800 800 800 800 73 46 0 73 52 0 73 42 0 73 44 0 14518 1210000 16940 570742 908750 517560
 8672.304946 41216 800 800 800 800 73 46 0 73 52 0 73 42 0 73 44 0 14274 1210000 16940 573756 908750 520284
 8672.504945 41217 800 800 800 800 73 46 0 73 52 0 73 42 0 73 44 0 14518 1210000 16940 574030 908750 521192
 8672.704937 41218 800 800 800 800 73 46 0 73 52 0 73 42 0 73 44 0 14762 1210000 16940 572934 908750 519376
 8672.904944 41219 800 800 800 800 73 46 0 73 52 0 73 42 0 73 44 0 14518 1210000 16940 572934 908750 519376
 8673.104961 41220 800 800 800 800 73 46 0 73 52 0 73 42 0 73 44 0 14518 1210000 16940 572934 908750 519376
 8673.304945 41221 800 800 800 800 73 46 0 73 52 0 73 42 0 73 44 0 14518 1210000 16940 569646 908750 516652
 8673.504944 41222 800 800 800 800 73 46 0 73 52 0 73 42 0 73 44 0 14518 1210000 16940 570194 908750 517560
 8673.704944 41223 800 800 800 800 73 46 0 73 52 0 73 42 0 73 44 0 14518 1210000 16940 569372 908750 516652
 8673.904945 41224 800 800 800 800 73 46 0 73 52 0 73 42 0 73 44 0 14518 1210000 16940 569372 908750 516652
 8674.104961 41225 800 800 800 800 73 46 0 73 52 0 73 42 0 73 44 0 14274 1210000 16940 570194 908750 517560
 8674.304944 41226 800 800 800 800 73 46 0 73 52 0 73 42 0 73 44 0 14518 1210000 16940 571838 908750 518468
 8674.504944 41227 800 800 800 800 73 46 0 73 52 0 73 42 0 73 44 0 14518 1210000 16940 571564 908750 518468
 8674.704943 41228 800 800 800 800 73 46 0 73 52 0 73 42 0 73 44 0 14518 1210000 16940 571564 908750 518468
 8674.904943 41229 800 800 800 800 73 46 0 73 52 0 73 42 0 73 44 0 14518 1210000 16940 580058 908750 526640
 8675.104938 41230 800 800 800 800 73 46 0 73 52 0 73 42 0 73 44 0 14274 1210000 16940 569920 908750 516652
 8675.304945 41231 800 800 800 800 73 46 0 73 52 0 73 42 0 73 44 0 14274 1210000 16940 569098 908750 516652
 8675.504944 41232 800 800 800 800 73 46 0 73 52 0 73 42 0 73 44 0 14274 1210000 16940 569098 908750 516652
 8675.704944 41233 800 800 800 800 73 46 0 73 52 0 73 42 0 73 44 0 14274 1210000 16940 569646 908750 516652
 8675.904944 41234 800 800 800 800 73 46 0 73 52 0 73 42 0 73 44 0 14274 1210000 16940 569372 908750 516652
 8676.104937 41235 800 800 800 800 73 46 0 73 52 0 73 42 0 73 44 0 14274 1210000 16940 571838 908750 518468
 8676.304944 41236 800 800 800 800 73 46 0 73 52 0 73 42 0 73 44 0 14274 1210000 16940 571838 908750 518468
 8676.504943 41237 800 800 800 800 73 46 0 73 52 0 73 42 0 73 44 0 14518 1210000 16940 571838 908750 518468
 8676.704943 41238 800 800 800 800 73 46 0 73 52 0 73 42 0 73 44 0 14518 1210000 16940 570468 908750 517560
 8676.904943 41239 800 800 800 800 73 46 0 73 52 0 73 42 0 73 44 0 14274 1210000 16940 569646 908750 516652
 8677.104961 41240 800 800 800 800 73 46 0 73 52 0 73 42 0 73 44 0 14274 1210000 16940 569646 908750 516652
 8677.304943 41241 800 800 800 800 73 46 0 73 52 0 73 42 0 73 44 0 14274 1210000 16940 568824 908750 515744
 8677.504937 41242 800 800 800 800 73 46 0 73 52 0 73 42 0 73 44 0 14274 1210000 16940 569098 908750 516652
 8677.704945 41243 800 800 800 800 73 46 0 73 52 0 73 42 0 73 44 0 14518 1210000 16940 569098 908750 516652
 8677.904945 41244 800 800 800 800 73 46 0 73 52 0 73 42 0 73 44 0 14518 1210000 16940 569098 908750 516652
 8678.104961 41245 800 800 800 800 73 46 0 73 52 0 73 42 0 73 44 0 14518 1208750 16912 571290 908750 518468
 8678.304947 41246 800 800 800 800 73 46 0 73 52 0 73 42 0 73 44 0 14518 1210000 16940 572386 908750 519376
 8678.504937 41247 800 800 800 800 73 46 0 73 52 0 73 42 0 73 44 0 14274 1210000 16940 571838 908750 518468
 8678.704867 41248 800 800 800 800 73 46 0 73 52 0 73 42 0 73 44 0 14518 1210000 16940 570194 908750 517560
 8678.904943 41249 800 800 800 800 73 46 0 73 52 0 73 42 0 73 44 0 14518 1210000 16940 570194 908750 517560
 8679.104961 41250 800 800 800 800 73 46 0 73 52 0 73 42 0 73 44 0 14274 1210000 16940 571016 908750 518468
 8679.304944 41251 800 800 800 800 73 46 0 73 52 0 73 42 0 73 44 0 14518 1210000 16940 570194 908750 517560
 8679.504944 41252 800 800 800 800 73 46 0 73 52 0 73 42 0 73 44 0 14518 1210000 16940 569646 908750 516652
 8679.704943 41253 800 800 800 800 73 46 0 73 52 0 73 42 0 73 44 0 14518 1210000 16940 569646 908750 516652
 8679.904938 41254 800 800 800 800 73 46 0 73 52 0 73 42 0 73 44 0 14518 1210000 16940 572386 908750 519376
 8680.104937 41255 800 800 800 800 73 46 0 73 52 0 73 42 0 73 44 0 14518 1208750 16912 572660 908750 519376
 8680.304945 41256 800 800 800 800 73 46 0 73 52 0 73 42 0 73 44 0 14518 1210000 16940 572934 908750 519376
 8680.504943 41257 800 800 800 800 73 46 0 73 52 0 73 42 0 73 44 0 14518 1210000 16940 572934 908750 519376
 8680.704943 41258 800 800 800 800 73 46 0 73 52 0 73 42 0 73 44 0 14518 1210000 16940 572112 908750 519376
 8680.904936 41259 800 800 800 800 73 46 0 73 52 0 73 42 0 73 44 0 14518 1210000 16940 570468 908750 517560
 8681.104960 41260 800 800 800 800 73 46 0 73 52 0 73 42 0 73 44 0 14518 1210000 16940 571016 908750 518468
 8681.304946 41261 800 800 800 800 73 46 0 73 52 0 73 42 0 73 44 0 14518 1210000 16940 571016 908750 518468
 8681.504944 41262 800 800 800 800 73 46 0 73 52 0 73 42 0 73 44 0 14274 1210000 16940 571564 908750 518468
 8681.704944 41263 800 800 800 800 73 46 0 73 52 0 73 42 0 73 44 0 14518 1210000 16940 572934 908750 519376
 8681.904944 41264 800 800 800 800 73 46 0 73 52 0 73 42 0 73 44 0 14518 1210000 16940 572934 908750 519376
 8682.104962 41265 800 800 800 800 73 46 0 73 52 0 73 42 0 73 44 0 14518 1210000 16940 572934 908750 519376
 8682.304937 41266 800 800 800 800 73 46 0 73 52 0 73 42 0 73 44 0 14518 1210000 16940 572386 908750 519376
 8682.504944 41267 800 800 800 800 73 46 0 73 52 0 73 42 0 73 44 0 14518 1210000 16940 572386 908750 519376
 8682.704944 41268 800 800 800 800 73 46 0 73 52 0 73 42 0 73 44 0 14518 1210000 16940 570194 908750 517560
 8682.904944 41269 800 800 800 800 73 46 0 73 52 0 73 42 0 73 44 0 14518 1210000 16940 570194 908750 517560
 8683.104961 41270 800 800 800 800 73 46 0 73 52 0 73 42 0 73 44 0 14518 1210000 16940 569646 908750 516652
 8683.304937 41271 800 800 800 800 73 46 0 73 52 0 73 42 0 73 44 0 14518 1210000 16940 569372 908750 516652
 8683.504943 41272 800 800 800 800 73 46 0 73 52 0 73 42 0 73 44 0 14274 1210000 16940 570742 908750 517560
 8683.704944 41273 800 800 800 800 73 46 0 73 52 0 73 42 0 73 44 0 14274 1210000 16940 570742 908750 517560
 8683.904944 41274 800 800 800 800 73 46 0 73 52 0 73 42 0 73 44 0 14274 1210000 16940 571564 908750 518468
 8684.104936 41275 800 800 800 800 73 46 0 73 52 0 73 42 0 73 44 0 14518 1210000 16940 571016 908750 518468
 8684.304947 41276 800 800 800 800 73 46 0 73 52 0 73 42 0 73 44 0 14518 1210000 16940 572386 908750 519376
 8684.504926 41277 800 800 800 800 73 46 0 73 52 0 73 42 0 73 44 0 14518 1210000 16940 572386 908750 519376
 8684.704946 41278 800 800 800 800 73 46 0 73 52 0 73 42 0 73 44 0 14518 1210000 16940 568550 908750 515744
 8684.904944 41279 800 800 800 800 73 46 0 73 52 0 73 42 0 73 44 0 14274 1210000 16940 568550 908750 515744
 8685.104962 41280 800 800 800 800 73 46 0 73 52 0 73 42 0 73 44 0 14518 1210000 16940 567728 908750 514836
 8685.304918 41281 800 800 800 800 73 46 0 73 52 0 73 42 0 73 44 0 14518 1210000 16940 569372 908750 516652
 8685.504944 41282 800 800 800 800 73 46 0 73 52 0 73 42 0 73 44 0 14518 1210000 16940 569372 908750 516652
 8685.704937 41283 800 800 800 800 73 46 0 73 52 0 73 42 0 73 44 0 14518 1210000 16940 569920 908750 516652
 8685.904944 41284 800 800 800 800 73 46 0 73 52 0 73 42 0 73 44 0 14518 1210000 16940 570194 908750 517560
 8686.104961 41285 800 800 800 800 73 46 0 73 52 0 73 42 0 73 44 0 14518 1210000 16940 571290 908750 518468
 8686.304944 41286 800 800 800 800 73 46 0 73 52 0 73 42 0 73 44 0 14518 1210000 16940 571290 908750 518468
 8686.504945 41287 800 800 800 800 73 46 0 73 52 0 73 42 0 73 44 0 14518 1210000 16940 569098 908750 516652
 8686.704944 41288 800 800 800 800 73 46 0 73 52 0 73 42 0 73 44 0 14518 1210000 16940 569098 908750 516652
 8686.904937 41289 800 800 800 800 73 46 0 73 52 0 73 42 0 73 44 0 14518 1210000 16940 570194 908750 517560
 8687.104960 41290 800 800 800 800 73 46 0 73 52 0 73 42 0 73 44 0 14518 1210000 16940 570194 908750 517560
 8687.304947 41291 800 800 800 800 73 46 0 73 52 0 73 42 0 73 44 0 14274 1210000 16940 568276 908750 515744
 8687.504944 41292 800 800 800 800 73 46 0 73 52 0 73 42 0 73 44 0 14518 1210000 16940 571838 908750 518468
 8687.704944 41293 800 800 800 800 73 46 0 73 52 0 73 42 0 73 44 0 14518 1210000 16940 572934 908750 519376
 8687.904946 41294 800 800 800 800 73 46 0 73 52 0 73 42 0 73 44 0 14518 1210000 16940 572934 908750 519376
 8688.104929 41295 800 800 800 800 73 46 0 73 52 0 73 42 0 73 44 0 14518 1210000 16940 572934 908750 519376
 8688.304943 41296 800 800 800 800 73 46 0 73 52 0 73 42 0 73 44 0 14518 1210000 16940 571564 908750 518468
 8688.504944 41297 800 800 800 800 73 46 0 73 52 0 73 42 0 73 44 0 14518 1210000 16940 570468 908750 517560
 8688.704944 41298 800 800 800 800 73 46 0 73 52 0 73 42 0 73 44 0 14518 1210000 16940 570468 908750 517560
 8688.904943 41299 800 800 800 800 73 46 0 73 52 0 73 42 0 73 44 0 14518 1210000 16940 569920 908750 516652
 8689.104960 41300 800 800 800 800 73 46 0 73 52 0 73 42 0 73 44 0 14518 1210000 16940 571290 908750 518468
 8689.304944 41301 800 800 800 800 73 46 0 73 52 0 73 42 0 73 44 0 14274 1210000 16940 572660 908750 519376
 8689.504943 41302 800 800 800 800 73 46 0 73 52 0 73 42 0 73 44 0 14274 1210000 16940 572660 908750 519376
 8689.704943 41303 800 800 800 800 73 46 0 73 52 0 73 42 0 73 44 0 14518 1210000 16940 571564 908750 518468
 8689.904943 41304 800 800 800 800 73 46 0 73 52 0 73 42 0 73 44 0 14518 1210000 16940 572386 908750 519376
 8690.104960 41305 800 800 800 800 73 46 0 73 52 0 73 42 0 73 44 0 14518 1210000 16940 572112 908750 519376
 8690.304947 41306 800 800 800 800 73 46 0 73 52 0 73 42 0 73 44 0 14518 1210000 16940 572112 908750 519376
 8690.504937 41307 800 800 800 800 73 46 0 73 52 0 73 42 0 73 44 0 14518 1210000 16940 570194 908750 517560
 8690.704944 41308 800 800 800 800 73 46 0 73 52 0 73 42 0 73 44 0 14518 1210000 16940 571564 908750 518468
 8690.904943 41309 800 800 800 800 73 46 0 73 52 0 73 42 0 73 44 0 14518 1208750 16912 570194 908750 517560
 8691.104943 41310 800 800 800 800 73 46 0 73 52 0 73 42 0 73 44 0 14518 1208750 16912 570194 908750 517560
 8691.304944 41311 800 800 800 800 73 46 0 73 52 0 73 42 0 73 44 0 14518 1210000 16940 572112 908750 519376
 8691.504944 41312 800 800 800 800 73 46 0 73 52 0 73 42 0 73 44 0 14518 1208750 16912 572660 908750 519376
 8691.704943 41313 800 800 800 800 73 46 0 73 52 0 73 42 0 73 44 0 14518 1210000 16940 571838 908750 518468
 8691.904944 41314 800 800 800 800 73 46 0 73 52 0 73 42 0 73 44 0 14518 1210000 16940 571838 908750 518468
 8692.104936 41315 800 800 800 800 73 46 0 73 52 0 73 42 0 73 44 0 14518 1210000 16940 571838 908750 518468
 8692.304943 41316 800 800 800 800 73 46 0 73 52 0 73 42 0 73 44 0 14518 1208750 16912 571564 908750 518468
 8692.504942 41317 800 800 800 800 73 46 0 73 52 0 73 42 0 73 44 0 14274 1210000 16940 569372 908750 516652
 8692.704936 41318 800 800 800 800 73 46 0 73 52 0 73 42 0 73 44 0 14518 1210000 16940 570742 908750 517560
 8692.904944 41319 800 800 800 800 73 46 0 73 52 0 73 42 0 73 44 0 14518 1210000 16940 570742 908750 517560
 8693.104960 41320 800 800 800 800 73 46 0 73 52 0 73 42 0 73 44 0 14518 1210000 16940 571838 908750 518468
 8693.304945 41321 800 800 800 800 73 46 0 73 52 0 73 42 0 73 44 0 14518 1210000 16940 572112 908750 519376
 8693.504942 41322 800 800 800 800 73 46 0 73 52 0 73 42 0 73 44 0 14518 1210000 16940 571290 908750 518468
 8693.704943 41323 800 800 800 800 73 46 0 73 52 0 73 42 0 73 44 0 14518 1210000 16940 571290 908750 518468
 8693.904943 41324 800 800 800 800 73 46 0 73 52 0 73 42 0 73 44 0 14274 1210000 16940 572112 908750 519376
 8694.104960 41325 800 800 800 800 73 46 0 73 52 0 73 42 0 73 44 0 14518 1210000 16940 569646 908750 516652
 8694.304944 41326 800 800 800 800 73 46 0 73 52 0 73 42 0 73 44 0 14518 1210000 16940 569098 908750 516652
 8694.504945 41327 800 800 800 800 73 46 0 73 52 0 73 42 0 73 44 0 14518 1210000 16940 569098 908750 516652
 8694.704943 41328 800 800 800 800 73 46 0 73 52 0 73 42 0 73 44 0 14518 1210000 16940 576496 908750 523008
 8694.904943 41329 800 800 800 800 73 46 0 73 52 0 73 42 0 73 44 0 14518 1210000 16940 572934 908750 519376
 8695.104935 41330 800 800 800 800 73 46 0 73 52 0 73 42 0 73 44 0 14518 1210000 16940 570194 908750 517560
 8695.304942 41331 800 800 800 800 73 46 0 73 52 0 73 42 0 73 44 0 14518 1210000 16940 570194 908750 517560
 8695.504990 41332 800 800 800 800 73 46 0 73 52 0 73 42 0 73 44 0 14518 1210000 16940 570194 908750 517560
 8695.704941 41333 800 800 800 800 73 46 0 73 52 0 73 42 0 73 44 0 14518 1210000 16940 570194 908750 517560
 8695.904938 41334 800 800 800 800 73 46 0 73 52 0 73 42 0 73 44 0 14518 1210000 16940 310442 908750 281480
 8696.104930 41335 800 800 800 800 73 46 0 73 52 0 73 42 0 73 44 0 14518 1210000 16940 310442 908750 281480
