25082.239934 123265 400 400 400 400 73 46 0 73 52 0 73 42 0 73 44 0 75518 972500 72900 7398 958750 6706
25082.439926 123266 400 400 400 400 73 46 0 73 52 0 73 42 0 73 44 0 75518 972500 72900 7398 958750 6706
25082.639925 123267 400 400 400 400 73 46 0 73 52 0 73 42 0 73 44 0 36722 973750 35028 7398 958750 6706
25082.839916 123268 400 400 400 400 73 46 0 73 52 0 73 42 0 73 44 0 12261 975000 11700 7398 958750 6706
25083.039940 123269 400 400 400 400 73 46 0 73 52 0 73 42 0 73 44 0 12261 975000 11700 7398 958750 6706
25083.239923 123270 400 400 400 400 73 46 0 73 52 0 73 42 0 73 44 0 12261 975000 11700 7398 958750 6706
25083.439923 123271 400 400 400 400 73 46 0 73 52 0 73 42 0 73 44 0 12261 975000 11700 7398 958750 6706
25083.639923 123272 400 400 400 400 73 46 0 73 52 0 73 42 0 73 44 0 12017 975000 11700 7398 958750 6706
25083.839922 123273 400 400 400 400 73 46 0 73 52 0 73 42 0 73 44 0 12017 975000 11700 7124 958750 6706
25084.039940 123274 400 400 400 400 73 46 0 73 52 0 73 42 0 73 44 0 12017 975000 11700 7124 958750 6706
25084.239923 123275 400 400 400 400 73 46 0 73 52 0 73 42 0 73 44 0 12505 975000 11700 7398 958750 6706
25084.439923 123276 400 400 400 400 73 46 0 73 52 0 73 42 0 73 44 0 12017 975000 11700 7124 958750 6706
25084.639922 123277 400 400 400 400 73 46 0 73 52 0 73 42 0 73 44 0 12017 975000 11700 7398 958750 6706
25084.839922 123278 400 400 400 400 73 46 0 73 52 0 73 42 0 73 44 0 12017 975000 11700 7398 958750 6706
25085.039941 123279 400 400 400 400 73 46 0 73 52 0 73 42 0 73 44 0 12261 975000 11700 7398 958750 6706
25085.239954 123280 400 400 400 400 73 46 0 73 52 0 73 42 0 73 44 0 11529 975000 10725 7398 958750 6706
25085.439925 123281 400 400 400 400 73 46 0 73 52 0 73 42 0 73 44 0 34221 975000 33150 7398 958750 6706
25085.639903 123282 400 400 400 400 73 46 0 73 52 0 73 42 0 73 44 0 12505 975000 11700 7124 958750 6706
25085.839924 123283 400 400 400 400 73 46 0 73 52 0 73 42 0 73 44 0 12505 975000 11700 7124 958750 6706
25086.039954 123284 400 400 400 400 73 46 0 73 52 0 73 42 0 73 44 0 12261 975000 11700 7124 958750 6706
25086.239939 123285 400 400 400 400 73 46 0 73 52 0 73 42 0 73 44 0 36722 973750 35028 7398 958750 6706
25086.439976 123286 400 400 400 400 73 46 0 73 52 0 73 42 0 73 44 0 74969 972500 71928 7398 958750 6706
25086.639971 123287 400 400 400 400 73 46 0 73 52 0 73 42 0 73 44 0 74969 972500 71928 7398 958750 6706
25086.839992 123288 400 400 400 400 73 46 0 73 52 0 73 42 0 73 44 0 83997 972500 80676 7398 958750 6706
25087.040000 123289 400 400 400 400 74 46 0 74 52 0 74 42 0 74 44 0 84973 972500 81648 7398 958750 6706
25087.239958 123290 400 400 400 400 74 46 0 74 52 0 74 42 0 74 44 0 82716 972500 79704 7398 958750 6706
25087.439976 123291 400 400 400 400 74 46 0 74 52 0 74 42 0 74 44 0 82716 972500 79704 7398 958750 6706
25087.639899 123292 400 400 400 400 74 46 0 74 52 0 74 42 0 74 44 0 82472 972500 79704 7124 958750 6706
25087.839919 123293 400 400 400 400 73 46 0 73 52 0 73 42 0 73 44 0 82472 973750 79786 7398 958750 6706
25088.039960 123294 400 400 400 400 73 46 0 73 52 0 73 42 0 73 44 0 94245 972500 91368 7398 958750 6706
25088.239924 123295 400 400 400 400 73 46 0 73 52 0 73 42 0 73 44 0 94245 972500 91368 7398 958750 6706
25088.439924 123296 400 400 400 400 73 46 0 73 52 0 73 42 0 73 44 0 93269 972500 90396 7398 958750 6706
25088.639928 123297 400 400 400 400 73 46 0 73 52 0 73 42 0 73 44 0 93269 972500 90396 7398 958750 6706
25088.839924 123298 400 400 400 400 73 46 0 73 52 0 73 42 0 73 44 0 93269 972500 90396 7398 958750 6706
25089.039940 123299 400 400 400 400 74 46 0 74 52 0 74 42 0 74 44 0 93269 972500 90396 7398 958750 6706
25089.239923 123300 400 400 400 400 74 46 0 74 52 0 74 42 0 74 44 0 93513 972500 90396 7398 958750 6706
25089.439924 123301 400 400 400 400 74 46 0 74 52 0 74 42 0 74 44 0 93269 972500 90396 7398 958750 6706
25089.639924 123302 400 400 400 400 74 46 0 74 52 0 74 42 0 74 44 0 93269 972500 90396 7398 958750 6706
25089.839925 123303 400 400 400 400 73 46 0 73 52 0 73 42 0 73 44 0 93269 972500 90396 7398 958750 6706
25090.039932 123304 400 400 400 400 73 46 0 73 52 0 73 42 0 73 44 0 93513 972500 90396 7398 958750 6706
25090.239923 123305 400 400 400 400 73 46 0 73 52 0 73 42 0 73 44 0 93025 972500 90396 7398 958750 6706
25090.439926 123306 400 400 400 400 73 46 0 73 52 0 73 42 0 73 44 0 93269 972500 90396 7398 958750 6706
25090.639930 123307 400 400 400 400 73 46 0 73 52 0 73 42 0 73 44 0 93269 972500 90396 7398 958750 6706
25090.839925 123308 400 400 400 400 73 46 0 73 52 0 73 42 0 73 44 0 96014 972500 93312 7398 958750 6706
25091.039946 123309 400 400 400 400 74 46 0 74 52 0 74 42 0 74 44 0 93513 972500 90396 7398 958750 6706
25091.239899 123310 400 400 400 400 74 46 0 74 52 0 74 42 0 74 44 0 93757 972500 90396 7398 958750 6706
25091.439897 123311 400 400 400 400 74 46 0 74 52 0 74 42 0 74 44 0 93757 972500 90396 7398 958750 6706
25091.639899 123312 400 400 400 400 74 46 0 74 52 0 74 42 0 74 44 0 92720 972500 89424 7398 958750 6706
25091.839969 123313 400 400 400 400 74 46 0 74 52 0 74 42 0 74 44 0 93513 972500 90396 7398 958750 6706
25092.039948 123314 400 400 400 400 73 46 0 73 52 0 73 42 0 73 44 0 93025 972500 90396 7398 958750 6706
25092.239892 123315 400 400 400 400 73 46 0 73 52 0 73 42 0 73 44 0 92720 972500 89424 7398 958750 6706
25092.439923 123316 400 400 400 400 73 46 0 73 52 0 73 42 0 73 44 0 92720 972500 89424 7398 958750 6706
25092.639926 123317 400 400 400 400 73 46 0 73 52 0 73 42 0 73 44 0 93025 972500 90396 7398 958750 6706
25092.839924 123318 400 400 400 400 73 46 0 73 52 0 73 42 0 73 44 0 92720 972500 89424 7398 958750 6706
25093.039939 123319 400 400 400 400 73 46 0 73 52 0 73 42 0 73 44 0 92720 972500 89424 7398 958750 6706
25093.239923 123320 400 400 400 400 73 46 0 73 52 0 73 42 0 73 44 0 92720 972500 89424 7398 958750 6706
25093.439923 123321 400 400 400 400 73 46 0 73 52 0 73 42 0 73 44 0 93269 972500 90396 7398 958750 6706
25093.639928 123322 400 400 400 400 73 46 0 73 52 0 73 42 0 73 44 0 93269 972500 90396 7398 958750 6706
25093.839923 123323 400 400 400 400 73 46 0 73 52 0 73 42 0 73 44 0 93269 972500 90396 7398 958750 6706
25094.039939 123324 400 400 400 400 74 46 0 74 52 0 74 42 0 74 44 0 93269 972500 90396 7398 958750 6706
25094.239924 123325 400 400 400 400 74 46 0 74 52 0 74 42 0 74 44 0 93269 972500 90396 7398 958750 6706
25094.439923 123326 400 400 400 400 74 46 0 74 52 0 74 42 0 74 44 0 93269 972500 90396 7398 958750 6706
25094.639916 123327 400 400 400 400 74 46 0 74 52 0 74 42 0 74 44 0 93025 972500 90396 7398 958750 6706
25094.839923 123328 400 400 400 400 74 46 0 74 52 0 74 42 0 74 44 0 93025 972500 90396 7398 958750 6706
25095.039939 123329 400 400 400 400 74 46 0 74 52 0 74 42 0 74 44 0 93025 972500 90396 7398 958750 6706
25095.239923 123330 400 400 400 400 74 46 0 74 52 0 74 42 0 74 44 0 93269 972500 90396 7398 958750 6706
25095.439922 123331 400 400 400 400 74 46 0 74 52 0 74 42 0 74 44 0 93025 972500 90396 7398 958750 6706
25095.639926 123332 400 400 400 400 74 46 0 74 52 0 74 42 0 74 44 0 93025 972500 90396 7398 958750 6706
25095.839923 123333 400 400 400 400 74 46 0 74 52 0 74 42 0 74 44 0 93513 972500 90396 7398 958750 6706
25096.039939 123334 400 400 400 400 73 46 0 73 52 0 73 42 0 73 44 0 93513 972500 90396 7398 958750 6706
25096.239924 123335 400 400 400 400 73 46 0 73 52 0 73 42 0 73 44 0 93269 972500 90396 7398 958750 6706
25096.439923 123336 400 400 400 400 73 46 0 73 52 0 73 42 0 73 44 0 93269 972500 90396 7398 958750 6706
25096.639927 123337 400 400 400 400 73 46 0 73 52 0 73 42 0 73 44 0 93025 972500 90396 7398 958750 6706
25096.839923 123338 400 400 400 400 73 46 0 73 52 0 73 42 0 73 44 0 93513 972500 90396 7398 958750 6706
25097.039931 123339 400 400 400 400 74 46 0 74 52 0 74 42 0 74 44 0 93025 972500 90396 7398 958750 6706
25097.239924 123340 400 400 400 400 74 46 0 74 52 0 74 42 0 74 44 0 93025 972500 90396 7398 958750 6706
25097.439923 123341 400 400 400 400 74 46 0 74 52 0 74 42 0 74 44 0 93269 972500 90396 7124 958750 6706
25097.639924 123342 400 400 400 400 74 46 0 74 52 0 74 42 0 74 44 0 93025 972500 90396 7398 958750 6706
25097.839923 123343 400 400 400 400 74 46 0 74 52 0 74 42 0 74 44 0 93513 972500 90396 7398 958750 6706
25098.040267 123344 400 400 400 400 74 46 0 74 52 0 74 42 0 74 44 0 93025 972500 90396 7398 958750 6706
25098.240062 123345 400 400 400 400 74 46 0 74 52 0 74 42 0 74 44 0 93025 972500 90396 7398 958750 6706
25098.439926 123346 400 400 400 400 74 46 0 74 52 0 74 42 0 74 44 0 93513 972500 90396 7398 958750 6706
25098.639924 123347 400 400 400 400 74 46 0 74 52 0 74 42 0 74 44 0 93025 972500 90396 7398 958750 6706
25098.839923 123348 400 400 400 400 74 46 0 74 52 0 74 42 0 74 44 0 93513 972500 90396 7398 958750 6706
25099.039938 123349 400 400 400 400 73 46 0 73 52 0 73 42 0 73 44 0 93513 972500 90396 7398 958750 6706
25099.239923 123350 400 400 400 400 73 46 0 73 52 0 73 42 0 73 44 0 93269 972500 90396 7398 958750 6706
25099.439923 123351 400 400 400 400 73 46 0 73 52 0 73 42 0 73 44 0 93269 972500 90396 7398 958750 6706
25099.639925 123352 400 400 400 400 73 46 0 73 52 0 73 42 0 73 44 0 93025 972500 90396 7398 958750 6706
25099.839925 123353 400 400 400 400 73 46 0 73 52 0 73 42 0 73 44 0 93025 972500 90396 7398 958750 6706
25100.039940 123354 400 400 400 400 73 46 0 73 52 0 73 42 0 73 44 0 93757 972500 90396 7398 958750 6706
25100.239923 123355 400 400 400 400 74 46 0 74 52 0 74 42 0 74 44 0 93269 972500 90396 7398 958750 6706
25100.439915 123356 400 400 400 400 74 46 0 74 52 0 74 42 0 74 44 0 93025 972500 90396 7398 958750 6706
25100.639917 123357 400 400 400 400 74 46 0 74 52 0 74 42 0 74 44 0 93025 972500 90396 7398 958750 6706
25100.839924 123358 400 400 400 400 74 46 0 74 52 0 74 42 0 74 44 0 94001 972500 91368 7398 958750 6706
25101.039939 123359 400 400 400 400 73 46 0 73 52 0 73 42 0 73 44 0 93757 972500 90396 7398 958750 6706
25101.239923 123360 400 400 400 400 73 46 0 73 52 0 73 42 0 73 44 0 93513 972500 90396 7398 958750 6706
25101.439925 123361 400 400 400 400 73 46 0 73 52 0 73 42 0 73 44 0 93513 972500 90396 7398 958750 6706
25101.639924 123362 400 400 400 400 73 46 0 73 52 0 73 42 0 73 44 0 93025 972500 90396 7398 958750 6706
25101.839924 123363 400 400 400 400 73 46 0 73 52 0 73 42 0 73 44 0 93025 972500 90396 7398 958750 6706
25102.039938 123364 400 400 400 400 74 46 0 74 52 0 74 42 0 74 44 0 93269 972500 90396 7398 958750 6706
25102.239923 123365 400 400 400 400 74 46 0 74 52 0 74 42 0 74 44 0 93269 972500 90396 7398 958750 6706
25102.439923 123366 400 400 400 400 74 46 0 74 52 0 74 42 0 74 44 0 93513 972500 90396 7398 958750 6706
25102.639926 123367 400 400 400 400 74 46 0 74 52 0 74 42 0 74 44 0 93269 972500 90396 7398 958750 6706
25102.839915 123368 400 400 400 400 74 46 0 74 52 0 74 42 0 74 44 0 93269 972500 90396 7398 958750 6706
25103.039938 123369 400 400 400 400 74 46 0 74 52 0 74 42 0 74 44 0 93269 972500 90396 7398 958750 6706
25103.239923 123370 400 400 400 400 74 46 0 74 52 0 74 42 0 74 44 0 93269 972500 90396 7398 958750 6706
25103.439924 123371 400 400 400 400 74 46 0 74 52 0 74 42 0 74 44 0 92720 972500 89424 7398 958750 6706
25103.639924 123372 400 400 400 400 74 46 0 74 52 0 74 42 0 74 44 0 93025 972500 90396 7398 958750 6706
25103.839923 123373 400 400 400 400 74 46 0 74 52 0 74 42 0 74 44 0 93025 972500 90396 7398 958750 6706
25104.039940 123374 400 400 400 400 74 46 0 74 52 0 74 42 0 74 44 0 93025 972500 90396 7398 958750 6706
25104.239923 123375 400 400 400 400 74 46 0 74 52 0 74 42 0 74 44 0 93513 972500 90396 7398 958750 6706
25104.439923 123376 400 400 400 400 74 46 0 74 52 0 74 42 0 74 44 0 93513 972500 90396 7398 958750 6706
25104.639900 123377 400 400 400 400 74 46 0 74 52 0 74 42 0 74 44 0 93025 972500 90396 7398 958750 6706
25104.839923 123378 400 400 400 400 74 46 0 74 52 0 74 42 0 74 44 0 93025 972500 90396 7398 958750 6706
25105.039940 123379 400 400 400 400 73 46 0 73 52 0 73 42 0 73 44 0 93269 972500 90396 7398 958750 6706
25105.239915 123380 400 400 400 400 73 46 0 73 52 0 73 42 0 73 44 0 93025 972500 90396 7398 958750 6706
25105.439923 123381 400 400 400 400 73 46 0 73 52 0 73 42 0 73 44 0 93025 972500 90396 7398 958750 6706
25105.639930 123382 400 400 400 400 73 46 0 73 52 0 73 42 0 73 44 0 93025 972500 90396 7398 958750 6706
25105.839923 123383 400 400 400 400 73 46 0 73 52 0 73 42 0 73 44 0 93757 972500 90396 7398 958750 6706
25106.039940 123384 400 400 400 400 73 46 0 73 52 0 73 42 0 73 44 0 93513 972500 90396 7398 958750 6706
25106.239923 123385 400 400 400 400 73 46 0 73 52 0 73 42 0 73 44 0 93269 972500 90396 7398 958750 6706
25106.439923 123386 400 400 400 400 73 46 0 73 52 0 73 42 0 73 44 0 93269 972500 90396 7398 958750 6706
25106.639924 123387 400 400 400 400 73 46 0 73 52 0 73 42 0 73 44 0 93269 972500 90396 7398 958750 6706
25106.839923 123388 400 400 400 400 73 46 0 73 52 0 73 42 0 73 44 0 93269 972500 90396 7398 958750 6706
25107.039938 123389 400 400 400 400 73 46 0 73 52 0 73 42 0 73 44 0 93269 972500 90396 7398 958750 6706
25107.239923 123390 400 400 400 400 73 46 0 73 52 0 73 42 0 73 44 0 93269 972500 90396 7398 958750 6706
25107.439923 123391 400 400 400 400 73 46 0 73 52 0 73 42 0 73 44 0 93025 972500 90396 7398 958750 6706
25107.639916 123392 400 400 400 400 73 46 0 73 52 0 73 42 0 73 44 0 93513 972500 90396 7398 958750 6706
25107.839923 123393 400 400 400 400 73 46 0 73 52 0 73 42 0 73 44 0 93513 972500 90396 7398 958750 6706
25108.039940 123394 400 400 400 400 73 46 0 73 52 0 73 42 0 73 44 0 93513 972500 90396 7398 958750 6706
25108.239923 123395 400 400 400 400 73 46 0 73 52 0 73 42 0 73 44 0 93269 972500 90396 7398 958750 6706
25108.439925 123396 400 400 400 400 73 46 0 73 52 0 73 42 0 73 44 0 93513 972500 90396 7398 958750 6706
25108.639926 123397 400 400 400 400 73 46 0 73 52 0 73 42 0 73 44 0 93513 972500 90396 7398 958750 6706
25108.839924 123398 400 400 400 400 73 46 0 73 52 0 73 42 0 73 44 0 93513 972500 90396 7398 958750 6706
25109.039940 123399 400 400 400 400 73 46 0 73 52 0 73 42 0 73 44 0 93025 972500 90396 7398 958750 6706
25109.239923 123400 400 400 400 400 73 46 0 73 52 0 73 42 0 73 44 0 93269 972500 90396 7398 958750 6706
25109.439924 123401 400 400 400 400 73 46 0 73 52 0 73 42 0 73 44 0 93513 972500 90396 7398 958750 6706
25109.639924 123402 400 400 400 400 73 46 0 73 52 0 73 42 0 73 44 0 93513 972500 90396 7398 958750 6706
25109.839923 123403 400 400 400 400 73 46 0 73 52 0 73 42 0 73 44 0 93269 972500 90396 7398 958750 6706
25110.039938 123404 400 400 400 400 73 46 0 73 52 0 73 42 0 73 44 0 93513 972500 90396 7398 958750 6706
25110.239924 123405 400 400 400 400 73 46 0 73 52 0 73 42 0 73 44 0 93025 972500 90396 7398 958750 6706
25110.439905 123406 400 400 400 400 73 46 0 73 52 0 73 42 0 73 44 0 93025 972500 90396 7398 958750 6706
25110.639925 123407 400 400 400 400 73 46 0 73 52 0 73 42 0 73 44 0 93269 972500 90396 7398 958750 6706
25110.839923 123408 400 400 400 400 73 46 0 73 52 0 73 42 0 73 44 0 93757 972500 90396 7124 958750 6706
25111.039931 123409 400 400 400 400 73 46 0 73 52 0 73 42 0 73 44 0 93269 972500 90396 7398 958750 6706
25111.239923 123410 400 400 400 400 73 46 0 73 52 0 73 42 0 73 44 0 92720 972500 89424 7398 958750 6706
25111.439923 123411 400 400 400 400 73 46 0 73 52 0 73 42 0 73 44 0 92720 972500 89424 7398 958750 6706
25111.639928 123412 400 400 400 400 73 46 0 73 52 0 73 42 0 73 44 0 93757 972500 90396 7398 958750 6706
25111.839924 123413 400 400 400 400 73 46 0 73 52 0 73 42 0 73 44 0 93757 972500 90396 7398 958750 6706
25112.039938 123414 400 400 400 400 73 46 0 73 52 0 73 42 0 73 44 0 93513 972500 90396 7398 958750 6706
25112.239925 123415 400 400 400 400 73 46 0 73 52 0 73 42 0 73 44 0 93513 972500 90396 7398 958750 6706
25112.439923 123416 400 400 400 400 73 46 0 73 52 0 73 42 0 73 44 0 93513 972500 90396 7398 958750 6706
25112.639925 123417 400 400 400 400 73 46 0 73 52 0 73 42 0 73 44 0 93269 972500 90396 7124 958750 6706
25112.839924 123418 400 400 400 400 73 46 0 73 52 0 73 42 0 73 44 0 93757 972500 90396 7398 958750 6706
25113.039939 123419 400 400 400 400 73 46 0 73 52 0 73 42 0 73 44 0 93757 972500 90396 7398 958750 6706
25113.239923 123420 400 400 400 400 73 46 0 73 52 0 73 42 0 73 44 0 93513 972500 90396 7398 958750 6706
25113.439917 123421 400 400 400 400 73 46 0 73 52 0 73 42 0 73 44 0 93513 972500 90396 7398 958750 6706
25113.639924 123422 400 400 400 400 73 46 0 73 52 0 73 42 0 73 44 0 93513 972500 90396 7398 958750 6706
25113.839923 123423 400 400 400 400 73 46 0 73 52 0 73 42 0 73 44 0 93513 972500 90396 7398 958750 6706
25114.039938 123424 400 400 400 400 73 46 0 73 52 0 73 42 0 73 44 0 93269 972500 90396 7398 958750 6706
25114.239923 123425 400 400 400 400 73 46 0 73 52 0 73 42 0 73 44 0 93513 972500 90396 7398 958750 6706
25114.439923 123426 400 400 400 400 73 46 0 73 52 0 73 42 0 73 44 0 93269 972500 90396 7398 958750 6706
25114.639929 123427 400 400 400 400 73 46 0 73 52 0 73 42 0 73 44 0 93269 972500 90396 7398 958750 6706
25114.839924 123428 400 400 400 400 73 46 0 73 52 0 73 42 0 73 44 0 93025 972500 90396 7398 958750 6706
25115.039939 123429 400 400 400 400 73 46 0 73 52 0 73 42 0 73 44 0 93269 972500 90396 7398 958750 6706
25115.239923 123430 400 400 400 400 73 46 0 73 52 0 73 42 0 73 44 0 93513 972500 90396 7398 958750 6706
25115.439925 123431 400 400 400 400 73 46 0 73 52 0 73 42 0 73 44 0 93513 972500 90396 7398 958750 6706
25115.639926 123432 400 400 400 400 73 46 0 73 52 0 73 42 0 73 44 0 93269 972500 90396 7398 958750 6706
25115.839916 123433 400 400 400 400 73 46 0 73 52 0 73 42 0 73 44 0 94489 972500 91368 7398 958750 6706
25116.039939 123434 400 400 400 400 73 46 0 73 52 0 73 42 0 73 44 0 92476 972500 89424 7398 958750 6706
25116.239923 123435 400 400 400 400 73 46 0 73 52 0 73 42 0 73 44 0 92476 972500 89424 7398 958750 6706
25116.439923 123436 400 400 400 400 73 46 0 73 52 0 73 42 0 73 44 0 93025 972500 90396 7398 958750 6706
25116.639924 123437 400 400 400 400 73 46 0 73 52 0 73 42 0 73 44 0 93269 972500 90396 7398 958750 6706
25116.839924 123438 400 400 400 400 73 46 0 73 52 0 73 42 0 73 44 0 92720 972500 89424 7398 958750 6706
25117.039877 123439 400 400 400 400 73 46 0 73 52 0 73 42 0 73 44 0 93269 972500 90396 7398 958750 6706
25117.239925 123440 400 400 400 400 73 46 0 73 52 0 73 42 0 73 44 0 93269 972500 90396 7398 958750 6706
25117.439924 123441 400 400 400 400 73 46 0 73 52 0 73 42 0 73 44 0 92720 972500 89424 7398 958750 6706
25117.639928 123442 400 400 400 400 73 46 0 73 52 0 73 42 0 73 44 0 92720 972500 89424 7398 958750 6706
25117.839924 123443 400 400 400 400 73 46 0 73 52 0 73 42 0 73 44 0 93269 972500 90396 7398 958750 6706
25118.039940 123444 400 400 400 400 73 46 0 73 52 0 73 42 0 73 44 0 93269 972500 90396 7398 958750 6706
25118.239916 123445 400 400 400 400 73 46 0 73 52 0 73 42 0 73 44 0 93513 972500 90396 7398 958750 6706
25118.439924 123446 400 400 400 400 73 46 0 73 52 0 73 42 0 73 44 0 93025 972500 90396 7124 958750 6706
25118.639924 123447 400 400 400 400 73 46 0 73 52 0 73 42 0 73 44 0 93269 972500 90396 7398 958750 6706
25118.839926 123448 400 400 400 400 73 46 0 73 52 0 73 42 0 73 44 0 93269 972500 90396 7398 958750 6706
25119.039940 123449 400 400 400 400 73 46 0 73 52 0 73 42 0 73 44 0 93269 972500 90396 7124 958750 6706
25119.239923 123450 400 400 400 400 73 46 0 73 52 0 73 42 0 73 44 0 93269 972500 90396 7398 958750 6706
25119.439923 123451 400 400 400 400 73 46 0 73 52 0 73 42 0 73 44 0 93513 972500 90396 7398 958750 6706
25119.639924 123452 400 400 400 400 73 46 0 73 52 0 73 42 0 73 44 0 93513 972500 90396 7398 958750 6706
25119.839924 123453 400 400 400 400 73 46 0 73 52 0 73 42 0 73 44 0 93513 972500 90396 7398 958750 6706
25120.039938 123454 400 400 400 400 73 46 0 73 52 0 73 42 0 73 44 0 93513 972500 90396 7398 958750 6706
25120.239924 123455 400 400 400 400 73 46 0 73 52 0 73 42 0 73 44 0 93025 972500 90396 7124 958750 6706
25120.439924 123456 400 400 400 400 73 46 0 73 52 0 73 42 0 73 44 0 93025 972500 90396 7124 958750 6706
25120.639922 123457 400 400 400 400 73 46 0 73 52 0 73 42 0 73 44 0 93025 972500 90396 7398 958750 6706
25120.839925 123458 400 400 400 400 73 46 0 73 52 0 73 42 0 73 44 0 93757 972500 90396 7398 958750 6706
25121.039943 123459 400 400 400 400 73 46 0 73 52 0 73 42 0 73 44 0 93025 972500 90396 7398 958750 6706
25121.239925 123460 400 400 400 400 73 46 0 73 52 0 73 42 0 73 44 0 93025 972500 90396 7398 958750 6706
25121.439924 123461 400 400 400 400 73 46 0 73 52 0 73 42 0 73 44 0 93757 972500 90396 7398 958750 6706
25121.639925 123462 400 400 400 400 73 46 0 73 52 0 73 42 0 73 44 0 92476 972500 89424 7398 958750 6706
25121.839924 123463 400 400 400 400 73 46 0 73 52 0 73 42 0 73 44 0 93269 972500 90396 7398 958750 6706
25122.039939 123464 400 400 400 400 73 46 0 73 52 0 73 42 0 73 44 0 93269 972500 90396 7398 958750 6706
25122.239924 123465 400 400 400 400 73 46 0 73 52 0 73 42 0 73 44 0 92720 972500 89424 7398 958750 6706
25122.439923 123466 400 400 400 400 73 46 0 73 52 0 73 42 0 73 44 0 93513 972500 90396 7124 958750 6706
25122.639924 123467 400 400 400 400 73 46 0 73 52 0 73 42 0 73 44 0 93025 972500 90396 7124 958750 6706
25122.839906 123468 400 400 400 400 73 46 0 73 52 0 73 42 0 73 44 0 93025 972500 90396 7124 958750 6706
25123.039940 123469 400 400 400 400 73 46 0 73 52 0 73 42 0 73 44 0 92720 972500 89424 7124 958750 6706
25123.239923 123470 400 400 400 400 73 46 0 73 52 0 73 42 0 73 44 0 92720 972500 89424 7398 958750 6706
25123.439923 123471 400 400 400 400 73 46 0 73 52 0 73 42 0 73 44 0 93513 972500 90396 7398 958750 6706
25123.639903 123472 400 400 400 400 73 46 0 73 52 0 73 42 0 73 44 0 93269 972500 90396 7398 958750 6706
25123.839924 123473 400 400 400 400 73 46 0 73 52 0 73 42 0 73 44 0 93269 972500 90396 7398 958750 6706
25124.039933 123474 400 400 400 400 73 46 0 73 52 0 73 42 0 73 44 0 93757 972500 90396 7398 958750 6706
25124.239923 123475 400 400 400 400 73 46 0 73 52 0 73 42 0 73 44 0 93513 972500 90396 7124 958750 6706
25124.439923 123476 400 400 400 400 73 46 0 73 52 0 73 42 0 73 44 0 93025 972500 90396 7398 958750 6706
25124.639924 123477 400 400 400 400 73 46 0 73 52 0 73 42 0 73 44 0 93025 972500 90396 7398 958750 6706
25124.839923 123478 400 400 400 400 73 46 0 73 52 0 73 42 0 73 44 0 93269 972500 90396 7398 958750 6706
25125.039937 123479 400 400 400 400 73 46 0 73 52 0 73 42 0 73 44 0 93269 972500 90396 7398 958750 6706
25125.239922 123480 400 400 400 400 73 46 0 73 52 0 73 42 0 73 44 0 93269 972500 90396 7398 958750 6706
25125.439948 123481 400 400 400 400 73 46 0 73 52 0 73 42 0 73 44 0 93269 972500 90396 7398 958750 6706
25125.639925 123482 400 400 400 400 73 46 0 73 52 0 73 42 0 73 44 0 93757 972500 90396 7398 958750 6706
25125.839922 123483 400 400 400 400 73 46 0 73 52 0 73 42 0 73 44 0 94489 972500 91368 7398 958750 6706
25126.039938 123484 400 400 400 400 73 46 0 73 52 0 73 42 0 73 44 0 93513 972500 90396 7398 958750 6706
25126.239922 123485 400 400 400 400 73 46 0 73 52 0 73 42 0 73 44 0 93513 972500 90396 7398 958750 6706
25126.439916 123486 400 400 400 400 73 46 0 73 52 0 73 42 0 73 44 0 93269 972500 90396 7398 958750 6706
25126.639927 123487 400 400 400 400 73 46 0 73 52 0 73 42 0 73 44 0 93025 972500 90396 7398 958750 6706
25126.839923 123488 400 400 400 400 73 46 0 73 52 0 73 42 0 73 44 0 93025 972500 90396 7124 958750 6706
25127.039939 123489 400 400 400 400 73 46 0 73 52 0 73 42 0 73 44 0 93025 972500 90396 7124 958750 6706
25127.239923 123490 400 400 400 400 73 46 0 73 52 0 73 42 0 73 44 0 93513 972500 90396 7124 958750 6706
25127.439923 123491 400 400 400 400 73 46 0 73 52 0 73 42 0 73 44 0 93757 972500 90396 7124 958750 6706
25127.639924 123492 400 400 400 400 73 46 0 73 52 0 73 42 0 73 44 0 93269 972500 90396 7398 958750 6706
25127.839925 123493 400 400 400 400 73 46 0 73 52 0 73 42 0 73 44 0 93269 972500 90396 7398 958750 6706
25128.039938 123494 400 400 400 400 73 46 0 73 52 0 73 42 0 73 44 0 93025 972500 90396 7398 958750 6706
25128.239923 123495 400 400 400 400 73 46 0 73 52 0 73 42 0 73 44 0 93513 972500 90396 7398 958750 6706
25128.439923 123496 400 400 400 400 73 46 0 73 52 0 73 42 0 73 44 0 93025 972500 90396 7398 958750 6706
25128.639923 123497 400 400 400 400 73 46 0 73 52 0 73 42 0 73 44 0 93025 972500 90396 7398 958750 6706
25128.839916 123498 400 400 400 400 73 46 0 73 52 0 73 42 0 73 44 0 93025 972500 90396 7398 958750 6706
25129.039938 123499 400 400 400 400 73 46 0 73 52 0 73 42 0 73 44 0 93269 972500 90396 7398 958750 6706
25129.239923 123500 400 400 400 400 73 46 0 73 52 0 73 42 0 73 44 0 92476 972500 89424 7398 958750 6706
25129.439905 123501 400 400 400 400 73 46 0 73 52 0 73 42 0 73 44 0 92476 972500 89424 7398 958750 6706
25129.639927 123502 400 400 400 400 73 46 0 73 52 0 73 42 0 73 44 0 93025 972500 90396 7398 958750 6706
25129.839923 123503 400 400 400 400 73 46 0 73 52 0 73 42 0 73 44 0 93269 972500 90396 7124 958750 6706
25130.039940 123504 400 400 400 400 73 46 0 73 52 0 73 42 0 73 44 0 93269 972500 90396 7398 958750 6706
25130.239923 123505 400 400 400 400 73 46 0 73 52 0 73 42 0 73 44 0 93513 972500 90396 7398 958750 6706
25130.439922 123506 400 400 400 400 73 46 0 73 52 0 73 42 0 73 44 0 93513 972500 90396 7398 958750 6706
25130.639925 123507 400 400 400 400 73 46 0 73 52 0 73 42 0 73 44 0 93269 972500 90396 7398 958750 6706
25130.839923 123508 400 400 400 400 73 46 0 73 52 0 73 42 0 73 44 0 93757 972500 90396 7398 958750 6706
25131.039915 123509 400 400 400 400 73 46 0 73 52 0 73 42 0 73 44 0 93513 972500 90396 7398 958750 6706
25131.239923 123510 400 400 400 400 73 46 0 73 52 0 73 42 0 73 44 0 93513 972500 90396 7398 958750 6706
25131.439923 123511 400 400 400 400 73 46 0 73 52 0 73 42 0 73 44 0 93269 972500 90396 7398 958750 6706
25131.639924 123512 400 400 400 400 73 46 0 73 52 0 73 42 0 73 44 0 93269 972500 90396 7124 958750 6706
25131.839923 123513 400 400 400 400 73 46 0 73 52 0 73 42 0 73 44 0 93513 972500 90396 7398 958750 6706
25132.039940 123514 400 400 400 400 73 46 0 73 52 0 73 42 0 73 44 0 93513 972500 90396 7398 958750 6706
25132.239924 123515 400 400 400 400 73 46 0 73 52 0 73 42 0 73 44 0 92720 972500 89424 7398 958750 6706
25132.439923 123516 400 400 400 400 73 46 0 73 52 0 73 42 0 73 44 0 93757 972500 90396 7398 958750 6706
25132.639925 123517 400 400 400 400 73 46 0 73 52 0 73 42 0 73 44 0 93513 972500 90396 7398 958750 6706
25132.839923 123518 400 400 400 400 73 46 0 73 52 0 73 42 0 73 44 0 93513 972500 90396 7398 958750 6706
25133.039977 123519 400 400 400 400 73 46 0 73 52 0 73 42 0 73 44 0 93513 972500 90396 7398 958750 6706
25133.239899 123520 400 400 400 400 73 46 0 73 52 0 73 42 0 73 44 0 93513 972500 90396 7398 958750 6706
25133.439891 123521 400 400 400 400 73 46 0 73 52 0 73 42 0 73 44 0 93513 972500 90396 7398 958750 6706
25133.639898 123522 400 400 400 400 73 46 0 73 52 0 73 42 0 73 44 0 93513 972500 90396 7398 958750 6706
25133.839899 123523 400 400 400 400 73 46 0 73 52 0 73 42 0 73 44 0 93513 972500 90396 7398 958750 6706
25134.039898 123524 400 400 400 400 73 46 0 73 52 0 73 42 0 73 44 0 93513 972500 90396 7398 958750 6706
25134.239898 123525 400 400 400 400 73 46 0 73 52 0 73 42 0 73 44 0 93757 972500 90396 7398 958750 6706
25134.439898 123526 400 400 400 400 73 46 0 73 52 0 73 42 0 73 44 0 93757 972500 90396 7398 958750 6706
25134.639899 123527 400 400 400 400 73 46 0 73 52 0 73 42 0 73 44 0 93269 972500 90396 7124 958750 6706
25134.839898 123528 400 400 400 400 73 46 0 73 52 0 73 42 0 73 44 0 93513 972500 90396 7398 958750 6706
25135.039899 123529 400 400 400 400 73 46 0 73 52 0 73 42 0 73 44 0 93025 972500 90396 7398 958750 6706
25135.239926 123530 400 400 400 400 73 46 0 73 52 0 73 42 0 73 44 0 93025 972500 90396 7398 958750 6706
25135.439898 123531 400 400 400 400 73 46 0 73 52 0 73 42 0 73 44 0 93513 972500 90396 7398 958750 6706
25135.639900 123532 400 400 400 400 73 46 0 73 52 0 73 42 0 73 44 0 93513 972500 90396 7398 958750 6706
25135.839899 123533 400 400 400 400 73 46 0 73 52 0 73 42 0 73 44 0 93269 972500 90396 7398 958750 6706
25136.039899 123534 400 400 400 400 73 46 0 73 52 0 73 42 0 73 44 0 93513 972500 90396 7398 958750 6706
25136.239855 123535 400 400 400 400 73 46 0 73 52 0 73 42 0 73 44 0 93513 972500 90396 7398 958750 6706
25136.439857 123536 400 400 400 400 73 46 0 73 52 0 73 42 0 73 44 0 94001 972500 91368 7124 958750 6706
25136.639855 123537 400 400 400 400 73 46 0 73 52 0 73 42 0 73 44 0 93513 972500 90396 7398 958750 6706
25136.839848 123538 400 400 400 400 73 46 0 73 52 0 73 42 0 73 44 0 93757 972500 90396 7398 958750 6706
25137.039855 123539 400 400 400 400 73 46 0 73 52 0 73 42 0 73 44 0 93757 972500 90396 7398 958750 6706
25137.239855 123540 400 400 400 400 73 46 0 73 52 0 73 42 0 73 44 0 93269 972500 90396 7398 958750 6706
25137.439855 123541 400 400 400 400 73 46 0 73 52 0 73 42 0 73 44 0 93025 972500 90396 7398 958750 6706
25137.639855 123542 400 400 400 400 73 46 0 73 52 0 73 42 0 73 44 0 93269 972500 90396 7398 958750 6706
25137.839846 123543 400 400 400 400 73 46 0 73 52 0 73 42 0 73 44 0 93269 972500 90396 7398 958750 6706
25138.039921 123544 400 400 400 400 73 46 0 73 52 0 73 42 0 73 44 0 93757 972500 90396 7398 958750 6706
25138.239899 123545 400 400 400 400 73 46 0 73 52 0 73 42 0 73 44 0 93513 972500 90396 7398 958750 6706
25138.439899 123546 400 400 400 400 73 46 0 73 52 0 73 42 0 73 44 0 93025 972500 90396 7398 958750 6706
25138.639899 123547 400 400 400 400 73 46 0 73 52 0 73 42 0 73 44 0 93025 972500 90396 7398 958750 6706
25138.839900 123548 400 400 400 400 73 46 0 73 52 0 73 42 0 73 44 0 93025 972500 90396 7398 958750 6706
25139.039899 123549 400 400 400 400 73 46 0 73 52 0 73 42 0 73 44 0 93269 972500 90396 7398 958750 6706
25139.239899 123550 400 400 400 400 73 46 0 73 52 0 73 42 0 73 44 0 93269 972500 90396 7124 958750 6706
25139.439898 123551 400 400 400 400 73 46 0 73 52 0 73 42 0 73 44 0 93269 972500 90396 7124 958750 6706
25139.639899 123552 400 400 400 400 73 46 0 73 52 0 73 42 0 73 44 0 93757 972500 90396 7398 958750 6706
25139.839899 123553 400 400 400 400 73 46 0 73 52 0 73 42 0 73 44 0 93513 972500 90396 7398 958750 6706
25140.039892 123554 400 400 400 400 73 46 0 73 52 0 73 42 0 73 44 0 92720 972500 89424 7124 958750 6706
25140.239891 123555 400 400 400 400 73 46 0 73 52 0 73 42 0 73 44 0 92720 972500 89424 7124 958750 6706
25140.439899 123556 400 400 400 400 73 46 0 73 52 0 73 42 0 73 44 0 93269 972500 90396 7398 958750 6706
25140.639899 123557 400 400 400 400 73 46 0 73 52 0 73 42 0 73 44 0 93025 972500 90396 7398 958750 6706
25140.839900 123558 400 400 400 400 73 46 0 73 52 0 73 42 0 73 44 0 94001 972500 91368 7398 958750 6706
25141.039898 123559 400 400 400 400 73 46 0 73 52 0 73 42 0 73 44 0 94001 972500 91368 7398 958750 6706
25141.239899 123560 400 400 400 400 73 46 0 73 52 0 73 42 0 73 44 0 92720 972500 89424 7398 958750 6706
25141.439967 123561 400 400 400 400 73 46 0 73 52 0 73 42 0 73 44 0 93025 972500 90396 7398 958750 6706
25141.639918 123562 400 400 400 400 73 46 0 73 52 0 73 42 0 73 44 0 93269 972500 90396 7124 958750 6706
25141.839906 123563 400 400 400 400 73 46 0 73 52 0 73 42 0 73 44 0 93269 972500 90396 7124 958750 6706
25142.039940 123564 400 400 400 400 73 46 0 73 52 0 73 42 0 73 44 0 93513 972500 90396 7398 958750 6706
25142.239923 123565 400 400 400 400 73 46 0 73 52 0 73 42 0 73 44 0 93513 972500 90396 7398 958750 6706
25142.439923 123566 400 400 400 400 73 46 0 73 52 0 73 42 0 73 44 0 93025 972500 90396 7398 958750 6706
25142.639901 123567 400 400 400 400 73 46 0 73 52 0 73 42 0 73 44 0 92720 972500 89424 7398 958750 6706
25142.839923 123568 400 400 400 400 73 46 0 73 52 0 73 42 0 73 44 0 92720 972500 89424 7398 958750 6706
25143.039938 123569 400 400 400 400 73 46 0 73 52 0 73 42 0 73 44 0 93025 972500 90396 7124 958750 6706
25143.239923 123570 400 400 400 400 73 46 0 73 52 0 73 42 0 73 44 0 93757 972500 90396 7398 958750 6706
25143.439923 123571 400 400 400 400 73 46 0 73 52 0 73 42 0 73 44 0 92720 972500 89424 7398 958750 6706
25143.639924 123572 400 400 400 400 73 46 0 73 52 0 73 42 0 73 44 0 92720 972500 89424 7398 958750 6706
25143.839923 123573 400 400 400 400 73 46 0 73 52 0 73 42 0 73 44 0 93269 972500 90396 7398 958750 6706
25144.039930 123574 400 400 400 400 73 46 0 73 52 0 73 42 0 73 44 0 93757 972500 90396 7398 958750 6706
25144.239923 123575 400 400 400 400 73 46 0 73 52 0 73 42 0 73 44 0 93025 972500 90396 7124 958750 6706
25144.439925 123576 400 400 400 400 73 46 0 73 52 0 73 42 0 73 44 0 93025 972500 90396 7124 958750 6706
25144.639927 123577 400 400 400 400 73 46 0 73 52 0 73 42 0 73 44 0 92476 972500 89424 7398 958750 6706
25144.839924 123578 400 400 400 400 73 46 0 73 52 0 73 42 0 73 44 0 93025 972500 90396 7398 958750 6706
25145.039939 123579 400 400 400 400 73 46 0 73 52 0 73 42 0 73 44 0 93757 972500 90396 7124 958750 6706
25145.239924 123580 400 400 400 400 73 46 0 73 52 0 73 42 0 73 44 0 93757 972500 90396 7124 958750 6706
25145.439922 123581 400 400 400 400 73 46 0 73 52 0 73 42 0 73 44 0 93269 972500 90396 7398 958750 6706
25145.639924 123582 400 400 400 400 73 46 0 73 52 0 73 42 0 73 44 0 93513 972500 90396 7398 958750 6706
25145.839923 123583 400 400 400 400 73 46 0 73 52 0 73 42 0 73 44 0 93513 972500 90396 7398 958750 6706
25146.039938 123584 400 400 400 400 73 46 0 73 52 0 73 42 0 73 44 0 93513 972500 90396 7398 958750 6706
25146.239924 123585 400 400 400 400 73 46 0 73 52 0 73 42 0 73 44 0 93757 972500 90396 7124 958750 6706
25146.439915 123586 400 400 400 400 73 46 0 73 52 0 73 42 0 73 44 0 93513 972500 90396 7398 958750 6706
25146.639924 123587 400 400 400 400 73 46 0 73 52 0 73 42 0 73 44 0 93513 972500 90396 7398 958750 6706
25146.839923 123588 400 400 400 400 73 46 0 73 52 0 73 42 0 73 44 0 93513 972500 90396 7398 958750 6706
25147.039939 123589 400 400 400 400 73 46 0 73 52 0 73 42 0 73 44 0 93513 972500 90396 7398 958750 6706
25147.239924 123590 400 400 400 400 73 46 0 73 52 0 73 42 0 73 44 0 93269 972500 90396 7398 958750 6706
25147.439923 123591 400 400 400 400 73 46 0 73 52 0 73 42 0 73 44 0 93269 972500 90396 7124 958750 6706
25147.639928 123592 400 400 400 400 73 46 0 73 52 0 73 42 0 73 44 0 93269 972500 90396 7124 958750 6706
25147.839923 123593 400 400 400 400 73 46 0 73 52 0 73 42 0 73 44 0 93269 972500 90396 7398 958750 6706
25148.039939 123594 400 400 400 400 73 46 0 73 52 0 73 42 0 73 44 0 93269 972500 90396 7398 958750 6706
25148.239923 123595 400 400 400 400 73 46 0 73 52 0 73 42 0 73 44 0 93269 972500 90396 7398 958750 6706
25148.439905 123596 400 400 400 400 73 46 0 73 52 0 73 42 0 73 44 0 93269 972500 90396 7398 958750 6706
25148.639924 123597 400 400 400 400 73 46 0 73 52 0 73 42 0 73 44 0 93269 972500 90396 7398 958750 6706
25148.839924 123598 400 400 400 400 73 46 0 73 52 0 73 42 0 73 44 0 93269 972500 90396 7398 958750 6706
25149.039938 123599 400 400 400 400 73 46 0 73 52 0 73 42 0 73 44 0 93513 972500 90396 7398 958750 6706
25149.239923 123600 400 400 400 400 73 46 0 73 52 0 73 42 0 73 44 0 93025 972500 90396 7398 958750 6706
25149.439922 123601 400 400 400 400 73 46 0 73 52 0 73 42 0 73 44 0 93025 972500 90396 7398 958750 6706
25149.639924 123602 400 400 400 400 73 46 0 73 52 0 73 42 0 73 44 0 93025 972500 90396 7398 958750 6706
25149.839915 123603 400 400 400 400 73 46 0 73 52 0 73 42 0 73 44 0 93513 972500 90396 7398 958750 6706
25150.039938 123604 400 400 400 400 73 46 0 73 52 0 73 42 0 73 44 0 93269 972500 90396 7398 958750 6706
25150.239923 123605 400 400 400 400 73 46 0 73 52 0 73 42 0 73 44 0 93269 972500 90396 7398 958750 6706
25150.439923 123606 400 400 400 400 73 46 0 73 52 0 73 42 0 73 44 0 93513 972500 90396 7398 958750 6706
25150.639927 123607 400 400 400 400 73 46 0 73 52 0 73 42 0 73 44 0 93269 972500 90396 7398 958750 6706
25150.839924 123608 400 400 400 400 73 46 0 73 52 0 73 42 0 73 44 0 92720 972500 89424 7398 958750 6706
25151.039939 123609 400 400 400 400 73 46 0 73 52 0 73 42 0 73 44 0 92720 972500 89424 7398 958750 6706
25151.239923 123610 400 400 400 400 73 46 0 73 52 0 73 42 0 73 44 0 93025 972500 90396 7398 958750 6706
25151.439923 123611 400 400 400 400 73 46 0 73 52 0 73 42 0 73 44 0 93513 972500 90396 7398 958750 6706
25151.639923 123612 400 400 400 400 73 46 0 73 52 0 73 42 0 73 44 0 93269 972500 90396 7398 958750 6706
25151.839923 123613 400 400 400 400 73 46 0 73 52 0 73 42 0 73 44 0 93269 972500 90396 7398 958750 6706
25152.039938 123614 400 400 400 400 73 46 0 73 52 0 73 42 0 73 44 0 93025 972500 90396 7398 958750 6706
25152.239915 123615 400 400 400 400 73 46 0 73 52 0 73 42 0 73 44 0 93513 972500 90396 7124 958750 6706
25152.439924 123616 400 400 400 400 73 46 0 73 52 0 73 42 0 73 44 0 93513 972500 90396 7398 958750 6706
25152.639924 123617 400 400 400 400 73 46 0 73 52 0 73 42 0 73 44 0 93513 972500 90396 7398 958750 6706
25152.839923 123618 400 400 400 400 73 46 0 73 52 0 73 42 0 73 44 0 93269 972500 90396 7398 958750 6706
25153.039938 123619 400 400 400 400 73 46 0 73 52 0 73 42 0 73 44 0 93269 972500 90396 7124 958750 6706
25153.239923 123620 400 400 400 400 73 46 0 73 52 0 73 42 0 73 44 0 93757 972500 90396 7398 958750 6706
25153.439923 123621 400 400 400 400 73 46 0 73 52 0 73 42 0 73 44 0 93757 972500 90396 7398 958750 6706
25153.639927 123622 400 400 400 400 73 46 0 73 52 0 73 42 0 73 44 0 93269 972500 90396 7398 958750 6706
25153.839924 123623 400 400 400 400 73 46 0 73 52 0 73 42 0 73 44 0 93513 972500 90396 7398 958750 6706
25154.039939 123624 400 400 400 400 73 46 0 73 52 0 73 42 0 73 44 0 93025 972500 90396 7398 958750 6706
25154.239925 123625 400 400 400 400 73 46 0 73 52 0 73 42 0 73 44 0 93025 972500 90396 7398 958750 6706
25154.439923 123626 400 400 400 400 73 46 0 73 52 0 73 42 0 73 44 0 93757 972500 90396 7398 958750 6706
25154.639917 123627 400 400 400 400 73 46 0 73 52 0 73 42 0 73 44 0 93025 972500 90396 7124 958750 6706
25154.839923 123628 400 400 400 400 73 46 0 73 52 0 73 42 0 73 44 0 93025 972500 90396 7124 958750 6706
25155.039915 123629 400 400 400 400 73 46 0 73 52 0 73 42 0 73 44 0 93269 972500 90396 7398 958750 6706
25155.239923 123630 400 400 400 400 73 46 0 73 52 0 73 42 0 73 44 0 93269 972500 90396 7398 958750 6706
25155.439924 123631 400 400 400 400 73 46 0 73 52 0 73 42 0 73 44 0 93269 972500 90396 7398 958750 6706
25155.639925 123632 400 400 400 400 73 46 0 73 52 0 73 42 0 73 44 0 93269 972500 90396 7398 958750 6706
25155.839923 123633 400 400 400 400 73 46 0 73 52 0 73 42 0 73 44 0 93513 972500 90396 7124 958750 6706
25156.039940 123634 400 400 400 400 73 46 0 73 52 0 73 42 0 73 44 0 93513 972500 90396 7124 958750 6706
25156.239924 123635 400 400 400 400 73 46 0 73 52 0 73 42 0 73 44 0 93269 972500 90396 7398 958750 6706
25156.439923 123636 400 400 400 400 73 46 0 73 52 0 73 42 0 73 44 0 93513 972500 90396 7398 958750 6706
25156.639926 123637 400 400 400 400 73 46 0 73 52 0 73 42 0 73 44 0 93025 972500 90396 7124 958750 6706
25156.839924 123638 400 400 400 400 73 46 0 73 52 0 73 42 0 73 44 0 93025 972500 90396 7124 958750 6706
25157.039949 123639 400 400 400 400 73 46 0 73 52 0 73 42 0 73 44 0 93025 972500 90396 7398 958750 6706
25157.239899 123640 400 400 400 400 73 46 0 73 52 0 73 42 0 73 44 0 94733 972500 91368 7124 958750 6706
25157.439898 123641 400 400 400 400 73 46 0 73 52 0 73 42 0 73 44 0 93269 972500 90396 7398 958750 6706
25157.639898 123642 400 400 400 400 73 46 0 73 52 0 73 42 0 73 44 0 93269 972500 90396 7398 958750 6706
25157.839899 123643 400 400 400 400 73 46 0 73 52 0 73 42 0 73 44 0 93513 972500 90396 7398 958750 6706
25158.039899 123644 400 400 400 400 73 46 0 73 52 0 73 42 0 73 44 0 93269 972500 90396 7398 958750 6706
25158.239898 123645 400 400 400 400 73 46 0 73 52 0 73 42 0 73 44 0 93269 972500 90396 7398 958750 6706
25158.439897 123646 400 400 400 400 73 46 0 73 52 0 73 42 0 73 44 0 93269 972500 90396 7398 958750 6706
25158.639899 123647 400 400 400 400 73 46 0 73 52 0 73 42 0 73 44 0 92720 972500 89424 7398 958750 6706
25158.839900 123648 400 400 400 400 73 46 0 73 52 0 73 42 0 73 44 0 93513 972500 90396 7398 958750 6706
25159.039852 123649 400 400 400 400 73 46 0 73 52 0 73 42 0 73 44 0 93269 972500 90396 7398 958750 6706
25159.239850 123650 400 400 400 400 73 46 0 73 52 0 73 42 0 73 44 0 93269 972500 90396 7398 958750 6706
25159.439854 123651 400 400 400 400 73 46 0 73 52 0 73 42 0 73 44 0 93025 972500 90396 7398 958750 6706
25159.639965 123652 400 400 400 400 73 46 0 73 52 0 73 42 0 73 44 0 93025 972500 90396 7124 958750 6706
25159.839928 123653 400 400 400 400 73 46 0 73 52 0 73 42 0 73 44 0 93513 972500 90396 7124 958750 6706
25160.039923 123654 400 400 400 400 73 46 0 73 52 0 73 42 0 73 44 0 93513 972500 90396 7124 958750 6706
25160.239924 123655 400 400 400 400 73 46 0 73 52 0 73 42 0 73 44 0 93025 972500 90396 7398 958750 6706
25160.439924 123656 400 400 400 400 73 46 0 73 52 0 73 42 0 73 44 0 93025 972500 90396 7398 958750 6706
25160.639925 123657 400 400 400 400 73 46 0 73 52 0 73 42 0 73 44 0 94489 972500 91368 7398 958750 6706
25160.839906 123658 400 400 400 400 73 46 0 73 52 0 73 42 0 73 44 0 94489 972500 91368 7398 958750 6706
25161.039941 123659 400 400 400 400 73 46 0 73 52 0 73 42 0 73 44 0 93513 972500 90396 7398 958750 6706
25161.239923 123660 400 400 400 400 73 46 0 73 52 0 73 42 0 73 44 0 93757 972500 90396 7398 958750 6706
25161.439923 123661 400 400 400 400 73 46 0 73 52 0 73 42 0 73 44 0 93513 972500 90396 7398 958750 6706
25161.639926 123662 400 400 400 400 73 46 0 73 52 0 73 42 0 73 44 0 93513 972500 90396 7124 958750 6706
25161.839923 123663 400 400 400 400 73 46 0 73 52 0 73 42 0 73 44 0 93513 972500 90396 7124 958750 6706
25162.039938 123664 400 400 400 400 73 46 0 73 52 0 73 42 0 73 44 0 93513 972500 90396 7124 958750 6706
25162.239924 123665 400 400 400 400 73 46 0 73 52 0 73 42 0 73 44 0 93757 972500 90396 7124 958750 6706
25162.439923 123666 400 400 400 400 73 46 0 73 52 0 73 42 0 73 44 0 93757 972500 90396 7398 958750 6706
25162.639930 123667 400 400 400 400 73 46 0 73 52 0 73 42 0 73 44 0 93757 972500 90396 7398 958750 6706
25162.839916 123668 400 400 400 400 73 46 0 73 52 0 73 42 0 73 44 0 93513 972500 90396 7398 958750 6706
25163.039939 123669 400 400 400 400 73 46 0 73 52 0 73 42 0 73 44 0 93513 972500 90396 7398 958750 6706
25163.239923 123670 400 400 400 400 73 46 0 73 52 0 73 42 0 73 44 0 93757 972500 90396 7398 958750 6706
25163.439923 123671 400 400 400 400 73 46 0 73 52 0 73 42 0 73 44 0 93757 972500 90396 7398 958750 6706
25163.639924 123672 400 400 400 400 73 46 0 73 52 0 73 42 0 73 44 0 93269 972500 90396 7124 958750 6706
25163.839923 123673 400 400 400 400 73 46 0 73 52 0 73 42 0 73 44 0 93513 972500 90396 7124 958750 6706
25164.039939 123674 400 400 400 400 73 46 0 73 52 0 73 42 0 73 44 0 93269 972500 90396 7398 958750 6706
25164.239923 123675 400 400 400 400 73 46 0 73 52 0 73 42 0 73 44 0 93269 972500 90396 7398 958750 6706
25164.439923 123676 400 400 400 400 73 46 0 73 52 0 73 42 0 73 44 0 93025 972500 90396 7124 958750 6706
25164.639924 123677 400 400 400 400 73 46 0 73 52 0 73 42 0 73 44 0 93757 972500 90396 7398 958750 6706
25164.839924 123678 400 400 400 400 73 46 0 73 52 0 73 42 0 73 44 0 93269 972500 90396 7398 958750 6706
25165.039938 123679 400 400 400 400 73 46 0 73 52 0 73 42 0 73 44 0 93269 972500 90396 7398 958750 6706
25165.239916 123680 400 400 400 400 73 46 0 73 52 0 73 42 0 73 44 0 93025 972500 90396 7398 958750 6706
25165.439922 123681 400 400 400 400 73 46 0 73 52 0 73 42 0 73 44 0 93025 972500 90396 7398 958750 6706
25165.639927 123682 400 400 400 400 73 46 0 73 52 0 73 42 0 73 44 0 92720 972500 89424 7398 958750 6706
25165.839923 123683 400 400 400 400 73 46 0 73 52 0 73 42 0 73 44 0 92720 972500 89424 7398 958750 6706
25166.039939 123684 400 400 400 400 73 46 0 73 52 0 73 42 0 73 44 0 93269 972500 90396 7398 958750 6706
25166.239924 123685 400 400 400 400 73 46 0 73 52 0 73 42 0 73 44 0 92720 972500 89424 7398 958750 6706
25166.439923 123686 400 400 400 400 73 46 0 73 52 0 73 42 0 73 44 0 93269 972500 90396 7124 958750 6706
25166.639924 123687 400 400 400 400 73 46 0 73 52 0 73 42 0 73 44 0 93269 972500 90396 7124 958750 6706
25166.839923 123688 400 400 400 400 73 46 0 73 52 0 73 42 0 73 44 0 93513 972500 90396 7398 958750 6706
25167.039938 123689 400 400 400 400 73 46 0 73 52 0 73 42 0 73 44 0 93269 972500 90396 7398 958750 6706
25167.239923 123690 400 400 400 400 73 46 0 73 52 0 73 42 0 73 44 0 93269 972500 90396 7398 958750 6706
25167.440068 123691 400 400 400 400 73 46 0 73 52 0 73 42 0 73 44 0 93025 972500 90396 7398 958750 6706
25167.639924 123692 400 400 400 400 73 46 0 73 52 0 73 42 0 73 44 0 93025 972500 90396 7398 958750 6706
25167.839923 123693 400 400 400 400 73 46 0 73 52 0 73 42 0 73 44 0 93025 972500 90396 7398 958750 6706
25168.039939 123694 400 400 400 400 73 46 0 73 52 0 73 42 0 73 44 0 93025 972500 90396 7398 958750 6706
25168.239924 123695 400 400 400 400 73 46 0 73 52 0 73 42 0 73 44 0 93269 972500 90396 7398 958750 6706
25168.439924 123696 400 400 400 400 73 46 0 73 52 0 73 42 0 73 44 0 93269 972500 90396 7398 958750 6706
25168.639927 123697 400 400 400 400 73 46 0 73 52 0 73 42 0 73 44 0 93025 972500 90396 7124 958750 6706
25168.839924 123698 400 400 400 400 73 46 0 73 52 0 73 42 0 73 44 0 93269 972500 90396 7398 958750 6706
25169.039939 123699 400 400 400 400 73 46 0 73 52 0 73 42 0 73 44 0 93269 972500 90396 7124 958750 6706
25169.239924 123700 400 400 400 400 73 46 0 73 52 0 73 42 0 73 44 0 93269 972500 90396 7124 958750 6706
25169.439924 123701 400 400 400 400 73 46 0 73 52 0 73 42 0 73 44 0 92232 972500 89424 7398 958750 6706
25169.639925 123702 400 400 400 400 73 46 0 73 52 0 73 42 0 73 44 0 93025 972500 90396 7398 958750 6706
25169.839915 123703 400 400 400 400 73 46 0 73 52 0 73 42 0 73 44 0 93269 972500 90396 7398 958750 6706
25170.039938 123704 400 400 400 400 73 46 0 73 52 0 73 42 0 73 44 0 93269 972500 90396 7398 958750 6706
25170.239923 123705 400 400 400 400 73 46 0 73 52 0 73 42 0 73 44 0 93025 972500 90396 7398 958750 6706
25170.439924 123706 400 400 400 400 73 46 0 73 52 0 73 42 0 73 44 0 93269 972500 90396 7398 958750 6706
25170.639925 123707 400 400 400 400 73 46 0 73 52 0 73 42 0 73 44 0 93269 972500 90396 7124 958750 6706
25170.839925 123708 400 400 400 400 73 46 0 73 52 0 73 42 0 73 44 0 93269 972500 90396 7124 958750 6706
25171.039938 123709 400 400 400 400 73 46 0 73 52 0 73 42 0 73 44 0 93513 972500 90396 7398 958750 6706
25171.239923 123710 400 400 400 400 73 46 0 73 52 0 73 42 0 73 44 0 93025 972500 90396 7398 958750 6706
25171.439923 123711 400 400 400 400 73 46 0 73 52 0 73 42 0 73 44 0 93269 972500 90396 7398 958750 6706
25171.639926 123712 400 400 400 400 73 46 0 73 52 0 73 42 0 73 44 0 93269 972500 90396 7398 958750 6706
25171.839923 123713 400 400 400 400 73 46 0 73 52 0 73 42 0 73 44 0 93269 972500 90396 7398 958750 6706
25172.039938 123714 400 400 400 400 73 46 0 73 52 0 73 42 0 73 44 0 93269 972500 90396 7398 958750 6706
25172.239915 123715 400 400 400 400 73 46 0 73 52 0 73 42 0 73 44 0 93025 972500 90396 7398 958750 6706
25172.439925 123716 400 400 400 400 73 46 0 73 52 0 73 42 0 73 44 0 93025 972500 90396 7398 958750 6706
25172.639923 123717 400 400 400 400 73 46 0 73 52 0 73 42 0 73 44 0 93513 972500 90396 7398 958750 6706
25172.839923 123718 400 400 400 400 73 46 0 73 52 0 73 42 0 73 44 0 93025 972500 90396 7124 958750 6706
25173.039938 123719 400 400 400 400 73 46 0 73 52 0 73 42 0 73 44 0 93513 972500 90396 7398 958750 6706
25173.239907 123720 400 400 400 400 73 46 0 73 52 0 73 42 0 73 44 0 93513 972500 90396 7398 958750 6706
25173.439924 123721 400 400 400 400 73 46 0 73 52 0 73 42 0 73 44 0 93025 972500 90396 7398 958750 6706
25173.639926 123722 400 400 400 400 73 46 0 73 52 0 73 42 0 73 44 0 93269 972500 90396 7398 958750 6706
25173.839924 123723 400 400 400 400 73 46 0 73 52 0 73 42 0 73 44 0 93757 972500 90396 7398 958750 6706
25174.039915 123724 400 400 400 400 73 46 0 73 52 0 73 42 0 73 44 0 93269 972500 90396 7398 958750 6706
25174.239923 123725 400 400 400 400 73 46 0 73 52 0 73 42 0 73 44 0 93269 972500 90396 7398 958750 6706
25174.439923 123726 400 400 400 400 73 46 0 73 52 0 73 42 0 73 44 0 93269 972500 90396 7398 958750 6706
25174.639927 123727 400 400 400 400 73 46 0 73 52 0 73 42 0 73 44 0 92720 972500 89424 7398 958750 6706
25174.839923 123728 400 400 400 400 73 46 0 73 52 0 73 42 0 73 44 0 92720 972500 89424 7398 958750 6706
25175.039939 123729 400 400 400 400 73 46 0 73 52 0 73 42 0 73 44 0 92720 972500 89424 7398 958750 6706
25175.239923 123730 400 400 400 400 73 46 0 73 52 0 73 42 0 73 44 0 92720 972500 89424 7398 958750 6706
25175.439924 123731 400 400 400 400 73 46 0 73 52 0 73 42 0 73 44 0 93269 972500 90396 7398 958750 6706
25175.639916 123732 400 400 400 400 73 46 0 73 52 0 73 42 0 73 44 0 93757 972500 90396 7398 958750 6706
25175.839923 123733 400 400 400 400 73 46 0 73 52 0 73 42 0 73 44 0 93757 972500 90396 7398 958750 6706
25176.039940 123734 400 400 400 400 73 46 0 73 52 0 73 42 0 73 44 0 93025 972500 90396 7398 958750 6706
25176.239923 123735 400 400 400 400 73 46 0 73 52 0 73 42 0 73 44 0 93025 972500 90396 7398 958750 6706
25176.439923 123736 400 400 400 400 73 46 0 73 52 0 73 42 0 73 44 0 93513 972500 90396 7398 958750 6706
25176.639926 123737 400 400 400 400 73 46 0 73 52 0 73 42 0 73 44 0 93513 972500 90396 7398 958750 6706
25176.839923 123738 400 400 400 400 73 46 0 73 52 0 73 42 0 73 44 0 93513 972500 90396 7398 958750 6706
25177.039939 123739 400 400 400 400 73 46 0 73 52 0 73 42 0 73 44 0 93269 972500 90396 7398 958750 6706
25177.239923 123740 400 400 400 400 73 46 0 73 52 0 73 42 0 73 44 0 93269 972500 90396 7398 958750 6706
25177.439922 123741 400 400 400 400 73 46 0 73 52 0 73 42 0 73 44 0 93269 972500 90396 7398 958750 6706
25177.639927 123742 400 400 400 400 73 46 0 73 52 0 73 42 0 73 44 0 92720 972500 89424 7124 958750 6706
25177.839924 123743 400 400 400 400 73 46 0 73 52 0 73 42 0 73 44 0 93513 972500 90396 7398 958750 6706
25178.039915 123744 400 400 400 400 73 46 0 73 52 0 73 42 0 73 44 0 93269 972500 90396 7124 958750 6706
25178.239923 123745 400 400 400 400 73 46 0 73 52 0 73 42 0 73 44 0 93269 972500 90396 7124 958750 6706
25178.439923 123746 400 400 400 400 73 46 0 73 52 0 73 42 0 73 44 0 93025 972500 90396 7398 958750 6706
25178.639924 123747 400 400 400 400 73 46 0 73 52 0 73 42 0 73 44 0 93025 972500 90396 7398 958750 6706
25178.839923 123748 400 400 400 400 73 46 0 73 52 0 73 42 0 73 44 0 93025 972500 90396 7124 958750 6706
25179.039938 123749 400 400 400 400 73 46 0 73 52 0 73 42 0 73 44 0 93025 972500 90396 7124 958750 6706
25179.239925 123750 400 400 400 400 73 46 0 73 52 0 73 42 0 73 44 0 93025 972500 90396 7398 958750 6706
25179.439923 123751 400 400 400 400 73 46 0 73 52 0 73 42 0 73 44 0 93025 972500 90396 7398 958750 6706
25179.639924 123752 400 400 400 400 73 46 0 73 52 0 73 42 0 73 44 0 93025 972500 90396 7124 958750 6706
25179.839905 123753 400 400 400 400 73 46 0 73 52 0 73 42 0 73 44 0 93025 972500 90396 7124 958750 6706
25180.039938 123754 400 400 400 400 73 46 0 73 52 0 73 42 0 73 44 0 93025 972500 90396 7398 958750 6706
25180.239923 123755 400 400 400 400 73 46 0 73 52 0 73 42 0 73 44 0 93025 972500 90396 7124 958750 6706
25180.439915 123756 400 400 400 400 73 46 0 73 52 0 73 42 0 73 44 0 93269 972500 90396 7398 958750 6706
25180.639926 123757 400 400 400 400 73 46 0 73 52 0 73 42 0 73 44 0 93269 972500 90396 7398 958750 6706
25180.839923 123758 400 400 400 400 73 46 0 73 52 0 73 42 0 73 44 0 93269 972500 90396 7398 958750 6706
25181.039950 123759 400 400 400 400 73 46 0 73 52 0 73 42 0 73 44 0 93513 972500 90396 7398 958750 6706
25181.239899 123760 400 400 400 400 73 46 0 73 52 0 73 42 0 73 44 0 94001 972500 91368 7398 958750 6706
25181.439898 123761 400 400 400 400 73 46 0 73 52 0 73 42 0 73 44 0 93757 972500 90396 7124 958750 6706
25181.639899 123762 400 400 400 400 73 46 0 73 52 0 73 42 0 73 44 0 93757 972500 90396 7124 958750 6706
25181.839899 123763 400 400 400 400 73 46 0 73 52 0 73 42 0 73 44 0 93269 972500 90396 7398 958750 6706
25182.039898 123764 400 400 400 400 73 46 0 73 52 0 73 42 0 73 44 0 93025 972500 90396 7398 958750 6706
25182.239898 123765 400 400 400 400 73 46 0 73 52 0 73 42 0 73 44 0 93513 972500 90396 7398 958750 6706
25182.439898 123766 400 400 400 400 73 46 0 73 52 0 73 42 0 73 44 0 93513 972500 90396 7398 958750 6706
25182.639899 123767 400 400 400 400 73 46 0 73 52 0 73 42 0 73 44 0 93025 972500 90396 7398 958750 6706
25182.839899 123768 400 400 400 400 73 46 0 73 52 0 73 42 0 73 44 0 92476 972500 89424 7398 958750 6706
25183.039899 123769 400 400 400 400 73 46 0 73 52 0 73 42 0 73 44 0 93025 972500 90396 7398 958750 6706
25183.239897 123770 400 400 400 400 73 46 0 73 52 0 73 42 0 73 44 0 93025 972500 90396 7398 958750 6706
25183.439898 123771 400 400 400 400 73 46 0 73 52 0 73 42 0 73 44 0 93025 972500 90396 7398 958750 6706
25183.639899 123772 400 400 400 400 73 46 0 73 52 0 73 42 0 73 44 0 93269 972500 90396 7398 958750 6706
25183.839898 123773 400 400 400 400 73 46 0 73 52 0 73 42 0 73 44 0 92720 972500 89424 7124 958750 6706
25184.039898 123774 400 400 400 400 73 46 0 73 52 0 73 42 0 73 44 0 92720 972500 89424 7124 958750 6706
25184.239900 123775 400 400 400 400 73 46 0 73 52 0 73 42 0 73 44 0 93269 972500 90396 7398 958750 6706
25184.439898 123776 400 400 400 400 73 46 0 73 52 0 73 42 0 73 44 0 93757 972500 90396 7124 958750 6706
25184.639899 123777 400 400 400 400 73 46 0 73 52 0 73 42 0 73 44 0 93513 972500 90396 7398 958750 6706
25184.839897 123778 400 400 400 400 73 46 0 73 52 0 73 42 0 73 44 0 93513 972500 90396 7398 958750 6706
25185.039970 123779 400 400 400 400 73 46 0 73 52 0 73 42 0 73 44 0 93757 972500 90396 7398 958750 6706
25185.239915 123780 400 400 400 400 73 46 0 73 52 0 73 42 0 73 44 0 93269 972500 90396 7124 958750 6706
25185.439922 123781 400 400 400 400 73 46 0 73 52 0 73 42 0 73 44 0 93269 972500 90396 7398 958750 6706
25185.639926 123782 400 400 400 400 73 46 0 73 52 0 73 42 0 73 44 0 93269 972500 90396 7398 958750 6706
25185.839923 123783 400 400 400 400 73 46 0 73 52 0 73 42 0 73 44 0 93025 972500 90396 7398 958750 6706
25186.039939 123784 400 400 400 400 73 46 0 73 52 0 73 42 0 73 44 0 93025 972500 90396 7398 958750 6706
25186.239914 123785 400 400 400 400 73 46 0 73 52 0 73 42 0 73 44 0 93269 972500 90396 7398 958750 6706
25186.439853 123786 400 400 400 400 73 46 0 73 52 0 73 42 0 73 44 0 93513 972500 90396 7398 958750 6706
25186.639927 123787 400 400 400 400 73 46 0 73 52 0 73 42 0 73 44 0 93513 972500 90396 7398 958750 6706
25186.839923 123788 400 400 400 400 73 46 0 73 52 0 73 42 0 73 44 0 93513 972500 90396 7398 958750 6706
25187.039939 123789 400 400 400 400 73 46 0 73 52 0 73 42 0 73 44 0 93269 972500 90396 7398 958750 6706
25187.239923 123790 400 400 400 400 73 46 0 73 52 0 73 42 0 73 44 0 93513 972500 90396 7398 958750 6706
25187.439923 123791 400 400 400 400 73 46 0 73 52 0 73 42 0 73 44 0 93513 972500 90396 7398 958750 6706
25187.639924 123792 400 400 400 400 73 46 0 73 52 0 73 42 0 73 44 0 93757 972500 90396 7398 958750 6706
25187.839925 123793 400 400 400 400 73 46 0 73 52 0 73 42 0 73 44 0 93269 972500 90396 7398 958750 6706
25188.039938 123794 400 400 400 400 73 46 0 73 52 0 73 42 0 73 44 0 93757 972500 90396 7398 958750 6706
25188.239923 123795 400 400 400 400 73 46 0 73 52 0 73 42 0 73 44 0 93757 972500 90396 7398 958750 6706
25188.439923 123796 400 400 400 400 73 46 0 73 52 0 73 42 0 73 44 0 93269 972500 90396 7398 958750 6706
25188.639915 123797 400 400 400 400 73 46 0 73 52 0 73 42 0 73 44 0 93513 972500 90396 7398 958750 6706
25188.839923 123798 400 400 400 400 73 46 0 73 52 0 73 42 0 73 44 0 93269 972500 90396 7398 958750 6706
25189.039939 123799 400 400 400 400 73 46 0 73 52 0 73 42 0 73 44 0 93269 972500 90396 7398 958750 6706
25189.239923 123800 400 400 400 400 73 46 0 73 52 0 73 42 0 73 44 0 93757 972500 90396 7398 958750 6706
25189.439922 123801 400 400 400 400 73 46 0 73 52 0 73 42 0 73 44 0 93513 972500 90396 7398 958750 6706
25189.639927 123802 400 400 400 400 73 46 0 73 52 0 73 42 0 73 44 0 93513 972500 90396 7124 958750 6706
25189.839923 123803 400 400 400 400 73 46 0 73 52 0 73 42 0 73 44 0 93513 972500 90396 7124 958750 6706
25190.039938 123804 400 400 400 400 73 46 0 73 52 0 73 42 0 73 44 0 93757 972500 90396 7398 958750 6706
25190.239923 123805 400 400 400 400 73 46 0 73 52 0 73 42 0 73 44 0 93513 972500 90396 7398 958750 6706
25190.439922 123806 400 400 400 400 73 46 0 73 52 0 73 42 0 73 44 0 93513 972500 90396 7398 958750 6706
25190.639925 123807 400 400 400 400 73 46 0 73 52 0 73 42 0 73 44 0 93513 972500 90396 7398 958750 6706
25190.839924 123808 400 400 400 400 73 46 0 73 52 0 73 42 0 73 44 0 93513 972500 90396 7398 958750 6706
25191.039930 123809 400 400 400 400 73 46 0 73 52 0 73 42 0 73 44 0 93757 972500 90396 7398 958750 6706
25191.239923 123810 400 400 400 400 73 46 0 73 52 0 73 42 0 73 44 0 93757 972500 90396 7398 958750 6706
25191.439923 123811 400 400 400 400 73 46 0 73 52 0 73 42 0 73 44 0 93757 972500 90396 7398 958750 6706
25191.639923 123812 400 400 400 400 73 46 0 73 52 0 73 42 0 73 44 0 93513 972500 90396 7398 958750 6706
25191.839923 123813 400 400 400 400 73 46 0 73 52 0 73 42 0 73 44 0 93757 972500 90396 7124 958750 6706
25192.039938 123814 400 400 400 400 73 46 0 73 52 0 73 42 0 73 44 0 94001 972500 91368 7398 958750 6706
25192.239906 123815 400 400 400 400 73 46 0 73 52 0 73 42 0 73 44 0 94001 972500 91368 7398 958750 6706
25192.439923 123816 400 400 400 400 73 46 0 73 52 0 73 42 0 73 44 0 93269 972500 90396 7398 958750 6706
25192.639926 123817 400 400 400 400 73 46 0 73 52 0 73 42 0 73 44 0 93025 972500 90396 7398 958750 6706
25192.839923 123818 400 400 400 400 73 46 0 73 52 0 73 42 0 73 44 0 93513 972500 90396 7398 958750 6706
25193.039915 123819 400 400 400 400 73 46 0 73 52 0 73 42 0 73 44 0 93757 972500 90396 7398 958750 6706
25193.239923 123820 400 400 400 400 73 46 0 73 52 0 73 42 0 73 44 0 93757 972500 90396 7398 958750 6706
25193.439916 123821 400 400 400 400 73 46 0 73 52 0 73 42 0 73 44 0 93513 972500 90396 7398 958750 6706
25193.639924 123822 400 400 400 400 73 46 0 73 52 0 73 42 0 73 44 0 93757 972500 90396 7398 958750 6706
25193.839923 123823 400 400 400 400 73 46 0 73 52 0 73 42 0 73 44 0 93269 972500 90396 7398 958750 6706
25194.039938 123824 400 400 400 400 73 46 0 73 52 0 73 42 0 73 44 0 93269 972500 90396 7398 958750 6706
25194.239923 123825 400 400 400 400 73 46 0 73 52 0 73 42 0 73 44 0 93513 972500 90396 7398 958750 6706
25194.439925 123826 400 400 400 400 73 46 0 73 52 0 73 42 0 73 44 0 93757 972500 90396 7398 958750 6706
25194.639924 123827 400 400 400 400 73 46 0 73 52 0 73 42 0 73 44 0 93269 972500 90396 7398 958750 6706
25194.839923 123828 400 400 400 400 73 46 0 73 52 0 73 42 0 73 44 0 93269 972500 90396 7398 958750 6706
25195.039938 123829 400 400 400 400 73 46 0 73 52 0 73 42 0 73 44 0 93269 972500 90396 7398 958750 6706
25195.239923 123830 400 400 400 400 73 46 0 73 52 0 73 42 0 73 44 0 93269 972500 90396 7124 958750 6706
25195.439948 123831 400 400 400 400 73 46 0 73 52 0 73 42 0 73 44 0 93513 972500 90396 7398 958750 6706
25195.639929 123832 400 400 400 400 73 46 0 73 52 0 73 42 0 73 44 0 93513 972500 90396 7398 958750 6706
25195.839916 123833 400 400 400 400 73 46 0 73 52 0 73 42 0 73 44 0 95770 972500 92340 7398 958750 6706
25196.039940 123834 400 400 400 400 73 46 0 73 52 0 73 42 0 73 44 0 92720 972500 89424 7398 958750 6706
25196.239923 123835 400 400 400 400 73 46 0 73 52 0 73 42 0 73 44 0 93025 972500 90396 7398 958750 6706
25196.439923 123836 400 400 400 400 73 46 0 73 52 0 73 42 0 73 44 0 93025 972500 90396 7398 958750 6706
25196.639924 123837 400 400 400 400 73 46 0 73 52 0 73 42 0 73 44 0 93269 972500 90396 7398 958750 6706
25196.839922 123838 400 400 400 400 73 46 0 73 52 0 73 42 0 73 44 0 93757 972500 90396 7398 958750 6706
25197.039938 123839 400 400 400 400 73 46 0 73 52 0 73 42 0 73 44 0 93513 972500 90396 7398 958750 6706
25197.239923 123840 400 400 400 400 73 46 0 73 52 0 73 42 0 73 44 0 93513 972500 90396 7398 958750 6706
25197.439922 123841 400 400 400 400 73 46 0 73 52 0 73 42 0 73 44 0 93513 972500 90396 7398 958750 6706
25197.639924 123842 400 400 400 400 73 46 0 73 52 0 73 42 0 73 44 0 93025 972500 90396 7398 958750 6706
25197.839923 123843 400 400 400 400 73 46 0 73 52 0 73 42 0 73 44 0 93269 972500 90396 7398 958750 6706
25198.039938 123844 400 400 400 400 73 46 0 73 52 0 73 42 0 73 44 0 93269 972500 90396 7398 958750 6706
25198.239916 123845 400 400 400 400 73 46 0 73 52 0 73 42 0 73 44 0 93025 972500 90396 7124 958750 6706
25198.439922 123846 400 400 400 400 73 46 0 73 52 0 73 42 0 73 44 0 93269 972500 90396 7398 958750 6706
25198.639926 123847 400 400 400 400 73 46 0 73 52 0 73 42 0 73 44 0 93513 972500 90396 7398 958750 6706
25198.839906 123848 400 400 400 400 73 46 0 73 52 0 73 42 0 73 44 0 93513 972500 90396 7398 958750 6706
25199.039940 123849 400 400 400 400 73 46 0 73 52 0 73 42 0 73 44 0 93513 972500 90396 7398 958750 6706
25199.239916 123850 400 400 400 400 73 46 0 73 52 0 73 42 0 73 44 0 93513 972500 90396 7124 958750 6706
25199.439923 123851 400 400 400 400 73 46 0 73 52 0 73 42 0 73 44 0 93757 972500 90396 7398 958750 6706
25199.639924 123852 400 400 400 400 73 46 0 73 52 0 73 42 0 73 44 0 93025 972500 90396 7398 958750 6706
25199.839923 123853 400 400 400 400 73 46 0 73 52 0 73 42 0 73 44 0 93025 972500 90396 7398 958750 6706
25200.039939 123854 400 400 400 400 73 46 0 73 52 0 73 42 0 73 44 0 93025 972500 90396 7398 958750 6706
25200.239923 123855 400 400 400 400 73 46 0 73 52 0 73 42 0 73 44 0 93025 972500 90396 7398 958750 6706
25200.439923 123856 400 400 400 400 73 46 0 73 52 0 73 42 0 73 44 0 94001 972500 91368 7398 958750 6706
25200.639925 123857 400 400 400 400 73 46 0 73 52 0 73 42 0 73 44 0 94001 972500 91368 7398 958750 6706
25200.839924 123858 400 400 400 400 73 46 0 73 52 0 73 42 0 73 44 0 93513 972500 90396 7398 958750 6706
25201.039939 123859 400 400 400 400 73 46 0 73 52 0 73 42 0 73 44 0 93513 972500 90396 7398 958750 6706
25201.239924 123860 400 400 400 400 73 46 0 73 52 0 73 42 0 73 44 0 93025 972500 90396 7398 958750 6706
25201.439923 123861 400 400 400 400 73 46 0 73 52 0 73 42 0 73 44 0 93025 972500 90396 7398 958750 6706
25201.639920 123862 400 400 400 400 73 46 0 73 52 0 73 42 0 73 44 0 93269 972500 90396 7398 958750 6706
25201.839923 123863 400 400 400 400 73 46 0 73 52 0 73 42 0 73 44 0 93025 972500 90396 7398 958750 6706
25202.039939 123864 400 400 400 400 73 46 0 73 52 0 73 42 0 73 44 0 93269 972500 90396 7124 958750 6706
25202.239923 123865 400 400 400 400 73 46 0 73 52 0 73 42 0 73 44 0 93269 972500 90396 7124 958750 6706
25202.439923 123866 400 400 400 400 73 46 0 73 52 0 73 42 0 73 44 0 93025 972500 90396 7398 958750 6706
25202.639924 123867 400 400 400 400 73 46 0 73 52 0 73 42 0 73 44 0 93269 972500 90396 7398 958750 6706
25202.839923 123868 400 400 400 400 73 46 0 73 52 0 73 42 0 73 44 0 93269 972500 90396 7398 958750 6706
25203.039940 123869 400 400 400 400 73 46 0 73 52 0 73 42 0 73 44 0 93269 972500 90396 7398 958750 6706
25203.239923 123870 400 400 400 400 73 46 0 73 52 0 73 42 0 73 44 0 93269 972500 90396 7398 958750 6706
25203.439923 123871 400 400 400 400 73 46 0 73 52 0 73 42 0 73 44 0 93269 972500 90396 7398 958750 6706
25203.639923 123872 400 400 400 400 73 46 0 73 52 0 73 42 0 73 44 0 93025 972500 90396 7398 958750 6706
25203.839923 123873 400 400 400 400 73 46 0 73 52 0 73 42 0 73 44 0 93025 972500 90396 7398 958750 6706
25204.039931 123874 400 400 400 400 73 46 0 73 52 0 73 42 0 73 44 0 93025 972500 90396 7124 958750 6706
25204.239923 123875 400 400 400 400 73 46 0 73 52 0 73 42 0 73 44 0 93269 972500 90396 7398 958750 6706
25204.439923 123876 400 400 400 400 73 46 0 73 52 0 73 42 0 73 44 0 93513 972500 90396 7398 958750 6706
25204.639927 123877 400 400 400 400 73 46 0 73 52 0 73 42 0 73 44 0 93513 972500 90396 7398 958750 6706
25204.839924 123878 400 400 400 400 73 46 0 73 52 0 73 42 0 73 44 0 93269 972500 90396 7398 958750 6706
25205.039939 123879 400 400 400 400 73 46 0 73 52 0 73 42 0 73 44 0 92720 972500 89424 7398 958750 6706
25205.239923 123880 400 400 400 400 73 46 0 73 52 0 73 42 0 73 44 0 93269 972500 90396 7398 958750 6706
25205.439899 123881 400 400 400 400 73 46 0 73 52 0 73 42 0 73 44 0 93513 972500 90396 7398 958750 6706
25205.639924 123882 400 400 400 400 73 46 0 73 52 0 73 42 0 73 44 0 93513 972500 90396 7398 958750 6706
25205.839923 123883 400 400 400 400 73 46 0 73 52 0 73 42 0 73 44 0 93757 972500 90396 7398 958750 6706
25206.039939 123884 400 400 400 400 73 46 0 73 52 0 73 42 0 73 44 0 93757 972500 90396 7398 958750 6706
25206.239914 123885 400 400 400 400 73 46 0 73 52 0 73 42 0 73 44 0 93269 972500 90396 7398 958750 6706
25206.439923 123886 400 400 400 400 73 46 0 73 52 0 73 42 0 73 44 0 93269 972500 90396 7398 958750 6706
25206.639924 123887 400 400 400 400 73 46 0 73 52 0 73 42 0 73 44 0 93025 972500 90396 7398 958750 6706
25206.839923 123888 400 400 400 400 73 46 0 73 52 0 73 42 0 73 44 0 93025 972500 90396 7398 958750 6706
25207.039938 123889 400 400 400 400 73 46 0 73 52 0 73 42 0 73 44 0 92476 972500 89424 7124 958750 6706
25207.239925 123890 400 400 400 400 73 46 0 73 52 0 73 42 0 73 44 0 92476 972500 89424 7124 958750 6706
25207.439923 123891 400 400 400 400 73 46 0 73 52 0 73 42 0 73 44 0 93269 972500 90396 7398 958750 6706
25207.639929 123892 400 400 400 400 73 46 0 73 52 0 73 42 0 73 44 0 93269 972500 90396 7398 958750 6706
25207.839923 123893 400 400 400 400 73 46 0 73 52 0 73 42 0 73 44 0 93757 972500 90396 7398 958750 6706
25208.039939 123894 400 400 400 400 73 46 0 73 52 0 73 42 0 73 44 0 93757 972500 90396 7398 958750 6706
25208.239923 123895 400 400 400 400 73 46 0 73 52 0 73 42 0 73 44 0 93513 972500 90396 7398 958750 6706
25208.439923 123896 400 400 400 400 73 46 0 73 52 0 73 42 0 73 44 0 93269 972500 90396 7398 958750 6706
25208.639916 123897 400 400 400 400 73 46 0 73 52 0 73 42 0 73 44 0 93513 972500 90396 7124 958750 6706
25208.839925 123898 400 400 400 400 73 46 0 73 52 0 73 42 0 73 44 0 93513 972500 90396 7124 958750 6706
25209.039938 123899 400 400 400 400 73 46 0 73 52 0 73 42 0 73 44 0 93269 972500 90396 7398 958750 6706
25209.239923 123900 400 400 400 400 73 46 0 73 52 0 73 42 0 73 44 0 93025 972500 90396 7398 958750 6706
25209.439923 123901 400 400 400 400 73 46 0 73 52 0 73 42 0 73 44 0 93269 972500 90396 7398 958750 6706
25209.639924 123902 400 400 400 400 73 46 0 73 52 0 73 42 0 73 44 0 93269 972500 90396 7398 958750 6706
25209.839923 123903 400 400 400 400 73 46 0 73 52 0 73 42 0 73 44 0 93269 972500 90396 7398 958750 6706
25210.039938 123904 400 400 400 400 73 46 0 73 52 0 73 42 0 73 44 0 93513 972500 90396 7398 958750 6706
25210.239923 123905 400 400 400 400 73 46 0 73 52 0 73 42 0 73 44 0 93269 972500 90396 7398 958750 6706
25210.439924 123906 400 400 400 400 73 46 0 73 52 0 73 42 0 73 44 0 93269 972500 90396 7398 958750 6706
25210.639927 123907 400 400 400 400 73 46 0 73 52 0 73 42 0 73 44 0 93513 972500 90396 7398 958750 6706
25210.839924 123908 400 400 400 400 73 46 0 73 52 0 73 42 0 73 44 0 94245 972500 91368 7398 958750 6706
25211.039941 123909 400 400 400 400 73 46 0 73 52 0 73 42 0 73 44 0 92720 972500 89424 7124 958750 6706
25211.239905 123910 400 400 400 400 73 46 0 73 52 0 73 42 0 73 44 0 92720 972500 89424 7124 958750 6706
25211.439923 123911 400 400 400 400 73 46 0 73 52 0 73 42 0 73 44 0 93025 972500 90396 7398 958750 6706
25211.639924 123912 400 400 400 400 73 46 0 73 52 0 73 42 0 73 44 0 93757 972500 90396 7124 958750 6706
25211.839923 123913 400 400 400 400 73 46 0 73 52 0 73 42 0 73 44 0 93757 972500 90396 7398 958750 6706
25212.039893 123914 400 400 400 400 73 46 0 73 52 0 73 42 0 73 44 0 93269 972500 90396 7398 958750 6706
25212.239923 123915 400 400 400 400 73 46 0 73 52 0 73 42 0 73 44 0 93269 972500 90396 7398 958750 6706
25212.439923 123916 400 400 400 400 73 46 0 73 52 0 73 42 0 73 44 0 93025 972500 90396 7398 958750 6706
25212.639924 123917 400 400 400 400 73 46 0 73 52 0 73 42 0 73 44 0 92720 972500 89424 7398 958750 6706
25212.839923 123918 400 400 400 400 73 46 0 73 52 0 73 42 0 73 44 0 94001 972500 91368 7398 958750 6706
25213.039940 123919 400 400 400 400 73 46 0 73 52 0 73 42 0 73 44 0 94001 972500 91368 7398 958750 6706
25213.239923 123920 400 400 400 400 73 46 0 73 52 0 73 42 0 73 44 0 93513 972500 90396 7398 958750 6706
25213.439923 123921 400 400 400 400 73 46 0 73 52 0 73 42 0 73 44 0 93757 972500 90396 7398 958750 6706
25213.639929 123922 400 400 400 400 73 46 0 73 52 0 73 42 0 73 44 0 93025 972500 90396 7124 958750 6706
25213.839924 123923 400 400 400 400 73 46 0 73 52 0 73 42 0 73 44 0 93025 972500 90396 7124 958750 6706
25214.039977 123924 400 400 400 400 73 46 0 73 52 0 73 42 0 73 44 0 93513 972500 90396 7398 958750 6706
25214.239898 123925 400 400 400 400 73 46 0 73 52 0 73 42 0 73 44 0 93269 972500 90396 7398 958750 6706
25214.439899 123926 400 400 400 400 73 46 0 73 52 0 73 42 0 73 44 0 93025 972500 90396 7398 958750 6706
25214.639899 123927 400 400 400 400 73 46 0 73 52 0 73 42 0 73 44 0 93025 972500 90396 7398 958750 6706
25214.839899 123928 400 400 400 400 73 46 0 73 52 0 73 42 0 73 44 0 93513 972500 90396 7398 958750 6706
25215.039899 123929 400 400 400 400 73 46 0 73 52 0 73 42 0 73 44 0 93025 972500 90396 7398 958750 6706
25215.239898 123930 400 400 400 400 73 46 0 73 52 0 73 42 0 73 44 0 93513 972500 90396 7398 958750 6706
25215.439898 123931 400 400 400 400 73 46 0 73 52 0 73 42 0 73 44 0 93513 972500 90396 7398 958750 6706
25215.639900 123932 400 400 400 400 73 46 0 73 52 0 73 42 0 73 44 0 93269 972500 90396 7398 958750 6706
25215.839899 123933 400 400 400 400 73 46 0 73 52 0 73 42 0 73 44 0 94001 972500 91368 7398 958750 6706
25216.039898 123934 400 400 400 400 73 46 0 73 52 0 73 42 0 73 44 0 93757 972500 90396 7398 958750 6706
25216.239901 123935 400 400 400 400 73 46 0 73 52 0 73 42 0 73 44 0 93757 972500 90396 7398 958750 6706
25216.439899 123936 400 400 400 400 73 46 0 73 52 0 73 42 0 73 44 0 93513 972500 90396 7398 958750 6706
25216.639899 123937 400 400 400 400 73 46 0 73 52 0 73 42 0 73 44 0 93513 972500 90396 7398 958750 6706
25216.839899 123938 400 400 400 400 73 46 0 73 52 0 73 42 0 73 44 0 93757 972500 90396 7398 958750 6706
25217.039898 123939 400 400 400 400 73 46 0 73 52 0 73 42 0 73 44 0 93757 972500 90396 7398 958750 6706
25217.239898 123940 400 400 400 400 73 46 0 73 52 0 73 42 0 73 44 0 94001 972500 91368 7398 958750 6706
25217.439899 123941 400 400 400 400 73 46 0 73 52 0 73 42 0 73 44 0 93513 972500 90396 7398 958750 6706
25217.639899 123942 400 400 400 400 73 46 0 73 52 0 73 42 0 73 44 0 93025 972500 90396 7398 958750 6706
25217.839897 123943 400 400 400 400 73 46 0 73 52 0 73 42 0 73 44 0 93025 972500 90396 7398 958750 6706
25218.039898 123944 400 400 400 400 73 46 0 73 52 0 73 42 0 73 44 0 93269 972500 90396 7398 958750 6706
25218.239898 123945 400 400 400 400 73 46 0 73 52 0 73 42 0 73 44 0 93269 972500 90396 7398 958750 6706
25218.439899 123946 400 400 400 400 73 46 0 73 52 0 73 42 0 73 44 0 93269 972500 90396 7398 958750 6706
25218.639899 123947 400 400 400 400 73 46 0 73 52 0 73 42 0 73 44 0 93025 972500 90396 7398 958750 6706
25218.839898 123948 400 400 400 400 73 46 0 73 52 0 73 42 0 73 44 0 93025 972500 90396 7398 958750 6706
25219.039901 123949 400 400 400 400 73 46 0 73 52 0 73 42 0 73 44 0 93025 972500 90396 7398 958750 6706
25219.239898 123950 400 400 400 400 73 46 0 73 52 0 73 42 0 73 44 0 93269 972500 90396 7398 958750 6706
25219.439899 123951 400 400 400 400 73 46 0 73 52 0 73 42 0 73 44 0 92720 972500 89424 7398 958750 6706
25219.639898 123952 400 400 400 400 73 46 0 73 52 0 73 42 0 73 44 0 92720 972500 89424 7398 958750 6706
25219.839899 123953 400 400 400 400 73 46 0 73 52 0 73 42 0 73 44 0 93513 972500 90396 7398 958750 6706
25220.039899 123954 400 400 400 400 73 46 0 73 52 0 73 42 0 73 44 0 93513 972500 90396 7398 958750 6706
25220.239898 123955 400 400 400 400 73 46 0 73 52 0 73 42 0 73 44 0 93269 972500 90396 7398 958750 6706
25220.439898 123956 400 400 400 400 73 46 0 73 52 0 73 42 0 73 44 0 93269 972500 90396 7398 958750 6706
25220.639899 123957 400 400 400 400 73 46 0 73 52 0 73 42 0 73 44 0 93269 972500 90396 7398 958750 6706
25220.839899 123958 400 400 400 400 73 46 0 73 52 0 73 42 0 73 44 0 93757 972500 90396 7398 958750 6706
25221.039898 123959 400 400 400 400 73 46 0 73 52 0 73 42 0 73 44 0 93025 972500 90396 7398 958750 6706
25221.239897 123960 400 400 400 400 73 46 0 73 52 0 73 42 0 73 44 0 93025 972500 90396 7398 958750 6706
25221.439898 123961 400 400 400 400 73 46 0 73 52 0 73 42 0 73 44 0 93513 972500 90396 7398 958750 6706
25221.639898 123962 400 400 400 400 73 46 0 73 52 0 73 42 0 73 44 0 93513 972500 90396 7398 958750 6706
25221.839897 123963 400 400 400 400 73 46 0 73 52 0 73 42 0 73 44 0 93513 972500 90396 7398 958750 6706
25222.039897 123964 400 400 400 400 73 46 0 73 52 0 73 42 0 73 44 0 93513 972500 90396 7398 958750 6706
25222.239898 123965 400 400 400 400 73 46 0 73 52 0 73 42 0 73 44 0 93513 972500 90396 7398 958750 6706
25222.439898 123966 400 400 400 400 73 46 0 73 52 0 73 42 0 73 44 0 93269 972500 90396 7398 958750 6706
25222.639899 123967 400 400 400 400 73 46 0 73 52 0 73 42 0 73 44 0 93757 972500 90396 7398 958750 6706
25222.839897 123968 400 400 400 400 73 46 0 73 52 0 73 42 0 73 44 0 93757 972500 90396 7398 958750 6706
25223.039898 123969 400 400 400 400 73 46 0 73 52 0 73 42 0 73 44 0 93513 972500 90396 7398 958750 6706
25223.239898 123970 400 400 400 400 73 46 0 73 52 0 73 42 0 73 44 0 93269 972500 90396 7398 958750 6706
25223.439898 123971 400 400 400 400 73 46 0 73 52 0 73 42 0 73 44 0 93269 972500 90396 7398 958750 6706
25223.639898 123972 400 400 400 400 73 46 0 73 52 0 73 42 0 73 44 0 93269 972500 90396 7398 958750 6706
25223.839898 123973 400 400 400 400 73 46 0 73 52 0 73 42 0 73 44 0 93513 972500 90396 7398 958750 6706
25224.039902 123974 400 400 400 400 73 46 0 73 52 0 73 42 0 73 44 0 93513 972500 90396 7398 958750 6706
25224.239898 123975 400 400 400 400 73 46 0 73 52 0 73 42 0 73 44 0 93513 972500 90396 7398 958750 6706
25224.439967 123976 400 400 400 400 73 46 0 73 52 0 73 42 0 73 44 0 93269 972500 90396 7398 958750 6706
25224.639928 123977 400 400 400 400 73 46 0 73 52 0 73 42 0 73 44 0 93269 972500 90396 7398 958750 6706
25224.839923 123978 400 400 400 400 73 46 0 73 52 0 73 42 0 73 44 0 93269 972500 90396 7398 958750 6706
25225.039931 123979 400 400 400 400 73 46 0 73 52 0 73 42 0 73 44 0 93513 972500 90396 7398 958750 6706
25225.239923 123980 400 400 400 400 73 46 0 73 52 0 73 42 0 73 44 0 92720 972500 89424 7398 958750 6706
25225.439924 123981 400 400 400 400 73 46 0 73 52 0 73 42 0 73 44 0 92720 972500 89424 7398 958750 6706
25225.639928 123982 400 400 400 400 73 46 0 73 52 0 73 42 0 73 44 0 93757 972500 90396 7124 958750 6706
25225.839924 123983 400 400 400 400 73 46 0 73 52 0 73 42 0 73 44 0 94489 972500 91368 7398 958750 6706
25226.039941 123984 400 400 400 400 73 46 0 73 52 0 73 42 0 73 44 0 93513 972500 90396 7398 958750 6706
25226.239925 123985 400 400 400 400 73 46 0 73 52 0 73 42 0 73 44 0 93513 972500 90396 7398 958750 6706
25226.439923 123986 400 400 400 400 73 46 0 73 52 0 73 42 0 73 44 0 93513 972500 90396 7398 958750 6706
25226.639924 123987 400 400 400 400 73 46 0 73 52 0 73 42 0 73 44 0 93269 972500 90396 7398 958750 6706
25226.839923 123988 400 400 400 400 73 46 0 73 52 0 73 42 0 73 44 0 93513 972500 90396 7398 958750 6706
25227.039939 123989 400 400 400 400 73 46 0 73 52 0 73 42 0 73 44 0 93513 972500 90396 7398 958750 6706
25227.239924 123990 400 400 400 400 73 46 0 73 52 0 73 42 0 73 44 0 93757 972500 90396 7398 958750 6706
25227.439916 123991 400 400 400 400 73 46 0 73 52 0 73 42 0 73 44 0 93269 972500 90396 7398 958750 6706
25227.639923 123992 400 400 400 400 73 46 0 73 52 0 73 42 0 73 44 0 93513 972500 90396 7398 958750 6706
25227.839932 123993 400 400 400 400 73 46 0 73 52 0 73 42 0 73 44 0 93513 972500 90396 7398 958750 6706
25228.039939 123994 400 400 400 400 73 46 0 73 52 0 73 42 0 73 44 0 93269 972500 90396 7398 958750 6706
25228.239923 123995 400 400 400 400 73 46 0 73 52 0 73 42 0 73 44 0 93757 972500 90396 7124 958750 6706
25228.439923 123996 400 400 400 400 73 46 0 73 52 0 73 42 0 73 44 0 93513 972500 90396 7398 958750 6706
25228.639927 123997 400 400 400 400 73 46 0 73 52 0 73 42 0 73 44 0 93513 972500 90396 7398 958750 6706
25228.839924 123998 400 400 400 400 73 46 0 73 52 0 73 42 0 73 44 0 93513 972500 90396 7398 958750 6706
25229.039938 123999 400 400 400 400 73 46 0 73 52 0 73 42 0 73 44 0 94001 972500 91368 7398 958750 6706
25229.239923 124000 400 400 400 400 73 46 0 73 52 0 73 42 0 73 44 0 93513 972500 90396 7398 958750 6706
25229.439925 124001 400 400 400 400 73 46 0 73 52 0 73 42 0 73 44 0 93513 972500 90396 7398 958750 6706
25229.639924 124002 400 400 400 400 73 46 0 73 52 0 73 42 0 73 44 0 93757 972500 90396 7398 958750 6706
25229.839916 124003 400 400 400 400 73 46 0 73 52 0 73 42 0 73 44 0 93269 972500 90396 7398 958750 6706
25230.039939 124004 400 400 400 400 73 46 0 73 52 0 73 42 0 73 44 0 93513 972500 90396 7398 958750 6706
25230.239905 124005 400 400 400 400 73 46 0 73 52 0 73 42 0 73 44 0 93513 972500 90396 7398 958750 6706
25230.439923 124006 400 400 400 400 73 46 0 73 52 0 73 42 0 73 44 0 93269 972500 90396 7398 958750 6706
25230.639924 124007 400 400 400 400 73 46 0 73 52 0 73 42 0 73 44 0 93269 972500 90396 7398 958750 6706
25230.839923 124008 400 400 400 400 73 46 0 73 52 0 73 42 0 73 44 0 93269 972500 90396 7398 958750 6706
25231.039938 124009 400 400 400 400 73 46 0 73 52 0 73 42 0 73 44 0 93757 972500 90396 7398 958750 6706
25231.239923 124010 400 400 400 400 73 46 0 73 52 0 73 42 0 73 44 0 93757 972500 90396 7398 958750 6706
25231.439923 124011 400 400 400 400 73 46 0 73 52 0 73 42 0 73 44 0 93513 972500 90396 7398 958750 6706
25231.639927 124012 400 400 400 400 73 46 0 73 52 0 73 42 0 73 44 0 93513 972500 90396 7398 958750 6706
25231.839923 124013 400 400 400 400 73 46 0 73 52 0 73 42 0 73 44 0 93513 972500 90396 7398 958750 6706
25232.039938 124014 400 400 400 400 73 46 0 73 52 0 73 42 0 73 44 0 93513 972500 90396 7398 958750 6706
25232.239916 124015 400 400 400 400 73 46 0 73 52 0 73 42 0 73 44 0 93269 972500 90396 7398 958750 6706
25232.439923 124016 400 400 400 400 73 46 0 73 52 0 73 42 0 73 44 0 93269 972500 90396 7398 958750 6706
25232.639923 124017 400 400 400 400 73 46 0 73 52 0 73 42 0 73 44 0 93269 972500 90396 7398 958750 6706
25232.839927 124018 400 400 400 400 73 46 0 73 52 0 73 42 0 73 44 0 93269 972500 90396 7398 958750 6706
25233.039939 124019 400 400 400 400 73 46 0 73 52 0 73 42 0 73 44 0 93757 972500 90396 7398 958750 6706
25233.239924 124020 400 400 400 400 73 46 0 73 52 0 73 42 0 73 44 0 93513 972500 90396 7398 958750 6706
25233.439923 124021 400 400 400 400 73 46 0 73 52 0 73 42 0 73 44 0 93757 972500 90396 7398 958750 6706
25233.639924 124022 400 400 400 400 73 46 0 73 52 0 73 42 0 73 44 0 93757 972500 90396 7398 958750 6706
25233.839923 124023 400 400 400 400 73 46 0 73 52 0 73 42 0 73 44 0 93513 972500 90396 7398 958750 6706
25234.039938 124024 400 400 400 400 73 46 0 73 52 0 73 42 0 73 44 0 93269 972500 90396 7398 958750 6706
25234.239923 124025 400 400 400 400 73 46 0 73 52 0 73 42 0 73 44 0 93269 972500 90396 7398 958750 6706
25234.439923 124026 400 400 400 400 73 46 0 73 52 0 73 42 0 73 44 0 93269 972500 90396 7398 958750 6706
25234.639919 124027 400 400 400 400 73 46 0 73 52 0 73 42 0 73 44 0 93513 972500 90396 7398 958750 6706
25234.839923 124028 400 400 400 400 73 46 0 73 52 0 73 42 0 73 44 0 93269 972500 90396 7398 958750 6706
25235.039939 124029 400 400 400 400 73 46 0 73 52 0 73 42 0 73 44 0 93269 972500 90396 7398 958750 6706
25235.239923 124030 400 400 400 400 73 46 0 73 52 0 73 42 0 73 44 0 93269 972500 90396 7398 958750 6706
25235.439925 124031 400 400 400 400 73 46 0 73 52 0 73 42 0 73 44 0 92720 972500 89424 7398 958750 6706
25235.639925 124032 400 400 400 400 73 46 0 73 52 0 73 42 0 73 44 0 93269 972500 90396 7398 958750 6706
25235.839923 124033 400 400 400 400 73 46 0 73 52 0 73 42 0 73 44 0 93513 972500 90396 7398 958750 6706
25236.039941 124034 400 400 400 400 73 46 0 73 52 0 73 42 0 73 44 0 93513 972500 90396 7398 958750 6706
25236.239923 124035 400 400 400 400 73 46 0 73 52 0 73 42 0 73 44 0 93269 972500 90396 7398 958750 6706
25236.439923 124036 400 400 400 400 73 46 0 73 52 0 73 42 0 73 44 0 93269 972500 90396 7398 958750 6706
25236.639925 124037 400 400 400 400 73 46 0 73 52 0 73 42 0 73 44 0 93269 972500 90396 7398 958750 6706
25236.839852 124038 400 400 400 400 73 46 0 73 52 0 73 42 0 73 44 0 93269 972500 90396 7398 958750 6706
25237.039939 124039 400 400 400 400 73 46 0 73 52 0 73 42 0 73 44 0 93269 972500 90396 7398 958750 6706
25237.239923 124040 400 400 400 400 73 46 0 73 52 0 73 42 0 73 44 0 93269 972500 90396 7398 958750 6706
25237.439923 124041 400 400 400 400 73 46 0 73 52 0 73 42 0 73 44 0 93757 972500 90396 7398 958750 6706
25237.639927 124042 400 400 400 400 73 46 0 73 52 0 73 42 0 73 44 0 93025 972500 90396 7398 958750 6706
25237.839925 124043 400 400 400 400 73 46 0 73 52 0 73 42 0 73 44 0 93025 972500 90396 7398 958750 6706
25238.039932 124044 400 400 400 400 73 46 0 73 52 0 73 42 0 73 44 0 93513 972500 90396 7124 958750 6706
25238.239923 124045 400 400 400 400 73 46 0 73 52 0 73 42 0 73 44 0 93269 972500 90396 7398 958750 6706
25238.439923 124046 400 400 400 400 73 46 0 73 52 0 73 42 0 73 44 0 93757 972500 90396 7398 958750 6706
25238.639924 124047 400 400 400 400 73 46 0 73 52 0 73 42 0 73 44 0 93757 972500 90396 7398 958750 6706
25238.839923 124048 400 400 400 400 73 46 0 73 52 0 73 42 0 73 44 0 93269 972500 90396 7124 958750 6706
25239.039938 124049 400 400 400 400 73 46 0 73 52 0 73 42 0 73 44 0 93757 972500 90396 7398 958750 6706
25239.239924 124050 400 400 400 400 73 46 0 73 52 0 73 42 0 73 44 0 93025 972500 90396 7398 958750 6706
25239.439923 124051 400 400 400 400 73 46 0 73 52 0 73 42 0 73 44 0 93025 972500 90396 7398 958750 6706
25239.639926 124052 400 400 400 400 73 46 0 73 52 0 73 42 0 73 44 0 93269 972500 90396 7398 958750 6706
25239.839924 124053 400 400 400 400 73 46 0 73 52 0 73 42 0 73 44 0 93269 972500 90396 7398 958750 6706
25240.039938 124054 400 400 400 400 73 46 0 73 52 0 73 42 0 73 44 0 93513 972500 90396 7398 958750 6706
25240.239924 124055 400 400 400 400 73 46 0 73 52 0 73 42 0 73 44 0 93513 972500 90396 7398 958750 6706
25240.439915 124056 400 400 400 400 73 46 0 73 52 0 73 42 0 73 44 0 93269 972500 90396 7398 958750 6706
25240.639927 124057 400 400 400 400 73 46 0 73 52 0 73 42 0 73 44 0 93513 972500 90396 7124 958750 6706
25240.839924 124058 400 400 400 400 73 46 0 73 52 0 73 42 0 73 44 0 93269 972500 90396 7398 958750 6706
25241.039973 124059 400 400 400 400 73 46 0 73 52 0 73 42 0 73 44 0 93269 972500 90396 7398 958750 6706
25241.239899 124060 400 400 400 400 73 46 0 73 52 0 73 42 0 73 44 0 93513 972500 90396 7398 958750 6706
25241.439899 124061 400 400 400 400 73 46 0 73 52 0 73 42 0 73 44 0 93513 972500 90396 7398 958750 6706
25241.639900 124062 400 400 400 400 73 46 0 73 52 0 73 42 0 73 44 0 93513 972500 90396 7398 958750 6706
25241.839898 124063 400 400 400 400 73 46 0 73 52 0 73 42 0 73 44 0 93513 972500 90396 7398 958750 6706
25242.039899 124064 400 400 400 400 73 46 0 73 52 0 73 42 0 73 44 0 93269 972500 90396 7398 958750 6706
25242.239899 124065 400 400 400 400 73 46 0 73 52 0 73 42 0 73 44 0 93269 972500 90396 7398 958750 6706
25242.439900 124066 400 400 400 400 73 46 0 73 52 0 73 42 0 73 44 0 83021 973750 80759 7398 958750 6706
25242.639900 124067 400 400 400 400 73 46 0 73 52 0 73 42 0 73 44 0 83021 973750 80759 7398 958750 6706
25242.839898 124068 400 400 400 400 73 46 0 73 52 0 73 42 0 73 44 0 12017 975000 11700 7124 958750 6706
25243.039898 124069 400 400 400 400 73 46 0 73 52 0 73 42 0 73 44 0 12017 975000 11700 7398 958750 6706
25243.239898 124070 400 400 400 400 73 46 0 73 52 0 73 42 0 73 44 0 12261 975000 11700 7398 958750 6706
25243.439899 124071 400 400 400 400 73 46 0 73 52 0 73 42 0 73 44 0 12261 975000 11700 7398 958750 6706
