 4752.683834 23243 1400 1400 1400 1400 77 46 0 77 52 0 77 42 0 77 44 0 15250 1210000 18150 72610 1095000 78840
 4752.883805 23244 1400 1400 1400 1400 77 46 0 77 52 0 77 42 0 77 44 0 15250 1210000 18150 74528 1095000 81030
 4753.083848 23245 1400 1400 1400 1400 75 46 0 75 52 0 75 42 0 75 44 0 15250 1210000 18150 69596 1095000 75555
 4753.283807 23246 1400 1400 1400 1400 75 46 0 75 52 0 75 42 0 75 44 0 15250 1210000 18150 67404 1095000 73365
 4753.483807 23247 1400 1400 1400 1400 75 46 0 75 52 0 75 42 0 75 44 0 15250 1210000 18150 67404 1095000 73365
 4753.683807 23248 1400 1400 1400 1400 75 46 0 75 52 0 75 42 0 75 44 0 15250 1210000 18150 66856 1095000 72270
 4753.883807 23249 1400 1400 1400 1400 75 46 0 75 52 0 75 42 0 75 44 0 15006 1210000 18150 67678 1095000 73365
 4754.083807 23250 1400 1400 1400 1400 75 46 0 75 52 0 75 42 0 75 44 0 15250 1210000 18150 70692 1095000 76650
 4754.283807 23251 1400 1400 1400 1400 75 46 0 75 52 0 75 42 0 75 44 0 15250 1210000 18150 70692 1095000 76650
 4754.483950 23252 1400 1400 1400 1400 75 46 0 75 52 0 75 42 0 75 44 0 15006 1210000 18150 69870 1095000 75555
 4754.683807 23253 1400 1400 1400 1400 75 46 0 75 52 0 75 42 0 75 44 0 15250 1210000 18150 286056 1096250 313456
 4754.883807 23254 1400 1400 1400 1400 75 46 0 75 52 0 75 42 0 75 44 0 15006 1210000 18150 69596 1095000 75555
 4755.083807 23255 1400 1400 1400 1400 74 46 0 74 52 0 74 42 0 74 44 0 15006 1210000 18150 69596 1095000 75555
 4755.283748 23256 1400 1400 1400 1400 74 46 0 74 52 0 74 42 0 74 44 0 15006 1210000 18150 66856 1095000 72270
 4755.483836 23257 1400 1400 1400 1400 74 46 0 74 52 0 74 42 0 74 44 0 15006 1210000 18150 559782 1097500 613223
 4755.683890 23258 1400 1400 1400 1400 74 46 0 74 52 0 74 42 0 74 44 0 15006 1208750 18120 1083944 1100000 1191300
 4755.883882 23259 1400 1400 1400 1400 74 46 0 74 52 0 74 42 0 74 44 0 15006 1208750 18120 1083944 1100000 1191300
 4756.083733 23260 1400 1400 1400 1400 77 46 0 77 52 0 77 42 0 77 44 0 14762 1210000 16940 1009416 1100000 1109900
 4756.283728 23261 1400 1400 1400 1400 77 46 0 77 52 0 77 42 0 77 44 0 15250 1208750 18120 1138744 1101250 1252938
 4756.483728 23262 1400 1400 1400 1400 77 46 0 77 52 0 77 42 0 77 44 0 15250 1208750 18120 1138744 1101250 1252938
 4756.683729 23263 1400 1400 1400 1400 77 46 0 77 52 0 77 42 0 77 44 0 15250 1208750 18120 1227520 1101250 1350927
 4756.883728 23264 1400 1400 1400 1400 77 46 0 77 52 0 77 42 0 77 44 0 15250 1208750 18120 1227520 1101250 1350927
 4757.083728 23265 1400 1400 1400 1400 78 46 0 78 52 0 78 42 0 78 44 0 15494 1208750 18120 1231082 1101250 1355331
 4757.283728 23266 1400 1400 1400 1400 78 46 0 78 52 0 78 42 0 78 44 0 15006 1210000 18150 1232452 1101250 1356432
 4757.483728 23267 1400 1400 1400 1400 78 46 0 78 52 0 78 42 0 78 44 0 15250 1208750 18120 1229712 1101250 1353129
 4757.683728 23268 1400 1400 1400 1400 78 46 0 78 52 0 78 42 0 78 44 0 15250 1208750 18120 1229712 1101250 1353129
 4757.883728 23269 1400 1400 1400 1400 78 46 0 78 52 0 78 42 0 78 44 0 15250 1210000 18150 1229438 1101250 1353129
 4758.083728 23270 1400 1400 1400 1400 78 46 0 78 52 0 78 42 0 78 44 0 15494 1208750 18120 1228890 1101250 1352028
 4758.283731 23271 1400 1400 1400 1400 78 46 0 78 52 0 78 42 0 78 44 0 15494 1208750 18120 1228890 1101250 1352028
 4758.483727 23272 1400 1400 1400 1400 78 46 0 78 52 0 78 42 0 78 44 0 15494 1208750 18120 1228890 1101250 1352028
 4758.683727 23273 1400 1400 1400 1400 78 46 0 78 52 0 78 42 0 78 44 0 15494 1208750 18120 1232178 1101250 1356432
 4758.883727 23274 1400 1400 1400 1400 78 46 0 78 52 0 78 42 0 78 44 0 15494 1210000 18150 1233548 1101250 1357533
 4759.083728 23275 1400 1400 1400 1400 79 46 0 79 52 0 79 42 0 79 44 0 15494 1208750 18120 1232726 1101250 1356432
 4759.283727 23276 1400 1400 1400 1400 79 46 0 79 52 0 79 42 0 79 44 0 15494 1208750 18120 1232726 1101250 1356432
 4759.483728 23277 1400 1400 1400 1400 79 46 0 79 52 0 79 42 0 79 44 0 15494 1208750 18120 1235466 1101250 1359735
 4759.683728 23278 1400 1400 1400 1400 79 46 0 79 52 0 79 42 0 79 44 0 15250 1210000 18150 1231356 1101250 1355331
 4759.883728 23279 1400 1400 1400 1400 79 46 0 79 52 0 79 42 0 79 44 0 15738 1208750 18120 1233274 1101250 1357533
 4760.083730 23280 1400 1400 1400 1400 79 46 0 79 52 0 79 42 0 79 44 0 15738 1208750 18120 1233274 1101250 1357533
 4760.283728 23281 1400 1400 1400 1400 79 46 0 79 52 0 79 42 0 79 44 0 15494 1208750 18120 1233274 1101250 1357533
 4760.483728 23282 1400 1400 1400 1400 79 46 0 79 52 0 79 42 0 79 44 0 15494 1208750 18120 1237110 1101250 1361937
 4760.683728 23283 1400 1400 1400 1400 79 46 0 79 52 0 79 42 0 79 44 0 15494 1208750 18120 1235740 1101250 1359735
 4760.883730 23284 1400 1400 1400 1400 79 46 0 79 52 0 79 42 0 79 44 0 15494 1208750 18120 1235740 1101250 1359735
 4761.083728 23285 1400 1400 1400 1400 79 46 0 79 52 0 79 42 0 79 44 0 15738 1208750 18120 1238480 1102500 1364276
 4761.283728 23286 1400 1400 1400 1400 79 46 0 79 52 0 79 42 0 79 44 0 15494 1210000 18150 1238480 1102500 1364276
 4761.483727 23287 1400 1400 1400 1400 79 46 0 79 52 0 79 42 0 79 44 0 15494 1210000 18150 1236836 1101250 1360836
 4761.683728 23288 1400 1400 1400 1400 79 46 0 79 52 0 79 42 0 79 44 0 15494 1210000 18150 1236836 1101250 1360836
 4761.883728 23289 1400 1400 1400 1400 79 46 0 79 52 0 79 42 0 79 44 0 15494 1208750 18120 1237658 1102500 1363174
 4762.083728 23290 1400 1400 1400 1400 79 46 0 79 52 0 79 42 0 79 44 0 15494 1210000 18150 1237110 1101250 1361937
 4762.283728 23291 1400 1400 1400 1400 79 46 0 79 52 0 79 42 0 79 44 0 15494 1208750 18120 1240672 1102500 1366480
 4762.483729 23292 1400 1400 1400 1400 79 46 0 79 52 0 79 42 0 79 44 0 15494 1208750 18120 1238480 1102500 1364276
 4762.683728 23293 1400 1400 1400 1400 79 46 0 79 52 0 79 42 0 79 44 0 15494 1208750 18120 1238480 1102500 1364276
 4762.883728 23294 1400 1400 1400 1400 79 46 0 79 52 0 79 42 0 79 44 0 15982 1208750 18120 1237658 1102500 1363174
 4763.083728 23295 1400 1400 1400 1400 79 46 0 79 52 0 79 42 0 79 44 0 15738 1210000 18150 1237110 1101250 1361937
 4763.283728 23296 1400 1400 1400 1400 79 46 0 79 52 0 79 42 0 79 44 0 15494 1210000 18150 1235740 1101250 1359735
 4763.483730 23297 1400 1400 1400 1400 79 46 0 79 52 0 79 42 0 79 44 0 15494 1210000 18150 1235740 1101250 1359735
 4763.683728 23298 1400 1400 1400 1400 79 46 0 79 52 0 79 42 0 79 44 0 15738 1210000 18150 1235740 1102500 1360970
 4763.883728 23299 1400 1400 1400 1400 79 46 0 79 52 0 79 42 0 79 44 0 15494 1208750 18120 1236014 1102500 1362072
 4764.083730 23300 1400 1400 1400 1400 80 46 0 80 52 0 80 42 0 80 44 0 15738 1210000 18150 1237932 1101250 1361937
 4764.283728 23301 1400 1400 1400 1400 80 46 0 80 52 0 80 42 0 80 44 0 15738 1210000 18150 1237932 1101250 1361937
 4764.483728 23302 1400 1400 1400 1400 80 46 0 80 52 0 80 42 0 80 44 0 15738 1208750 18120 1237932 1101250 1361937
 4764.683727 23303 1400 1400 1400 1400 80 46 0 80 52 0 80 42 0 80 44 0 15494 1210000 18150 1234918 1101250 1358634
 4764.883728 23304 1400 1400 1400 1400 80 46 0 80 52 0 80 42 0 80 44 0 15738 1208750 18120 1232726 1102500 1357664
 4765.083728 23305 1400 1400 1400 1400 80 46 0 80 52 0 80 42 0 80 44 0 15738 1208750 18120 1232726 1102500 1357664
 4765.283728 23306 1400 1400 1400 1400 80 46 0 80 52 0 80 42 0 80 44 0 15982 1210000 18150 1233822 1101250 1357533
 4765.483728 23307 1400 1400 1400 1400 80 46 0 80 52 0 80 42 0 80 44 0 15494 1210000 18150 1236836 1102500 1362072
 4765.683727 23308 1400 1400 1400 1400 80 46 0 80 52 0 80 42 0 80 44 0 15738 1210000 18150 1238206 1101250 1363038
 4765.883728 23309 1400 1400 1400 1400 80 46 0 80 52 0 80 42 0 80 44 0 15738 1210000 18150 1238206 1101250 1363038
 4766.083733 23310 1400 1400 1400 1400 80 46 0 80 52 0 80 42 0 80 44 0 15494 1210000 18150 1239850 1101250 1364139
 4766.283728 23311 1400 1400 1400 1400 80 46 0 80 52 0 80 42 0 80 44 0 15494 1208750 18120 1239302 1101250 1364139
 4766.483728 23312 1400 1400 1400 1400 80 46 0 80 52 0 80 42 0 80 44 0 15738 1208750 18120 1240398 1102500 1366480
 4766.683728 23313 1400 1400 1400 1400 80 46 0 80 52 0 80 42 0 80 44 0 15738 1208750 18120 1240398 1102500 1366480
 4766.883728 23314 1400 1400 1400 1400 80 46 0 80 52 0 80 42 0 80 44 0 15738 1208750 18120 1239302 1101250 1364139
 4767.083728 23315 1400 1400 1400 1400 80 46 0 80 52 0 80 42 0 80 44 0 15982 1208750 18120 1237932 1101250 1361937
 4767.283728 23316 1400 1400 1400 1400 80 46 0 80 52 0 80 42 0 80 44 0 15982 1210000 18150 1238206 1102500 1364276
 4767.483728 23317 1400 1400 1400 1400 80 46 0 80 52 0 80 42 0 80 44 0 15982 1210000 18150 1238206 1102500 1364276
 4767.683728 23318 1400 1400 1400 1400 80 46 0 80 52 0 80 42 0 80 44 0 15738 1210000 18150 1238480 1102500 1364276
 4767.883728 23319 1400 1400 1400 1400 80 46 0 80 52 0 80 42 0 80 44 0 15738 1208750 18120 1241220 1101250 1366341
 4768.083730 23320 1400 1400 1400 1400 80 46 0 80 52 0 80 42 0 80 44 0 15738 1210000 18150 1239302 1101250 1364139
 4768.283728 23321 1400 1400 1400 1400 80 46 0 80 52 0 80 42 0 80 44 0 15738 1210000 18150 1239302 1101250 1364139
 4768.483728 23322 1400 1400 1400 1400 80 46 0 80 52 0 80 42 0 80 44 0 15738 1208750 18120 1241220 1102500 1367582
 4768.683730 23323 1400 1400 1400 1400 80 46 0 80 52 0 80 42 0 80 44 0 15738 1210000 18150 1233274 1102500 1358766
 4768.883728 23324 1400 1400 1400 1400 80 46 0 80 52 0 80 42 0 80 44 0 15738 1210000 18150 1235466 1102500 1360970
 4769.083728 23325 1400 1400 1400 1400 80 46 0 80 52 0 80 42 0 80 44 0 15982 1208750 18120 1234096 1102500 1359868
 4769.283728 23326 1400 1400 1400 1400 80 46 0 80 52 0 80 42 0 80 44 0 15982 1208750 18120 1234096 1102500 1359868
 4769.483728 23327 1400 1400 1400 1400 80 46 0 80 52 0 80 42 0 80 44 0 15982 1208750 18120 1234096 1101250 1358634
 4769.683727 23328 1400 1400 1400 1400 80 46 0 80 52 0 80 42 0 80 44 0 15738 1210000 18150 1237932 1101250 1361937
 4769.883728 23329 1400 1400 1400 1400 80 46 0 80 52 0 80 42 0 80 44 0 15494 1210000 18150 1235740 1101250 1359735
 4770.083728 23330 1400 1400 1400 1400 80 46 0 80 52 0 80 42 0 80 44 0 15494 1210000 18150 1235740 1101250 1359735
 4770.283728 23331 1400 1400 1400 1400 80 46 0 80 52 0 80 42 0 80 44 0 15738 1208750 18120 1236014 1101250 1360836
 4770.483728 23332 1400 1400 1400 1400 80 46 0 80 52 0 80 42 0 80 44 0 15494 1208750 18120 1233274 1101250 1357533
 4770.683728 23333 1400 1400 1400 1400 80 46 0 80 52 0 80 42 0 80 44 0 15982 1208750 18120 1237110 1101250 1361937
 4770.883728 23334 1400 1400 1400 1400 80 46 0 80 52 0 80 42 0 80 44 0 15982 1208750 18120 1237110 1101250 1361937
 4771.083728 23335 1400 1400 1400 1400 80 46 0 80 52 0 80 42 0 80 44 0 15982 1208750 18120 1238206 1101250 1363038
 4771.283731 23336 1400 1400 1400 1400 80 46 0 80 52 0 80 42 0 80 44 0 15738 1210000 18150 1240672 1102500 1366480
 4771.483728 23337 1400 1400 1400 1400 80 46 0 80 52 0 80 42 0 80 44 0 15494 1208750 18120 1241220 1102500 1367582
 4771.683728 23338 1400 1400 1400 1400 80 46 0 80 52 0 80 42 0 80 44 0 15494 1208750 18120 1241220 1102500 1367582
 4771.883728 23339 1400 1400 1400 1400 80 46 0 80 52 0 80 42 0 80 44 0 15494 1210000 18150 1241220 1101250 1366341
 4772.083740 23340 1400 1400 1400 1400 80 46 0 80 52 0 80 42 0 80 44 0 15738 1210000 18150 1240672 1102500 1366480
 4772.283728 23341 1400 1400 1400 1400 80 46 0 80 52 0 80 42 0 80 44 0 15738 1208750 18120 1237932 1102500 1363174
 4772.483728 23342 1400 1400 1400 1400 80 46 0 80 52 0 80 42 0 80 44 0 15738 1208750 18120 1237932 1102500 1363174
 4772.683728 23343 1400 1400 1400 1400 80 46 0 80 52 0 80 42 0 80 44 0 15738 1208750 18120 1238206 1101250 1363038
 4772.883727 23344 1400 1400 1400 1400 80 46 0 80 52 0 80 42 0 80 44 0 15738 1208750 18120 1239028 1102500 1365378
 4773.083728 23345 1400 1400 1400 1400 80 46 0 80 52 0 80 42 0 80 44 0 15738 1208750 18120 1239302 1101250 1364139
 4773.283728 23346 1400 1400 1400 1400 80 46 0 80 52 0 80 42 0 80 44 0 15738 1208750 18120 1239302 1101250 1364139
 4773.483728 23347 1400 1400 1400 1400 80 46 0 80 52 0 80 42 0 80 44 0 15982 1210000 18150 1239850 1102500 1365378
 4773.683728 23348 1400 1400 1400 1400 80 46 0 80 52 0 80 42 0 80 44 0 15738 1208750 18120 1239302 1102500 1365378
 4773.883730 23349 1400 1400 1400 1400 80 46 0 80 52 0 80 42 0 80 44 0 15494 1210000 18150 1239302 1102500 1365378
 4774.083728 23350 1400 1400 1400 1400 80 46 0 80 52 0 80 42 0 80 44 0 15494 1210000 18150 1239302 1102500 1365378
 4774.283728 23351 1400 1400 1400 1400 80 46 0 80 52 0 80 42 0 80 44 0 15494 1210000 18150 1238206 1102500 1364276
 4774.483728 23352 1400 1400 1400 1400 80 46 0 80 52 0 80 42 0 80 44 0 15738 1210000 18150 1236836 1102500 1362072
 4774.683728 23353 1400 1400 1400 1400 80 46 0 80 52 0 80 42 0 80 44 0 15738 1210000 18150 1236836 1102500 1362072
 4774.883730 23354 1400 1400 1400 1400 80 46 0 80 52 0 80 42 0 80 44 0 15982 1208750 18120 1237110 1101250 1361937
 4775.083728 23355 1400 1400 1400 1400 80 46 0 80 52 0 80 42 0 80 44 0 15982 1208750 18120 1237110 1101250 1361937
 4775.283728 23356 1400 1400 1400 1400 80 46 0 80 52 0 80 42 0 80 44 0 15494 1208750 18120 1239028 1102500 1365378
 4775.483728 23357 1400 1400 1400 1400 80 46 0 80 52 0 80 42 0 80 44 0 15738 1208750 18120 1239028 1102500 1365378
 4775.683728 23358 1400 1400 1400 1400 80 46 0 80 52 0 80 42 0 80 44 0 15738 1208750 18120 1240398 1101250 1365240
 4775.883728 23359 1400 1400 1400 1400 80 46 0 80 52 0 80 42 0 80 44 0 15738 1208750 18120 1240398 1101250 1365240
 4776.083730 23360 1400 1400 1400 1400 80 46 0 80 52 0 80 42 0 80 44 0 15738 1208750 18120 1237932 1102500 1363174
 4776.283728 23361 1400 1400 1400 1400 80 46 0 80 52 0 80 42 0 80 44 0 15738 1210000 18150 1237932 1102500 1363174
 4776.483731 23362 1400 1400 1400 1400 80 46 0 80 52 0 80 42 0 80 44 0 15738 1208750 18120 1238480 1101250 1363038
 4776.683728 23363 1400 1400 1400 1400 80 46 0 80 52 0 80 42 0 80 44 0 15738 1208750 18120 1238480 1101250 1363038
 4776.883728 23364 1400 1400 1400 1400 80 46 0 80 52 0 80 42 0 80 44 0 15494 1208750 18120 1238480 1102500 1364276
 4777.083728 23365 1400 1400 1400 1400 80 46 0 80 52 0 80 42 0 80 44 0 15982 1210000 18150 1238480 1101250 1363038
 4777.283728 23366 1400 1400 1400 1400 80 46 0 80 52 0 80 42 0 80 44 0 15982 1208750 18120 1242590 1102500 1368684
 4777.483728 23367 1400 1400 1400 1400 80 46 0 80 52 0 80 42 0 80 44 0 15982 1208750 18120 1242590 1102500 1368684
 4777.683728 23368 1400 1400 1400 1400 80 46 0 80 52 0 80 42 0 80 44 0 15738 1208750 18120 1241220 1101250 1366341
 4777.883728 23369 1400 1400 1400 1400 80 46 0 80 52 0 80 42 0 80 44 0 15738 1208750 18120 1239576 1102500 1365378
 4778.083728 23370 1400 1400 1400 1400 80 46 0 80 52 0 80 42 0 80 44 0 15738 1208750 18120 1239302 1102500 1365378
 4778.283728 23371 1400 1400 1400 1400 80 46 0 80 52 0 80 42 0 80 44 0 15738 1208750 18120 1239302 1102500 1365378
 4778.483728 23372 1400 1400 1400 1400 80 46 0 80 52 0 80 42 0 80 44 0 15738 1208750 18120 1239302 1101250 1364139
 4778.683728 23373 1400 1400 1400 1400 80 46 0 80 52 0 80 42 0 80 44 0 15494 1208750 18120 1240124 1101250 1365240
 4778.883728 23374 1400 1400 1400 1400 80 46 0 80 52 0 80 42 0 80 44 0 15494 1208750 18120 1239850 1102500 1365378
 4779.083731 23375 1400 1400 1400 1400 80 46 0 80 52 0 80 42 0 80 44 0 15494 1208750 18120 1239850 1102500 1365378
 4779.283728 23376 1400 1400 1400 1400 80 46 0 80 52 0 80 42 0 80 44 0 15738 1208750 18120 1239576 1101250 1364139
 4779.483728 23377 1400 1400 1400 1400 80 46 0 80 52 0 80 42 0 80 44 0 15738 1210000 18150 1239850 1101250 1364139
 4779.683728 23378 1400 1400 1400 1400 80 46 0 80 52 0 80 42 0 80 44 0 15982 1208750 18120 1238754 1101250 1363038
 4779.883728 23379 1400 1400 1400 1400 80 46 0 80 52 0 80 42 0 80 44 0 15982 1208750 18120 1238754 1101250 1363038
 4780.083730 23380 1400 1400 1400 1400 80 46 0 80 52 0 80 42 0 80 44 0 15738 1208750 18120 1218478 1101250 1341018
 4780.283728 23381 1400 1400 1400 1400 80 46 0 80 52 0 80 42 0 80 44 0 15738 1208750 18120 1237384 1102500 1363174
 4780.483728 23382 1400 1400 1400 1400 80 46 0 80 52 0 80 42 0 80 44 0 15738 1210000 18150 1236288 1101250 1360836
 4780.683728 23383 1400 1400 1400 1400 80 46 0 80 52 0 80 42 0 80 44 0 15738 1210000 18150 1236288 1101250 1360836
 4780.883728 23384 1400 1400 1400 1400 80 46 0 80 52 0 80 42 0 80 44 0 15494 1208750 18120 1238754 1101250 1363038
 4781.083728 23385 1400 1400 1400 1400 80 46 0 80 52 0 80 42 0 80 44 0 15738 1210000 18150 1239028 1101250 1364139
 4781.283728 23386 1400 1400 1400 1400 80 46 0 80 52 0 80 42 0 80 44 0 15738 1208750 18120 1239850 1101250 1364139
 4781.483728 23387 1400 1400 1400 1400 80 46 0 80 52 0 80 42 0 80 44 0 15494 1208750 18120 1238754 1102500 1364276
 4781.683731 23388 1400 1400 1400 1400 80 46 0 80 52 0 80 42 0 80 44 0 15494 1208750 18120 1238754 1102500 1364276
 4781.883728 23389 1400 1400 1400 1400 80 46 0 80 52 0 80 42 0 80 44 0 15982 1208750 18120 1238206 1101250 1363038
 4782.083728 23390 1400 1400 1400 1400 80 46 0 80 52 0 80 42 0 80 44 0 15738 1208750 18120 1238480 1102500 1364276
 4782.283728 23391 1400 1400 1400 1400 80 46 0 80 52 0 80 42 0 80 44 0 15738 1208750 18120 1240672 1102500 1366480
 4782.483728 23392 1400 1400 1400 1400 80 46 0 80 52 0 80 42 0 80 44 0 15738 1208750 18120 1240672 1102500 1366480
 4782.683727 23393 1400 1400 1400 1400 80 46 0 80 52 0 80 42 0 80 44 0 15494 1208750 18120 1239850 1102500 1365378
 4782.883728 23394 1400 1400 1400 1400 80 46 0 80 52 0 80 42 0 80 44 0 15982 1208750 18120 1240672 1102500 1366480
 4783.083728 23395 1400 1400 1400 1400 80 46 0 80 52 0 80 42 0 80 44 0 15982 1208750 18120 1241768 1102500 1367582
 4783.283727 23396 1400 1400 1400 1400 80 46 0 80 52 0 80 42 0 80 44 0 15982 1208750 18120 1241768 1102500 1367582
 4783.483728 23397 1400 1400 1400 1400 80 46 0 80 52 0 80 42 0 80 44 0 15738 1208750 18120 1237932 1101250 1361937
 4783.683728 23398 1400 1400 1400 1400 80 46 0 80 52 0 80 42 0 80 44 0 15982 1208750 18120 1238480 1102500 1364276
 4783.883728 23399 1400 1400 1400 1400 80 46 0 80 52 0 80 42 0 80 44 0 15738 1208750 18120 1237658 1101250 1361937
 4784.083730 23400 1400 1400 1400 1400 80 46 0 80 52 0 80 42 0 80 44 0 15738 1208750 18120 1237658 1101250 1361937
 4784.283731 23401 1400 1400 1400 1400 80 46 0 80 52 0 80 42 0 80 44 0 15982 1210000 18150 1238480 1102500 1364276
 4784.483728 23402 1400 1400 1400 1400 80 46 0 80 52 0 80 42 0 80 44 0 15738 1208750 18120 1237110 1102500 1363174
 4784.683728 23403 1400 1400 1400 1400 80 46 0 80 52 0 80 42 0 80 44 0 15494 1208750 18120 1237110 1101250 1361937
 4784.883728 23404 1400 1400 1400 1400 80 46 0 80 52 0 80 42 0 80 44 0 15494 1208750 18120 1237110 1101250 1361937
 4785.083728 23405 1400 1400 1400 1400 80 46 0 80 52 0 80 42 0 80 44 0 15738 1208750 18120 1236562 1101250 1360836
 4785.283728 23406 1400 1400 1400 1400 80 46 0 80 52 0 80 42 0 80 44 0 15738 1210000 18150 1234370 1101250 1358634
 4785.483728 23407 1400 1400 1400 1400 80 46 0 80 52 0 80 42 0 80 44 0 15738 1208750 18120 1234370 1101250 1358634
 4785.683728 23408 1400 1400 1400 1400 80 46 0 80 52 0 80 42 0 80 44 0 15738 1208750 18120 1234370 1101250 1358634
 4785.883728 23409 1400 1400 1400 1400 80 46 0 80 52 0 80 42 0 80 44 0 15738 1208750 18120 1234370 1101250 1358634
 4786.083728 23410 1400 1400 1400 1400 80 46 0 80 52 0 80 42 0 80 44 0 15738 1208750 18120 1236014 1101250 1360836
 4786.283728 23411 1400 1400 1400 1400 80 46 0 80 52 0 80 42 0 80 44 0 15738 1208750 18120 1239302 1101250 1364139
 4786.483728 23412 1400 1400 1400 1400 80 46 0 80 52 0 80 42 0 80 44 0 15738 1208750 18120 1239302 1101250 1364139
 4786.683728 23413 1400 1400 1400 1400 80 46 0 80 52 0 80 42 0 80 44 0 15982 1208750 18120 1239028 1101250 1364139
 4786.883731 23414 1400 1400 1400 1400 80 46 0 80 52 0 80 42 0 80 44 0 15982 1208750 18120 1238480 1101250 1363038
 4787.083728 23415 1400 1400 1400 1400 80 46 0 80 52 0 80 42 0 80 44 0 15738 1208750 18120 1236562 1102500 1362072
 4787.283731 23416 1400 1400 1400 1400 80 46 0 80 52 0 80 42 0 80 44 0 15738 1208750 18120 1235740 1101250 1359735
 4787.483728 23417 1400 1400 1400 1400 80 46 0 80 52 0 80 42 0 80 44 0 15738 1208750 18120 1235740 1101250 1359735
 4787.683728 23418 1400 1400 1400 1400 80 46 0 80 52 0 80 42 0 80 44 0 15738 1208750 18120 1236562 1102500 1362072
 4787.883728 23419 1400 1400 1400 1400 80 46 0 80 52 0 80 42 0 80 44 0 15494 1208750 18120 1239850 1101250 1364139
 4788.083730 23420 1400 1400 1400 1400 80 46 0 80 52 0 80 42 0 80 44 0 15738 1208750 18120 1238480 1101250 1363038
 4788.283728 23421 1400 1400 1400 1400 80 46 0 80 52 0 80 42 0 80 44 0 15738 1208750 18120 1238480 1101250 1363038
 4788.483728 23422 1400 1400 1400 1400 80 46 0 80 52 0 80 42 0 80 44 0 15494 1208750 18120 1238754 1101250 1363038
 4788.683728 23423 1400 1400 1400 1400 80 46 0 80 52 0 80 42 0 80 44 0 15738 1208750 18120 1241494 1101250 1366341
 4788.883728 23424 1400 1400 1400 1400 80 46 0 80 52 0 80 42 0 80 44 0 15738 1208750 18120 1238754 1101250 1363038
 4789.083728 23425 1400 1400 1400 1400 80 46 0 80 52 0 80 42 0 80 44 0 15738 1208750 18120 1238754 1101250 1363038
 4789.283728 23426 1400 1400 1400 1400 80 46 0 80 52 0 80 42 0 80 44 0 15738 1208750 18120 1238206 1102500 1364276
 4789.483730 23427 1400 1400 1400 1400 80 46 0 80 52 0 80 42 0 80 44 0 15982 1208750 18120 1240398 1102500 1366480
 4789.683728 23428 1400 1400 1400 1400 80 46 0 80 52 0 80 42 0 80 44 0 15494 1208750 18120 1238480 1101250 1363038
 4789.883728 23429 1400 1400 1400 1400 80 46 0 80 52 0 80 42 0 80 44 0 15494 1208750 18120 1238480 1101250 1363038
 4790.083728 23430 1400 1400 1400 1400 80 46 0 80 52 0 80 42 0 80 44 0 16226 1208750 19328 1238480 1101250 1363038
 4790.283728 23431 1400 1400 1400 1400 80 46 0 80 52 0 80 42 0 80 44 0 15982 1208750 18120 1236562 1101250 1360836
 4790.483728 23432 1400 1400 1400 1400 80 46 0 80 52 0 80 42 0 80 44 0 15738 1208750 18120 1236014 1101250 1360836
 4790.683727 23433 1400 1400 1400 1400 80 46 0 80 52 0 80 42 0 80 44 0 15738 1208750 18120 1236014 1101250 1360836
 4790.883728 23434 1400 1400 1400 1400 80 46 0 80 52 0 80 42 0 80 44 0 15738 1210000 18150 1234370 1101250 1358634
 4791.083728 23435 1400 1400 1400 1400 80 46 0 80 52 0 80 42 0 80 44 0 15494 1210000 18150 1236014 1101250 1360836
 4791.283728 23436 1400 1400 1400 1400 80 46 0 80 52 0 80 42 0 80 44 0 15738 1210000 18150 1235466 1102500 1360970
 4791.483728 23437 1400 1400 1400 1400 80 46 0 80 52 0 80 42 0 80 44 0 15738 1210000 18150 1235466 1102500 1360970
 4791.683807 23438 1400 1400 1400 1400 80 46 0 80 52 0 80 42 0 80 44 0 15738 1210000 18150 1237932 1101250 1361937
 4791.883811 23439 1400 1400 1400 1400 80 46 0 80 52 0 80 42 0 80 44 0 15982 1210000 18150 1094356 1100000 1203400
