 5602.748809 27493 1200 1200 1200 1200 75 46 0 75 52 0 75 42 0 75 44 0 15006 1210000 18150 52608 1020000 53040
 5602.948813 27494 1200 1200 1200 1200 75 46 0 75 52 0 75 42 0 75 44 0 15006 1210000 18150 55896 1020000 56100
 5603.148813 27495 1200 1200 1200 1200 74 46 0 74 52 0 74 42 0 74 44 0 15006 1210000 18150 55896 1020000 56100
 5603.348813 27496 1200 1200 1200 1200 74 46 0 74 52 0 74 42 0 74 44 0 15006 1210000 18150 53978 1020000 54060
 5603.548813 27497 1200 1200 1200 1200 74 46 0 74 52 0 74 42 0 74 44 0 15006 1210000 18150 56170 1020000 57120
 5603.748809 27498 1200 1200 1200 1200 74 46 0 74 52 0 74 42 0 74 44 0 15006 1210000 18150 53704 1020000 54060
 5603.948814 27499 1200 1200 1200 1200 74 46 0 74 52 0 74 42 0 74 44 0 15006 1210000 18150 53704 1020000 54060
 5604.148841 27500 1200 1200 1200 1200 74 46 0 74 52 0 74 42 0 74 44 0 15006 1210000 18150 52334 1020000 53040
 5604.348849 27501 1200 1200 1200 1200 74 46 0 74 52 0 74 42 0 74 44 0 15006 1210000 18150 53704 1020000 54060
 5604.548852 27502 1200 1200 1200 1200 74 46 0 74 52 0 74 42 0 74 44 0 15006 1210000 18150 227420 1021250 231767
 5604.748856 27503 1200 1200 1200 1200 74 46 0 74 52 0 74 42 0 74 44 0 15006 1210000 18150 227420 1021250 231767
 5604.948867 27504 1200 1200 1200 1200 74 46 0 74 52 0 74 42 0 74 44 0 15006 1210000 18150 58362 1020000 59160
 5605.148846 27505 1200 1200 1200 1200 74 46 0 74 52 0 74 42 0 74 44 0 14762 1210000 16940 60554 1020000 61200
 5605.348843 27506 1200 1200 1200 1200 74 46 0 74 52 0 74 42 0 74 44 0 14762 1210000 16940 208514 1021250 212368
 5605.548891 27507 1200 1200 1200 1200 74 46 0 74 52 0 74 42 0 74 44 0 15006 1210000 18150 861182 1023750 880803
 5605.748786 27508 1200 1200 1200 1200 74 46 0 74 52 0 74 42 0 74 44 0 15006 1210000 18150 861182 1023750 880803
 5605.948823 27509 1200 1200 1200 1200 74 46 0 74 52 0 74 42 0 74 44 0 15006 1210000 18150 822548 1023750 840906
 5606.148817 27510 1200 1200 1200 1200 75 46 0 75 52 0 75 42 0 75 44 0 14762 1210000 16940 759802 1022500 775698
 5606.348819 27511 1200 1200 1200 1200 75 46 0 75 52 0 75 42 0 75 44 0 14762 1208750 16912 971330 1025000 995275
 5606.548819 27512 1200 1200 1200 1200 75 46 0 75 52 0 75 42 0 75 44 0 14762 1208750 16912 971330 1025000 995275
 5606.748820 27513 1200 1200 1200 1200 75 46 0 75 52 0 75 42 0 75 44 0 14762 1210000 16940 975440 1025000 999375
 5606.948820 27514 1200 1200 1200 1200 75 46 0 75 52 0 75 42 0 75 44 0 15006 1210000 18150 971878 1025000 995275
 5607.148819 27515 1200 1200 1200 1200 75 46 0 75 52 0 75 42 0 75 44 0 15250 1210000 18150 973248 1025000 997325
 5607.348819 27516 1200 1200 1200 1200 75 46 0 75 52 0 75 42 0 75 44 0 15250 1210000 18150 973248 1025000 997325
 5607.548819 27517 1200 1200 1200 1200 75 46 0 75 52 0 75 42 0 75 44 0 14762 1210000 16940 972974 1025000 996300
 5607.748819 27518 1200 1200 1200 1200 75 46 0 75 52 0 75 42 0 75 44 0 14762 1208750 16912 969960 1025000 993225
 5607.948819 27519 1200 1200 1200 1200 75 46 0 75 52 0 75 42 0 75 44 0 15006 1208750 18120 970234 1025000 994250
 5608.148820 27520 1200 1200 1200 1200 75 46 0 75 52 0 75 42 0 75 44 0 15006 1208750 18120 970234 1025000 994250
 5608.348819 27521 1200 1200 1200 1200 75 46 0 75 52 0 75 42 0 75 44 0 14762 1208750 16912 971330 1025000 995275
 5608.548815 27522 1200 1200 1200 1200 75 46 0 75 52 0 75 42 0 75 44 0 14762 1210000 16940 972700 1025000 996300
 5608.748819 27523 1200 1200 1200 1200 75 46 0 75 52 0 75 42 0 75 44 0 14762 1210000 16940 972426 1025000 996300
 5608.948819 27524 1200 1200 1200 1200 75 46 0 75 52 0 75 42 0 75 44 0 14762 1210000 16940 972426 1025000 996300
 5609.148820 27525 1200 1200 1200 1200 76 46 0 76 52 0 76 42 0 76 44 0 14762 1210000 16940 971878 1025000 995275
 5609.348819 27526 1200 1200 1200 1200 76 46 0 76 52 0 76 42 0 76 44 0 15006 1210000 18150 982290 1025000 1006550
 5609.548820 27527 1200 1200 1200 1200 76 46 0 76 52 0 76 42 0 76 44 0 15006 1210000 18150 970234 1025000 994250
 5609.748819 27528 1200 1200 1200 1200 76 46 0 76 52 0 76 42 0 76 44 0 15006 1210000 18150 970234 1025000 994250
 5609.948816 27529 1200 1200 1200 1200 76 46 0 76 52 0 76 42 0 76 44 0 15006 1210000 18150 969960 1025000 993225
 5610.148820 27530 1200 1200 1200 1200 76 46 0 76 52 0 76 42 0 76 44 0 15006 1210000 18150 991332 1025000 1015775
 5610.348819 27531 1200 1200 1200 1200 76 46 0 76 52 0 76 42 0 76 44 0 15250 1210000 18150 974618 1025000 998350
 5610.548820 27532 1200 1200 1200 1200 76 46 0 76 52 0 76 42 0 76 44 0 15250 1210000 18150 974618 1025000 998350
 5610.748819 27533 1200 1200 1200 1200 76 46 0 76 52 0 76 42 0 76 44 0 15006 1210000 18150 975166 1025000 999375
 5610.948815 27534 1200 1200 1200 1200 76 46 0 76 52 0 76 42 0 76 44 0 14762 1210000 16940 975440 1025000 999375
 5611.148820 27535 1200 1200 1200 1200 76 46 0 76 52 0 76 42 0 76 44 0 15006 1210000 18150 975714 1025000 999375
 5611.348793 27536 1200 1200 1200 1200 76 46 0 76 52 0 76 42 0 76 44 0 15006 1210000 18150 973796 1025000 997325
 5611.548819 27537 1200 1200 1200 1200 76 46 0 76 52 0 76 42 0 76 44 0 15006 1210000 18150 973796 1025000 997325
 5611.748819 27538 1200 1200 1200 1200 76 46 0 76 52 0 76 42 0 76 44 0 15006 1210000 18150 972974 1025000 996300
 5611.948816 27539 1200 1200 1200 1200 76 46 0 76 52 0 76 42 0 76 44 0 15006 1210000 18150 973522 1025000 997325
 5612.148819 27540 1200 1200 1200 1200 76 46 0 76 52 0 76 42 0 76 44 0 15006 1210000 18150 975440 1025000 999375
 5612.348819 27541 1200 1200 1200 1200 76 46 0 76 52 0 76 42 0 76 44 0 15006 1210000 18150 975440 1025000 999375
 5612.548820 27542 1200 1200 1200 1200 76 46 0 76 52 0 76 42 0 76 44 0 15006 1210000 18150 977084 1025000 1001425
 5612.748820 27543 1200 1200 1200 1200 76 46 0 76 52 0 76 42 0 76 44 0 15250 1210000 18150 976810 1025000 1000400
 5612.948820 27544 1200 1200 1200 1200 76 46 0 76 52 0 76 42 0 76 44 0 15006 1210000 18150 976810 1025000 1000400
 5613.148819 27545 1200 1200 1200 1200 77 46 0 77 52 0 77 42 0 77 44 0 15006 1210000 18150 976810 1025000 1000400
 5613.348817 27546 1200 1200 1200 1200 77 46 0 77 52 0 77 42 0 77 44 0 15250 1210000 18150 973796 1025000 997325
 5613.548819 27547 1200 1200 1200 1200 77 46 0 77 52 0 77 42 0 77 44 0 15006 1210000 18150 973522 1025000 997325
 5613.748820 27548 1200 1200 1200 1200 77 46 0 77 52 0 77 42 0 77 44 0 15250 1210000 18150 975166 1025000 999375
 5613.948820 27549 1200 1200 1200 1200 77 46 0 77 52 0 77 42 0 77 44 0 15250 1210000 18150 975166 1025000 999375
 5614.148819 27550 1200 1200 1200 1200 77 46 0 77 52 0 77 42 0 77 44 0 15006 1210000 18150 973522 1025000 997325
 5614.348815 27551 1200 1200 1200 1200 77 46 0 77 52 0 77 42 0 77 44 0 15006 1210000 18150 975988 1025000 999375
 5614.548821 27552 1200 1200 1200 1200 77 46 0 77 52 0 77 42 0 77 44 0 14762 1210000 16940 976536 1025000 1000400
 5614.748798 27553 1200 1200 1200 1200 77 46 0 77 52 0 77 42 0 77 44 0 14762 1210000 16940 976536 1025000 1000400
 5614.948798 27554 1200 1200 1200 1200 77 46 0 77 52 0 77 42 0 77 44 0 15006 1210000 18150 975166 1025000 999375
 5615.148798 27555 1200 1200 1200 1200 77 46 0 77 52 0 77 42 0 77 44 0 15006 1210000 18150 975988 1025000 999375
 5615.348799 27556 1200 1200 1200 1200 77 46 0 77 52 0 77 42 0 77 44 0 15006 1210000 18150 975440 1025000 999375
 5615.548798 27557 1200 1200 1200 1200 77 46 0 77 52 0 77 42 0 77 44 0 15006 1210000 18150 975440 1025000 999375
 5615.748798 27558 1200 1200 1200 1200 77 46 0 77 52 0 77 42 0 77 44 0 15006 1210000 18150 975440 1025000 999375
 5615.948798 27559 1200 1200 1200 1200 77 46 0 77 52 0 77 42 0 77 44 0 15006 1210000 18150 973796 1025000 997325
 5616.148799 27560 1200 1200 1200 1200 77 46 0 77 52 0 77 42 0 77 44 0 15006 1210000 18150 978180 1025000 1002450
 5616.348798 27561 1200 1200 1200 1200 77 46 0 77 52 0 77 42 0 77 44 0 15006 1210000 18150 978180 1025000 1002450
 5616.548798 27562 1200 1200 1200 1200 77 46 0 77 52 0 77 42 0 77 44 0 15006 1210000 18150 978454 1025000 1002450
 5616.748795 27563 1200 1200 1200 1200 77 46 0 77 52 0 77 42 0 77 44 0 15494 1210000 18150 975166 1025000 999375
 5616.948798 27564 1200 1200 1200 1200 77 46 0 77 52 0 77 42 0 77 44 0 15250 1210000 18150 973796 1025000 997325
 5617.148799 27565 1200 1200 1200 1200 77 46 0 77 52 0 77 42 0 77 44 0 15250 1210000 18150 973796 1025000 997325
 5617.348750 27566 1200 1200 1200 1200 77 46 0 77 52 0 77 42 0 77 44 0 15250 1210000 18150 975166 1025000 999375
 5617.548751 27567 1200 1200 1200 1200 77 46 0 77 52 0 77 42 0 77 44 0 15250 1210000 18150 974344 1025000 998350
 5617.748750 27568 1200 1200 1200 1200 77 46 0 77 52 0 77 42 0 77 44 0 15006 1210000 18150 974892 1025000 998350
 5617.948768 27569 1200 1200 1200 1200 77 46 0 77 52 0 77 42 0 77 44 0 15250 1210000 18150 977906 1025000 1001425
 5618.148803 27570 1200 1200 1200 1200 77 46 0 77 52 0 77 42 0 77 44 0 15250 1210000 18150 977906 1025000 1001425
 5618.348802 27571 1200 1200 1200 1200 77 46 0 77 52 0 77 42 0 77 44 0 15250 1210000 18150 977084 1025000 1001425
 5618.548803 27572 1200 1200 1200 1200 77 46 0 77 52 0 77 42 0 77 44 0 15250 1210000 18150 976536 1025000 1000400
 5618.748803 27573 1200 1200 1200 1200 77 46 0 77 52 0 77 42 0 77 44 0 15006 1210000 18150 973248 1025000 997325
 5618.948802 27574 1200 1200 1200 1200 77 46 0 77 52 0 77 42 0 77 44 0 15006 1210000 18150 973248 1025000 997325
 5619.148798 27575 1200 1200 1200 1200 77 46 0 77 52 0 77 42 0 77 44 0 15250 1210000 18150 973796 1025000 997325
 5619.348802 27576 1200 1200 1200 1200 77 46 0 77 52 0 77 42 0 77 44 0 15250 1210000 18150 974070 1025000 998350
 5619.548802 27577 1200 1200 1200 1200 77 46 0 77 52 0 77 42 0 77 44 0 15006 1210000 18150 972974 1025000 996300
 5619.748803 27578 1200 1200 1200 1200 77 46 0 77 52 0 77 42 0 77 44 0 15006 1210000 18150 972974 1025000 996300
 5619.948802 27579 1200 1200 1200 1200 77 46 0 77 52 0 77 42 0 77 44 0 15250 1210000 18150 976536 1025000 1000400
 5620.148803 27580 1200 1200 1200 1200 77 46 0 77 52 0 77 42 0 77 44 0 15250 1210000 18150 976810 1025000 1000400
 5620.348802 27581 1200 1200 1200 1200 77 46 0 77 52 0 77 42 0 77 44 0 15250 1210000 18150 976810 1025000 1000400
 5620.548802 27582 1200 1200 1200 1200 77 46 0 77 52 0 77 42 0 77 44 0 15250 1210000 18150 976810 1025000 1000400
 5620.748818 27583 1200 1200 1200 1200 77 46 0 77 52 0 77 42 0 77 44 0 15006 1210000 18150 976810 1025000 1000400
 5620.948802 27584 1200 1200 1200 1200 77 46 0 77 52 0 77 42 0 77 44 0 15250 1210000 18150 976262 1025000 1000400
 5621.148802 27585 1200 1200 1200 1200 77 46 0 77 52 0 77 42 0 77 44 0 15250 1210000 18150 976536 1025000 1000400
 5621.348802 27586 1200 1200 1200 1200 77 46 0 77 52 0 77 42 0 77 44 0 15250 1210000 18150 976536 1025000 1000400
 5621.548815 27587 1200 1200 1200 1200 77 46 0 77 52 0 77 42 0 77 44 0 15250 1210000 18150 976810 1025000 1000400
 5621.748819 27588 1200 1200 1200 1200 77 46 0 77 52 0 77 42 0 77 44 0 15250 1210000 18150 979002 1025000 1003475
 5621.948820 27589 1200 1200 1200 1200 77 46 0 77 52 0 77 42 0 77 44 0 15250 1210000 18150 977358 1025000 1001425
 5622.148819 27590 1200 1200 1200 1200 77 46 0 77 52 0 77 42 0 77 44 0 15250 1210000 18150 977358 1025000 1001425
 5622.348820 27591 1200 1200 1200 1200 77 46 0 77 52 0 77 42 0 77 44 0 15494 1210000 18150 977906 1025000 1001425
 5622.548820 27592 1200 1200 1200 1200 77 46 0 77 52 0 77 42 0 77 44 0 15494 1210000 18150 977084 1025000 1001425
 5622.748820 27593 1200 1200 1200 1200 77 46 0 77 52 0 77 42 0 77 44 0 15006 1210000 18150 975166 1025000 999375
 5622.948820 27594 1200 1200 1200 1200 77 46 0 77 52 0 77 42 0 77 44 0 15006 1210000 18150 975166 1025000 999375
 5623.148819 27595 1200 1200 1200 1200 77 46 0 77 52 0 77 42 0 77 44 0 15250 1210000 18150 974892 1025000 998350
 5623.348819 27596 1200 1200 1200 1200 77 46 0 77 52 0 77 42 0 77 44 0 15250 1210000 18150 973796 1025000 997325
 5623.548820 27597 1200 1200 1200 1200 77 46 0 77 52 0 77 42 0 77 44 0 15006 1210000 18150 977084 1025000 1001425
 5623.748770 27598 1200 1200 1200 1200 77 46 0 77 52 0 77 42 0 77 44 0 15250 1210000 18150 977084 1025000 1001425
 5623.948819 27599 1200 1200 1200 1200 77 46 0 77 52 0 77 42 0 77 44 0 15250 1210000 18150 976810 1025000 1000400
 5624.148820 27600 1200 1200 1200 1200 77 46 0 77 52 0 77 42 0 77 44 0 15006 1210000 18150 977632 1025000 1001425
 5624.348820 27601 1200 1200 1200 1200 77 46 0 77 52 0 77 42 0 77 44 0 15006 1210000 18150 976810 1025000 1000400
 5624.548819 27602 1200 1200 1200 1200 77 46 0 77 52 0 77 42 0 77 44 0 15250 1210000 18150 974070 1025000 998350
 5624.748819 27603 1200 1200 1200 1200 77 46 0 77 52 0 77 42 0 77 44 0 15250 1210000 18150 974070 1025000 998350
 5624.948818 27604 1200 1200 1200 1200 77 46 0 77 52 0 77 42 0 77 44 0 15250 1210000 18150 973796 1025000 997325
 5625.148819 27605 1200 1200 1200 1200 77 46 0 77 52 0 77 42 0 77 44 0 15250 1210000 18150 973796 1025000 997325
 5625.348819 27606 1200 1200 1200 1200 77 46 0 77 52 0 77 42 0 77 44 0 15006 1210000 18150 975988 1025000 999375
 5625.548819 27607 1200 1200 1200 1200 77 46 0 77 52 0 77 42 0 77 44 0 15006 1210000 18150 975988 1025000 999375
 5625.748820 27608 1200 1200 1200 1200 77 46 0 77 52 0 77 42 0 77 44 0 15250 1210000 18150 978454 1025000 1002450
 5625.948819 27609 1200 1200 1200 1200 77 46 0 77 52 0 77 42 0 77 44 0 15006 1210000 18150 977084 1025000 1001425
 5626.148820 27610 1200 1200 1200 1200 77 46 0 77 52 0 77 42 0 77 44 0 15250 1210000 18150 979550 1025000 1003475
 5626.348819 27611 1200 1200 1200 1200 77 46 0 77 52 0 77 42 0 77 44 0 15250 1210000 18150 979550 1025000 1003475
 5626.548819 27612 1200 1200 1200 1200 77 46 0 77 52 0 77 42 0 77 44 0 15494 1210000 18150 977084 1025000 1001425
 5626.748818 27613 1200 1200 1200 1200 77 46 0 77 52 0 77 42 0 77 44 0 15494 1210000 18150 976262 1025000 1000400
 5626.948820 27614 1200 1200 1200 1200 77 46 0 77 52 0 77 42 0 77 44 0 15250 1210000 18150 979550 1025000 1003475
 5627.148819 27615 1200 1200 1200 1200 77 46 0 77 52 0 77 42 0 77 44 0 15250 1210000 18150 979550 1025000 1003475
 5627.348816 27616 1200 1200 1200 1200 77 46 0 77 52 0 77 42 0 77 44 0 15250 1210000 18150 981194 1025000 1005525
 5627.548819 27617 1200 1200 1200 1200 77 46 0 77 52 0 77 42 0 77 44 0 15250 1210000 18150 979550 1025000 1003475
 5627.748820 27618 1200 1200 1200 1200 77 46 0 77 52 0 77 42 0 77 44 0 15250 1210000 18150 980646 1025000 1004500
 5627.948818 27619 1200 1200 1200 1200 77 46 0 77 52 0 77 42 0 77 44 0 15250 1210000 18150 980646 1025000 1004500
 5628.148820 27620 1200 1200 1200 1200 78 46 0 78 52 0 78 42 0 78 44 0 15250 1210000 18150 980646 1025000 1004500
 5628.348820 27621 1200 1200 1200 1200 78 46 0 78 52 0 78 42 0 78 44 0 15250 1210000 18150 979824 1025000 1003475
 5628.548820 27622 1200 1200 1200 1200 78 46 0 78 52 0 78 42 0 78 44 0 15006 1210000 18150 976810 1025000 1000400
 5628.748819 27623 1200 1200 1200 1200 78 46 0 78 52 0 78 42 0 78 44 0 15006 1210000 18150 976810 1025000 1000400
 5628.948819 27624 1200 1200 1200 1200 78 46 0 78 52 0 78 42 0 78 44 0 15250 1210000 18150 974344 1025000 998350
 5629.148819 27625 1200 1200 1200 1200 77 46 0 77 52 0 77 42 0 77 44 0 15250 1210000 18150 975988 1025000 999375
 5629.348820 27626 1200 1200 1200 1200 77 46 0 77 52 0 77 42 0 77 44 0 15250 1210000 18150 978180 1025000 1002450
 5629.548802 27627 1200 1200 1200 1200 77 46 0 77 52 0 77 42 0 77 44 0 15250 1210000 18150 978180 1025000 1002450
 5629.748815 27628 1200 1200 1200 1200 77 46 0 77 52 0 77 42 0 77 44 0 15250 1210000 18150 977632 1025000 1001425
 5629.948820 27629 1200 1200 1200 1200 77 46 0 77 52 0 77 42 0 77 44 0 15250 1210000 18150 976810 1025000 1000400
 5630.148821 27630 1200 1200 1200 1200 77 46 0 77 52 0 77 42 0 77 44 0 15250 1210000 18150 974344 1025000 998350
 5630.348798 27631 1200 1200 1200 1200 77 46 0 77 52 0 77 42 0 77 44 0 15494 1210000 18150 975440 1025000 999375
 5630.548820 27632 1200 1200 1200 1200 77 46 0 77 52 0 77 42 0 77 44 0 15494 1210000 18150 975440 1025000 999375
 5630.748819 27633 1200 1200 1200 1200 77 46 0 77 52 0 77 42 0 77 44 0 15250 1210000 18150 973522 1025000 997325
 5630.948819 27634 1200 1200 1200 1200 77 46 0 77 52 0 77 42 0 77 44 0 15250 1210000 18150 976262 1025000 1000400
 5631.148820 27635 1200 1200 1200 1200 78 46 0 78 52 0 78 42 0 78 44 0 15250 1210000 18150 977084 1025000 1001425
 5631.348819 27636 1200 1200 1200 1200 78 46 0 78 52 0 78 42 0 78 44 0 15250 1210000 18150 977084 1025000 1001425
 5631.548819 27637 1200 1200 1200 1200 78 46 0 78 52 0 78 42 0 78 44 0 15250 1210000 18150 977084 1025000 1001425
 5631.748819 27638 1200 1200 1200 1200 78 46 0 78 52 0 78 42 0 78 44 0 15006 1210000 18150 978728 1025000 1002450
 5631.948815 27639 1200 1200 1200 1200 78 46 0 78 52 0 78 42 0 78 44 0 15494 1210000 18150 975440 1025000 999375
 5632.148819 27640 1200 1200 1200 1200 78 46 0 78 52 0 78 42 0 78 44 0 15494 1210000 18150 975440 1025000 999375
 5632.348820 27641 1200 1200 1200 1200 78 46 0 78 52 0 78 42 0 78 44 0 15250 1210000 18150 974618 1025000 998350
 5632.548819 27642 1200 1200 1200 1200 78 46 0 78 52 0 78 42 0 78 44 0 15250 1210000 18150 975988 1025000 999375
 5632.748820 27643 1200 1200 1200 1200 78 46 0 78 52 0 78 42 0 78 44 0 15250 1208750 18120 979002 1025000 1003475
 5632.948820 27644 1200 1200 1200 1200 78 46 0 78 52 0 78 42 0 78 44 0 15250 1208750 18120 979002 1025000 1003475
 5633.148819 27645 1200 1200 1200 1200 78 46 0 78 52 0 78 42 0 78 44 0 15006 1210000 18150 979276 1025000 1003475
 5633.348821 27646 1200 1200 1200 1200 78 46 0 78 52 0 78 42 0 78 44 0 15250 1210000 18150 981468 1025000 1005525
 5633.548819 27647 1200 1200 1200 1200 78 46 0 78 52 0 78 42 0 78 44 0 15250 1210000 18150 979276 1025000 1003475
 5633.748819 27648 1200 1200 1200 1200 78 46 0 78 52 0 78 42 0 78 44 0 15250 1210000 18150 979276 1025000 1003475
 5633.948819 27649 1200 1200 1200 1200 77 46 0 77 52 0 77 42 0 77 44 0 15006 1210000 18150 976810 1025000 1000400
 5634.148819 27650 1200 1200 1200 1200 77 46 0 77 52 0 77 42 0 77 44 0 15250 1210000 18150 975988 1025000 999375
 5634.348816 27651 1200 1200 1200 1200 77 46 0 77 52 0 77 42 0 77 44 0 15250 1210000 18150 976536 1025000 1000400
 5634.548819 27652 1200 1200 1200 1200 77 46 0 77 52 0 77 42 0 77 44 0 15250 1210000 18150 976536 1025000 1000400
 5634.748819 27653 1200 1200 1200 1200 77 46 0 77 52 0 77 42 0 77 44 0 15250 1210000 18150 977906 1025000 1001425
 5634.948820 27654 1200 1200 1200 1200 77 46 0 77 52 0 77 42 0 77 44 0 15006 1210000 18150 979276 1025000 1003475
 5635.148819 27655 1200 1200 1200 1200 78 46 0 78 52 0 78 42 0 78 44 0 15006 1210000 18150 989962 1025000 1013725
 5635.348819 27656 1200 1200 1200 1200 78 46 0 78 52 0 78 42 0 78 44 0 15006 1210000 18150 989962 1025000 1013725
 5635.548819 27657 1200 1200 1200 1200 78 46 0 78 52 0 78 42 0 78 44 0 15250 1210000 18150 981742 1025000 1005525
 5635.748819 27658 1200 1200 1200 1200 78 46 0 78 52 0 78 42 0 78 44 0 15494 1210000 18150 977084 1025000 1001425
 5635.948819 27659 1200 1200 1200 1200 78 46 0 78 52 0 78 42 0 78 44 0 15494 1210000 18150 975988 1025000 999375
 5636.148803 27660 1200 1200 1200 1200 77 46 0 77 52 0 77 42 0 77 44 0 15494 1210000 18150 975988 1025000 999375
 5636.348820 27661 1200 1200 1200 1200 77 46 0 77 52 0 77 42 0 77 44 0 15250 1210000 18150 978728 1025000 1002450
 5636.548820 27662 1200 1200 1200 1200 77 46 0 77 52 0 77 42 0 77 44 0 15006 1210000 18150 979002 1025000 1003475
 5636.748815 27663 1200 1200 1200 1200 77 46 0 77 52 0 77 42 0 77 44 0 15250 1210000 18150 979276 1025000 1003475
 5636.948820 27664 1200 1200 1200 1200 77 46 0 77 52 0 77 42 0 77 44 0 15250 1210000 18150 978180 1025000 1002450
 5637.148820 27665 1200 1200 1200 1200 78 46 0 78 52 0 78 42 0 78 44 0 15250 1210000 18150 978180 1025000 1002450
 5637.348819 27666 1200 1200 1200 1200 78 46 0 78 52 0 78 42 0 78 44 0 15250 1210000 18150 979002 1025000 1003475
 5637.548819 27667 1200 1200 1200 1200 78 46 0 78 52 0 78 42 0 78 44 0 15250 1210000 18150 975166 1025000 999375
 5637.748815 27668 1200 1200 1200 1200 78 46 0 78 52 0 78 42 0 78 44 0 15006 1210000 18150 974344 1025000 998350
 5637.948820 27669 1200 1200 1200 1200 78 46 0 78 52 0 78 42 0 78 44 0 15006 1210000 18150 974344 1025000 998350
 5638.148819 27670 1200 1200 1200 1200 78 46 0 78 52 0 78 42 0 78 44 0 15250 1210000 18150 975440 1025000 999375
 5638.348820 27671 1200 1200 1200 1200 78 46 0 78 52 0 78 42 0 78 44 0 15250 1210000 18150 976536 1025000 1000400
 5638.548821 27672 1200 1200 1200 1200 78 46 0 78 52 0 78 42 0 78 44 0 15250 1210000 18150 977084 1025000 1001425
 5638.748819 27673 1200 1200 1200 1200 78 46 0 78 52 0 78 42 0 78 44 0 15250 1210000 18150 977084 1025000 1001425
 5638.948819 27674 1200 1200 1200 1200 78 46 0 78 52 0 78 42 0 78 44 0 15250 1208750 18120 978454 1025000 1002450
 5639.148820 27675 1200 1200 1200 1200 78 46 0 78 52 0 78 42 0 78 44 0 15250 1208750 18120 979276 1025000 1003475
 5639.348819 27676 1200 1200 1200 1200 78 46 0 78 52 0 78 42 0 78 44 0 15250 1210000 18150 974892 1025000 998350
 5639.548819 27677 1200 1200 1200 1200 78 46 0 78 52 0 78 42 0 78 44 0 15250 1210000 18150 974892 1025000 998350
 5639.748819 27678 1200 1200 1200 1200 78 46 0 78 52 0 78 42 0 78 44 0 15250 1210000 18150 974070 1025000 998350
 5639.948819 27679 1200 1200 1200 1200 78 46 0 78 52 0 78 42 0 78 44 0 15250 1210000 18150 974344 1025000 998350
 5640.148815 27680 1200 1200 1200 1200 78 46 0 78 52 0 78 42 0 78 44 0 15250 1210000 18150 979550 1025000 1003475
 5640.348834 27681 1200 1200 1200 1200 78 46 0 78 52 0 78 42 0 78 44 0 15250 1210000 18150 979550 1025000 1003475
 5640.548819 27682 1200 1200 1200 1200 78 46 0 78 52 0 78 42 0 78 44 0 15250 1210000 18150 978454 1025000 1002450
 5640.748819 27683 1200 1200 1200 1200 78 46 0 78 52 0 78 42 0 78 44 0 15006 1210000 18150 978180 1025000 1002450
 5640.948820 27684 1200 1200 1200 1200 78 46 0 78 52 0 78 42 0 78 44 0 15250 1210000 18150 978454 1025000 1002450
 5641.148819 27685 1200 1200 1200 1200 78 46 0 78 52 0 78 42 0 78 44 0 15250 1210000 18150 978454 1025000 1002450
 5641.348819 27686 1200 1200 1200 1200 78 46 0 78 52 0 78 42 0 78 44 0 15250 1210000 18150 977084 1025000 1001425
 5641.548819 27687 1200 1200 1200 1200 78 46 0 78 52 0 78 42 0 78 44 0 15494 1210000 18150 976536 1025000 1000400
 5641.748820 27688 1200 1200 1200 1200 78 46 0 78 52 0 78 42 0 78 44 0 15250 1210000 18150 977084 1025000 1001425
 5641.948820 27689 1200 1200 1200 1200 78 46 0 78 52 0 78 42 0 78 44 0 15250 1210000 18150 977084 1025000 1001425
 5642.148819 27690 1200 1200 1200 1200 78 46 0 78 52 0 78 42 0 78 44 0 15250 1210000 18150 978454 1025000 1002450
 5642.348819 27691 1200 1200 1200 1200 78 46 0 78 52 0 78 42 0 78 44 0 15250 1208750 18120 981742 1025000 1005525
 5642.548816 27692 1200 1200 1200 1200 78 46 0 78 52 0 78 42 0 78 44 0 15250 1210000 18150 980098 1025000 1004500
 5642.748750 27693 1200 1200 1200 1200 78 46 0 78 52 0 78 42 0 78 44 0 15250 1210000 18150 980646 1025000 1004500
 5642.948820 27694 1200 1200 1200 1200 78 46 0 78 52 0 78 42 0 78 44 0 15250 1210000 18150 980646 1025000 1004500
 5643.148819 27695 1200 1200 1200 1200 78 46 0 78 52 0 78 42 0 78 44 0 15006 1210000 18150 977084 1025000 1001425
 5643.348820 27696 1200 1200 1200 1200 78 46 0 78 52 0 78 42 0 78 44 0 15250 1210000 18150 977358 1025000 1001425
 5643.548819 27697 1200 1200 1200 1200 78 46 0 78 52 0 78 42 0 78 44 0 15250 1210000 18150 978180 1025000 1002450
 5643.748819 27698 1200 1200 1200 1200 78 46 0 78 52 0 78 42 0 78 44 0 15250 1210000 18150 978180 1025000 1002450
 5643.948819 27699 1200 1200 1200 1200 78 46 0 78 52 0 78 42 0 78 44 0 15494 1210000 18150 975988 1025000 999375
 5644.148821 27700 1200 1200 1200 1200 78 46 0 78 52 0 78 42 0 78 44 0 15494 1210000 18150 980372 1025000 1004500
 5644.348820 27701 1200 1200 1200 1200 78 46 0 78 52 0 78 42 0 78 44 0 15250 1210000 18150 981194 1025000 1005525
 5644.548819 27702 1200 1200 1200 1200 78 46 0 78 52 0 78 42 0 78 44 0 15250 1210000 18150 981194 1025000 1005525
 5644.748819 27703 1200 1200 1200 1200 78 46 0 78 52 0 78 42 0 78 44 0 15250 1210000 18150 979276 1025000 1003475
 5644.948816 27704 1200 1200 1200 1200 78 46 0 78 52 0 78 42 0 78 44 0 15250 1210000 18150 974618 1025000 998350
 5645.148820 27705 1200 1200 1200 1200 78 46 0 78 52 0 78 42 0 78 44 0 15250 1210000 18150 998182 1025000 1022950
 5645.348821 27706 1200 1200 1200 1200 78 46 0 78 52 0 78 42 0 78 44 0 15250 1210000 18150 998182 1025000 1022950
 5645.548819 27707 1200 1200 1200 1200 78 46 0 78 52 0 78 42 0 78 44 0 15250 1210000 18150 981468 1025000 1005525
 5645.748820 27708 1200 1200 1200 1200 78 46 0 78 52 0 78 42 0 78 44 0 15494 1210000 18150 975166 1025000 999375
 5645.948820 27709 1200 1200 1200 1200 78 46 0 78 52 0 78 42 0 78 44 0 15250 1210000 18150 977632 1025000 1001425
 5646.148819 27710 1200 1200 1200 1200 78 46 0 78 52 0 78 42 0 78 44 0 15250 1210000 18150 977632 1025000 1001425
 5646.348819 27711 1200 1200 1200 1200 78 46 0 78 52 0 78 42 0 78 44 0 15250 1210000 18150 978454 1025000 1002450
 5646.548819 27712 1200 1200 1200 1200 78 46 0 78 52 0 78 42 0 78 44 0 15494 1210000 18150 976810 1025000 1000400
 5646.748819 27713 1200 1200 1200 1200 78 46 0 78 52 0 78 42 0 78 44 0 15250 1210000 18150 975166 1025000 999375
 5646.948821 27714 1200 1200 1200 1200 78 46 0 78 52 0 78 42 0 78 44 0 15250 1210000 18150 975166 1025000 999375
 5647.148819 27715 1200 1200 1200 1200 78 46 0 78 52 0 78 42 0 78 44 0 15250 1210000 18150 974344 1025000 998350
 5647.348815 27716 1200 1200 1200 1200 78 46 0 78 52 0 78 42 0 78 44 0 15250 1210000 18150 974892 1025000 998350
 5647.548813 27717 1200 1200 1200 1200 78 46 0 78 52 0 78 42 0 78 44 0 15494 1210000 18150 467718 1022500 477274
 5647.748813 27718 1200 1200 1200 1200 78 46 0 78 52 0 78 42 0 78 44 0 15494 1210000 18150 467718 1022500 477274
