 6594.008889 32449 1000 1000 1000 1000 73 46 0 73 52 0 73 42 0 73 44 0 14762 1210000 16940 44936 957500 42108
 6594.208819 32450 1000 1000 1000 1000 73 46 0 73 52 0 73 42 0 73 44 0 14762 1210000 16940 44936 957500 42108
 6594.408820 32451 1000 1000 1000 1000 73 46 0 73 52 0 73 42 0 73 44 0 14518 1210000 16940 48498 957500 45936
 6594.608819 32452 1000 1000 1000 1000 73 46 0 73 52 0 73 42 0 73 44 0 14762 1210000 16940 44662 957500 42108
 6594.808821 32453 1000 1000 1000 1000 73 46 0 73 52 0 73 42 0 73 44 0 14762 1210000 16940 43840 957500 41151
 6595.008824 32454 1000 1000 1000 1000 73 46 0 73 52 0 73 42 0 73 44 0 14762 1210000 16940 43840 957500 41151
 6595.208819 32455 1000 1000 1000 1000 73 46 0 73 52 0 73 42 0 73 44 0 15006 1210000 18150 221118 958750 211718
 6595.408815 32456 1000 1000 1000 1000 73 46 0 73 52 0 73 42 0 73 44 0 14762 1210000 16940 41100 957500 39237
 6595.608820 32457 1000 1000 1000 1000 73 46 0 73 52 0 73 42 0 73 44 0 14762 1210000 16940 41374 957500 39237
 6595.808749 32458 1000 1000 1000 1000 73 46 0 73 52 0 73 42 0 73 44 0 14762 1210000 16940 41374 957500 39237
 6596.008859 32459 1000 1000 1000 1000 73 46 0 73 52 0 73 42 0 73 44 0 14762 1210000 16940 44114 957500 42108
 6596.208853 32460 1000 1000 1000 1000 73 46 0 73 52 0 73 42 0 73 44 0 14762 1210000 16940 364420 958750 348712
 6596.408835 32461 1000 1000 1000 1000 73 46 0 73 52 0 73 42 0 73 44 0 14518 1210000 16940 660340 960000 633600
 6596.608800 32462 1000 1000 1000 1000 73 46 0 73 52 0 73 42 0 73 44 0 14518 1210000 16940 660340 960000 633600
 6596.808827 32463 1000 1000 1000 1000 73 46 0 73 52 0 73 42 0 73 44 0 14518 1210000 16940 639516 960000 613440
 6597.008896 32464 1000 1000 1000 1000 79 46 0 79 52 0 79 42 0 79 44 0 14518 1210000 16940 618418 958750 592044
 6597.208829 32465 1000 1000 1000 1000 79 46 0 79 52 0 79 42 0 79 44 0 14762 1210000 16940 764460 960000 733440
 6597.408828 32466 1000 1000 1000 1000 79 46 0 79 52 0 79 42 0 79 44 0 14762 1210000 16940 764460 960000 733440
 6597.608829 32467 1000 1000 1000 1000 79 46 0 79 52 0 79 42 0 79 44 0 14518 1210000 16940 751582 960000 720960
 6597.808830 32468 1000 1000 1000 1000 79 46 0 79 52 0 79 42 0 79 44 0 14518 1210000 16940 750760 960000 720000
 6598.008897 32469 1000 1000 1000 1000 79 46 0 79 52 0 79 42 0 79 44 0 14518 1210000 16940 752678 960000 721920
 6598.208810 32470 1000 1000 1000 1000 79 46 0 79 52 0 79 42 0 79 44 0 14518 1210000 16940 752678 960000 721920
 6598.408826 32471 1000 1000 1000 1000 79 46 0 79 52 0 79 42 0 79 44 0 14762 1210000 16940 752404 960000 721920
 6598.608856 32472 1000 1000 1000 1000 80 46 0 80 52 0 80 42 0 80 44 0 14762 1210000 16940 751034 960000 720960
 6598.808825 32473 1000 1000 1000 1000 80 46 0 80 52 0 80 42 0 80 44 0 14762 1210000 16940 749390 960000 719040
 6599.008840 32474 1000 1000 1000 1000 80 46 0 80 52 0 80 42 0 80 44 0 14762 1210000 16940 749116 960000 719040
 6599.208827 32475 1000 1000 1000 1000 80 46 0 80 52 0 80 42 0 80 44 0 14762 1210000 16940 749116 960000 719040
 6599.408826 32476 1000 1000 1000 1000 80 46 0 80 52 0 80 42 0 80 44 0 15006 1210000 18150 754870 960000 723840
 6599.608826 32477 1000 1000 1000 1000 80 46 0 80 52 0 80 42 0 80 44 0 14762 1210000 16940 751308 960000 720960
 6599.808826 32478 1000 1000 1000 1000 80 46 0 80 52 0 80 42 0 80 44 0 15006 1210000 18150 752404 960000 721920
 6600.008840 32479 1000 1000 1000 1000 80 46 0 80 52 0 80 42 0 80 44 0 15006 1210000 18150 752404 960000 721920
 6600.208821 32480 1000 1000 1000 1000 80 46 0 80 52 0 80 42 0 80 44 0 14762 1210000 16940 753226 960000 722880
 6600.408826 32481 1000 1000 1000 1000 80 46 0 80 52 0 80 42 0 80 44 0 14762 1210000 16940 752678 960000 721920
 6600.608826 32482 1000 1000 1000 1000 80 46 0 80 52 0 80 42 0 80 44 0 14762 1210000 16940 749390 960000 719040
 6600.808821 32483 1000 1000 1000 1000 80 46 0 80 52 0 80 42 0 80 44 0 14762 1210000 16940 749390 960000 719040
 6601.008840 32484 1000 1000 1000 1000 80 46 0 80 52 0 80 42 0 80 44 0 14762 1210000 16940 749938 960000 719040
 6601.208826 32485 1000 1000 1000 1000 80 46 0 80 52 0 80 42 0 80 44 0 14762 1210000 16940 750486 960000 720000
 6601.408825 32486 1000 1000 1000 1000 80 46 0 80 52 0 80 42 0 80 44 0 14762 1210000 16940 752130 960000 721920
 6601.608826 32487 1000 1000 1000 1000 80 46 0 80 52 0 80 42 0 80 44 0 14762 1210000 16940 752130 960000 721920
 6601.808826 32488 1000 1000 1000 1000 80 46 0 80 52 0 80 42 0 80 44 0 14762 1210000 16940 753226 960000 722880
 6602.008839 32489 1000 1000 1000 1000 80 46 0 80 52 0 80 42 0 80 44 0 15006 1210000 18150 753774 960000 722880
 6602.208826 32490 1000 1000 1000 1000 80 46 0 80 52 0 80 42 0 80 44 0 14762 1210000 16940 754048 960000 723840
 6602.408826 32491 1000 1000 1000 1000 80 46 0 80 52 0 80 42 0 80 44 0 14762 1210000 16940 754048 960000 723840
 6602.608826 32492 1000 1000 1000 1000 80 46 0 80 52 0 80 42 0 80 44 0 15006 1210000 18150 751582 960000 720960
 6602.808825 32493 1000 1000 1000 1000 80 46 0 80 52 0 80 42 0 80 44 0 14762 1210000 16940 752678 960000 721920
 6603.008839 32494 1000 1000 1000 1000 80 46 0 80 52 0 80 42 0 80 44 0 14762 1210000 16940 753774 960000 722880
 6603.208827 32495 1000 1000 1000 1000 80 46 0 80 52 0 80 42 0 80 44 0 14762 1210000 16940 753774 960000 722880
 6603.408826 32496 1000 1000 1000 1000 80 46 0 80 52 0 80 42 0 80 44 0 14762 1210000 16940 752130 960000 721920
 6603.608821 32497 1000 1000 1000 1000 80 46 0 80 52 0 80 42 0 80 44 0 15006 1210000 18150 755692 960000 724800
 6603.808825 32498 1000 1000 1000 1000 80 46 0 80 52 0 80 42 0 80 44 0 15006 1210000 18150 754322 960000 723840
 6604.008839 32499 1000 1000 1000 1000 81 46 0 81 52 0 81 42 0 81 44 0 15006 1210000 18150 754322 960000 723840
 6604.208826 32500 1000 1000 1000 1000 81 46 0 81 52 0 81 42 0 81 44 0 15006 1210000 18150 754322 960000 723840
 6604.408826 32501 1000 1000 1000 1000 81 46 0 81 52 0 81 42 0 81 44 0 14762 1210000 16940 752130 960000 721920
 6604.608825 32502 1000 1000 1000 1000 81 46 0 81 52 0 81 42 0 81 44 0 15006 1210000 18150 751582 960000 720960
 6604.808755 32503 1000 1000 1000 1000 81 46 0 81 52 0 81 42 0 81 44 0 15006 1210000 18150 751582 960000 720960
 6605.008838 32504 1000 1000 1000 1000 81 46 0 81 52 0 81 42 0 81 44 0 15006 1210000 18150 751582 960000 720960
 6605.208826 32505 1000 1000 1000 1000 81 46 0 81 52 0 81 42 0 81 44 0 15006 1210000 18150 752130 960000 721920
 6605.408826 32506 1000 1000 1000 1000 81 46 0 81 52 0 81 42 0 81 44 0 15250 1210000 18150 754322 960000 723840
 6605.608826 32507 1000 1000 1000 1000 81 46 0 81 52 0 81 42 0 81 44 0 15250 1210000 18150 753500 960000 722880
 6605.808827 32508 1000 1000 1000 1000 81 46 0 81 52 0 81 42 0 81 44 0 15250 1210000 18150 753500 960000 722880
 6606.008836 32509 1000 1000 1000 1000 81 46 0 81 52 0 81 42 0 81 44 0 15006 1210000 18150 756514 960000 725760
 6606.208827 32510 1000 1000 1000 1000 81 46 0 81 52 0 81 42 0 81 44 0 15006 1210000 18150 751856 960000 720960
 6606.408826 32511 1000 1000 1000 1000 81 46 0 81 52 0 81 42 0 81 44 0 15006 1210000 18150 751582 960000 720960
 6606.608827 32512 1000 1000 1000 1000 81 46 0 81 52 0 81 42 0 81 44 0 15006 1210000 18150 751582 960000 720960
 6606.808826 32513 1000 1000 1000 1000 81 46 0 81 52 0 81 42 0 81 44 0 15006 1210000 18150 751582 960000 720960
 6607.008840 32514 1000 1000 1000 1000 81 46 0 81 52 0 81 42 0 81 44 0 15250 1210000 18150 751582 960000 720960
 6607.208826 32515 1000 1000 1000 1000 81 46 0 81 52 0 81 42 0 81 44 0 15250 1210000 18150 752130 960000 721920
 6607.408826 32516 1000 1000 1000 1000 81 46 0 81 52 0 81 42 0 81 44 0 15250 1210000 18150 752130 960000 721920
 6607.608826 32517 1000 1000 1000 1000 81 46 0 81 52 0 81 42 0 81 44 0 14762 1210000 16940 752678 960000 721920
 6607.808826 32518 1000 1000 1000 1000 81 46 0 81 52 0 81 42 0 81 44 0 14762 1210000 16940 752952 960000 721920
 6608.008839 32519 1000 1000 1000 1000 81 46 0 81 52 0 81 42 0 81 44 0 15006 1210000 18150 752678 960000 721920
 6608.208826 32520 1000 1000 1000 1000 81 46 0 81 52 0 81 42 0 81 44 0 15006 1210000 18150 752678 960000 721920
 6608.408821 32521 1000 1000 1000 1000 81 46 0 81 52 0 81 42 0 81 44 0 15250 1210000 18150 751308 960000 720960
 6608.608826 32522 1000 1000 1000 1000 81 46 0 81 52 0 81 42 0 81 44 0 14762 1210000 16940 750486 960000 720000
 6608.808827 32523 1000 1000 1000 1000 81 46 0 81 52 0 81 42 0 81 44 0 15250 1210000 18150 750760 960000 720000
 6609.008840 32524 1000 1000 1000 1000 81 46 0 81 52 0 81 42 0 81 44 0 15250 1210000 18150 750760 960000 720000
 6609.208826 32525 1000 1000 1000 1000 81 46 0 81 52 0 81 42 0 81 44 0 15006 1210000 18150 751582 960000 720960
 6609.408827 32526 1000 1000 1000 1000 81 46 0 81 52 0 81 42 0 81 44 0 15006 1210000 18150 752404 960000 721920
 6609.608826 32527 1000 1000 1000 1000 81 46 0 81 52 0 81 42 0 81 44 0 15006 1210000 18150 752130 960000 721920
 6609.808827 32528 1000 1000 1000 1000 81 46 0 81 52 0 81 42 0 81 44 0 15006 1210000 18150 752130 960000 721920
 6610.008840 32529 1000 1000 1000 1000 81 46 0 81 52 0 81 42 0 81 44 0 15006 1210000 18150 752130 960000 721920
 6610.208826 32530 1000 1000 1000 1000 81 46 0 81 52 0 81 42 0 81 44 0 15250 1210000 18150 750486 960000 720000
 6610.408827 32531 1000 1000 1000 1000 81 46 0 81 52 0 81 42 0 81 44 0 15006 1210000 18150 751582 960000 720960
 6610.608809 32532 1000 1000 1000 1000 81 46 0 81 52 0 81 42 0 81 44 0 15006 1210000 18150 751582 960000 720960
 6610.808822 32533 1000 1000 1000 1000 81 46 0 81 52 0 81 42 0 81 44 0 15006 1210000 18150 751582 960000 720960
 6611.008799 32534 1000 1000 1000 1000 81 46 0 81 52 0 81 42 0 81 44 0 15006 1210000 18150 752404 960000 721920
 6611.208798 32535 1000 1000 1000 1000 81 46 0 81 52 0 81 42 0 81 44 0 14762 1210000 16940 754870 960000 723840
 6611.408804 32536 1000 1000 1000 1000 81 46 0 81 52 0 81 42 0 81 44 0 15006 1210000 18150 754870 960000 723840
 6611.608804 32537 1000 1000 1000 1000 81 46 0 81 52 0 81 42 0 81 44 0 15006 1210000 18150 754870 960000 723840
 6611.808756 32538 1000 1000 1000 1000 81 46 0 81 52 0 81 42 0 81 44 0 15250 1210000 18150 754322 960000 723840
 6612.008769 32539 1000 1000 1000 1000 81 46 0 81 52 0 81 42 0 81 44 0 15006 1210000 18150 756514 960000 725760
 6612.208755 32540 1000 1000 1000 1000 81 46 0 81 52 0 81 42 0 81 44 0 15006 1210000 18150 753226 960000 722880
 6612.408755 32541 1000 1000 1000 1000 81 46 0 81 52 0 81 42 0 81 44 0 15006 1210000 18150 753226 960000 722880
 6612.608755 32542 1000 1000 1000 1000 81 46 0 81 52 0 81 42 0 81 44 0 15006 1210000 18150 752404 960000 721920
 6612.808755 32543 1000 1000 1000 1000 81 46 0 81 52 0 81 42 0 81 44 0 15006 1210000 18150 754870 960000 723840
 6613.008765 32544 1000 1000 1000 1000 81 46 0 81 52 0 81 42 0 81 44 0 15250 1210000 18150 757336 960000 726720
 6613.208755 32545 1000 1000 1000 1000 81 46 0 81 52 0 81 42 0 81 44 0 15250 1210000 18150 757336 960000 726720
 6613.408809 32546 1000 1000 1000 1000 81 46 0 81 52 0 81 42 0 81 44 0 15006 1210000 18150 754322 960000 723840
 6613.608805 32547 1000 1000 1000 1000 81 46 0 81 52 0 81 42 0 81 44 0 15006 1210000 18150 755418 960000 724800
 6613.808756 32548 1000 1000 1000 1000 81 46 0 81 52 0 81 42 0 81 44 0 15250 1210000 18150 752952 960000 721920
 6614.008769 32549 1000 1000 1000 1000 81 46 0 81 52 0 81 42 0 81 44 0 15250 1210000 18150 752952 960000 721920
 6614.208756 32550 1000 1000 1000 1000 81 46 0 81 52 0 81 42 0 81 44 0 15006 1210000 18150 752130 960000 721920
 6614.408759 32551 1000 1000 1000 1000 81 46 0 81 52 0 81 42 0 81 44 0 15006 1210000 18150 751034 960000 720960
 6614.608805 32552 1000 1000 1000 1000 81 46 0 81 52 0 81 42 0 81 44 0 15006 1210000 18150 751582 960000 720960
 6614.808809 32553 1000 1000 1000 1000 81 46 0 81 52 0 81 42 0 81 44 0 15006 1210000 18150 751582 960000 720960
 6615.008823 32554 1000 1000 1000 1000 81 46 0 81 52 0 81 42 0 81 44 0 15006 1210000 18150 774598 961250 743814
 6615.208809 32555 1000 1000 1000 1000 81 46 0 81 52 0 81 42 0 81 44 0 14762 1210000 16940 766652 960000 735360
 6615.408804 32556 1000 1000 1000 1000 81 46 0 81 52 0 81 42 0 81 44 0 15250 1210000 18150 752130 960000 721920
 6615.608809 32557 1000 1000 1000 1000 81 46 0 81 52 0 81 42 0 81 44 0 15250 1210000 18150 752130 960000 721920
 6615.808810 32558 1000 1000 1000 1000 81 46 0 81 52 0 81 42 0 81 44 0 15006 1210000 18150 749938 960000 719040
 6616.008822 32559 1000 1000 1000 1000 81 46 0 81 52 0 81 42 0 81 44 0 15250 1210000 18150 749664 960000 719040
 6616.208809 32560 1000 1000 1000 1000 81 46 0 81 52 0 81 42 0 81 44 0 15006 1210000 18150 751308 960000 720960
 6616.408809 32561 1000 1000 1000 1000 81 46 0 81 52 0 81 42 0 81 44 0 15006 1210000 18150 751308 960000 720960
 6616.608804 32562 1000 1000 1000 1000 81 46 0 81 52 0 81 42 0 81 44 0 15006 1210000 18150 752404 960000 721920
 6616.808809 32563 1000 1000 1000 1000 81 46 0 81 52 0 81 42 0 81 44 0 15006 1210000 18150 754322 960000 723840
 6617.008821 32564 1000 1000 1000 1000 81 46 0 81 52 0 81 42 0 81 44 0 15006 1210000 18150 754322 961250 724594
 6617.208809 32565 1000 1000 1000 1000 81 46 0 81 52 0 81 42 0 81 44 0 15006 1210000 18150 754322 961250 724594
 6617.408808 32566 1000 1000 1000 1000 81 46 0 81 52 0 81 42 0 81 44 0 15006 1210000 18150 757062 960000 726720
 6617.608809 32567 1000 1000 1000 1000 81 46 0 81 52 0 81 42 0 81 44 0 15006 1210000 18150 755418 960000 724800
 6617.808809 32568 1000 1000 1000 1000 81 46 0 81 52 0 81 42 0 81 44 0 15006 1210000 18150 754870 960000 723840
 6618.008822 32569 1000 1000 1000 1000 81 46 0 81 52 0 81 42 0 81 44 0 15006 1210000 18150 753774 961250 723633
 6618.208809 32570 1000 1000 1000 1000 81 46 0 81 52 0 81 42 0 81 44 0 15006 1210000 18150 753774 961250 723633
 6618.408805 32571 1000 1000 1000 1000 81 46 0 81 52 0 81 42 0 81 44 0 14762 1210000 16940 755144 960000 724800
 6618.608809 32572 1000 1000 1000 1000 81 46 0 81 52 0 81 42 0 81 44 0 15006 1210000 18150 757884 960000 726720
 6618.808804 32573 1000 1000 1000 1000 81 46 0 81 52 0 81 42 0 81 44 0 15006 1210000 18150 757336 960000 726720
 6619.008817 32574 1000 1000 1000 1000 81 46 0 81 52 0 81 42 0 81 44 0 15006 1210000 18150 757336 960000 726720
 6619.208809 32575 1000 1000 1000 1000 81 46 0 81 52 0 81 42 0 81 44 0 15006 1210000 18150 757884 960000 726720
 6619.408809 32576 1000 1000 1000 1000 81 46 0 81 52 0 81 42 0 81 44 0 15006 1210000 18150 757610 960000 726720
 6619.608809 32577 1000 1000 1000 1000 81 46 0 81 52 0 81 42 0 81 44 0 15006 1210000 18150 752952 960000 721920
 6619.808809 32578 1000 1000 1000 1000 81 46 0 81 52 0 81 42 0 81 44 0 15006 1210000 18150 752952 960000 721920
 6620.008823 32579 1000 1000 1000 1000 81 46 0 81 52 0 81 42 0 81 44 0 14762 1210000 16940 753774 960000 722880
 6620.208809 32580 1000 1000 1000 1000 81 46 0 81 52 0 81 42 0 81 44 0 14762 1210000 16940 755692 960000 724800
 6620.408809 32581 1000 1000 1000 1000 81 46 0 81 52 0 81 42 0 81 44 0 15006 1210000 18150 755144 960000 724800
 6620.608809 32582 1000 1000 1000 1000 81 46 0 81 52 0 81 42 0 81 44 0 15006 1210000 18150 755144 960000 724800
 6620.808809 32583 1000 1000 1000 1000 81 46 0 81 52 0 81 42 0 81 44 0 14762 1210000 16940 755966 960000 724800
 6621.008821 32584 1000 1000 1000 1000 81 46 0 81 52 0 81 42 0 81 44 0 15250 1210000 18150 757336 960000 726720
 6621.208805 32585 1000 1000 1000 1000 81 46 0 81 52 0 81 42 0 81 44 0 15006 1208750 18120 757336 960000 726720
 6621.408809 32586 1000 1000 1000 1000 81 46 0 81 52 0 81 42 0 81 44 0 15006 1208750 18120 757336 960000 726720
 6621.608809 32587 1000 1000 1000 1000 81 46 0 81 52 0 81 42 0 81 44 0 15006 1210000 18150 753774 960000 722880
 6621.808809 32588 1000 1000 1000 1000 81 46 0 81 52 0 81 42 0 81 44 0 15250 1210000 18150 752130 960000 721920
 6622.008822 32589 1000 1000 1000 1000 81 46 0 81 52 0 81 42 0 81 44 0 15006 1210000 18150 752130 961250 722672
 6622.208809 32590 1000 1000 1000 1000 81 46 0 81 52 0 81 42 0 81 44 0 15006 1210000 18150 752130 961250 722672
 6622.408827 32591 1000 1000 1000 1000 81 46 0 81 52 0 81 42 0 81 44 0 15250 1210000 18150 754870 960000 723840
 6622.608826 32592 1000 1000 1000 1000 81 46 0 81 52 0 81 42 0 81 44 0 15006 1210000 18150 755692 960000 724800
 6622.808826 32593 1000 1000 1000 1000 81 46 0 81 52 0 81 42 0 81 44 0 14762 1210000 16940 754870 960000 723840
 6623.008839 32594 1000 1000 1000 1000 81 46 0 81 52 0 81 42 0 81 44 0 14762 1210000 16940 754870 960000 723840
 6623.208826 32595 1000 1000 1000 1000 81 46 0 81 52 0 81 42 0 81 44 0 15250 1210000 18150 755966 960000 724800
 6623.408826 32596 1000 1000 1000 1000 81 46 0 81 52 0 81 42 0 81 44 0 15250 1210000 18150 753500 960000 722880
 6623.608821 32597 1000 1000 1000 1000 81 46 0 81 52 0 81 42 0 81 44 0 15006 1210000 18150 753226 960000 722880
 6623.808755 32598 1000 1000 1000 1000 81 46 0 81 52 0 81 42 0 81 44 0 15250 1210000 18150 753500 961250 723633
 6624.008839 32599 1000 1000 1000 1000 81 46 0 81 52 0 81 42 0 81 44 0 15250 1210000 18150 753500 961250 723633
 6624.208827 32600 1000 1000 1000 1000 81 46 0 81 52 0 81 42 0 81 44 0 15006 1210000 18150 757336 960000 726720
 6624.408826 32601 1000 1000 1000 1000 81 46 0 81 52 0 81 42 0 81 44 0 15006 1210000 18150 754870 960000 723840
 6624.608826 32602 1000 1000 1000 1000 81 46 0 81 52 0 81 42 0 81 44 0 15250 1210000 18150 755966 960000 724800
 6624.808827 32603 1000 1000 1000 1000 81 46 0 81 52 0 81 42 0 81 44 0 15250 1210000 18150 755966 960000 724800
 6625.008840 32604 1000 1000 1000 1000 81 46 0 81 52 0 81 42 0 81 44 0 15250 1210000 18150 755418 960000 724800
 6625.208827 32605 1000 1000 1000 1000 81 46 0 81 52 0 81 42 0 81 44 0 15250 1210000 18150 760350 960000 729600
 6625.408826 32606 1000 1000 1000 1000 81 46 0 81 52 0 81 42 0 81 44 0 15006 1210000 18150 754048 960000 723840
 6625.608826 32607 1000 1000 1000 1000 81 46 0 81 52 0 81 42 0 81 44 0 15006 1210000 18150 754048 960000 723840
 6625.808826 32608 1000 1000 1000 1000 81 46 0 81 52 0 81 42 0 81 44 0 15006 1210000 18150 752404 960000 721920
 6626.008835 32609 1000 1000 1000 1000 81 46 0 81 52 0 81 42 0 81 44 0 15250 1210000 18150 753500 960000 722880
 6626.208826 32610 1000 1000 1000 1000 81 46 0 81 52 0 81 42 0 81 44 0 15250 1210000 18150 754870 960000 723840
 6626.408826 32611 1000 1000 1000 1000 81 46 0 81 52 0 81 42 0 81 44 0 15250 1210000 18150 754870 960000 723840
 6626.608826 32612 1000 1000 1000 1000 81 46 0 81 52 0 81 42 0 81 44 0 15006 1210000 18150 754870 960000 723840
 6626.808827 32613 1000 1000 1000 1000 81 46 0 81 52 0 81 42 0 81 44 0 15250 1210000 18150 755144 960000 724800
 6627.008840 32614 1000 1000 1000 1000 81 46 0 81 52 0 81 42 0 81 44 0 15006 1210000 18150 752130 960000 721920
 6627.208826 32615 1000 1000 1000 1000 81 46 0 81 52 0 81 42 0 81 44 0 15006 1210000 18150 752130 960000 721920
 6627.408826 32616 1000 1000 1000 1000 81 46 0 81 52 0 81 42 0 81 44 0 15250 1210000 18150 754322 960000 723840
 6627.608826 32617 1000 1000 1000 1000 81 46 0 81 52 0 81 42 0 81 44 0 15250 1210000 18150 753774 961250 723633
 6627.808826 32618 1000 1000 1000 1000 81 46 0 81 52 0 81 42 0 81 44 0 15250 1210000 18150 754870 960000 723840
 6628.008839 32619 1000 1000 1000 1000 81 46 0 81 52 0 81 42 0 81 44 0 15250 1210000 18150 754870 960000 723840
 6628.208826 32620 1000 1000 1000 1000 81 46 0 81 52 0 81 42 0 81 44 0 15006 1210000 18150 754596 960000 723840
 6628.408823 32621 1000 1000 1000 1000 81 46 0 81 52 0 81 42 0 81 44 0 15250 1210000 18150 757336 960000 726720
 6628.608826 32622 1000 1000 1000 1000 81 46 0 81 52 0 81 42 0 81 44 0 15006 1210000 18150 757610 960000 726720
 6628.808856 32623 1000 1000 1000 1000 81 46 0 81 52 0 81 42 0 81 44 0 15006 1210000 18150 757610 960000 726720
 6629.008839 32624 1000 1000 1000 1000 81 46 0 81 52 0 81 42 0 81 44 0 15006 1210000 18150 754048 960000 723840
 6629.208827 32625 1000 1000 1000 1000 81 46 0 81 52 0 81 42 0 81 44 0 15006 1210000 18150 754870 960000 723840
 6629.408826 32626 1000 1000 1000 1000 81 46 0 81 52 0 81 42 0 81 44 0 15006 1210000 18150 755692 960000 724800
 6629.608810 32627 1000 1000 1000 1000 81 46 0 81 52 0 81 42 0 81 44 0 15006 1210000 18150 755692 960000 724800
 6629.808826 32628 1000 1000 1000 1000 81 46 0 81 52 0 81 42 0 81 44 0 15006 1210000 18150 755692 960000 724800
 6630.008849 32629 1000 1000 1000 1000 81 46 0 81 52 0 81 42 0 81 44 0 15006 1210000 18150 755966 960000 724800
 6630.208826 32630 1000 1000 1000 1000 81 46 0 81 52 0 81 42 0 81 44 0 15006 1210000 18150 759802 961250 729399
 6630.408804 32631 1000 1000 1000 1000 81 46 0 81 52 0 81 42 0 81 44 0 15250 1210000 18150 755692 960000 724800
 6630.608826 32632 1000 1000 1000 1000 81 46 0 81 52 0 81 42 0 81 44 0 15250 1210000 18150 755692 960000 724800
 6630.808821 32633 1000 1000 1000 1000 81 46 0 81 52 0 81 42 0 81 44 0 15250 1210000 18150 756514 960000 725760
 6631.008839 32634 1000 1000 1000 1000 81 46 0 81 52 0 81 42 0 81 44 0 15006 1210000 18150 758706 960000 727680
 6631.208826 32635 1000 1000 1000 1000 81 46 0 81 52 0 81 42 0 81 44 0 15250 1210000 18150 756240 960000 725760
 6631.408826 32636 1000 1000 1000 1000 81 46 0 81 52 0 81 42 0 81 44 0 15250 1210000 18150 756240 960000 725760
 6631.608826 32637 1000 1000 1000 1000 81 46 0 81 52 0 81 42 0 81 44 0 15006 1210000 18150 753774 960000 722880
 6631.808821 32638 1000 1000 1000 1000 81 46 0 81 52 0 81 42 0 81 44 0 15250 1210000 18150 756240 960000 725760
 6632.008839 32639 1000 1000 1000 1000 81 46 0 81 52 0 81 42 0 81 44 0 15250 1210000 18150 758158 960000 727680
 6632.208826 32640 1000 1000 1000 1000 81 46 0 81 52 0 81 42 0 81 44 0 15250 1210000 18150 758158 960000 727680
 6632.408827 32641 1000 1000 1000 1000 81 46 0 81 52 0 81 42 0 81 44 0 15006 1210000 18150 757884 960000 726720
 6632.608827 32642 1000 1000 1000 1000 81 46 0 81 52 0 81 42 0 81 44 0 15006 1210000 18150 761446 960000 730560
 6632.808826 32643 1000 1000 1000 1000 81 46 0 81 52 0 81 42 0 81 44 0 15250 1210000 18150 755418 960000 724800
 6633.008839 32644 1000 1000 1000 1000 81 46 0 81 52 0 81 42 0 81 44 0 15250 1210000 18150 755418 960000 724800
 6633.208827 32645 1000 1000 1000 1000 81 46 0 81 52 0 81 42 0 81 44 0 15250 1210000 18150 757884 960000 726720
 6633.408826 32646 1000 1000 1000 1000 81 46 0 81 52 0 81 42 0 81 44 0 14762 1210000 16940 756240 960000 725760
 6633.608826 32647 1000 1000 1000 1000 81 46 0 81 52 0 81 42 0 81 44 0 15250 1210000 18150 757610 960000 726720
 6633.808826 32648 1000 1000 1000 1000 81 46 0 81 52 0 81 42 0 81 44 0 15250 1210000 18150 757610 960000 726720
 6634.008839 32649 1000 1000 1000 1000 81 46 0 81 52 0 81 42 0 81 44 0 15006 1210000 18150 756788 960000 725760
 6634.208822 32650 1000 1000 1000 1000 81 46 0 81 52 0 81 42 0 81 44 0 15006 1210000 18150 757062 960000 726720
 6634.408844 32651 1000 1000 1000 1000 81 46 0 81 52 0 81 42 0 81 44 0 15250 1210000 18150 758158 960000 727680
 6634.608826 32652 1000 1000 1000 1000 81 46 0 81 52 0 81 42 0 81 44 0 15250 1210000 18150 758158 960000 727680
 6634.808827 32653 1000 1000 1000 1000 81 46 0 81 52 0 81 42 0 81 44 0 15006 1210000 18150 754870 960000 723840
 6635.008840 32654 1000 1000 1000 1000 81 46 0 81 52 0 81 42 0 81 44 0 15250 1210000 18150 753774 960000 722880
 6635.208827 32655 1000 1000 1000 1000 81 46 0 81 52 0 81 42 0 81 44 0 15006 1210000 18150 767200 960000 736320
 6635.408827 32656 1000 1000 1000 1000 81 46 0 81 52 0 81 42 0 81 44 0 15006 1210000 18150 767200 960000 736320
 6635.608826 32657 1000 1000 1000 1000 81 46 0 81 52 0 81 42 0 81 44 0 15006 1210000 18150 754596 960000 723840
 6635.808826 32658 1000 1000 1000 1000 81 46 0 81 52 0 81 42 0 81 44 0 15250 1210000 18150 751582 960000 720960
 6636.008839 32659 1000 1000 1000 1000 81 46 0 81 52 0 81 42 0 81 44 0 15250 1210000 18150 754870 961250 724594
 6636.208809 32660 1000 1000 1000 1000 81 46 0 81 52 0 81 42 0 81 44 0 15250 1210000 18150 754870 961250 724594
 6636.408826 32661 1000 1000 1000 1000 81 46 0 81 52 0 81 42 0 81 44 0 15006 1210000 18150 756514 960000 725760
 6636.608822 32662 1000 1000 1000 1000 81 46 0 81 52 0 81 42 0 81 44 0 15006 1210000 18150 754596 960000 723840
 6636.808828 32663 1000 1000 1000 1000 81 46 0 81 52 0 81 42 0 81 44 0 15250 1210000 18150 752952 960000 721920
 6637.008840 32664 1000 1000 1000 1000 81 46 0 81 52 0 81 42 0 81 44 0 14762 1210000 16940 753226 960000 722880
 6637.208827 32665 1000 1000 1000 1000 81 46 0 81 52 0 81 42 0 81 44 0 14762 1210000 16940 753226 960000 722880
 6637.408826 32666 1000 1000 1000 1000 81 46 0 81 52 0 81 42 0 81 44 0 15006 1208750 18120 753500 961250 723633
 6637.608826 32667 1000 1000 1000 1000 81 46 0 81 52 0 81 42 0 81 44 0 15006 1210000 18150 754870 960000 723840
 6637.808827 32668 1000 1000 1000 1000 81 46 0 81 52 0 81 42 0 81 44 0 15006 1210000 18150 757062 960000 726720
 6638.008839 32669 1000 1000 1000 1000 81 46 0 81 52 0 81 42 0 81 44 0 15006 1210000 18150 757062 960000 726720
 6638.208826 32670 1000 1000 1000 1000 81 46 0 81 52 0 81 42 0 81 44 0 15006 1210000 18150 757884 961250 727477
 6638.408826 32671 1000 1000 1000 1000 81 46 0 81 52 0 81 42 0 81 44 0 15250 1210000 18150 753774 960000 722880
 6638.608826 32672 1000 1000 1000 1000 81 46 0 81 52 0 81 42 0 81 44 0 15006 1210000 18150 757336 960000 726720
 6638.808826 32673 1000 1000 1000 1000 81 46 0 81 52 0 81 42 0 81 44 0 15006 1210000 18150 757336 960000 726720
 6639.008835 32674 1000 1000 1000 1000 81 46 0 81 52 0 81 42 0 81 44 0 15006 1210000 18150 758158 960000 727680
 6639.208826 32675 1000 1000 1000 1000 81 46 0 81 52 0 81 42 0 81 44 0 15006 1210000 18150 753500 960000 722880
 6639.408827 32676 1000 1000 1000 1000 81 46 0 81 52 0 81 42 0 81 44 0 15250 1210000 18150 758158 960000 727680
 6639.608826 32677 1000 1000 1000 1000 81 46 0 81 52 0 81 42 0 81 44 0 15250 1210000 18150 758158 960000 727680
 6639.808826 32678 1000 1000 1000 1000 81 46 0 81 52 0 81 42 0 81 44 0 14762 1210000 16940 756788 960000 725760
 6640.008839 32679 1000 1000 1000 1000 81 46 0 81 52 0 81 42 0 81 44 0 15006 1210000 18150 757610 960000 726720
 6640.208826 32680 1000 1000 1000 1000 81 46 0 81 52 0 81 42 0 81 44 0 15006 1210000 18150 754048 960000 723840
 6640.408826 32681 1000 1000 1000 1000 81 46 0 81 52 0 81 42 0 81 44 0 15006 1210000 18150 754048 960000 723840
 6640.608826 32682 1000 1000 1000 1000 81 46 0 81 52 0 81 42 0 81 44 0 15006 1210000 18150 754596 960000 723840
 6640.808826 32683 1000 1000 1000 1000 81 46 0 81 52 0 81 42 0 81 44 0 15006 1210000 18150 755144 960000 724800
 6641.008839 32684 1000 1000 1000 1000 81 46 0 81 52 0 81 42 0 81 44 0 15006 1210000 18150 755966 960000 724800
 6641.208827 32685 1000 1000 1000 1000 81 46 0 81 52 0 81 42 0 81 44 0 15006 1210000 18150 755966 960000 724800
 6641.408822 32686 1000 1000 1000 1000 81 46 0 81 52 0 81 42 0 81 44 0 15006 1210000 18150 757884 960000 726720
 6641.608827 32687 1000 1000 1000 1000 81 46 0 81 52 0 81 42 0 81 44 0 14762 1210000 16940 757610 960000 726720
 6641.808826 32688 1000 1000 1000 1000 81 46 0 81 52 0 81 42 0 81 44 0 15250 1210000 18150 758432 960000 727680
 6642.008839 32689 1000 1000 1000 1000 81 46 0 81 52 0 81 42 0 81 44 0 15250 1210000 18150 758432 960000 727680
 6642.208826 32690 1000 1000 1000 1000 81 46 0 81 52 0 81 42 0 81 44 0 15006 1210000 18150 756788 960000 725760
 6642.408826 32691 1000 1000 1000 1000 81 46 0 81 52 0 81 42 0 81 44 0 15250 1210000 18150 755418 960000 724800
 6642.608826 32692 1000 1000 1000 1000 81 46 0 81 52 0 81 42 0 81 44 0 15006 1210000 18150 753774 960000 722880
 6642.808804 32693 1000 1000 1000 1000 81 46 0 81 52 0 81 42 0 81 44 0 15006 1210000 18150 754870 960000 723840
 6643.008839 32694 1000 1000 1000 1000 81 46 0 81 52 0 81 42 0 81 44 0 15006 1210000 18150 754870 960000 723840
 6643.208826 32695 1000 1000 1000 1000 81 46 0 81 52 0 81 42 0 81 44 0 15250 1210000 18150 757336 960000 726720
 6643.408827 32696 1000 1000 1000 1000 81 46 0 81 52 0 81 42 0 81 44 0 15006 1210000 18150 757336 960000 726720
 6643.608821 32697 1000 1000 1000 1000 81 46 0 81 52 0 81 42 0 81 44 0 15006 1210000 18150 757610 960000 726720
 6643.808821 32698 1000 1000 1000 1000 81 46 0 81 52 0 81 42 0 81 44 0 15006 1210000 18150 757610 960000 726720
 6644.008838 32699 1000 1000 1000 1000 81 46 0 81 52 0 81 42 0 81 44 0 15006 1210000 18150 756514 960000 725760
 6644.208826 32700 1000 1000 1000 1000 81 46 0 81 52 0 81 42 0 81 44 0 15006 1210000 18150 754322 960000 723840
 6644.408826 32701 1000 1000 1000 1000 81 46 0 81 52 0 81 42 0 81 44 0 15006 1210000 18150 755692 960000 724800
 6644.608828 32702 1000 1000 1000 1000 81 46 0 81 52 0 81 42 0 81 44 0 15006 1210000 18150 755692 960000 724800
 6644.808822 32703 1000 1000 1000 1000 81 46 0 81 52 0 81 42 0 81 44 0 15250 1210000 18150 754048 960000 723840
 6645.008839 32704 1000 1000 1000 1000 81 46 0 81 52 0 81 42 0 81 44 0 15006 1210000 18150 756788 960000 725760
 6645.208826 32705 1000 1000 1000 1000 81 46 0 81 52 0 81 42 0 81 44 0 15250 1210000 18150 757610 960000 726720
 6645.408827 32706 1000 1000 1000 1000 81 46 0 81 52 0 81 42 0 81 44 0 15250 1210000 18150 757610 960000 726720
 6645.608826 32707 1000 1000 1000 1000 81 46 0 81 52 0 81 42 0 81 44 0 15006 1210000 18150 756788 960000 725760
 6645.808827 32708 1000 1000 1000 1000 81 46 0 81 52 0 81 42 0 81 44 0 15006 1210000 18150 754870 960000 723840
 6646.008839 32709 1000 1000 1000 1000 81 46 0 81 52 0 81 42 0 81 44 0 15006 1210000 18150 754048 960000 723840
 6646.208826 32710 1000 1000 1000 1000 81 46 0 81 52 0 81 42 0 81 44 0 15006 1210000 18150 754048 960000 723840
 6646.408872 32711 1000 1000 1000 1000 81 46 0 81 52 0 81 42 0 81 44 0 15250 1210000 18150 754870 960000 723840
 6646.608821 32712 1000 1000 1000 1000 81 46 0 81 52 0 81 42 0 81 44 0 15006 1210000 18150 578688 960000 554880
 6646.808820 32713 1000 1000 1000 1000 81 46 0 81 52 0 81 42 0 81 44 0 15006 1210000 18150 49320 957500 46893
 6647.008833 32714 1000 1000 1000 1000 75 46 0 75 52 0 75 42 0 75 44 0 15006 1210000 18150 49320 957500 46893
 6647.208816 32715 1000 1000 1000 1000 75 46 0 75 52 0 75 42 0 75 44 0 15006 1210000 18150 49046 957500 46893
 6647.408822 32716 1000 1000 1000 1000 75 46 0 75 52 0 75 42 0 75 44 0 15006 1210000 18150 49320 957500 46893
 6647.608821 32717 1000 1000 1000 1000 75 46 0 75 52 0 75 42 0 75 44 0 14762 1210000 16940 49594 957500 46893
