 8003.470101 37872 900 900 900 900 71 46 0 71 52 0 71 42 0 71 44 0 14518 1210000 16940 39730 920000 35880
 8003.669916 37873 900 900 900 900 71 46 0 71 52 0 71 42 0 71 44 0 14518 1210000 16940 39730 920000 35880
 8003.869932 37874 900 900 900 900 71 46 0 71 52 0 71 42 0 71 44 0 14274 1210000 16940 192074 921250 176832
 8004.069945 37875 900 900 900 900 71 46 0 71 52 0 71 42 0 71 44 0 14518 1210000 16940 46032 920000 42320
 8004.269954 37876 900 900 900 900 71 46 0 71 52 0 71 42 0 71 44 0 13969 1210000 15730 40278 920000 36800
 8004.470023 37877 900 900 900 900 71 46 0 71 52 0 71 42 0 71 44 0 13969 1210000 15730 40278 920000 36800
 8004.669987 37878 900 900 900 900 71 46 0 71 52 0 71 42 0 71 44 0 14274 1210000 16940 201116 920000 184920
 8004.870039 37879 900 900 900 900 71 46 0 71 52 0 71 42 0 71 44 0 14274 1210000 16940 586360 921250 539706
 8005.070046 37880 900 900 900 900 72 46 0 72 52 0 72 42 0 72 44 0 14274 1210000 16940 565536 921250 520365
 8005.269992 37881 900 900 900 900 72 46 0 72 52 0 72 42 0 72 44 0 14274 1210000 16940 565536 921250 520365
 8005.469940 37882 900 900 900 900 72 46 0 72 52 0 72 42 0 72 44 0 14274 1210000 16940 536766 921250 493656
 8005.669920 37883 900 900 900 900 72 46 0 72 52 0 72 42 0 72 44 0 14274 1208750 16912 558686 921250 513918
 8005.869937 37884 900 900 900 900 72 46 0 72 52 0 72 42 0 72 44 0 14518 1208750 16912 645270 922500 594690
 8006.069954 37885 900 900 900 900 73 46 0 73 52 0 73 42 0 73 44 0 14518 1208750 16912 645270 922500 594690
 8006.269937 37886 900 900 900 900 73 46 0 73 52 0 73 42 0 73 44 0 14274 1208750 16912 646914 922500 595612
 8006.469931 37887 900 900 900 900 73 46 0 73 52 0 73 42 0 73 44 0 14274 1210000 16940 648284 922500 597456
 8006.669920 37888 900 900 900 900 73 46 0 73 52 0 73 42 0 73 44 0 14274 1208750 16912 648284 922500 597456
 8006.869919 37889 900 900 900 900 73 46 0 73 52 0 73 42 0 73 44 0 14274 1208750 16912 648284 922500 597456
 8007.069952 37890 900 900 900 900 73 46 0 73 52 0 73 42 0 73 44 0 14518 1210000 16940 646914 922500 595612
 8007.269937 37891 900 900 900 900 73 46 0 73 52 0 73 42 0 73 44 0 14274 1208750 16912 646914 922500 595612
 8007.469937 37892 900 900 900 900 73 46 0 73 52 0 73 42 0 73 44 0 14274 1208750 16912 646914 922500 595612
 8007.669920 37893 900 900 900 900 73 46 0 73 52 0 73 42 0 73 44 0 14274 1208750 16912 648010 922500 597456
 8007.869937 37894 900 900 900 900 73 46 0 73 52 0 73 42 0 73 44 0 14274 1208750 16912 648010 922500 597456
 8008.069952 37895 900 900 900 900 73 46 0 73 52 0 73 42 0 73 44 0 14274 1208750 16912 649654 922500 598378
 8008.269939 37896 900 900 900 900 73 46 0 73 52 0 73 42 0 73 44 0 14274 1208750 16912 648832 922500 597456
 8008.469937 37897 900 900 900 900 73 46 0 73 52 0 73 42 0 73 44 0 14274 1210000 16940 649654 922500 598378
 8008.669919 37898 900 900 900 900 73 46 0 73 52 0 73 42 0 73 44 0 14274 1210000 16940 649654 922500 598378
 8008.869931 37899 900 900 900 900 73 46 0 73 52 0 73 42 0 73 44 0 13969 1210000 15730 646914 922500 595612
 8009.069953 37900 900 900 900 900 73 46 0 73 52 0 73 42 0 73 44 0 14518 1208750 16912 644996 922500 593768
 8009.269937 37901 900 900 900 900 73 46 0 73 52 0 73 42 0 73 44 0 14518 1208750 16912 654586 922500 602988
 8009.469937 37902 900 900 900 900 73 46 0 73 52 0 73 42 0 73 44 0 14518 1208750 16912 654586 922500 602988
 8009.669920 37903 900 900 900 900 73 46 0 73 52 0 73 42 0 73 44 0 14274 1210000 16940 646914 922500 595612
 8009.869938 37904 900 900 900 900 73 46 0 73 52 0 73 42 0 73 44 0 14518 1210000 16940 648558 922500 597456
 8010.069953 37905 900 900 900 900 73 46 0 73 52 0 73 42 0 73 44 0 14518 1210000 16940 649380 922500 598378
 8010.269938 37906 900 900 900 900 73 46 0 73 52 0 73 42 0 73 44 0 14518 1210000 16940 649380 922500 598378
 8010.469936 37907 900 900 900 900 73 46 0 73 52 0 73 42 0 73 44 0 14274 1210000 16940 647736 922500 596534
 8010.669920 37908 900 900 900 900 73 46 0 73 52 0 73 42 0 73 44 0 14518 1210000 16940 647736 922500 596534
 8010.869938 37909 900 900 900 900 73 46 0 73 52 0 73 42 0 73 44 0 14274 1208750 16912 646914 922500 595612
 8011.069952 37910 900 900 900 900 73 46 0 73 52 0 73 42 0 73 44 0 14274 1208750 16912 646914 922500 595612
 8011.269935 37911 900 900 900 900 73 46 0 73 52 0 73 42 0 73 44 0 14518 1208750 16912 648010 922500 597456
 8011.469938 37912 900 900 900 900 73 46 0 73 52 0 73 42 0 73 44 0 14518 1208750 16912 649380 922500 598378
 8011.669920 37913 900 900 900 900 73 46 0 73 52 0 73 42 0 73 44 0 14518 1210000 16940 652394 922500 601144
 8011.869938 37914 900 900 900 900 73 46 0 73 52 0 73 42 0 73 44 0 14518 1210000 16940 652394 922500 601144
 8012.069952 37915 900 900 900 900 74 46 0 74 52 0 74 42 0 74 44 0 14518 1210000 16940 653764 922500 602066
 8012.269937 37916 900 900 900 900 74 46 0 74 52 0 74 42 0 74 44 0 14274 1210000 16940 651846 922500 600222
 8012.469937 37917 900 900 900 900 74 46 0 74 52 0 74 42 0 74 44 0 14518 1210000 16940 652668 922500 601144
 8012.669921 37918 900 900 900 900 74 46 0 74 52 0 74 42 0 74 44 0 14518 1210000 16940 652668 922500 601144
 8012.869938 37919 900 900 900 900 74 46 0 74 52 0 74 42 0 74 44 0 14518 1210000 16940 649654 922500 598378
 8013.069952 37920 900 900 900 900 74 46 0 74 52 0 74 42 0 74 44 0 14274 1208750 16912 650476 922500 599300
 8013.269937 37921 900 900 900 900 74 46 0 74 52 0 74 42 0 74 44 0 14518 1208750 16912 650750 922500 599300
 8013.469937 37922 900 900 900 900 74 46 0 74 52 0 74 42 0 74 44 0 14274 1210000 16940 651298 922500 600222
 8013.669919 37923 900 900 900 900 74 46 0 74 52 0 74 42 0 74 44 0 14274 1210000 16940 651298 922500 600222
 8013.869938 37924 900 900 900 900 74 46 0 74 52 0 74 42 0 74 44 0 14518 1210000 16940 650202 922500 599300
 8014.069952 37925 900 900 900 900 74 46 0 74 52 0 74 42 0 74 44 0 14518 1208750 16912 650476 922500 599300
 8014.269941 37926 900 900 900 900 74 46 0 74 52 0 74 42 0 74 44 0 14518 1208750 16912 651024 922500 600222
 8014.469937 37927 900 900 900 900 74 46 0 74 52 0 74 42 0 74 44 0 14518 1208750 16912 651024 922500 600222
 8014.669914 37928 900 900 900 900 74 46 0 74 52 0 74 42 0 74 44 0 14518 1208750 16912 649380 922500 598378
 8014.869937 37929 900 900 900 900 74 46 0 74 52 0 74 42 0 74 44 0 14274 1210000 16940 649380 922500 598378
 8015.069954 37930 900 900 900 900 74 46 0 74 52 0 74 42 0 74 44 0 14274 1208750 16912 646914 922500 595612
 8015.269937 37931 900 900 900 900 74 46 0 74 52 0 74 42 0 74 44 0 14274 1208750 16912 646914 922500 595612
 8015.469937 37932 900 900 900 900 74 46 0 74 52 0 74 42 0 74 44 0 14518 1208750 16912 647736 922500 596534
 8015.669919 37933 900 900 900 900 74 46 0 74 52 0 74 42 0 74 44 0 14274 1210000 16940 649654 922500 598378
 8015.869931 37934 900 900 900 900 74 46 0 74 52 0 74 42 0 74 44 0 14518 1210000 16940 648558 922500 597456
 8016.069951 37935 900 900 900 900 74 46 0 74 52 0 74 42 0 74 44 0 14518 1210000 16940 648558 922500 597456
 8016.269937 37936 900 900 900 900 74 46 0 74 52 0 74 42 0 74 44 0 14518 1210000 16940 648558 922500 597456
 8016.469938 37937 900 900 900 900 74 46 0 74 52 0 74 42 0 74 44 0 14518 1210000 16940 648832 922500 597456
 8016.669920 37938 900 900 900 900 74 46 0 74 52 0 74 42 0 74 44 0 14518 1208750 16912 647188 922500 596534
 8016.869937 37939 900 900 900 900 74 46 0 74 52 0 74 42 0 74 44 0 14518 1208750 16912 647188 922500 596534
 8017.069947 37940 900 900 900 900 74 46 0 74 52 0 74 42 0 74 44 0 14274 1208750 16912 647736 922500 596534
 8017.269940 37941 900 900 900 900 74 46 0 74 52 0 74 42 0 74 44 0 14518 1208750 16912 647462 922500 596534
 8017.469938 37942 900 900 900 900 74 46 0 74 52 0 74 42 0 74 44 0 14274 1210000 16940 650750 922500 599300
 8017.669920 37943 900 900 900 900 74 46 0 74 52 0 74 42 0 74 44 0 14274 1210000 16940 650750 922500 599300
 8017.869938 37944 900 900 900 900 74 46 0 74 52 0 74 42 0 74 44 0 14518 1210000 16940 649380 922500 598378
 8018.069952 37945 900 900 900 900 74 46 0 74 52 0 74 42 0 74 44 0 14518 1208750 16912 650750 922500 599300
 8018.269937 37946 900 900 900 900 74 46 0 74 52 0 74 42 0 74 44 0 14518 1210000 16940 647188 922500 596534
 8018.469937 37947 900 900 900 900 74 46 0 74 52 0 74 42 0 74 44 0 14518 1210000 16940 647188 922500 596534
 8018.669919 37948 900 900 900 900 74 46 0 74 52 0 74 42 0 74 44 0 14274 1208750 16912 648558 922500 597456
 8018.869937 37949 900 900 900 900 74 46 0 74 52 0 74 42 0 74 44 0 14518 1208750 16912 647462 922500 596534
 8019.069952 37950 900 900 900 900 74 46 0 74 52 0 74 42 0 74 44 0 14518 1208750 16912 648284 922500 597456
 8019.269920 37951 900 900 900 900 74 46 0 74 52 0 74 42 0 74 44 0 14518 1208750 16912 648284 922500 597456
 8019.469932 37952 900 900 900 900 74 46 0 74 52 0 74 42 0 74 44 0 14518 1208750 16912 649380 922500 598378
 8019.669919 37953 900 900 900 900 74 46 0 74 52 0 74 42 0 74 44 0 14518 1208750 16912 649380 922500 598378
 8019.869937 37954 900 900 900 900 74 46 0 74 52 0 74 42 0 74 44 0 14518 1210000 16940 681438 922500 627882
 8020.069929 37955 900 900 900 900 74 46 0 74 52 0 74 42 0 74 44 0 14274 1210000 16940 648558 922500 597456
 8020.269941 37956 900 900 900 900 74 46 0 74 52 0 74 42 0 74 44 0 14274 1210000 16940 648558 922500 597456
 8020.469936 37957 900 900 900 900 74 46 0 74 52 0 74 42 0 74 44 0 14518 1208750 16912 648284 922500 597456
 8020.669919 37958 900 900 900 900 74 46 0 74 52 0 74 42 0 74 44 0 14274 1208750 16912 648010 922500 597456
 8020.869937 37959 900 900 900 900 74 46 0 74 52 0 74 42 0 74 44 0 14518 1208750 16912 649928 922500 598378
 8021.069952 37960 900 900 900 900 74 46 0 74 52 0 74 42 0 74 44 0 14518 1208750 16912 649928 922500 598378
 8021.269940 37961 900 900 900 900 74 46 0 74 52 0 74 42 0 74 44 0 14274 1208750 16912 652942 922500 601144
 8021.469937 37962 900 900 900 900 74 46 0 74 52 0 74 42 0 74 44 0 14518 1210000 16940 652120 922500 601144
 8021.669914 37963 900 900 900 900 74 46 0 74 52 0 74 42 0 74 44 0 14518 1210000 16940 652394 922500 601144
 8021.869937 37964 900 900 900 900 74 46 0 74 52 0 74 42 0 74 44 0 14518 1210000 16940 652394 922500 601144
 8022.069952 37965 900 900 900 900 74 46 0 74 52 0 74 42 0 74 44 0 14518 1208750 16912 652668 922500 601144
 8022.269938 37966 900 900 900 900 74 46 0 74 52 0 74 42 0 74 44 0 14274 1208750 16912 649928 922500 598378
 8022.469938 37967 900 900 900 900 74 46 0 74 52 0 74 42 0 74 44 0 14274 1210000 16940 649654 922500 598378
 8022.669920 37968 900 900 900 900 74 46 0 74 52 0 74 42 0 74 44 0 14274 1210000 16940 649654 922500 598378
 8022.869938 37969 900 900 900 900 74 46 0 74 52 0 74 42 0 74 44 0 14518 1208750 16912 649654 922500 598378
 8023.069951 37970 900 900 900 900 74 46 0 74 52 0 74 42 0 74 44 0 14274 1208750 16912 650750 922500 599300
 8023.269940 37971 900 900 900 900 74 46 0 74 52 0 74 42 0 74 44 0 14518 1208750 16912 651572 922500 600222
 8023.469938 37972 900 900 900 900 74 46 0 74 52 0 74 42 0 74 44 0 14518 1208750 16912 651572 922500 600222
 8023.669920 37973 900 900 900 900 74 46 0 74 52 0 74 42 0 74 44 0 14518 1210000 16940 650750 922500 599300
 8023.869938 37974 900 900 900 900 74 46 0 74 52 0 74 42 0 74 44 0 14518 1208750 16912 649380 922500 598378
 8024.069931 37975 900 900 900 900 74 46 0 74 52 0 74 42 0 74 44 0 14274 1210000 16940 648010 922500 597456
 8024.269937 37976 900 900 900 900 74 46 0 74 52 0 74 42 0 74 44 0 14274 1210000 16940 648010 922500 597456
 8024.469938 37977 900 900 900 900 74 46 0 74 52 0 74 42 0 74 44 0 14274 1208750 16912 649106 922500 598378
 8024.669920 37978 900 900 900 900 74 46 0 74 52 0 74 42 0 74 44 0 14518 1210000 16940 647462 922500 596534
 8024.869938 37979 900 900 900 900 74 46 0 74 52 0 74 42 0 74 44 0 14518 1208750 16912 648832 922500 597456
 8025.069953 37980 900 900 900 900 74 46 0 74 52 0 74 42 0 74 44 0 14518 1208750 16912 648832 922500 597456
 8025.269938 37981 900 900 900 900 74 46 0 74 52 0 74 42 0 74 44 0 14274 1210000 16940 649928 922500 598378
 8025.469938 37982 900 900 900 900 74 46 0 74 52 0 74 42 0 74 44 0 14274 1210000 16940 648284 922500 597456
 8025.669920 37983 900 900 900 900 74 46 0 74 52 0 74 42 0 74 44 0 14518 1210000 16940 648832 922500 597456
 8025.869920 37984 900 900 900 900 74 46 0 74 52 0 74 42 0 74 44 0 14518 1210000 16940 648832 922500 597456
 8026.069952 37985 900 900 900 900 74 46 0 74 52 0 74 42 0 74 44 0 14518 1210000 16940 646914 922500 595612
 8026.269940 37986 900 900 900 900 74 46 0 74 52 0 74 42 0 74 44 0 14518 1208750 16912 648558 922500 597456
 8026.469933 37987 900 900 900 900 74 46 0 74 52 0 74 42 0 74 44 0 14518 1208750 16912 650202 922500 599300
 8026.669920 37988 900 900 900 900 74 46 0 74 52 0 74 42 0 74 44 0 14518 1208750 16912 648010 922500 597456
 8026.869937 37989 900 900 900 900 74 46 0 74 52 0 74 42 0 74 44 0 14518 1208750 16912 648010 922500 597456
 8027.069953 37990 900 900 900 900 74 46 0 74 52 0 74 42 0 74 44 0 14518 1208750 16912 651298 922500 600222
 8027.269937 37991 900 900 900 900 74 46 0 74 52 0 74 42 0 74 44 0 14518 1210000 16940 650476 922500 599300
 8027.469937 37992 900 900 900 900 74 46 0 74 52 0 74 42 0 74 44 0 14518 1210000 16940 649654 922500 598378
 8027.669938 37993 900 900 900 900 74 46 0 74 52 0 74 42 0 74 44 0 14518 1210000 16940 649654 922500 598378
 8027.869937 37994 900 900 900 900 74 46 0 74 52 0 74 42 0 74 44 0 14518 1208750 16912 649106 922500 598378
 8028.069952 37995 900 900 900 900 74 46 0 74 52 0 74 42 0 74 44 0 14518 1208750 16912 648010 922500 597456
 8028.269938 37996 900 900 900 900 74 46 0 74 52 0 74 42 0 74 44 0 14518 1210000 16940 649106 922500 598378
 8028.469938 37997 900 900 900 900 74 46 0 74 52 0 74 42 0 74 44 0 14518 1210000 16940 649106 922500 598378
 8028.669938 37998 900 900 900 900 74 46 0 74 52 0 74 42 0 74 44 0 14518 1208750 16912 646914 922500 595612
 8028.869932 37999 900 900 900 900 74 46 0 74 52 0 74 42 0 74 44 0 14518 1210000 16940 649654 922500 598378
 8029.069952 38000 900 900 900 900 74 46 0 74 52 0 74 42 0 74 44 0 14518 1208750 16912 649106 922500 598378
 8029.269940 38001 900 900 900 900 74 46 0 74 52 0 74 42 0 74 44 0 14518 1208750 16912 649106 922500 598378
 8029.469937 38002 900 900 900 900 74 46 0 74 52 0 74 42 0 74 44 0 14518 1210000 16940 649654 922500 598378
 8029.669939 38003 900 900 900 900 74 46 0 74 52 0 74 42 0 74 44 0 14518 1210000 16940 649654 922500 598378
 8029.869938 38004 900 900 900 900 74 46 0 74 52 0 74 42 0 74 44 0 14518 1210000 16940 647462 922500 596534
 8030.069953 38005 900 900 900 900 74 46 0 74 52 0 74 42 0 74 44 0 14518 1210000 16940 647462 922500 596534
 8030.269938 38006 900 900 900 900 74 46 0 74 52 0 74 42 0 74 44 0 14274 1210000 16940 647736 922500 596534
 8030.469937 38007 900 900 900 900 74 46 0 74 52 0 74 42 0 74 44 0 14762 1208750 16912 649654 922500 598378
 8030.669938 38008 900 900 900 900 74 46 0 74 52 0 74 42 0 74 44 0 14518 1208750 16912 649928 922500 598378
 8030.869938 38009 900 900 900 900 74 46 0 74 52 0 74 42 0 74 44 0 14518 1208750 16912 649928 922500 598378
 8031.069953 38010 900 900 900 900 74 46 0 74 52 0 74 42 0 74 44 0 14762 1210000 16940 649654 922500 598378
 8031.269932 38011 900 900 900 900 74 46 0 74 52 0 74 42 0 74 44 0 14274 1210000 16940 651846 922500 600222
 8031.469938 38012 900 900 900 900 74 46 0 74 52 0 74 42 0 74 44 0 14274 1208750 16912 651298 922500 600222
 8031.669939 38013 900 900 900 900 74 46 0 74 52 0 74 42 0 74 44 0 14274 1208750 16912 651298 922500 600222
 8031.869938 38014 900 900 900 900 74 46 0 74 52 0 74 42 0 74 44 0 14518 1210000 16940 648284 922500 597456
 8032.069952 38015 900 900 900 900 74 46 0 74 52 0 74 42 0 74 44 0 14518 1210000 16940 649654 922500 598378
 8032.269940 38016 900 900 900 900 74 46 0 74 52 0 74 42 0 74 44 0 14518 1208750 16912 650750 922500 599300
 8032.469862 38017 900 900 900 900 74 46 0 74 52 0 74 42 0 74 44 0 14274 1208750 16912 652668 922500 601144
 8032.669938 38018 900 900 900 900 74 46 0 74 52 0 74 42 0 74 44 0 14274 1208750 16912 652668 922500 601144
 8032.869938 38019 900 900 900 900 74 46 0 74 52 0 74 42 0 74 44 0 14274 1210000 16940 652668 922500 601144
 8033.069953 38020 900 900 900 900 74 46 0 74 52 0 74 42 0 74 44 0 14518 1208750 16912 652120 922500 601144
 8033.269938 38021 900 900 900 900 74 46 0 74 52 0 74 42 0 74 44 0 14274 1210000 16940 651572 922500 600222
 8033.469938 38022 900 900 900 900 74 46 0 74 52 0 74 42 0 74 44 0 14274 1210000 16940 651572 922500 600222
 8033.669932 38023 900 900 900 900 74 46 0 74 52 0 74 42 0 74 44 0 14274 1208750 16912 649380 922500 598378
 8033.869937 38024 900 900 900 900 74 46 0 74 52 0 74 42 0 74 44 0 14762 1208750 16912 648558 922500 597456
 8034.069953 38025 900 900 900 900 74 46 0 74 52 0 74 42 0 74 44 0 14518 1210000 16940 647188 922500 596534
 8034.269938 38026 900 900 900 900 74 46 0 74 52 0 74 42 0 74 44 0 14518 1210000 16940 647188 922500 596534
 8034.469938 38027 900 900 900 900 74 46 0 74 52 0 74 42 0 74 44 0 14518 1210000 16940 649654 922500 598378
 8034.669938 38028 900 900 900 900 74 46 0 74 52 0 74 42 0 74 44 0 14518 1208750 16912 650750 922500 599300
 8034.869938 38029 900 900 900 900 74 46 0 74 52 0 74 42 0 74 44 0 14518 1208750 16912 655134 922500 603910
 8035.069955 38030 900 900 900 900 74 46 0 74 52 0 74 42 0 74 44 0 14518 1208750 16912 655134 922500 603910
 8035.269940 38031 900 900 900 900 74 46 0 74 52 0 74 42 0 74 44 0 14518 1210000 16940 648832 922500 597456
 8035.469938 38032 900 900 900 900 74 46 0 74 52 0 74 42 0 74 44 0 14762 1210000 16940 646640 922500 595612
 8035.669938 38033 900 900 900 900 74 46 0 74 52 0 74 42 0 74 44 0 14518 1208750 16912 648284 922500 597456
 8035.869937 38034 900 900 900 900 74 46 0 74 52 0 74 42 0 74 44 0 14518 1208750 16912 648284 922500 597456
 8036.069947 38035 900 900 900 900 74 46 0 74 52 0 74 42 0 74 44 0 14518 1210000 16940 648284 922500 597456
 8036.269937 38036 900 900 900 900 74 46 0 74 52 0 74 42 0 74 44 0 14518 1208750 16912 646914 922500 595612
 8036.469932 38037 900 900 900 900 74 46 0 74 52 0 74 42 0 74 44 0 14274 1208750 16912 650476 922500 599300
 8036.669938 38038 900 900 900 900 74 46 0 74 52 0 74 42 0 74 44 0 14274 1208750 16912 650476 922500 599300
 8036.869938 38039 900 900 900 900 74 46 0 74 52 0 74 42 0 74 44 0 14762 1210000 16940 650202 922500 599300
 8037.069953 38040 900 900 900 900 74 46 0 74 52 0 74 42 0 74 44 0 14518 1208750 16912 651024 922500 600222
 8037.269938 38041 900 900 900 900 74 46 0 74 52 0 74 42 0 74 44 0 14518 1208750 16912 648010 922500 597456
 8037.469938 38042 900 900 900 900 74 46 0 74 52 0 74 42 0 74 44 0 14518 1208750 16912 648010 922500 597456
 8037.669938 38043 900 900 900 900 74 46 0 74 52 0 74 42 0 74 44 0 14518 1210000 16940 646914 922500 595612
 8037.869937 38044 900 900 900 900 74 46 0 74 52 0 74 42 0 74 44 0 14274 1208750 16912 646640 922500 595612
 8038.069953 38045 900 900 900 900 74 46 0 74 52 0 74 42 0 74 44 0 14274 1210000 16940 647188 922500 596534
 8038.269923 38046 900 900 900 900 74 46 0 74 52 0 74 42 0 74 44 0 14274 1210000 16940 647188 922500 596534
 8038.469933 38047 900 900 900 900 74 46 0 74 52 0 74 42 0 74 44 0 14518 1208750 16912 648558 922500 597456
 8038.669938 38048 900 900 900 900 74 46 0 74 52 0 74 42 0 74 44 0 14274 1210000 16940 648832 922500 597456
 8038.869939 38049 900 900 900 900 74 46 0 74 52 0 74 42 0 74 44 0 14518 1210000 16940 649380 922500 598378
 8039.069928 38050 900 900 900 900 74 46 0 74 52 0 74 42 0 74 44 0 14518 1210000 16940 649380 922500 598378
 8039.269938 38051 900 900 900 900 74 46 0 74 52 0 74 42 0 74 44 0 14518 1210000 16940 649380 922500 598378
 8039.469912 38052 900 900 900 900 74 46 0 74 52 0 74 42 0 74 44 0 14274 1210000 16940 648010 922500 597456
 8039.669914 38053 900 900 900 900 74 46 0 74 52 0 74 42 0 74 44 0 14274 1210000 16940 646914 922500 595612
 8039.869915 38054 900 900 900 900 74 46 0 74 52 0 74 42 0 74 44 0 14518 1208750 16912 651572 922500 600222
 8040.069927 38055 900 900 900 900 74 46 0 74 52 0 74 42 0 74 44 0 14518 1208750 16912 651572 922500 600222
 8040.269914 38056 900 900 900 900 74 46 0 74 52 0 74 42 0 74 44 0 14518 1208750 16912 650202 922500 599300
 8040.469913 38057 900 900 900 900 74 46 0 74 52 0 74 42 0 74 44 0 14518 1210000 16940 650750 922500 599300
 8040.669908 38058 900 900 900 900 74 46 0 74 52 0 74 42 0 74 44 0 14518 1210000 16940 650476 922500 599300
 8040.869913 38059 900 900 900 900 74 46 0 74 52 0 74 42 0 74 44 0 14518 1210000 16940 650476 922500 599300
 8041.069927 38060 900 900 900 900 74 46 0 74 52 0 74 42 0 74 44 0 14518 1208750 16912 650750 922500 599300
 8041.269916 38061 900 900 900 900 74 46 0 74 52 0 74 42 0 74 44 0 14518 1208750 16912 649654 922500 598378
 8041.469913 38062 900 900 900 900 74 46 0 74 52 0 74 42 0 74 44 0 14518 1208750 16912 651024 922500 600222
 8041.669914 38063 900 900 900 900 74 46 0 74 52 0 74 42 0 74 44 0 14518 1208750 16912 651024 922500 600222
 8041.869909 38064 900 900 900 900 74 46 0 74 52 0 74 42 0 74 44 0 14274 1208750 16912 649654 922500 598378
 8042.069877 38065 900 900 900 900 74 46 0 74 52 0 74 42 0 74 44 0 14518 1208750 16912 651298 922500 600222
 8042.269863 38066 900 900 900 900 74 46 0 74 52 0 74 42 0 74 44 0 14518 1208750 16912 652394 922500 601144
 8042.469863 38067 900 900 900 900 74 46 0 74 52 0 74 42 0 74 44 0 14518 1208750 16912 652394 922500 601144
 8042.669947 38068 900 900 900 900 74 46 0 74 52 0 74 42 0 74 44 0 14518 1208750 16912 650750 922500 599300
 8042.869920 38069 900 900 900 900 74 46 0 74 52 0 74 42 0 74 44 0 14274 1210000 16940 651024 922500 600222
 8043.069914 38070 900 900 900 900 74 46 0 74 52 0 74 42 0 74 44 0 14518 1210000 16940 649654 922500 598378
 8043.269920 38071 900 900 900 900 74 46 0 74 52 0 74 42 0 74 44 0 14518 1210000 16940 649654 922500 598378
 8043.469920 38072 900 900 900 900 74 46 0 74 52 0 74 42 0 74 44 0 14518 1210000 16940 648558 922500 597456
 8043.669920 38073 900 900 900 900 74 46 0 74 52 0 74 42 0 74 44 0 14518 1208750 16912 647188 922500 596534
 8043.869920 38074 900 900 900 900 74 46 0 74 52 0 74 42 0 74 44 0 14274 1210000 16940 649654 922500 598378
 8044.069936 38075 900 900 900 900 74 46 0 74 52 0 74 42 0 74 44 0 14274 1210000 16940 649654 922500 598378
 8044.269917 38076 900 900 900 900 74 46 0 74 52 0 74 42 0 74 44 0 14518 1210000 16940 650750 922500 599300
 8044.469920 38077 900 900 900 900 74 46 0 74 52 0 74 42 0 74 44 0 14518 1210000 16940 649654 922500 598378
 8044.669920 38078 900 900 900 900 74 46 0 74 52 0 74 42 0 74 44 0 14274 1210000 16940 649654 922500 598378
 8044.869920 38079 900 900 900 900 74 46 0 74 52 0 74 42 0 74 44 0 14274 1210000 16940 649654 922500 598378
 8045.069935 38080 900 900 900 900 74 46 0 74 52 0 74 42 0 74 44 0 14518 1210000 16940 649928 922500 598378
 8045.269920 38081 900 900 900 900 74 46 0 74 52 0 74 42 0 74 44 0 14518 1208750 16912 646640 922500 595612
 8045.469920 38082 900 900 900 900 74 46 0 74 52 0 74 42 0 74 44 0 14274 1208750 16912 657874 922500 605754
 8045.669920 38083 900 900 900 900 74 46 0 74 52 0 74 42 0 74 44 0 14518 1208750 16912 648010 922500 597456
 8045.869938 38084 900 900 900 900 74 46 0 74 52 0 74 42 0 74 44 0 14518 1208750 16912 648010 922500 597456
 8046.069953 38085 900 900 900 900 74 46 0 74 52 0 74 42 0 74 44 0 14274 1210000 16940 651572 922500 600222
 8046.269938 38086 900 900 900 900 74 46 0 74 52 0 74 42 0 74 44 0 14518 1208750 16912 649654 922500 598378
 8046.469931 38087 900 900 900 900 74 46 0 74 52 0 74 42 0 74 44 0 14274 1210000 16940 649928 922500 598378
 8046.669938 38088 900 900 900 900 74 46 0 74 52 0 74 42 0 74 44 0 14274 1210000 16940 649928 922500 598378
 8046.869938 38089 900 900 900 900 74 46 0 74 52 0 74 42 0 74 44 0 14518 1208750 16912 649380 922500 598378
 8047.069953 38090 900 900 900 900 74 46 0 74 52 0 74 42 0 74 44 0 14518 1210000 16940 649654 922500 598378
 8047.269939 38091 900 900 900 900 74 46 0 74 52 0 74 42 0 74 44 0 14518 1210000 16940 648832 922500 597456
 8047.469938 38092 900 900 900 900 74 46 0 74 52 0 74 42 0 74 44 0 14518 1210000 16940 648832 922500 597456
 8047.669938 38093 900 900 900 900 74 46 0 74 52 0 74 42 0 74 44 0 14518 1210000 16940 649106 922500 598378
 8047.869938 38094 900 900 900 900 74 46 0 74 52 0 74 42 0 74 44 0 14518 1208750 16912 650750 922500 599300
 8048.069952 38095 900 900 900 900 74 46 0 74 52 0 74 42 0 74 44 0 14518 1210000 16940 650750 922500 599300
 8048.269938 38096 900 900 900 900 74 46 0 74 52 0 74 42 0 74 44 0 14518 1210000 16940 650750 922500 599300
 8048.469938 38097 900 900 900 900 74 46 0 74 52 0 74 42 0 74 44 0 14518 1208750 16912 651024 922500 600222
 8048.669938 38098 900 900 900 900 74 46 0 74 52 0 74 42 0 74 44 0 14274 1210000 16940 648010 922500 597456
 8048.869932 38099 900 900 900 900 74 46 0 74 52 0 74 42 0 74 44 0 14274 1208750 16912 648558 922500 597456
 8049.069953 38100 900 900 900 900 74 46 0 74 52 0 74 42 0 74 44 0 14274 1208750 16912 648558 922500 597456
 8049.269938 38101 900 900 900 900 74 46 0 74 52 0 74 42 0 74 44 0 14518 1210000 16940 649380 922500 598378
 8049.469938 38102 900 900 900 900 74 46 0 74 52 0 74 42 0 74 44 0 14518 1210000 16940 649654 922500 598378
 8049.669938 38103 900 900 900 900 74 46 0 74 52 0 74 42 0 74 44 0 14518 1210000 16940 650750 922500 599300
 8049.869938 38104 900 900 900 900 74 46 0 74 52 0 74 42 0 74 44 0 14518 1210000 16940 650750 922500 599300
 8050.069953 38105 900 900 900 900 74 46 0 74 52 0 74 42 0 74 44 0 14518 1208750 16912 650750 922500 599300
 8050.269940 38106 900 900 900 900 74 46 0 74 52 0 74 42 0 74 44 0 14518 1210000 16940 650202 922500 599300
 8050.469937 38107 900 900 900 900 74 46 0 74 52 0 74 42 0 74 44 0 14274 1208750 16912 649654 922500 598378
 8050.669938 38108 900 900 900 900 74 46 0 74 52 0 74 42 0 74 44 0 14274 1208750 16912 649654 922500 598378
 8050.869938 38109 900 900 900 900 74 46 0 74 52 0 74 42 0 74 44 0 14518 1210000 16940 648558 922500 597456
 8051.069952 38110 900 900 900 900 74 46 0 74 52 0 74 42 0 74 44 0 14518 1208750 16912 648558 922500 597456
 8051.269932 38111 900 900 900 900 74 46 0 74 52 0 74 42 0 74 44 0 14274 1208750 16912 650202 922500 599300
 8051.469863 38112 900 900 900 900 74 46 0 74 52 0 74 42 0 74 44 0 14518 1210000 16940 651298 922500 600222
 8051.669938 38113 900 900 900 900 74 46 0 74 52 0 74 42 0 74 44 0 14518 1210000 16940 651298 922500 600222
 8051.869938 38114 900 900 900 900 74 46 0 74 52 0 74 42 0 74 44 0 14518 1208750 16912 650750 922500 599300
 8052.069952 38115 900 900 900 900 74 46 0 74 52 0 74 42 0 74 44 0 14518 1208750 16912 651572 922500 600222
 8052.269938 38116 900 900 900 900 74 46 0 74 52 0 74 42 0 74 44 0 14518 1210000 16940 652942 922500 601144
 8052.469938 38117 900 900 900 900 74 46 0 74 52 0 74 42 0 74 44 0 14518 1210000 16940 652942 922500 601144
 8052.669938 38118 900 900 900 900 74 46 0 74 52 0 74 42 0 74 44 0 14518 1210000 16940 649928 922500 598378
 8052.869938 38119 900 900 900 900 74 46 0 74 52 0 74 42 0 74 44 0 14274 1208750 16912 650750 922500 599300
 8053.069952 38120 900 900 900 900 74 46 0 74 52 0 74 42 0 74 44 0 14518 1208750 16912 648558 922500 597456
 8053.269941 38121 900 900 900 900 74 46 0 74 52 0 74 42 0 74 44 0 14518 1208750 16912 648558 922500 597456
 8053.469938 38122 900 900 900 900 74 46 0 74 52 0 74 42 0 74 44 0 14518 1208750 16912 651298 922500 600222
 8053.669932 38123 900 900 900 900 74 46 0 74 52 0 74 42 0 74 44 0 14518 1208750 16912 649654 922500 598378
 8053.869938 38124 900 900 900 900 74 46 0 74 52 0 74 42 0 74 44 0 14518 1210000 16940 650750 922500 599300
 8054.069953 38125 900 900 900 900 74 46 0 74 52 0 74 42 0 74 44 0 14518 1210000 16940 650750 922500 599300
 8054.269938 38126 900 900 900 900 74 46 0 74 52 0 74 42 0 74 44 0 14518 1210000 16940 649380 922500 598378
 8054.469938 38127 900 900 900 900 74 46 0 74 52 0 74 42 0 74 44 0 14518 1210000 16940 647188 922500 596534
 8054.669938 38128 900 900 900 900 74 46 0 74 52 0 74 42 0 74 44 0 14274 1210000 16940 657326 922500 605754
 8054.869938 38129 900 900 900 900 74 46 0 74 52 0 74 42 0 74 44 0 14274 1210000 16940 657326 922500 605754
 8055.069953 38130 900 900 900 900 74 46 0 74 52 0 74 42 0 74 44 0 14518 1210000 16940 649106 922500 598378
 8055.269938 38131 900 900 900 900 74 46 0 74 52 0 74 42 0 74 44 0 14274 1210000 16940 648010 922500 597456
 8055.469938 38132 900 900 900 900 74 46 0 74 52 0 74 42 0 74 44 0 14518 1208750 16912 648558 922500 597456
 8055.669938 38133 900 900 900 900 74 46 0 74 52 0 74 42 0 74 44 0 14518 1208750 16912 648558 922500 597456
 8055.869938 38134 900 900 900 900 74 46 0 74 52 0 74 42 0 74 44 0 14518 1210000 16940 651024 922500 600222
 8056.069947 38135 900 900 900 900 74 46 0 74 52 0 74 42 0 74 44 0 14762 1210000 16940 650476 922500 599300
 8056.269940 38136 900 900 900 900 74 46 0 74 52 0 74 42 0 74 44 0 14274 1210000 16940 649654 922500 598378
 8056.469939 38137 900 900 900 900 74 46 0 74 52 0 74 42 0 74 44 0 14274 1210000 16940 649654 922500 598378
 8056.669938 38138 900 900 900 900 74 46 0 74 52 0 74 42 0 74 44 0 14518 1210000 16940 649654 922500 598378
 8056.869938 38139 900 900 900 900 74 46 0 74 52 0 74 42 0 74 44 0 14518 1210000 16940 648832 922500 597456
 8057.069953 38140 900 900 900 900 74 46 0 74 52 0 74 42 0 74 44 0 14518 1210000 16940 647188 922500 596534
 8057.269920 38141 900 900 900 900 74 46 0 74 52 0 74 42 0 74 44 0 14518 1210000 16940 647188 922500 596534
 8057.469938 38142 900 900 900 900 74 46 0 74 52 0 74 42 0 74 44 0 14518 1208750 16912 650476 922500 599300
 8057.669938 38143 900 900 900 900 74 46 0 74 52 0 74 42 0 74 44 0 14518 1208750 16912 649654 922500 598378
 8057.869938 38144 900 900 900 900 74 46 0 74 52 0 74 42 0 74 44 0 14518 1208750 16912 649654 922500 598378
 8058.069929 38145 900 900 900 900 74 46 0 74 52 0 74 42 0 74 44 0 14518 1208750 16912 647736 922500 596534
 8058.269938 38146 900 900 900 900 74 46 0 74 52 0 74 42 0 74 44 0 14518 1208750 16912 647736 922500 596534
 8058.469932 38147 900 900 900 900 74 46 0 74 52 0 74 42 0 74 44 0 14274 1210000 16940 647188 922500 596534
 8058.669938 38148 900 900 900 900 74 46 0 74 52 0 74 42 0 74 44 0 14762 1210000 16940 648284 922500 597456
 8058.869938 38149 900 900 900 900 74 46 0 74 52 0 74 42 0 74 44 0 14518 1210000 16940 648284 922500 597456
 8059.069953 38150 900 900 900 900 74 46 0 74 52 0 74 42 0 74 44 0 14518 1210000 16940 648284 922500 597456
 8059.269940 38151 900 900 900 900 74 46 0 74 52 0 74 42 0 74 44 0 14518 1210000 16940 650476 922500 599300
 8059.469938 38152 900 900 900 900 74 46 0 74 52 0 74 42 0 74 44 0 14518 1210000 16940 650750 922500 599300
 8059.669938 38153 900 900 900 900 74 46 0 74 52 0 74 42 0 74 44 0 14518 1208750 16912 649654 922500 598378
 8059.869938 38154 900 900 900 900 74 46 0 74 52 0 74 42 0 74 44 0 14518 1208750 16912 649654 922500 598378
 8060.069952 38155 900 900 900 900 74 46 0 74 52 0 74 42 0 74 44 0 14274 1208750 16912 649654 922500 598378
 8060.269938 38156 900 900 900 900 74 46 0 74 52 0 74 42 0 74 44 0 14518 1208750 16912 648558 922500 597456
 8060.469937 38157 900 900 900 900 74 46 0 74 52 0 74 42 0 74 44 0 14518 1208750 16912 649928 922500 598378
 8060.669936 38158 900 900 900 900 74 46 0 74 52 0 74 42 0 74 44 0 14518 1208750 16912 649928 922500 598378
 8060.869926 38159 900 900 900 900 74 46 0 74 52 0 74 42 0 74 44 0 14518 1208750 16912 650476 922500 599300
 8061.069946 38160 900 900 900 900 73 46 0 73 52 0 73 42 0 73 44 0 14518 1210000 16940 126588 921250 116046
 8061.269932 38161 900 900 900 900 73 46 0 73 52 0 73 42 0 73 44 0 14518 1210000 16940 44388 920000 40480
 8061.469932 38162 900 900 900 900 73 46 0 73 52 0 73 42 0 73 44 0 14518 1210000 16940 44388 920000 40480
 8061.669932 38163 900 900 900 900 73 46 0 73 52 0 73 42 0 73 44 0 14274 1210000 16940 44936 920000 40480
 8061.869931 38164 900 900 900 900 73 46 0 73 52 0 73 42 0 73 44 0 14518 1210000 16940 44114 920000 40480
 8062.069947 38165 900 900 900 900 72 46 0 72 52 0 72 42 0 72 44 0 14518 1210000 16940 42744 920000 38640
