 4367.653857 21318 1500 1500 1500 1500 79 46 0 79 52 0 79 42 0 79 44 0 15250 1210000 18150 91516 1133750 103103
 4367.853806 21319 1500 1500 1500 1500 79 46 0 79 52 0 79 42 0 79 44 0 15250 1210000 18150 91516 1132500 103012
 4368.053802 21320 1500 1500 1500 1500 77 46 0 77 52 0 77 42 0 77 44 0 15494 1210000 18150 89050 1132500 100748
 4368.253802 21321 1500 1500 1500 1500 77 46 0 77 52 0 77 42 0 77 44 0 15494 1210000 18150 89050 1132500 100748
 4368.453805 21322 1500 1500 1500 1500 77 46 0 77 52 0 77 42 0 77 44 0 15494 1210000 18150 81926 1132500 91692
 4368.653806 21323 1500 1500 1500 1500 77 46 0 77 52 0 77 42 0 77 44 0 15006 1210000 18150 84666 1132500 95088
 4368.853806 21324 1500 1500 1500 1500 77 46 0 77 52 0 77 42 0 77 44 0 15250 1210000 18150 88776 1132500 99616
 4369.053805 21325 1500 1500 1500 1500 75 46 0 75 52 0 75 42 0 75 44 0 15250 1210000 18150 88776 1132500 99616
 4369.253804 21326 1500 1500 1500 1500 75 46 0 75 52 0 75 42 0 75 44 0 15250 1210000 18150 82748 1132500 92824
 4369.453802 21327 1500 1500 1500 1500 75 46 0 75 52 0 75 42 0 75 44 0 15006 1210000 18150 83022 1132500 93956
 4369.653806 21328 1500 1500 1500 1500 75 46 0 75 52 0 75 42 0 75 44 0 15250 1210000 18150 77816 1132500 87164
 4369.853789 21329 1500 1500 1500 1500 75 46 0 75 52 0 75 42 0 75 44 0 15250 1210000 18150 77816 1132500 87164
 4370.053936 21330 1500 1500 1500 1500 75 46 0 75 52 0 75 42 0 75 44 0 15250 1210000 18150 76172 1132500 86032
 4370.253806 21331 1500 1500 1500 1500 75 46 0 75 52 0 75 42 0 75 44 0 15250 1210000 18150 102202 1132500 115464
 4370.453805 21332 1500 1500 1500 1500 75 46 0 75 52 0 75 42 0 75 44 0 15006 1210000 18150 318114 1133750 360294
 4370.653805 21333 1500 1500 1500 1500 75 46 0 75 52 0 75 42 0 75 44 0 15006 1210000 18150 81104 1132500 91692
 4370.853815 21334 1500 1500 1500 1500 75 46 0 75 52 0 75 42 0 75 44 0 15006 1210000 18150 81104 1132500 91692
 4371.053861 21335 1500 1500 1500 1500 75 46 0 75 52 0 75 42 0 75 44 0 15006 1210000 18150 79460 1132500 89428
 4371.253841 21336 1500 1500 1500 1500 75 46 0 75 52 0 75 42 0 75 44 0 15006 1210000 18150 466074 1135000 528910
 4371.453877 21337 1500 1500 1500 1500 75 46 0 75 52 0 75 42 0 75 44 0 15006 1208750 18120 1209710 1138750 1375842
 4371.653812 21338 1500 1500 1500 1500 75 46 0 75 52 0 75 42 0 75 44 0 15006 1208750 18120 1209710 1138750 1375842
 4371.853813 21339 1500 1500 1500 1500 75 46 0 75 52 0 75 42 0 75 44 0 15006 1210000 18150 1143950 1138750 1300734
 4372.053812 21340 1500 1500 1500 1500 76 46 0 76 52 0 76 42 0 76 44 0 14762 1210000 16940 1305884 1140000 1487700
 4372.253812 21341 1500 1500 1500 1500 76 46 0 76 52 0 76 42 0 76 44 0 15250 1208750 18120 1383700 1141250 1578003
 4372.453812 21342 1500 1500 1500 1500 76 46 0 76 52 0 76 42 0 76 44 0 15250 1208750 18120 1383700 1141250 1578003
 4372.653811 21343 1500 1500 1500 1500 76 46 0 76 52 0 76 42 0 76 44 0 15006 1208750 18120 1391646 1141250 1587131
 4372.853808 21344 1500 1500 1500 1500 76 46 0 76 52 0 76 42 0 76 44 0 15006 1210000 18150 1391372 1141250 1587131
 4373.053812 21345 1500 1500 1500 1500 77 46 0 77 52 0 77 42 0 77 44 0 15250 1208750 18120 1390550 1141250 1585990
 4373.253812 21346 1500 1500 1500 1500 77 46 0 77 52 0 77 42 0 77 44 0 15250 1208750 18120 1390550 1141250 1585990
 4373.453812 21347 1500 1500 1500 1500 77 46 0 77 52 0 77 42 0 77 44 0 15006 1208750 18120 1414936 1141250 1613374
 4373.653812 21348 1500 1500 1500 1500 77 46 0 77 52 0 77 42 0 77 44 0 15250 1208750 18120 1391098 1141250 1587131
 4373.853812 21349 1500 1500 1500 1500 77 46 0 77 52 0 77 42 0 77 44 0 15250 1208750 18120 1389728 1141250 1584849
 4374.053813 21350 1500 1500 1500 1500 78 46 0 78 52 0 78 42 0 78 44 0 15250 1208750 18120 1389728 1141250 1584849
 4374.253813 21351 1500 1500 1500 1500 78 46 0 78 52 0 78 42 0 78 44 0 15250 1208750 18120 1392468 1141250 1588272
 4374.453812 21352 1500 1500 1500 1500 78 46 0 78 52 0 78 42 0 78 44 0 15250 1208750 18120 1394660 1141250 1590554
 4374.653827 21353 1500 1500 1500 1500 78 46 0 78 52 0 78 42 0 78 44 0 15250 1208750 18120 1394386 1141250 1590554
 4374.853812 21354 1500 1500 1500 1500 78 46 0 78 52 0 78 42 0 78 44 0 15250 1208750 18120 1394386 1141250 1590554
 4375.053812 21355 1500 1500 1500 1500 78 46 0 78 52 0 78 42 0 78 44 0 15250 1208750 18120 1398222 1141250 1595118
 4375.253809 21356 1500 1500 1500 1500 78 46 0 78 52 0 78 42 0 78 44 0 15250 1208750 18120 1394934 1141250 1590554
 4375.453812 21357 1500 1500 1500 1500 78 46 0 78 52 0 78 42 0 78 44 0 15250 1208750 18120 1390824 1141250 1585990
 4375.653812 21358 1500 1500 1500 1500 78 46 0 78 52 0 78 42 0 78 44 0 15250 1208750 18120 1390824 1141250 1585990
 4375.853812 21359 1500 1500 1500 1500 78 46 0 78 52 0 78 42 0 78 44 0 15250 1208750 18120 1393016 1141250 1589413
 4376.053813 21360 1500 1500 1500 1500 78 46 0 78 52 0 78 42 0 78 44 0 15250 1208750 18120 1392194 1141250 1588272
 4376.253809 21361 1500 1500 1500 1500 78 46 0 78 52 0 78 42 0 78 44 0 15494 1208750 18120 1394660 1141250 1590554
 4376.453746 21362 1500 1500 1500 1500 78 46 0 78 52 0 78 42 0 78 44 0 15250 1208750 18120 1397948 1141250 1593977
 4376.653812 21363 1500 1500 1500 1500 78 46 0 78 52 0 78 42 0 78 44 0 15250 1208750 18120 1397948 1141250 1593977
 4376.853812 21364 1500 1500 1500 1500 78 46 0 78 52 0 78 42 0 78 44 0 15006 1208750 18120 1397948 1141250 1593977
 4377.053812 21365 1500 1500 1500 1500 79 46 0 79 52 0 79 42 0 79 44 0 15250 1208750 18120 1399044 1141250 1596259
 4377.253812 21366 1500 1500 1500 1500 79 46 0 79 52 0 79 42 0 79 44 0 15250 1208750 18120 1395482 1141250 1591695
 4377.453812 21367 1500 1500 1500 1500 79 46 0 79 52 0 79 42 0 79 44 0 15250 1208750 18120 1395482 1141250 1591695
 4377.653812 21368 1500 1500 1500 1500 79 46 0 79 52 0 79 42 0 79 44 0 15250 1208750 18120 1394660 1141250 1590554
 4377.853813 21369 1500 1500 1500 1500 79 46 0 79 52 0 79 42 0 79 44 0 15494 1208750 18120 1398222 1141250 1595118
 4378.053813 21370 1500 1500 1500 1500 79 46 0 79 52 0 79 42 0 79 44 0 15250 1208750 18120 1397400 1141250 1593977
 4378.253812 21371 1500 1500 1500 1500 79 46 0 79 52 0 79 42 0 79 44 0 15250 1208750 18120 1397400 1141250 1593977
 4378.453812 21372 1500 1500 1500 1500 79 46 0 79 52 0 79 42 0 79 44 0 15494 1208750 18120 1399318 1141250 1596259
 4378.653809 21373 1500 1500 1500 1500 79 46 0 79 52 0 79 42 0 79 44 0 15494 1208750 18120 1400962 1141250 1597400
 4378.853813 21374 1500 1500 1500 1500 79 46 0 79 52 0 79 42 0 79 44 0 15250 1208750 18120 1402880 1141250 1599682
 4379.053812 21375 1500 1500 1500 1500 79 46 0 79 52 0 79 42 0 79 44 0 15250 1208750 18120 1402880 1141250 1599682
 4379.253812 21376 1500 1500 1500 1500 79 46 0 79 52 0 79 42 0 79 44 0 15494 1208750 18120 1395756 1141250 1591695
 4379.453812 21377 1500 1500 1500 1500 79 46 0 79 52 0 79 42 0 79 44 0 15250 1208750 18120 1397126 1141250 1593977
 4379.653812 21378 1500 1500 1500 1500 79 46 0 79 52 0 79 42 0 79 44 0 15250 1208750 18120 1396304 1141250 1592836
 4379.853812 21379 1500 1500 1500 1500 79 46 0 79 52 0 79 42 0 79 44 0 15250 1208750 18120 1396304 1141250 1592836
 4380.053812 21380 1500 1500 1500 1500 79 46 0 79 52 0 79 42 0 79 44 0 15494 1208750 18120 1395756 1141250 1591695
 4380.253813 21381 1500 1500 1500 1500 79 46 0 79 52 0 79 42 0 79 44 0 15494 1208750 18120 1399592 1141250 1596259
 4380.453812 21382 1500 1500 1500 1500 79 46 0 79 52 0 79 42 0 79 44 0 15494 1208750 18120 1400140 1141250 1597400
 4380.653813 21383 1500 1500 1500 1500 79 46 0 79 52 0 79 42 0 79 44 0 15494 1208750 18120 1400140 1141250 1597400
 4380.853812 21384 1500 1500 1500 1500 79 46 0 79 52 0 79 42 0 79 44 0 15494 1208750 18120 1402606 1141250 1599682
 4381.053809 21385 1500 1500 1500 1500 79 46 0 79 52 0 79 42 0 79 44 0 15494 1208750 18120 1394934 1141250 1590554
 4381.253812 21386 1500 1500 1500 1500 79 46 0 79 52 0 79 42 0 79 44 0 15250 1208750 18120 1396578 1141250 1592836
 4381.453812 21387 1500 1500 1500 1500 79 46 0 79 52 0 79 42 0 79 44 0 15250 1208750 18120 1396578 1141250 1592836
 4381.653812 21388 1500 1500 1500 1500 79 46 0 79 52 0 79 42 0 79 44 0 15494 1208750 18120 1396304 1141250 1592836
 4381.853812 21389 1500 1500 1500 1500 79 46 0 79 52 0 79 42 0 79 44 0 15250 1208750 18120 1394934 1141250 1590554
 4382.053812 21390 1500 1500 1500 1500 79 46 0 79 52 0 79 42 0 79 44 0 15250 1208750 18120 1400688 1141250 1597400
 4382.253795 21391 1500 1500 1500 1500 79 46 0 79 52 0 79 42 0 79 44 0 15250 1208750 18120 1400688 1141250 1597400
 4382.453812 21392 1500 1500 1500 1500 79 46 0 79 52 0 79 42 0 79 44 0 15494 1208750 18120 1401510 1141250 1598541
 4382.653812 21393 1500 1500 1500 1500 79 46 0 79 52 0 79 42 0 79 44 0 15494 1208750 18120 1402880 1141250 1599682
 4382.853811 21394 1500 1500 1500 1500 79 46 0 79 52 0 79 42 0 79 44 0 15494 1208750 18120 1398496 1141250 1595118
 4383.053791 21395 1500 1500 1500 1500 80 46 0 80 52 0 80 42 0 80 44 0 15494 1208750 18120 1398222 1141250 1595118
 4383.253812 21396 1500 1500 1500 1500 80 46 0 80 52 0 80 42 0 80 44 0 15494 1208750 18120 1398222 1141250 1595118
 4383.453809 21397 1500 1500 1500 1500 80 46 0 80 52 0 80 42 0 80 44 0 15738 1208750 18120 1398770 1141250 1595118
 4383.653812 21398 1500 1500 1500 1500 80 46 0 80 52 0 80 42 0 80 44 0 15494 1208750 18120 1399866 1141250 1596259
 4383.853850 21399 1500 1500 1500 1500 80 46 0 80 52 0 80 42 0 80 44 0 15494 1208750 18120 1403154 1141250 1600823
 4384.053813 21400 1500 1500 1500 1500 80 46 0 80 52 0 80 42 0 80 44 0 15494 1208750 18120 1403154 1141250 1600823
 4384.253812 21401 1500 1500 1500 1500 80 46 0 80 52 0 80 42 0 80 44 0 15494 1208750 18120 1405072 1141250 1603105
 4384.453813 21402 1500 1500 1500 1500 80 46 0 80 52 0 80 42 0 80 44 0 15494 1208750 18120 1403976 1141250 1600823
 4384.653841 21403 1500 1500 1500 1500 80 46 0 80 52 0 80 42 0 80 44 0 15494 1208750 18120 1400414 1141250 1597400
 4384.853812 21404 1500 1500 1500 1500 80 46 0 80 52 0 80 42 0 80 44 0 15494 1208750 18120 1400414 1141250 1597400
 4385.053812 21405 1500 1500 1500 1500 80 46 0 80 52 0 80 42 0 80 44 0 15494 1208750 18120 1399044 1141250 1596259
 4385.253812 21406 1500 1500 1500 1500 80 46 0 80 52 0 80 42 0 80 44 0 15250 1208750 18120 1399318 1141250 1596259
 4385.453812 21407 1500 1500 1500 1500 80 46 0 80 52 0 80 42 0 80 44 0 15494 1208750 18120 1398770 1141250 1595118
 4385.653812 21408 1500 1500 1500 1500 80 46 0 80 52 0 80 42 0 80 44 0 15494 1208750 18120 1398770 1141250 1595118
 4385.853812 21409 1500 1500 1500 1500 80 46 0 80 52 0 80 42 0 80 44 0 15494 1208750 18120 1402880 1141250 1599682
 4386.053812 21410 1500 1500 1500 1500 80 46 0 80 52 0 80 42 0 80 44 0 15250 1208750 18120 1403702 1141250 1600823
 4386.253813 21411 1500 1500 1500 1500 80 46 0 80 52 0 80 42 0 80 44 0 15738 1208750 18120 1403428 1141250 1600823
 4386.453812 21412 1500 1500 1500 1500 80 46 0 80 52 0 80 42 0 80 44 0 15738 1208750 18120 1403428 1141250 1600823
 4386.653812 21413 1500 1500 1500 1500 80 46 0 80 52 0 80 42 0 80 44 0 15982 1208750 18120 1401236 1141250 1598541
 4386.853809 21414 1500 1500 1500 1500 80 46 0 80 52 0 80 42 0 80 44 0 15738 1208750 18120 1404250 1141250 1601964
 4387.053812 21415 1500 1500 1500 1500 80 46 0 80 52 0 80 42 0 80 44 0 15738 1208750 18120 1398770 1141250 1595118
 4387.253812 21416 1500 1500 1500 1500 80 46 0 80 52 0 80 42 0 80 44 0 15738 1208750 18120 1398770 1141250 1595118
 4387.453812 21417 1500 1500 1500 1500 80 46 0 80 52 0 80 42 0 80 44 0 15494 1208750 18120 1398496 1141250 1595118
 4387.653812 21418 1500 1500 1500 1500 80 46 0 80 52 0 80 42 0 80 44 0 15494 1208750 18120 1403976 1141250 1600823
 4387.853814 21419 1500 1500 1500 1500 80 46 0 80 52 0 80 42 0 80 44 0 15250 1208750 18120 1404524 1141250 1601964
 4388.053812 21420 1500 1500 1500 1500 80 46 0 80 52 0 80 42 0 80 44 0 15250 1208750 18120 1404524 1141250 1601964
 4388.253812 21421 1500 1500 1500 1500 80 46 0 80 52 0 80 42 0 80 44 0 15738 1210000 18150 1405072 1141250 1603105
 4388.453812 21422 1500 1500 1500 1500 80 46 0 80 52 0 80 42 0 80 44 0 15738 1210000 18150 1403154 1141250 1600823
 4388.653813 21423 1500 1500 1500 1500 80 46 0 80 52 0 80 42 0 80 44 0 15494 1208750 18120 1402058 1141250 1599682
 4388.853795 21424 1500 1500 1500 1500 80 46 0 80 52 0 80 42 0 80 44 0 15494 1208750 18120 1402058 1141250 1599682
 4389.053812 21425 1500 1500 1500 1500 80 46 0 80 52 0 80 42 0 80 44 0 15494 1210000 18150 1400688 1141250 1597400
 4389.253809 21426 1500 1500 1500 1500 80 46 0 80 52 0 80 42 0 80 44 0 15738 1208750 18120 1399592 1141250 1596259
 4389.453812 21427 1500 1500 1500 1500 80 46 0 80 52 0 80 42 0 80 44 0 15494 1208750 18120 1402606 1141250 1599682
 4389.653813 21428 1500 1500 1500 1500 80 46 0 80 52 0 80 42 0 80 44 0 15250 1208750 18120 1405346 1141250 1603105
 4389.853813 21429 1500 1500 1500 1500 80 46 0 80 52 0 80 42 0 80 44 0 15250 1208750 18120 1405346 1141250 1603105
 4390.053813 21430 1500 1500 1500 1500 80 46 0 80 52 0 80 42 0 80 44 0 15738 1208750 18120 1402880 1141250 1599682
 4390.253812 21431 1500 1500 1500 1500 80 46 0 80 52 0 80 42 0 80 44 0 15250 1208750 18120 1400688 1141250 1597400
 4390.453813 21432 1500 1500 1500 1500 80 46 0 80 52 0 80 42 0 80 44 0 15738 1208750 18120 1396852 1141250 1592836
 4390.653813 21433 1500 1500 1500 1500 80 46 0 80 52 0 80 42 0 80 44 0 15738 1208750 18120 1396852 1141250 1592836
 4390.853813 21434 1500 1500 1500 1500 80 46 0 80 52 0 80 42 0 80 44 0 15494 1208750 18120 1397674 1141250 1593977
 4391.053813 21435 1500 1500 1500 1500 80 46 0 80 52 0 80 42 0 80 44 0 15494 1208750 18120 1396852 1141250 1592836
 4391.253812 21436 1500 1500 1500 1500 80 46 0 80 52 0 80 42 0 80 44 0 15250 1208750 18120 1400962 1141250 1597400
 4391.453858 21437 1500 1500 1500 1500 80 46 0 80 52 0 80 42 0 80 44 0 15250 1208750 18120 1400962 1141250 1597400
 4391.653809 21438 1500 1500 1500 1500 80 46 0 80 52 0 80 42 0 80 44 0 15494 1208750 18120 1400962 1141250 1597400
 4391.853812 21439 1500 1500 1500 1500 80 46 0 80 52 0 80 42 0 80 44 0 15738 1208750 18120 1399592 1141250 1596259
 4392.053812 21440 1500 1500 1500 1500 80 46 0 80 52 0 80 42 0 80 44 0 15738 1208750 18120 1402606 1141250 1599682
 4392.253812 21441 1500 1500 1500 1500 80 46 0 80 52 0 80 42 0 80 44 0 15738 1208750 18120 1402606 1141250 1599682
 4392.453812 21442 1500 1500 1500 1500 80 46 0 80 52 0 80 42 0 80 44 0 15494 1208750 18120 1399318 1141250 1596259
 4392.653812 21443 1500 1500 1500 1500 80 46 0 80 52 0 80 42 0 80 44 0 15738 1208750 18120 1397674 1141250 1593977
 4392.853813 21444 1500 1500 1500 1500 80 46 0 80 52 0 80 42 0 80 44 0 15250 1208750 18120 1401784 1141250 1598541
 4393.053812 21445 1500 1500 1500 1500 80 46 0 80 52 0 80 42 0 80 44 0 15250 1208750 18120 1401784 1141250 1598541
 4393.253812 21446 1500 1500 1500 1500 80 46 0 80 52 0 80 42 0 80 44 0 15494 1208750 18120 1405072 1141250 1603105
 4393.453812 21447 1500 1500 1500 1500 80 46 0 80 52 0 80 42 0 80 44 0 15250 1210000 18150 1405620 1141250 1603105
 4393.653812 21448 1500 1500 1500 1500 80 46 0 80 52 0 80 42 0 80 44 0 15738 1208750 18120 1406168 1141250 1604246
 4393.853812 21449 1500 1500 1500 1500 80 46 0 80 52 0 80 42 0 80 44 0 15738 1208750 18120 1406168 1141250 1604246
 4394.053812 21450 1500 1500 1500 1500 80 46 0 80 52 0 80 42 0 80 44 0 15494 1208750 18120 1405346 1141250 1603105
 4394.253812 21451 1500 1500 1500 1500 80 46 0 80 52 0 80 42 0 80 44 0 15250 1210000 18150 1402332 1141250 1599682
 4394.453812 21452 1500 1500 1500 1500 80 46 0 80 52 0 80 42 0 80 44 0 15494 1208750 18120 1402606 1141250 1599682
 4394.653812 21453 1500 1500 1500 1500 80 46 0 80 52 0 80 42 0 80 44 0 15494 1208750 18120 1402606 1141250 1599682
 4394.853812 21454 1500 1500 1500 1500 80 46 0 80 52 0 80 42 0 80 44 0 15738 1208750 18120 1403154 1141250 1600823
 4395.053809 21455 1500 1500 1500 1500 80 46 0 80 52 0 80 42 0 80 44 0 15494 1208750 18120 1407538 1141250 1605387
 4395.253813 21456 1500 1500 1500 1500 80 46 0 80 52 0 80 42 0 80 44 0 15494 1208750 18120 1405072 1141250 1603105
 4395.453792 21457 1500 1500 1500 1500 80 46 0 80 52 0 80 42 0 80 44 0 15494 1208750 18120 1406168 1141250 1604246
 4395.653812 21458 1500 1500 1500 1500 80 46 0 80 52 0 80 42 0 80 44 0 15494 1208750 18120 1406168 1141250 1604246
 4395.853812 21459 1500 1500 1500 1500 80 46 0 80 52 0 80 42 0 80 44 0 15494 1208750 18120 1407264 1141250 1605387
 4396.053812 21460 1500 1500 1500 1500 80 46 0 80 52 0 80 42 0 80 44 0 15250 1208750 18120 1399592 1141250 1596259
 4396.253812 21461 1500 1500 1500 1500 80 46 0 80 52 0 80 42 0 80 44 0 15494 1208750 18120 1400414 1141250 1597400
 4396.453812 21462 1500 1500 1500 1500 80 46 0 80 52 0 80 42 0 80 44 0 15494 1208750 18120 1400414 1141250 1597400
 4396.653812 21463 1500 1500 1500 1500 80 46 0 80 52 0 80 42 0 80 44 0 15494 1208750 18120 1400414 1141250 1597400
 4396.853811 21464 1500 1500 1500 1500 80 46 0 80 52 0 80 42 0 80 44 0 15250 1208750 18120 1402058 1141250 1599682
 4397.053813 21465 1500 1500 1500 1500 80 46 0 80 52 0 80 42 0 80 44 0 15494 1208750 18120 1400962 1141250 1597400
 4397.253812 21466 1500 1500 1500 1500 80 46 0 80 52 0 80 42 0 80 44 0 15494 1208750 18120 1400962 1141250 1597400
 4397.453809 21467 1500 1500 1500 1500 80 46 0 80 52 0 80 42 0 80 44 0 15738 1208750 18120 1401510 1141250 1598541
 4397.653813 21468 1500 1500 1500 1500 80 46 0 80 52 0 80 42 0 80 44 0 15494 1208750 18120 1401510 1141250 1598541
 4397.853812 21469 1500 1500 1500 1500 80 46 0 80 52 0 80 42 0 80 44 0 15494 1208750 18120 1402332 1141250 1599682
 4398.053812 21470 1500 1500 1500 1500 80 46 0 80 52 0 80 42 0 80 44 0 15494 1208750 18120 1402332 1141250 1599682
 4398.253812 21471 1500 1500 1500 1500 80 46 0 80 52 0 80 42 0 80 44 0 15738 1210000 18150 1397674 1141250 1593977
 4398.453812 21472 1500 1500 1500 1500 80 46 0 80 52 0 80 42 0 80 44 0 15494 1208750 18120 1399044 1141250 1596259
 4398.653812 21473 1500 1500 1500 1500 80 46 0 80 52 0 80 42 0 80 44 0 15250 1208750 18120 1402606 1141250 1599682
 4398.853812 21474 1500 1500 1500 1500 80 46 0 80 52 0 80 42 0 80 44 0 15250 1208750 18120 1402606 1141250 1599682
 4399.053812 21475 1500 1500 1500 1500 80 46 0 80 52 0 80 42 0 80 44 0 15494 1208750 18120 1406168 1141250 1604246
 4399.253812 21476 1500 1500 1500 1500 80 46 0 80 52 0 80 42 0 80 44 0 15494 1208750 18120 1403702 1141250 1600823
 4399.453811 21477 1500 1500 1500 1500 80 46 0 80 52 0 80 42 0 80 44 0 15494 1208750 18120 1402058 1141250 1599682
 4399.653812 21478 1500 1500 1500 1500 80 46 0 80 52 0 80 42 0 80 44 0 15494 1208750 18120 1402058 1141250 1599682
 4399.853809 21479 1500 1500 1500 1500 80 46 0 80 52 0 80 42 0 80 44 0 15494 1208750 18120 1400140 1141250 1597400
 4400.053812 21480 1500 1500 1500 1500 80 46 0 80 52 0 80 42 0 80 44 0 15494 1208750 18120 1398222 1141250 1595118
 4400.253812 21481 1500 1500 1500 1500 80 46 0 80 52 0 80 42 0 80 44 0 15250 1208750 18120 1399044 1141250 1596259
 4400.453824 21482 1500 1500 1500 1500 80 46 0 80 52 0 80 42 0 80 44 0 15250 1208750 18120 1399044 1141250 1596259
 4400.653811 21483 1500 1500 1500 1500 80 46 0 80 52 0 80 42 0 80 44 0 15250 1210000 18150 1403154 1141250 1600823
 4400.853812 21484 1500 1500 1500 1500 80 46 0 80 52 0 80 42 0 80 44 0 15494 1208750 18120 1403154 1141250 1600823
 4401.053866 21485 1500 1500 1500 1500 80 46 0 80 52 0 80 42 0 80 44 0 15494 1210000 18150 1402058 1141250 1599682
 4401.253795 21486 1500 1500 1500 1500 80 46 0 80 52 0 80 42 0 80 44 0 15494 1210000 18150 1402058 1141250 1599682
 4401.453812 21487 1500 1500 1500 1500 80 46 0 80 52 0 80 42 0 80 44 0 15494 1210000 18150 1401784 1141250 1598541
 4401.653812 21488 1500 1500 1500 1500 80 46 0 80 52 0 80 42 0 80 44 0 15250 1210000 18150 1398770 1141250 1595118
 4401.853811 21489 1500 1500 1500 1500 80 46 0 80 52 0 80 42 0 80 44 0 15250 1210000 18150 1403154 1141250 1600823
 4402.053813 21490 1500 1500 1500 1500 80 46 0 80 52 0 80 42 0 80 44 0 15494 1208750 18120 1398496 1141250 1595118
 4402.253812 21491 1500 1500 1500 1500 80 46 0 80 52 0 80 42 0 80 44 0 15494 1208750 18120 1398496 1141250 1595118
 4402.453812 21492 1500 1500 1500 1500 80 46 0 80 52 0 80 42 0 80 44 0 15494 1210000 18150 1401784 1141250 1598541
 4402.653812 21493 1500 1500 1500 1500 80 46 0 80 52 0 80 42 0 80 44 0 15494 1210000 18150 1403976 1141250 1600823
 4402.853813 21494 1500 1500 1500 1500 80 46 0 80 52 0 80 42 0 80 44 0 15494 1208750 18120 1402332 1141250 1599682
 4403.053812 21495 1500 1500 1500 1500 80 46 0 80 52 0 80 42 0 80 44 0 15494 1208750 18120 1402332 1141250 1599682
 4403.253809 21496 1500 1500 1500 1500 80 46 0 80 52 0 80 42 0 80 44 0 15738 1208750 18120 1403702 1141250 1600823
 4403.453811 21497 1500 1500 1500 1500 80 46 0 80 52 0 80 42 0 80 44 0 15494 1208750 18120 1399866 1141250 1596259
 4403.653813 21498 1500 1500 1500 1500 80 46 0 80 52 0 80 42 0 80 44 0 15494 1208750 18120 1398496 1141250 1595118
 4403.853812 21499 1500 1500 1500 1500 80 46 0 80 52 0 80 42 0 80 44 0 15494 1208750 18120 1398496 1141250 1595118
 4404.053812 21500 1500 1500 1500 1500 80 46 0 80 52 0 80 42 0 80 44 0 15982 1208750 18120 1400962 1141250 1597400
 4404.253811 21501 1500 1500 1500 1500 80 46 0 80 52 0 80 42 0 80 44 0 15494 1208750 18120 1402606 1141250 1599682
 4404.453811 21502 1500 1500 1500 1500 80 46 0 80 52 0 80 42 0 80 44 0 15250 1208750 18120 1405072 1141250 1603105
 4404.653861 21503 1500 1500 1500 1500 80 46 0 80 52 0 80 42 0 80 44 0 15250 1208750 18120 1405072 1141250 1603105
 4404.853804 21504 1500 1500 1500 1500 80 46 0 80 52 0 80 42 0 80 44 0 15494 1208750 18120 1406168 1141250 1604246
 4405.053803 21505 1500 1500 1500 1500 79 46 0 79 52 0 79 42 0 79 44 0 15250 1210000 18150 844194 1137500 959628
 4405.253804 21506 1500 1500 1500 1500 79 46 0 79 52 0 79 42 0 79 44 0 15494 1210000 18150 146590 1132500 165272
 4405.453804 21507 1500 1500 1500 1500 79 46 0 79 52 0 79 42 0 79 44 0 15494 1210000 18150 146590 1132500 165272
 4405.653801 21508 1500 1500 1500 1500 79 46 0 79 52 0 79 42 0 79 44 0 15494 1210000 18150 87954 1132500 98484
 4405.853804 21509 1500 1500 1500 1500 79 46 0 79 52 0 79 42 0 79 44 0 15250 1210000 18150 87406 1132500 98484
 4406.053803 21510 1500 1500 1500 1500 77 46 0 77 52 0 77 42 0 77 44 0 15494 1210000 18150 82748 1132500 92824
 4406.253804 21511 1500 1500 1500 1500 77 46 0 77 52 0 77 42 0 77 44 0 15494 1210000 18150 82748 1132500 92824
 4406.453804 21512 1500 1500 1500 1500 77 46 0 77 52 0 77 42 0 77 44 0 15250 1210000 18150 89598 1132500 100748
 4406.653803 21513 1500 1500 1500 1500 77 46 0 77 52 0 77 42 0 77 44 0 15250 1210000 18150 85214 1132500 96220
 4406.853803 21514 1500 1500 1500 1500 77 46 0 77 52 0 77 42 0 77 44 0 15250 1210000 18150 84940 1132500 95088
 4407.053803 21515 1500 1500 1500 1500 76 46 0 76 52 0 76 42 0 76 44 0 15250 1210000 18150 84940 1132500 95088
 4407.253804 21516 1500 1500 1500 1500 76 46 0 76 52 0 76 42 0 76 44 0 15250 1210000 18150 79734 1132500 89428
 4407.453804 21517 1500 1500 1500 1500 76 46 0 76 52 0 76 42 0 76 44 0 15494 1210000 18150 76994 1132500 86032
