 4407.658788 21518 1500 1500 1500 1500 76 46 0 76 52 0 76 42 0 76 44 0 15006 1210000 18150 79186 1132500 89428
 4407.858847 21519 1500 1500 1500 1500 76 46 0 76 52 0 76 42 0 76 44 0 15250 1210000 18150 279206 1133750 316107
 4408.058866 21520 1500 1500 1500 1500 75 46 0 75 52 0 75 42 0 75 44 0 15250 1210000 18150 279206 1133750 316107
 4408.258850 21521 1500 1500 1500 1500 75 46 0 75 52 0 75 42 0 75 44 0 14762 1210000 16940 118916 1132500 133576
 4408.458911 21522 1500 1500 1500 1500 75 46 0 75 52 0 75 42 0 75 44 0 15250 1210000 18150 78638 1132500 88296
 4408.663891 21523 1500 1500 1500 1500 75 46 0 75 52 0 75 42 0 75 44 0 15250 1210000 18150 228790 1133750 258324
 4408.863844 21524 1500 1500 1500 1500 75 46 0 75 52 0 75 42 0 75 44 0 15250 1210000 18150 228790 1133750 258324
 4409.068771 21525 1500 1500 1500 1500 76 46 0 76 52 0 76 42 0 76 44 0 15006 1208750 18120 1000922 1138750 1138000
 4409.268739 21526 1500 1500 1500 1500 76 46 0 76 52 0 76 42 0 76 44 0 15250 1208750 18120 1166144 1138750 1326908
 4409.468769 21527 1500 1500 1500 1500 76 46 0 76 52 0 76 42 0 76 44 0 15494 1208750 18120 1137648 1138750 1293906
 4409.668765 21528 1500 1500 1500 1500 76 46 0 76 52 0 76 42 0 76 44 0 15494 1208750 18120 1137648 1138750 1293906
 4409.868765 21529 1500 1500 1500 1500 76 46 0 76 52 0 76 42 0 76 44 0 15250 1208750 18120 1128332 1137500 1282536
 4410.068765 21530 1500 1500 1500 1500 77 46 0 77 52 0 77 42 0 77 44 0 15494 1210000 18150 1128606 1138750 1283664
 4410.268767 21531 1500 1500 1500 1500 77 46 0 77 52 0 77 42 0 77 44 0 15250 1210000 18150 1128332 1138750 1283664
 4410.468765 21532 1500 1500 1500 1500 77 46 0 77 52 0 77 42 0 77 44 0 15250 1210000 18150 1128332 1138750 1283664
 4410.668766 21533 1500 1500 1500 1500 77 46 0 77 52 0 77 42 0 77 44 0 15494 1210000 18150 1129976 1138750 1284802
 4410.868764 21534 1500 1500 1500 1500 77 46 0 77 52 0 77 42 0 77 44 0 15250 1208750 18120 1131620 1138750 1287078
 4411.068767 21535 1500 1500 1500 1500 78 46 0 78 52 0 78 42 0 78 44 0 15738 1210000 18150 1130250 1138750 1285940
 4411.268767 21536 1500 1500 1500 1500 78 46 0 78 52 0 78 42 0 78 44 0 15738 1210000 18150 1130250 1138750 1285940
 4411.468768 21537 1500 1500 1500 1500 78 46 0 78 52 0 78 42 0 78 44 0 15250 1210000 18150 1132168 1138750 1288216
 4411.668765 21538 1500 1500 1500 1500 78 46 0 78 52 0 78 42 0 78 44 0 15494 1210000 18150 1132168 1138750 1288216
 4411.868765 21539 1500 1500 1500 1500 78 46 0 78 52 0 78 42 0 78 44 0 15738 1210000 18150 1129154 1138750 1284802
 4412.068767 21540 1500 1500 1500 1500 78 46 0 78 52 0 78 42 0 78 44 0 15738 1210000 18150 1129154 1138750 1284802
 4412.268768 21541 1500 1500 1500 1500 78 46 0 78 52 0 78 42 0 78 44 0 15494 1210000 18150 1129702 1138750 1284802
 4412.468765 21542 1500 1500 1500 1500 78 46 0 78 52 0 78 42 0 78 44 0 15494 1208750 18120 1130798 1138750 1285940
 4412.668765 21543 1500 1500 1500 1500 78 46 0 78 52 0 78 42 0 78 44 0 15250 1210000 18150 1130524 1138750 1285940
 4412.868769 21544 1500 1500 1500 1500 78 46 0 78 52 0 78 42 0 78 44 0 15250 1208750 18120 1130798 1137500 1284810
 4413.068766 21545 1500 1500 1500 1500 78 46 0 78 52 0 78 42 0 78 44 0 15250 1208750 18120 1130798 1137500 1284810
 4413.268765 21546 1500 1500 1500 1500 78 46 0 78 52 0 78 42 0 78 44 0 15494 1210000 18150 1131072 1138750 1287078
 4413.468765 21547 1500 1500 1500 1500 78 46 0 78 52 0 78 42 0 78 44 0 15494 1210000 18150 1131346 1138750 1287078
 4413.668727 21548 1500 1500 1500 1500 78 46 0 78 52 0 78 42 0 78 44 0 15494 1208750 18120 1130798 1138750 1285940
 4413.868727 21549 1500 1500 1500 1500 78 46 0 78 52 0 78 42 0 78 44 0 15494 1208750 18120 1130798 1138750 1285940
 4414.068730 21550 1500 1500 1500 1500 78 46 0 78 52 0 78 42 0 78 44 0 15494 1210000 18150 1131072 1138750 1287078
 4414.268727 21551 1500 1500 1500 1500 78 46 0 78 52 0 78 42 0 78 44 0 15494 1210000 18150 1131072 1138750 1287078
 4414.468728 21552 1500 1500 1500 1500 78 46 0 78 52 0 78 42 0 78 44 0 15494 1210000 18150 1134360 1138750 1290492
 4414.668727 21553 1500 1500 1500 1500 78 46 0 78 52 0 78 42 0 78 44 0 15494 1210000 18150 1134360 1138750 1290492
 4414.868727 21554 1500 1500 1500 1500 78 46 0 78 52 0 78 42 0 78 44 0 15738 1208750 18120 1135182 1138750 1291630
 4415.068728 21555 1500 1500 1500 1500 78 46 0 78 52 0 78 42 0 78 44 0 15494 1210000 18150 1134086 1138750 1290492
 4415.268727 21556 1500 1500 1500 1500 78 46 0 78 52 0 78 42 0 78 44 0 15494 1210000 18150 1132990 1138750 1288216
 4415.468727 21557 1500 1500 1500 1500 78 46 0 78 52 0 78 42 0 78 44 0 15494 1210000 18150 1132990 1138750 1288216
 4415.668727 21558 1500 1500 1500 1500 78 46 0 78 52 0 78 42 0 78 44 0 15494 1210000 18150 1134634 1138750 1290492
 4415.868727 21559 1500 1500 1500 1500 78 46 0 78 52 0 78 42 0 78 44 0 15250 1210000 18150 1132716 1137500 1287084
 4416.068727 21560 1500 1500 1500 1500 79 46 0 79 52 0 79 42 0 79 44 0 15494 1210000 18150 1133264 1138750 1289354
 4416.268728 21561 1500 1500 1500 1500 79 46 0 79 52 0 79 42 0 79 44 0 15494 1210000 18150 1133264 1138750 1289354
 4416.468727 21562 1500 1500 1500 1500 79 46 0 79 52 0 79 42 0 79 44 0 15250 1210000 18150 1136004 1138750 1292768
 4416.668730 21563 1500 1500 1500 1500 79 46 0 79 52 0 79 42 0 79 44 0 15494 1210000 18150 1134908 1138750 1290492
 4416.868727 21564 1500 1500 1500 1500 79 46 0 79 52 0 79 42 0 79 44 0 15738 1210000 18150 1133812 1138750 1289354
 4417.068727 21565 1500 1500 1500 1500 79 46 0 79 52 0 79 42 0 79 44 0 15738 1210000 18150 1133812 1138750 1289354
 4417.268727 21566 1500 1500 1500 1500 79 46 0 79 52 0 79 42 0 79 44 0 15494 1210000 18150 1132168 1138750 1288216
 4417.468728 21567 1500 1500 1500 1500 79 46 0 79 52 0 79 42 0 79 44 0 15494 1210000 18150 1131072 1138750 1287078
 4417.668727 21568 1500 1500 1500 1500 79 46 0 79 52 0 79 42 0 79 44 0 15738 1210000 18150 1132716 1138750 1288216
 4417.868727 21569 1500 1500 1500 1500 79 46 0 79 52 0 79 42 0 79 44 0 15738 1210000 18150 1132716 1138750 1288216
 4418.068727 21570 1500 1500 1500 1500 79 46 0 79 52 0 79 42 0 79 44 0 15738 1210000 18150 1131894 1138750 1287078
 4418.268727 21571 1500 1500 1500 1500 79 46 0 79 52 0 79 42 0 79 44 0 15738 1210000 18150 1133264 1138750 1289354
 4418.468727 21572 1500 1500 1500 1500 79 46 0 79 52 0 79 42 0 79 44 0 15250 1210000 18150 1136004 1138750 1292768
 4418.668727 21573 1500 1500 1500 1500 79 46 0 79 52 0 79 42 0 79 44 0 15250 1210000 18150 1136004 1138750 1292768
 4418.868727 21574 1500 1500 1500 1500 79 46 0 79 52 0 79 42 0 79 44 0 15250 1210000 18150 1132990 1138750 1288216
 4419.068727 21575 1500 1500 1500 1500 79 46 0 79 52 0 79 42 0 79 44 0 15494 1210000 18150 1132990 1137500 1287084
 4419.268730 21576 1500 1500 1500 1500 79 46 0 79 52 0 79 42 0 79 44 0 15494 1210000 18150 1131620 1138750 1287078
 4419.468728 21577 1500 1500 1500 1500 79 46 0 79 52 0 79 42 0 79 44 0 15494 1210000 18150 1132442 1138750 1288216
 4419.668727 21578 1500 1500 1500 1500 79 46 0 79 52 0 79 42 0 79 44 0 15494 1210000 18150 1132442 1138750 1288216
 4419.868727 21579 1500 1500 1500 1500 79 46 0 79 52 0 79 42 0 79 44 0 15494 1210000 18150 1133264 1138750 1289354
 4420.068727 21580 1500 1500 1500 1500 79 46 0 79 52 0 79 42 0 79 44 0 15738 1210000 18150 1135730 1138750 1291630
 4420.268727 21581 1500 1500 1500 1500 79 46 0 79 52 0 79 42 0 79 44 0 15494 1210000 18150 1134908 1138750 1290492
 4420.468728 21582 1500 1500 1500 1500 79 46 0 79 52 0 79 42 0 79 44 0 15494 1210000 18150 1134908 1138750 1290492
 4420.668727 21583 1500 1500 1500 1500 79 46 0 79 52 0 79 42 0 79 44 0 15494 1210000 18150 1136004 1138750 1292768
 4420.868727 21584 1500 1500 1500 1500 79 46 0 79 52 0 79 42 0 79 44 0 15250 1210000 18150 1136278 1138750 1292768
 4421.068727 21585 1500 1500 1500 1500 79 46 0 79 52 0 79 42 0 79 44 0 15738 1210000 18150 1132716 1138750 1288216
 4421.268727 21586 1500 1500 1500 1500 79 46 0 79 52 0 79 42 0 79 44 0 15738 1210000 18150 1132716 1138750 1288216
 4421.468727 21587 1500 1500 1500 1500 79 46 0 79 52 0 79 42 0 79 44 0 15738 1210000 18150 1136004 1138750 1292768
 4421.668727 21588 1500 1500 1500 1500 79 46 0 79 52 0 79 42 0 79 44 0 15494 1210000 18150 1135182 1138750 1291630
 4421.868730 21589 1500 1500 1500 1500 79 46 0 79 52 0 79 42 0 79 44 0 15494 1210000 18150 1134634 1138750 1290492
 4422.068727 21590 1500 1500 1500 1500 79 46 0 79 52 0 79 42 0 79 44 0 15494 1210000 18150 1134634 1138750 1290492
 4422.268727 21591 1500 1500 1500 1500 79 46 0 79 52 0 79 42 0 79 44 0 15738 1210000 18150 1133812 1138750 1289354
 4422.468728 21592 1500 1500 1500 1500 79 46 0 79 52 0 79 42 0 79 44 0 15738 1210000 18150 1133264 1138750 1289354
 4422.668727 21593 1500 1500 1500 1500 79 46 0 79 52 0 79 42 0 79 44 0 15494 1210000 18150 1134086 1138750 1290492
 4422.868727 21594 1500 1500 1500 1500 79 46 0 79 52 0 79 42 0 79 44 0 15494 1210000 18150 1134086 1138750 1290492
 4423.068727 21595 1500 1500 1500 1500 79 46 0 79 52 0 79 42 0 79 44 0 15738 1210000 18150 1131894 1137500 1285947
 4423.268727 21596 1500 1500 1500 1500 79 46 0 79 52 0 79 42 0 79 44 0 15738 1210000 18150 1131894 1138750 1287078
 4423.468727 21597 1500 1500 1500 1500 79 46 0 79 52 0 79 42 0 79 44 0 15494 1210000 18150 1131072 1138750 1287078
 4423.668727 21598 1500 1500 1500 1500 79 46 0 79 52 0 79 42 0 79 44 0 15494 1210000 18150 1131072 1138750 1287078
 4423.868727 21599 1500 1500 1500 1500 79 46 0 79 52 0 79 42 0 79 44 0 15738 1210000 18150 1134360 1138750 1290492
 4424.068727 21600 1500 1500 1500 1500 79 46 0 79 52 0 79 42 0 79 44 0 15494 1210000 18150 1133538 1138750 1289354
 4424.268727 21601 1500 1500 1500 1500 79 46 0 79 52 0 79 42 0 79 44 0 15494 1210000 18150 1135182 1138750 1291630
 4424.468730 21602 1500 1500 1500 1500 79 46 0 79 52 0 79 42 0 79 44 0 15494 1210000 18150 1135182 1138750 1291630
 4424.668727 21603 1500 1500 1500 1500 79 46 0 79 52 0 79 42 0 79 44 0 15250 1210000 18150 1134360 1138750 1290492
 4424.868727 21604 1500 1500 1500 1500 79 46 0 79 52 0 79 42 0 79 44 0 15738 1210000 18150 1133812 1138750 1289354
 4425.068727 21605 1500 1500 1500 1500 79 46 0 79 52 0 79 42 0 79 44 0 15738 1210000 18150 1133538 1138750 1289354
 4425.268729 21606 1500 1500 1500 1500 79 46 0 79 52 0 79 42 0 79 44 0 15494 1210000 18150 1134360 1138750 1290492
 4425.468727 21607 1500 1500 1500 1500 79 46 0 79 52 0 79 42 0 79 44 0 15494 1210000 18150 1134360 1138750 1290492
 4425.668727 21608 1500 1500 1500 1500 79 46 0 79 52 0 79 42 0 79 44 0 15494 1208750 18120 1136004 1137500 1291632
 4425.868727 21609 1500 1500 1500 1500 79 46 0 79 52 0 79 42 0 79 44 0 15494 1210000 18150 1134634 1138750 1290492
 4426.068727 21610 1500 1500 1500 1500 79 46 0 79 52 0 79 42 0 79 44 0 15494 1210000 18150 1136004 1138750 1292768
 4426.268727 21611 1500 1500 1500 1500 79 46 0 79 52 0 79 42 0 79 44 0 15494 1210000 18150 1136004 1138750 1292768
 4426.468728 21612 1500 1500 1500 1500 79 46 0 79 52 0 79 42 0 79 44 0 15738 1210000 18150 1136004 1138750 1292768
 4426.668727 21613 1500 1500 1500 1500 79 46 0 79 52 0 79 42 0 79 44 0 15738 1210000 18150 1134086 1138750 1290492
 4426.868728 21614 1500 1500 1500 1500 79 46 0 79 52 0 79 42 0 79 44 0 15738 1210000 18150 1133812 1138750 1289354
 4427.068730 21615 1500 1500 1500 1500 79 46 0 79 52 0 79 42 0 79 44 0 15738 1210000 18150 1133812 1138750 1289354
 4427.268727 21616 1500 1500 1500 1500 79 46 0 79 52 0 79 42 0 79 44 0 15738 1210000 18150 1133812 1138750 1289354
 4427.468727 21617 1500 1500 1500 1500 79 46 0 79 52 0 79 42 0 79 44 0 15738 1210000 18150 1134086 1138750 1290492
 4427.668727 21618 1500 1500 1500 1500 79 46 0 79 52 0 79 42 0 79 44 0 15494 1210000 18150 1136552 1138750 1292768
 4427.868727 21619 1500 1500 1500 1500 79 46 0 79 52 0 79 42 0 79 44 0 15494 1210000 18150 1136552 1138750 1292768
 4428.068727 21620 1500 1500 1500 1500 79 46 0 79 52 0 79 42 0 79 44 0 15494 1210000 18150 1134634 1138750 1290492
 4428.268727 21621 1500 1500 1500 1500 79 46 0 79 52 0 79 42 0 79 44 0 15494 1210000 18150 1133812 1138750 1289354
 4428.468727 21622 1500 1500 1500 1500 79 46 0 79 52 0 79 42 0 79 44 0 15494 1210000 18150 1132990 1138750 1288216
 4428.668727 21623 1500 1500 1500 1500 79 46 0 79 52 0 79 42 0 79 44 0 15494 1210000 18150 1132990 1138750 1288216
 4428.868727 21624 1500 1500 1500 1500 79 46 0 79 52 0 79 42 0 79 44 0 15494 1210000 18150 1131894 1138750 1287078
 4429.068727 21625 1500 1500 1500 1500 79 46 0 79 52 0 79 42 0 79 44 0 15738 1208750 18120 1133264 1138750 1289354
 4429.268727 21626 1500 1500 1500 1500 79 46 0 79 52 0 79 42 0 79 44 0 15738 1210000 18150 1133812 1138750 1289354
 4429.468727 21627 1500 1500 1500 1500 79 46 0 79 52 0 79 42 0 79 44 0 15738 1210000 18150 1133812 1138750 1289354
 4429.668730 21628 1500 1500 1500 1500 79 46 0 79 52 0 79 42 0 79 44 0 15494 1210000 18150 1133264 1138750 1289354
 4429.868727 21629 1500 1500 1500 1500 79 46 0 79 52 0 79 42 0 79 44 0 15738 1210000 18150 1134360 1138750 1290492
 4430.068727 21630 1500 1500 1500 1500 79 46 0 79 52 0 79 42 0 79 44 0 15738 1210000 18150 1132442 1138750 1288216
 4430.268727 21631 1500 1500 1500 1500 79 46 0 79 52 0 79 42 0 79 44 0 15738 1210000 18150 1132442 1138750 1288216
 4430.468727 21632 1500 1500 1500 1500 79 46 0 79 52 0 79 42 0 79 44 0 15738 1210000 18150 1134086 1138750 1290492
 4430.668727 21633 1500 1500 1500 1500 79 46 0 79 52 0 79 42 0 79 44 0 15738 1208750 18120 1136552 1138750 1292768
 4430.868727 21634 1500 1500 1500 1500 79 46 0 79 52 0 79 42 0 79 44 0 15738 1208750 18120 1135182 1138750 1291630
 4431.068727 21635 1500 1500 1500 1500 79 46 0 79 52 0 79 42 0 79 44 0 15738 1208750 18120 1135182 1138750 1291630
 4431.268727 21636 1500 1500 1500 1500 79 46 0 79 52 0 79 42 0 79 44 0 15494 1210000 18150 1136278 1138750 1292768
 4431.468727 21637 1500 1500 1500 1500 79 46 0 79 52 0 79 42 0 79 44 0 15494 1208750 18120 1135456 1138750 1291630
 4431.668727 21638 1500 1500 1500 1500 79 46 0 79 52 0 79 42 0 79 44 0 15494 1210000 18150 1136004 1138750 1292768
 4431.868727 21639 1500 1500 1500 1500 79 46 0 79 52 0 79 42 0 79 44 0 15494 1208750 18120 1137100 1137500 1292769
 4432.068727 21640 1500 1500 1500 1500 79 46 0 79 52 0 79 42 0 79 44 0 15494 1208750 18120 1137100 1137500 1292769
 4432.268730 21641 1500 1500 1500 1500 79 46 0 79 52 0 79 42 0 79 44 0 15738 1210000 18150 1134908 1138750 1290492
 4432.468727 21642 1500 1500 1500 1500 79 46 0 79 52 0 79 42 0 79 44 0 15250 1208750 18120 1136004 1138750 1292768
 4432.668727 21643 1500 1500 1500 1500 79 46 0 79 52 0 79 42 0 79 44 0 15494 1208750 18120 1135456 1138750 1291630
 4432.868727 21644 1500 1500 1500 1500 79 46 0 79 52 0 79 42 0 79 44 0 15494 1208750 18120 1135456 1138750 1291630
 4433.068727 21645 1500 1500 1500 1500 79 46 0 79 52 0 79 42 0 79 44 0 15738 1208750 18120 1133264 1138750 1289354
 4433.268727 21646 1500 1500 1500 1500 79 46 0 79 52 0 79 42 0 79 44 0 15738 1210000 18150 1133264 1138750 1289354
 4433.468727 21647 1500 1500 1500 1500 79 46 0 79 52 0 79 42 0 79 44 0 15738 1208750 18120 1131620 1138750 1287078
 4433.668727 21648 1500 1500 1500 1500 79 46 0 79 52 0 79 42 0 79 44 0 15738 1208750 18120 1131620 1138750 1287078
 4433.868727 21649 1500 1500 1500 1500 79 46 0 79 52 0 79 42 0 79 44 0 15738 1208750 18120 1134086 1138750 1290492
 4434.068727 21650 1500 1500 1500 1500 79 46 0 79 52 0 79 42 0 79 44 0 15738 1208750 18120 1131894 1138750 1287078
 4434.268727 21651 1500 1500 1500 1500 79 46 0 79 52 0 79 42 0 79 44 0 15738 1210000 18150 1132716 1138750 1288216
 4434.468727 21652 1500 1500 1500 1500 79 46 0 79 52 0 79 42 0 79 44 0 15738 1210000 18150 1132716 1138750 1288216
 4434.668727 21653 1500 1500 1500 1500 79 46 0 79 52 0 79 42 0 79 44 0 15494 1208750 18120 1132168 1138750 1288216
 4434.868730 21654 1500 1500 1500 1500 79 46 0 79 52 0 79 42 0 79 44 0 15494 1210000 18150 1135182 1138750 1291630
 4435.068727 21655 1500 1500 1500 1500 79 46 0 79 52 0 79 42 0 79 44 0 15494 1208750 18120 1122304 1138750 1276836
 4435.268727 21656 1500 1500 1500 1500 79 46 0 79 52 0 79 42 0 79 44 0 15494 1208750 18120 1122304 1138750 1276836
 4435.468727 21657 1500 1500 1500 1500 79 46 0 79 52 0 79 42 0 79 44 0 15494 1208750 18120 1133264 1138750 1289354
 4435.668727 21658 1500 1500 1500 1500 79 46 0 79 52 0 79 42 0 79 44 0 15982 1208750 18120 1135456 1138750 1291630
 4435.868727 21659 1500 1500 1500 1500 79 46 0 79 52 0 79 42 0 79 44 0 15494 1210000 18150 1136004 1138750 1292768
 4436.068727 21660 1500 1500 1500 1500 79 46 0 79 52 0 79 42 0 79 44 0 15494 1210000 18150 1136004 1138750 1292768
 4436.268727 21661 1500 1500 1500 1500 79 46 0 79 52 0 79 42 0 79 44 0 15494 1210000 18150 1133538 1138750 1289354
 4436.468727 21662 1500 1500 1500 1500 79 46 0 79 52 0 79 42 0 79 44 0 15250 1208750 18120 1138744 1138750 1295044
 4436.668726 21663 1500 1500 1500 1500 79 46 0 79 52 0 79 42 0 79 44 0 15738 1210000 18150 1135730 1137500 1290495
 4436.868727 21664 1500 1500 1500 1500 79 46 0 79 52 0 79 42 0 79 44 0 15738 1210000 18150 1135730 1137500 1290495
 4437.068727 21665 1500 1500 1500 1500 79 46 0 79 52 0 79 42 0 79 44 0 15738 1208750 18120 1135182 1138750 1291630
 4437.268727 21666 1500 1500 1500 1500 79 46 0 79 52 0 79 42 0 79 44 0 15494 1208750 18120 1135182 1137500 1290495
 4437.468730 21667 1500 1500 1500 1500 79 46 0 79 52 0 79 42 0 79 44 0 15738 1210000 18150 1136004 1138750 1292768
 4437.668729 21668 1500 1500 1500 1500 79 46 0 79 52 0 79 42 0 79 44 0 15738 1208750 18120 1134086 1138750 1290492
 4437.868727 21669 1500 1500 1500 1500 79 46 0 79 52 0 79 42 0 79 44 0 15738 1208750 18120 1134086 1138750 1290492
 4438.068727 21670 1500 1500 1500 1500 79 46 0 79 52 0 79 42 0 79 44 0 15738 1208750 18120 1135730 1138750 1291630
 4438.268727 21671 1500 1500 1500 1500 79 46 0 79 52 0 79 42 0 79 44 0 15494 1208750 18120 1132990 1138750 1288216
 4438.468727 21672 1500 1500 1500 1500 79 46 0 79 52 0 79 42 0 79 44 0 15738 1210000 18150 1133538 1138750 1289354
 4438.668727 21673 1500 1500 1500 1500 79 46 0 79 52 0 79 42 0 79 44 0 15738 1210000 18150 1133538 1138750 1289354
 4438.868790 21674 1500 1500 1500 1500 79 46 0 79 52 0 79 42 0 79 44 0 15738 1208750 18120 1134086 1138750 1290492
 4439.068808 21675 1500 1500 1500 1500 79 46 0 79 52 0 79 42 0 79 44 0 15494 1210000 18150 1133264 1138750 1289354
 4439.268790 21676 1500 1500 1500 1500 79 46 0 79 52 0 79 42 0 79 44 0 15738 1210000 18150 1134908 1138750 1290492
 4439.468814 21677 1500 1500 1500 1500 79 46 0 79 52 0 79 42 0 79 44 0 15738 1210000 18150 1134908 1138750 1290492
 4439.668815 21678 1500 1500 1500 1500 79 46 0 79 52 0 79 42 0 79 44 0 15494 1208750 18120 1138744 1138750 1295044
 4439.868813 21679 1500 1500 1500 1500 79 46 0 79 52 0 79 42 0 79 44 0 15494 1210000 18150 1135730 1138750 1291630
 4440.068823 21680 1500 1500 1500 1500 79 46 0 79 52 0 79 42 0 79 44 0 15738 1208750 18120 1136826 1138750 1292768
 4440.268814 21681 1500 1500 1500 1500 79 46 0 79 52 0 79 42 0 79 44 0 15738 1208750 18120 1136826 1138750 1292768
 4440.468813 21682 1500 1500 1500 1500 79 46 0 79 52 0 79 42 0 79 44 0 15494 1210000 18150 1134908 1138750 1290492
 4440.668860 21683 1500 1500 1500 1500 79 46 0 79 52 0 79 42 0 79 44 0 15494 1208750 18120 1134360 1138750 1290492
 4440.868809 21684 1500 1500 1500 1500 79 46 0 79 52 0 79 42 0 79 44 0 15250 1210000 18150 640612 1135000 726400
 4441.068816 21685 1500 1500 1500 1500 77 46 0 77 52 0 77 42 0 77 44 0 15250 1210000 18150 640612 1135000 726400
 4441.268806 21686 1500 1500 1500 1500 77 46 0 77 52 0 77 42 0 77 44 0 15250 1210000 18150 84118 1132500 95088
 4441.468808 21687 1500 1500 1500 1500 77 46 0 77 52 0 77 42 0 77 44 0 15006 1210000 18150 87406 1132500 98484
 4441.668807 21688 1500 1500 1500 1500 77 46 0 77 52 0 77 42 0 77 44 0 15250 1210000 18150 88776 1132500 99616
 4441.868806 21689 1500 1500 1500 1500 77 46 0 77 52 0 77 42 0 77 44 0 15250 1210000 18150 88776 1132500 99616
 4442.068891 21690 1500 1500 1500 1500 75 46 0 75 52 0 75 42 0 75 44 0 15250 1210000 18150 84118 1132500 95088
