 4792.083786 23440 1400 1400 1400 1400 78 46 0 78 52 0 78 42 0 78 44 0 15738 1210000 18150 78090 1095000 85410
 4792.283807 23441 1400 1400 1400 1400 78 46 0 78 52 0 78 42 0 78 44 0 15738 1210000 18150 78090 1095000 85410
 4792.483807 23442 1400 1400 1400 1400 78 46 0 78 52 0 78 42 0 78 44 0 15494 1210000 18150 76446 1095000 83220
 4792.683804 23443 1400 1400 1400 1400 78 46 0 78 52 0 78 42 0 78 44 0 15250 1210000 18150 78364 1095000 85410
 4792.883807 23444 1400 1400 1400 1400 78 46 0 78 52 0 78 42 0 78 44 0 15494 1210000 18150 75350 1095000 82125
 4793.083791 23445 1400 1400 1400 1400 76 46 0 76 52 0 76 42 0 76 44 0 15494 1210000 18150 75350 1095000 82125
 4793.283807 23446 1400 1400 1400 1400 76 46 0 76 52 0 76 42 0 76 44 0 15250 1210000 18150 76172 1095000 83220
 4793.483807 23447 1400 1400 1400 1400 76 46 0 76 52 0 76 42 0 76 44 0 15250 1210000 18150 84666 1095000 91980
 4793.683807 23448 1400 1400 1400 1400 76 46 0 76 52 0 76 42 0 76 44 0 15250 1210000 18150 68500 1095000 74460
 4793.883807 23449 1400 1400 1400 1400 76 46 0 76 52 0 76 42 0 76 44 0 15250 1210000 18150 69322 1095000 75555
 4794.083807 23450 1400 1400 1400 1400 75 46 0 75 52 0 75 42 0 75 44 0 15250 1210000 18150 69322 1095000 75555
 4794.283807 23451 1400 1400 1400 1400 75 46 0 75 52 0 75 42 0 75 44 0 15006 1210000 18150 68774 1095000 74460
 4794.483807 23452 1400 1400 1400 1400 75 46 0 75 52 0 75 42 0 75 44 0 14762 1210000 16940 72062 1095000 78840
 4794.683804 23453 1400 1400 1400 1400 75 46 0 75 52 0 75 42 0 75 44 0 15006 1210000 18150 75076 1095000 82125
 4794.883807 23454 1400 1400 1400 1400 75 46 0 75 52 0 75 42 0 75 44 0 15006 1210000 18150 75076 1095000 82125
 4795.083804 23455 1400 1400 1400 1400 74 46 0 74 52 0 74 42 0 74 44 0 15006 1210000 18150 326882 1096250 357296
 4795.283807 23456 1400 1400 1400 1400 74 46 0 74 52 0 74 42 0 74 44 0 15006 1210000 18150 69596 1095000 75555
 4795.483790 23457 1400 1400 1400 1400 74 46 0 74 52 0 74 42 0 74 44 0 15006 1210000 18150 66856 1095000 72270
 4795.683820 23458 1400 1400 1400 1400 74 46 0 74 52 0 74 42 0 74 44 0 15006 1210000 18150 66856 1095000 72270
 4795.883823 23459 1400 1400 1400 1400 74 46 0 74 52 0 74 42 0 74 44 0 15006 1208750 18120 697878 1098750 765306
 4796.083932 23460 1400 1400 1400 1400 76 46 0 76 52 0 76 42 0 76 44 0 15006 1208750 18120 1067778 1100000 1173700
 4796.283812 23461 1400 1400 1400 1400 76 46 0 76 52 0 76 42 0 76 44 0 15006 1210000 18150 935710 1100000 1028500
 4796.483814 23462 1400 1400 1400 1400 76 46 0 76 52 0 76 42 0 76 44 0 15006 1210000 18150 935710 1100000 1028500
 4796.683814 23463 1400 1400 1400 1400 76 46 0 76 52 0 76 42 0 76 44 0 14762 1208750 16912 1023390 1100000 1125300
 4796.883814 23464 1400 1400 1400 1400 76 46 0 76 52 0 76 42 0 76 44 0 15250 1210000 18150 1015992 1100000 1116500
 4797.083814 23465 1400 1400 1400 1400 77 46 0 77 52 0 77 42 0 77 44 0 14762 1208750 16912 1014348 1100000 1115400
 4797.283814 23466 1400 1400 1400 1400 77 46 0 77 52 0 77 42 0 77 44 0 14762 1208750 16912 1014348 1100000 1115400
 4797.483812 23467 1400 1400 1400 1400 77 46 0 77 52 0 77 42 0 77 44 0 15006 1210000 18150 1014074 1100000 1115400
 4797.683814 23468 1400 1400 1400 1400 77 46 0 77 52 0 77 42 0 77 44 0 14762 1210000 16940 1015170 1100000 1116500
 4797.883815 23469 1400 1400 1400 1400 77 46 0 77 52 0 77 42 0 77 44 0 14762 1208750 16912 1016540 1100000 1117600
 4798.083814 23470 1400 1400 1400 1400 77 46 0 77 52 0 77 42 0 77 44 0 14762 1208750 16912 1016540 1100000 1117600
 4798.283814 23471 1400 1400 1400 1400 77 46 0 77 52 0 77 42 0 77 44 0 15006 1208750 18120 1018458 1100000 1119800
 4798.483814 23472 1400 1400 1400 1400 77 46 0 77 52 0 77 42 0 77 44 0 15006 1208750 18120 1017910 1100000 1118700
 4798.683814 23473 1400 1400 1400 1400 77 46 0 77 52 0 77 42 0 77 44 0 15006 1208750 18120 1017910 1100000 1118700
 4798.883814 23474 1400 1400 1400 1400 77 46 0 77 52 0 77 42 0 77 44 0 15006 1208750 18120 1017910 1100000 1118700
 4799.083867 23475 1400 1400 1400 1400 77 46 0 77 52 0 77 42 0 77 44 0 15250 1208750 18120 1020376 1100000 1122000
 4799.283814 23476 1400 1400 1400 1400 77 46 0 77 52 0 77 42 0 77 44 0 14762 1208750 16912 1016814 1100000 1117600
 4799.483814 23477 1400 1400 1400 1400 77 46 0 77 52 0 77 42 0 77 44 0 15006 1208750 18120 1024486 1100000 1126400
 4799.683824 23478 1400 1400 1400 1400 77 46 0 77 52 0 77 42 0 77 44 0 15006 1208750 18120 1018458 1100000 1119800
 4799.883810 23479 1400 1400 1400 1400 77 46 0 77 52 0 77 42 0 77 44 0 15006 1208750 18120 1018458 1100000 1119800
 4800.083794 23480 1400 1400 1400 1400 78 46 0 78 52 0 78 42 0 78 44 0 14762 1208750 16912 1019280 1100000 1120900
 4800.283814 23481 1400 1400 1400 1400 78 46 0 78 52 0 78 42 0 78 44 0 15006 1210000 18150 1018458 1100000 1119800
 4800.483814 23482 1400 1400 1400 1400 78 46 0 78 52 0 78 42 0 78 44 0 15006 1208750 18120 1019280 1100000 1120900
 4800.683814 23483 1400 1400 1400 1400 78 46 0 78 52 0 78 42 0 78 44 0 15006 1208750 18120 1019280 1100000 1120900
 4800.883811 23484 1400 1400 1400 1400 78 46 0 78 52 0 78 42 0 78 44 0 14762 1208750 16912 1019554 1100000 1120900
 4801.083814 23485 1400 1400 1400 1400 78 46 0 78 52 0 78 42 0 78 44 0 15006 1210000 18150 1017636 1100000 1118700
 4801.283814 23486 1400 1400 1400 1400 78 46 0 78 52 0 78 42 0 78 44 0 15006 1210000 18150 1018732 1100000 1119800
 4801.483814 23487 1400 1400 1400 1400 78 46 0 78 52 0 78 42 0 78 44 0 15006 1210000 18150 1018732 1100000 1119800
 4801.683815 23488 1400 1400 1400 1400 78 46 0 78 52 0 78 42 0 78 44 0 14762 1208750 16912 1017910 1100000 1118700
 4801.883814 23489 1400 1400 1400 1400 78 46 0 78 52 0 78 42 0 78 44 0 15006 1210000 18150 1018458 1100000 1119800
 4802.083898 23490 1400 1400 1400 1400 78 46 0 78 52 0 78 42 0 78 44 0 15250 1208750 18120 1021472 1100000 1123100
 4802.283814 23491 1400 1400 1400 1400 78 46 0 78 52 0 78 42 0 78 44 0 15250 1208750 18120 1021472 1100000 1123100
 4802.483814 23492 1400 1400 1400 1400 78 46 0 78 52 0 78 42 0 78 44 0 15006 1208750 18120 1022568 1100000 1124200
 4802.683814 23493 1400 1400 1400 1400 78 46 0 78 52 0 78 42 0 78 44 0 15006 1210000 18150 1022568 1100000 1124200
 4802.883814 23494 1400 1400 1400 1400 78 46 0 78 52 0 78 42 0 78 44 0 15006 1208750 18120 1018184 1100000 1119800
 4803.083814 23495 1400 1400 1400 1400 78 46 0 78 52 0 78 42 0 78 44 0 15006 1208750 18120 1018184 1100000 1119800
 4803.283811 23496 1400 1400 1400 1400 78 46 0 78 52 0 78 42 0 78 44 0 14762 1210000 16940 1019006 1100000 1120900
 4803.483814 23497 1400 1400 1400 1400 78 46 0 78 52 0 78 42 0 78 44 0 15006 1210000 18150 1017636 1100000 1118700
 4803.683815 23498 1400 1400 1400 1400 78 46 0 78 52 0 78 42 0 78 44 0 15250 1208750 18120 1019280 1100000 1120900
 4803.883814 23499 1400 1400 1400 1400 78 46 0 78 52 0 78 42 0 78 44 0 15250 1208750 18120 1019280 1100000 1120900
 4804.083793 23500 1400 1400 1400 1400 78 46 0 78 52 0 78 42 0 78 44 0 15006 1208750 18120 1021746 1100000 1123100
 4804.283814 23501 1400 1400 1400 1400 78 46 0 78 52 0 78 42 0 78 44 0 14762 1208750 16912 1020376 1100000 1122000
 4804.483814 23502 1400 1400 1400 1400 78 46 0 78 52 0 78 42 0 78 44 0 15006 1210000 18150 1020924 1100000 1122000
 4804.683814 23503 1400 1400 1400 1400 78 46 0 78 52 0 78 42 0 78 44 0 15006 1210000 18150 1020924 1100000 1122000
 4804.883814 23504 1400 1400 1400 1400 78 46 0 78 52 0 78 42 0 78 44 0 15494 1210000 18150 1020376 1100000 1122000
 4805.083867 23505 1400 1400 1400 1400 78 46 0 78 52 0 78 42 0 78 44 0 15006 1208750 18120 1017910 1100000 1118700
 4805.283814 23506 1400 1400 1400 1400 78 46 0 78 52 0 78 42 0 78 44 0 15006 1208750 18120 1021198 1100000 1123100
 4805.483797 23507 1400 1400 1400 1400 78 46 0 78 52 0 78 42 0 78 44 0 15006 1208750 18120 1021198 1100000 1123100
 4805.683811 23508 1400 1400 1400 1400 78 46 0 78 52 0 78 42 0 78 44 0 15006 1210000 18150 1018184 1100000 1119800
 4805.883815 23509 1400 1400 1400 1400 78 46 0 78 52 0 78 42 0 78 44 0 15006 1210000 18150 1020376 1100000 1122000
 4806.083814 23510 1400 1400 1400 1400 78 46 0 78 52 0 78 42 0 78 44 0 15006 1208750 18120 1022294 1100000 1124200
 4806.283793 23511 1400 1400 1400 1400 78 46 0 78 52 0 78 42 0 78 44 0 15250 1210000 18150 1019006 1100000 1120900
 4806.483838 23512 1400 1400 1400 1400 78 46 0 78 52 0 78 42 0 78 44 0 15250 1210000 18150 1019006 1100000 1120900
 4806.683814 23513 1400 1400 1400 1400 78 46 0 78 52 0 78 42 0 78 44 0 15006 1208750 18120 1017088 1100000 1118700
 4806.883815 23514 1400 1400 1400 1400 78 46 0 78 52 0 78 42 0 78 44 0 15006 1210000 18150 1017088 1100000 1118700
 4807.083814 23515 1400 1400 1400 1400 78 46 0 78 52 0 78 42 0 78 44 0 15006 1210000 18150 1015718 1100000 1116500
 4807.283814 23516 1400 1400 1400 1400 78 46 0 78 52 0 78 42 0 78 44 0 15006 1210000 18150 1015718 1100000 1116500
 4807.483814 23517 1400 1400 1400 1400 78 46 0 78 52 0 78 42 0 78 44 0 15250 1208750 18120 1015718 1100000 1116500
 4807.683814 23518 1400 1400 1400 1400 78 46 0 78 52 0 78 42 0 78 44 0 15006 1208750 18120 1020650 1100000 1122000
 4807.883810 23519 1400 1400 1400 1400 78 46 0 78 52 0 78 42 0 78 44 0 15250 1208750 18120 1020924 1100000 1122000
 4808.083845 23520 1400 1400 1400 1400 78 46 0 78 52 0 78 42 0 78 44 0 15250 1208750 18120 1020924 1100000 1122000
 4808.283814 23521 1400 1400 1400 1400 78 46 0 78 52 0 78 42 0 78 44 0 15250 1208750 18120 1020924 1100000 1122000
 4808.483814 23522 1400 1400 1400 1400 78 46 0 78 52 0 78 42 0 78 44 0 15250 1210000 18150 1024760 1100000 1126400
 4808.683814 23523 1400 1400 1400 1400 78 46 0 78 52 0 78 42 0 78 44 0 15006 1208750 18120 1018732 1100000 1119800
 4808.883814 23524 1400 1400 1400 1400 78 46 0 78 52 0 78 42 0 78 44 0 15006 1208750 18120 1018732 1100000 1119800
 4809.083814 23525 1400 1400 1400 1400 78 46 0 78 52 0 78 42 0 78 44 0 15006 1208750 18120 1019280 1100000 1120900
 4809.283814 23526 1400 1400 1400 1400 78 46 0 78 52 0 78 42 0 78 44 0 15250 1208750 18120 1018732 1100000 1119800
 4809.483814 23527 1400 1400 1400 1400 78 46 0 78 52 0 78 42 0 78 44 0 15006 1210000 18150 1019554 1100000 1120900
 4809.683815 23528 1400 1400 1400 1400 78 46 0 78 52 0 78 42 0 78 44 0 15006 1210000 18150 1019554 1100000 1120900
 4809.883814 23529 1400 1400 1400 1400 78 46 0 78 52 0 78 42 0 78 44 0 15006 1208750 18120 1019280 1100000 1120900
 4810.083815 23530 1400 1400 1400 1400 78 46 0 78 52 0 78 42 0 78 44 0 15250 1208750 18120 1020650 1100000 1122000
 4810.283814 23531 1400 1400 1400 1400 78 46 0 78 52 0 78 42 0 78 44 0 15250 1208750 18120 1017910 1100000 1118700
 4810.483814 23532 1400 1400 1400 1400 78 46 0 78 52 0 78 42 0 78 44 0 15250 1208750 18120 1017910 1100000 1118700
 4810.683814 23533 1400 1400 1400 1400 78 46 0 78 52 0 78 42 0 78 44 0 15006 1208750 18120 1017088 1100000 1118700
 4810.883814 23534 1400 1400 1400 1400 78 46 0 78 52 0 78 42 0 78 44 0 15006 1210000 18150 1016266 1100000 1117600
 4811.083868 23535 1400 1400 1400 1400 78 46 0 78 52 0 78 42 0 78 44 0 15006 1210000 18150 1016814 1100000 1117600
 4811.283815 23536 1400 1400 1400 1400 78 46 0 78 52 0 78 42 0 78 44 0 15006 1210000 18150 1016814 1100000 1117600
 4811.483810 23537 1400 1400 1400 1400 78 46 0 78 52 0 78 42 0 78 44 0 15250 1208750 18120 1022842 1100000 1124200
 4811.683814 23538 1400 1400 1400 1400 78 46 0 78 52 0 78 42 0 78 44 0 15250 1210000 18150 1021746 1100000 1123100
 4811.883814 23539 1400 1400 1400 1400 78 46 0 78 52 0 78 42 0 78 44 0 15006 1208750 18120 1020650 1100000 1122000
 4812.083794 23540 1400 1400 1400 1400 78 46 0 78 52 0 78 42 0 78 44 0 15006 1208750 18120 1020650 1100000 1122000
 4812.283814 23541 1400 1400 1400 1400 78 46 0 78 52 0 78 42 0 78 44 0 15250 1210000 18150 1019280 1100000 1120900
 4812.483814 23542 1400 1400 1400 1400 78 46 0 78 52 0 78 42 0 78 44 0 15006 1208750 18120 1017910 1100000 1118700
 4812.683814 23543 1400 1400 1400 1400 78 46 0 78 52 0 78 42 0 78 44 0 15006 1210000 18150 1018732 1100000 1119800
 4812.883814 23544 1400 1400 1400 1400 78 46 0 78 52 0 78 42 0 78 44 0 15006 1208750 18120 1019554 1100000 1120900
 4813.083814 23545 1400 1400 1400 1400 78 46 0 78 52 0 78 42 0 78 44 0 15006 1208750 18120 1019554 1100000 1120900
 4813.283826 23546 1400 1400 1400 1400 78 46 0 78 52 0 78 42 0 78 44 0 15006 1208750 18120 1022294 1100000 1124200
 4813.483814 23547 1400 1400 1400 1400 78 46 0 78 52 0 78 42 0 78 44 0 15250 1210000 18150 1023664 1100000 1125300
 4813.683811 23548 1400 1400 1400 1400 78 46 0 78 52 0 78 42 0 78 44 0 15006 1208750 18120 1023390 1100000 1125300
 4813.883814 23549 1400 1400 1400 1400 78 46 0 78 52 0 78 42 0 78 44 0 15006 1208750 18120 1023390 1100000 1125300
 4814.083870 23550 1400 1400 1400 1400 78 46 0 78 52 0 78 42 0 78 44 0 15006 1210000 18150 1022294 1100000 1124200
 4814.283815 23551 1400 1400 1400 1400 78 46 0 78 52 0 78 42 0 78 44 0 15006 1208750 18120 1021472 1100000 1123100
 4814.483814 23552 1400 1400 1400 1400 78 46 0 78 52 0 78 42 0 78 44 0 15006 1208750 18120 1019828 1100000 1120900
 4814.683814 23553 1400 1400 1400 1400 78 46 0 78 52 0 78 42 0 78 44 0 15006 1208750 18120 1019828 1100000 1120900
 4814.883814 23554 1400 1400 1400 1400 78 46 0 78 52 0 78 42 0 78 44 0 15250 1208750 18120 1022294 1100000 1124200
 4815.083814 23555 1400 1400 1400 1400 78 46 0 78 52 0 78 42 0 78 44 0 15006 1208750 18120 1061476 1100000 1167100
 4815.283814 23556 1400 1400 1400 1400 78 46 0 78 52 0 78 42 0 78 44 0 14762 1208750 16912 1019554 1100000 1120900
 4815.483814 23557 1400 1400 1400 1400 78 46 0 78 52 0 78 42 0 78 44 0 14762 1208750 16912 1019554 1100000 1120900
 4815.683815 23558 1400 1400 1400 1400 78 46 0 78 52 0 78 42 0 78 44 0 15250 1208750 18120 1019280 1100000 1120900
 4815.883814 23559 1400 1400 1400 1400 78 46 0 78 52 0 78 42 0 78 44 0 15006 1208750 18120 1019280 1100000 1120900
 4816.083791 23560 1400 1400 1400 1400 78 46 0 78 52 0 78 42 0 78 44 0 15250 1208750 18120 1018732 1100000 1119800
 4816.283814 23561 1400 1400 1400 1400 78 46 0 78 52 0 78 42 0 78 44 0 15250 1208750 18120 1018732 1100000 1119800
 4816.483815 23562 1400 1400 1400 1400 78 46 0 78 52 0 78 42 0 78 44 0 15250 1208750 18120 1016266 1100000 1117600
 4816.683814 23563 1400 1400 1400 1400 78 46 0 78 52 0 78 42 0 78 44 0 15006 1208750 18120 1016266 1100000 1117600
 4816.883815 23564 1400 1400 1400 1400 78 46 0 78 52 0 78 42 0 78 44 0 15006 1210000 18150 1015170 1100000 1116500
 4817.083867 23565 1400 1400 1400 1400 78 46 0 78 52 0 78 42 0 78 44 0 15006 1210000 18150 1015170 1100000 1116500
 4817.283814 23566 1400 1400 1400 1400 78 46 0 78 52 0 78 42 0 78 44 0 15006 1210000 18150 1019280 1100000 1120900
 4817.483814 23567 1400 1400 1400 1400 78 46 0 78 52 0 78 42 0 78 44 0 15250 1210000 18150 1021198 1100000 1123100
 4817.683814 23568 1400 1400 1400 1400 78 46 0 78 52 0 78 42 0 78 44 0 15250 1208750 18120 1020376 1100000 1122000
 4817.883814 23569 1400 1400 1400 1400 78 46 0 78 52 0 78 42 0 78 44 0 15250 1208750 18120 1020376 1100000 1122000
 4818.083814 23570 1400 1400 1400 1400 78 46 0 78 52 0 78 42 0 78 44 0 15250 1208750 18120 1015718 1100000 1116500
 4818.283815 23571 1400 1400 1400 1400 78 46 0 78 52 0 78 42 0 78 44 0 15006 1210000 18150 1016814 1100000 1117600
 4818.483812 23572 1400 1400 1400 1400 78 46 0 78 52 0 78 42 0 78 44 0 15006 1208750 18120 1015992 1100000 1116500
 4818.683793 23573 1400 1400 1400 1400 78 46 0 78 52 0 78 42 0 78 44 0 15250 1208750 18120 1016814 1100000 1117600
 4818.883814 23574 1400 1400 1400 1400 78 46 0 78 52 0 78 42 0 78 44 0 15250 1208750 18120 1016814 1100000 1117600
 4819.083816 23575 1400 1400 1400 1400 78 46 0 78 52 0 78 42 0 78 44 0 15250 1208750 18120 1019828 1100000 1120900
 4819.283814 23576 1400 1400 1400 1400 78 46 0 78 52 0 78 42 0 78 44 0 15006 1208750 18120 1018732 1100000 1119800
 4819.483812 23577 1400 1400 1400 1400 78 46 0 78 52 0 78 42 0 78 44 0 15250 1208750 18120 1019006 1100000 1120900
 4819.683815 23578 1400 1400 1400 1400 78 46 0 78 52 0 78 42 0 78 44 0 15250 1208750 18120 1019006 1100000 1120900
 4819.883815 23579 1400 1400 1400 1400 78 46 0 78 52 0 78 42 0 78 44 0 15250 1208750 18120 1020102 1100000 1122000
 4820.083840 23580 1400 1400 1400 1400 78 46 0 78 52 0 78 42 0 78 44 0 15250 1210000 18150 1017362 1100000 1118700
 4820.283815 23581 1400 1400 1400 1400 78 46 0 78 52 0 78 42 0 78 44 0 15250 1208750 18120 1019554 1100000 1120900
 4820.483815 23582 1400 1400 1400 1400 78 46 0 78 52 0 78 42 0 78 44 0 15250 1208750 18120 1019554 1100000 1120900
 4820.683815 23583 1400 1400 1400 1400 78 46 0 78 52 0 78 42 0 78 44 0 15006 1208750 18120 1022568 1100000 1124200
 4820.883814 23584 1400 1400 1400 1400 78 46 0 78 52 0 78 42 0 78 44 0 14762 1208750 16912 1023390 1100000 1125300
 4821.083814 23585 1400 1400 1400 1400 78 46 0 78 52 0 78 42 0 78 44 0 15006 1208750 18120 1021472 1100000 1123100
 4821.283815 23586 1400 1400 1400 1400 78 46 0 78 52 0 78 42 0 78 44 0 15006 1208750 18120 1021472 1100000 1123100
 4821.483814 23587 1400 1400 1400 1400 78 46 0 78 52 0 78 42 0 78 44 0 15006 1208750 18120 1020650 1100000 1122000
 4821.683814 23588 1400 1400 1400 1400 78 46 0 78 52 0 78 42 0 78 44 0 15250 1208750 18120 1020102 1100000 1122000
 4821.883811 23589 1400 1400 1400 1400 78 46 0 78 52 0 78 42 0 78 44 0 15250 1208750 18120 1019280 1100000 1120900
 4822.083815 23590 1400 1400 1400 1400 78 46 0 78 52 0 78 42 0 78 44 0 15250 1208750 18120 1019280 1100000 1120900
 4822.283814 23591 1400 1400 1400 1400 78 46 0 78 52 0 78 42 0 78 44 0 15006 1210000 18150 1017362 1100000 1118700
 4822.483815 23592 1400 1400 1400 1400 78 46 0 78 52 0 78 42 0 78 44 0 14762 1208750 16912 1016814 1100000 1117600
 4822.683846 23593 1400 1400 1400 1400 78 46 0 78 52 0 78 42 0 78 44 0 15250 1208750 18120 1021198 1100000 1123100
 4822.883814 23594 1400 1400 1400 1400 78 46 0 78 52 0 78 42 0 78 44 0 15250 1208750 18120 1021198 1100000 1123100
 4823.083868 23595 1400 1400 1400 1400 78 46 0 78 52 0 78 42 0 78 44 0 15006 1208750 18120 1020376 1100000 1122000
 4823.283814 23596 1400 1400 1400 1400 78 46 0 78 52 0 78 42 0 78 44 0 15250 1208750 18120 1019280 1100000 1120900
 4823.483814 23597 1400 1400 1400 1400 78 46 0 78 52 0 78 42 0 78 44 0 15006 1208750 18120 1020376 1100000 1122000
 4823.683814 23598 1400 1400 1400 1400 78 46 0 78 52 0 78 42 0 78 44 0 15006 1208750 18120 1020376 1100000 1122000
 4823.883814 23599 1400 1400 1400 1400 78 46 0 78 52 0 78 42 0 78 44 0 15006 1208750 18120 1019280 1100000 1120900
 4824.083794 23600 1400 1400 1400 1400 78 46 0 78 52 0 78 42 0 78 44 0 15006 1208750 18120 1017636 1100000 1118700
 4824.283811 23601 1400 1400 1400 1400 78 46 0 78 52 0 78 42 0 78 44 0 15250 1208750 18120 1018184 1100000 1119800
 4824.483797 23602 1400 1400 1400 1400 78 46 0 78 52 0 78 42 0 78 44 0 15250 1208750 18120 1018184 1100000 1119800
 4824.683814 23603 1400 1400 1400 1400 78 46 0 78 52 0 78 42 0 78 44 0 15006 1208750 18120 1021746 1100000 1123100
 4824.883814 23604 1400 1400 1400 1400 78 46 0 78 52 0 78 42 0 78 44 0 15006 1208750 18120 1018732 1100000 1119800
 4825.083814 23605 1400 1400 1400 1400 77 46 0 77 52 0 77 42 0 77 44 0 15006 1208750 18120 1029966 1100000 1131900
 4825.283793 23606 1400 1400 1400 1400 77 46 0 77 52 0 77 42 0 77 44 0 14762 1208750 16912 1019554 1100000 1120900
 4825.483814 23607 1400 1400 1400 1400 77 46 0 77 52 0 77 42 0 77 44 0 14762 1208750 16912 1019554 1100000 1120900
 4825.683814 23608 1400 1400 1400 1400 77 46 0 77 52 0 77 42 0 77 44 0 15250 1208750 18120 1015170 1100000 1116500
 4825.883814 23609 1400 1400 1400 1400 77 46 0 77 52 0 77 42 0 77 44 0 15006 1208750 18120 1015444 1100000 1116500
 4826.083870 23610 1400 1400 1400 1400 77 46 0 77 52 0 77 42 0 77 44 0 15006 1208750 18120 1015718 1100000 1116500
 4826.283814 23611 1400 1400 1400 1400 77 46 0 77 52 0 77 42 0 77 44 0 15006 1208750 18120 1015718 1100000 1116500
 4826.483814 23612 1400 1400 1400 1400 77 46 0 77 52 0 77 42 0 77 44 0 15250 1208750 18120 1016814 1100000 1117600
 4826.683810 23613 1400 1400 1400 1400 78 46 0 78 52 0 78 42 0 78 44 0 15250 1208750 18120 1017910 1100000 1118700
 4826.883815 23614 1400 1400 1400 1400 78 46 0 78 52 0 78 42 0 78 44 0 15250 1208750 18120 1019280 1100000 1120900
 4827.083814 23615 1400 1400 1400 1400 77 46 0 77 52 0 77 42 0 77 44 0 15250 1208750 18120 1019280 1100000 1120900
 4827.283814 23616 1400 1400 1400 1400 77 46 0 77 52 0 77 42 0 77 44 0 15250 1208750 18120 1020102 1100000 1122000
 4827.483814 23617 1400 1400 1400 1400 77 46 0 77 52 0 77 42 0 77 44 0 15250 1208750 18120 1014896 1100000 1115400
 4827.683814 23618 1400 1400 1400 1400 77 46 0 77 52 0 77 42 0 77 44 0 15006 1208750 18120 1016540 1100000 1117600
 4827.883814 23619 1400 1400 1400 1400 77 46 0 77 52 0 77 42 0 77 44 0 15006 1208750 18120 1016540 1100000 1117600
 4828.083793 23620 1400 1400 1400 1400 77 46 0 77 52 0 77 42 0 77 44 0 15006 1208750 18120 1015718 1100000 1116500
 4828.283814 23621 1400 1400 1400 1400 77 46 0 77 52 0 77 42 0 77 44 0 15006 1208750 18120 1015170 1100000 1116500
 4828.483814 23622 1400 1400 1400 1400 77 46 0 77 52 0 77 42 0 77 44 0 15250 1208750 18120 1019828 1100000 1120900
 4828.683814 23623 1400 1400 1400 1400 77 46 0 77 52 0 77 42 0 77 44 0 15250 1208750 18120 1019828 1100000 1120900
 4828.883814 23624 1400 1400 1400 1400 77 46 0 77 52 0 77 42 0 77 44 0 15006 1208750 18120 1021198 1100000 1123100
 4829.083866 23625 1400 1400 1400 1400 77 46 0 77 52 0 77 42 0 77 44 0 15006 1208750 18120 1019280 1100000 1120900
 4829.283814 23626 1400 1400 1400 1400 77 46 0 77 52 0 77 42 0 77 44 0 15006 1208750 18120 1018732 1100000 1119800
 4829.483814 23627 1400 1400 1400 1400 77 46 0 77 52 0 77 42 0 77 44 0 15006 1208750 18120 1018732 1100000 1119800
 4829.683862 23628 1400 1400 1400 1400 77 46 0 77 52 0 77 42 0 77 44 0 15006 1208750 18120 1019280 1100000 1120900
 4829.883807 23629 1400 1400 1400 1400 77 46 0 77 52 0 77 42 0 77 44 0 14762 1210000 16940 1019280 1100000 1120900
 4830.083804 23630 1400 1400 1400 1400 76 46 0 76 52 0 76 42 0 76 44 0 15250 1210000 18150 169332 1095000 185055
 4830.283807 23631 1400 1400 1400 1400 76 46 0 76 52 0 76 42 0 76 44 0 15250 1210000 18150 169332 1095000 185055
 4830.483807 23632 1400 1400 1400 1400 76 46 0 76 52 0 76 42 0 76 44 0 15006 1210000 18150 72884 1095000 78840
 4830.683807 23633 1400 1400 1400 1400 76 46 0 76 52 0 76 42 0 76 44 0 15006 1210000 18150 72610 1095000 78840
 4830.883807 23634 1400 1400 1400 1400 76 46 0 76 52 0 76 42 0 76 44 0 15250 1210000 18150 73432 1095000 79935
 4831.083790 23635 1400 1400 1400 1400 74 46 0 74 52 0 74 42 0 74 44 0 15250 1210000 18150 73432 1095000 79935
 4831.283806 23636 1400 1400 1400 1400 74 46 0 74 52 0 74 42 0 74 44 0 15006 1210000 18150 67952 1095000 73365
 4831.483807 23637 1400 1400 1400 1400 74 46 0 74 52 0 74 42 0 74 44 0 15250 1210000 18150 68226 1095000 74460
 4831.683806 23638 1400 1400 1400 1400 74 46 0 74 52 0 74 42 0 74 44 0 15006 1210000 18150 69596 1095000 75555
 4831.883807 23639 1400 1400 1400 1400 74 46 0 74 52 0 74 42 0 74 44 0 15006 1210000 18150 66034 1095000 72270
