 8696.304941 41336 800 800 800 800 73 46 0 73 52 0 73 42 0 73 44 0 14518 1210000 16940 35894 907500 31745
 8696.504938 41337 800 800 800 800 73 46 0 73 52 0 73 42 0 73 44 0 14518 1210000 16940 36716 907500 32652
 8696.704935 41338 800 800 800 800 73 46 0 73 52 0 73 42 0 73 44 0 14518 1210000 16940 36168 907500 32652
 8696.904937 41339 800 800 800 800 73 46 0 73 52 0 73 42 0 73 44 0 14518 1210000 16940 36168 907500 32652
 8697.104951 41340 800 800 800 800 72 46 0 72 52 0 72 42 0 72 44 0 14518 1210000 16940 36168 907500 32652
 8697.304935 41341 800 800 800 800 72 46 0 72 52 0 72 42 0 72 44 0 14518 1210000 16940 39730 907500 35373
 8697.504928 41342 800 800 800 800 72 46 0 72 52 0 72 42 0 72 44 0 14518 1210000 16940 38360 907500 34466
 8697.704862 41343 800 800 800 800 72 46 0 72 52 0 72 42 0 72 44 0 14518 1210000 16940 35620 907500 31745
 8697.904935 41344 800 800 800 800 72 46 0 72 52 0 72 42 0 72 44 0 14518 1210000 16940 35620 907500 31745
 8698.104952 41345 800 800 800 800 72 46 0 72 52 0 72 42 0 72 44 0 14274 1210000 16940 36442 907500 32652
 8698.304984 41346 800 800 800 800 72 46 0 72 52 0 72 42 0 72 44 0 14274 1210000 16940 37812 907500 33559
 8698.504909 41347 800 800 800 800 72 46 0 72 52 0 72 42 0 72 44 0 14274 1210000 16940 33976 907500 29931
 8698.704944 41348 800 800 800 800 72 46 0 72 52 0 72 42 0 72 44 0 14274 1210000 16940 33976 907500 29931
 8698.904941 41349 800 800 800 800 72 46 0 72 52 0 72 42 0 72 44 0 14518 1210000 16940 155358 908750 140740
 8699.104961 41350 800 800 800 800 71 46 0 71 52 0 71 42 0 71 44 0 14274 1210000 16940 57540 907500 51699
 8699.305033 41351 800 800 800 800 71 46 0 71 52 0 71 42 0 71 44 0 14274 1210000 16940 44936 907500 39908
 8699.504952 41352 800 800 800 800 71 46 0 71 52 0 71 42 0 71 44 0 14274 1210000 16940 44936 907500 39908
 8699.704958 41353 800 800 800 800 71 46 0 71 52 0 71 42 0 71 44 0 14274 1210000 16940 130698 907500 117910
 8699.904969 41354 800 800 800 800 71 46 0 71 52 0 71 42 0 71 44 0 14518 1210000 16940 394012 907500 357358
 8700.104977 41355 800 800 800 800 72 46 0 72 52 0 72 42 0 72 44 0 14518 1210000 16940 498406 908750 452184
 8700.310001 41356 800 800 800 800 72 46 0 72 52 0 72 42 0 72 44 0 14518 1210000 16940 498406 908750 452184
 8700.509960 41357 800 800 800 800 72 46 0 72 52 0 72 42 0 72 44 0 14518 1210000 16940 489638 907500 443523
 8700.709947 41358 800 800 800 800 72 46 0 72 52 0 72 42 0 72 44 0 14518 1210000 16940 471554 907500 427197
 8700.909944 41359 800 800 800 800 72 46 0 72 52 0 72 42 0 72 44 0 14274 1210000 16940 474842 907500 429918
 8701.109962 41360 800 800 800 800 72 46 0 72 52 0 72 42 0 72 44 0 14274 1210000 16940 474842 907500 429918
 8701.309944 41361 800 800 800 800 72 46 0 72 52 0 72 42 0 72 44 0 14274 1210000 16940 467718 907500 423569
 8701.509945 41362 800 800 800 800 72 46 0 72 52 0 72 42 0 72 44 0 14518 1210000 16940 467444 907500 423569
 8701.709943 41363 800 800 800 800 72 46 0 72 52 0 72 42 0 72 44 0 14518 1210000 16940 465252 907500 421755
 8701.909944 41364 800 800 800 800 72 46 0 72 52 0 72 42 0 72 44 0 14518 1210000 16940 465252 907500 421755
 8702.109960 41365 800 800 800 800 73 46 0 73 52 0 73 42 0 73 44 0 14274 1210000 16940 465526 907500 421755
 8702.309938 41366 800 800 800 800 73 46 0 73 52 0 73 42 0 73 44 0 13969 1210000 15730 466074 907500 422662
 8702.509944 41367 800 800 800 800 73 46 0 73 52 0 73 42 0 73 44 0 14518 1210000 16940 466896 907500 422662
 8702.709943 41368 800 800 800 800 73 46 0 73 52 0 73 42 0 73 44 0 14518 1210000 16940 466896 907500 422662
 8702.909946 41369 800 800 800 800 73 46 0 73 52 0 73 42 0 73 44 0 14518 1210000 16940 467718 907500 423569
 8703.109960 41370 800 800 800 800 73 46 0 73 52 0 73 42 0 73 44 0 14274 1210000 16940 467718 907500 423569
 8703.309945 41371 800 800 800 800 73 46 0 73 52 0 73 42 0 73 44 0 14518 1210000 16940 467444 907500 423569
 8703.509866 41372 800 800 800 800 73 46 0 73 52 0 73 42 0 73 44 0 14274 1210000 16940 464978 907500 420848
 8703.709944 41373 800 800 800 800 73 46 0 73 52 0 73 42 0 73 44 0 14274 1210000 16940 464978 907500 420848
 8703.909943 41374 800 800 800 800 73 46 0 73 52 0 73 42 0 73 44 0 14274 1210000 16940 466074 907500 422662
 8704.109959 41375 800 800 800 800 73 46 0 73 52 0 73 42 0 73 44 0 14518 1208750 16912 465252 907500 421755
 8704.309943 41376 800 800 800 800 73 46 0 73 52 0 73 42 0 73 44 0 14518 1210000 16940 465526 907500 421755
 8704.509944 41377 800 800 800 800 73 46 0 73 52 0 73 42 0 73 44 0 14518 1210000 16940 465526 907500 421755
 8704.709937 41378 800 800 800 800 73 46 0 73 52 0 73 42 0 73 44 0 14518 1210000 16940 466622 907500 422662
 8704.909944 41379 800 800 800 800 73 46 0 73 52 0 73 42 0 73 44 0 14518 1210000 16940 466348 907500 422662
 8705.109962 41380 800 800 800 800 73 46 0 73 52 0 73 42 0 73 44 0 14518 1210000 16940 467170 907500 423569
 8705.309944 41381 800 800 800 800 73 46 0 73 52 0 73 42 0 73 44 0 14518 1210000 16940 467170 907500 423569
 8705.509944 41382 800 800 800 800 73 46 0 73 52 0 73 42 0 73 44 0 14518 1210000 16940 464978 907500 420848
 8705.709943 41383 800 800 800 800 73 46 0 73 52 0 73 42 0 73 44 0 14518 1210000 16940 465800 907500 421755
 8705.909944 41384 800 800 800 800 73 46 0 73 52 0 73 42 0 73 44 0 14518 1210000 16940 466896 907500 422662
 8706.109962 41385 800 800 800 800 73 46 0 73 52 0 73 42 0 73 44 0 14518 1210000 16940 466896 907500 422662
 8706.309945 41386 800 800 800 800 73 46 0 73 52 0 73 42 0 73 44 0 14518 1210000 16940 467444 907500 423569
 8706.509942 41387 800 800 800 800 73 46 0 73 52 0 73 42 0 73 44 0 14518 1210000 16940 468540 907500 424476
 8706.709944 41388 800 800 800 800 73 46 0 73 52 0 73 42 0 73 44 0 14274 1210000 16940 468540 907500 424476
 8706.909943 41389 800 800 800 800 73 46 0 73 52 0 73 42 0 73 44 0 14274 1210000 16940 468540 907500 424476
 8707.109956 41390 800 800 800 800 73 46 0 73 52 0 73 42 0 73 44 0 14518 1210000 16940 467992 907500 423569
 8707.309944 41391 800 800 800 800 73 46 0 73 52 0 73 42 0 73 44 0 14274 1210000 16940 466896 907500 422662
 8707.509944 41392 800 800 800 800 73 46 0 73 52 0 73 42 0 73 44 0 14518 1210000 16940 466622 907500 422662
 8707.709943 41393 800 800 800 800 73 46 0 73 52 0 73 42 0 73 44 0 14518 1210000 16940 466622 907500 422662
 8707.909944 41394 800 800 800 800 73 46 0 73 52 0 73 42 0 73 44 0 14518 1210000 16940 466622 907500 422662
 8708.109960 41395 800 800 800 800 73 46 0 73 52 0 73 42 0 73 44 0 14518 1210000 16940 466622 907500 422662
 8708.309944 41396 800 800 800 800 73 46 0 73 52 0 73 42 0 73 44 0 14518 1210000 16940 467170 907500 423569
 8708.509946 41397 800 800 800 800 73 46 0 73 52 0 73 42 0 73 44 0 14518 1210000 16940 467170 907500 423569
 8708.709944 41398 800 800 800 800 73 46 0 73 52 0 73 42 0 73 44 0 14518 1210000 16940 468266 907500 424476
 8708.909944 41399 800 800 800 800 73 46 0 73 52 0 73 42 0 73 44 0 14762 1210000 16940 467444 907500 423569
 8709.109960 41400 800 800 800 800 73 46 0 73 52 0 73 42 0 73 44 0 14518 1210000 16940 466622 907500 422662
 8709.309926 41401 800 800 800 800 73 46 0 73 52 0 73 42 0 73 44 0 14518 1210000 16940 466622 907500 422662
 8709.509936 41402 800 800 800 800 73 46 0 73 52 0 73 42 0 73 44 0 14518 1210000 16940 465800 907500 421755
 8709.709945 41403 800 800 800 800 73 46 0 73 52 0 73 42 0 73 44 0 14518 1210000 16940 464978 907500 420848
 8709.909944 41404 800 800 800 800 73 46 0 73 52 0 73 42 0 73 44 0 14762 1208750 16912 466622 907500 422662
 8710.109935 41405 800 800 800 800 73 46 0 73 52 0 73 42 0 73 44 0 14518 1210000 16940 467170 907500 423569
 8710.309944 41406 800 800 800 800 73 46 0 73 52 0 73 42 0 73 44 0 14518 1210000 16940 467170 907500 423569
 8710.509943 41407 800 800 800 800 73 46 0 73 52 0 73 42 0 73 44 0 14274 1210000 16940 466348 907500 422662
 8710.709944 41408 800 800 800 800 73 46 0 73 52 0 73 42 0 73 44 0 14274 1210000 16940 467718 907500 423569
 8710.909944 41409 800 800 800 800 73 46 0 73 52 0 73 42 0 73 44 0 14518 1210000 16940 467718 907500 423569
 8711.109960 41410 800 800 800 800 73 46 0 73 52 0 73 42 0 73 44 0 14518 1210000 16940 467718 907500 423569
 8711.309945 41411 800 800 800 800 73 46 0 73 52 0 73 42 0 73 44 0 14518 1210000 16940 465800 907500 421755
 8711.509944 41412 800 800 800 800 73 46 0 73 52 0 73 42 0 73 44 0 14518 1210000 16940 466074 907500 422662
 8711.709936 41413 800 800 800 800 73 46 0 73 52 0 73 42 0 73 44 0 14518 1210000 16940 465526 907500 421755
 8711.909944 41414 800 800 800 800 73 46 0 73 52 0 73 42 0 73 44 0 14518 1210000 16940 465526 907500 421755
 8712.109959 41415 800 800 800 800 73 46 0 73 52 0 73 42 0 73 44 0 14518 1210000 16940 467718 907500 423569
 8712.309943 41416 800 800 800 800 73 46 0 73 52 0 73 42 0 73 44 0 14518 1210000 16940 467992 907500 423569
 8712.509942 41417 800 800 800 800 73 46 0 73 52 0 73 42 0 73 44 0 14518 1210000 16940 467992 907500 423569
 8712.709943 41418 800 800 800 800 73 46 0 73 52 0 73 42 0 73 44 0 14518 1210000 16940 467992 907500 423569
 8712.909943 41419 800 800 800 800 73 46 0 73 52 0 73 42 0 73 44 0 14518 1210000 16940 469636 907500 425383
 8713.109961 41420 800 800 800 800 73 46 0 73 52 0 73 42 0 73 44 0 14518 1210000 16940 466074 907500 422662
 8713.309943 41421 800 800 800 800 73 46 0 73 52 0 73 42 0 73 44 0 14518 1210000 16940 464978 907500 420848
 8713.509944 41422 800 800 800 800 73 46 0 73 52 0 73 42 0 73 44 0 14518 1210000 16940 464978 907500 420848
 8713.709944 41423 800 800 800 800 73 46 0 73 52 0 73 42 0 73 44 0 14518 1210000 16940 464978 907500 420848
 8713.909944 41424 800 800 800 800 73 46 0 73 52 0 73 42 0 73 44 0 14274 1210000 16940 465252 907500 421755
 8714.109937 41425 800 800 800 800 73 46 0 73 52 0 73 42 0 73 44 0 14274 1210000 16940 467170 907500 423569
 8714.309945 41426 800 800 800 800 73 46 0 73 52 0 73 42 0 73 44 0 14274 1210000 16940 467170 907500 423569
 8714.509943 41427 800 800 800 800 73 46 0 73 52 0 73 42 0 73 44 0 14274 1210000 16940 466896 907500 422662
 8714.709944 41428 800 800 800 800 73 46 0 73 52 0 73 42 0 73 44 0 14518 1210000 16940 466622 907500 422662
 8714.909944 41429 800 800 800 800 73 46 0 73 52 0 73 42 0 73 44 0 14762 1210000 16940 465800 907500 421755
 8715.109960 41430 800 800 800 800 73 46 0 73 52 0 73 42 0 73 44 0 14762 1210000 16940 465800 907500 421755
 8715.309944 41431 800 800 800 800 73 46 0 73 52 0 73 42 0 73 44 0 14274 1210000 16940 466074 907500 422662
 8715.509943 41432 800 800 800 800 73 46 0 73 52 0 73 42 0 73 44 0 14518 1208750 16912 466074 907500 422662
 8715.709944 41433 800 800 800 800 73 46 0 73 52 0 73 42 0 73 44 0 14274 1210000 16940 467718 907500 423569
 8715.909926 41434 800 800 800 800 73 46 0 73 52 0 73 42 0 73 44 0 14274 1210000 16940 467718 907500 423569
 8716.109961 41435 800 800 800 800 73 46 0 73 52 0 73 42 0 73 44 0 14518 1210000 16940 468814 907500 424476
 8716.309944 41436 800 800 800 800 73 46 0 73 52 0 73 42 0 73 44 0 14518 1210000 16940 467992 907500 423569
 8716.509937 41437 800 800 800 800 73 46 0 73 52 0 73 42 0 73 44 0 14518 1210000 16940 469362 907500 425383
 8716.709944 41438 800 800 800 800 73 46 0 73 52 0 73 42 0 73 44 0 14518 1210000 16940 467444 907500 423569
 8716.909943 41439 800 800 800 800 73 46 0 73 52 0 73 42 0 73 44 0 14518 1210000 16940 467444 907500 423569
 8717.109961 41440 800 800 800 800 73 46 0 73 52 0 73 42 0 73 44 0 14274 1210000 16940 466622 907500 422662
 8717.309951 41441 800 800 800 800 73 46 0 73 52 0 73 42 0 73 44 0 14518 1210000 16940 467444 907500 423569
 8717.509944 41442 800 800 800 800 73 46 0 73 52 0 73 42 0 73 44 0 14518 1208750 16912 466896 907500 422662
 8717.709944 41443 800 800 800 800 73 46 0 73 52 0 73 42 0 73 44 0 14518 1208750 16912 466896 907500 422662
 8717.909943 41444 800 800 800 800 73 46 0 73 52 0 73 42 0 73 44 0 14518 1210000 16940 467992 907500 423569
 8718.109959 41445 800 800 800 800 73 46 0 73 52 0 73 42 0 73 44 0 14274 1210000 16940 467718 907500 423569
 8718.309943 41446 800 800 800 800 73 46 0 73 52 0 73 42 0 73 44 0 14518 1210000 16940 467718 907500 423569
 8718.509943 41447 800 800 800 800 73 46 0 73 52 0 73 42 0 73 44 0 14518 1210000 16940 467718 907500 423569
 8718.709944 41448 800 800 800 800 73 46 0 73 52 0 73 42 0 73 44 0 14518 1210000 16940 467718 907500 423569
 8718.909943 41449 800 800 800 800 73 46 0 73 52 0 73 42 0 73 44 0 14518 1210000 16940 466622 907500 422662
 8719.109960 41450 800 800 800 800 73 46 0 73 52 0 73 42 0 73 44 0 14518 1210000 16940 465526 907500 421755
 8719.309944 41451 800 800 800 800 73 46 0 73 52 0 73 42 0 73 44 0 14518 1210000 16940 465526 907500 421755
 8719.509944 41452 800 800 800 800 73 46 0 73 52 0 73 42 0 73 44 0 14518 1210000 16940 465800 907500 421755
 8719.709945 41453 800 800 800 800 73 46 0 73 52 0 73 42 0 73 44 0 14518 1210000 16940 466622 907500 422662
 8719.909944 41454 800 800 800 800 73 46 0 73 52 0 73 42 0 73 44 0 14518 1210000 16940 467718 907500 423569
 8720.109960 41455 800 800 800 800 73 46 0 73 52 0 73 42 0 73 44 0 14518 1210000 16940 467718 907500 423569
 8720.309944 41456 800 800 800 800 73 46 0 73 52 0 73 42 0 73 44 0 14762 1210000 16940 466896 907500 422662
 8720.509943 41457 800 800 800 800 73 46 0 73 52 0 73 42 0 73 44 0 14518 1210000 16940 468814 907500 424476
 8720.709943 41458 800 800 800 800 73 46 0 73 52 0 73 42 0 73 44 0 14518 1210000 16940 466622 907500 422662
 8720.909944 41459 800 800 800 800 73 46 0 73 52 0 73 42 0 73 44 0 14518 1210000 16940 466622 907500 422662
 8721.109959 41460 800 800 800 800 73 46 0 73 52 0 73 42 0 73 44 0 14518 1210000 16940 466622 907500 422662
 8721.309937 41461 800 800 800 800 73 46 0 73 52 0 73 42 0 73 44 0 14518 1210000 16940 466348 907500 422662
 8721.509942 41462 800 800 800 800 73 46 0 73 52 0 73 42 0 73 44 0 14274 1210000 16940 467718 907500 423569
 8721.709944 41463 800 800 800 800 73 46 0 73 52 0 73 42 0 73 44 0 14274 1210000 16940 467718 907500 423569
 8721.909944 41464 800 800 800 800 73 46 0 73 52 0 73 42 0 73 44 0 14762 1210000 16940 469362 907500 425383
 8722.109961 41465 800 800 800 800 73 46 0 73 52 0 73 42 0 73 44 0 14762 1210000 16940 468540 907500 424476
 8722.309943 41466 800 800 800 800 73 46 0 73 52 0 73 42 0 73 44 0 14762 1210000 16940 467992 907500 423569
 8722.509864 41467 800 800 800 800 73 46 0 73 52 0 73 42 0 73 44 0 14518 1210000 16940 466074 907500 422662
 8722.709944 41468 800 800 800 800 73 46 0 73 52 0 73 42 0 73 44 0 14518 1210000 16940 466074 907500 422662
 8722.909944 41469 800 800 800 800 73 46 0 73 52 0 73 42 0 73 44 0 14518 1210000 16940 465526 907500 421755
 8723.109959 41470 800 800 800 800 73 46 0 73 52 0 73 42 0 73 44 0 14762 1210000 16940 465526 907500 421755
 8723.309943 41471 800 800 800 800 73 46 0 73 52 0 73 42 0 73 44 0 14518 1210000 16940 464978 907500 420848
 8723.509945 41472 800 800 800 800 73 46 0 73 52 0 73 42 0 73 44 0 14518 1210000 16940 464978 907500 420848
 8723.709938 41473 800 800 800 800 73 46 0 73 52 0 73 42 0 73 44 0 14518 1210000 16940 466348 907500 422662
 8723.909946 41474 800 800 800 800 73 46 0 73 52 0 73 42 0 73 44 0 14274 1210000 16940 466896 907500 422662
 8724.109964 41475 800 800 800 800 73 46 0 73 52 0 73 42 0 73 44 0 14518 1210000 16940 466896 907500 422662
 8724.309949 41476 800 800 800 800 73 46 0 73 52 0 73 42 0 73 44 0 14518 1210000 16940 466896 907500 422662
 8724.509945 41477 800 800 800 800 73 46 0 73 52 0 73 42 0 73 44 0 14274 1210000 16940 466622 907500 422662
 8724.709944 41478 800 800 800 800 73 46 0 73 52 0 73 42 0 73 44 0 14518 1210000 16940 465526 907500 421755
 8724.909943 41479 800 800 800 800 73 46 0 73 52 0 73 42 0 73 44 0 14518 1210000 16940 465800 907500 421755
 8725.109960 41480 800 800 800 800 73 46 0 73 52 0 73 42 0 73 44 0 14518 1210000 16940 465800 907500 421755
 8725.309943 41481 800 800 800 800 73 46 0 73 52 0 73 42 0 73 44 0 14518 1210000 16940 467170 907500 423569
 8725.509943 41482 800 800 800 800 73 46 0 73 52 0 73 42 0 73 44 0 14518 1210000 16940 467992 907500 423569
 8725.709943 41483 800 800 800 800 73 46 0 73 52 0 73 42 0 73 44 0 14518 1210000 16940 468266 907500 424476
 8725.909957 41484 800 800 800 800 73 46 0 73 52 0 73 42 0 73 44 0 14518 1210000 16940 468266 907500 424476
 8726.109943 41485 800 800 800 800 73 46 0 73 52 0 73 42 0 73 44 0 14518 1210000 16940 469636 907500 425383
 8726.309927 41486 800 800 800 800 73 46 0 73 52 0 73 42 0 73 44 0 14518 1210000 16940 469636 907500 425383
 8726.509926 41487 800 800 800 800 73 46 0 73 52 0 73 42 0 73 44 0 14762 1210000 16940 467170 907500 423569
 8726.709926 41488 800 800 800 800 73 46 0 73 52 0 73 42 0 73 44 0 14762 1210000 16940 467170 907500 423569
 8726.909925 41489 800 800 800 800 73 46 0 73 52 0 73 42 0 73 44 0 14274 1210000 16940 466896 907500 422662
 8727.109941 41490 800 800 800 800 73 46 0 73 52 0 73 42 0 73 44 0 14518 1210000 16940 467718 907500 423569
 8727.309926 41491 800 800 800 800 73 46 0 73 52 0 73 42 0 73 44 0 14518 1210000 16940 467992 907500 423569
 8727.509925 41492 800 800 800 800 73 46 0 73 52 0 73 42 0 73 44 0 14518 1210000 16940 467992 907500 423569
 8727.709926 41493 800 800 800 800 73 46 0 73 52 0 73 42 0 73 44 0 14518 1210000 16940 468814 907500 424476
 8727.909926 41494 800 800 800 800 73 46 0 73 52 0 73 42 0 73 44 0 14518 1208750 16912 468814 907500 424476
 8728.109943 41495 800 800 800 800 73 46 0 73 52 0 73 42 0 73 44 0 14518 1210000 16940 467170 907500 423569
 8728.309927 41496 800 800 800 800 73 46 0 73 52 0 73 42 0 73 44 0 14518 1210000 16940 467170 907500 423569
 8728.509919 41497 800 800 800 800 73 46 0 73 52 0 73 42 0 73 44 0 14518 1210000 16940 465800 907500 421755
 8728.709926 41498 800 800 800 800 73 46 0 73 52 0 73 42 0 73 44 0 14518 1210000 16940 467170 907500 423569
 8728.909927 41499 800 800 800 800 73 46 0 73 52 0 73 42 0 73 44 0 14518 1208750 16912 465526 907500 421755
 8729.109936 41500 800 800 800 800 73 46 0 73 52 0 73 42 0 73 44 0 14518 1210000 16940 467718 907500 423569
 8729.309944 41501 800 800 800 800 73 46 0 73 52 0 73 42 0 73 44 0 14518 1210000 16940 467718 907500 423569
 8729.509945 41502 800 800 800 800 73 46 0 73 52 0 73 42 0 73 44 0 14518 1210000 16940 467170 907500 423569
 8729.709944 41503 800 800 800 800 73 46 0 73 52 0 73 42 0 73 44 0 14518 1210000 16940 467170 907500 423569
 8729.909944 41504 800 800 800 800 73 46 0 73 52 0 73 42 0 73 44 0 14518 1210000 16940 461142 907500 418127
 8730.109966 41505 800 800 800 800 73 46 0 73 52 0 73 42 0 73 44 0 14518 1210000 16940 461142 907500 418127
 8730.309944 41506 800 800 800 800 73 46 0 73 52 0 73 42 0 73 44 0 14518 1210000 16940 466622 907500 422662
 8730.509937 41507 800 800 800 800 73 46 0 73 52 0 73 42 0 73 44 0 14762 1210000 16940 468540 907500 424476
 8730.709935 41508 800 800 800 800 73 46 0 73 52 0 73 42 0 73 44 0 14518 1210000 16940 467170 907500 423569
 8730.909937 41509 800 800 800 800 73 46 0 73 52 0 73 42 0 73 44 0 14518 1210000 16940 467170 907500 423569
 8731.109960 41510 800 800 800 800 73 46 0 73 52 0 73 42 0 73 44 0 14274 1210000 16940 469362 907500 425383
 8731.309943 41511 800 800 800 800 73 46 0 73 52 0 73 42 0 73 44 0 14518 1210000 16940 468540 907500 424476
 8731.509944 41512 800 800 800 800 73 46 0 73 52 0 73 42 0 73 44 0 14762 1210000 16940 467992 907500 423569
 8731.709944 41513 800 800 800 800 73 46 0 73 52 0 73 42 0 73 44 0 14762 1210000 16940 467992 907500 423569
 8731.909946 41514 800 800 800 800 73 46 0 73 52 0 73 42 0 73 44 0 14762 1210000 16940 468266 907500 424476
 8732.109960 41515 800 800 800 800 73 46 0 73 52 0 73 42 0 73 44 0 14762 1210000 16940 466622 907500 422662
 8732.309944 41516 800 800 800 800 73 46 0 73 52 0 73 42 0 73 44 0 14762 1210000 16940 467170 907500 423569
 8732.509943 41517 800 800 800 800 73 46 0 73 52 0 73 42 0 73 44 0 14762 1210000 16940 467170 907500 423569
 8732.709945 41518 800 800 800 800 73 46 0 73 52 0 73 42 0 73 44 0 14274 1210000 16940 466896 907500 422662
 8732.909944 41519 800 800 800 800 73 46 0 73 52 0 73 42 0 73 44 0 14762 1210000 16940 466074 907500 422662
 8733.109937 41520 800 800 800 800 73 46 0 73 52 0 73 42 0 73 44 0 14518 1210000 16940 467170 907500 423569
 8733.309943 41521 800 800 800 800 73 46 0 73 52 0 73 42 0 73 44 0 14518 1210000 16940 467170 907500 423569
 8733.509942 41522 800 800 800 800 73 46 0 73 52 0 73 42 0 73 44 0 14518 1210000 16940 466896 907500 422662
 8733.709943 41523 800 800 800 800 73 46 0 73 52 0 73 42 0 73 44 0 14274 1210000 16940 467170 907500 423569
 8733.909944 41524 800 800 800 800 73 46 0 73 52 0 73 42 0 73 44 0 14518 1210000 16940 466622 907500 422662
 8734.109960 41525 800 800 800 800 73 46 0 73 52 0 73 42 0 73 44 0 14518 1210000 16940 466622 907500 422662
 8734.309937 41526 800 800 800 800 73 46 0 73 52 0 73 42 0 73 44 0 14518 1210000 16940 466622 907500 422662
 8734.509944 41527 800 800 800 800 73 46 0 73 52 0 73 42 0 73 44 0 14518 1210000 16940 466074 907500 422662
 8734.709945 41528 800 800 800 800 73 46 0 73 52 0 73 42 0 73 44 0 14518 1210000 16940 466622 907500 422662
 8734.909926 41529 800 800 800 800 73 46 0 73 52 0 73 42 0 73 44 0 14518 1210000 16940 466622 907500 422662
 8735.109960 41530 800 800 800 800 73 46 0 73 52 0 73 42 0 73 44 0 14518 1210000 16940 467718 907500 423569
 8735.309944 41531 800 800 800 800 73 46 0 73 52 0 73 42 0 73 44 0 14518 1210000 16940 468540 907500 424476
 8735.509937 41532 800 800 800 800 73 46 0 73 52 0 73 42 0 73 44 0 14518 1210000 16940 468266 907500 424476
 8735.709943 41533 800 800 800 800 73 46 0 73 52 0 73 42 0 73 44 0 14274 1210000 16940 467718 907500 423569
 8735.909944 41534 800 800 800 800 73 46 0 73 52 0 73 42 0 73 44 0 14274 1210000 16940 467718 907500 423569
 8736.109960 41535 800 800 800 800 73 46 0 73 52 0 73 42 0 73 44 0 14518 1210000 16940 467444 907500 423569
 8736.309943 41536 800 800 800 800 73 46 0 73 52 0 73 42 0 73 44 0 14762 1210000 16940 467170 907500 423569
 8736.509937 41537 800 800 800 800 73 46 0 73 52 0 73 42 0 73 44 0 15006 1210000 18150 467718 907500 423569
 8736.709938 41538 800 800 800 800 73 46 0 73 52 0 73 42 0 73 44 0 15006 1210000 18150 467718 907500 423569
 8736.909944 41539 800 800 800 800 73 46 0 73 52 0 73 42 0 73 44 0 14762 1210000 16940 469636 907500 425383
 8737.109961 41540 800 800 800 800 73 46 0 73 52 0 73 42 0 73 44 0 14762 1210000 16940 469636 907500 425383
 8737.309943 41541 800 800 800 800 73 46 0 73 52 0 73 42 0 73 44 0 14762 1210000 16940 469362 907500 425383
 8737.509944 41542 800 800 800 800 73 46 0 73 52 0 73 42 0 73 44 0 14762 1210000 16940 469362 907500 425383
 8737.709943 41543 800 800 800 800 73 46 0 73 52 0 73 42 0 73 44 0 14762 1210000 16940 467718 907500 423569
 8737.909943 41544 800 800 800 800 73 46 0 73 52 0 73 42 0 73 44 0 14518 1210000 16940 466074 907500 422662
 8738.109960 41545 800 800 800 800 73 46 0 73 52 0 73 42 0 73 44 0 14518 1210000 16940 467444 907500 423569
 8738.309944 41546 800 800 800 800 73 46 0 73 52 0 73 42 0 73 44 0 14518 1210000 16940 467444 907500 423569
 8738.509944 41547 800 800 800 800 73 46 0 73 52 0 73 42 0 73 44 0 14518 1210000 16940 466074 907500 422662
 8738.709943 41548 800 800 800 800 73 46 0 73 52 0 73 42 0 73 44 0 14518 1208750 16912 467718 907500 423569
 8738.909936 41549 800 800 800 800 73 46 0 73 52 0 73 42 0 73 44 0 14518 1210000 16940 467718 907500 423569
 8739.109960 41550 800 800 800 800 73 46 0 73 52 0 73 42 0 73 44 0 14518 1210000 16940 467718 907500 423569
 8739.309943 41551 800 800 800 800 73 46 0 73 52 0 73 42 0 73 44 0 14762 1210000 16940 467718 907500 423569
 8739.509943 41552 800 800 800 800 73 46 0 73 52 0 73 42 0 73 44 0 14518 1210000 16940 467718 907500 423569
 8739.709944 41553 800 800 800 800 73 46 0 73 52 0 73 42 0 73 44 0 14518 1210000 16940 467170 907500 423569
 8739.909944 41554 800 800 800 800 73 46 0 73 52 0 73 42 0 73 44 0 14518 1210000 16940 467170 907500 423569
 8740.109960 41555 800 800 800 800 73 46 0 73 52 0 73 42 0 73 44 0 14518 1210000 16940 466348 907500 422662
 8740.309945 41556 800 800 800 800 73 46 0 73 52 0 73 42 0 73 44 0 14274 1210000 16940 467718 907500 423569
 8740.509943 41557 800 800 800 800 73 46 0 73 52 0 73 42 0 73 44 0 14518 1208750 16912 468814 907500 424476
 8740.709945 41558 800 800 800 800 73 46 0 73 52 0 73 42 0 73 44 0 14518 1208750 16912 468814 907500 424476
 8740.909943 41559 800 800 800 800 73 46 0 73 52 0 73 42 0 73 44 0 14762 1210000 16940 469088 907500 425383
 8741.109960 41560 800 800 800 800 73 46 0 73 52 0 73 42 0 73 44 0 14762 1210000 16940 468814 907500 424476
 8741.309937 41561 800 800 800 800 73 46 0 73 52 0 73 42 0 73 44 0 14274 1210000 16940 468266 907500 424476
 8741.509868 41562 800 800 800 800 73 46 0 73 52 0 73 42 0 73 44 0 14518 1210000 16940 467170 907500 423569
 8741.709944 41563 800 800 800 800 73 46 0 73 52 0 73 42 0 73 44 0 14518 1210000 16940 467170 907500 423569
 8741.909944 41564 800 800 800 800 73 46 0 73 52 0 73 42 0 73 44 0 14518 1210000 16940 467444 907500 423569
 8742.109960 41565 800 800 800 800 73 46 0 73 52 0 73 42 0 73 44 0 14518 1210000 16940 466622 907500 422662
 8742.309943 41566 800 800 800 800 73 46 0 73 52 0 73 42 0 73 44 0 14518 1208750 16912 467170 907500 423569
 8742.509942 41567 800 800 800 800 73 46 0 73 52 0 73 42 0 73 44 0 14518 1208750 16912 467170 907500 423569
 8742.709944 41568 800 800 800 800 73 46 0 73 52 0 73 42 0 73 44 0 14762 1210000 16940 467718 907500 423569
 8742.909944 41569 800 800 800 800 73 46 0 73 52 0 73 42 0 73 44 0 14518 1210000 16940 468266 907500 424476
 8743.109962 41570 800 800 800 800 73 46 0 73 52 0 73 42 0 73 44 0 14518 1210000 16940 467170 907500 423569
 8743.309943 41571 800 800 800 800 73 46 0 73 52 0 73 42 0 73 44 0 14518 1210000 16940 467170 907500 423569
 8743.509944 41572 800 800 800 800 73 46 0 73 52 0 73 42 0 73 44 0 14762 1208750 16912 466074 907500 422662
 8743.709937 41573 800 800 800 800 73 46 0 73 52 0 73 42 0 73 44 0 14518 1210000 16940 466622 907500 422662
 8743.909943 41574 800 800 800 800 73 46 0 73 52 0 73 42 0 73 44 0 14518 1210000 16940 466622 907500 422662
 8744.109943 41575 800 800 800 800 73 46 0 73 52 0 73 42 0 73 44 0 14518 1210000 16940 466622 907500 422662
 8744.309944 41576 800 800 800 800 73 46 0 73 52 0 73 42 0 73 44 0 14518 1210000 16940 466348 907500 422662
 8744.509944 41577 800 800 800 800 73 46 0 73 52 0 73 42 0 73 44 0 14762 1208750 16912 467718 907500 423569
 8744.709943 41578 800 800 800 800 73 46 0 73 52 0 73 42 0 73 44 0 14274 1210000 16940 468266 907500 424476
 8744.909945 41579 800 800 800 800 73 46 0 73 52 0 73 42 0 73 44 0 14274 1210000 16940 468266 907500 424476
 8745.109960 41580 800 800 800 800 73 46 0 73 52 0 73 42 0 73 44 0 14762 1210000 16940 468814 907500 424476
 8745.309944 41581 800 800 800 800 73 46 0 73 52 0 73 42 0 73 44 0 14274 1210000 16940 467718 907500 423569
 8745.509943 41582 800 800 800 800 73 46 0 73 52 0 73 42 0 73 44 0 14518 1210000 16940 468266 907500 424476
 8745.709944 41583 800 800 800 800 73 46 0 73 52 0 73 42 0 73 44 0 14518 1210000 16940 468266 907500 424476
 8745.909946 41584 800 800 800 800 73 46 0 73 52 0 73 42 0 73 44 0 14518 1210000 16940 467992 907500 423569
 8746.109937 41585 800 800 800 800 73 46 0 73 52 0 73 42 0 73 44 0 14518 1210000 16940 468266 907500 424476
 8746.309944 41586 800 800 800 800 73 46 0 73 52 0 73 42 0 73 44 0 14518 1210000 16940 469910 907500 425383
 8746.509944 41587 800 800 800 800 73 46 0 73 52 0 73 42 0 73 44 0 14518 1210000 16940 469910 907500 425383
 8746.709944 41588 800 800 800 800 73 46 0 73 52 0 73 42 0 73 44 0 14762 1210000 16940 469088 907500 425383
 8746.909944 41589 800 800 800 800 73 46 0 73 52 0 73 42 0 73 44 0 14762 1210000 16940 469636 907500 425383
 8747.109960 41590 800 800 800 800 73 46 0 73 52 0 73 42 0 73 44 0 14518 1210000 16940 469362 907500 425383
 8747.309926 41591 800 800 800 800 73 46 0 73 52 0 73 42 0 73 44 0 14518 1210000 16940 469362 907500 425383
 8747.509944 41592 800 800 800 800 73 46 0 73 52 0 73 42 0 73 44 0 14518 1210000 16940 466622 907500 422662
 8747.709944 41593 800 800 800 800 73 46 0 73 52 0 73 42 0 73 44 0 14518 1210000 16940 466348 907500 422662
 8747.909944 41594 800 800 800 800 73 46 0 73 52 0 73 42 0 73 44 0 14518 1210000 16940 466896 907500 422662
 8748.109935 41595 800 800 800 800 73 46 0 73 52 0 73 42 0 73 44 0 14518 1210000 16940 468266 907500 424476
 8748.309944 41596 800 800 800 800 73 46 0 73 52 0 73 42 0 73 44 0 14518 1210000 16940 468266 907500 424476
 8748.509936 41597 800 800 800 800 73 46 0 73 52 0 73 42 0 73 44 0 14762 1210000 16940 468814 907500 424476
 8748.709945 41598 800 800 800 800 73 46 0 73 52 0 73 42 0 73 44 0 14518 1210000 16940 469362 907500 425383
 8748.909944 41599 800 800 800 800 73 46 0 73 52 0 73 42 0 73 44 0 14762 1210000 16940 467718 907500 423569
 8749.109960 41600 800 800 800 800 74 46 0 74 52 0 74 42 0 74 44 0 14762 1210000 16940 467718 907500 423569
 8749.309944 41601 800 800 800 800 74 46 0 74 52 0 74 42 0 74 44 0 14518 1210000 16940 466622 907500 422662
 8749.509943 41602 800 800 800 800 73 46 0 73 52 0 73 42 0 73 44 0 14762 1210000 16940 466348 907500 422662
 8749.709944 41603 800 800 800 800 73 46 0 73 52 0 73 42 0 73 44 0 14762 1210000 16940 466622 907500 422662
 8749.909943 41604 800 800 800 800 73 46 0 73 52 0 73 42 0 73 44 0 14762 1210000 16940 466622 907500 422662
 8750.109960 41605 800 800 800 800 74 46 0 74 52 0 74 42 0 74 44 0 14518 1210000 16940 469088 907500 425383
 8750.309944 41606 800 800 800 800 74 46 0 74 52 0 74 42 0 74 44 0 14518 1210000 16940 468814 907500 424476
 8750.509943 41607 800 800 800 800 74 46 0 74 52 0 74 42 0 74 44 0 14518 1210000 16940 469088 907500 425383
 8750.709944 41608 800 800 800 800 74 46 0 74 52 0 74 42 0 74 44 0 14518 1210000 16940 469088 907500 425383
 8750.909937 41609 800 800 800 800 74 46 0 74 52 0 74 42 0 74 44 0 14518 1210000 16940 469362 907500 425383
 8751.109960 41610 800 800 800 800 73 46 0 73 52 0 73 42 0 73 44 0 14762 1210000 16940 467718 907500 423569
 8751.309944 41611 800 800 800 800 73 46 0 73 52 0 73 42 0 73 44 0 14518 1208750 16912 466896 907500 422662
 8751.509942 41612 800 800 800 800 74 46 0 74 52 0 74 42 0 74 44 0 14518 1208750 16912 466896 907500 422662
 8751.709944 41613 800 800 800 800 74 46 0 74 52 0 74 42 0 74 44 0 14762 1210000 16940 467718 907500 423569
 8751.909944 41614 800 800 800 800 74 46 0 74 52 0 74 42 0 74 44 0 14518 1210000 16940 468814 907500 424476
 8752.109961 41615 800 800 800 800 73 46 0 73 52 0 73 42 0 73 44 0 14762 1210000 16940 468266 907500 424476
 8752.309944 41616 800 800 800 800 73 46 0 73 52 0 73 42 0 73 44 0 14762 1210000 16940 468266 907500 424476
 8752.509943 41617 800 800 800 800 73 46 0 73 52 0 73 42 0 73 44 0 14518 1210000 16940 468266 907500 424476
 8752.709944 41618 800 800 800 800 73 46 0 73 52 0 73 42 0 73 44 0 14518 1210000 16940 467718 907500 423569
 8752.909944 41619 800 800 800 800 73 46 0 73 52 0 73 42 0 73 44 0 14762 1210000 16940 466348 907500 422662
 8753.109959 41620 800 800 800 800 74 46 0 74 52 0 74 42 0 74 44 0 14762 1210000 16940 466348 907500 422662
 8753.309938 41621 800 800 800 800 74 46 0 74 52 0 74 42 0 74 44 0 14518 1210000 16940 466622 907500 422662
 8753.509943 41622 800 800 800 800 74 46 0 74 52 0 74 42 0 74 44 0 14518 1210000 16940 467170 907500 423569
 8753.709944 41623 800 800 800 800 74 46 0 74 52 0 74 42 0 74 44 0 14762 1210000 16940 467170 907500 423569
 8753.909926 41624 800 800 800 800 74 46 0 74 52 0 74 42 0 74 44 0 14762 1210000 16940 467170 907500 423569
 8754.109960 41625 800 800 800 800 74 46 0 74 52 0 74 42 0 74 44 0 14518 1210000 16940 468540 907500 424476
 8754.309943 41626 800 800 800 800 74 46 0 74 52 0 74 42 0 74 44 0 14518 1210000 16940 468540 907500 424476
 8754.509943 41627 800 800 800 800 74 46 0 74 52 0 74 42 0 74 44 0 14518 1210000 16940 468814 907500 424476
 8754.709944 41628 800 800 800 800 74 46 0 74 52 0 74 42 0 74 44 0 14762 1210000 16940 468540 907500 424476
 8754.909944 41629 800 800 800 800 74 46 0 74 52 0 74 42 0 74 44 0 14762 1210000 16940 468540 907500 424476
 8755.109960 41630 800 800 800 800 74 46 0 74 52 0 74 42 0 74 44 0 14518 1210000 16940 468814 907500 424476
 8755.309944 41631 800 800 800 800 74 46 0 74 52 0 74 42 0 74 44 0 14762 1210000 16940 467718 907500 423569
 8755.509936 41632 800 800 800 800 74 46 0 74 52 0 74 42 0 74 44 0 14518 1210000 16940 467992 907500 423569
 8755.709944 41633 800 800 800 800 74 46 0 74 52 0 74 42 0 74 44 0 14518 1210000 16940 467992 907500 423569
 8755.909944 41634 800 800 800 800 74 46 0 74 52 0 74 42 0 74 44 0 14518 1210000 16940 469636 907500 425383
 8756.109959 41635 800 800 800 800 74 46 0 74 52 0 74 42 0 74 44 0 14518 1210000 16940 469636 907500 425383
 8756.309943 41636 800 800 800 800 74 46 0 74 52 0 74 42 0 74 44 0 14518 1210000 16940 469636 907500 425383
 8756.509945 41637 800 800 800 800 74 46 0 74 52 0 74 42 0 74 44 0 14518 1210000 16940 469636 907500 425383
 8756.709944 41638 800 800 800 800 74 46 0 74 52 0 74 42 0 74 44 0 14518 1210000 16940 470732 907500 426290
 8756.909944 41639 800 800 800 800 74 46 0 74 52 0 74 42 0 74 44 0 14762 1210000 16940 467992 907500 423569
 8757.109961 41640 800 800 800 800 74 46 0 74 52 0 74 42 0 74 44 0 14762 1210000 16940 468540 907500 424476
 8757.309944 41641 800 800 800 800 74 46 0 74 52 0 74 42 0 74 44 0 14762 1210000 16940 468540 907500 424476
 8757.509942 41642 800 800 800 800 74 46 0 74 52 0 74 42 0 74 44 0 14762 1210000 16940 466896 907500 422662
 8757.709943 41643 800 800 800 800 74 46 0 74 52 0 74 42 0 74 44 0 14762 1210000 16940 469088 907500 425383
 8757.909937 41644 800 800 800 800 74 46 0 74 52 0 74 42 0 74 44 0 14518 1210000 16940 470184 907500 426290
 8758.109961 41645 800 800 800 800 74 46 0 74 52 0 74 42 0 74 44 0 14518 1210000 16940 470184 907500 426290
 8758.309944 41646 800 800 800 800 74 46 0 74 52 0 74 42 0 74 44 0 14518 1210000 16940 468266 907500 424476
 8758.509945 41647 800 800 800 800 74 46 0 74 52 0 74 42 0 74 44 0 14762 1210000 16940 466896 907500 422662
 8758.709944 41648 800 800 800 800 74 46 0 74 52 0 74 42 0 74 44 0 14762 1210000 16940 466348 907500 422662
 8758.909944 41649 800 800 800 800 74 46 0 74 52 0 74 42 0 74 44 0 14762 1210000 16940 466348 907500 422662
 8759.109960 41650 800 800 800 800 74 46 0 74 52 0 74 42 0 74 44 0 14518 1210000 16940 466348 907500 422662
 8759.309944 41651 800 800 800 800 74 46 0 74 52 0 74 42 0 74 44 0 14762 1210000 16940 465800 907500 421755
 8759.509942 41652 800 800 800 800 74 46 0 74 52 0 74 42 0 74 44 0 14518 1210000 16940 467718 907500 423569
 8759.709939 41653 800 800 800 800 74 46 0 74 52 0 74 42 0 74 44 0 14518 1210000 16940 467718 907500 423569
 8759.909939 41654 800 800 800 800 74 46 0 74 52 0 74 42 0 74 44 0 14518 1210000 16940 257012 907500 233099
 8760.109955 41655 800 800 800 800 73 46 0 73 52 0 73 42 0 73 44 0 14518 1210000 16940 40278 907500 36280
 8760.309932 41656 800 800 800 800 73 46 0 73 52 0 73 42 0 73 44 0 14274 1210000 16940 38634 907500 34466
