 9375.129906 44730 600 600 600 600 73 46 0 73 52 0 73 42 0 73 44 0 22265 1208750 26576 6850 908750 5448
 9375.329912 44731 600 600 600 600 73 46 0 73 52 0 73 42 0 73 44 0 23241 1208750 27784 6850 908750 5448
 9375.529911 44732 600 600 600 600 73 46 0 73 52 0 73 42 0 73 44 0 23241 1208750 27784 6850 908750 5448
 9375.729909 44733 600 600 600 600 73 46 0 73 52 0 73 42 0 73 44 0 22997 1208750 26576 6850 908750 5448
 9375.929915 44734 600 600 600 600 73 46 0 73 52 0 73 42 0 73 44 0 22753 1208750 26576 6850 908750 5448
 9376.129906 44735 600 600 600 600 73 46 0 73 52 0 73 42 0 73 44 0 22997 1208750 26576 6850 908750 5448
 9376.329919 44736 600 600 600 600 73 46 0 73 52 0 73 42 0 73 44 0 22997 1208750 26576 6850 908750 5448
 9376.529911 44737 600 600 600 600 73 46 0 73 52 0 73 42 0 73 44 0 22753 1208750 26576 6850 908750 5448
 9376.729909 44738 600 600 600 600 73 46 0 73 52 0 73 42 0 73 44 0 54717 1210000 65340 6850 908750 5448
 9376.929917 44739 600 600 600 600 73 46 0 73 52 0 73 42 0 73 44 0 21777 1208750 25368 6850 908750 5448
 9377.129913 44740 600 600 600 600 73 46 0 73 52 0 73 42 0 73 44 0 21777 1208750 25368 6850 908750 5448
 9377.329946 44741 600 600 600 600 73 46 0 73 52 0 73 42 0 73 44 0 22997 1208750 26576 6850 908750 5448
 9377.529984 44742 600 600 600 600 73 46 0 73 52 0 73 42 0 73 44 0 63013 1210000 76230 6850 908750 5448
 9377.729955 44743 600 600 600 600 73 46 0 73 52 0 73 42 0 73 44 0 153232 1211250 185283 6850 908750 5448
 9377.929971 44744 600 600 600 600 73 46 0 73 52 0 73 42 0 73 44 0 153232 1211250 185283 6850 908750 5448
 9378.129989 44745 600 600 600 600 73 46 0 73 52 0 73 42 0 73 44 0 161223 1210000 194810 6850 908750 5448
 9378.334949 44746 600 600 600 600 73 46 0 73 52 0 73 42 0 73 44 0 154513 1210000 186340 6850 908750 5448
 9378.534914 44747 600 600 600 600 73 46 0 73 52 0 73 42 0 73 44 0 140239 1208750 169120 6850 908750 5448
 9378.734912 44748 600 600 600 600 73 46 0 73 52 0 73 42 0 73 44 0 140239 1208750 169120 6850 908750 5448
 9378.934917 44749 600 600 600 600 73 46 0 73 52 0 73 42 0 73 44 0 148962 1208750 178784 6850 908750 5448
 9379.134911 44750 600 600 600 600 73 46 0 73 52 0 73 42 0 73 44 0 147010 1208750 177576 6850 908750 5448
 9379.334911 44751 600 600 600 600 73 46 0 73 52 0 73 42 0 73 44 0 146522 1208750 176368 6850 908750 5448
 9379.534890 44752 600 600 600 600 73 46 0 73 52 0 73 42 0 73 44 0 147010 1208750 177576 6850 908750 5448
 9379.734912 44753 600 600 600 600 73 46 0 73 52 0 73 42 0 73 44 0 147010 1208750 177576 6850 908750 5448
 9379.934914 44754 600 600 600 600 73 46 0 73 52 0 73 42 0 73 44 0 146217 1208750 176368 6850 908750 5448
 9380.134912 44755 600 600 600 600 73 46 0 73 52 0 73 42 0 73 44 0 146217 1208750 176368 6850 908750 5448
 9380.334928 44756 600 600 600 600 73 46 0 73 52 0 73 42 0 73 44 0 147010 1208750 177576 6850 908750 5448
 9380.534911 44757 600 600 600 600 73 46 0 73 52 0 73 42 0 73 44 0 147010 1208750 177576 6850 908750 5448
 9380.734935 44758 600 600 600 600 73 46 0 73 52 0 73 42 0 73 44 0 146766 1208750 176368 6850 908750 5448
 9380.934912 44759 600 600 600 600 73 46 0 73 52 0 73 42 0 73 44 0 145973 1208750 175160 6850 908750 5448
 9381.134910 44760 600 600 600 600 73 46 0 73 52 0 73 42 0 73 44 0 147254 1208750 177576 6850 908750 5448
 9381.334941 44761 600 600 600 600 73 46 0 73 52 0 73 42 0 73 44 0 147254 1208750 177576 6850 908750 5448
 9381.534911 44762 600 600 600 600 73 46 0 73 52 0 73 42 0 73 44 0 147010 1208750 177576 6850 908750 5448
 9381.734910 44763 600 600 600 600 73 46 0 73 52 0 73 42 0 73 44 0 146766 1208750 176368 6850 908750 5448
 9381.934909 44764 600 600 600 600 73 46 0 73 52 0 73 42 0 73 44 0 146766 1208750 176368 6850 908750 5448
 9382.134906 44765 600 600 600 600 73 46 0 73 52 0 73 42 0 73 44 0 146766 1208750 176368 6850 908750 5448
 9382.334911 44766 600 600 600 600 73 46 0 73 52 0 73 42 0 73 44 0 146766 1208750 176368 6850 908750 5448
 9382.534910 44767 600 600 600 600 73 46 0 73 52 0 73 42 0 73 44 0 146766 1208750 176368 6850 908750 5448
 9382.734911 44768 600 600 600 600 73 46 0 73 52 0 73 42 0 73 44 0 145973 1208750 175160 6850 908750 5448
 9382.934913 44769 600 600 600 600 73 46 0 73 52 0 73 42 0 73 44 0 145973 1208750 175160 6850 908750 5448
 9383.134907 44770 600 600 600 600 73 46 0 73 52 0 73 42 0 73 44 0 147254 1208750 177576 6850 908750 5448
 9383.334911 44771 600 600 600 600 73 46 0 73 52 0 73 42 0 73 44 0 147986 1208750 177576 6850 908750 5448
 9383.534910 44772 600 600 600 600 73 46 0 73 52 0 73 42 0 73 44 0 146766 1208750 176368 6850 908750 5448
 9383.734911 44773 600 600 600 600 73 46 0 73 52 0 73 42 0 73 44 0 146766 1208750 176368 6850 908750 5448
 9383.934913 44774 600 600 600 600 73 46 0 73 52 0 73 42 0 73 44 0 146217 1208750 176368 6850 908750 5448
 9384.134911 44775 600 600 600 600 73 46 0 73 52 0 73 42 0 73 44 0 145973 1208750 175160 6850 908750 5448
 9384.334939 44776 600 600 600 600 73 46 0 73 52 0 73 42 0 73 44 0 146766 1208750 176368 6850 908750 5448
 9384.534837 44777 600 600 600 600 73 46 0 73 52 0 73 42 0 73 44 0 146766 1208750 176368 6850 908750 5448
 9384.734907 44778 600 600 600 600 73 46 0 73 52 0 73 42 0 73 44 0 145729 1208750 175160 6850 908750 5448
 9384.934914 44779 600 600 600 600 73 46 0 73 52 0 73 42 0 73 44 0 149511 1208750 179992 6850 908750 5448
 9385.134911 44780 600 600 600 600 73 46 0 73 52 0 73 42 0 73 44 0 145973 1208750 175160 6850 908750 5448
 9385.334848 44781 600 600 600 600 73 46 0 73 52 0 73 42 0 73 44 0 147010 1208750 177576 6850 908750 5448
 9385.534910 44782 600 600 600 600 73 46 0 73 52 0 73 42 0 73 44 0 147010 1208750 177576 6850 908750 5448
 9385.734910 44783 600 600 600 600 73 46 0 73 52 0 73 42 0 73 44 0 145973 1208750 175160 6850 908750 5448
 9385.934912 44784 600 600 600 600 73 46 0 73 52 0 73 42 0 73 44 0 146766 1208750 176368 6850 908750 5448
 9386.134911 44785 600 600 600 600 73 46 0 73 52 0 73 42 0 73 44 0 146766 1208750 176368 6850 908750 5448
 9386.334912 44786 600 600 600 600 73 46 0 73 52 0 73 42 0 73 44 0 146766 1208750 176368 6850 908750 5448
 9386.534905 44787 600 600 600 600 73 46 0 73 52 0 73 42 0 73 44 0 145729 1208750 175160 6850 908750 5448
 9386.734910 44788 600 600 600 600 73 46 0 73 52 0 73 42 0 73 44 0 146766 1208750 176368 6850 908750 5448
 9386.934934 44789 600 600 600 600 73 46 0 73 52 0 73 42 0 73 44 0 146522 1208750 176368 7124 908750 6356
 9387.134911 44790 600 600 600 600 73 46 0 73 52 0 73 42 0 73 44 0 146522 1208750 176368 7124 908750 6356
 9387.334939 44791 600 600 600 600 73 46 0 73 52 0 73 42 0 73 44 0 146217 1208750 176368 6850 908750 5448
 9387.534906 44792 600 600 600 600 73 46 0 73 52 0 73 42 0 73 44 0 146766 1208750 176368 6850 908750 5448
 9387.734911 44793 600 600 600 600 73 46 0 73 52 0 73 42 0 73 44 0 146217 1208750 176368 6850 908750 5448
 9387.934914 44794 600 600 600 600 73 46 0 73 52 0 73 42 0 73 44 0 146217 1208750 176368 6850 908750 5448
 9388.134912 44795 600 600 600 600 73 46 0 73 52 0 73 42 0 73 44 0 147254 1208750 177576 6850 908750 5448
 9388.334910 44796 600 600 600 600 73 46 0 73 52 0 73 42 0 73 44 0 146217 1208750 176368 6850 908750 5448
 9388.534912 44797 600 600 600 600 73 46 0 73 52 0 73 42 0 73 44 0 145973 1208750 175160 6850 908750 5448
 9388.734910 44798 600 600 600 600 73 46 0 73 52 0 73 42 0 73 44 0 145973 1208750 175160 6850 908750 5448
 9388.934912 44799 600 600 600 600 73 46 0 73 52 0 73 42 0 73 44 0 145973 1208750 175160 6850 908750 5448
 9389.134912 44800 600 600 600 600 73 46 0 73 52 0 73 42 0 73 44 0 146217 1208750 176368 6850 908750 5448
 9389.334910 44801 600 600 600 600 73 46 0 73 52 0 73 42 0 73 44 0 146217 1208750 176368 6576 908750 5448
 9389.534910 44802 600 600 600 600 73 46 0 73 52 0 73 42 0 73 44 0 146217 1208750 176368 6576 908750 5448
 9389.734911 44803 600 600 600 600 73 46 0 73 52 0 73 42 0 73 44 0 145973 1208750 175160 6850 908750 5448
 9389.934908 44804 600 600 600 600 73 46 0 73 52 0 73 42 0 73 44 0 146522 1208750 176368 6850 908750 5448
 9390.134906 44805 600 600 600 600 73 46 0 73 52 0 73 42 0 73 44 0 146766 1208750 176368 6850 908750 5448
 9390.334939 44806 600 600 600 600 73 46 0 73 52 0 73 42 0 73 44 0 146766 1208750 176368 6850 908750 5448
 9390.534910 44807 600 600 600 600 73 46 0 73 52 0 73 42 0 73 44 0 145973 1208750 175160 6850 908750 5448
 9390.734911 44808 600 600 600 600 73 46 0 73 52 0 73 42 0 73 44 0 146766 1208750 176368 6850 908750 5448
 9390.934907 44809 600 600 600 600 73 46 0 73 52 0 73 42 0 73 44 0 145973 1208750 175160 6850 908750 5448
 9391.134910 44810 600 600 600 600 73 46 0 73 52 0 73 42 0 73 44 0 145973 1208750 175160 6850 908750 5448
 9391.334910 44811 600 600 600 600 73 46 0 73 52 0 73 42 0 73 44 0 146522 1208750 176368 6850 908750 5448
 9391.534910 44812 600 600 600 600 73 46 0 73 52 0 73 42 0 73 44 0 146766 1208750 176368 6850 908750 5448
 9391.734910 44813 600 600 600 600 73 46 0 73 52 0 73 42 0 73 44 0 147498 1208750 177576 6850 908750 5448
 9391.934885 44814 600 600 600 600 73 46 0 73 52 0 73 42 0 73 44 0 147010 1208750 177576 6850 908750 5448
 9392.134907 44815 600 600 600 600 73 46 0 73 52 0 73 42 0 73 44 0 147010 1208750 177576 6850 908750 5448
 9392.334911 44816 600 600 600 600 73 46 0 73 52 0 73 42 0 73 44 0 146217 1208750 176368 6850 908750 5448
 9392.534911 44817 600 600 600 600 73 46 0 73 52 0 73 42 0 73 44 0 146522 1208750 176368 6850 908750 5448
 9392.734910 44818 600 600 600 600 73 46 0 73 52 0 73 42 0 73 44 0 146217 1208750 176368 6850 908750 5448
 9392.934912 44819 600 600 600 600 73 46 0 73 52 0 73 42 0 73 44 0 146217 1208750 176368 6850 908750 5448
 9393.134911 44820 600 600 600 600 73 46 0 73 52 0 73 42 0 73 44 0 146217 1208750 176368 6850 908750 5448
 9393.334940 44821 600 600 600 600 73 46 0 73 52 0 73 42 0 73 44 0 146522 1208750 176368 6850 908750 5448
 9393.534911 44822 600 600 600 600 73 46 0 73 52 0 73 42 0 73 44 0 146217 1208750 176368 6850 908750 5448
 9393.734912 44823 600 600 600 600 73 46 0 73 52 0 73 42 0 73 44 0 146217 1208750 176368 6850 908750 5448
 9393.934912 44824 600 600 600 600 73 46 0 73 52 0 73 42 0 73 44 0 146217 1208750 176368 6850 908750 5448
 9394.134911 44825 600 600 600 600 73 46 0 73 52 0 73 42 0 73 44 0 145973 1208750 175160 6850 908750 5448
 9394.334911 44826 600 600 600 600 73 46 0 73 52 0 73 42 0 73 44 0 146217 1208750 176368 6850 908750 5448
 9394.534911 44827 600 600 600 600 73 46 0 73 52 0 73 42 0 73 44 0 146217 1208750 176368 6850 908750 5448
 9394.734911 44828 600 600 600 600 73 46 0 73 52 0 73 42 0 73 44 0 147010 1208750 177576 6850 908750 5448
 9394.934911 44829 600 600 600 600 73 46 0 73 52 0 73 42 0 73 44 0 146217 1208750 176368 6850 908750 5448
 9395.134933 44830 600 600 600 600 73 46 0 73 52 0 73 42 0 73 44 0 146217 1208750 176368 6850 908750 5448
 9395.334911 44831 600 600 600 600 73 46 0 73 52 0 73 42 0 73 44 0 146217 1208750 176368 6850 908750 5448
 9395.534906 44832 600 600 600 600 73 46 0 73 52 0 73 42 0 73 44 0 146217 1208750 176368 6850 908750 5448
 9395.734911 44833 600 600 600 600 73 46 0 73 52 0 73 42 0 73 44 0 147010 1208750 177576 6850 908750 5448
 9395.934910 44834 600 600 600 600 73 46 0 73 52 0 73 42 0 73 44 0 146766 1208750 176368 6850 908750 5448
 9396.134911 44835 600 600 600 600 73 46 0 73 52 0 73 42 0 73 44 0 146766 1208750 176368 6850 908750 5448
 9396.334939 44836 600 600 600 600 73 46 0 73 52 0 73 42 0 73 44 0 146522 1208750 176368 6850 908750 5448
 9396.534907 44837 600 600 600 600 73 46 0 73 52 0 73 42 0 73 44 0 147254 1208750 177576 6850 908750 5448
 9396.734910 44838 600 600 600 600 73 46 0 73 52 0 73 42 0 73 44 0 146522 1208750 176368 6850 908750 5448
 9396.934911 44839 600 600 600 600 73 46 0 73 52 0 73 42 0 73 44 0 146522 1208750 176368 6850 908750 5448
 9397.134911 44840 600 600 600 600 73 46 0 73 52 0 73 42 0 73 44 0 146217 1208750 176368 6850 908750 5448
 9397.334911 44841 600 600 600 600 73 46 0 73 52 0 73 42 0 73 44 0 147010 1208750 177576 6850 908750 5448
 9397.534910 44842 600 600 600 600 73 46 0 73 52 0 73 42 0 73 44 0 146522 1208750 176368 6850 908750 5448
 9397.734848 44843 600 600 600 600 73 46 0 73 52 0 73 42 0 73 44 0 146522 1208750 176368 6850 908750 5448
 9397.934912 44844 600 600 600 600 73 46 0 73 52 0 73 42 0 73 44 0 146522 1208750 176368 6850 908750 5448
 9398.134911 44845 600 600 600 600 73 46 0 73 52 0 73 42 0 73 44 0 146522 1208750 176368 6850 908750 5448
 9398.334910 44846 600 600 600 600 73 46 0 73 52 0 73 42 0 73 44 0 146217 1208750 176368 6850 908750 5448
 9398.534910 44847 600 600 600 600 73 46 0 73 52 0 73 42 0 73 44 0 146522 1208750 176368 6850 908750 5448
 9398.734910 44848 600 600 600 600 73 46 0 73 52 0 73 42 0 73 44 0 146522 1208750 176368 6850 908750 5448
 9398.934910 44849 600 600 600 600 73 46 0 73 52 0 73 42 0 73 44 0 146766 1208750 176368 6850 908750 5448
 9399.134910 44850 600 600 600 600 73 46 0 73 52 0 73 42 0 73 44 0 146766 1208750 176368 6850 908750 5448
 9399.334937 44851 600 600 600 600 73 46 0 73 52 0 73 42 0 73 44 0 146766 1208750 176368 6850 908750 5448
 9399.534911 44852 600 600 600 600 73 46 0 73 52 0 73 42 0 73 44 0 146766 1208750 176368 6850 908750 5448
 9399.734910 44853 600 600 600 600 73 46 0 73 52 0 73 42 0 73 44 0 146217 1208750 176368 6850 908750 5448
 9399.934907 44854 600 600 600 600 73 46 0 73 52 0 73 42 0 73 44 0 146522 1208750 176368 6850 908750 5448
 9400.134910 44855 600 600 600 600 74 46 0 74 52 0 74 42 0 74 44 0 145485 1208750 175160 6850 908750 5448
 9400.334910 44856 600 600 600 600 74 46 0 74 52 0 74 42 0 74 44 0 145485 1208750 175160 6850 908750 5448
 9400.534912 44857 600 600 600 600 74 46 0 74 52 0 74 42 0 74 44 0 146522 1208750 176368 6850 908750 5448
 9400.734910 44858 600 600 600 600 74 46 0 74 52 0 74 42 0 74 44 0 145973 1208750 175160 6850 908750 5448
 9400.934907 44859 600 600 600 600 74 46 0 74 52 0 74 42 0 74 44 0 146217 1208750 176368 6850 908750 5448
 9401.134911 44860 600 600 600 600 73 46 0 73 52 0 73 42 0 73 44 0 146217 1208750 176368 6850 908750 5448
 9401.334933 44861 600 600 600 600 73 46 0 73 52 0 73 42 0 73 44 0 145729 1208750 175160 6850 908750 5448
 9401.534910 44862 600 600 600 600 73 46 0 73 52 0 73 42 0 73 44 0 145485 1208750 175160 6850 908750 5448
 9401.734910 44863 600 600 600 600 73 46 0 73 52 0 73 42 0 73 44 0 146217 1208750 176368 6850 908750 5448
 9401.934911 44864 600 600 600 600 73 46 0 73 52 0 73 42 0 73 44 0 146217 1208750 176368 6850 908750 5448
 9402.134911 44865 600 600 600 600 73 46 0 73 52 0 73 42 0 73 44 0 147254 1208750 177576 6850 908750 5448
 9402.334938 44866 600 600 600 600 73 46 0 73 52 0 73 42 0 73 44 0 146522 1208750 176368 6850 908750 5448
 9402.534910 44867 600 600 600 600 73 46 0 73 52 0 73 42 0 73 44 0 146217 1208750 176368 6850 908750 5448
 9402.734910 44868 600 600 600 600 73 46 0 73 52 0 73 42 0 73 44 0 146217 1208750 176368 6850 908750 5448
 9402.934911 44869 600 600 600 600 73 46 0 73 52 0 73 42 0 73 44 0 147254 1208750 177576 6850 908750 5448
 9403.134912 44870 600 600 600 600 73 46 0 73 52 0 73 42 0 73 44 0 146522 1208750 176368 6850 908750 5448
 9403.334910 44871 600 600 600 600 73 46 0 73 52 0 73 42 0 73 44 0 146766 1208750 176368 6850 908750 5448
 9403.534910 44872 600 600 600 600 73 46 0 73 52 0 73 42 0 73 44 0 146766 1208750 176368 6850 908750 5448
 9403.734912 44873 600 600 600 600 73 46 0 73 52 0 73 42 0 73 44 0 145973 1208750 175160 6850 908750 5448
 9403.934911 44874 600 600 600 600 73 46 0 73 52 0 73 42 0 73 44 0 147010 1208750 177576 6850 908750 5448
 9404.134911 44875 600 600 600 600 73 46 0 73 52 0 73 42 0 73 44 0 147254 1208750 177576 6850 908750 5448
 9404.334884 44876 600 600 600 600 73 46 0 73 52 0 73 42 0 73 44 0 146217 1208750 176368 6850 908750 5448
 9404.534906 44877 600 600 600 600 73 46 0 73 52 0 73 42 0 73 44 0 146217 1208750 176368 6850 908750 5448
 9404.734910 44878 600 600 600 600 73 46 0 73 52 0 73 42 0 73 44 0 145973 1208750 175160 7124 908750 6356
 9404.934873 44879 600 600 600 600 73 46 0 73 52 0 73 42 0 73 44 0 145973 1208750 175160 6850 908750 5448
 9405.134871 44880 600 600 600 600 73 46 0 73 52 0 73 42 0 73 44 0 146766 1208750 176368 6850 908750 5448
 9405.334885 44881 600 600 600 600 73 46 0 73 52 0 73 42 0 73 44 0 146766 1208750 176368 6850 908750 5448
 9405.534871 44882 600 600 600 600 73 46 0 73 52 0 73 42 0 73 44 0 146522 1208750 176368 6850 908750 5448
 9405.734871 44883 600 600 600 600 73 46 0 73 52 0 73 42 0 73 44 0 147010 1208750 177576 6850 908750 5448
 9405.934872 44884 600 600 600 600 73 46 0 73 52 0 73 42 0 73 44 0 147498 1208750 177576 6850 908750 5448
 9406.134870 44885 600 600 600 600 73 46 0 73 52 0 73 42 0 73 44 0 147498 1208750 177576 6850 908750 5448
 9406.334883 44886 600 600 600 600 73 46 0 73 52 0 73 42 0 73 44 0 146766 1208750 176368 6850 908750 5448
 9406.534871 44887 600 600 600 600 73 46 0 73 52 0 73 42 0 73 44 0 146522 1208750 176368 6850 908750 5448
 9406.734870 44888 600 600 600 600 73 46 0 73 52 0 73 42 0 73 44 0 146522 1208750 176368 6850 908750 5448
 9406.934871 44889 600 600 600 600 73 46 0 73 52 0 73 42 0 73 44 0 146522 1208750 176368 6850 908750 5448
 9407.134915 44890 600 600 600 600 74 46 0 74 52 0 74 42 0 74 44 0 146217 1208750 176368 6850 908750 5448
 9407.334894 44891 600 600 600 600 74 46 0 74 52 0 74 42 0 74 44 0 146766 1208750 176368 6850 908750 5448
 9407.534916 44892 600 600 600 600 73 46 0 73 52 0 73 42 0 73 44 0 146522 1208750 176368 6850 908750 5448
 9407.734853 44893 600 600 600 600 73 46 0 73 52 0 73 42 0 73 44 0 146522 1208750 176368 6850 908750 5448
 9407.934891 44894 600 600 600 600 73 46 0 73 52 0 73 42 0 73 44 0 147010 1208750 177576 6850 908750 5448
 9408.134895 44895 600 600 600 600 74 46 0 74 52 0 74 42 0 74 44 0 145973 1208750 175160 6850 908750 5448
 9408.334919 44896 600 600 600 600 74 46 0 74 52 0 74 42 0 74 44 0 145729 1208750 175160 6850 908750 5448
 9408.534894 44897 600 600 600 600 74 46 0 74 52 0 74 42 0 74 44 0 145729 1208750 175160 6850 908750 5448
 9408.734853 44898 600 600 600 600 74 46 0 74 52 0 74 42 0 74 44 0 146217 1208750 176368 6850 908750 5448
 9408.934892 44899 600 600 600 600 74 46 0 74 52 0 74 42 0 74 44 0 147010 1208750 177576 7124 908750 6356
 9409.134894 44900 600 600 600 600 73 46 0 73 52 0 73 42 0 73 44 0 145973 1208750 175160 6850 908750 5448
 9409.334894 44901 600 600 600 600 73 46 0 73 52 0 73 42 0 73 44 0 145973 1208750 175160 6850 908750 5448
 9409.534849 44902 600 600 600 600 73 46 0 73 52 0 73 42 0 73 44 0 147498 1208750 177576 6850 908750 5448
 9409.734855 44903 600 600 600 600 73 46 0 73 52 0 73 42 0 73 44 0 146217 1208750 176368 6850 908750 5448
 9409.934898 44904 600 600 600 600 73 46 0 73 52 0 73 42 0 73 44 0 148474 1208750 178784 6850 908750 5448
 9410.134848 44905 600 600 600 600 73 46 0 73 52 0 73 42 0 73 44 0 145973 1208750 175160 6850 908750 5448
 9410.334894 44906 600 600 600 600 73 46 0 73 52 0 73 42 0 73 44 0 145973 1208750 175160 6850 908750 5448
 9410.534895 44907 600 600 600 600 73 46 0 73 52 0 73 42 0 73 44 0 146522 1208750 176368 6850 908750 5448
 9410.734854 44908 600 600 600 600 73 46 0 73 52 0 73 42 0 73 44 0 146522 1208750 176368 6850 908750 5448
 9410.934894 44909 600 600 600 600 73 46 0 73 52 0 73 42 0 73 44 0 146522 1208750 176368 6850 908750 5448
 9411.134894 44910 600 600 600 600 73 46 0 73 52 0 73 42 0 73 44 0 146522 1208750 176368 6850 908750 5448
 9411.334921 44911 600 600 600 600 73 46 0 73 52 0 73 42 0 73 44 0 146217 1208750 176368 6850 908750 5448
 9411.534895 44912 600 600 600 600 73 46 0 73 52 0 73 42 0 73 44 0 147010 1208750 177576 6850 908750 5448
 9411.734854 44913 600 600 600 600 74 46 0 74 52 0 74 42 0 74 44 0 147010 1208750 177576 6850 908750 5448
 9411.934897 44914 600 600 600 600 74 46 0 74 52 0 74 42 0 74 44 0 147010 1208750 177576 6850 908750 5448
 9412.134895 44915 600 600 600 600 73 46 0 73 52 0 73 42 0 73 44 0 146217 1208750 176368 6850 908750 5448
 9412.334889 44916 600 600 600 600 73 46 0 73 52 0 73 42 0 73 44 0 146217 1208750 176368 6850 908750 5448
 9412.534893 44917 600 600 600 600 73 46 0 73 52 0 73 42 0 73 44 0 145729 1208750 175160 6850 908750 5448
 9412.734854 44918 600 600 600 600 73 46 0 73 52 0 73 42 0 73 44 0 145729 1208750 175160 6850 908750 5448
 9412.934896 44919 600 600 600 600 73 46 0 73 52 0 73 42 0 73 44 0 147010 1208750 177576 6850 908750 5448
 9413.134889 44920 600 600 600 600 73 46 0 73 52 0 73 42 0 73 44 0 145973 1208750 175160 6850 908750 5448
 9413.334890 44921 600 600 600 600 73 46 0 73 52 0 73 42 0 73 44 0 147254 1208750 177576 6850 908750 5448
 9413.534889 44922 600 600 600 600 73 46 0 73 52 0 73 42 0 73 44 0 147254 1208750 177576 6850 908750 5448
 9413.734853 44923 600 600 600 600 73 46 0 73 52 0 73 42 0 73 44 0 146522 1208750 176368 6850 908750 5448
 9413.934896 44924 600 600 600 600 73 46 0 73 52 0 73 42 0 73 44 0 145729 1208750 175160 6850 908750 5448
 9414.134889 44925 600 600 600 600 74 46 0 74 52 0 74 42 0 74 44 0 146766 1208750 176368 6850 908750 5448
 9414.334923 44926 600 600 600 600 74 46 0 74 52 0 74 42 0 74 44 0 146766 1208750 176368 6850 908750 5448
 9414.534895 44927 600 600 600 600 74 46 0 74 52 0 74 42 0 74 44 0 146522 1208750 176368 6850 908750 5448
 9414.734860 44928 600 600 600 600 74 46 0 74 52 0 74 42 0 74 44 0 146766 1208750 176368 6850 908750 5448
 9414.934896 44929 600 600 600 600 74 46 0 74 52 0 74 42 0 74 44 0 145973 1208750 175160 6850 908750 5448
 9415.134894 44930 600 600 600 600 73 46 0 73 52 0 73 42 0 73 44 0 145973 1208750 175160 6850 908750 5448
 9415.334895 44931 600 600 600 600 73 46 0 73 52 0 73 42 0 73 44 0 146522 1208750 176368 7124 908750 6356
 9415.534894 44932 600 600 600 600 73 46 0 73 52 0 73 42 0 73 44 0 146522 1208750 176368 6850 908750 5448
 9415.734948 44933 600 600 600 600 73 46 0 73 52 0 73 42 0 73 44 0 146522 1208750 176368 6850 908750 5448
 9415.934896 44934 600 600 600 600 73 46 0 73 52 0 73 42 0 73 44 0 146522 1208750 176368 6850 908750 5448
 9416.134895 44935 600 600 600 600 74 46 0 74 52 0 74 42 0 74 44 0 146766 1208750 176368 6850 908750 5448
 9416.334896 44936 600 600 600 600 74 46 0 74 52 0 74 42 0 74 44 0 147010 1208750 177576 6850 908750 5448
 9416.534894 44937 600 600 600 600 74 46 0 74 52 0 74 42 0 74 44 0 146766 1208750 176368 6850 908750 5448
 9416.734885 44938 600 600 600 600 74 46 0 74 52 0 74 42 0 74 44 0 146522 1208750 176368 6850 908750 5448
 9416.934908 44939 600 600 600 600 74 46 0 74 52 0 74 42 0 74 44 0 146522 1208750 176368 6850 908750 5448
 9417.134911 44940 600 600 600 600 73 46 0 73 52 0 73 42 0 73 44 0 146522 1208750 176368 6850 908750 5448
 9417.334939 44941 600 600 600 600 73 46 0 73 52 0 73 42 0 73 44 0 145729 1208750 175160 6850 908750 5448
 9417.534912 44942 600 600 600 600 73 46 0 73 52 0 73 42 0 73 44 0 147742 1208750 177576 6850 908750 5448
 9417.734894 44943 600 600 600 600 73 46 0 73 52 0 73 42 0 73 44 0 147742 1208750 177576 6850 908750 5448
 9417.934908 44944 600 600 600 600 74 46 0 74 52 0 74 42 0 74 44 0 146217 1208750 176368 6850 908750 5448
 9418.134911 44945 600 600 600 600 74 46 0 74 52 0 74 42 0 74 44 0 146522 1208750 176368 6850 908750 5448
 9418.334911 44946 600 600 600 600 74 46 0 74 52 0 74 42 0 74 44 0 146522 1208750 176368 6850 908750 5448
 9418.534911 44947 600 600 600 600 74 46 0 74 52 0 74 42 0 74 44 0 146522 1208750 176368 6850 908750 5448
 9418.734894 44948 600 600 600 600 74 46 0 74 52 0 74 42 0 74 44 0 145485 1208750 175160 6850 908750 5448
 9418.934912 44949 600 600 600 600 74 46 0 74 52 0 74 42 0 74 44 0 147010 1208750 177576 6850 908750 5448
 9419.134911 44950 600 600 600 600 73 46 0 73 52 0 73 42 0 73 44 0 146522 1208750 176368 6850 908750 5448
 9419.334911 44951 600 600 600 600 73 46 0 73 52 0 73 42 0 73 44 0 146522 1208750 176368 6850 908750 5448
 9419.534889 44952 600 600 600 600 73 46 0 73 52 0 73 42 0 73 44 0 145729 1208750 175160 6850 908750 5448
 9419.734894 44953 600 600 600 600 73 46 0 73 52 0 73 42 0 73 44 0 148474 1208750 178784 6850 908750 5448
 9419.934913 44954 600 600 600 600 73 46 0 73 52 0 73 42 0 73 44 0 146217 1208750 176368 6850 908750 5448
 9420.134911 44955 600 600 600 600 73 46 0 73 52 0 73 42 0 73 44 0 146217 1208750 176368 6850 908750 5448
 9420.334939 44956 600 600 600 600 73 46 0 73 52 0 73 42 0 73 44 0 146522 1208750 176368 7124 908750 6356
 9420.534912 44957 600 600 600 600 73 46 0 73 52 0 73 42 0 73 44 0 145729 1208750 175160 6850 908750 5448
 9420.734893 44958 600 600 600 600 73 46 0 73 52 0 73 42 0 73 44 0 145729 1208750 175160 7124 908750 6356
 9420.934914 44959 600 600 600 600 73 46 0 73 52 0 73 42 0 73 44 0 145729 1208750 175160 7124 908750 6356
 9421.134911 44960 600 600 600 600 73 46 0 73 52 0 73 42 0 73 44 0 146522 1208750 176368 6850 908750 5448
 9421.334906 44961 600 600 600 600 73 46 0 73 52 0 73 42 0 73 44 0 146217 1208750 176368 7124 908750 6356
 9421.534911 44962 600 600 600 600 73 46 0 73 52 0 73 42 0 73 44 0 145729 1208750 175160 6850 908750 5448
 9421.734894 44963 600 600 600 600 73 46 0 73 52 0 73 42 0 73 44 0 145729 1208750 175160 6850 908750 5448
 9421.934912 44964 600 600 600 600 73 46 0 73 52 0 73 42 0 73 44 0 146522 1208750 176368 6850 908750 5448
 9422.134911 44965 600 600 600 600 73 46 0 73 52 0 73 42 0 73 44 0 147498 1208750 177576 6850 908750 5448
 9422.334906 44966 600 600 600 600 73 46 0 73 52 0 73 42 0 73 44 0 146522 1208750 176368 7124 908750 6356
 9422.534847 44967 600 600 600 600 73 46 0 73 52 0 73 42 0 73 44 0 146766 1208750 176368 6850 908750 5448
 9422.734894 44968 600 600 600 600 73 46 0 73 52 0 73 42 0 73 44 0 146766 1208750 176368 6850 908750 5448
 9422.934912 44969 600 600 600 600 73 46 0 73 52 0 73 42 0 73 44 0 146522 1208750 176368 6850 908750 5448
 9423.134910 44970 600 600 600 600 73 46 0 73 52 0 73 42 0 73 44 0 146522 1208750 176368 6850 908750 5448
 9423.334938 44971 600 600 600 600 73 46 0 73 52 0 73 42 0 73 44 0 147742 1208750 177576 6850 908750 5448
 9423.534911 44972 600 600 600 600 73 46 0 73 52 0 73 42 0 73 44 0 147742 1208750 177576 6850 908750 5448
 9423.734893 44973 600 600 600 600 73 46 0 73 52 0 73 42 0 73 44 0 147742 1208750 177576 6850 908750 5448
 9423.934936 44974 600 600 600 600 73 46 0 73 52 0 73 42 0 73 44 0 147254 1208750 177576 6850 908750 5448
 9424.134911 44975 600 600 600 600 74 46 0 74 52 0 74 42 0 74 44 0 147254 1208750 177576 6850 908750 5448
 9424.334911 44976 600 600 600 600 74 46 0 74 52 0 74 42 0 74 44 0 147254 1208750 177576 6850 908750 5448
 9424.534913 44977 600 600 600 600 74 46 0 74 52 0 74 42 0 74 44 0 146217 1208750 176368 6850 908750 5448
 9424.734894 44978 600 600 600 600 74 46 0 74 52 0 74 42 0 74 44 0 146522 1208750 176368 6850 908750 5448
 9424.934907 44979 600 600 600 600 74 46 0 74 52 0 74 42 0 74 44 0 146522 1208750 176368 6850 908750 5448
 9425.134906 44980 600 600 600 600 74 46 0 74 52 0 74 42 0 74 44 0 146522 1208750 176368 6850 908750 5448
 9425.334911 44981 600 600 600 600 74 46 0 74 52 0 74 42 0 74 44 0 146522 1208750 176368 6850 908750 5448
 9425.534925 44982 600 600 600 600 74 46 0 74 52 0 74 42 0 74 44 0 145485 1208750 175160 6850 908750 5448
 9425.734889 44983 600 600 600 600 74 46 0 74 52 0 74 42 0 74 44 0 146217 1208750 176368 6850 908750 5448
 9425.934911 44984 600 600 600 600 74 46 0 74 52 0 74 42 0 74 44 0 146217 1208750 176368 6850 908750 5448
 9426.134910 44985 600 600 600 600 73 46 0 73 52 0 73 42 0 73 44 0 147010 1208750 177576 6850 908750 5448
 9426.334939 44986 600 600 600 600 73 46 0 73 52 0 73 42 0 73 44 0 145973 1208750 175160 7124 908750 6356
 9426.534911 44987 600 600 600 600 73 46 0 73 52 0 73 42 0 73 44 0 145973 1208750 175160 6850 908750 5448
 9426.734894 44988 600 600 600 600 73 46 0 73 52 0 73 42 0 73 44 0 145973 1208750 175160 6850 908750 5448
 9426.934906 44989 600 600 600 600 73 46 0 73 52 0 73 42 0 73 44 0 146522 1208750 176368 6850 908750 5448
 9427.134911 44990 600 600 600 600 73 46 0 73 52 0 73 42 0 73 44 0 146217 1208750 176368 6850 908750 5448
 9427.334911 44991 600 600 600 600 73 46 0 73 52 0 73 42 0 73 44 0 145729 1208750 175160 6850 908750 5448
 9427.534911 44992 600 600 600 600 73 46 0 73 52 0 73 42 0 73 44 0 145729 1208750 175160 6850 908750 5448
 9427.734893 44993 600 600 600 600 73 46 0 73 52 0 73 42 0 73 44 0 145241 1208750 175160 6850 908750 5448
 9427.934911 44994 600 600 600 600 73 46 0 73 52 0 73 42 0 73 44 0 145729 1208750 175160 6850 908750 5448
 9428.134912 44995 600 600 600 600 74 46 0 74 52 0 74 42 0 74 44 0 146522 1208750 176368 6850 908750 5448
 9428.334911 44996 600 600 600 600 74 46 0 74 52 0 74 42 0 74 44 0 146522 1208750 176368 6850 908750 5448
 9428.534912 44997 600 600 600 600 74 46 0 74 52 0 74 42 0 74 44 0 146522 1208750 176368 6850 908750 5448
 9428.734894 44998 600 600 600 600 74 46 0 74 52 0 74 42 0 74 44 0 146522 1208750 176368 6850 908750 5448
 9428.934911 44999 600 600 600 600 74 46 0 74 52 0 74 42 0 74 44 0 146217 1208750 176368 6850 908750 5448
 9429.134911 45000 600 600 600 600 73 46 0 73 52 0 73 42 0 73 44 0 146217 1208750 176368 6850 908750 5448
 9429.334938 45001 600 600 600 600 73 46 0 73 52 0 73 42 0 73 44 0 146217 1208750 176368 6850 908750 5448
 9429.534911 45002 600 600 600 600 73 46 0 73 52 0 73 42 0 73 44 0 147010 1208750 177576 6850 908750 5448
 9429.734894 45003 600 600 600 600 73 46 0 73 52 0 73 42 0 73 44 0 147010 1208750 177576 6850 908750 5448
 9429.934912 45004 600 600 600 600 73 46 0 73 52 0 73 42 0 73 44 0 146522 1208750 176368 7124 908750 6356
 9430.134911 45005 600 600 600 600 73 46 0 73 52 0 73 42 0 73 44 0 146522 1208750 176368 7124 908750 6356
 9430.334907 45006 600 600 600 600 73 46 0 73 52 0 73 42 0 73 44 0 146766 1208750 176368 6850 908750 5448
 9430.534910 45007 600 600 600 600 73 46 0 73 52 0 73 42 0 73 44 0 147254 1208750 177576 6850 908750 5448
 9430.734893 45008 600 600 600 600 73 46 0 73 52 0 73 42 0 73 44 0 146766 1208750 176368 6850 908750 5448
 9430.934912 45009 600 600 600 600 73 46 0 73 52 0 73 42 0 73 44 0 146766 1208750 176368 6850 908750 5448
 9431.134910 45010 600 600 600 600 74 46 0 74 52 0 74 42 0 74 44 0 146217 1208750 176368 6850 908750 5448
 9431.334906 45011 600 600 600 600 74 46 0 74 52 0 74 42 0 74 44 0 146217 1208750 176368 6850 908750 5448
 9431.534911 45012 600 600 600 600 74 46 0 74 52 0 74 42 0 74 44 0 147010 1208750 177576 6850 908750 5448
 9431.734894 45013 600 600 600 600 74 46 0 74 52 0 74 42 0 74 44 0 147010 1208750 177576 6850 908750 5448
 9431.934906 45014 600 600 600 600 74 46 0 74 52 0 74 42 0 74 44 0 147010 1208750 177576 6850 908750 5448
 9432.134930 45015 600 600 600 600 74 46 0 74 52 0 74 42 0 74 44 0 146522 1208750 176368 6850 908750 5448
 9432.334938 45016 600 600 600 600 74 46 0 74 52 0 74 42 0 74 44 0 145973 1208750 175160 6850 908750 5448
 9432.534911 45017 600 600 600 600 74 46 0 74 52 0 74 42 0 74 44 0 145973 1208750 175160 6850 908750 5448
 9432.734893 45018 600 600 600 600 74 46 0 74 52 0 74 42 0 74 44 0 146217 1208750 176368 6850 908750 5448
 9432.934911 45019 600 600 600 600 74 46 0 74 52 0 74 42 0 74 44 0 147010 1208750 177576 6850 908750 5448
 9433.134910 45020 600 600 600 600 73 46 0 73 52 0 73 42 0 73 44 0 146522 1208750 176368 6850 908750 5448
 9433.334910 45021 600 600 600 600 73 46 0 73 52 0 73 42 0 73 44 0 146522 1208750 176368 6850 908750 5448
 9433.534910 45022 600 600 600 600 73 46 0 73 52 0 73 42 0 73 44 0 146217 1208750 176368 6850 908750 5448
 9433.734893 45023 600 600 600 600 73 46 0 73 52 0 73 42 0 73 44 0 147010 1208750 177576 6850 908750 5448
 9433.934911 45024 600 600 600 600 73 46 0 73 52 0 73 42 0 73 44 0 146522 1208750 176368 6850 908750 5448
 9434.134910 45025 600 600 600 600 74 46 0 74 52 0 74 42 0 74 44 0 146522 1208750 176368 6850 908750 5448
 9434.334911 45026 600 600 600 600 73 46 0 73 52 0 73 42 0 73 44 0 146522 1208750 176368 6850 908750 5448
 9434.534911 45027 600 600 600 600 73 46 0 73 52 0 73 42 0 73 44 0 146217 1208750 176368 6850 908750 5448
 9434.734889 45028 600 600 600 600 73 46 0 73 52 0 73 42 0 73 44 0 146217 1208750 176368 6850 908750 5448
 9434.934848 45029 600 600 600 600 73 46 0 73 52 0 73 42 0 73 44 0 145973 1208750 175160 6850 908750 5448
 9435.134910 45030 600 600 600 600 73 46 0 73 52 0 73 42 0 73 44 0 145973 1208750 175160 6850 908750 5448
 9435.334938 45031 600 600 600 600 73 46 0 73 52 0 73 42 0 73 44 0 146522 1208750 176368 6850 908750 5448
 9435.534889 45032 600 600 600 600 73 46 0 73 52 0 73 42 0 73 44 0 146217 1208750 176368 6850 908750 5448
 9435.734884 45033 600 600 600 600 73 46 0 73 52 0 73 42 0 73 44 0 146217 1208750 176368 6850 908750 5448
 9435.934885 45034 600 600 600 600 73 46 0 73 52 0 73 42 0 73 44 0 146217 1208750 176368 6850 908750 5448
 9436.134890 45035 600 600 600 600 73 46 0 73 52 0 73 42 0 73 44 0 146522 1208750 176368 7124 908750 6356
 9436.334890 45036 600 600 600 600 74 46 0 74 52 0 74 42 0 74 44 0 146522 1208750 176368 6850 908750 5448
 9436.534889 45037 600 600 600 600 74 46 0 74 52 0 74 42 0 74 44 0 147010 1208750 177576 6850 908750 5448
 9436.734890 45038 600 600 600 600 74 46 0 74 52 0 74 42 0 74 44 0 147010 1208750 177576 6850 908750 5448
 9436.934889 45039 600 600 600 600 74 46 0 74 52 0 74 42 0 74 44 0 146766 1208750 176368 6850 908750 5448
 9437.134889 45040 600 600 600 600 74 46 0 74 52 0 74 42 0 74 44 0 146217 1208750 176368 6850 908750 5448
 9437.334890 45041 600 600 600 600 74 46 0 74 52 0 74 42 0 74 44 0 145973 1208750 175160 6850 908750 5448
 9437.534889 45042 600 600 600 600 74 46 0 74 52 0 74 42 0 74 44 0 145973 1208750 175160 6850 908750 5448
 9437.734889 45043 600 600 600 600 74 46 0 74 52 0 74 42 0 74 44 0 147254 1208750 177576 6850 908750 5448
 9437.934890 45044 600 600 600 600 74 46 0 74 52 0 74 42 0 74 44 0 146766 1208750 176368 6850 908750 5448
 9438.134889 45045 600 600 600 600 73 46 0 73 52 0 73 42 0 73 44 0 145973 1208750 175160 6850 908750 5448
 9438.334881 45046 600 600 600 600 74 46 0 74 52 0 74 42 0 74 44 0 145973 1208750 175160 6850 908750 5448
 9438.534847 45047 600 600 600 600 74 46 0 74 52 0 74 42 0 74 44 0 145729 1208750 175160 6850 908750 5448
 9438.734847 45048 600 600 600 600 74 46 0 74 52 0 74 42 0 74 44 0 146217 1208750 176368 6850 908750 5448
 9438.934874 45049 600 600 600 600 74 46 0 74 52 0 74 42 0 74 44 0 145973 1208750 175160 6850 908750 5448
 9439.134889 45050 600 600 600 600 73 46 0 73 52 0 73 42 0 73 44 0 145973 1208750 175160 6850 908750 5448
 9439.334894 45051 600 600 600 600 73 46 0 73 52 0 73 42 0 73 44 0 146217 1208750 176368 6850 908750 5448
 9439.534893 45052 600 600 600 600 73 46 0 73 52 0 73 42 0 73 44 0 145973 1208750 175160 6850 908750 5448
 9439.734893 45053 600 600 600 600 73 46 0 73 52 0 73 42 0 73 44 0 146217 1208750 176368 6850 908750 5448
 9439.934890 45054 600 600 600 600 73 46 0 73 52 0 73 42 0 73 44 0 146217 1208750 176368 6850 908750 5448
 9440.134889 45055 600 600 600 600 73 46 0 73 52 0 73 42 0 73 44 0 147010 1208750 177576 7124 908750 6356
 9440.334889 45056 600 600 600 600 73 46 0 73 52 0 73 42 0 73 44 0 146766 1208750 176368 6850 908750 5448
 9440.534894 45057 600 600 600 600 73 46 0 73 52 0 73 42 0 73 44 0 146217 1208750 176368 6850 908750 5448
 9440.734893 45058 600 600 600 600 73 46 0 73 52 0 73 42 0 73 44 0 146217 1208750 176368 6850 908750 5448
 9440.934896 45059 600 600 600 600 73 46 0 73 52 0 73 42 0 73 44 0 146522 1208750 176368 7124 908750 6356
 9441.134893 45060 600 600 600 600 73 46 0 73 52 0 73 42 0 73 44 0 146766 1208750 176368 7124 908750 6356
 9441.334921 45061 600 600 600 600 73 46 0 73 52 0 73 42 0 73 44 0 146217 1208750 176368 6850 908750 5448
 9441.534894 45062 600 600 600 600 73 46 0 73 52 0 73 42 0 73 44 0 146766 1208750 176368 6850 908750 5448
 9441.734893 45063 600 600 600 600 73 46 0 73 52 0 73 42 0 73 44 0 146766 1208750 176368 6850 908750 5448
 9441.934895 45064 600 600 600 600 73 46 0 73 52 0 73 42 0 73 44 0 146766 1208750 176368 6850 908750 5448
 9442.134894 45065 600 600 600 600 73 46 0 73 52 0 73 42 0 73 44 0 146766 1208750 176368 6850 908750 5448
 9442.334893 45066 600 600 600 600 73 46 0 73 52 0 73 42 0 73 44 0 146766 1208750 176368 6850 908750 5448
 9442.534894 45067 600 600 600 600 73 46 0 73 52 0 73 42 0 73 44 0 146766 1208750 176368 6850 908750 5448
 9442.734893 45068 600 600 600 600 73 46 0 73 52 0 73 42 0 73 44 0 147010 1208750 177576 6850 908750 5448
 9442.934911 45069 600 600 600 600 73 46 0 73 52 0 73 42 0 73 44 0 147010 1208750 177576 6850 908750 5448
 9443.134911 45070 600 600 600 600 73 46 0 73 52 0 73 42 0 73 44 0 146766 1208750 176368 7124 908750 6356
 9443.334910 45071 600 600 600 600 73 46 0 73 52 0 73 42 0 73 44 0 146766 1208750 176368 7124 908750 6356
 9443.534910 45072 600 600 600 600 73 46 0 73 52 0 73 42 0 73 44 0 145729 1208750 175160 6850 908750 5448
 9443.734889 45073 600 600 600 600 73 46 0 73 52 0 73 42 0 73 44 0 147010 1208750 177576 6850 908750 5448
 9443.934911 45074 600 600 600 600 73 46 0 73 52 0 73 42 0 73 44 0 146522 1208750 176368 6850 908750 5448
 9444.134911 45075 600 600 600 600 73 46 0 73 52 0 73 42 0 73 44 0 146522 1208750 176368 6850 908750 5448
 9444.334939 45076 600 600 600 600 73 46 0 73 52 0 73 42 0 73 44 0 146766 1208750 176368 7124 908750 6356
 9444.534892 45077 600 600 600 600 73 46 0 73 52 0 73 42 0 73 44 0 146766 1208750 176368 6850 908750 5448
 9444.734889 45078 600 600 600 600 73 46 0 73 52 0 73 42 0 73 44 0 147254 1208750 177576 6850 908750 5448
 9444.934913 45079 600 600 600 600 73 46 0 73 52 0 73 42 0 73 44 0 147254 1208750 177576 6850 908750 5448
 9445.134911 45080 600 600 600 600 73 46 0 73 52 0 73 42 0 73 44 0 146217 1208750 176368 6850 908750 5448
 9445.334911 45081 600 600 600 600 73 46 0 73 52 0 73 42 0 73 44 0 145729 1208750 175160 6850 908750 5448
 9445.534912 45082 600 600 600 600 73 46 0 73 52 0 73 42 0 73 44 0 146766 1208750 176368 6850 908750 5448
 9445.734893 45083 600 600 600 600 73 46 0 73 52 0 73 42 0 73 44 0 146766 1208750 176368 6850 908750 5448
 9445.934912 45084 600 600 600 600 73 46 0 73 52 0 73 42 0 73 44 0 146217 1208750 176368 6850 908750 5448
 9446.134911 45085 600 600 600 600 73 46 0 73 52 0 73 42 0 73 44 0 146522 1208750 176368 6850 908750 5448
 9446.334911 45086 600 600 600 600 73 46 0 73 52 0 73 42 0 73 44 0 147254 1208750 177576 6850 908750 5448
 9446.534934 45087 600 600 600 600 73 46 0 73 52 0 73 42 0 73 44 0 147254 1208750 177576 6850 908750 5448
 9446.734893 45088 600 600 600 600 73 46 0 73 52 0 73 42 0 73 44 0 146522 1208750 176368 7124 908750 6356
 9446.934912 45089 600 600 600 600 73 46 0 73 52 0 73 42 0 73 44 0 146522 1208750 176368 6850 908750 5448
 9447.134911 45090 600 600 600 600 74 46 0 74 52 0 74 42 0 74 44 0 147010 1208750 177576 6850 908750 5448
 9447.334913 45091 600 600 600 600 74 46 0 74 52 0 74 42 0 74 44 0 146217 1208750 176368 6850 908750 5448
 9447.534911 45092 600 600 600 600 74 46 0 74 52 0 74 42 0 74 44 0 146217 1208750 176368 6850 908750 5448
 9447.734894 45093 600 600 600 600 74 46 0 74 52 0 74 42 0 74 44 0 146522 1208750 176368 6850 908750 5448
 9447.934913 45094 600 600 600 600 74 46 0 74 52 0 74 42 0 74 44 0 147742 1208750 177576 6850 908750 5448
 9448.134906 45095 600 600 600 600 73 46 0 73 52 0 73 42 0 73 44 0 146522 1208750 176368 6850 908750 5448
 9448.334906 45096 600 600 600 600 73 46 0 73 52 0 73 42 0 73 44 0 146522 1208750 176368 6850 908750 5448
 9448.534912 45097 600 600 600 600 73 46 0 73 52 0 73 42 0 73 44 0 146522 1208750 176368 6850 908750 5448
 9448.734894 45098 600 600 600 600 74 46 0 74 52 0 74 42 0 74 44 0 145973 1208750 175160 6850 908750 5448
 9448.934912 45099 600 600 600 600 74 46 0 74 52 0 74 42 0 74 44 0 147010 1208750 177576 6850 908750 5448
 9449.134911 45100 600 600 600 600 73 46 0 73 52 0 73 42 0 73 44 0 147010 1208750 177576 6850 908750 5448
 9449.334911 45101 600 600 600 600 73 46 0 73 52 0 73 42 0 73 44 0 146766 1208750 176368 6850 908750 5448
 9449.534912 45102 600 600 600 600 73 46 0 73 52 0 73 42 0 73 44 0 147254 1208750 177576 6850 908750 5448
 9449.734894 45103 600 600 600 600 73 46 0 73 52 0 73 42 0 73 44 0 146522 1208750 176368 7124 908750 6356
 9449.934914 45104 600 600 600 600 73 46 0 73 52 0 73 42 0 73 44 0 146522 1208750 176368 7124 908750 6356
 9450.134911 45105 600 600 600 600 73 46 0 73 52 0 73 42 0 73 44 0 146766 1208750 176368 6850 908750 5448
 9450.334938 45106 600 600 600 600 73 46 0 73 52 0 73 42 0 73 44 0 146766 1208750 176368 6850 908750 5448
 9450.534913 45107 600 600 600 600 73 46 0 73 52 0 73 42 0 73 44 0 147254 1208750 177576 6850 908750 5448
 9450.734894 45108 600 600 600 600 74 46 0 74 52 0 74 42 0 74 44 0 147254 1208750 177576 6850 908750 5448
 9450.934913 45109 600 600 600 600 74 46 0 74 52 0 74 42 0 74 44 0 145973 1208750 175160 6850 908750 5448
 9451.134911 45110 600 600 600 600 73 46 0 73 52 0 73 42 0 73 44 0 146766 1208750 176368 6850 908750 5448
 9451.334910 45111 600 600 600 600 73 46 0 73 52 0 73 42 0 73 44 0 146217 1208750 176368 6850 908750 5448
 9451.534925 45112 600 600 600 600 73 46 0 73 52 0 73 42 0 73 44 0 146217 1208750 176368 6850 908750 5448
 9451.734893 45113 600 600 600 600 73 46 0 73 52 0 73 42 0 73 44 0 146522 1208750 176368 6850 908750 5448
 9451.934912 45114 600 600 600 600 73 46 0 73 52 0 73 42 0 73 44 0 146522 1208750 176368 6850 908750 5448
 9452.134913 45115 600 600 600 600 74 46 0 74 52 0 74 42 0 74 44 0 146522 1208750 176368 6850 908750 5448
 9452.334911 45116 600 600 600 600 74 46 0 74 52 0 74 42 0 74 44 0 146522 1208750 176368 6850 908750 5448
 9452.534911 45117 600 600 600 600 74 46 0 74 52 0 74 42 0 74 44 0 146522 1208750 176368 7124 908750 6356
 9452.734912 45118 600 600 600 600 74 46 0 74 52 0 74 42 0 74 44 0 146217 1208750 176368 6850 908750 5448
 9452.934914 45119 600 600 600 600 74 46 0 74 52 0 74 42 0 74 44 0 146522 1208750 176368 6850 908750 5448
 9453.134912 45120 600 600 600 600 73 46 0 73 52 0 73 42 0 73 44 0 146522 1208750 176368 6850 908750 5448
 9453.334938 45121 600 600 600 600 73 46 0 73 52 0 73 42 0 73 44 0 146217 1208750 176368 6850 908750 5448
 9453.534912 45122 600 600 600 600 73 46 0 73 52 0 73 42 0 73 44 0 146522 1208750 176368 6850 908750 5448
 9453.734893 45123 600 600 600 600 73 46 0 73 52 0 73 42 0 73 44 0 147498 1208750 177576 6850 908750 5448
 9453.934913 45124 600 600 600 600 73 46 0 73 52 0 73 42 0 73 44 0 145241 1208750 175160 6850 908750 5448
 9454.134911 45125 600 600 600 600 73 46 0 73 52 0 73 42 0 73 44 0 145241 1208750 175160 6850 908750 5448
 9454.334911 45126 600 600 600 600 73 46 0 73 52 0 73 42 0 73 44 0 146217 1208750 176368 6850 908750 5448
 9454.534849 45127 600 600 600 600 73 46 0 73 52 0 73 42 0 73 44 0 146522 1208750 176368 7124 908750 6356
 9454.734896 45128 600 600 600 600 73 46 0 73 52 0 73 42 0 73 44 0 145973 1208750 175160 6850 908750 5448
 9454.934914 45129 600 600 600 600 73 46 0 73 52 0 73 42 0 73 44 0 145973 1208750 175160 6850 908750 5448
 9455.134912 45130 600 600 600 600 73 46 0 73 52 0 73 42 0 73 44 0 149755 1208750 179992 7124 908750 6356
 9455.334910 45131 600 600 600 600 73 46 0 73 52 0 73 42 0 73 44 0 147254 1208750 177576 6850 908750 5448
 9455.534911 45132 600 600 600 600 73 46 0 73 52 0 73 42 0 73 44 0 146522 1208750 176368 6850 908750 5448
 9455.734910 45133 600 600 600 600 73 46 0 73 52 0 73 42 0 73 44 0 146522 1208750 176368 6850 908750 5448
 9455.934912 45134 600 600 600 600 73 46 0 73 52 0 73 42 0 73 44 0 147010 1208750 177576 7124 908750 6356
 9456.134908 45135 600 600 600 600 73 46 0 73 52 0 73 42 0 73 44 0 146217 1208750 176368 6850 908750 5448
 9456.334939 45136 600 600 600 600 73 46 0 73 52 0 73 42 0 73 44 0 146217 1208750 176368 6850 908750 5448
 9456.534911 45137 600 600 600 600 73 46 0 73 52 0 73 42 0 73 44 0 146217 1208750 176368 6850 908750 5448
 9456.734912 45138 600 600 600 600 73 46 0 73 52 0 73 42 0 73 44 0 146766 1208750 176368 6850 908750 5448
 9456.934915 45139 600 600 600 600 74 46 0 74 52 0 74 42 0 74 44 0 146766 1208750 176368 6850 908750 5448
 9457.134907 45140 600 600 600 600 74 46 0 74 52 0 74 42 0 74 44 0 145485 1208750 175160 7124 908750 6356
 9457.334906 45141 600 600 600 600 74 46 0 74 52 0 74 42 0 74 44 0 145485 1208750 175160 7124 908750 6356
 9457.534911 45142 600 600 600 600 74 46 0 74 52 0 74 42 0 74 44 0 147010 1208750 177576 6850 908750 5448
 9457.734911 45143 600 600 600 600 74 46 0 74 52 0 74 42 0 74 44 0 146766 1208750 176368 6850 908750 5448
 9457.934912 45144 600 600 600 600 74 46 0 74 52 0 74 42 0 74 44 0 146522 1208750 176368 6850 908750 5448
 9458.134910 45145 600 600 600 600 74 46 0 74 52 0 74 42 0 74 44 0 146522 1208750 176368 6850 908750 5448
 9458.334911 45146 600 600 600 600 74 46 0 74 52 0 74 42 0 74 44 0 147498 1208750 177576 6850 908750 5448
 9458.534911 45147 600 600 600 600 74 46 0 74 52 0 74 42 0 74 44 0 146766 1208750 176368 7124 908750 6356
 9458.734911 45148 600 600 600 600 74 46 0 74 52 0 74 42 0 74 44 0 146217 1208750 176368 6850 908750 5448
 9458.934935 45149 600 600 600 600 74 46 0 74 52 0 74 42 0 74 44 0 146217 1208750 176368 6850 908750 5448
 9459.134911 45150 600 600 600 600 74 46 0 74 52 0 74 42 0 74 44 0 147010 1208750 177576 7124 908750 6356
 9459.334939 45151 600 600 600 600 74 46 0 74 52 0 74 42 0 74 44 0 147498 1208750 177576 6850 908750 5448
 9459.534912 45152 600 600 600 600 74 46 0 74 52 0 74 42 0 74 44 0 145729 1208750 175160 6850 908750 5448
 9459.734889 45153 600 600 600 600 74 46 0 74 52 0 74 42 0 74 44 0 147742 1208750 177576 7124 908750 6356
 9459.934912 45154 600 600 600 600 74 46 0 74 52 0 74 42 0 74 44 0 147742 1208750 177576 7124 908750 6356
 9460.134911 45155 600 600 600 600 74 46 0 74 52 0 74 42 0 74 44 0 146522 1208750 176368 6850 908750 5448
 9460.334911 45156 600 600 600 600 74 46 0 74 52 0 74 42 0 74 44 0 146522 1208750 176368 6850 908750 5448
 9460.534907 45157 600 600 600 600 74 46 0 74 52 0 74 42 0 74 44 0 147010 1208750 177576 7124 908750 6356
 9460.734906 45158 600 600 600 600 74 46 0 74 52 0 74 42 0 74 44 0 147010 1208750 177576 7124 908750 6356
 9460.934914 45159 600 600 600 600 74 46 0 74 52 0 74 42 0 74 44 0 146217 1208750 176368 7124 908750 6356
 9461.134906 45160 600 600 600 600 73 46 0 73 52 0 73 42 0 73 44 0 146522 1208750 176368 6850 908750 5448
 9461.334911 45161 600 600 600 600 73 46 0 73 52 0 73 42 0 73 44 0 146522 1208750 176368 6850 908750 5448
 9461.534911 45162 600 600 600 600 73 46 0 73 52 0 73 42 0 73 44 0 146522 1208750 176368 6850 908750 5448
 9461.734906 45163 600 600 600 600 73 46 0 73 52 0 73 42 0 73 44 0 145729 1208750 175160 7124 908750 6356
 9461.934912 45164 600 600 600 600 73 46 0 73 52 0 73 42 0 73 44 0 147010 1208750 177576 6850 908750 5448
 9462.134911 45165 600 600 600 600 74 46 0 74 52 0 74 42 0 74 44 0 145973 1208750 175160 6850 908750 5448
 9462.334938 45166 600 600 600 600 74 46 0 74 52 0 74 42 0 74 44 0 145973 1208750 175160 6850 908750 5448
 9462.534911 45167 600 600 600 600 74 46 0 74 52 0 74 42 0 74 44 0 145973 1208750 175160 6850 908750 5448
 9462.734913 45168 600 600 600 600 74 46 0 74 52 0 74 42 0 74 44 0 147010 1208750 177576 7124 908750 6356
 9462.934914 45169 600 600 600 600 74 46 0 74 52 0 74 42 0 74 44 0 145973 1208750 175160 7124 908750 6356
 9463.134912 45170 600 600 600 600 73 46 0 73 52 0 73 42 0 73 44 0 145973 1208750 175160 7124 908750 6356
 9463.334911 45171 600 600 600 600 73 46 0 73 52 0 73 42 0 73 44 0 146522 1208750 176368 6850 908750 5448
 9463.534911 45172 600 600 600 600 73 46 0 73 52 0 73 42 0 73 44 0 145973 1208750 175160 6850 908750 5448
 9463.734911 45173 600 600 600 600 73 46 0 73 52 0 73 42 0 73 44 0 146766 1208750 176368 7124 908750 6356
 9463.934912 45174 600 600 600 600 73 46 0 73 52 0 73 42 0 73 44 0 146766 1208750 176368 7124 908750 6356
 9464.134911 45175 600 600 600 600 74 46 0 74 52 0 74 42 0 74 44 0 145241 1208750 175160 6850 908750 5448
 9464.334911 45176 600 600 600 600 74 46 0 74 52 0 74 42 0 74 44 0 145973 1208750 175160 6850 908750 5448
 9464.534911 45177 600 600 600 600 74 46 0 74 52 0 74 42 0 74 44 0 146522 1208750 176368 6850 908750 5448
 9464.734911 45178 600 600 600 600 74 46 0 74 52 0 74 42 0 74 44 0 146522 1208750 176368 6850 908750 5448
 9464.934913 45179 600 600 600 600 74 46 0 74 52 0 74 42 0 74 44 0 146217 1208750 176368 6850 908750 5448
 9465.134906 45180 600 600 600 600 74 46 0 74 52 0 74 42 0 74 44 0 145729 1208750 175160 6850 908750 5448
 9465.334938 45181 600 600 600 600 74 46 0 74 52 0 74 42 0 74 44 0 146766 1208750 176368 6850 908750 5448
 9465.534911 45182 600 600 600 600 74 46 0 74 52 0 74 42 0 74 44 0 146766 1208750 176368 6850 908750 5448
 9465.734910 45183 600 600 600 600 74 46 0 74 52 0 74 42 0 74 44 0 146522 1208750 176368 7124 908750 6356
 9465.934913 45184 600 600 600 600 74 46 0 74 52 0 74 42 0 74 44 0 146217 1208750 176368 7124 908750 6356
 9466.134906 45185 600 600 600 600 74 46 0 74 52 0 74 42 0 74 44 0 145241 1208750 175160 6850 908750 5448
 9466.334911 45186 600 600 600 600 74 46 0 74 52 0 74 42 0 74 44 0 145729 1208750 175160 6850 908750 5448
 9466.534911 45187 600 600 600 600 74 46 0 74 52 0 74 42 0 74 44 0 145729 1208750 175160 6850 908750 5448
 9466.734912 45188 600 600 600 600 74 46 0 74 52 0 74 42 0 74 44 0 146766 1208750 176368 6850 908750 5448
 9466.934913 45189 600 600 600 600 74 46 0 74 52 0 74 42 0 74 44 0 146522 1208750 176368 6850 908750 5448
 9467.134911 45190 600 600 600 600 74 46 0 74 52 0 74 42 0 74 44 0 146766 1208750 176368 6850 908750 5448
 9467.334911 45191 600 600 600 600 74 46 0 74 52 0 74 42 0 74 44 0 146766 1208750 176368 6850 908750 5448
 9467.534911 45192 600 600 600 600 74 46 0 74 52 0 74 42 0 74 44 0 146217 1208750 176368 6850 908750 5448
 9467.734910 45193 600 600 600 600 74 46 0 74 52 0 74 42 0 74 44 0 146217 1208750 176368 6850 908750 5448
 9467.934912 45194 600 600 600 600 74 46 0 74 52 0 74 42 0 74 44 0 146217 1208750 176368 6850 908750 5448
 9468.134911 45195 600 600 600 600 73 46 0 73 52 0 73 42 0 73 44 0 146217 1208750 176368 6850 908750 5448
 9468.334939 45196 600 600 600 600 73 46 0 73 52 0 73 42 0 73 44 0 146217 1208750 176368 6850 908750 5448
 9468.534912 45197 600 600 600 600 73 46 0 73 52 0 73 42 0 73 44 0 146217 1208750 176368 6850 908750 5448
 9468.734911 45198 600 600 600 600 73 46 0 73 52 0 73 42 0 73 44 0 147010 1208750 177576 6850 908750 5448
 9468.934913 45199 600 600 600 600 73 46 0 73 52 0 73 42 0 73 44 0 147010 1208750 177576 6850 908750 5448
 9469.134911 45200 600 600 600 600 73 46 0 73 52 0 73 42 0 73 44 0 146766 1208750 176368 6850 908750 5448
 9469.334911 45201 600 600 600 600 73 46 0 73 52 0 73 42 0 73 44 0 147498 1208750 177576 6850 908750 5448
 9469.534907 45202 600 600 600 600 73 46 0 73 52 0 73 42 0 73 44 0 146766 1208750 176368 6850 908750 5448
 9469.734911 45203 600 600 600 600 73 46 0 73 52 0 73 42 0 73 44 0 146766 1208750 176368 6850 908750 5448
 9469.934912 45204 600 600 600 600 73 46 0 73 52 0 73 42 0 73 44 0 146766 1208750 176368 6850 908750 5448
 9470.134911 45205 600 600 600 600 74 46 0 74 52 0 74 42 0 74 44 0 146217 1208750 176368 7124 908750 6356
 9470.334910 45206 600 600 600 600 74 46 0 74 52 0 74 42 0 74 44 0 145485 1208750 175160 6850 908750 5448
 9470.534910 45207 600 600 600 600 74 46 0 74 52 0 74 42 0 74 44 0 145485 1208750 175160 6850 908750 5448
 9470.734919 45208 600 600 600 600 74 46 0 74 52 0 74 42 0 74 44 0 145973 1208750 175160 6850 908750 5448
 9470.934913 45209 600 600 600 600 74 46 0 74 52 0 74 42 0 74 44 0 147010 1208750 177576 6850 908750 5448
 9471.134933 45210 600 600 600 600 74 46 0 74 52 0 74 42 0 74 44 0 147254 1208750 177576 6850 908750 5448
 9471.334938 45211 600 600 600 600 74 46 0 74 52 0 74 42 0 74 44 0 147254 1208750 177576 6850 908750 5448
 9471.534910 45212 600 600 600 600 74 46 0 74 52 0 74 42 0 74 44 0 147010 1208750 177576 6850 908750 5448
 9471.734911 45213 600 600 600 600 74 46 0 74 52 0 74 42 0 74 44 0 145973 1208750 175160 6850 908750 5448
 9471.934912 45214 600 600 600 600 74 46 0 74 52 0 74 42 0 74 44 0 145485 1208750 175160 6850 908750 5448
 9472.134891 45215 600 600 600 600 73 46 0 73 52 0 73 42 0 73 44 0 146217 1208750 176368 6850 908750 5448
 9472.334911 45216 600 600 600 600 73 46 0 73 52 0 73 42 0 73 44 0 146217 1208750 176368 6850 908750 5448
 9472.534911 45217 600 600 600 600 73 46 0 73 52 0 73 42 0 73 44 0 146217 1208750 176368 6850 908750 5448
 9472.734910 45218 600 600 600 600 73 46 0 73 52 0 73 42 0 73 44 0 147010 1208750 177576 7124 908750 6356
 9472.934910 45219 600 600 600 600 73 46 0 73 52 0 73 42 0 73 44 0 146522 1208750 176368 7124 908750 6356
 9473.134911 45220 600 600 600 600 73 46 0 73 52 0 73 42 0 73 44 0 146522 1208750 176368 7124 908750 6356
 9473.334910 45221 600 600 600 600 74 46 0 74 52 0 74 42 0 74 44 0 145729 1208750 175160 6850 908750 5448
 9473.534910 45222 600 600 600 600 74 46 0 74 52 0 74 42 0 74 44 0 146522 1208750 176368 6850 908750 5448
 9473.734910 45223 600 600 600 600 74 46 0 74 52 0 74 42 0 74 44 0 146522 1208750 176368 6850 908750 5448
 9473.934911 45224 600 600 600 600 74 46 0 74 52 0 74 42 0 74 44 0 146522 1208750 176368 6850 908750 5448
 9474.134906 45225 600 600 600 600 74 46 0 74 52 0 74 42 0 74 44 0 145973 1208750 175160 6850 908750 5448
 9474.334938 45226 600 600 600 600 74 46 0 74 52 0 74 42 0 74 44 0 145729 1208750 175160 7124 908750 6356
 9474.534911 45227 600 600 600 600 74 46 0 74 52 0 74 42 0 74 44 0 145973 1208750 175160 7124 908750 6356
 9474.734911 45228 600 600 600 600 74 46 0 74 52 0 74 42 0 74 44 0 145973 1208750 175160 7124 908750 6356
 9474.934912 45229 600 600 600 600 74 46 0 74 52 0 74 42 0 74 44 0 146217 1208750 176368 7124 908750 6356
 9475.134906 45230 600 600 600 600 73 46 0 73 52 0 73 42 0 73 44 0 146766 1208750 176368 6850 908750 5448
 9475.334911 45231 600 600 600 600 74 46 0 74 52 0 74 42 0 74 44 0 147254 1208750 177576 6850 908750 5448
 9475.534910 45232 600 600 600 600 74 46 0 74 52 0 74 42 0 74 44 0 147254 1208750 177576 6850 908750 5448
 9475.734910 45233 600 600 600 600 74 46 0 74 52 0 74 42 0 74 44 0 146766 1208750 176368 6850 908750 5448
 9475.934938 45234 600 600 600 600 74 46 0 74 52 0 74 42 0 74 44 0 145729 1208750 175160 6850 908750 5448
 9476.134914 45235 600 600 600 600 73 46 0 73 52 0 73 42 0 73 44 0 61976 1208750 73688 6850 908750 5448
 9476.334914 45236 600 600 600 600 73 46 0 73 52 0 73 42 0 73 44 0 61976 1208750 73688 6850 908750 5448
 9476.534912 45237 600 600 600 600 73 46 0 73 52 0 73 42 0 73 44 0 23973 1208750 27784 6850 908750 5448
 9476.734911 45238 600 600 600 600 73 46 0 73 52 0 73 42 0 73 44 0 22509 1208750 26576 6850 908750 5448
 9476.934913 45239 600 600 600 600 73 46 0 73 52 0 73 42 0 73 44 0 22265 1208750 26576 6850 908750 5448
 9477.134910 45240 600 600 600 600 73 46 0 73 52 0 73 42 0 73 44 0 22265 1208750 26576 6850 908750 5448
