 5647.948813 27719 1200 1200 1200 1200 78 46 0 78 52 0 78 42 0 78 44 0 15250 1210000 18150 60280 1020000 61200
 5648.148813 27720 1200 1200 1200 1200 77 46 0 77 52 0 77 42 0 77 44 0 15006 1210000 18150 62472 1020000 63240
 5648.348809 27721 1200 1200 1200 1200 77 46 0 77 52 0 77 42 0 77 44 0 15250 1210000 18150 61650 1020000 62220
 5648.548796 27722 1200 1200 1200 1200 77 46 0 77 52 0 77 42 0 77 44 0 15250 1210000 18150 61650 1020000 62220
 5648.748814 27723 1200 1200 1200 1200 77 46 0 77 52 0 77 42 0 77 44 0 15250 1210000 18150 56170 1020000 57120
 5648.948814 27724 1200 1200 1200 1200 77 46 0 77 52 0 77 42 0 77 44 0 15006 1210000 18150 58088 1020000 59160
 5649.148815 27725 1200 1200 1200 1200 76 46 0 76 52 0 76 42 0 76 44 0 15250 1210000 18150 58088 1020000 59160
 5649.348792 27726 1200 1200 1200 1200 76 46 0 76 52 0 76 42 0 76 44 0 15006 1210000 18150 55348 1020000 56100
 5649.548814 27727 1200 1200 1200 1200 76 46 0 76 52 0 76 42 0 76 44 0 15006 1210000 18150 55348 1020000 56100
 5649.748814 27728 1200 1200 1200 1200 76 46 0 76 52 0 76 42 0 76 44 0 14762 1210000 16940 60006 1020000 61200
 5649.948814 27729 1200 1200 1200 1200 76 46 0 76 52 0 76 42 0 76 44 0 15006 1210000 18150 59458 1020000 60180
 5650.148812 27730 1200 1200 1200 1200 75 46 0 75 52 0 75 42 0 75 44 0 15250 1210000 18150 58088 1020000 59160
 5650.348939 27731 1200 1200 1200 1200 75 46 0 75 52 0 75 42 0 75 44 0 15250 1210000 18150 58088 1020000 59160
 5650.548814 27732 1200 1200 1200 1200 75 46 0 75 52 0 75 42 0 75 44 0 14762 1210000 16940 217556 1021250 221557
 5650.748810 27733 1200 1200 1200 1200 75 46 0 75 52 0 75 42 0 75 44 0 15006 1210000 18150 79186 1020000 80580
 5650.948813 27734 1200 1200 1200 1200 75 46 0 75 52 0 75 42 0 75 44 0 15006 1210000 18150 53430 1020000 54060
 5651.148813 27735 1200 1200 1200 1200 75 46 0 75 52 0 75 42 0 75 44 0 15006 1210000 18150 53430 1020000 54060
 5651.348919 27736 1200 1200 1200 1200 75 46 0 75 52 0 75 42 0 75 44 0 14762 1210000 16940 202212 1020000 206040
 5651.548849 27737 1200 1200 1200 1200 75 46 0 75 52 0 75 42 0 75 44 0 15006 1210000 18150 749664 1023750 766227
 5651.753849 27738 1200 1200 1200 1200 75 46 0 75 52 0 75 42 0 75 44 0 15006 1210000 18150 827754 1023750 846021
 5651.953805 27739 1200 1200 1200 1200 75 46 0 75 52 0 75 42 0 75 44 0 15006 1210000 18150 827754 1023750 846021
 5652.153823 27740 1200 1200 1200 1200 76 46 0 76 52 0 76 42 0 76 44 0 14762 1210000 16940 779530 1022500 796138
 5652.353823 27741 1200 1200 1200 1200 76 46 0 76 52 0 76 42 0 76 44 0 15006 1210000 18150 803094 1022500 820666
 5652.553822 27742 1200 1200 1200 1200 76 46 0 76 52 0 76 42 0 76 44 0 15250 1210000 18150 797066 1022500 814534
 5652.753822 27743 1200 1200 1200 1200 76 46 0 76 52 0 76 42 0 76 44 0 15250 1210000 18150 797066 1022500 814534
 5652.953825 27744 1200 1200 1200 1200 76 46 0 76 52 0 76 42 0 76 44 0 14762 1210000 16940 794874 1022500 811468
 5653.153818 27745 1200 1200 1200 1200 76 46 0 76 52 0 76 42 0 76 44 0 15006 1210000 18150 797614 1022500 814534
 5653.353822 27746 1200 1200 1200 1200 76 46 0 76 52 0 76 42 0 76 44 0 15006 1210000 18150 799532 1022500 816578
 5653.553822 27747 1200 1200 1200 1200 76 46 0 76 52 0 76 42 0 76 44 0 15006 1210000 18150 799532 1022500 816578
 5653.753822 27748 1200 1200 1200 1200 76 46 0 76 52 0 76 42 0 76 44 0 14762 1210000 16940 801724 1022500 818622
 5653.953851 27749 1200 1200 1200 1200 76 46 0 76 52 0 76 42 0 76 44 0 15006 1210000 18150 802272 1022500 819644
 5654.153823 27750 1200 1200 1200 1200 76 46 0 76 52 0 76 42 0 76 44 0 15006 1208750 18120 799806 1022500 816578
 5654.353804 27751 1200 1200 1200 1200 76 46 0 76 52 0 76 42 0 76 44 0 15006 1208750 18120 799806 1022500 816578
 5654.553822 27752 1200 1200 1200 1200 76 46 0 76 52 0 76 42 0 76 44 0 15006 1210000 18150 797888 1023750 815331
 5654.753822 27753 1200 1200 1200 1200 76 46 0 76 52 0 76 42 0 76 44 0 15006 1210000 18150 798436 1023750 816354
 5654.953823 27754 1200 1200 1200 1200 76 46 0 76 52 0 76 42 0 76 44 0 14518 1210000 16940 813232 1022500 830886
 5655.153801 27755 1200 1200 1200 1200 76 46 0 76 52 0 76 42 0 76 44 0 15006 1210000 18150 803642 1022500 820666
 5655.353822 27756 1200 1200 1200 1200 76 46 0 76 52 0 76 42 0 76 44 0 15006 1210000 18150 803642 1022500 820666
 5655.553818 27757 1200 1200 1200 1200 76 46 0 76 52 0 76 42 0 76 44 0 15250 1210000 18150 800354 1022500 817600
 5655.753822 27758 1200 1200 1200 1200 76 46 0 76 52 0 76 42 0 76 44 0 15006 1210000 18150 801450 1023750 819423
 5655.953823 27759 1200 1200 1200 1200 76 46 0 76 52 0 76 42 0 76 44 0 15250 1210000 18150 802272 1022500 819644
 5656.153822 27760 1200 1200 1200 1200 76 46 0 76 52 0 76 42 0 76 44 0 15250 1210000 18150 802272 1022500 819644
 5656.353820 27761 1200 1200 1200 1200 76 46 0 76 52 0 76 42 0 76 44 0 15006 1210000 18150 800080 1022500 817600
 5656.553815 27762 1200 1200 1200 1200 76 46 0 76 52 0 76 42 0 76 44 0 15250 1210000 18150 797614 1022500 814534
 5656.753820 27763 1200 1200 1200 1200 76 46 0 76 52 0 76 42 0 76 44 0 15250 1210000 18150 798436 1023750 816354
 5656.953820 27764 1200 1200 1200 1200 76 46 0 76 52 0 76 42 0 76 44 0 15250 1210000 18150 798436 1023750 816354
 5657.153820 27765 1200 1200 1200 1200 76 46 0 76 52 0 76 42 0 76 44 0 15006 1210000 18150 803368 1023750 821469
 5657.353821 27766 1200 1200 1200 1200 76 46 0 76 52 0 76 42 0 76 44 0 15250 1210000 18150 808848 1023750 826584
 5657.553819 27767 1200 1200 1200 1200 76 46 0 76 52 0 76 42 0 76 44 0 15006 1210000 18150 802272 1022500 819644
 5657.753820 27768 1200 1200 1200 1200 76 46 0 76 52 0 76 42 0 76 44 0 15006 1210000 18150 802272 1022500 819644
 5657.953821 27769 1200 1200 1200 1200 76 46 0 76 52 0 76 42 0 76 44 0 15006 1210000 18150 802272 1022500 819644
 5658.153820 27770 1200 1200 1200 1200 76 46 0 76 52 0 76 42 0 76 44 0 14762 1210000 16940 802546 1022500 819644
 5658.353819 27771 1200 1200 1200 1200 76 46 0 76 52 0 76 42 0 76 44 0 15006 1210000 18150 800080 1023750 818400
 5658.553819 27772 1200 1200 1200 1200 76 46 0 76 52 0 76 42 0 76 44 0 15006 1210000 18150 800080 1023750 818400
 5658.753820 27773 1200 1200 1200 1200 76 46 0 76 52 0 76 42 0 76 44 0 15250 1210000 18150 801998 1023750 819423
 5658.953815 27774 1200 1200 1200 1200 76 46 0 76 52 0 76 42 0 76 44 0 15006 1210000 18150 803094 1022500 820666
 5659.153819 27775 1200 1200 1200 1200 76 46 0 76 52 0 76 42 0 76 44 0 15006 1210000 18150 803094 1022500 820666
 5659.353820 27776 1200 1200 1200 1200 76 46 0 76 52 0 76 42 0 76 44 0 15006 1210000 18150 803094 1022500 820666
 5659.553820 27777 1200 1200 1200 1200 76 46 0 76 52 0 76 42 0 76 44 0 15006 1210000 18150 803094 1022500 820666
 5659.753820 27778 1200 1200 1200 1200 76 46 0 76 52 0 76 42 0 76 44 0 15006 1210000 18150 802272 1022500 819644
 5659.953819 27779 1200 1200 1200 1200 76 46 0 76 52 0 76 42 0 76 44 0 15250 1210000 18150 799532 1023750 817377
 5660.153819 27780 1200 1200 1200 1200 76 46 0 76 52 0 76 42 0 76 44 0 15250 1210000 18150 799532 1023750 817377
 5660.353821 27781 1200 1200 1200 1200 76 46 0 76 52 0 76 42 0 76 44 0 15250 1210000 18150 800354 1023750 818400
 5660.553820 27782 1200 1200 1200 1200 76 46 0 76 52 0 76 42 0 76 44 0 15006 1210000 18150 799258 1023750 817377
 5660.753819 27783 1200 1200 1200 1200 76 46 0 76 52 0 76 42 0 76 44 0 15006 1210000 18150 802820 1023750 820446
 5660.953804 27784 1200 1200 1200 1200 76 46 0 76 52 0 76 42 0 76 44 0 15006 1210000 18150 802820 1023750 820446
 5661.153820 27785 1200 1200 1200 1200 76 46 0 76 52 0 76 42 0 76 44 0 15250 1210000 18150 801998 1023750 819423
 5661.353816 27786 1200 1200 1200 1200 76 46 0 76 52 0 76 42 0 76 44 0 15250 1210000 18150 803642 1023750 821469
 5661.553821 27787 1200 1200 1200 1200 76 46 0 76 52 0 76 42 0 76 44 0 15006 1210000 18150 800902 1023750 818400
 5661.753820 27788 1200 1200 1200 1200 76 46 0 76 52 0 76 42 0 76 44 0 15006 1210000 18150 798984 1022500 815556
 5661.953820 27789 1200 1200 1200 1200 76 46 0 76 52 0 76 42 0 76 44 0 15006 1210000 18150 798984 1022500 815556
 5662.153819 27790 1200 1200 1200 1200 76 46 0 76 52 0 76 42 0 76 44 0 15250 1210000 18150 797614 1023750 815331
 5662.353820 27791 1200 1200 1200 1200 76 46 0 76 52 0 76 42 0 76 44 0 15006 1210000 18150 798710 1022500 815556
 5662.553820 27792 1200 1200 1200 1200 76 46 0 76 52 0 76 42 0 76 44 0 15006 1210000 18150 800354 1023750 818400
 5662.753820 27793 1200 1200 1200 1200 76 46 0 76 52 0 76 42 0 76 44 0 15006 1210000 18150 800354 1023750 818400
 5662.953820 27794 1200 1200 1200 1200 76 46 0 76 52 0 76 42 0 76 44 0 15006 1210000 18150 801724 1023750 819423
 5663.153819 27795 1200 1200 1200 1200 76 46 0 76 52 0 76 42 0 76 44 0 15250 1210000 18150 801450 1023750 819423
 5663.353820 27796 1200 1200 1200 1200 76 46 0 76 52 0 76 42 0 76 44 0 15250 1210000 18150 801724 1022500 818622
 5663.553820 27797 1200 1200 1200 1200 76 46 0 76 52 0 76 42 0 76 44 0 15250 1210000 18150 801724 1022500 818622
 5663.753816 27798 1200 1200 1200 1200 76 46 0 76 52 0 76 42 0 76 44 0 15006 1210000 18150 798710 1023750 816354
 5663.953822 27799 1200 1200 1200 1200 76 46 0 76 52 0 76 42 0 76 44 0 15006 1210000 18150 800080 1022500 817600
 5664.153820 27800 1200 1200 1200 1200 77 46 0 77 52 0 77 42 0 77 44 0 15250 1210000 18150 800354 1022500 817600
 5664.353820 27801 1200 1200 1200 1200 77 46 0 77 52 0 77 42 0 77 44 0 15250 1210000 18150 800354 1022500 817600
 5664.553820 27802 1200 1200 1200 1200 77 46 0 77 52 0 77 42 0 77 44 0 15006 1210000 18150 803368 1023750 821469
 5664.753820 27803 1200 1200 1200 1200 77 46 0 77 52 0 77 42 0 77 44 0 15250 1210000 18150 803094 1022500 820666
 5664.953819 27804 1200 1200 1200 1200 77 46 0 77 52 0 77 42 0 77 44 0 15250 1210000 18150 801724 1023750 819423
 5665.153819 27805 1200 1200 1200 1200 76 46 0 76 52 0 76 42 0 76 44 0 15250 1210000 18150 801724 1023750 819423
 5665.353820 27806 1200 1200 1200 1200 76 46 0 76 52 0 76 42 0 76 44 0 15006 1210000 18150 803916 1022500 820666
 5665.553819 27807 1200 1200 1200 1200 76 46 0 76 52 0 76 42 0 76 44 0 14762 1210000 16940 802272 1022500 819644
 5665.753821 27808 1200 1200 1200 1200 76 46 0 76 52 0 76 42 0 76 44 0 15006 1210000 18150 801450 1022500 818622
 5665.953835 27809 1200 1200 1200 1200 76 46 0 76 52 0 76 42 0 76 44 0 15006 1210000 18150 801450 1022500 818622
 5666.153820 27810 1200 1200 1200 1200 77 46 0 77 52 0 77 42 0 77 44 0 15250 1210000 18150 801998 1023750 819423
 5666.353820 27811 1200 1200 1200 1200 77 46 0 77 52 0 77 42 0 77 44 0 15006 1210000 18150 803642 1023750 821469
 5666.553820 27812 1200 1200 1200 1200 77 46 0 77 52 0 77 42 0 77 44 0 15006 1210000 18150 801724 1023750 819423
 5666.753819 27813 1200 1200 1200 1200 77 46 0 77 52 0 77 42 0 77 44 0 15006 1210000 18150 801724 1023750 819423
 5666.953822 27814 1200 1200 1200 1200 77 46 0 77 52 0 77 42 0 77 44 0 15250 1210000 18150 800628 1023750 818400
 5667.153816 27815 1200 1200 1200 1200 77 46 0 77 52 0 77 42 0 77 44 0 15250 1210000 18150 802272 1023750 820446
 5667.353819 27816 1200 1200 1200 1200 77 46 0 77 52 0 77 42 0 77 44 0 15250 1210000 18150 801450 1023750 819423
 5667.553798 27817 1200 1200 1200 1200 77 46 0 77 52 0 77 42 0 77 44 0 15250 1210000 18150 798436 1023750 816354
 5667.753820 27818 1200 1200 1200 1200 77 46 0 77 52 0 77 42 0 77 44 0 15250 1210000 18150 798436 1023750 816354
 5667.953819 27819 1200 1200 1200 1200 77 46 0 77 52 0 77 42 0 77 44 0 15250 1210000 18150 798710 1023750 816354
 5668.153820 27820 1200 1200 1200 1200 76 46 0 76 52 0 76 42 0 76 44 0 15250 1210000 18150 798710 1022500 815556
 5668.353820 27821 1200 1200 1200 1200 76 46 0 76 52 0 76 42 0 76 44 0 15006 1210000 18150 799806 1022500 816578
 5668.553820 27822 1200 1200 1200 1200 76 46 0 76 52 0 76 42 0 76 44 0 15006 1210000 18150 799806 1022500 816578
 5668.753820 27823 1200 1200 1200 1200 76 46 0 76 52 0 76 42 0 76 44 0 15250 1210000 18150 800628 1022500 817600
 5668.953820 27824 1200 1200 1200 1200 76 46 0 76 52 0 76 42 0 76 44 0 15006 1210000 18150 801176 1022500 818622
 5669.153820 27825 1200 1200 1200 1200 77 46 0 77 52 0 77 42 0 77 44 0 15250 1210000 18150 798984 1022500 815556
 5669.353820 27826 1200 1200 1200 1200 77 46 0 77 52 0 77 42 0 77 44 0 15250 1210000 18150 798984 1022500 815556
 5669.553816 27827 1200 1200 1200 1200 77 46 0 77 52 0 77 42 0 77 44 0 15250 1210000 18150 801176 1023750 819423
 5669.753820 27828 1200 1200 1200 1200 77 46 0 77 52 0 77 42 0 77 44 0 15006 1210000 18150 800080 1023750 818400
 5669.953823 27829 1200 1200 1200 1200 77 46 0 77 52 0 77 42 0 77 44 0 15250 1210000 18150 801176 1023750 819423
 5670.153820 27830 1200 1200 1200 1200 76 46 0 76 52 0 76 42 0 76 44 0 15250 1210000 18150 801176 1023750 819423
 5670.353820 27831 1200 1200 1200 1200 76 46 0 76 52 0 76 42 0 76 44 0 15006 1210000 18150 806108 1023750 824538
 5670.553820 27832 1200 1200 1200 1200 76 46 0 76 52 0 76 42 0 76 44 0 14762 1210000 16940 802272 1022500 819644
 5670.753821 27833 1200 1200 1200 1200 76 46 0 76 52 0 76 42 0 76 44 0 15250 1210000 18150 805286 1022500 822710
 5670.953820 27834 1200 1200 1200 1200 76 46 0 76 52 0 76 42 0 76 44 0 15250 1210000 18150 805286 1022500 822710
 5671.153820 27835 1200 1200 1200 1200 77 46 0 77 52 0 77 42 0 77 44 0 15006 1210000 18150 800628 1022500 817600
 5671.353820 27836 1200 1200 1200 1200 77 46 0 77 52 0 77 42 0 77 44 0 15250 1210000 18150 800354 1022500 817600
 5671.553820 27837 1200 1200 1200 1200 77 46 0 77 52 0 77 42 0 77 44 0 15006 1210000 18150 801998 1022500 818622
 5671.753819 27838 1200 1200 1200 1200 77 46 0 77 52 0 77 42 0 77 44 0 15006 1210000 18150 801998 1022500 818622
 5671.953815 27839 1200 1200 1200 1200 77 46 0 77 52 0 77 42 0 77 44 0 15006 1210000 18150 800354 1022500 817600
 5672.153820 27840 1200 1200 1200 1200 77 46 0 77 52 0 77 42 0 77 44 0 15250 1210000 18150 801998 1022500 818622
 5672.353820 27841 1200 1200 1200 1200 77 46 0 77 52 0 77 42 0 77 44 0 15006 1210000 18150 803368 1023750 821469
 5672.553821 27842 1200 1200 1200 1200 77 46 0 77 52 0 77 42 0 77 44 0 15006 1210000 18150 803368 1023750 821469
 5672.753819 27843 1200 1200 1200 1200 77 46 0 77 52 0 77 42 0 77 44 0 15006 1210000 18150 802820 1023750 820446
 5672.953822 27844 1200 1200 1200 1200 77 46 0 77 52 0 77 42 0 77 44 0 15006 1210000 18150 798984 1022500 815556
 5673.153819 27845 1200 1200 1200 1200 77 46 0 77 52 0 77 42 0 77 44 0 15250 1210000 18150 801998 1023750 819423
 5673.353803 27846 1200 1200 1200 1200 77 46 0 77 52 0 77 42 0 77 44 0 15250 1210000 18150 801998 1023750 819423
 5673.553821 27847 1200 1200 1200 1200 77 46 0 77 52 0 77 42 0 77 44 0 15006 1210000 18150 800080 1022500 817600
 5673.753819 27848 1200 1200 1200 1200 77 46 0 77 52 0 77 42 0 77 44 0 15006 1210000 18150 799806 1022500 816578
 5673.953820 27849 1200 1200 1200 1200 77 46 0 77 52 0 77 42 0 77 44 0 15006 1210000 18150 801998 1022500 818622
 5674.153794 27850 1200 1200 1200 1200 77 46 0 77 52 0 77 42 0 77 44 0 15250 1210000 18150 801450 1023750 819423
 5674.353820 27851 1200 1200 1200 1200 77 46 0 77 52 0 77 42 0 77 44 0 15250 1210000 18150 801450 1023750 819423
 5674.553820 27852 1200 1200 1200 1200 77 46 0 77 52 0 77 42 0 77 44 0 15250 1210000 18150 801998 1022500 818622
 5674.753821 27853 1200 1200 1200 1200 77 46 0 77 52 0 77 42 0 77 44 0 15006 1210000 18150 801176 1023750 819423
 5674.953820 27854 1200 1200 1200 1200 77 46 0 77 52 0 77 42 0 77 44 0 15250 1210000 18150 799258 1023750 817377
 5675.153819 27855 1200 1200 1200 1200 77 46 0 77 52 0 77 42 0 77 44 0 15250 1210000 18150 799258 1023750 817377
 5675.353816 27856 1200 1200 1200 1200 77 46 0 77 52 0 77 42 0 77 44 0 15006 1210000 18150 800628 1023750 818400
 5675.553820 27857 1200 1200 1200 1200 77 46 0 77 52 0 77 42 0 77 44 0 15250 1210000 18150 800080 1022500 817600
 5675.753820 27858 1200 1200 1200 1200 77 46 0 77 52 0 77 42 0 77 44 0 15006 1210000 18150 803094 1022500 820666
 5675.953822 27859 1200 1200 1200 1200 77 46 0 77 52 0 77 42 0 77 44 0 15006 1210000 18150 803094 1022500 820666
 5676.153820 27860 1200 1200 1200 1200 77 46 0 77 52 0 77 42 0 77 44 0 15250 1210000 18150 804464 1023750 822492
 5676.353819 27861 1200 1200 1200 1200 77 46 0 77 52 0 77 42 0 77 44 0 15250 1210000 18150 805012 1023750 823515
 5676.553820 27862 1200 1200 1200 1200 77 46 0 77 52 0 77 42 0 77 44 0 15006 1210000 18150 800354 1022500 817600
 5676.753819 27863 1200 1200 1200 1200 77 46 0 77 52 0 77 42 0 77 44 0 15006 1210000 18150 800354 1022500 817600
 5676.953819 27864 1200 1200 1200 1200 77 46 0 77 52 0 77 42 0 77 44 0 15006 1210000 18150 798984 1022500 815556
 5677.153820 27865 1200 1200 1200 1200 77 46 0 77 52 0 77 42 0 77 44 0 15250 1210000 18150 798984 1023750 816354
 5677.353820 27866 1200 1200 1200 1200 77 46 0 77 52 0 77 42 0 77 44 0 15006 1210000 18150 799258 1022500 816578
 5677.553819 27867 1200 1200 1200 1200 77 46 0 77 52 0 77 42 0 77 44 0 15006 1210000 18150 799258 1022500 816578
 5677.753816 27868 1200 1200 1200 1200 77 46 0 77 52 0 77 42 0 77 44 0 15006 1210000 18150 801176 1023750 819423
 5677.953820 27869 1200 1200 1200 1200 77 46 0 77 52 0 77 42 0 77 44 0 15250 1210000 18150 801176 1023750 819423
 5678.153820 27870 1200 1200 1200 1200 77 46 0 77 52 0 77 42 0 77 44 0 15250 1210000 18150 803094 1023750 821469
 5678.353821 27871 1200 1200 1200 1200 77 46 0 77 52 0 77 42 0 77 44 0 15250 1210000 18150 803094 1023750 821469
 5678.553819 27872 1200 1200 1200 1200 77 46 0 77 52 0 77 42 0 77 44 0 15006 1210000 18150 800902 1022500 817600
 5678.753820 27873 1200 1200 1200 1200 77 46 0 77 52 0 77 42 0 77 44 0 15006 1210000 18150 799532 1022500 816578
 5678.953821 27874 1200 1200 1200 1200 77 46 0 77 52 0 77 42 0 77 44 0 15250 1210000 18150 800354 1022500 817600
 5679.153820 27875 1200 1200 1200 1200 77 46 0 77 52 0 77 42 0 77 44 0 15250 1210000 18150 800354 1022500 817600
 5679.353819 27876 1200 1200 1200 1200 77 46 0 77 52 0 77 42 0 77 44 0 15250 1210000 18150 803368 1023750 821469
 5679.553821 27877 1200 1200 1200 1200 77 46 0 77 52 0 77 42 0 77 44 0 15250 1210000 18150 803368 1022500 820666
 5679.753819 27878 1200 1200 1200 1200 77 46 0 77 52 0 77 42 0 77 44 0 15006 1210000 18150 803368 1023750 821469
 5679.954043 27879 1200 1200 1200 1200 77 46 0 77 52 0 77 42 0 77 44 0 15006 1210000 18150 823918 1023750 841929
 5680.153820 27880 1200 1200 1200 1200 77 46 0 77 52 0 77 42 0 77 44 0 15006 1210000 18150 823918 1023750 841929
 5680.353819 27881 1200 1200 1200 1200 77 46 0 77 52 0 77 42 0 77 44 0 15006 1210000 18150 803642 1022500 820666
 5680.553820 27882 1200 1200 1200 1200 77 46 0 77 52 0 77 42 0 77 44 0 15250 1210000 18150 803094 1023750 821469
 5680.753820 27883 1200 1200 1200 1200 77 46 0 77 52 0 77 42 0 77 44 0 15250 1210000 18150 800902 1023750 818400
 5680.953820 27884 1200 1200 1200 1200 77 46 0 77 52 0 77 42 0 77 44 0 15250 1210000 18150 800902 1023750 818400
 5681.153820 27885 1200 1200 1200 1200 77 46 0 77 52 0 77 42 0 77 44 0 15006 1210000 18150 801450 1023750 819423
 5681.353820 27886 1200 1200 1200 1200 77 46 0 77 52 0 77 42 0 77 44 0 15006 1210000 18150 803916 1022500 820666
 5681.553820 27887 1200 1200 1200 1200 77 46 0 77 52 0 77 42 0 77 44 0 15006 1210000 18150 803368 1023750 821469
 5681.753820 27888 1200 1200 1200 1200 77 46 0 77 52 0 77 42 0 77 44 0 15006 1210000 18150 803368 1023750 821469
 5681.953822 27889 1200 1200 1200 1200 77 46 0 77 52 0 77 42 0 77 44 0 15250 1210000 18150 802546 1023750 820446
 5682.153820 27890 1200 1200 1200 1200 77 46 0 77 52 0 77 42 0 77 44 0 15006 1210000 18150 803642 1022500 820666
 5682.353815 27891 1200 1200 1200 1200 77 46 0 77 52 0 77 42 0 77 44 0 15006 1210000 18150 799258 1023750 817377
 5682.553821 27892 1200 1200 1200 1200 77 46 0 77 52 0 77 42 0 77 44 0 15006 1210000 18150 799258 1023750 817377
 5682.753821 27893 1200 1200 1200 1200 77 46 0 77 52 0 77 42 0 77 44 0 15250 1210000 18150 799258 1023750 817377
 5682.953820 27894 1200 1200 1200 1200 77 46 0 77 52 0 77 42 0 77 44 0 15006 1210000 18150 798710 1022500 815556
 5683.153820 27895 1200 1200 1200 1200 77 46 0 77 52 0 77 42 0 77 44 0 15006 1210000 18150 800902 1023750 818400
 5683.353820 27896 1200 1200 1200 1200 77 46 0 77 52 0 77 42 0 77 44 0 15006 1210000 18150 800902 1023750 818400
 5683.553819 27897 1200 1200 1200 1200 77 46 0 77 52 0 77 42 0 77 44 0 15250 1210000 18150 800902 1022500 817600
 5683.753820 27898 1200 1200 1200 1200 77 46 0 77 52 0 77 42 0 77 44 0 15250 1210000 18150 801724 1023750 819423
 5683.953819 27899 1200 1200 1200 1200 77 46 0 77 52 0 77 42 0 77 44 0 15006 1210000 18150 800080 1023750 818400
 5684.153846 27900 1200 1200 1200 1200 77 46 0 77 52 0 77 42 0 77 44 0 15006 1210000 18150 800080 1023750 818400
 5684.353819 27901 1200 1200 1200 1200 77 46 0 77 52 0 77 42 0 77 44 0 14762 1210000 16940 798984 1022500 815556
 5684.553820 27902 1200 1200 1200 1200 77 46 0 77 52 0 77 42 0 77 44 0 15250 1210000 18150 798710 1022500 815556
 5684.753816 27903 1200 1200 1200 1200 77 46 0 77 52 0 77 42 0 77 44 0 15250 1210000 18150 800354 1022500 817600
 5684.953822 27904 1200 1200 1200 1200 77 46 0 77 52 0 77 42 0 77 44 0 15250 1210000 18150 800354 1022500 817600
 5685.153820 27905 1200 1200 1200 1200 77 46 0 77 52 0 77 42 0 77 44 0 15250 1210000 18150 816246 1023750 834768
 5685.353820 27906 1200 1200 1200 1200 77 46 0 77 52 0 77 42 0 77 44 0 15006 1210000 18150 803368 1023750 821469
 5685.553819 27907 1200 1200 1200 1200 77 46 0 77 52 0 77 42 0 77 44 0 15250 1210000 18150 803368 1023750 821469
 5685.753803 27908 1200 1200 1200 1200 77 46 0 77 52 0 77 42 0 77 44 0 15250 1210000 18150 803368 1023750 821469
 5685.953819 27909 1200 1200 1200 1200 77 46 0 77 52 0 77 42 0 77 44 0 15006 1210000 18150 804190 1022500 821688
 5686.153799 27910 1200 1200 1200 1200 77 46 0 77 52 0 77 42 0 77 44 0 15250 1210000 18150 802546 1022500 819644
 5686.353798 27911 1200 1200 1200 1200 77 46 0 77 52 0 77 42 0 77 44 0 15006 1210000 18150 800628 1022500 817600
 5686.553798 27912 1200 1200 1200 1200 77 46 0 77 52 0 77 42 0 77 44 0 15250 1210000 18150 800354 1022500 817600
 5686.753798 27913 1200 1200 1200 1200 77 46 0 77 52 0 77 42 0 77 44 0 15250 1210000 18150 800354 1022500 817600
 5686.953798 27914 1200 1200 1200 1200 77 46 0 77 52 0 77 42 0 77 44 0 15006 1210000 18150 803368 1022500 820666
 5687.153798 27915 1200 1200 1200 1200 77 46 0 77 52 0 77 42 0 77 44 0 15250 1210000 18150 818712 1023750 836814
 5687.353798 27916 1200 1200 1200 1200 77 46 0 77 52 0 77 42 0 77 44 0 15250 1210000 18150 802546 1022500 819644
 5687.553798 27917 1200 1200 1200 1200 77 46 0 77 52 0 77 42 0 77 44 0 15250 1210000 18150 802546 1022500 819644
 5687.753799 27918 1200 1200 1200 1200 77 46 0 77 52 0 77 42 0 77 44 0 15250 1210000 18150 802546 1022500 819644
 5687.953800 27919 1200 1200 1200 1200 77 46 0 77 52 0 77 42 0 77 44 0 15250 1210000 18150 802272 1023750 820446
 5688.153794 27920 1200 1200 1200 1200 77 46 0 77 52 0 77 42 0 77 44 0 15006 1210000 18150 799258 1023750 817377
 5688.353799 27921 1200 1200 1200 1200 77 46 0 77 52 0 77 42 0 77 44 0 15006 1210000 18150 799258 1023750 817377
 5688.553799 27922 1200 1200 1200 1200 77 46 0 77 52 0 77 42 0 77 44 0 15250 1210000 18150 803368 1023750 821469
 5688.753752 27923 1200 1200 1200 1200 77 46 0 77 52 0 77 42 0 77 44 0 15250 1210000 18150 801724 1022500 818622
 5688.953752 27924 1200 1200 1200 1200 77 46 0 77 52 0 77 42 0 77 44 0 15006 1210000 18150 800628 1022500 817600
 5689.153751 27925 1200 1200 1200 1200 77 46 0 77 52 0 77 42 0 77 44 0 15006 1210000 18150 800628 1022500 817600
 5689.353750 27926 1200 1200 1200 1200 77 46 0 77 52 0 77 42 0 77 44 0 15006 1210000 18150 801450 1023750 819423
 5689.553802 27927 1200 1200 1200 1200 77 46 0 77 52 0 77 42 0 77 44 0 15250 1210000 18150 802820 1023750 820446
 5689.753803 27928 1200 1200 1200 1200 77 46 0 77 52 0 77 42 0 77 44 0 15006 1210000 18150 798984 1023750 816354
 5689.953803 27929 1200 1200 1200 1200 77 46 0 77 52 0 77 42 0 77 44 0 15006 1210000 18150 798984 1023750 816354
 5690.153802 27930 1200 1200 1200 1200 77 46 0 77 52 0 77 42 0 77 44 0 15250 1210000 18150 798710 1023750 816354
 5690.353802 27931 1200 1200 1200 1200 77 46 0 77 52 0 77 42 0 77 44 0 15250 1210000 18150 801176 1022500 818622
 5690.553798 27932 1200 1200 1200 1200 77 46 0 77 52 0 77 42 0 77 44 0 15006 1210000 18150 800354 1022500 817600
 5690.753802 27933 1200 1200 1200 1200 77 46 0 77 52 0 77 42 0 77 44 0 15006 1210000 18150 800354 1022500 817600
 5690.953804 27934 1200 1200 1200 1200 77 46 0 77 52 0 77 42 0 77 44 0 15006 1210000 18150 801176 1023750 819423
 5691.153848 27935 1200 1200 1200 1200 77 46 0 77 52 0 77 42 0 77 44 0 14762 1210000 16940 803094 1022500 820666
 5691.353794 27936 1200 1200 1200 1200 77 46 0 77 52 0 77 42 0 77 44 0 15006 1210000 18150 803368 1022500 820666
 5691.553794 27937 1200 1200 1200 1200 77 46 0 77 52 0 77 42 0 77 44 0 15006 1210000 18150 803368 1022500 820666
 5691.753795 27938 1200 1200 1200 1200 77 46 0 77 52 0 77 42 0 77 44 0 15250 1210000 18150 112340 1020000 114240
 5691.953794 27939 1200 1200 1200 1200 77 46 0 77 52 0 77 42 0 77 44 0 15250 1210000 18150 58362 1020000 59160
 5692.153793 27940 1200 1200 1200 1200 75 46 0 75 52 0 75 42 0 75 44 0 15006 1210000 18150 58362 1020000 59160
 5692.353794 27941 1200 1200 1200 1200 75 46 0 75 52 0 75 42 0 75 44 0 15006 1210000 18150 58362 1020000 59160
 5692.553793 27942 1200 1200 1200 1200 75 46 0 75 52 0 75 42 0 75 44 0 15006 1210000 18150 57540 1020000 58140
 5692.753795 27943 1200 1200 1200 1200 75 46 0 75 52 0 75 42 0 75 44 0 15250 1210000 18150 59732 1020000 60180
 5692.953808 27944 1200 1200 1200 1200 75 46 0 75 52 0 75 42 0 75 44 0 15006 1210000 18150 58362 1020000 59160
 5693.153813 27945 1200 1200 1200 1200 75 46 0 75 52 0 75 42 0 75 44 0 15250 1210000 18150 56170 1020000 57120
 5693.353812 27946 1200 1200 1200 1200 75 46 0 75 52 0 75 42 0 75 44 0 15250 1210000 18150 56170 1020000 57120
 5693.553812 27947 1200 1200 1200 1200 75 46 0 75 52 0 75 42 0 75 44 0 15006 1210000 18150 55348 1020000 56100
 5693.753812 27948 1200 1200 1200 1200 75 46 0 75 52 0 75 42 0 75 44 0 15006 1210000 18150 55348 1020000 56100
