25243.639899 124072 400 400 400 400 73 46 0 73 52 0 73 42 0 73 44 0 12261 975000 11700 7398 958750 6706
25243.839897 124073 400 400 400 400 73 46 0 73 52 0 73 42 0 73 44 0 12505 975000 11700 7398 958750 6706
25244.039897 124074 400 400 400 400 73 46 0 73 52 0 73 42 0 73 44 0 12017 975000 11700 7398 958750 6706
25244.239897 124075 400 400 400 400 73 46 0 73 52 0 73 42 0 73 44 0 12261 975000 11700 7124 958750 6706
25244.439900 124076 400 400 400 400 73 46 0 73 52 0 73 42 0 73 44 0 12261 975000 11700 7124 958750 6706
25244.639901 124077 400 400 400 400 73 46 0 73 52 0 73 42 0 73 44 0 12261 975000 11700 7124 958750 6706
25244.839897 124078 400 400 400 400 73 46 0 73 52 0 73 42 0 73 44 0 12017 975000 11700 7398 958750 6706
25245.039897 124079 400 400 400 400 73 46 0 73 52 0 73 42 0 73 44 0 12261 975000 11700 7124 958750 6706
25245.239897 124080 400 400 400 400 73 46 0 73 52 0 73 42 0 73 44 0 12261 975000 11700 7124 958750 6706
25245.439934 124081 400 400 400 400 73 46 0 73 52 0 73 42 0 73 44 0 12017 975000 11700 7124 958750 6706
25245.639916 124082 400 400 400 400 73 46 0 73 52 0 73 42 0 73 44 0 39223 975000 38025 7398 958750 6706
25245.839918 124083 400 400 400 400 73 46 0 73 52 0 73 42 0 73 44 0 12017 975000 11700 7398 958750 6706
25246.039917 124084 400 400 400 400 73 46 0 73 52 0 73 42 0 73 44 0 12017 975000 11700 7398 958750 6706
25246.239912 124085 400 400 400 400 73 46 0 73 52 0 73 42 0 73 44 0 11773 975000 10725 7124 958750 6706
25246.439929 124086 400 400 400 400 73 46 0 73 52 0 73 42 0 73 44 0 30500 975000 29250 7398 958750 6706
25246.639912 124087 400 400 400 400 73 46 0 73 52 0 73 42 0 73 44 0 82716 972500 79704 7124 958750 6706
25246.839952 124088 400 400 400 400 73 46 0 73 52 0 73 42 0 73 44 0 82716 972500 79704 7124 958750 6706
25247.039959 124089 400 400 400 400 73 46 0 73 52 0 73 42 0 73 44 0 83997 973750 80759 7398 958750 6706
25247.239980 124090 400 400 400 400 73 46 0 73 52 0 73 42 0 73 44 0 85217 972500 82620 7124 958750 6706
25247.439956 124091 400 400 400 400 73 46 0 73 52 0 73 42 0 73 44 0 82716 972500 79704 7124 958750 6706
25247.639970 124092 400 400 400 400 73 46 0 73 52 0 73 42 0 73 44 0 82716 972500 79704 7124 958750 6706
25247.839973 124093 400 400 400 400 73 46 0 73 52 0 73 42 0 73 44 0 82716 972500 79704 7124 958750 6706
25248.039966 124094 400 400 400 400 73 46 0 73 52 0 73 42 0 73 44 0 80764 972500 77760 7124 958750 6706
25248.239953 124095 400 400 400 400 73 46 0 73 52 0 73 42 0 73 44 0 80276 973750 77840 7398 958750 6706
25248.439951 124096 400 400 400 400 73 46 0 73 52 0 73 42 0 73 44 0 80276 973750 77840 7398 958750 6706
25248.639954 124097 400 400 400 400 73 46 0 73 52 0 73 42 0 73 44 0 76006 973750 73948 7398 958750 6706
25248.839950 124098 400 400 400 400 73 46 0 73 52 0 73 42 0 73 44 0 76006 972500 73872 7398 958750 6706
25249.039965 124099 400 400 400 400 73 46 0 73 52 0 73 42 0 73 44 0 76006 972500 73872 7398 958750 6706
25249.239925 124100 400 400 400 400 73 46 0 73 52 0 73 42 0 73 44 0 76006 972500 73872 7398 958750 6706
25249.439950 124101 400 400 400 400 73 46 0 73 52 0 73 42 0 73 44 0 75762 972500 72900 7398 958750 6706
25249.639952 124102 400 400 400 400 73 46 0 73 52 0 73 42 0 73 44 0 76006 973750 73948 7398 958750 6706
25249.839940 124103 400 400 400 400 73 46 0 73 52 0 73 42 0 73 44 0 75762 973750 72975 7398 958750 6706
25250.039964 124104 400 400 400 400 73 46 0 73 52 0 73 42 0 73 44 0 76006 972500 73872 7124 958750 6706
25250.239950 124105 400 400 400 400 73 46 0 73 52 0 73 42 0 73 44 0 76006 972500 73872 7124 958750 6706
25250.439951 124106 400 400 400 400 73 46 0 73 52 0 73 42 0 73 44 0 76250 973750 73948 7398 958750 6706
25250.639952 124107 400 400 400 400 73 46 0 73 52 0 73 42 0 73 44 0 76250 972500 73872 7398 958750 6706
25250.839950 124108 400 400 400 400 73 46 0 73 52 0 73 42 0 73 44 0 76250 973750 73948 7398 958750 6706
25251.039968 124109 400 400 400 400 73 46 0 73 52 0 73 42 0 73 44 0 76250 973750 73948 7398 958750 6706
25251.239937 124110 400 400 400 400 73 46 0 73 52 0 73 42 0 73 44 0 76250 972500 73872 7124 958750 6706
25251.439941 124111 400 400 400 400 73 46 0 73 52 0 73 42 0 73 44 0 76250 972500 73872 7398 958750 6706
25251.639944 124112 400 400 400 400 73 46 0 73 52 0 73 42 0 73 44 0 76250 972500 73872 7398 958750 6706
25251.839937 124113 400 400 400 400 73 46 0 73 52 0 73 42 0 73 44 0 76250 972500 73872 7398 958750 6706
25252.039979 124114 400 400 400 400 73 46 0 73 52 0 73 42 0 73 44 0 76494 972500 73872 7398 958750 6706
25252.239940 124115 400 400 400 400 73 46 0 73 52 0 73 42 0 73 44 0 76250 973750 73948 7398 958750 6706
25252.439950 124116 400 400 400 400 73 46 0 73 52 0 73 42 0 73 44 0 76494 972500 73872 7398 958750 6706
25252.639951 124117 400 400 400 400 73 46 0 73 52 0 73 42 0 73 44 0 76494 972500 73872 7398 958750 6706
25252.839951 124118 400 400 400 400 73 46 0 73 52 0 73 42 0 73 44 0 76738 972500 73872 7398 958750 6706
25253.039944 124119 400 400 400 400 73 46 0 73 52 0 73 42 0 73 44 0 76250 972500 73872 7398 958750 6706
25253.239938 124120 400 400 400 400 73 46 0 73 52 0 73 42 0 73 44 0 76006 972500 73872 7398 958750 6706
25253.439958 124121 400 400 400 400 73 46 0 73 52 0 73 42 0 73 44 0 76006 972500 73872 7398 958750 6706
25253.639941 124122 400 400 400 400 73 46 0 73 52 0 73 42 0 73 44 0 77226 972500 74844 7124 958750 6706
25253.839937 124123 400 400 400 400 73 46 0 73 52 0 73 42 0 73 44 0 76250 972500 73872 7398 958750 6706
25254.039979 124124 400 400 400 400 73 46 0 73 52 0 73 42 0 73 44 0 76250 972500 73872 7398 958750 6706
25254.239967 124125 400 400 400 400 73 46 0 73 52 0 73 42 0 73 44 0 76250 972500 73872 7398 958750 6706
25254.439938 124126 400 400 400 400 73 46 0 73 52 0 73 42 0 73 44 0 76250 973750 73948 7398 958750 6706
25254.639976 124127 400 400 400 400 73 46 0 73 52 0 73 42 0 73 44 0 75762 972500 72900 7124 958750 6706
25254.839951 124128 400 400 400 400 73 46 0 73 52 0 73 42 0 73 44 0 76250 972500 73872 7398 958750 6706
25255.039951 124129 400 400 400 400 73 46 0 73 52 0 73 42 0 73 44 0 76250 972500 73872 7398 958750 6706
25255.239950 124130 400 400 400 400 73 46 0 73 52 0 73 42 0 73 44 0 76006 972500 73872 7398 958750 6706
25255.439951 124131 400 400 400 400 73 46 0 73 52 0 73 42 0 73 44 0 76250 972500 73872 7398 958750 6706
25255.639942 124132 400 400 400 400 73 46 0 73 52 0 73 42 0 73 44 0 76006 972500 73872 7398 958750 6706
25255.839860 124133 400 400 400 400 73 46 0 73 52 0 73 42 0 73 44 0 76250 972500 73872 7398 958750 6706
25256.039970 124134 400 400 400 400 73 46 0 73 52 0 73 42 0 73 44 0 76250 972500 73872 7398 958750 6706
25256.239937 124135 400 400 400 400 73 46 0 73 52 0 73 42 0 73 44 0 76006 973750 73948 7124 958750 6706
25256.439937 124136 400 400 400 400 73 46 0 73 52 0 73 42 0 73 44 0 76250 972500 73872 7398 958750 6706
25256.639941 124137 400 400 400 400 73 46 0 73 52 0 73 42 0 73 44 0 76250 972500 73872 7398 958750 6706
25256.839937 124138 400 400 400 400 73 46 0 73 52 0 73 42 0 73 44 0 76250 972500 73872 7398 958750 6706
25257.039978 124139 400 400 400 400 73 46 0 73 52 0 73 42 0 73 44 0 76250 972500 73872 7398 958750 6706
25257.239970 124140 400 400 400 400 73 46 0 73 52 0 73 42 0 73 44 0 76006 972500 73872 7398 958750 6706
25257.439938 124141 400 400 400 400 73 46 0 73 52 0 73 42 0 73 44 0 76250 973750 73948 7398 958750 6706
25257.639960 124142 400 400 400 400 73 46 0 73 52 0 73 42 0 73 44 0 76250 973750 73948 7398 958750 6706
25257.839937 124143 400 400 400 400 73 46 0 73 52 0 73 42 0 73 44 0 76250 972500 73872 7398 958750 6706
25258.039974 124144 400 400 400 400 73 46 0 73 52 0 73 42 0 73 44 0 76250 972500 73872 7398 958750 6706
25258.239950 124145 400 400 400 400 73 46 0 73 52 0 73 42 0 73 44 0 75762 972500 72900 7398 958750 6706
25258.439950 124146 400 400 400 400 73 46 0 73 52 0 73 42 0 73 44 0 75762 972500 72900 7398 958750 6706
25258.639955 124147 400 400 400 400 73 46 0 73 52 0 73 42 0 73 44 0 76006 972500 73872 7398 958750 6706
25258.839950 124148 400 400 400 400 73 46 0 73 52 0 73 42 0 73 44 0 76250 972500 73872 7398 958750 6706
25259.039970 124149 400 400 400 400 73 46 0 73 52 0 73 42 0 73 44 0 76006 972500 73872 7124 958750 6706
25259.239936 124150 400 400 400 400 73 46 0 73 52 0 73 42 0 73 44 0 76006 972500 73872 7124 958750 6706
25259.439971 124151 400 400 400 400 73 46 0 73 52 0 73 42 0 73 44 0 76006 973750 73948 7398 958750 6706
25259.639953 124152 400 400 400 400 73 46 0 73 52 0 73 42 0 73 44 0 76006 972500 73872 7398 958750 6706
25259.839949 124153 400 400 400 400 73 46 0 73 52 0 73 42 0 73 44 0 76250 972500 73872 7124 958750 6706
25260.039968 124154 400 400 400 400 73 46 0 73 52 0 73 42 0 73 44 0 76250 972500 73872 7124 958750 6706
25260.239949 124155 400 400 400 400 73 46 0 73 52 0 73 42 0 73 44 0 75762 972500 72900 7398 958750 6706
25260.439939 124156 400 400 400 400 73 46 0 73 52 0 73 42 0 73 44 0 76006 972500 73872 7124 958750 6706
25260.639955 124157 400 400 400 400 73 46 0 73 52 0 73 42 0 73 44 0 77775 972500 74844 7124 958750 6706
25260.839951 124158 400 400 400 400 73 46 0 73 52 0 73 42 0 73 44 0 77775 972500 74844 7124 958750 6706
25261.039972 124159 400 400 400 400 73 46 0 73 52 0 73 42 0 73 44 0 75762 972500 72900 7398 958750 6706
25261.239937 124160 400 400 400 400 73 46 0 73 52 0 73 42 0 73 44 0 75518 972500 72900 7124 958750 6706
25261.439938 124161 400 400 400 400 73 46 0 73 52 0 73 42 0 73 44 0 76006 972500 73872 7124 958750 6706
25261.639939 124162 400 400 400 400 73 46 0 73 52 0 73 42 0 73 44 0 76006 972500 73872 7124 958750 6706
25261.839937 124163 400 400 400 400 73 46 0 73 52 0 73 42 0 73 44 0 76006 972500 73872 7124 958750 6706
25262.039977 124164 400 400 400 400 73 46 0 73 52 0 73 42 0 73 44 0 76250 972500 73872 7124 958750 6706
25262.239965 124165 400 400 400 400 73 46 0 73 52 0 73 42 0 73 44 0 76006 972500 73872 7398 958750 6706
25262.439937 124166 400 400 400 400 73 46 0 73 52 0 73 42 0 73 44 0 75762 972500 72900 7398 958750 6706
25262.639939 124167 400 400 400 400 73 46 0 73 52 0 73 42 0 73 44 0 75762 972500 72900 7398 958750 6706
25262.839937 124168 400 400 400 400 73 46 0 73 52 0 73 42 0 73 44 0 76006 972500 73872 7398 958750 6706
25263.039977 124169 400 400 400 400 73 46 0 73 52 0 73 42 0 73 44 0 76250 972500 73872 7398 958750 6706
25263.239953 124170 400 400 400 400 73 46 0 73 52 0 73 42 0 73 44 0 76006 972500 73872 7398 958750 6706
25263.439951 124171 400 400 400 400 73 46 0 73 52 0 73 42 0 73 44 0 76006 972500 73872 7398 958750 6706
25263.639953 124172 400 400 400 400 73 46 0 73 52 0 73 42 0 73 44 0 76494 972500 73872 7398 958750 6706
25263.839950 124173 400 400 400 400 73 46 0 73 52 0 73 42 0 73 44 0 76006 972500 73872 7398 958750 6706
25264.039964 124174 400 400 400 400 73 46 0 73 52 0 73 42 0 73 44 0 75762 973750 72975 7124 958750 6706
25264.239950 124175 400 400 400 400 73 46 0 73 52 0 73 42 0 73 44 0 75762 973750 72975 7124 958750 6706
25264.439950 124176 400 400 400 400 73 46 0 73 52 0 73 42 0 73 44 0 76250 972500 73872 7398 958750 6706
25264.639952 124177 400 400 400 400 73 46 0 73 52 0 73 42 0 73 44 0 76006 972500 73872 7398 958750 6706
25264.839950 124178 400 400 400 400 73 46 0 73 52 0 73 42 0 73 44 0 76250 972500 73872 7398 958750 6706
25265.039965 124179 400 400 400 400 73 46 0 73 52 0 73 42 0 73 44 0 76250 972500 73872 7398 958750 6706
25265.239944 124180 400 400 400 400 73 46 0 73 52 0 73 42 0 73 44 0 76250 972500 73872 7124 958750 6706
25265.439951 124181 400 400 400 400 73 46 0 73 52 0 73 42 0 73 44 0 76250 973750 73948 7398 958750 6706
25265.639952 124182 400 400 400 400 73 46 0 73 52 0 73 42 0 73 44 0 75762 972500 72900 7398 958750 6706
25265.839950 124183 400 400 400 400 73 46 0 73 52 0 73 42 0 73 44 0 75762 972500 72900 7398 958750 6706
25266.039972 124184 400 400 400 400 73 46 0 73 52 0 73 42 0 73 44 0 76006 972500 73872 7398 958750 6706
25266.239926 124185 400 400 400 400 73 46 0 73 52 0 73 42 0 73 44 0 76006 972500 73872 7124 958750 6706
25266.439938 124186 400 400 400 400 73 46 0 73 52 0 73 42 0 73 44 0 76006 972500 73872 7398 958750 6706
25266.639929 124187 400 400 400 400 73 46 0 73 52 0 73 42 0 73 44 0 76006 972500 73872 7398 958750 6706
25266.839926 124188 400 400 400 400 73 46 0 73 52 0 73 42 0 73 44 0 76006 972500 73872 7398 958750 6706
25267.039977 124189 400 400 400 400 73 46 0 73 52 0 73 42 0 73 44 0 76006 972500 73872 7124 958750 6706
25267.239967 124190 400 400 400 400 73 46 0 73 52 0 73 42 0 73 44 0 76250 972500 73872 7398 958750 6706
25267.439926 124191 400 400 400 400 73 46 0 73 52 0 73 42 0 73 44 0 76250 972500 73872 7398 958750 6706
25267.639929 124192 400 400 400 400 73 46 0 73 52 0 73 42 0 73 44 0 76250 972500 73872 7398 958750 6706
25267.839927 124193 400 400 400 400 73 46 0 73 52 0 73 42 0 73 44 0 75762 972500 72900 7398 958750 6706
25268.039976 124194 400 400 400 400 73 46 0 73 52 0 73 42 0 73 44 0 76250 972500 73872 7124 958750 6706
25268.239932 124195 400 400 400 400 73 46 0 73 52 0 73 42 0 73 44 0 76250 972500 73872 7124 958750 6706
25268.439950 124196 400 400 400 400 73 46 0 73 52 0 73 42 0 73 44 0 76006 972500 73872 7124 958750 6706
25268.639942 124197 400 400 400 400 73 46 0 73 52 0 73 42 0 73 44 0 76006 972500 73872 7398 958750 6706
25268.839950 124198 400 400 400 400 73 46 0 73 52 0 73 42 0 73 44 0 76494 972500 73872 7398 958750 6706
25269.039967 124199 400 400 400 400 73 46 0 73 52 0 73 42 0 73 44 0 76494 972500 73872 7398 958750 6706
25269.239950 124200 400 400 400 400 73 46 0 73 52 0 73 42 0 73 44 0 76494 972500 73872 7398 958750 6706
25269.439950 124201 400 400 400 400 73 46 0 73 52 0 73 42 0 73 44 0 76250 972500 73872 7398 958750 6706
25269.639952 124202 400 400 400 400 73 46 0 73 52 0 73 42 0 73 44 0 76250 972500 73872 7124 958750 6706
25269.839950 124203 400 400 400 400 73 46 0 73 52 0 73 42 0 73 44 0 76494 972500 73872 7398 958750 6706
25270.039964 124204 400 400 400 400 73 46 0 73 52 0 73 42 0 73 44 0 76494 972500 73872 7398 958750 6706
25270.239950 124205 400 400 400 400 73 46 0 73 52 0 73 42 0 73 44 0 76250 972500 73872 7398 958750 6706
25270.439950 124206 400 400 400 400 73 46 0 73 52 0 73 42 0 73 44 0 76494 972500 73872 7124 958750 6706
25270.639952 124207 400 400 400 400 73 46 0 73 52 0 73 42 0 73 44 0 76250 973750 73948 7398 958750 6706
25270.839950 124208 400 400 400 400 73 46 0 73 52 0 73 42 0 73 44 0 76250 973750 73948 7398 958750 6706
25271.039960 124209 400 400 400 400 73 46 0 73 52 0 73 42 0 73 44 0 76250 973750 73948 7398 958750 6706
25271.239950 124210 400 400 400 400 73 46 0 73 52 0 73 42 0 73 44 0 76006 972500 73872 7398 958750 6706
25271.439951 124211 400 400 400 400 73 46 0 73 52 0 73 42 0 73 44 0 75762 972500 72900 7398 958750 6706
25271.639952 124212 400 400 400 400 73 46 0 73 52 0 73 42 0 73 44 0 75762 972500 72900 7398 958750 6706
25271.839950 124213 400 400 400 400 73 46 0 73 52 0 73 42 0 73 44 0 76006 972500 73872 7124 958750 6706
25272.039966 124214 400 400 400 400 73 46 0 73 52 0 73 42 0 73 44 0 76250 972500 73872 7398 958750 6706
25272.239950 124215 400 400 400 400 73 46 0 73 52 0 73 42 0 73 44 0 76250 973750 73948 7398 958750 6706
25272.439950 124216 400 400 400 400 73 46 0 73 52 0 73 42 0 73 44 0 76250 973750 73948 7398 958750 6706
25272.639953 124217 400 400 400 400 73 46 0 73 52 0 73 42 0 73 44 0 76006 972500 73872 7398 958750 6706
25272.839950 124218 400 400 400 400 73 46 0 73 52 0 73 42 0 73 44 0 76250 972500 73872 7398 958750 6706
25273.039964 124219 400 400 400 400 73 46 0 73 52 0 73 42 0 73 44 0 76006 973750 73948 7124 958750 6706
25273.239949 124220 400 400 400 400 73 46 0 73 52 0 73 42 0 73 44 0 76006 973750 73948 7124 958750 6706
25273.439941 124221 400 400 400 400 73 46 0 73 52 0 73 42 0 73 44 0 76006 972500 73872 7398 958750 6706
25273.639951 124222 400 400 400 400 73 46 0 73 52 0 73 42 0 73 44 0 75762 972500 72900 7398 958750 6706
25273.839950 124223 400 400 400 400 73 46 0 73 52 0 73 42 0 73 44 0 76006 972500 73872 7398 958750 6706
25274.039964 124224 400 400 400 400 73 46 0 73 52 0 73 42 0 73 44 0 76006 972500 73872 7398 958750 6706
25274.239950 124225 400 400 400 400 73 46 0 73 52 0 73 42 0 73 44 0 76494 972500 73872 7398 958750 6706
25274.439950 124226 400 400 400 400 73 46 0 73 52 0 73 42 0 73 44 0 76250 973750 73948 7398 958750 6706
25274.639947 124227 400 400 400 400 73 46 0 73 52 0 73 42 0 73 44 0 76006 972500 73872 7124 958750 6706
25274.839920 124228 400 400 400 400 73 46 0 73 52 0 73 42 0 73 44 0 76006 972500 73872 7398 958750 6706
25275.039967 124229 400 400 400 400 73 46 0 73 52 0 73 42 0 73 44 0 76006 972500 73872 7398 958750 6706
25275.239950 124230 400 400 400 400 73 46 0 73 52 0 73 42 0 73 44 0 75762 972500 72900 7124 958750 6706
25275.439949 124231 400 400 400 400 73 46 0 73 52 0 73 42 0 73 44 0 75762 972500 72900 7398 958750 6706
25275.639939 124232 400 400 400 400 73 46 0 73 52 0 73 42 0 73 44 0 77226 973750 74921 7124 958750 6706
25275.839950 124233 400 400 400 400 73 46 0 73 52 0 73 42 0 73 44 0 77226 973750 74921 7124 958750 6706
25276.039970 124234 400 400 400 400 73 46 0 73 52 0 73 42 0 73 44 0 76006 972500 73872 7398 958750 6706
25276.239927 124235 400 400 400 400 73 46 0 73 52 0 73 42 0 73 44 0 76006 972500 73872 7398 958750 6706
25276.439970 124236 400 400 400 400 73 46 0 73 52 0 73 42 0 73 44 0 76250 973750 73948 7398 958750 6706
25276.639954 124237 400 400 400 400 73 46 0 73 52 0 73 42 0 73 44 0 76250 973750 73948 7398 958750 6706
25276.839950 124238 400 400 400 400 73 46 0 73 52 0 73 42 0 73 44 0 76006 972500 73872 7398 958750 6706
25277.039948 124239 400 400 400 400 73 46 0 73 52 0 73 42 0 73 44 0 76006 972500 73872 7398 958750 6706
25277.239950 124240 400 400 400 400 73 46 0 73 52 0 73 42 0 73 44 0 76250 973750 73948 7398 958750 6706
25277.439949 124241 400 400 400 400 73 46 0 73 52 0 73 42 0 73 44 0 76250 973750 73948 7398 958750 6706
25277.639948 124242 400 400 400 400 73 46 0 73 52 0 73 42 0 73 44 0 76006 972500 73872 7398 958750 6706
25277.839950 124243 400 400 400 400 73 46 0 73 52 0 73 42 0 73 44 0 76006 972500 73872 7398 958750 6706
25278.039940 124244 400 400 400 400 73 46 0 73 52 0 73 42 0 73 44 0 76006 972500 73872 7398 958750 6706
25278.239948 124245 400 400 400 400 73 46 0 73 52 0 73 42 0 73 44 0 76006 972500 73872 7398 958750 6706
25278.439951 124246 400 400 400 400 73 46 0 73 52 0 73 42 0 73 44 0 76006 972500 73872 7398 958750 6706
25278.639949 124247 400 400 400 400 73 46 0 73 52 0 73 42 0 73 44 0 76006 973750 73948 7398 958750 6706
25278.839950 124248 400 400 400 400 73 46 0 73 52 0 73 42 0 73 44 0 76006 972500 73872 7398 958750 6706
25279.039965 124249 400 400 400 400 73 46 0 73 52 0 73 42 0 73 44 0 76006 972500 73872 7398 958750 6706
25279.239950 124250 400 400 400 400 73 46 0 73 52 0 73 42 0 73 44 0 76250 972500 73872 7398 958750 6706
25279.439951 124251 400 400 400 400 73 46 0 73 52 0 73 42 0 73 44 0 76250 973750 73948 7124 958750 6706
25279.639947 124252 400 400 400 400 73 46 0 73 52 0 73 42 0 73 44 0 76250 973750 73948 7398 958750 6706
25279.839949 124253 400 400 400 400 73 46 0 73 52 0 73 42 0 73 44 0 76250 973750 73948 7398 958750 6706
25280.039962 124254 400 400 400 400 73 46 0 73 52 0 73 42 0 73 44 0 76006 972500 73872 7124 958750 6706
25280.239949 124255 400 400 400 400 73 46 0 73 52 0 73 42 0 73 44 0 76006 973750 73948 7398 958750 6706
25280.439941 124256 400 400 400 400 73 46 0 73 52 0 73 42 0 73 44 0 76250 972500 73872 7398 958750 6706
25280.639933 124257 400 400 400 400 73 46 0 73 52 0 73 42 0 73 44 0 76250 972500 73872 7398 958750 6706
25280.839951 124258 400 400 400 400 73 46 0 73 52 0 73 42 0 73 44 0 76250 973750 73948 7398 958750 6706
25281.039971 124259 400 400 400 400 73 46 0 73 52 0 73 42 0 73 44 0 76738 972500 73872 7398 958750 6706
25281.239927 124260 400 400 400 400 73 46 0 73 52 0 73 42 0 73 44 0 76494 973750 73948 7124 958750 6706
25281.439927 124261 400 400 400 400 73 46 0 73 52 0 73 42 0 73 44 0 76250 972500 73872 7124 958750 6706
25281.639907 124262 400 400 400 400 73 46 0 73 52 0 73 42 0 73 44 0 76250 972500 73872 7124 958750 6706
25281.839928 124263 400 400 400 400 73 46 0 73 52 0 73 42 0 73 44 0 76494 973750 73948 7124 958750 6706
25282.039977 124264 400 400 400 400 73 46 0 73 52 0 73 42 0 73 44 0 76006 972500 73872 7398 958750 6706
25282.239970 124265 400 400 400 400 73 46 0 73 52 0 73 42 0 73 44 0 76006 972500 73872 7124 958750 6706
25282.439926 124266 400 400 400 400 73 46 0 73 52 0 73 42 0 73 44 0 76006 972500 73872 7124 958750 6706
25282.639973 124267 400 400 400 400 73 46 0 73 52 0 73 42 0 73 44 0 76250 972500 73872 7398 958750 6706
25282.839952 124268 400 400 400 400 73 46 0 73 52 0 73 42 0 73 44 0 76494 972500 73872 7398 958750 6706
25283.039946 124269 400 400 400 400 73 46 0 73 52 0 73 42 0 73 44 0 76494 972500 73872 7398 958750 6706
25283.239950 124270 400 400 400 400 73 46 0 73 52 0 73 42 0 73 44 0 76494 972500 73872 7398 958750 6706
25283.439951 124271 400 400 400 400 73 46 0 73 52 0 73 42 0 73 44 0 76494 972500 73872 7398 958750 6706
25283.639947 124272 400 400 400 400 73 46 0 73 52 0 73 42 0 73 44 0 75762 972500 72900 7398 958750 6706
25283.839940 124273 400 400 400 400 73 46 0 73 52 0 73 42 0 73 44 0 76006 972500 73872 7398 958750 6706
25284.039966 124274 400 400 400 400 73 46 0 73 52 0 73 42 0 73 44 0 76006 972500 73872 7398 958750 6706
25284.239951 124275 400 400 400 400 73 46 0 73 52 0 73 42 0 73 44 0 76250 973750 73948 7398 958750 6706
25284.439950 124276 400 400 400 400 73 46 0 73 52 0 73 42 0 73 44 0 76006 972500 73872 7398 958750 6706
25284.639947 124277 400 400 400 400 73 46 0 73 52 0 73 42 0 73 44 0 75762 973750 72975 7398 958750 6706
25284.839952 124278 400 400 400 400 73 46 0 73 52 0 73 42 0 73 44 0 75762 973750 72975 7398 958750 6706
25285.039964 124279 400 400 400 400 73 46 0 73 52 0 73 42 0 73 44 0 76006 972500 73872 7124 958750 6706
25285.239950 124280 400 400 400 400 73 46 0 73 52 0 73 42 0 73 44 0 76006 972500 73872 7398 958750 6706
25285.439952 124281 400 400 400 400 73 46 0 73 52 0 73 42 0 73 44 0 75762 972500 72900 7124 958750 6706
25285.639946 124282 400 400 400 400 73 46 0 73 52 0 73 42 0 73 44 0 75762 972500 72900 7124 958750 6706
25285.839949 124283 400 400 400 400 73 46 0 73 52 0 73 42 0 73 44 0 76006 972500 73872 7398 958750 6706
25286.039964 124284 400 400 400 400 73 46 0 73 52 0 73 42 0 73 44 0 76006 972500 73872 7398 958750 6706
25286.239939 124285 400 400 400 400 73 46 0 73 52 0 73 42 0 73 44 0 76006 972500 73872 7398 958750 6706
25286.439949 124286 400 400 400 400 73 46 0 73 52 0 73 42 0 73 44 0 76006 972500 73872 7398 958750 6706
25286.639945 124287 400 400 400 400 73 46 0 73 52 0 73 42 0 73 44 0 76250 972500 73872 7398 958750 6706
25286.839950 124288 400 400 400 400 73 46 0 73 52 0 73 42 0 73 44 0 75762 973750 72975 7124 958750 6706
25287.039966 124289 400 400 400 400 73 46 0 73 52 0 73 42 0 73 44 0 75762 972500 72900 7124 958750 6706
25287.239925 124290 400 400 400 400 73 46 0 73 52 0 73 42 0 73 44 0 75762 972500 72900 7124 958750 6706
25287.439952 124291 400 400 400 400 73 46 0 73 52 0 73 42 0 73 44 0 76006 972500 73872 7124 958750 6706
25287.639947 124292 400 400 400 400 73 46 0 73 52 0 73 42 0 73 44 0 76250 972500 73872 7398 958750 6706
25287.839950 124293 400 400 400 400 73 46 0 73 52 0 73 42 0 73 44 0 76006 972500 73872 7398 958750 6706
25288.039962 124294 400 400 400 400 73 46 0 73 52 0 73 42 0 73 44 0 75762 972500 72900 7124 958750 6706
25288.239951 124295 400 400 400 400 73 46 0 73 52 0 73 42 0 73 44 0 75762 972500 72900 7124 958750 6706
25288.439950 124296 400 400 400 400 73 46 0 73 52 0 73 42 0 73 44 0 76250 972500 73872 7398 958750 6706
25288.639937 124297 400 400 400 400 73 46 0 73 52 0 73 42 0 73 44 0 76250 972500 73872 7124 958750 6706
25288.839951 124298 400 400 400 400 73 46 0 73 52 0 73 42 0 73 44 0 76006 973750 73948 7398 958750 6706
25289.039970 124299 400 400 400 400 73 46 0 73 52 0 73 42 0 73 44 0 76006 973750 73948 7398 958750 6706
25289.239937 124300 400 400 400 400 73 46 0 73 52 0 73 42 0 73 44 0 76006 972500 73872 7398 958750 6706
25289.439937 124301 400 400 400 400 73 46 0 73 52 0 73 42 0 73 44 0 75762 973750 72975 7398 958750 6706
25289.639916 124302 400 400 400 400 73 46 0 73 52 0 73 42 0 73 44 0 75762 972500 72900 7398 958750 6706
25289.839939 124303 400 400 400 400 73 46 0 73 52 0 73 42 0 73 44 0 75762 972500 72900 7398 958750 6706
25290.039977 124304 400 400 400 400 73 46 0 73 52 0 73 42 0 73 44 0 76006 972500 73872 7398 958750 6706
25290.239966 124305 400 400 400 400 73 46 0 73 52 0 73 42 0 73 44 0 76006 972500 73872 7398 958750 6706
25290.439928 124306 400 400 400 400 73 46 0 73 52 0 73 42 0 73 44 0 76006 973750 73948 7398 958750 6706
25290.639905 124307 400 400 400 400 73 46 0 73 52 0 73 42 0 73 44 0 76006 973750 73948 7398 958750 6706
25290.839928 124308 400 400 400 400 73 46 0 73 52 0 73 42 0 73 44 0 76006 973750 73948 7398 958750 6706
25291.039936 124309 400 400 400 400 73 46 0 73 52 0 73 42 0 73 44 0 75518 972500 72900 7398 958750 6706
25291.239915 124310 400 400 400 400 73 46 0 73 52 0 73 42 0 73 44 0 76006 972500 73872 7398 958750 6706
25291.439913 124311 400 400 400 400 73 46 0 73 52 0 73 42 0 73 44 0 76006 972500 73872 7398 958750 6706
25291.639917 124312 400 400 400 400 73 46 0 73 52 0 73 42 0 73 44 0 75518 973750 72975 7398 958750 6706
25291.839914 124313 400 400 400 400 73 46 0 73 52 0 73 42 0 73 44 0 76006 973750 73948 7398 958750 6706
25292.039918 124314 400 400 400 400 73 46 0 73 52 0 73 42 0 73 44 0 75762 972500 72900 7398 958750 6706
25292.239913 124315 400 400 400 400 73 46 0 73 52 0 73 42 0 73 44 0 75762 972500 72900 7398 958750 6706
25292.439914 124316 400 400 400 400 73 46 0 73 52 0 73 42 0 73 44 0 76250 972500 73872 7398 958750 6706
25292.639916 124317 400 400 400 400 73 46 0 73 52 0 73 42 0 73 44 0 76006 972500 73872 7398 958750 6706
25292.839914 124318 400 400 400 400 73 46 0 73 52 0 73 42 0 73 44 0 76006 972500 73872 7398 958750 6706
25293.039941 124319 400 400 400 400 73 46 0 73 52 0 73 42 0 73 44 0 76006 972500 73872 7398 958750 6706
25293.239914 124320 400 400 400 400 73 46 0 73 52 0 73 42 0 73 44 0 75762 972500 72900 7124 958750 6706
25293.439915 124321 400 400 400 400 73 46 0 73 52 0 73 42 0 73 44 0 75762 973750 72975 7398 958750 6706
25293.639906 124322 400 400 400 400 73 46 0 73 52 0 73 42 0 73 44 0 76250 972500 73872 7124 958750 6706
25293.839914 124323 400 400 400 400 73 46 0 73 52 0 73 42 0 73 44 0 76250 972500 73872 7398 958750 6706
25294.039919 124324 400 400 400 400 73 46 0 73 52 0 73 42 0 73 44 0 76250 972500 73872 7398 958750 6706
25294.239857 124325 400 400 400 400 73 46 0 73 52 0 73 42 0 73 44 0 76006 972500 73872 7398 958750 6706
25294.439867 124326 400 400 400 400 73 46 0 73 52 0 73 42 0 73 44 0 76250 972500 73872 7398 958750 6706
25294.639859 124327 400 400 400 400 73 46 0 73 52 0 73 42 0 73 44 0 75762 972500 72900 7398 958750 6706
25294.839856 124328 400 400 400 400 73 46 0 73 52 0 73 42 0 73 44 0 75762 972500 72900 7398 958750 6706
25295.039911 124329 400 400 400 400 73 46 0 73 52 0 73 42 0 73 44 0 76250 972500 73872 7398 958750 6706
25295.239909 124330 400 400 400 400 73 46 0 73 52 0 73 42 0 73 44 0 76250 972500 73872 7398 958750 6706
25295.439919 124331 400 400 400 400 73 46 0 73 52 0 73 42 0 73 44 0 76006 972500 73872 7398 958750 6706
25295.639905 124332 400 400 400 400 73 46 0 73 52 0 73 42 0 73 44 0 76006 972500 73872 7398 958750 6706
25295.839909 124333 400 400 400 400 73 46 0 73 52 0 73 42 0 73 44 0 77775 972500 74844 7398 958750 6706
25296.039909 124334 400 400 400 400 73 46 0 73 52 0 73 42 0 73 44 0 76250 973750 73948 7398 958750 6706
25296.239910 124335 400 400 400 400 73 46 0 73 52 0 73 42 0 73 44 0 76250 972500 73872 7398 958750 6706
25296.439907 124336 400 400 400 400 73 46 0 73 52 0 73 42 0 73 44 0 76250 972500 73872 7398 958750 6706
25296.639909 124337 400 400 400 400 73 46 0 73 52 0 73 42 0 73 44 0 76006 973750 73948 7398 958750 6706
25296.839909 124338 400 400 400 400 73 46 0 73 52 0 73 42 0 73 44 0 76250 972500 73872 7398 958750 6706
25297.039962 124339 400 400 400 400 73 46 0 73 52 0 73 42 0 73 44 0 76250 972500 73872 7398 958750 6706
25297.239969 124340 400 400 400 400 73 46 0 73 52 0 73 42 0 73 44 0 76250 972500 73872 7398 958750 6706
25297.439912 124341 400 400 400 400 73 46 0 73 52 0 73 42 0 73 44 0 76250 972500 73872 7398 958750 6706
25297.639861 124342 400 400 400 400 73 46 0 73 52 0 73 42 0 73 44 0 76250 972500 73872 7124 958750 6706
25297.839867 124343 400 400 400 400 73 46 0 73 52 0 73 42 0 73 44 0 76006 972500 73872 7398 958750 6706
25298.039866 124344 400 400 400 400 73 46 0 73 52 0 73 42 0 73 44 0 76006 972500 73872 7398 958750 6706
25298.239866 124345 400 400 400 400 73 46 0 73 52 0 73 42 0 73 44 0 75762 972500 72900 7124 958750 6706
25298.439867 124346 400 400 400 400 73 46 0 73 52 0 73 42 0 73 44 0 76006 972500 73872 7398 958750 6706
25298.639860 124347 400 400 400 400 73 46 0 73 52 0 73 42 0 73 44 0 76006 972500 73872 7124 958750 6706
25298.839883 124348 400 400 400 400 73 46 0 73 52 0 73 42 0 73 44 0 76006 972500 73872 7124 958750 6706
25299.039936 124349 400 400 400 400 73 46 0 73 52 0 73 42 0 73 44 0 75762 972500 72900 7124 958750 6706
25299.239938 124350 400 400 400 400 73 46 0 73 52 0 73 42 0 73 44 0 76006 972500 73872 7124 958750 6706
25299.439945 124351 400 400 400 400 73 46 0 73 52 0 73 42 0 73 44 0 76250 972500 73872 7398 958750 6706
25299.639923 124352 400 400 400 400 73 46 0 73 52 0 73 42 0 73 44 0 76250 972500 73872 7398 958750 6706
25299.839947 124353 400 400 400 400 73 46 0 73 52 0 73 42 0 73 44 0 76006 972500 73872 7398 958750 6706
25300.039976 124354 400 400 400 400 73 46 0 73 52 0 73 42 0 73 44 0 76006 972500 73872 7124 958750 6706
25300.239910 124355 400 400 400 400 73 46 0 73 52 0 73 42 0 73 44 0 76006 972500 73872 7398 958750 6706
25300.439910 124356 400 400 400 400 73 46 0 73 52 0 73 42 0 73 44 0 75762 972500 72900 7124 958750 6706
25300.639860 124357 400 400 400 400 73 46 0 73 52 0 73 42 0 73 44 0 75762 972500 72900 7124 958750 6706
25300.839910 124358 400 400 400 400 73 46 0 73 52 0 73 42 0 73 44 0 76250 972500 73872 7398 958750 6706
25301.039909 124359 400 400 400 400 73 46 0 73 52 0 73 42 0 73 44 0 76006 972500 73872 7398 958750 6706
25301.239910 124360 400 400 400 400 73 46 0 73 52 0 73 42 0 73 44 0 76250 972500 73872 7398 958750 6706
25301.439939 124361 400 400 400 400 73 46 0 73 52 0 73 42 0 73 44 0 76250 972500 73872 7398 958750 6706
25301.639860 124362 400 400 400 400 73 46 0 73 52 0 73 42 0 73 44 0 76006 972500 73872 7398 958750 6706
25301.839910 124363 400 400 400 400 73 46 0 73 52 0 73 42 0 73 44 0 75762 973750 72975 7398 958750 6706
25302.039964 124364 400 400 400 400 73 46 0 73 52 0 73 42 0 73 44 0 75518 972500 72900 7398 958750 6706
25302.239953 124365 400 400 400 400 73 46 0 73 52 0 73 42 0 73 44 0 75518 972500 72900 7398 958750 6706
25302.439947 124366 400 400 400 400 73 46 0 73 52 0 73 42 0 73 44 0 76006 972500 73872 7398 958750 6706
25302.639938 124367 400 400 400 400 73 46 0 73 52 0 73 42 0 73 44 0 76006 972500 73872 7124 958750 6706
25302.839942 124368 400 400 400 400 73 46 0 73 52 0 73 42 0 73 44 0 76006 972500 73872 7124 958750 6706
25303.039958 124369 400 400 400 400 73 46 0 73 52 0 73 42 0 73 44 0 76006 972500 73872 7124 958750 6706
25303.239910 124370 400 400 400 400 73 46 0 73 52 0 73 42 0 73 44 0 75762 972500 72900 7398 958750 6706
25303.439910 124371 400 400 400 400 73 46 0 73 52 0 73 42 0 73 44 0 75518 972500 72900 7398 958750 6706
25303.639904 124372 400 400 400 400 73 46 0 73 52 0 73 42 0 73 44 0 75762 973750 72975 7398 958750 6706
25303.839950 124373 400 400 400 400 73 46 0 73 52 0 73 42 0 73 44 0 75762 973750 72975 7398 958750 6706
25304.039952 124374 400 400 400 400 73 46 0 73 52 0 73 42 0 73 44 0 75762 972500 72900 7398 958750 6706
25304.239910 124375 400 400 400 400 73 46 0 73 52 0 73 42 0 73 44 0 75762 972500 72900 7398 958750 6706
25304.439910 124376 400 400 400 400 73 46 0 73 52 0 73 42 0 73 44 0 76250 972500 73872 7398 958750 6706
25304.639908 124377 400 400 400 400 73 46 0 73 52 0 73 42 0 73 44 0 76250 972500 73872 7398 958750 6706
25304.839910 124378 400 400 400 400 73 46 0 73 52 0 73 42 0 73 44 0 76006 972500 73872 7398 958750 6706
25305.039963 124379 400 400 400 400 73 46 0 73 52 0 73 42 0 73 44 0 76006 972500 73872 7124 958750 6706
25305.239949 124380 400 400 400 400 73 46 0 73 52 0 73 42 0 73 44 0 76006 973750 73948 7124 958750 6706
25305.439909 124381 400 400 400 400 73 46 0 73 52 0 73 42 0 73 44 0 76006 973750 73948 7124 958750 6706
25305.639968 124382 400 400 400 400 73 46 0 73 52 0 73 42 0 73 44 0 76250 973750 73948 7398 958750 6706
25305.839948 124383 400 400 400 400 73 46 0 73 52 0 73 42 0 73 44 0 76250 973750 73948 7398 958750 6706
25306.039944 124384 400 400 400 400 73 46 0 73 52 0 73 42 0 73 44 0 76494 972500 73872 7398 958750 6706
25306.239934 124385 400 400 400 400 73 46 0 73 52 0 73 42 0 73 44 0 76250 973750 73948 7398 958750 6706
25306.439944 124386 400 400 400 400 73 46 0 73 52 0 73 42 0 73 44 0 76250 973750 73948 7398 958750 6706
25306.639944 124387 400 400 400 400 73 46 0 73 52 0 73 42 0 73 44 0 76250 972500 73872 7398 958750 6706
25306.839944 124388 400 400 400 400 73 46 0 73 52 0 73 42 0 73 44 0 76250 973750 73948 7398 958750 6706
25307.039946 124389 400 400 400 400 73 46 0 73 52 0 73 42 0 73 44 0 76494 972500 73872 7398 958750 6706
25307.239921 124390 400 400 400 400 73 46 0 73 52 0 73 42 0 73 44 0 76494 972500 73872 7398 958750 6706
25307.439920 124391 400 400 400 400 73 46 0 73 52 0 73 42 0 73 44 0 76494 972500 73872 7124 958750 6706
25307.639918 124392 400 400 400 400 73 46 0 73 52 0 73 42 0 73 44 0 76006 972500 73872 7398 958750 6706
25307.839918 124393 400 400 400 400 73 46 0 73 52 0 73 42 0 73 44 0 76006 972500 73872 7398 958750 6706
25308.039924 124394 400 400 400 400 73 46 0 73 52 0 73 42 0 73 44 0 76006 972500 73872 7398 958750 6706
25308.239920 124395 400 400 400 400 73 46 0 73 52 0 73 42 0 73 44 0 76250 972500 73872 7398 958750 6706
25308.439920 124396 400 400 400 400 73 46 0 73 52 0 73 42 0 73 44 0 76494 973750 73948 7398 958750 6706
25308.639919 124397 400 400 400 400 73 46 0 73 52 0 73 42 0 73 44 0 76006 972500 73872 7398 958750 6706
25308.839919 124398 400 400 400 400 73 46 0 73 52 0 73 42 0 73 44 0 76006 972500 73872 7398 958750 6706
25309.039963 124399 400 400 400 400 73 46 0 73 52 0 73 42 0 73 44 0 76250 972500 73872 7398 958750 6706
25309.239948 124400 400 400 400 400 73 46 0 73 52 0 73 42 0 73 44 0 76006 972500 73872 7398 958750 6706
25309.439945 124401 400 400 400 400 73 46 0 73 52 0 73 42 0 73 44 0 76494 972500 73872 7398 958750 6706
25309.639943 124402 400 400 400 400 73 46 0 73 52 0 73 42 0 73 44 0 76494 972500 73872 7398 958750 6706
25309.839941 124403 400 400 400 400 73 46 0 73 52 0 73 42 0 73 44 0 76250 972500 73872 7398 958750 6706
25310.039953 124404 400 400 400 400 73 46 0 73 52 0 73 42 0 73 44 0 76494 972500 73872 7124 958750 6706
25310.239909 124405 400 400 400 400 73 46 0 73 52 0 73 42 0 73 44 0 76250 973750 73948 7398 958750 6706
25310.439921 124406 400 400 400 400 73 46 0 73 52 0 73 42 0 73 44 0 76250 973750 73948 7398 958750 6706
25310.639908 124407 400 400 400 400 73 46 0 73 52 0 73 42 0 73 44 0 76250 973750 73948 7398 958750 6706
25310.839909 124408 400 400 400 400 73 46 0 73 52 0 73 42 0 73 44 0 76006 972500 73872 7124 958750 6706
25311.039926 124409 400 400 400 400 73 46 0 73 52 0 73 42 0 73 44 0 76006 973750 73948 7124 958750 6706
25311.239926 124410 400 400 400 400 73 46 0 73 52 0 73 42 0 73 44 0 76006 973750 73948 7124 958750 6706
25311.439927 124411 400 400 400 400 73 46 0 73 52 0 73 42 0 73 44 0 76006 972500 73872 7124 958750 6706
25311.639909 124412 400 400 400 400 73 46 0 73 52 0 73 42 0 73 44 0 76006 972500 73872 7398 958750 6706
25311.839927 124413 400 400 400 400 73 46 0 73 52 0 73 42 0 73 44 0 76006 972500 73872 7398 958750 6706
25312.039926 124414 400 400 400 400 73 46 0 73 52 0 73 42 0 73 44 0 76006 972500 73872 7398 958750 6706
25312.239927 124415 400 400 400 400 73 46 0 73 52 0 73 42 0 73 44 0 75518 972500 72900 7398 958750 6706
25312.439927 124416 400 400 400 400 73 46 0 73 52 0 73 42 0 73 44 0 76006 972500 73872 7398 958750 6706
25312.639909 124417 400 400 400 400 73 46 0 73 52 0 73 42 0 73 44 0 76006 972500 73872 7398 958750 6706
25312.839927 124418 400 400 400 400 73 46 0 73 52 0 73 42 0 73 44 0 76006 972500 73872 7398 958750 6706
25313.039925 124419 400 400 400 400 73 46 0 73 52 0 73 42 0 73 44 0 76006 972500 73872 7398 958750 6706
25313.239926 124420 400 400 400 400 73 46 0 73 52 0 73 42 0 73 44 0 76006 972500 73872 7398 958750 6706
25313.439927 124421 400 400 400 400 73 46 0 73 52 0 73 42 0 73 44 0 75762 972500 72900 7398 958750 6706
25313.639908 124422 400 400 400 400 73 46 0 73 52 0 73 42 0 73 44 0 76250 972500 73872 7398 958750 6706
25313.839927 124423 400 400 400 400 73 46 0 73 52 0 73 42 0 73 44 0 76250 972500 73872 7398 958750 6706
25314.039976 124424 400 400 400 400 73 46 0 73 52 0 73 42 0 73 44 0 76250 972500 73872 7398 958750 6706
25314.239967 124425 400 400 400 400 73 46 0 73 52 0 73 42 0 73 44 0 75762 972500 72900 7398 958750 6706
25314.439927 124426 400 400 400 400 73 46 0 73 52 0 73 42 0 73 44 0 75762 972500 72900 7398 958750 6706
25314.639917 124427 400 400 400 400 73 46 0 73 52 0 73 42 0 73 44 0 75762 972500 72900 7398 958750 6706
25314.839926 124428 400 400 400 400 73 46 0 73 52 0 73 42 0 73 44 0 75762 972500 72900 7398 958750 6706
25315.039975 124429 400 400 400 400 73 46 0 73 52 0 73 42 0 73 44 0 76006 972500 73872 7398 958750 6706
25315.239953 124430 400 400 400 400 73 46 0 73 52 0 73 42 0 73 44 0 75762 972500 72900 7124 958750 6706
25315.439950 124431 400 400 400 400 73 46 0 73 52 0 73 42 0 73 44 0 75762 972500 72900 7124 958750 6706
25315.639944 124432 400 400 400 400 73 46 0 73 52 0 73 42 0 73 44 0 76006 972500 73872 7398 958750 6706
25315.839954 124433 400 400 400 400 73 46 0 73 52 0 73 42 0 73 44 0 76738 972500 73872 7124 958750 6706
25316.039970 124434 400 400 400 400 73 46 0 73 52 0 73 42 0 73 44 0 76006 972500 73872 7398 958750 6706
25316.239927 124435 400 400 400 400 73 46 0 73 52 0 73 42 0 73 44 0 76006 972500 73872 7398 958750 6706
25316.439929 124436 400 400 400 400 73 46 0 73 52 0 73 42 0 73 44 0 75762 972500 72900 7398 958750 6706
25316.639909 124437 400 400 400 400 73 46 0 73 52 0 73 42 0 73 44 0 76006 973750 73948 7398 958750 6706
25316.839929 124438 400 400 400 400 73 46 0 73 52 0 73 42 0 73 44 0 76006 972500 73872 7398 958750 6706
25317.039929 124439 400 400 400 400 73 46 0 73 52 0 73 42 0 73 44 0 76006 972500 73872 7398 958750 6706
25317.239928 124440 400 400 400 400 73 46 0 73 52 0 73 42 0 73 44 0 76250 972500 73872 7398 958750 6706
25317.439928 124441 400 400 400 400 73 46 0 73 52 0 73 42 0 73 44 0 76250 972500 73872 7398 958750 6706
25317.639909 124442 400 400 400 400 73 46 0 73 52 0 73 42 0 73 44 0 76006 972500 73872 7398 958750 6706
25317.839928 124443 400 400 400 400 73 46 0 73 52 0 73 42 0 73 44 0 76006 972500 73872 7398 958750 6706
25318.039977 124444 400 400 400 400 73 46 0 73 52 0 73 42 0 73 44 0 76250 972500 73872 7398 958750 6706
25318.239968 124445 400 400 400 400 73 46 0 73 52 0 73 42 0 73 44 0 76006 972500 73872 7398 958750 6706
25318.439927 124446 400 400 400 400 73 46 0 73 52 0 73 42 0 73 44 0 76006 972500 73872 7398 958750 6706
25318.639918 124447 400 400 400 400 73 46 0 73 52 0 73 42 0 73 44 0 76006 972500 73872 7398 958750 6706
25318.839928 124448 400 400 400 400 73 46 0 73 52 0 73 42 0 73 44 0 76250 972500 73872 7398 958750 6706
25319.039905 124449 400 400 400 400 73 46 0 73 52 0 73 42 0 73 44 0 75762 972500 72900 7398 958750 6706
25319.239928 124450 400 400 400 400 73 46 0 73 52 0 73 42 0 73 44 0 77226 972500 74844 7398 958750 6706
25319.439927 124451 400 400 400 400 73 46 0 73 52 0 73 42 0 73 44 0 76006 972500 73872 7398 958750 6706
25319.639908 124452 400 400 400 400 73 46 0 73 52 0 73 42 0 73 44 0 76006 972500 73872 7398 958750 6706
25319.839928 124453 400 400 400 400 73 46 0 73 52 0 73 42 0 73 44 0 76250 972500 73872 7398 958750 6706
25320.039977 124454 400 400 400 400 73 46 0 73 52 0 73 42 0 73 44 0 76250 972500 73872 7398 958750 6706
25320.239970 124455 400 400 400 400 73 46 0 73 52 0 73 42 0 73 44 0 76494 972500 73872 7398 958750 6706
25320.439929 124456 400 400 400 400 73 46 0 73 52 0 73 42 0 73 44 0 76494 972500 73872 7398 958750 6706
25320.639909 124457 400 400 400 400 73 46 0 73 52 0 73 42 0 73 44 0 76250 972500 73872 7398 958750 6706
25320.839928 124458 400 400 400 400 73 46 0 73 52 0 73 42 0 73 44 0 76250 972500 73872 7398 958750 6706
25321.039927 124459 400 400 400 400 73 46 0 73 52 0 73 42 0 73 44 0 76494 972500 73872 7398 958750 6706
25321.239936 124460 400 400 400 400 73 46 0 73 52 0 73 42 0 73 44 0 76494 972500 73872 7398 958750 6706
25321.439927 124461 400 400 400 400 73 46 0 73 52 0 73 42 0 73 44 0 76006 972500 73872 7398 958750 6706
25321.639909 124462 400 400 400 400 73 46 0 73 52 0 73 42 0 73 44 0 76006 972500 73872 7398 958750 6706
25321.839928 124463 400 400 400 400 73 46 0 73 52 0 73 42 0 73 44 0 76250 972500 73872 7124 958750 6706
25322.039927 124464 400 400 400 400 73 46 0 73 52 0 73 42 0 73 44 0 76250 972500 73872 7124 958750 6706
25322.239976 124465 400 400 400 400 73 46 0 73 52 0 73 42 0 73 44 0 75762 972500 72900 7398 958750 6706
25322.439971 124466 400 400 400 400 73 46 0 73 52 0 73 42 0 73 44 0 76494 973750 73948 7398 958750 6706
25322.639908 124467 400 400 400 400 73 46 0 73 52 0 73 42 0 73 44 0 76494 972500 73872 7398 958750 6706
25322.839926 124468 400 400 400 400 73 46 0 73 52 0 73 42 0 73 44 0 76494 972500 73872 7398 958750 6706
25323.039977 124469 400 400 400 400 73 46 0 73 52 0 73 42 0 73 44 0 76006 972500 73872 7124 958750 6706
25323.239955 124470 400 400 400 400 73 46 0 73 52 0 73 42 0 73 44 0 75762 972500 72900 7398 958750 6706
25323.439950 124471 400 400 400 400 73 46 0 73 52 0 73 42 0 73 44 0 76494 972500 73872 7124 958750 6706
25323.639943 124472 400 400 400 400 73 46 0 73 52 0 73 42 0 73 44 0 76494 972500 73872 7124 958750 6706
25323.839950 124473 400 400 400 400 73 46 0 73 52 0 73 42 0 73 44 0 76250 972500 73872 7124 958750 6706
25324.039963 124474 400 400 400 400 73 46 0 73 52 0 73 42 0 73 44 0 76250 972500 73872 7398 958750 6706
25324.239950 124475 400 400 400 400 73 46 0 73 52 0 73 42 0 73 44 0 76494 972500 73872 7398 958750 6706
25324.439949 124476 400 400 400 400 73 46 0 73 52 0 73 42 0 73 44 0 76494 972500 73872 7398 958750 6706
25324.639944 124477 400 400 400 400 73 46 0 73 52 0 73 42 0 73 44 0 76006 972500 73872 7398 958750 6706
25324.839950 124478 400 400 400 400 73 46 0 73 52 0 73 42 0 73 44 0 76006 972500 73872 7124 958750 6706
25325.039960 124479 400 400 400 400 73 46 0 73 52 0 73 42 0 73 44 0 76250 973750 73948 7398 958750 6706
25325.239860 124480 400 400 400 400 73 46 0 73 52 0 73 42 0 73 44 0 75762 972500 72900 7398 958750 6706
25325.439949 124481 400 400 400 400 73 46 0 73 52 0 73 42 0 73 44 0 75762 972500 72900 7398 958750 6706
25325.639945 124482 400 400 400 400 73 46 0 73 52 0 73 42 0 73 44 0 76006 972500 73872 7398 958750 6706
25325.839950 124483 400 400 400 400 73 46 0 73 52 0 73 42 0 73 44 0 76006 972500 73872 7124 958750 6706
25326.039972 124484 400 400 400 400 73 46 0 73 52 0 73 42 0 73 44 0 76006 972500 73872 7398 958750 6706
25326.239925 124485 400 400 400 400 73 46 0 73 52 0 73 42 0 73 44 0 76006 972500 73872 7398 958750 6706
25326.439975 124486 400 400 400 400 73 46 0 73 52 0 73 42 0 73 44 0 75762 972500 72900 7398 958750 6706
25326.639948 124487 400 400 400 400 73 46 0 73 52 0 73 42 0 73 44 0 75762 972500 72900 7398 958750 6706
25326.839950 124488 400 400 400 400 73 46 0 73 52 0 73 42 0 73 44 0 75762 973750 72975 7398 958750 6706
25327.039963 124489 400 400 400 400 73 46 0 73 52 0 73 42 0 73 44 0 75762 973750 72975 7398 958750 6706
25327.239950 124490 400 400 400 400 73 46 0 73 52 0 73 42 0 73 44 0 75762 972500 72900 7398 958750 6706
25327.439940 124491 400 400 400 400 73 46 0 73 52 0 73 42 0 73 44 0 76006 972500 73872 7398 958750 6706
25327.639944 124492 400 400 400 400 73 46 0 73 52 0 73 42 0 73 44 0 75762 972500 72900 7124 958750 6706
25327.839952 124493 400 400 400 400 73 46 0 73 52 0 73 42 0 73 44 0 75762 972500 72900 7124 958750 6706
25328.039963 124494 400 400 400 400 73 46 0 73 52 0 73 42 0 73 44 0 76006 972500 73872 7124 958750 6706
25328.239950 124495 400 400 400 400 73 46 0 73 52 0 73 42 0 73 44 0 75762 973750 72975 7124 958750 6706
25328.439950 124496 400 400 400 400 73 46 0 73 52 0 73 42 0 73 44 0 76006 972500 73872 7398 958750 6706
25328.639944 124497 400 400 400 400 73 46 0 73 52 0 73 42 0 73 44 0 76006 972500 73872 7398 958750 6706
25328.839950 124498 400 400 400 400 73 46 0 73 52 0 73 42 0 73 44 0 75762 972500 72900 7124 958750 6706
25329.039966 124499 400 400 400 400 73 46 0 73 52 0 73 42 0 73 44 0 76006 972500 73872 7398 958750 6706
25329.239951 124500 400 400 400 400 73 46 0 73 52 0 73 42 0 73 44 0 76250 972500 73872 7398 958750 6706
25329.439951 124501 400 400 400 400 73 46 0 73 52 0 73 42 0 73 44 0 76250 972500 73872 7398 958750 6706
25329.639943 124502 400 400 400 400 73 46 0 73 52 0 73 42 0 73 44 0 76250 972500 73872 7398 958750 6706
25329.839942 124503 400 400 400 400 73 46 0 73 52 0 73 42 0 73 44 0 76250 973750 73948 7398 958750 6706
25330.039964 124504 400 400 400 400 73 46 0 73 52 0 73 42 0 73 44 0 76006 973750 73948 7398 958750 6706
25330.239950 124505 400 400 400 400 73 46 0 73 52 0 73 42 0 73 44 0 76006 973750 73948 7398 958750 6706
25330.439951 124506 400 400 400 400 73 46 0 73 52 0 73 42 0 73 44 0 76006 973750 73948 7398 958750 6706
25330.639948 124507 400 400 400 400 73 46 0 73 52 0 73 42 0 73 44 0 77775 972500 74844 7398 958750 6706
25330.839950 124508 400 400 400 400 73 46 0 73 52 0 73 42 0 73 44 0 76494 972500 73872 7398 958750 6706
25331.039944 124509 400 400 400 400 73 46 0 73 52 0 73 42 0 73 44 0 76494 972500 73872 7398 958750 6706
25331.239950 124510 400 400 400 400 73 46 0 73 52 0 73 42 0 73 44 0 76494 973750 73948 7398 958750 6706
25331.439949 124511 400 400 400 400 73 46 0 73 52 0 73 42 0 73 44 0 76494 972500 73872 7398 958750 6706
25331.639944 124512 400 400 400 400 73 46 0 73 52 0 73 42 0 73 44 0 76494 973750 73948 7124 958750 6706
25331.839920 124513 400 400 400 400 73 46 0 73 52 0 73 42 0 73 44 0 76494 972500 73872 7398 958750 6706
25332.039975 124514 400 400 400 400 73 46 0 73 52 0 73 42 0 73 44 0 76494 972500 73872 7398 958750 6706
25332.239928 124515 400 400 400 400 73 46 0 73 52 0 73 42 0 73 44 0 76494 973750 73948 7398 958750 6706
25332.439927 124516 400 400 400 400 73 46 0 73 52 0 73 42 0 73 44 0 76250 972500 73872 7398 958750 6706
25332.639909 124517 400 400 400 400 73 46 0 73 52 0 73 42 0 73 44 0 76006 973750 73948 7398 958750 6706
25332.839927 124518 400 400 400 400 73 46 0 73 52 0 73 42 0 73 44 0 76006 973750 73948 7398 958750 6706
25333.039976 124519 400 400 400 400 73 46 0 73 52 0 73 42 0 73 44 0 76738 972500 73872 7398 958750 6706
25333.239969 124520 400 400 400 400 73 46 0 73 52 0 73 42 0 73 44 0 76494 972500 73872 7398 958750 6706
25333.439927 124521 400 400 400 400 73 46 0 73 52 0 73 42 0 73 44 0 76494 972500 73872 7398 958750 6706
25333.639918 124522 400 400 400 400 73 46 0 73 52 0 73 42 0 73 44 0 76494 972500 73872 7398 958750 6706
25333.839920 124523 400 400 400 400 73 46 0 73 52 0 73 42 0 73 44 0 76494 972500 73872 7398 958750 6706
25334.039976 124524 400 400 400 400 73 46 0 73 52 0 73 42 0 73 44 0 76250 973750 73948 7124 958750 6706
25334.239956 124525 400 400 400 400 73 46 0 73 52 0 73 42 0 73 44 0 76006 972500 73872 7398 958750 6706
25334.439951 124526 400 400 400 400 73 46 0 73 52 0 73 42 0 73 44 0 76006 972500 73872 7398 958750 6706
25334.639938 124527 400 400 400 400 73 46 0 73 52 0 73 42 0 73 44 0 76250 972500 73872 7398 958750 6706
25334.839951 124528 400 400 400 400 73 46 0 73 52 0 73 42 0 73 44 0 76250 973750 73948 7398 958750 6706
25335.039966 124529 400 400 400 400 73 46 0 73 52 0 73 42 0 73 44 0 76250 972500 73872 7124 958750 6706
25335.239950 124530 400 400 400 400 73 46 0 73 52 0 73 42 0 73 44 0 76250 972500 73872 7124 958750 6706
25335.439949 124531 400 400 400 400 73 46 0 73 52 0 73 42 0 73 44 0 76494 972500 73872 7398 958750 6706
25335.639950 124532 400 400 400 400 73 46 0 73 52 0 73 42 0 73 44 0 76006 972500 73872 7124 958750 6706
25335.839951 124533 400 400 400 400 73 46 0 73 52 0 73 42 0 73 44 0 76250 972500 73872 7124 958750 6706
25336.039970 124534 400 400 400 400 73 46 0 73 52 0 73 42 0 73 44 0 76250 972500 73872 7124 958750 6706
25336.239927 124535 400 400 400 400 73 46 0 73 52 0 73 42 0 73 44 0 76494 972500 73872 7398 958750 6706
25336.439927 124536 400 400 400 400 73 46 0 73 52 0 73 42 0 73 44 0 76250 973750 73948 7398 958750 6706
25336.639928 124537 400 400 400 400 73 46 0 73 52 0 73 42 0 73 44 0 76494 972500 73872 7398 958750 6706
25336.839929 124538 400 400 400 400 73 46 0 73 52 0 73 42 0 73 44 0 76494 972500 73872 7398 958750 6706
25337.039927 124539 400 400 400 400 73 46 0 73 52 0 73 42 0 73 44 0 76494 972500 73872 7398 958750 6706
25337.239926 124540 400 400 400 400 73 46 0 73 52 0 73 42 0 73 44 0 76494 972500 73872 7398 958750 6706
25337.439926 124541 400 400 400 400 73 46 0 73 52 0 73 42 0 73 44 0 76006 972500 73872 7398 958750 6706
25337.639936 124542 400 400 400 400 73 46 0 73 52 0 73 42 0 73 44 0 76006 972500 73872 7398 958750 6706
25337.839927 124543 400 400 400 400 73 46 0 73 52 0 73 42 0 73 44 0 75762 972500 72900 7398 958750 6706
25338.039977 124544 400 400 400 400 73 46 0 73 52 0 73 42 0 73 44 0 75762 973750 72975 7398 958750 6706
25338.239952 124545 400 400 400 400 73 46 0 73 52 0 73 42 0 73 44 0 76250 972500 73872 7398 958750 6706
25338.439950 124546 400 400 400 400 73 46 0 73 52 0 73 42 0 73 44 0 75518 972500 72900 7398 958750 6706
25338.639950 124547 400 400 400 400 73 46 0 73 52 0 73 42 0 73 44 0 75518 972500 72900 7398 958750 6706
25338.839951 124548 400 400 400 400 73 46 0 73 52 0 73 42 0 73 44 0 75762 972500 72900 7398 958750 6706
25339.039965 124549 400 400 400 400 73 46 0 73 52 0 73 42 0 73 44 0 75762 972500 72900 7398 958750 6706
25339.239950 124550 400 400 400 400 73 46 0 73 52 0 73 42 0 73 44 0 76006 972500 73872 7398 958750 6706
25339.439951 124551 400 400 400 400 73 46 0 73 52 0 73 42 0 73 44 0 76006 972500 73872 7398 958750 6706
25339.639950 124552 400 400 400 400 73 46 0 73 52 0 73 42 0 73 44 0 76006 973750 73948 7398 958750 6706
25339.839950 124553 400 400 400 400 73 46 0 73 52 0 73 42 0 73 44 0 75518 972500 72900 7398 958750 6706
25340.039964 124554 400 400 400 400 73 46 0 73 52 0 73 42 0 73 44 0 76006 972500 73872 7398 958750 6706
25340.239950 124555 400 400 400 400 73 46 0 73 52 0 73 42 0 73 44 0 76006 972500 73872 7398 958750 6706
25340.439942 124556 400 400 400 400 73 46 0 73 52 0 73 42 0 73 44 0 76250 972500 73872 7398 958750 6706
25340.639949 124557 400 400 400 400 73 46 0 73 52 0 73 42 0 73 44 0 76250 973750 73948 7398 958750 6706
25340.839950 124558 400 400 400 400 73 46 0 73 52 0 73 42 0 73 44 0 76006 972500 73872 7398 958750 6706
25341.039971 124559 400 400 400 400 73 46 0 73 52 0 73 42 0 73 44 0 76006 972500 73872 7398 958750 6706
25341.239927 124560 400 400 400 400 73 46 0 73 52 0 73 42 0 73 44 0 75762 972500 72900 7398 958750 6706
25341.439927 124561 400 400 400 400 73 46 0 73 52 0 73 42 0 73 44 0 76250 972500 73872 7398 958750 6706
25341.639927 124562 400 400 400 400 73 46 0 73 52 0 73 42 0 73 44 0 75762 973750 72975 7398 958750 6706
25341.839926 124563 400 400 400 400 73 46 0 73 52 0 73 42 0 73 44 0 75762 973750 72975 7398 958750 6706
25342.039976 124564 400 400 400 400 73 46 0 73 52 0 73 42 0 73 44 0 76250 972500 73872 7398 958750 6706
25342.239968 124565 400 400 400 400 73 46 0 73 52 0 73 42 0 73 44 0 76250 972500 73872 7124 958750 6706
25342.439927 124566 400 400 400 400 73 46 0 73 52 0 73 42 0 73 44 0 76250 972500 73872 7124 958750 6706
25342.639936 124567 400 400 400 400 73 46 0 73 52 0 73 42 0 73 44 0 76250 972500 73872 7124 958750 6706
25342.839927 124568 400 400 400 400 73 46 0 73 52 0 73 42 0 73 44 0 76250 972500 73872 7398 958750 6706
25343.039926 124569 400 400 400 400 73 46 0 73 52 0 73 42 0 73 44 0 76250 972500 73872 7398 958750 6706
25343.239928 124570 400 400 400 400 73 46 0 73 52 0 73 42 0 73 44 0 75762 972500 72900 7398 958750 6706
25343.439936 124571 400 400 400 400 73 46 0 73 52 0 73 42 0 73 44 0 75762 972500 72900 7398 958750 6706
25343.639926 124572 400 400 400 400 73 46 0 73 52 0 73 42 0 73 44 0 76250 972500 73872 7398 958750 6706
25343.839926 124573 400 400 400 400 73 46 0 73 52 0 73 42 0 73 44 0 76250 972500 73872 7398 958750 6706
25344.039976 124574 400 400 400 400 73 46 0 73 52 0 73 42 0 73 44 0 76250 972500 73872 7398 958750 6706
25344.239949 124575 400 400 400 400 73 46 0 73 52 0 73 42 0 73 44 0 76494 972500 73872 7398 958750 6706
25344.439950 124576 400 400 400 400 73 46 0 73 52 0 73 42 0 73 44 0 76494 972500 73872 7398 958750 6706
25344.639950 124577 400 400 400 400 73 46 0 73 52 0 73 42 0 73 44 0 76006 972500 73872 7124 958750 6706
25344.839950 124578 400 400 400 400 73 46 0 73 52 0 73 42 0 73 44 0 76250 972500 73872 7398 958750 6706
25345.039940 124579 400 400 400 400 73 46 0 73 52 0 73 42 0 73 44 0 76250 972500 73872 7398 958750 6706
25345.239950 124580 400 400 400 400 73 46 0 73 52 0 73 42 0 73 44 0 76250 972500 73872 7398 958750 6706
25345.439949 124581 400 400 400 400 73 46 0 73 52 0 73 42 0 73 44 0 76494 973750 73948 7398 958750 6706
25345.639951 124582 400 400 400 400 73 46 0 73 52 0 73 42 0 73 44 0 76006 972500 73872 7398 958750 6706
25345.839951 124583 400 400 400 400 73 46 0 73 52 0 73 42 0 73 44 0 76006 972500 73872 7398 958750 6706
25346.039966 124584 400 400 400 400 73 46 0 73 52 0 73 42 0 73 44 0 76006 972500 73872 7398 958750 6706
25346.239950 124585 400 400 400 400 73 46 0 73 52 0 73 42 0 73 44 0 76494 972500 73872 7398 958750 6706
25346.439950 124586 400 400 400 400 73 46 0 73 52 0 73 42 0 73 44 0 76006 972500 73872 7398 958750 6706
25346.639950 124587 400 400 400 400 73 46 0 73 52 0 73 42 0 73 44 0 76006 972500 73872 7398 958750 6706
25346.839949 124588 400 400 400 400 73 46 0 73 52 0 73 42 0 73 44 0 76006 972500 73872 7398 958750 6706
25347.039966 124589 400 400 400 400 73 46 0 73 52 0 73 42 0 73 44 0 76006 972500 73872 7398 958750 6706
25347.239951 124590 400 400 400 400 73 46 0 73 52 0 73 42 0 73 44 0 76738 972500 73872 7398 958750 6706
25347.439940 124591 400 400 400 400 73 46 0 73 52 0 73 42 0 73 44 0 76494 973750 73948 7398 958750 6706
25347.639949 124592 400 400 400 400 73 46 0 73 52 0 73 42 0 73 44 0 76494 973750 73948 7398 958750 6706
25347.839951 124593 400 400 400 400 73 46 0 73 52 0 73 42 0 73 44 0 76250 972500 73872 7398 958750 6706
25348.039965 124594 400 400 400 400 73 46 0 73 52 0 73 42 0 73 44 0 76494 972500 73872 7398 958750 6706
25348.239950 124595 400 400 400 400 73 46 0 73 52 0 73 42 0 73 44 0 76250 972500 73872 7398 958750 6706
25348.439951 124596 400 400 400 400 73 46 0 73 52 0 73 42 0 73 44 0 76250 972500 73872 7398 958750 6706
25348.639950 124597 400 400 400 400 73 46 0 73 52 0 73 42 0 73 44 0 76250 972500 73872 7398 958750 6706
25348.839951 124598 400 400 400 400 73 46 0 73 52 0 73 42 0 73 44 0 76250 972500 73872 7398 958750 6706
25349.039965 124599 400 400 400 400 73 46 0 73 52 0 73 42 0 73 44 0 76494 972500 73872 7398 958750 6706
25349.239950 124600 400 400 400 400 73 46 0 73 52 0 73 42 0 73 44 0 76494 972500 73872 7398 958750 6706
25349.439950 124601 400 400 400 400 73 46 0 73 52 0 73 42 0 73 44 0 76250 972500 73872 7398 958750 6706
25349.639950 124602 400 400 400 400 73 46 0 73 52 0 73 42 0 73 44 0 76250 972500 73872 7398 958750 6706
25349.839940 124603 400 400 400 400 73 46 0 73 52 0 73 42 0 73 44 0 76250 972500 73872 7398 958750 6706
25350.039944 124604 400 400 400 400 73 46 0 73 52 0 73 42 0 73 44 0 76250 972500 73872 7398 958750 6706
25350.239953 124605 400 400 400 400 73 46 0 73 52 0 73 42 0 73 44 0 76250 972500 73872 7398 958750 6706
25350.439953 124606 400 400 400 400 73 46 0 73 52 0 73 42 0 73 44 0 76250 972500 73872 7124 958750 6706
25350.639951 124607 400 400 400 400 73 46 0 73 52 0 73 42 0 73 44 0 76250 972500 73872 7398 958750 6706
25350.839922 124608 400 400 400 400 73 46 0 73 52 0 73 42 0 73 44 0 76006 972500 73872 7398 958750 6706
25351.039971 124609 400 400 400 400 73 46 0 73 52 0 73 42 0 73 44 0 76006 972500 73872 7398 958750 6706
25351.239927 124610 400 400 400 400 73 46 0 73 52 0 73 42 0 73 44 0 76250 972500 73872 7398 958750 6706
25351.439927 124611 400 400 400 400 73 46 0 73 52 0 73 42 0 73 44 0 75762 972500 72900 7398 958750 6706
25351.639926 124612 400 400 400 400 73 46 0 73 52 0 73 42 0 73 44 0 76250 972500 73872 7398 958750 6706
25351.839926 124613 400 400 400 400 73 46 0 73 52 0 73 42 0 73 44 0 76250 972500 73872 7398 958750 6706
25352.039975 124614 400 400 400 400 73 46 0 73 52 0 73 42 0 73 44 0 76006 972500 73872 7398 958750 6706
25352.239969 124615 400 400 400 400 73 46 0 73 52 0 73 42 0 73 44 0 76006 972500 73872 7398 958750 6706
25352.439927 124616 400 400 400 400 73 46 0 73 52 0 73 42 0 73 44 0 75762 972500 72900 7398 958750 6706
25352.639937 124617 400 400 400 400 73 46 0 73 52 0 73 42 0 73 44 0 75762 972500 72900 7398 958750 6706
25352.839927 124618 400 400 400 400 73 46 0 73 52 0 73 42 0 73 44 0 75762 972500 72900 7124 958750 6706
25353.039974 124619 400 400 400 400 73 46 0 73 52 0 73 42 0 73 44 0 76250 972500 73872 7398 958750 6706
25353.239940 124620 400 400 400 400 73 46 0 73 52 0 73 42 0 73 44 0 76494 972500 73872 7398 958750 6706
25353.439942 124621 400 400 400 400 74 46 0 78 52 0 73 42 0 73 44 0 76494 972500 73872 7398 958750 6706
25353.639951 124622 400 400 400 400 73 46 0 73 52 0 73 42 0 73 44 0 75762 972500 72900 7398 958750 6706
25353.839951 124623 400 400 400 400 73 46 0 73 52 0 73 42 0 73 44 0 76006 973750 73948 7398 958750 6706
25354.039965 124624 400 400 400 400 73 46 0 73 52 0 73 42 0 73 44 0 75518 973750 72975 7124 958750 6706
25354.239951 124625 400 400 400 400 73 46 0 73 52 0 73 42 0 73 44 0 75518 973750 72975 7124 958750 6706
25354.439950 124626 400 400 400 400 73 46 0 73 52 0 73 42 0 73 44 0 76006 972500 73872 7124 958750 6706
25354.639950 124627 400 400 400 400 73 46 0 73 52 0 73 42 0 73 44 0 76006 973750 73948 7398 958750 6706
25354.839951 124628 400 400 400 400 73 46 0 73 52 0 73 42 0 73 44 0 76250 973750 73948 7398 958750 6706
25355.039968 124629 400 400 400 400 73 46 0 73 52 0 73 42 0 73 44 0 76250 973750 73948 7398 958750 6706
25355.239951 124630 400 400 400 400 73 46 0 73 52 0 73 42 0 73 44 0 75762 973750 72975 7398 958750 6706
25355.439949 124631 400 400 400 400 73 46 0 73 52 0 73 42 0 73 44 0 77226 972500 74844 7124 958750 6706
25355.639940 124632 400 400 400 400 73 46 0 73 52 0 73 42 0 73 44 0 75762 972500 72900 7398 958750 6706
25355.839950 124633 400 400 400 400 73 46 0 73 52 0 73 42 0 73 44 0 75762 972500 72900 7398 958750 6706
25356.039971 124634 400 400 400 400 73 46 0 73 52 0 73 42 0 73 44 0 75762 973750 72975 7124 958750 6706
25356.239929 124635 400 400 400 400 73 46 0 73 52 0 73 42 0 73 44 0 76006 972500 73872 7398 958750 6706
25356.439904 124636 400 400 400 400 73 46 0 73 52 0 73 42 0 73 44 0 75518 973750 72975 7398 958750 6706
25356.639913 124637 400 400 400 400 73 46 0 73 52 0 73 42 0 73 44 0 75518 973750 72975 7398 958750 6706
25356.839904 124638 400 400 400 400 73 46 0 73 52 0 73 42 0 73 44 0 76006 972500 73872 7398 958750 6706
25357.039967 124639 400 400 400 400 73 46 0 73 52 0 73 42 0 73 44 0 75762 972500 72900 7398 958750 6706
25357.239942 124640 400 400 400 400 73 46 0 73 52 0 73 42 0 73 44 0 75762 973750 72975 7398 958750 6706
25357.439903 124641 400 400 400 400 73 46 0 73 52 0 73 42 0 73 44 0 76250 972500 73872 7398 958750 6706
25357.639933 124642 400 400 400 400 73 46 0 73 52 0 73 42 0 73 44 0 76250 972500 73872 7398 958750 6706
25357.839903 124643 400 400 400 400 73 46 0 73 52 0 73 42 0 73 44 0 75762 972500 72900 7398 958750 6706
25358.039965 124644 400 400 400 400 73 46 0 73 52 0 73 42 0 73 44 0 76250 972500 73872 7398 958750 6706
25358.239945 124645 400 400 400 400 73 46 0 73 52 0 73 42 0 73 44 0 76494 973750 73948 7398 958750 6706
25358.439945 124646 400 400 400 400 73 46 0 73 52 0 73 42 0 73 44 0 76494 973750 73948 7398 958750 6706
25358.639946 124647 400 400 400 400 73 46 0 73 52 0 73 42 0 73 44 0 76250 972500 73872 7398 958750 6706
25358.839941 124648 400 400 400 400 73 46 0 73 52 0 73 42 0 73 44 0 76006 972500 73872 7398 958750 6706
25359.039956 124649 400 400 400 400 73 46 0 73 52 0 73 42 0 73 44 0 76250 972500 73872 7398 958750 6706
25359.239941 124650 400 400 400 400 73 46 0 73 52 0 73 42 0 73 44 0 76250 972500 73872 7398 958750 6706
25359.439939 124651 400 400 400 400 73 46 0 73 52 0 73 42 0 73 44 0 76738 972500 73872 7398 958750 6706
25359.639943 124652 400 400 400 400 73 46 0 73 52 0 73 42 0 73 44 0 76006 972500 73872 7398 958750 6706
25359.839945 124653 400 400 400 400 73 46 0 73 52 0 73 42 0 73 44 0 76494 972500 73872 7398 958750 6706
25360.039953 124654 400 400 400 400 73 46 0 73 52 0 73 42 0 73 44 0 76494 972500 73872 7398 958750 6706
25360.239963 124655 400 400 400 400 73 46 0 73 52 0 73 42 0 73 44 0 76250 973750 73948 7398 958750 6706
25360.439938 124656 400 400 400 400 73 46 0 73 52 0 73 42 0 73 44 0 76494 973750 73948 7398 958750 6706
25360.639945 124657 400 400 400 400 73 46 0 73 52 0 73 42 0 73 44 0 76494 972500 73872 7124 958750 6706
25360.839947 124658 400 400 400 400 73 46 0 73 52 0 73 42 0 73 44 0 76494 972500 73872 7124 958750 6706
25361.039946 124659 400 400 400 400 73 46 0 73 52 0 73 42 0 73 44 0 76494 972500 73872 7398 958750 6706
25361.239909 124660 400 400 400 400 73 46 0 73 52 0 73 42 0 73 44 0 76250 972500 73872 7398 958750 6706
25361.439909 124661 400 400 400 400 73 46 0 73 52 0 73 42 0 73 44 0 76494 972500 73872 7398 958750 6706
25361.639917 124662 400 400 400 400 73 46 0 73 52 0 73 42 0 73 44 0 76494 972500 73872 7398 958750 6706
25361.839971 124663 400 400 400 400 73 46 0 73 52 0 73 42 0 73 44 0 76494 972500 73872 7398 958750 6706
25362.039954 124664 400 400 400 400 73 46 0 73 52 0 73 42 0 73 44 0 76250 973750 73948 7398 958750 6706
25362.239909 124665 400 400 400 400 73 46 0 73 52 0 73 42 0 73 44 0 76250 973750 73948 7398 958750 6706
25362.439918 124666 400 400 400 400 73 46 0 73 52 0 73 42 0 73 44 0 76250 973750 73948 7398 958750 6706
25362.639908 124667 400 400 400 400 73 46 0 73 52 0 73 42 0 73 44 0 76006 973750 73948 7398 958750 6706
25362.839910 124668 400 400 400 400 73 46 0 73 52 0 73 42 0 73 44 0 75762 972500 72900 7398 958750 6706
25363.039962 124669 400 400 400 400 73 46 0 73 52 0 73 42 0 73 44 0 76006 972500 73872 7398 958750 6706
25363.239939 124670 400 400 400 400 73 46 0 73 52 0 73 42 0 73 44 0 76006 973750 73948 7398 958750 6706
25363.439949 124671 400 400 400 400 73 46 0 73 52 0 73 42 0 73 44 0 76006 973750 73948 7398 958750 6706
25363.639949 124672 400 400 400 400 73 46 0 73 52 0 73 42 0 73 44 0 76250 973750 73948 7398 958750 6706
25363.839950 124673 400 400 400 400 73 46 0 73 52 0 73 42 0 73 44 0 76250 972500 73872 7398 958750 6706
25364.039950 124674 400 400 400 400 73 46 0 73 52 0 73 42 0 73 44 0 76494 972500 73872 7124 958750 6706
25364.239949 124675 400 400 400 400 73 46 0 73 52 0 73 42 0 73 44 0 76494 972500 73872 7124 958750 6706
25364.439950 124676 400 400 400 400 73 46 0 73 52 0 73 42 0 73 44 0 75518 972500 72900 7398 958750 6706
25364.639949 124677 400 400 400 400 73 46 0 73 52 0 73 42 0 73 44 0 75762 972500 72900 7398 958750 6706
25364.839949 124678 400 400 400 400 73 46 0 73 52 0 73 42 0 73 44 0 75762 973750 72975 7398 958750 6706
25365.039968 124679 400 400 400 400 73 46 0 73 52 0 73 42 0 73 44 0 75762 973750 72975 7398 958750 6706
25365.239940 124680 400 400 400 400 73 46 0 73 52 0 73 42 0 73 44 0 76494 972500 73872 7398 958750 6706
25365.439952 124681 400 400 400 400 73 46 0 73 52 0 73 42 0 73 44 0 76250 972500 73872 7398 958750 6706
25365.639950 124682 400 400 400 400 73 46 0 73 52 0 73 42 0 73 44 0 76250 973750 73948 7398 958750 6706
25365.839950 124683 400 400 400 400 73 46 0 73 52 0 73 42 0 73 44 0 76250 973750 73948 7398 958750 6706
25366.039966 124684 400 400 400 400 73 46 0 73 52 0 73 42 0 73 44 0 77226 972500 74844 7398 958750 6706
25366.239944 124685 400 400 400 400 73 46 0 73 52 0 73 42 0 73 44 0 75762 972500 72900 7398 958750 6706
25366.439950 124686 400 400 400 400 73 46 0 73 52 0 73 42 0 73 44 0 76006 972500 73872 7398 958750 6706
25366.639948 124687 400 400 400 400 73 46 0 73 52 0 73 42 0 73 44 0 76006 972500 73872 7398 958750 6706
25366.839950 124688 400 400 400 400 73 46 0 73 52 0 73 42 0 73 44 0 75762 972500 72900 7398 958750 6706
25367.039966 124689 400 400 400 400 73 46 0 73 52 0 73 42 0 73 44 0 76250 973750 73948 7398 958750 6706
25367.239950 124690 400 400 400 400 73 46 0 73 52 0 73 42 0 73 44 0 76494 973750 73948 7398 958750 6706
25367.439949 124691 400 400 400 400 73 46 0 73 52 0 73 42 0 73 44 0 76494 973750 73948 7398 958750 6706
25367.639949 124692 400 400 400 400 73 46 0 73 52 0 73 42 0 73 44 0 76006 972500 73872 7398 958750 6706
25367.839950 124693 400 400 400 400 73 46 0 73 52 0 73 42 0 73 44 0 76006 972500 73872 7398 958750 6706
25368.039969 124694 400 400 400 400 73 46 0 73 52 0 73 42 0 73 44 0 76006 972500 73872 7398 958750 6706
25368.239949 124695 400 400 400 400 73 46 0 73 52 0 73 42 0 73 44 0 76006 972500 73872 7398 958750 6706
25368.439950 124696 400 400 400 400 73 46 0 73 52 0 73 42 0 73 44 0 76006 972500 73872 7398 958750 6706
25368.639940 124697 400 400 400 400 73 46 0 73 52 0 73 42 0 73 44 0 75762 972500 72900 7398 958750 6706
25368.839950 124698 400 400 400 400 73 46 0 73 52 0 73 42 0 73 44 0 76006 972500 73872 7124 958750 6706
25369.039941 124699 400 400 400 400 73 46 0 73 52 0 73 42 0 73 44 0 76006 972500 73872 7124 958750 6706
25369.239950 124700 400 400 400 400 73 46 0 73 52 0 73 42 0 73 44 0 76006 972500 73872 7398 958750 6706
25369.439949 124701 400 400 400 400 73 46 0 73 52 0 73 42 0 73 44 0 76250 972500 73872 7398 958750 6706
25369.639950 124702 400 400 400 400 73 46 0 73 52 0 73 42 0 73 44 0 75762 972500 72900 7398 958750 6706
25369.839950 124703 400 400 400 400 73 46 0 73 52 0 73 42 0 73 44 0 76006 973750 73948 7398 958750 6706
25370.039964 124704 400 400 400 400 73 46 0 73 52 0 73 42 0 73 44 0 76006 973750 73948 7398 958750 6706
25370.239950 124705 400 400 400 400 73 46 0 73 52 0 73 42 0 73 44 0 76250 972500 73872 7124 958750 6706
25370.439952 124706 400 400 400 400 73 46 0 73 52 0 73 42 0 73 44 0 75762 973750 72975 7124 958750 6706
25370.639950 124707 400 400 400 400 73 46 0 73 52 0 73 42 0 73 44 0 76006 973750 73948 7124 958750 6706
25370.839950 124708 400 400 400 400 73 46 0 73 52 0 73 42 0 73 44 0 76006 973750 73948 7124 958750 6706
25371.039963 124709 400 400 400 400 73 46 0 73 52 0 73 42 0 73 44 0 76006 973750 73948 7398 958750 6706
25371.239950 124710 400 400 400 400 73 46 0 73 52 0 73 42 0 73 44 0 76250 972500 73872 7398 958750 6706
25371.439950 124711 400 400 400 400 73 46 0 73 52 0 73 42 0 73 44 0 76250 972500 73872 7398 958750 6706
25371.639950 124712 400 400 400 400 73 46 0 73 52 0 73 42 0 73 44 0 76250 972500 73872 7398 958750 6706
25371.839950 124713 400 400 400 400 73 46 0 73 52 0 73 42 0 73 44 0 76250 972500 73872 7124 958750 6706
25372.039964 124714 400 400 400 400 73 46 0 73 52 0 73 42 0 73 44 0 76250 972500 73872 7398 958750 6706
25372.239950 124715 400 400 400 400 73 46 0 73 52 0 73 42 0 73 44 0 76250 972500 73872 7398 958750 6706
25372.439950 124716 400 400 400 400 73 46 0 73 52 0 73 42 0 73 44 0 76250 972500 73872 7398 958750 6706
25372.639950 124717 400 400 400 400 73 46 0 73 52 0 73 42 0 73 44 0 76006 972500 73872 7398 958750 6706
25372.839950 124718 400 400 400 400 73 46 0 73 52 0 73 42 0 73 44 0 76250 973750 73948 7398 958750 6706
25373.039965 124719 400 400 400 400 73 46 0 73 52 0 73 42 0 73 44 0 76250 972500 73872 7398 958750 6706
25373.239950 124720 400 400 400 400 73 46 0 73 52 0 73 42 0 73 44 0 76250 972500 73872 7398 958750 6706
25373.439940 124721 400 400 400 400 73 46 0 73 52 0 73 42 0 73 44 0 76250 973750 73948 7398 958750 6706
25373.639950 124722 400 400 400 400 73 46 0 73 52 0 73 42 0 73 44 0 76250 973750 73948 7398 958750 6706
25373.839949 124723 400 400 400 400 73 46 0 73 52 0 73 42 0 73 44 0 76250 972500 73872 7398 958750 6706
25374.039967 124724 400 400 400 400 73 46 0 73 52 0 73 42 0 73 44 0 76250 972500 73872 7398 958750 6706
25374.239950 124725 400 400 400 400 73 46 0 73 52 0 73 42 0 73 44 0 76494 972500 73872 7124 958750 6706
25374.439950 124726 400 400 400 400 73 46 0 73 52 0 73 42 0 73 44 0 76494 972500 73872 7124 958750 6706
25374.639950 124727 400 400 400 400 73 46 0 73 52 0 73 42 0 73 44 0 76494 973750 73948 7398 958750 6706
25374.839951 124728 400 400 400 400 73 46 0 73 52 0 73 42 0 73 44 0 76494 973750 73948 7398 958750 6706
25375.039965 124729 400 400 400 400 73 46 0 73 52 0 73 42 0 73 44 0 76250 972500 73872 7398 958750 6706
25375.239950 124730 400 400 400 400 73 46 0 73 52 0 73 42 0 73 44 0 76250 972500 73872 7398 958750 6706
25375.439950 124731 400 400 400 400 73 46 0 73 52 0 73 42 0 73 44 0 76006 972500 73872 7124 958750 6706
25375.639972 124732 400 400 400 400 73 46 0 73 52 0 73 42 0 73 44 0 76006 972500 73872 7124 958750 6706
25375.839942 124733 400 400 400 400 73 46 0 73 52 0 73 42 0 73 44 0 76006 972500 73872 7398 958750 6706
25376.039926 124734 400 400 400 400 73 46 0 73 52 0 73 42 0 73 44 0 76494 972500 73872 7398 958750 6706
25376.239927 124735 400 400 400 400 73 46 0 73 52 0 73 42 0 73 44 0 76250 973750 73948 7398 958750 6706
25376.439974 124736 400 400 400 400 73 46 0 73 52 0 73 42 0 73 44 0 76494 973750 73948 7398 958750 6706
25376.639966 124737 400 400 400 400 73 46 0 73 52 0 73 42 0 73 44 0 76494 973750 73948 7398 958750 6706
25376.839927 124738 400 400 400 400 73 46 0 73 52 0 73 42 0 73 44 0 76006 972500 73872 7398 958750 6706
25377.039976 124739 400 400 400 400 73 46 0 73 52 0 73 42 0 73 44 0 76250 973750 73948 7398 958750 6706
25377.239953 124740 400 400 400 400 73 46 0 73 52 0 73 42 0 73 44 0 76494 972500 73872 7398 958750 6706
25377.439950 124741 400 400 400 400 73 46 0 73 52 0 73 42 0 73 44 0 76494 972500 73872 7398 958750 6706
25377.639950 124742 400 400 400 400 73 46 0 73 52 0 73 42 0 73 44 0 76250 973750 73948 7124 958750 6706
25377.839951 124743 400 400 400 400 73 46 0 73 52 0 73 42 0 73 44 0 76006 973750 73948 7398 958750 6706
25378.039940 124744 400 400 400 400 73 46 0 73 52 0 73 42 0 73 44 0 76250 973750 73948 7398 958750 6706
25378.239950 124745 400 400 400 400 73 46 0 73 52 0 73 42 0 73 44 0 76250 973750 73948 7398 958750 6706
25378.439950 124746 400 400 400 400 73 46 0 73 52 0 73 42 0 73 44 0 76006 972500 73872 7398 958750 6706
25378.639950 124747 400 400 400 400 73 46 0 73 52 0 73 42 0 73 44 0 76006 972500 73872 7398 958750 6706
25378.839949 124748 400 400 400 400 73 46 0 73 52 0 73 42 0 73 44 0 76250 972500 73872 7124 958750 6706
25379.039971 124749 400 400 400 400 73 46 0 73 52 0 73 42 0 73 44 0 76250 972500 73872 7124 958750 6706
25379.239927 124750 400 400 400 400 73 46 0 73 52 0 73 42 0 73 44 0 76250 973750 73948 7398 958750 6706
25379.439926 124751 400 400 400 400 73 46 0 73 52 0 73 42 0 73 44 0 76006 972500 73872 7398 958750 6706
25379.639927 124752 400 400 400 400 73 46 0 73 52 0 73 42 0 73 44 0 76006 972500 73872 7398 958750 6706
25379.839926 124753 400 400 400 400 73 46 0 73 52 0 73 42 0 73 44 0 76006 972500 73872 7398 958750 6706
25380.039978 124754 400 400 400 400 73 46 0 73 52 0 73 42 0 73 44 0 76250 972500 73872 7398 958750 6706
25380.239966 124755 400 400 400 400 73 46 0 73 52 0 73 42 0 73 44 0 76494 972500 73872 7398 958750 6706
25380.439929 124756 400 400 400 400 73 46 0 73 52 0 73 42 0 73 44 0 76006 973750 73948 7398 958750 6706
25380.639927 124757 400 400 400 400 73 46 0 73 52 0 73 42 0 73 44 0 76006 973750 73948 7398 958750 6706
25380.839941 124758 400 400 400 400 73 46 0 73 52 0 73 42 0 73 44 0 76250 973750 73948 7398 958750 6706
25381.039936 124759 400 400 400 400 73 46 0 73 52 0 73 42 0 73 44 0 76006 972500 73872 7398 958750 6706
25381.239937 124760 400 400 400 400 73 46 0 73 52 0 73 42 0 73 44 0 76006 973750 73948 7398 958750 6706
25381.439936 124761 400 400 400 400 73 46 0 73 52 0 73 42 0 73 44 0 76006 973750 73948 7398 958750 6706
25381.639938 124762 400 400 400 400 73 46 0 73 52 0 73 42 0 73 44 0 75762 972500 72900 7398 958750 6706
25381.839937 124763 400 400 400 400 73 46 0 73 52 0 73 42 0 73 44 0 76250 972500 73872 7398 958750 6706
25382.039973 124764 400 400 400 400 73 46 0 73 52 0 73 42 0 73 44 0 76006 972500 73872 7398 958750 6706
25382.239942 124765 400 400 400 400 73 46 0 73 52 0 73 42 0 73 44 0 76006 972500 73872 7398 958750 6706
25382.439949 124766 400 400 400 400 73 46 0 73 52 0 73 42 0 73 44 0 76006 972500 73872 7398 958750 6706
25382.639950 124767 400 400 400 400 73 46 0 73 52 0 73 42 0 73 44 0 76006 973750 73948 7398 958750 6706
25382.839949 124768 400 400 400 400 73 46 0 73 52 0 73 42 0 73 44 0 76006 972500 73872 7398 958750 6706
25383.039951 124769 400 400 400 400 73 46 0 73 52 0 73 42 0 73 44 0 76250 972500 73872 7398 958750 6706
25383.239949 124770 400 400 400 400 73 46 0 73 52 0 73 42 0 73 44 0 76250 972500 73872 7398 958750 6706
25383.439948 124771 400 400 400 400 73 46 0 73 52 0 73 42 0 73 44 0 76250 972500 73872 7398 958750 6706
25383.639950 124772 400 400 400 400 73 46 0 73 52 0 73 42 0 73 44 0 76250 973750 73948 7398 958750 6706
25383.839939 124773 400 400 400 400 73 46 0 73 52 0 73 42 0 73 44 0 76006 973750 73948 7398 958750 6706
25384.039963 124774 400 400 400 400 73 46 0 73 52 0 73 42 0 73 44 0 76006 973750 73948 7398 958750 6706
25384.239950 124775 400 400 400 400 73 46 0 73 52 0 73 42 0 73 44 0 76250 973750 73948 7398 958750 6706
25384.439950 124776 400 400 400 400 73 46 0 73 52 0 73 42 0 73 44 0 76250 973750 73948 7398 958750 6706
25384.639951 124777 400 400 400 400 73 46 0 73 52 0 73 42 0 73 44 0 76006 973750 73948 7398 958750 6706
25384.839949 124778 400 400 400 400 73 46 0 73 52 0 73 42 0 73 44 0 76006 973750 73948 7398 958750 6706
25385.039965 124779 400 400 400 400 73 46 0 73 52 0 73 42 0 73 44 0 76006 973750 73948 7398 958750 6706
25385.239949 124780 400 400 400 400 73 46 0 73 52 0 73 42 0 73 44 0 76494 972500 73872 7398 958750 6706
25385.439950 124781 400 400 400 400 73 46 0 73 52 0 73 42 0 73 44 0 76494 973750 73948 7398 958750 6706
25385.639949 124782 400 400 400 400 73 46 0 73 52 0 73 42 0 73 44 0 76494 973750 73948 7398 958750 6706
25385.839950 124783 400 400 400 400 73 46 0 73 52 0 73 42 0 73 44 0 76982 972500 73872 7398 958750 6706
25386.039974 124784 400 400 400 400 73 46 0 73 52 0 73 42 0 73 44 0 76250 972500 73872 7398 958750 6706
25386.239927 124785 400 400 400 400 73 46 0 73 52 0 73 42 0 73 44 0 76006 972500 73872 7398 958750 6706
25386.439926 124786 400 400 400 400 73 46 0 73 52 0 73 42 0 73 44 0 76006 972500 73872 7398 958750 6706
25386.639929 124787 400 400 400 400 73 46 0 73 52 0 73 42 0 73 44 0 76250 973750 73948 7398 958750 6706
25386.839927 124788 400 400 400 400 73 46 0 73 52 0 73 42 0 73 44 0 76006 972500 73872 7398 958750 6706
25387.039976 124789 400 400 400 400 73 46 0 73 52 0 73 42 0 73 44 0 76250 972500 73872 7398 958750 6706
25387.239967 124790 400 400 400 400 73 46 0 73 52 0 73 42 0 73 44 0 76250 972500 73872 7398 958750 6706
25387.439928 124791 400 400 400 400 73 46 0 73 52 0 73 42 0 73 44 0 76006 972500 73872 7398 958750 6706
25387.639927 124792 400 400 400 400 73 46 0 73 52 0 73 42 0 73 44 0 76250 972500 73872 7124 958750 6706
25387.839927 124793 400 400 400 400 73 46 0 73 52 0 73 42 0 73 44 0 76006 972500 73872 7398 958750 6706
25388.039927 124794 400 400 400 400 73 46 0 73 52 0 73 42 0 73 44 0 76006 972500 73872 7398 958750 6706
25388.239927 124795 400 400 400 400 73 46 0 73 52 0 73 42 0 73 44 0 76006 972500 73872 7398 958750 6706
25388.439926 124796 400 400 400 400 73 46 0 73 52 0 73 42 0 73 44 0 76250 973750 73948 7124 958750 6706
25388.639927 124797 400 400 400 400 73 46 0 73 52 0 73 42 0 73 44 0 76250 972500 73872 7398 958750 6706
25388.839927 124798 400 400 400 400 73 46 0 73 52 0 73 42 0 73 44 0 76250 972500 73872 7398 958750 6706
25389.039928 124799 400 400 400 400 73 46 0 73 52 0 73 42 0 73 44 0 76250 972500 73872 7398 958750 6706
25389.239927 124800 400 400 400 400 73 46 0 73 52 0 73 42 0 73 44 0 76250 972500 73872 7398 958750 6706
25389.439927 124801 400 400 400 400 73 46 0 73 52 0 73 42 0 73 44 0 76006 972500 73872 7398 958750 6706
25389.639928 124802 400 400 400 400 73 46 0 73 52 0 73 42 0 73 44 0 76250 972500 73872 7398 958750 6706
25389.839919 124803 400 400 400 400 73 46 0 73 52 0 73 42 0 73 44 0 76250 972500 73872 7398 958750 6706
25390.039976 124804 400 400 400 400 73 46 0 73 52 0 73 42 0 73 44 0 76006 972500 73872 7398 958750 6706
25390.239965 124805 400 400 400 400 73 46 0 73 52 0 73 42 0 73 44 0 76250 972500 73872 7398 958750 6706
25390.439930 124806 400 400 400 400 73 46 0 73 52 0 73 42 0 73 44 0 76250 972500 73872 7124 958750 6706
25390.639937 124807 400 400 400 400 73 46 0 73 52 0 73 42 0 73 44 0 76250 972500 73872 7124 958750 6706
25390.839920 124808 400 400 400 400 73 46 0 73 52 0 73 42 0 73 44 0 76250 972500 73872 7398 958750 6706
25391.039903 124809 400 400 400 400 73 46 0 73 52 0 73 42 0 73 44 0 76494 972500 73872 7398 958750 6706
25391.239928 124810 400 400 400 400 73 46 0 73 52 0 73 42 0 73 44 0 76006 972500 73872 7398 958750 6706
25391.439936 124811 400 400 400 400 73 46 0 73 52 0 73 42 0 73 44 0 76006 972500 73872 7398 958750 6706
25391.639927 124812 400 400 400 400 73 46 0 73 52 0 73 42 0 73 44 0 75762 972500 72900 7124 958750 6706
25391.839927 124813 400 400 400 400 73 46 0 73 52 0 73 42 0 73 44 0 75762 972500 72900 7398 958750 6706
25392.039976 124814 400 400 400 400 73 46 0 73 52 0 73 42 0 73 44 0 76250 972500 73872 7398 958750 6706
25392.239969 124815 400 400 400 400 73 46 0 73 52 0 73 42 0 73 44 0 76250 972500 73872 7398 958750 6706
25392.439927 124816 400 400 400 400 73 46 0 73 52 0 73 42 0 73 44 0 76250 972500 73872 7398 958750 6706
25392.639927 124817 400 400 400 400 73 46 0 73 52 0 73 42 0 73 44 0 76250 972500 73872 7398 958750 6706
25392.839927 124818 400 400 400 400 73 46 0 73 52 0 73 42 0 73 44 0 75762 973750 72975 7398 958750 6706
25393.039929 124819 400 400 400 400 73 46 0 73 52 0 73 42 0 73 44 0 75762 973750 72975 7398 958750 6706
25393.239926 124820 400 400 400 400 73 46 0 73 52 0 73 42 0 73 44 0 76006 972500 73872 7398 958750 6706
25393.439927 124821 400 400 400 400 73 46 0 73 52 0 73 42 0 73 44 0 75762 972500 72900 7398 958750 6706
25393.639927 124822 400 400 400 400 73 46 0 73 52 0 73 42 0 73 44 0 75762 972500 72900 7398 958750 6706
25393.839927 124823 400 400 400 400 73 46 0 73 52 0 73 42 0 73 44 0 75762 972500 72900 7398 958750 6706
25394.039977 124824 400 400 400 400 73 46 0 73 52 0 73 42 0 73 44 0 76006 972500 73872 7398 958750 6706
25394.239968 124825 400 400 400 400 73 46 0 73 52 0 73 42 0 73 44 0 75762 972500 72900 7398 958750 6706
25394.439934 124826 400 400 400 400 73 46 0 73 52 0 73 42 0 73 44 0 76250 972500 73872 7398 958750 6706
25394.639925 124827 400 400 400 400 73 46 0 73 52 0 73 42 0 73 44 0 64477 973750 62272 7398 958750 6706
25394.839927 124828 400 400 400 400 73 46 0 73 52 0 73 42 0 73 44 0 64477 973750 62272 7398 958750 6706
