 6128.383869 30121 1100 1100 1100 1100 74 46 0 74 52 0 74 42 0 74 44 0 15250 1210000 18150 53978 995000 52735
 6128.583816 30122 1100 1100 1100 1100 74 46 0 74 52 0 74 42 0 74 44 0 15006 1210000 18150 84666 995000 83580
 6128.784004 30123 1100 1100 1100 1100 74 46 0 74 52 0 74 42 0 74 44 0 15006 1210000 18150 84666 995000 83580
 6128.983813 30124 1100 1100 1100 1100 74 46 0 74 52 0 74 42 0 74 44 0 15006 1210000 18150 56170 995000 55720
 6129.183816 30125 1100 1100 1100 1100 74 46 0 74 52 0 74 42 0 74 44 0 14762 1210000 16940 248518 996250 247008
 6129.383816 30126 1100 1100 1100 1100 74 46 0 74 52 0 74 42 0 74 44 0 15006 1210000 18150 58088 995000 57710
 6129.583816 30127 1100 1100 1100 1100 74 46 0 74 52 0 74 42 0 74 44 0 15006 1210000 18150 58088 995000 57710
 6129.783842 30128 1100 1100 1100 1100 74 46 0 74 52 0 74 42 0 74 44 0 14762 1210000 16940 69596 995000 68655
 6129.983835 30129 1100 1100 1100 1100 74 46 0 74 52 0 74 42 0 74 44 0 15006 1210000 18150 615952 997500 613155
 6130.183831 30130 1100 1100 1100 1100 75 46 0 75 52 0 75 42 0 75 44 0 15006 1210000 18150 777064 997500 774669
 6130.388893 30131 1100 1100 1100 1100 75 46 0 75 52 0 75 42 0 75 44 0 15006 1210000 18150 709660 997500 706873
 6130.588736 30132 1100 1100 1100 1100 75 46 0 75 52 0 75 42 0 75 44 0 15006 1210000 18150 709660 997500 706873
 6130.788732 30133 1100 1100 1100 1100 75 46 0 75 52 0 75 42 0 75 44 0 14762 1210000 16940 703906 997500 700891
 6130.988730 30134 1100 1100 1100 1100 75 46 0 75 52 0 75 42 0 75 44 0 15006 1210000 18150 704180 997500 701888
 6131.188731 30135 1100 1100 1100 1100 75 46 0 75 52 0 75 42 0 75 44 0 15006 1210000 18150 702262 997500 699894
 6131.388738 30136 1100 1100 1100 1100 75 46 0 75 52 0 75 42 0 75 44 0 15006 1210000 18150 702262 997500 699894
 6131.588731 30137 1100 1100 1100 1100 75 46 0 75 52 0 75 42 0 75 44 0 14762 1210000 16940 707742 997500 704879
 6131.788730 30138 1100 1100 1100 1100 75 46 0 75 52 0 75 42 0 75 44 0 15006 1210000 18150 705002 997500 702885
 6131.988730 30139 1100 1100 1100 1100 75 46 0 75 52 0 75 42 0 75 44 0 15250 1210000 18150 705276 997500 702885
 6132.188731 30140 1100 1100 1100 1100 75 46 0 75 52 0 75 42 0 75 44 0 15250 1210000 18150 705276 997500 702885
 6132.388731 30141 1100 1100 1100 1100 75 46 0 75 52 0 75 42 0 75 44 0 15006 1210000 18150 705276 997500 702885
 6132.588731 30142 1100 1100 1100 1100 75 46 0 75 52 0 75 42 0 75 44 0 15006 1210000 18150 704180 997500 701888
 6132.788776 30143 1100 1100 1100 1100 75 46 0 75 52 0 75 42 0 75 44 0 15006 1210000 18150 706098 997500 703882
 6132.988775 30144 1100 1100 1100 1100 75 46 0 75 52 0 75 42 0 75 44 0 15006 1210000 18150 706098 997500 703882
 6133.188779 30145 1100 1100 1100 1100 75 46 0 75 52 0 75 42 0 75 44 0 15006 1210000 18150 705002 997500 702885
 6133.388777 30146 1100 1100 1100 1100 75 46 0 75 52 0 75 42 0 75 44 0 15006 1210000 18150 705550 997500 702885
 6133.588731 30147 1100 1100 1100 1100 75 46 0 75 52 0 75 42 0 75 44 0 15006 1210000 18150 706098 997500 703882
 6133.788732 30148 1100 1100 1100 1100 75 46 0 75 52 0 75 42 0 75 44 0 15006 1210000 18150 706098 997500 703882
 6133.988735 30149 1100 1100 1100 1100 75 46 0 75 52 0 75 42 0 75 44 0 15250 1210000 18150 706098 997500 703882
 6134.188744 30150 1100 1100 1100 1100 76 46 0 76 52 0 76 42 0 76 44 0 15006 1210000 18150 705276 997500 702885
 6134.388732 30151 1100 1100 1100 1100 76 46 0 76 52 0 76 42 0 76 44 0 15006 1210000 18150 706920 997500 703882
 6134.588731 30152 1100 1100 1100 1100 76 46 0 76 52 0 76 42 0 76 44 0 15006 1210000 18150 706920 997500 703882
 6134.788731 30153 1100 1100 1100 1100 76 46 0 76 52 0 76 42 0 76 44 0 15006 1210000 18150 706646 997500 703882
 6134.988731 30154 1100 1100 1100 1100 76 46 0 76 52 0 76 42 0 76 44 0 15250 1210000 18150 705276 997500 702885
 6135.188731 30155 1100 1100 1100 1100 76 46 0 76 52 0 76 42 0 76 44 0 15006 1210000 18150 705824 997500 702885
 6135.388732 30156 1100 1100 1100 1100 76 46 0 76 52 0 76 42 0 76 44 0 15006 1210000 18150 705824 997500 702885
 6135.588731 30157 1100 1100 1100 1100 76 46 0 76 52 0 76 42 0 76 44 0 15250 1210000 18150 705824 997500 702885
 6135.788731 30158 1100 1100 1100 1100 76 46 0 76 52 0 76 42 0 76 44 0 15250 1210000 18150 706372 997500 703882
 6135.988732 30159 1100 1100 1100 1100 76 46 0 76 52 0 76 42 0 76 44 0 15006 1210000 18150 729114 997500 726813
 6136.188734 30160 1100 1100 1100 1100 76 46 0 76 52 0 76 42 0 76 44 0 15006 1210000 18150 707742 997500 704879
 6136.388731 30161 1100 1100 1100 1100 76 46 0 76 52 0 76 42 0 76 44 0 15006 1210000 18150 707742 997500 704879
 6136.588735 30162 1100 1100 1100 1100 76 46 0 76 52 0 76 42 0 76 44 0 15006 1210000 18150 705824 997500 702885
 6136.788732 30163 1100 1100 1100 1100 76 46 0 76 52 0 76 42 0 76 44 0 15250 1210000 18150 706920 997500 703882
 6136.988732 30164 1100 1100 1100 1100 76 46 0 76 52 0 76 42 0 76 44 0 15250 1210000 18150 705276 997500 702885
 6137.188731 30165 1100 1100 1100 1100 76 46 0 76 52 0 76 42 0 76 44 0 15250 1210000 18150 705276 997500 702885
 6137.388731 30166 1100 1100 1100 1100 76 46 0 76 52 0 76 42 0 76 44 0 14762 1210000 16940 707194 997500 704879
 6137.588732 30167 1100 1100 1100 1100 76 46 0 76 52 0 76 42 0 76 44 0 15006 1210000 18150 706098 997500 703882
 6137.788732 30168 1100 1100 1100 1100 76 46 0 76 52 0 76 42 0 76 44 0 15006 1210000 18150 710482 997500 707870
 6137.988732 30169 1100 1100 1100 1100 76 46 0 76 52 0 76 42 0 76 44 0 15006 1210000 18150 710482 997500 707870
 6138.188731 30170 1100 1100 1100 1100 76 46 0 76 52 0 76 42 0 76 44 0 15250 1210000 18150 704728 997500 701888
 6138.388731 30171 1100 1100 1100 1100 76 46 0 76 52 0 76 42 0 76 44 0 15006 1210000 18150 706098 997500 703882
 6138.588738 30172 1100 1100 1100 1100 76 46 0 76 52 0 76 42 0 76 44 0 15006 1210000 18150 705550 997500 702885
 6138.788731 30173 1100 1100 1100 1100 76 46 0 76 52 0 76 42 0 76 44 0 15006 1210000 18150 705550 997500 702885
 6138.988731 30174 1100 1100 1100 1100 76 46 0 76 52 0 76 42 0 76 44 0 15006 1210000 18150 705550 997500 702885
 6139.188735 30175 1100 1100 1100 1100 76 46 0 76 52 0 76 42 0 76 44 0 15250 1210000 18150 706646 997500 703882
 6139.388774 30176 1100 1100 1100 1100 76 46 0 76 52 0 76 42 0 76 44 0 15006 1210000 18150 706646 997500 703882
 6139.588732 30177 1100 1100 1100 1100 76 46 0 76 52 0 76 42 0 76 44 0 15006 1210000 18150 706646 997500 703882
 6139.788732 30178 1100 1100 1100 1100 76 46 0 76 52 0 76 42 0 76 44 0 15006 1210000 18150 706646 997500 703882
 6139.988732 30179 1100 1100 1100 1100 76 46 0 76 52 0 76 42 0 76 44 0 15006 1210000 18150 731306 997500 728807
 6140.188731 30180 1100 1100 1100 1100 76 46 0 76 52 0 76 42 0 76 44 0 15006 1210000 18150 706098 997500 703882
 6140.388731 30181 1100 1100 1100 1100 76 46 0 76 52 0 76 42 0 76 44 0 15006 1210000 18150 706098 997500 703882
 6140.588731 30182 1100 1100 1100 1100 76 46 0 76 52 0 76 42 0 76 44 0 15250 1210000 18150 706646 997500 703882
 6140.788745 30183 1100 1100 1100 1100 76 46 0 76 52 0 76 42 0 76 44 0 15006 1210000 18150 706372 997500 703882
 6140.988734 30184 1100 1100 1100 1100 76 46 0 76 52 0 76 42 0 76 44 0 14762 1210000 16940 706646 997500 703882
 6141.188733 30185 1100 1100 1100 1100 76 46 0 76 52 0 76 42 0 76 44 0 14762 1210000 16940 706646 997500 703882
 6141.388732 30186 1100 1100 1100 1100 76 46 0 76 52 0 76 42 0 76 44 0 15006 1210000 18150 709934 997500 706873
 6141.588733 30187 1100 1100 1100 1100 76 46 0 76 52 0 76 42 0 76 44 0 15250 1210000 18150 706920 997500 703882
 6141.788736 30188 1100 1100 1100 1100 76 46 0 76 52 0 76 42 0 76 44 0 15250 1210000 18150 705002 997500 702885
 6141.988733 30189 1100 1100 1100 1100 76 46 0 76 52 0 76 42 0 76 44 0 15250 1210000 18150 705002 997500 702885
 6142.188733 30190 1100 1100 1100 1100 76 46 0 76 52 0 76 42 0 76 44 0 15006 1210000 18150 705276 997500 702885
 6142.388777 30191 1100 1100 1100 1100 76 46 0 76 52 0 76 42 0 76 44 0 15250 1210000 18150 706372 997500 703882
 6142.588733 30192 1100 1100 1100 1100 76 46 0 76 52 0 76 42 0 76 44 0 15250 1210000 18150 705824 997500 702885
 6142.788732 30193 1100 1100 1100 1100 76 46 0 76 52 0 76 42 0 76 44 0 15006 1210000 18150 707194 997500 704879
 6142.988732 30194 1100 1100 1100 1100 76 46 0 76 52 0 76 42 0 76 44 0 15006 1210000 18150 707194 997500 704879
 6143.188732 30195 1100 1100 1100 1100 76 46 0 76 52 0 76 42 0 76 44 0 15006 1210000 18150 706372 997500 703882
 6143.388732 30196 1100 1100 1100 1100 76 46 0 76 52 0 76 42 0 76 44 0 15006 1210000 18150 706646 997500 703882
 6143.588732 30197 1100 1100 1100 1100 76 46 0 76 52 0 76 42 0 76 44 0 15006 1210000 18150 705824 997500 702885
 6143.788733 30198 1100 1100 1100 1100 76 46 0 76 52 0 76 42 0 76 44 0 15006 1210000 18150 705824 997500 702885
 6143.988732 30199 1100 1100 1100 1100 76 46 0 76 52 0 76 42 0 76 44 0 15006 1210000 18150 706098 997500 703882
 6144.188733 30200 1100 1100 1100 1100 76 46 0 76 52 0 76 42 0 76 44 0 15006 1210000 18150 705824 997500 702885
 6144.388736 30201 1100 1100 1100 1100 76 46 0 76 52 0 76 42 0 76 44 0 15250 1210000 18150 706920 997500 703882
 6144.588732 30202 1100 1100 1100 1100 76 46 0 76 52 0 76 42 0 76 44 0 15250 1210000 18150 706920 997500 703882
 6144.788733 30203 1100 1100 1100 1100 76 46 0 76 52 0 76 42 0 76 44 0 15006 1210000 18150 706646 997500 703882
 6144.988733 30204 1100 1100 1100 1100 76 46 0 76 52 0 76 42 0 76 44 0 15006 1210000 18150 706920 997500 703882
 6145.188733 30205 1100 1100 1100 1100 76 46 0 76 52 0 76 42 0 76 44 0 15250 1210000 18150 706098 997500 703882
 6145.388733 30206 1100 1100 1100 1100 76 46 0 76 52 0 76 42 0 76 44 0 15250 1210000 18150 706098 997500 703882
 6145.588732 30207 1100 1100 1100 1100 76 46 0 76 52 0 76 42 0 76 44 0 15250 1210000 18150 705276 997500 702885
 6145.788733 30208 1100 1100 1100 1100 76 46 0 76 52 0 76 42 0 76 44 0 15250 1210000 18150 706646 997500 703882
 6145.988732 30209 1100 1100 1100 1100 76 46 0 76 52 0 76 42 0 76 44 0 15006 1210000 18150 706646 997500 703882
 6146.188733 30210 1100 1100 1100 1100 76 46 0 76 52 0 76 42 0 76 44 0 15006 1210000 18150 706646 997500 703882
 6146.388733 30211 1100 1100 1100 1100 76 46 0 76 52 0 76 42 0 76 44 0 15006 1210000 18150 705824 997500 702885
 6146.588733 30212 1100 1100 1100 1100 76 46 0 76 52 0 76 42 0 76 44 0 15250 1210000 18150 706646 997500 703882
 6146.788732 30213 1100 1100 1100 1100 76 46 0 76 52 0 76 42 0 76 44 0 15250 1210000 18150 736238 997500 733792
 6146.988747 30214 1100 1100 1100 1100 76 46 0 76 52 0 76 42 0 76 44 0 15250 1210000 18150 736238 997500 733792
 6147.188732 30215 1100 1100 1100 1100 76 46 0 76 52 0 76 42 0 76 44 0 15250 1210000 18150 707468 997500 704879
 6147.388731 30216 1100 1100 1100 1100 76 46 0 76 52 0 76 42 0 76 44 0 15006 1210000 18150 705824 997500 702885
 6147.588731 30217 1100 1100 1100 1100 76 46 0 76 52 0 76 42 0 76 44 0 15006 1210000 18150 705824 997500 702885
 6147.788731 30218 1100 1100 1100 1100 76 46 0 76 52 0 76 42 0 76 44 0 15006 1210000 18150 705824 997500 702885
 6147.988731 30219 1100 1100 1100 1100 76 46 0 76 52 0 76 42 0 76 44 0 15250 1210000 18150 705550 997500 702885
 6148.188734 30220 1100 1100 1100 1100 76 46 0 76 52 0 76 42 0 76 44 0 15250 1210000 18150 707468 997500 704879
 6148.388731 30221 1100 1100 1100 1100 76 46 0 76 52 0 76 42 0 76 44 0 14762 1210000 16940 708290 997500 705876
 6148.588734 30222 1100 1100 1100 1100 76 46 0 76 52 0 76 42 0 76 44 0 15006 1210000 18150 706646 997500 703882
 6148.788731 30223 1100 1100 1100 1100 76 46 0 76 52 0 76 42 0 76 44 0 15006 1210000 18150 706646 997500 703882
 6148.988731 30224 1100 1100 1100 1100 76 46 0 76 52 0 76 42 0 76 44 0 15250 1210000 18150 709386 997500 706873
 6149.188732 30225 1100 1100 1100 1100 76 46 0 76 52 0 76 42 0 76 44 0 15250 1210000 18150 706646 997500 703882
 6149.388731 30226 1100 1100 1100 1100 76 46 0 76 52 0 76 42 0 76 44 0 15250 1210000 18150 705550 997500 702885
 6149.588735 30227 1100 1100 1100 1100 76 46 0 76 52 0 76 42 0 76 44 0 15250 1210000 18150 705550 997500 702885
 6149.788731 30228 1100 1100 1100 1100 76 46 0 76 52 0 76 42 0 76 44 0 15006 1210000 18150 706646 997500 703882
 6149.988731 30229 1100 1100 1100 1100 76 46 0 76 52 0 76 42 0 76 44 0 15006 1210000 18150 706646 997500 703882
 6150.188732 30230 1100 1100 1100 1100 76 46 0 76 52 0 76 42 0 76 44 0 15006 1210000 18150 706646 997500 703882
 6150.388731 30231 1100 1100 1100 1100 76 46 0 76 52 0 76 42 0 76 44 0 15006 1210000 18150 706646 997500 703882
 6150.588731 30232 1100 1100 1100 1100 76 46 0 76 52 0 76 42 0 76 44 0 15250 1210000 18150 723634 997500 720831
 6150.788731 30233 1100 1100 1100 1100 76 46 0 76 52 0 76 42 0 76 44 0 15250 1210000 18150 706920 997500 703882
 6150.988731 30234 1100 1100 1100 1100 76 46 0 76 52 0 76 42 0 76 44 0 15006 1210000 18150 705824 997500 702885
 6151.188731 30235 1100 1100 1100 1100 76 46 0 76 52 0 76 42 0 76 44 0 15006 1210000 18150 705824 997500 702885
 6151.388731 30236 1100 1100 1100 1100 76 46 0 76 52 0 76 42 0 76 44 0 15250 1210000 18150 705550 997500 702885
 6151.588731 30237 1100 1100 1100 1100 76 46 0 76 52 0 76 42 0 76 44 0 15006 1210000 18150 705550 997500 702885
 6151.788732 30238 1100 1100 1100 1100 76 46 0 76 52 0 76 42 0 76 44 0 15250 1210000 18150 707742 997500 704879
 6151.988731 30239 1100 1100 1100 1100 76 46 0 76 52 0 76 42 0 76 44 0 15250 1210000 18150 707742 997500 704879
 6152.188737 30240 1100 1100 1100 1100 76 46 0 76 52 0 76 42 0 76 44 0 15250 1210000 18150 706372 997500 703882
 6152.388731 30241 1100 1100 1100 1100 76 46 0 76 52 0 76 42 0 76 44 0 15250 1210000 18150 707194 997500 704879
 6152.588731 30242 1100 1100 1100 1100 76 46 0 76 52 0 76 42 0 76 44 0 15250 1210000 18150 706646 997500 703882
 6152.788732 30243 1100 1100 1100 1100 76 46 0 76 52 0 76 42 0 76 44 0 15250 1210000 18150 706646 997500 703882
 6152.988731 30244 1100 1100 1100 1100 76 46 0 76 52 0 76 42 0 76 44 0 15006 1210000 18150 705824 997500 702885
 6153.188732 30245 1100 1100 1100 1100 76 46 0 76 52 0 76 42 0 76 44 0 15006 1210000 18150 705550 997500 702885
 6153.388731 30246 1100 1100 1100 1100 76 46 0 76 52 0 76 42 0 76 44 0 15006 1210000 18150 706372 997500 703882
 6153.588731 30247 1100 1100 1100 1100 76 46 0 76 52 0 76 42 0 76 44 0 15006 1210000 18150 706372 997500 703882
 6153.788731 30248 1100 1100 1100 1100 76 46 0 76 52 0 76 42 0 76 44 0 15006 1210000 18150 706920 997500 703882
 6153.988731 30249 1100 1100 1100 1100 76 46 0 76 52 0 76 42 0 76 44 0 15006 1210000 18150 707468 997500 704879
 6154.188731 30250 1100 1100 1100 1100 76 46 0 76 52 0 76 42 0 76 44 0 15250 1210000 18150 706646 997500 703882
 6154.388730 30251 1100 1100 1100 1100 76 46 0 76 52 0 76 42 0 76 44 0 15250 1210000 18150 706646 997500 703882
 6154.588732 30252 1100 1100 1100 1100 76 46 0 76 52 0 76 42 0 76 44 0 15006 1210000 18150 706646 997500 703882
 6154.788736 30253 1100 1100 1100 1100 76 46 0 76 52 0 76 42 0 76 44 0 15250 1210000 18150 708564 997500 705876
 6154.988815 30254 1100 1100 1100 1100 76 46 0 76 52 0 76 42 0 76 44 0 15006 1210000 18150 706372 997500 703882
 6155.188732 30255 1100 1100 1100 1100 76 46 0 76 52 0 76 42 0 76 44 0 15006 1210000 18150 708290 997500 705876
 6155.388731 30256 1100 1100 1100 1100 76 46 0 76 52 0 76 42 0 76 44 0 15006 1210000 18150 708290 997500 705876
 6155.588731 30257 1100 1100 1100 1100 76 46 0 76 52 0 76 42 0 76 44 0 15250 1210000 18150 706646 997500 703882
 6155.788731 30258 1100 1100 1100 1100 76 46 0 76 52 0 76 42 0 76 44 0 15250 1210000 18150 706372 997500 703882
 6155.988732 30259 1100 1100 1100 1100 76 46 0 76 52 0 76 42 0 76 44 0 15006 1210000 18150 707742 997500 704879
 6156.188731 30260 1100 1100 1100 1100 76 46 0 76 52 0 76 42 0 76 44 0 15006 1210000 18150 707742 997500 704879
 6156.388730 30261 1100 1100 1100 1100 76 46 0 76 52 0 76 42 0 76 44 0 15006 1210000 18150 707742 997500 704879
 6156.588730 30262 1100 1100 1100 1100 76 46 0 76 52 0 76 42 0 76 44 0 15006 1210000 18150 706646 997500 703882
 6156.788731 30263 1100 1100 1100 1100 76 46 0 76 52 0 76 42 0 76 44 0 15006 1210000 18150 706098 997500 703882
 6156.988731 30264 1100 1100 1100 1100 76 46 0 76 52 0 76 42 0 76 44 0 15006 1210000 18150 706098 997500 703882
 6157.188762 30265 1100 1100 1100 1100 76 46 0 76 52 0 76 42 0 76 44 0 15494 1210000 18150 705824 997500 702885
 6157.388735 30266 1100 1100 1100 1100 76 46 0 76 52 0 76 42 0 76 44 0 15006 1210000 18150 735142 997500 732795
 6157.588730 30267 1100 1100 1100 1100 76 46 0 76 52 0 76 42 0 76 44 0 15006 1210000 18150 708838 997500 705876
 6157.788731 30268 1100 1100 1100 1100 76 46 0 76 52 0 76 42 0 76 44 0 15006 1210000 18150 708838 997500 705876
 6157.988731 30269 1100 1100 1100 1100 76 46 0 76 52 0 76 42 0 76 44 0 14762 1210000 16940 707742 997500 704879
 6158.188734 30270 1100 1100 1100 1100 76 46 0 76 52 0 76 42 0 76 44 0 15006 1210000 18150 707194 997500 704879
 6158.388731 30271 1100 1100 1100 1100 76 46 0 76 52 0 76 42 0 76 44 0 15006 1210000 18150 705276 997500 702885
 6158.588731 30272 1100 1100 1100 1100 76 46 0 76 52 0 76 42 0 76 44 0 15006 1210000 18150 705276 997500 702885
 6158.788731 30273 1100 1100 1100 1100 76 46 0 76 52 0 76 42 0 76 44 0 15250 1210000 18150 705824 997500 702885
 6158.988731 30274 1100 1100 1100 1100 76 46 0 76 52 0 76 42 0 76 44 0 15006 1210000 18150 706372 997500 703882
 6159.188731 30275 1100 1100 1100 1100 76 46 0 76 52 0 76 42 0 76 44 0 15494 1210000 18150 707194 997500 704879
 6159.388731 30276 1100 1100 1100 1100 76 46 0 76 52 0 76 42 0 76 44 0 15494 1210000 18150 707194 997500 704879
 6159.588732 30277 1100 1100 1100 1100 76 46 0 76 52 0 76 42 0 76 44 0 15250 1210000 18150 706920 997500 703882
 6159.788731 30278 1100 1100 1100 1100 76 46 0 76 52 0 76 42 0 76 44 0 15006 1210000 18150 706646 997500 703882
 6159.988743 30279 1100 1100 1100 1100 76 46 0 76 52 0 76 42 0 76 44 0 15006 1210000 18150 706372 997500 703882
 6160.188731 30280 1100 1100 1100 1100 76 46 0 76 52 0 76 42 0 76 44 0 15006 1210000 18150 706372 997500 703882
 6160.388730 30281 1100 1100 1100 1100 76 46 0 76 52 0 76 42 0 76 44 0 15250 1210000 18150 707468 997500 704879
 6160.588731 30282 1100 1100 1100 1100 76 46 0 76 52 0 76 42 0 76 44 0 15250 1210000 18150 705824 997500 702885
 6160.788731 30283 1100 1100 1100 1100 76 46 0 76 52 0 76 42 0 76 44 0 15250 1210000 18150 707742 997500 704879
 6160.988735 30284 1100 1100 1100 1100 76 46 0 76 52 0 76 42 0 76 44 0 15006 1210000 18150 707468 997500 704879
 6161.188731 30285 1100 1100 1100 1100 76 46 0 76 52 0 76 42 0 76 44 0 15006 1210000 18150 707468 997500 704879
 6161.388731 30286 1100 1100 1100 1100 76 46 0 76 52 0 76 42 0 76 44 0 15250 1210000 18150 707742 997500 704879
 6161.588731 30287 1100 1100 1100 1100 76 46 0 76 52 0 76 42 0 76 44 0 15494 1210000 18150 707194 997500 704879
 6161.788731 30288 1100 1100 1100 1100 76 46 0 76 52 0 76 42 0 76 44 0 15006 1210000 18150 706920 997500 703882
 6161.988734 30289 1100 1100 1100 1100 76 46 0 76 52 0 76 42 0 76 44 0 15006 1210000 18150 706920 997500 703882
 6162.188731 30290 1100 1100 1100 1100 76 46 0 76 52 0 76 42 0 76 44 0 14762 1210000 16940 731306 997500 728807
 6162.388731 30291 1100 1100 1100 1100 76 46 0 76 52 0 76 42 0 76 44 0 15250 1210000 18150 706646 997500 703882
 6162.588735 30292 1100 1100 1100 1100 76 46 0 76 52 0 76 42 0 76 44 0 15006 1210000 18150 706646 997500 703882
 6162.788731 30293 1100 1100 1100 1100 76 46 0 76 52 0 76 42 0 76 44 0 15006 1210000 18150 706646 997500 703882
 6162.988731 30294 1100 1100 1100 1100 76 46 0 76 52 0 76 42 0 76 44 0 15006 1210000 18150 706920 997500 703882
 6163.188733 30295 1100 1100 1100 1100 76 46 0 76 52 0 76 42 0 76 44 0 15006 1210000 18150 706646 997500 703882
 6163.388731 30296 1100 1100 1100 1100 76 46 0 76 52 0 76 42 0 76 44 0 14762 1210000 16940 706920 997500 703882
 6163.588731 30297 1100 1100 1100 1100 76 46 0 76 52 0 76 42 0 76 44 0 14762 1210000 16940 706920 997500 703882
 6163.788734 30298 1100 1100 1100 1100 76 46 0 76 52 0 76 42 0 76 44 0 15006 1210000 18150 708838 997500 705876
 6163.988731 30299 1100 1100 1100 1100 76 46 0 76 52 0 76 42 0 76 44 0 15006 1210000 18150 706646 997500 703882
 6164.188731 30300 1100 1100 1100 1100 76 46 0 76 52 0 76 42 0 76 44 0 14762 1210000 16940 706372 997500 703882
 6164.388731 30301 1100 1100 1100 1100 76 46 0 76 52 0 76 42 0 76 44 0 14762 1210000 16940 706372 997500 703882
 6164.588734 30302 1100 1100 1100 1100 76 46 0 76 52 0 76 42 0 76 44 0 15494 1210000 18150 706098 997500 703882
 6164.788735 30303 1100 1100 1100 1100 76 46 0 76 52 0 76 42 0 76 44 0 15006 1210000 18150 707194 997500 704879
 6164.988731 30304 1100 1100 1100 1100 76 46 0 76 52 0 76 42 0 76 44 0 15006 1210000 18150 700344 997500 697900
 6165.188735 30305 1100 1100 1100 1100 76 46 0 76 52 0 76 42 0 76 44 0 15006 1210000 18150 700344 997500 697900
 6165.388731 30306 1100 1100 1100 1100 76 46 0 76 52 0 76 42 0 76 44 0 15006 1210000 18150 706920 997500 703882
 6165.588731 30307 1100 1100 1100 1100 76 46 0 76 52 0 76 42 0 76 44 0 15006 1210000 18150 706646 997500 703882
 6165.788773 30308 1100 1100 1100 1100 76 46 0 76 52 0 76 42 0 76 44 0 15006 1210000 18150 723634 997500 720831
 6165.988732 30309 1100 1100 1100 1100 76 46 0 76 52 0 76 42 0 76 44 0 15006 1210000 18150 723634 997500 720831
 6166.188731 30310 1100 1100 1100 1100 76 46 0 76 52 0 76 42 0 76 44 0 15250 1210000 18150 708564 997500 705876
 6166.388731 30311 1100 1100 1100 1100 76 46 0 76 52 0 76 42 0 76 44 0 15006 1210000 18150 706098 997500 703882
 6166.588731 30312 1100 1100 1100 1100 76 46 0 76 52 0 76 42 0 76 44 0 15250 1210000 18150 708016 997500 705876
 6166.788731 30313 1100 1100 1100 1100 76 46 0 76 52 0 76 42 0 76 44 0 15250 1210000 18150 708016 997500 705876
 6166.988731 30314 1100 1100 1100 1100 76 46 0 76 52 0 76 42 0 76 44 0 15494 1210000 18150 707742 997500 704879
 6167.188731 30315 1100 1100 1100 1100 76 46 0 76 52 0 76 42 0 76 44 0 15250 1210000 18150 706920 997500 703882
 6167.388731 30316 1100 1100 1100 1100 76 46 0 76 52 0 76 42 0 76 44 0 15250 1210000 18150 706372 997500 703882
 6167.588731 30317 1100 1100 1100 1100 76 46 0 76 52 0 76 42 0 76 44 0 15006 1210000 18150 706372 997500 703882
 6167.788735 30318 1100 1100 1100 1100 76 46 0 76 52 0 76 42 0 76 44 0 15006 1210000 18150 706372 997500 703882
 6167.988731 30319 1100 1100 1100 1100 76 46 0 76 52 0 76 42 0 76 44 0 15250 1210000 18150 706646 997500 703882
 6168.188732 30320 1100 1100 1100 1100 76 46 0 76 52 0 76 42 0 76 44 0 15006 1210000 18150 706646 997500 703882
 6168.388731 30321 1100 1100 1100 1100 76 46 0 76 52 0 76 42 0 76 44 0 15494 1210000 18150 706372 997500 703882
 6168.588733 30322 1100 1100 1100 1100 76 46 0 76 52 0 76 42 0 76 44 0 15494 1210000 18150 706372 997500 703882
 6168.788732 30323 1100 1100 1100 1100 76 46 0 76 52 0 76 42 0 76 44 0 15250 1210000 18150 707468 997500 704879
 6168.988732 30324 1100 1100 1100 1100 76 46 0 76 52 0 76 42 0 76 44 0 15006 1210000 18150 707194 997500 704879
 6169.188803 30325 1100 1100 1100 1100 76 46 0 76 52 0 76 42 0 76 44 0 15250 1210000 18150 707194 997500 704879
 6169.388731 30326 1100 1100 1100 1100 76 46 0 76 52 0 76 42 0 76 44 0 15250 1210000 18150 707194 997500 704879
 6169.588731 30327 1100 1100 1100 1100 76 46 0 76 52 0 76 42 0 76 44 0 15250 1210000 18150 713222 997500 710861
 6169.788800 30328 1100 1100 1100 1100 76 46 0 76 52 0 76 42 0 76 44 0 15250 1210000 18150 711578 997500 708867
 6169.988808 30329 1100 1100 1100 1100 76 46 0 76 52 0 76 42 0 76 44 0 15250 1210000 18150 708290 997500 705876
 6170.188730 30330 1100 1100 1100 1100 76 46 0 76 52 0 76 42 0 76 44 0 15250 1210000 18150 708290 997500 705876
 6170.388800 30331 1100 1100 1100 1100 76 46 0 76 52 0 76 42 0 76 44 0 15006 1210000 18150 706646 997500 703882
 6170.588830 30332 1100 1100 1100 1100 76 46 0 76 52 0 76 42 0 76 44 0 15006 1210000 18150 706372 997500 703882
 6170.788824 30333 1100 1100 1100 1100 76 46 0 76 52 0 76 42 0 76 44 0 15006 1210000 18150 706920 997500 703882
 6170.988836 30334 1100 1100 1100 1100 76 46 0 76 52 0 76 42 0 76 44 0 15006 1210000 18150 706920 997500 703882
 6171.188825 30335 1100 1100 1100 1100 76 46 0 76 52 0 76 42 0 76 44 0 15006 1210000 18150 706646 997500 703882
 6171.388824 30336 1100 1100 1100 1100 76 46 0 76 52 0 76 42 0 76 44 0 15250 1210000 18150 709934 997500 706873
 6171.588824 30337 1100 1100 1100 1100 76 46 0 76 52 0 76 42 0 76 44 0 15006 1210000 18150 709386 997500 706873
 6171.788826 30338 1100 1100 1100 1100 76 46 0 76 52 0 76 42 0 76 44 0 15006 1210000 18150 709386 997500 706873
 6171.988837 30339 1100 1100 1100 1100 76 46 0 76 52 0 76 42 0 76 44 0 15006 1210000 18150 710208 997500 707870
 6172.188824 30340 1100 1100 1100 1100 76 46 0 76 52 0 76 42 0 76 44 0 15006 1210000 18150 709112 997500 706873
 6172.388824 30341 1100 1100 1100 1100 76 46 0 76 52 0 76 42 0 76 44 0 15250 1210000 18150 706920 997500 703882
 6172.588824 30342 1100 1100 1100 1100 76 46 0 76 52 0 76 42 0 76 44 0 15250 1210000 18150 706920 997500 703882
 6172.788824 30343 1100 1100 1100 1100 76 46 0 76 52 0 76 42 0 76 44 0 15494 1210000 18150 707468 997500 704879
 6172.988832 30344 1100 1100 1100 1100 76 46 0 76 52 0 76 42 0 76 44 0 15006 1210000 18150 708564 997500 705876
 6173.188824 30345 1100 1100 1100 1100 76 46 0 76 52 0 76 42 0 76 44 0 15006 1210000 18150 710208 997500 707870
 6173.388802 30346 1100 1100 1100 1100 76 46 0 76 52 0 76 42 0 76 44 0 15250 1210000 18150 709660 997500 706873
 6173.588820 30347 1100 1100 1100 1100 76 46 0 76 52 0 76 42 0 76 44 0 15250 1210000 18150 709660 997500 706873
 6173.788817 30348 1100 1100 1100 1100 76 46 0 76 52 0 76 42 0 76 44 0 15250 1210000 18150 647736 997500 645059
 6173.988904 30349 1100 1100 1100 1100 76 46 0 76 52 0 76 42 0 76 44 0 15006 1210000 18150 55622 995000 54725
 6174.188816 30350 1100 1100 1100 1100 75 46 0 75 52 0 75 42 0 75 44 0 15006 1210000 18150 50416 995000 49750
 6174.388815 30351 1100 1100 1100 1100 75 46 0 75 52 0 75 42 0 75 44 0 15006 1210000 18150 50416 995000 49750
 6174.588815 30352 1100 1100 1100 1100 75 46 0 75 52 0 75 42 0 75 44 0 15006 1210000 18150 50142 995000 49750
 6174.788815 30353 1100 1100 1100 1100 75 46 0 75 52 0 75 42 0 75 44 0 15006 1210000 18150 49594 995000 48755
 6174.988815 30354 1100 1100 1100 1100 75 46 0 75 52 0 75 42 0 75 44 0 14762 1210000 16940 57814 995000 56715
 6175.188815 30355 1100 1100 1100 1100 74 46 0 74 52 0 74 42 0 74 44 0 14762 1210000 16940 57814 995000 56715
 6175.388815 30356 1100 1100 1100 1100 74 46 0 74 52 0 74 42 0 74 44 0 14762 1210000 16940 54252 995000 53730
