 6175.588815 30357 1100 1100 1100 1100 74 46 0 74 52 0 74 42 0 74 44 0 15006 1210000 18150 51786 995000 50745
 6175.788815 30358 1100 1100 1100 1100 74 46 0 74 52 0 74 42 0 74 44 0 15006 1210000 18150 52060 995000 51740
 6175.988815 30359 1100 1100 1100 1100 74 46 0 74 52 0 74 42 0 74 44 0 15006 1210000 18150 52060 995000 51740
 6176.188812 30360 1100 1100 1100 1100 74 46 0 74 52 0 74 42 0 74 44 0 14762 1210000 16940 52608 995000 51740
 6176.388811 30361 1100 1100 1100 1100 74 46 0 74 52 0 74 42 0 74 44 0 15006 1210000 18150 51786 995000 50745
 6176.588817 30362 1100 1100 1100 1100 74 46 0 74 52 0 74 42 0 74 44 0 15006 1210000 18150 159742 996250 158364
 6176.788815 30363 1100 1100 1100 1100 74 46 0 74 52 0 74 42 0 74 44 0 15006 1210000 18150 159742 996250 158364
 6176.988815 30364 1100 1100 1100 1100 74 46 0 74 52 0 74 42 0 74 44 0 15006 1210000 18150 256190 996250 254976
 6177.188815 30365 1100 1100 1100 1100 73 46 0 73 52 0 73 42 0 73 44 0 14762 1210000 16940 49046 995000 48755
 6177.388775 30366 1100 1100 1100 1100 73 46 0 73 52 0 73 42 0 73 44 0 14762 1210000 16940 50416 995000 49750
 6177.588843 30367 1100 1100 1100 1100 73 46 0 73 52 0 73 42 0 73 44 0 14762 1210000 16940 50416 995000 49750
 6177.788845 30368 1100 1100 1100 1100 73 46 0 73 52 0 73 42 0 73 44 0 14762 1208750 16912 495666 997500 493515
 6177.988897 30369 1100 1100 1100 1100 73 46 0 73 52 0 73 42 0 73 44 0 14518 1210000 16940 764460 998750 762472
 6178.188764 30370 1100 1100 1100 1100 76 46 0 76 52 0 76 42 0 76 44 0 14762 1210000 16940 720620 997500 717840
 6178.388731 30371 1100 1100 1100 1100 76 46 0 76 52 0 76 42 0 76 44 0 14762 1210000 16940 720620 997500 717840
 6178.588731 30372 1100 1100 1100 1100 76 46 0 76 52 0 76 42 0 76 44 0 14762 1210000 16940 615130 996250 612540
 6178.788731 30373 1100 1100 1100 1100 76 46 0 76 52 0 76 42 0 76 44 0 14762 1210000 16940 524162 996250 521904
 6178.988730 30374 1100 1100 1100 1100 76 46 0 76 52 0 76 42 0 76 44 0 15006 1210000 18150 524162 996250 521904
 6179.188732 30375 1100 1100 1100 1100 75 46 0 75 52 0 75 42 0 75 44 0 15006 1210000 18150 524162 996250 521904
 6179.388730 30376 1100 1100 1100 1100 75 46 0 75 52 0 75 42 0 75 44 0 14762 1210000 16940 524436 996250 521904
 6179.588731 30377 1100 1100 1100 1100 75 46 0 75 52 0 75 42 0 75 44 0 15250 1210000 18150 537588 996250 534852
 6179.788731 30378 1100 1100 1100 1100 75 46 0 75 52 0 75 42 0 75 44 0 15006 1210000 18150 524162 996250 521904
 6179.988731 30379 1100 1100 1100 1100 75 46 0 75 52 0 75 42 0 75 44 0 15006 1210000 18150 525532 996250 522900
 6180.188731 30380 1100 1100 1100 1100 75 46 0 75 52 0 75 42 0 75 44 0 15006 1210000 18150 525532 996250 522900
 6180.388731 30381 1100 1100 1100 1100 75 46 0 75 52 0 75 42 0 75 44 0 14762 1210000 16940 524162 995000 521380
 6180.588731 30382 1100 1100 1100 1100 75 46 0 75 52 0 75 42 0 75 44 0 15006 1210000 18150 524162 996250 521904
 6180.788731 30383 1100 1100 1100 1100 75 46 0 75 52 0 75 42 0 75 44 0 15006 1210000 18150 524436 996250 521904
 6180.988731 30384 1100 1100 1100 1100 75 46 0 75 52 0 75 42 0 75 44 0 15006 1210000 18150 524436 996250 521904
 6181.188731 30385 1100 1100 1100 1100 75 46 0 75 52 0 75 42 0 75 44 0 14762 1210000 16940 525806 995000 522375
 6181.388731 30386 1100 1100 1100 1100 75 46 0 75 52 0 75 42 0 75 44 0 14762 1210000 16940 526628 996250 523896
 6181.588731 30387 1100 1100 1100 1100 75 46 0 75 52 0 75 42 0 75 44 0 14762 1210000 16940 524710 996250 521904
 6181.788731 30388 1100 1100 1100 1100 75 46 0 75 52 0 75 42 0 75 44 0 14762 1210000 16940 524710 996250 521904
 6181.988730 30389 1100 1100 1100 1100 75 46 0 75 52 0 75 42 0 75 44 0 15006 1210000 18150 525532 996250 522900
 6182.188730 30390 1100 1100 1100 1100 75 46 0 75 52 0 75 42 0 75 44 0 14762 1210000 16940 524436 996250 521904
 6182.388731 30391 1100 1100 1100 1100 75 46 0 75 52 0 75 42 0 75 44 0 15006 1210000 18150 524710 996250 521904
 6182.588731 30392 1100 1100 1100 1100 75 46 0 75 52 0 75 42 0 75 44 0 15006 1210000 18150 524710 996250 521904
 6182.788730 30393 1100 1100 1100 1100 75 46 0 75 52 0 75 42 0 75 44 0 15006 1210000 18150 524710 996250 521904
 6182.988730 30394 1100 1100 1100 1100 75 46 0 75 52 0 75 42 0 75 44 0 15006 1210000 18150 525258 995000 522375
 6183.188731 30395 1100 1100 1100 1100 75 46 0 75 52 0 75 42 0 75 44 0 15250 1210000 18150 524710 996250 521904
 6183.388731 30396 1100 1100 1100 1100 75 46 0 75 52 0 75 42 0 75 44 0 15250 1210000 18150 524710 996250 521904
 6183.588732 30397 1100 1100 1100 1100 75 46 0 75 52 0 75 42 0 75 44 0 14762 1208750 16912 524710 996250 521904
 6183.788731 30398 1100 1100 1100 1100 75 46 0 75 52 0 75 42 0 75 44 0 14762 1210000 16940 524710 996250 521904
 6183.988731 30399 1100 1100 1100 1100 75 46 0 75 52 0 75 42 0 75 44 0 15006 1210000 18150 525258 996250 522900
 6184.188731 30400 1100 1100 1100 1100 75 46 0 75 52 0 75 42 0 75 44 0 15006 1210000 18150 525258 996250 522900
 6184.388731 30401 1100 1100 1100 1100 75 46 0 75 52 0 75 42 0 75 44 0 15006 1210000 18150 524710 996250 521904
 6184.588731 30402 1100 1100 1100 1100 75 46 0 75 52 0 75 42 0 75 44 0 14762 1210000 16940 528272 996250 525888
 6184.788732 30403 1100 1100 1100 1100 75 46 0 75 52 0 75 42 0 75 44 0 15006 1210000 18150 524710 996250 521904
 6184.988731 30404 1100 1100 1100 1100 75 46 0 75 52 0 75 42 0 75 44 0 15006 1210000 18150 524710 996250 521904
 6185.188731 30405 1100 1100 1100 1100 75 46 0 75 52 0 75 42 0 75 44 0 15250 1210000 18150 524710 996250 521904
 6185.388731 30406 1100 1100 1100 1100 75 46 0 75 52 0 75 42 0 75 44 0 14762 1210000 16940 524162 996250 521904
 6185.588731 30407 1100 1100 1100 1100 75 46 0 75 52 0 75 42 0 75 44 0 15006 1210000 18150 524162 996250 521904
 6185.788734 30408 1100 1100 1100 1100 75 46 0 75 52 0 75 42 0 75 44 0 14762 1210000 16940 524436 996250 521904
 6185.988731 30409 1100 1100 1100 1100 75 46 0 75 52 0 75 42 0 75 44 0 14762 1210000 16940 524436 996250 521904
 6186.188731 30410 1100 1100 1100 1100 75 46 0 75 52 0 75 42 0 75 44 0 14762 1210000 16940 524436 996250 521904
 6186.388731 30411 1100 1100 1100 1100 75 46 0 75 52 0 75 42 0 75 44 0 14762 1210000 16940 524162 995000 521380
 6186.588731 30412 1100 1100 1100 1100 75 46 0 75 52 0 75 42 0 75 44 0 15006 1210000 18150 524436 995000 521380
 6186.788731 30413 1100 1100 1100 1100 75 46 0 75 52 0 75 42 0 75 44 0 15006 1210000 18150 524436 995000 521380
 6186.988731 30414 1100 1100 1100 1100 75 46 0 75 52 0 75 42 0 75 44 0 15250 1210000 18150 524710 996250 521904
 6187.188732 30415 1100 1100 1100 1100 75 46 0 75 52 0 75 42 0 75 44 0 15006 1210000 18150 524710 996250 521904
 6187.388731 30416 1100 1100 1100 1100 75 46 0 75 52 0 75 42 0 75 44 0 14762 1210000 16940 526080 996250 523896
 6187.588731 30417 1100 1100 1100 1100 75 46 0 75 52 0 75 42 0 75 44 0 14762 1210000 16940 526080 996250 523896
 6187.788731 30418 1100 1100 1100 1100 75 46 0 75 52 0 75 42 0 75 44 0 15006 1210000 18150 524436 996250 521904
 6187.988731 30419 1100 1100 1100 1100 75 46 0 75 52 0 75 42 0 75 44 0 15006 1210000 18150 524710 996250 521904
 6188.188731 30420 1100 1100 1100 1100 75 46 0 75 52 0 75 42 0 75 44 0 14762 1210000 16940 524436 996250 521904
 6188.388731 30421 1100 1100 1100 1100 75 46 0 75 52 0 75 42 0 75 44 0 14762 1210000 16940 524436 996250 521904
 6188.588731 30422 1100 1100 1100 1100 75 46 0 75 52 0 75 42 0 75 44 0 14762 1210000 16940 524710 996250 521904
 6188.788731 30423 1100 1100 1100 1100 75 46 0 75 52 0 75 42 0 75 44 0 15006 1210000 18150 524710 996250 521904
 6188.988731 30424 1100 1100 1100 1100 75 46 0 75 52 0 75 42 0 75 44 0 15006 1210000 18150 525806 996250 522900
 6189.188731 30425 1100 1100 1100 1100 75 46 0 75 52 0 75 42 0 75 44 0 15006 1210000 18150 525806 996250 522900
 6189.388731 30426 1100 1100 1100 1100 75 46 0 75 52 0 75 42 0 75 44 0 14762 1210000 16940 524710 996250 521904
 6189.588731 30427 1100 1100 1100 1100 75 46 0 75 52 0 75 42 0 75 44 0 14762 1210000 16940 524710 996250 521904
 6189.788731 30428 1100 1100 1100 1100 75 46 0 75 52 0 75 42 0 75 44 0 15006 1210000 18150 525532 996250 522900
 6189.988731 30429 1100 1100 1100 1100 75 46 0 75 52 0 75 42 0 75 44 0 15006 1210000 18150 525532 996250 522900
 6190.188731 30430 1100 1100 1100 1100 75 46 0 75 52 0 75 42 0 75 44 0 14762 1210000 16940 524436 996250 521904
 6190.388731 30431 1100 1100 1100 1100 75 46 0 75 52 0 75 42 0 75 44 0 15250 1210000 18150 526080 995000 523370
 6190.588731 30432 1100 1100 1100 1100 75 46 0 75 52 0 75 42 0 75 44 0 15006 1210000 18150 524710 996250 521904
 6190.788731 30433 1100 1100 1100 1100 75 46 0 75 52 0 75 42 0 75 44 0 15006 1210000 18150 524710 996250 521904
 6190.988731 30434 1100 1100 1100 1100 75 46 0 75 52 0 75 42 0 75 44 0 14762 1210000 16940 525258 996250 522900
 6191.188731 30435 1100 1100 1100 1100 75 46 0 75 52 0 75 42 0 75 44 0 14762 1210000 16940 524984 996250 521904
 6191.388731 30436 1100 1100 1100 1100 75 46 0 75 52 0 75 42 0 75 44 0 15006 1210000 18150 524710 996250 521904
 6191.588731 30437 1100 1100 1100 1100 75 46 0 75 52 0 75 42 0 75 44 0 15006 1210000 18150 524710 996250 521904
 6191.788731 30438 1100 1100 1100 1100 75 46 0 75 52 0 75 42 0 75 44 0 15006 1210000 18150 524710 996250 521904
 6191.988731 30439 1100 1100 1100 1100 75 46 0 75 52 0 75 42 0 75 44 0 15006 1210000 18150 525532 996250 522900
 6192.188822 30440 1100 1100 1100 1100 75 46 0 75 52 0 75 42 0 75 44 0 15006 1210000 18150 524710 996250 521904
 6192.388826 30441 1100 1100 1100 1100 75 46 0 75 52 0 75 42 0 75 44 0 15006 1210000 18150 529094 996250 526884
 6192.588822 30442 1100 1100 1100 1100 75 46 0 75 52 0 75 42 0 75 44 0 15006 1210000 18150 529094 996250 526884
 6192.788822 30443 1100 1100 1100 1100 75 46 0 75 52 0 75 42 0 75 44 0 14762 1210000 16940 530190 996250 527880
 6192.988823 30444 1100 1100 1100 1100 75 46 0 75 52 0 75 42 0 75 44 0 15006 1210000 18150 529642 996250 526884
 6193.188822 30445 1100 1100 1100 1100 75 46 0 75 52 0 75 42 0 75 44 0 15006 1210000 18150 529916 996250 526884
 6193.388823 30446 1100 1100 1100 1100 75 46 0 75 52 0 75 42 0 75 44 0 15006 1210000 18150 529916 996250 526884
 6193.588822 30447 1100 1100 1100 1100 75 46 0 75 52 0 75 42 0 75 44 0 15006 1210000 18150 531012 996250 528876
 6193.788822 30448 1100 1100 1100 1100 75 46 0 75 52 0 75 42 0 75 44 0 14762 1210000 16940 529642 996250 526884
 6193.988823 30449 1100 1100 1100 1100 75 46 0 75 52 0 75 42 0 75 44 0 14762 1210000 16940 529368 996250 526884
 6194.188823 30450 1100 1100 1100 1100 75 46 0 75 52 0 75 42 0 75 44 0 14762 1210000 16940 529368 996250 526884
 6194.388822 30451 1100 1100 1100 1100 75 46 0 75 52 0 75 42 0 75 44 0 14762 1210000 16940 533204 996250 530868
 6194.588818 30452 1100 1100 1100 1100 75 46 0 75 52 0 75 42 0 75 44 0 14762 1210000 16940 530738 996250 527880
 6194.788752 30453 1100 1100 1100 1100 75 46 0 75 52 0 75 42 0 75 44 0 14762 1210000 16940 529642 996250 526884
 6194.988823 30454 1100 1100 1100 1100 75 46 0 75 52 0 75 42 0 75 44 0 14762 1210000 16940 529642 996250 526884
 6195.188822 30455 1100 1100 1100 1100 75 46 0 75 52 0 75 42 0 75 44 0 14762 1210000 16940 562248 996250 559752
 6195.388823 30456 1100 1100 1100 1100 75 46 0 75 52 0 75 42 0 75 44 0 14762 1210000 16940 532108 996250 529872
 6195.588822 30457 1100 1100 1100 1100 75 46 0 75 52 0 75 42 0 75 44 0 15006 1210000 18150 531834 996250 528876
 6195.788823 30458 1100 1100 1100 1100 75 46 0 75 52 0 75 42 0 75 44 0 15006 1210000 18150 531834 996250 528876
 6195.988822 30459 1100 1100 1100 1100 75 46 0 75 52 0 75 42 0 75 44 0 15006 1210000 18150 531834 996250 528876
 6196.188823 30460 1100 1100 1100 1100 75 46 0 75 52 0 75 42 0 75 44 0 14762 1210000 16940 532656 996250 529872
 6196.388822 30461 1100 1100 1100 1100 75 46 0 75 52 0 75 42 0 75 44 0 14518 1210000 16940 531560 996250 528876
 6196.588822 30462 1100 1100 1100 1100 75 46 0 75 52 0 75 42 0 75 44 0 14518 1210000 16940 531560 996250 528876
 6196.788822 30463 1100 1100 1100 1100 75 46 0 75 52 0 75 42 0 75 44 0 15006 1210000 18150 528820 996250 525888
 6196.988818 30464 1100 1100 1100 1100 75 46 0 75 52 0 75 42 0 75 44 0 14762 1210000 16940 527176 996250 524892
 6197.188824 30465 1100 1100 1100 1100 75 46 0 75 52 0 75 42 0 75 44 0 14762 1210000 16940 529368 996250 526884
 6197.388839 30466 1100 1100 1100 1100 75 46 0 75 52 0 75 42 0 75 44 0 14762 1210000 16940 529368 996250 526884
 6197.588823 30467 1100 1100 1100 1100 75 46 0 75 52 0 75 42 0 75 44 0 15006 1210000 18150 530190 996250 527880
 6197.788823 30468 1100 1100 1100 1100 75 46 0 75 52 0 75 42 0 75 44 0 14762 1210000 16940 531286 996250 528876
 6197.988819 30469 1100 1100 1100 1100 75 46 0 75 52 0 75 42 0 75 44 0 14762 1210000 16940 531286 996250 528876
 6198.188753 30470 1100 1100 1100 1100 75 46 0 75 52 0 75 42 0 75 44 0 14762 1210000 16940 530190 996250 527880
 6198.388823 30471 1100 1100 1100 1100 75 46 0 75 52 0 75 42 0 75 44 0 14762 1210000 16940 530190 996250 527880
 6198.588822 30472 1100 1100 1100 1100 75 46 0 75 52 0 75 42 0 75 44 0 14762 1210000 16940 528820 996250 525888
 6198.788822 30473 1100 1100 1100 1100 75 46 0 75 52 0 75 42 0 75 44 0 14762 1210000 16940 528272 996250 525888
 6198.988823 30474 1100 1100 1100 1100 75 46 0 75 52 0 75 42 0 75 44 0 14762 1210000 16940 529642 996250 526884
 6199.188822 30475 1100 1100 1100 1100 75 46 0 75 52 0 75 42 0 75 44 0 14762 1210000 16940 529642 996250 526884
 6199.388822 30476 1100 1100 1100 1100 75 46 0 75 52 0 75 42 0 75 44 0 14762 1210000 16940 530738 996250 527880
 6199.588823 30477 1100 1100 1100 1100 75 46 0 75 52 0 75 42 0 75 44 0 15006 1210000 18150 532930 996250 529872
 6199.788823 30478 1100 1100 1100 1100 75 46 0 75 52 0 75 42 0 75 44 0 14762 1210000 16940 532108 996250 529872
 6199.988823 30479 1100 1100 1100 1100 75 46 0 75 52 0 75 42 0 75 44 0 14762 1210000 16940 532108 996250 529872
 6200.188822 30480 1100 1100 1100 1100 75 46 0 75 52 0 75 42 0 75 44 0 15006 1210000 18150 532656 996250 529872
 6200.388818 30481 1100 1100 1100 1100 75 46 0 75 52 0 75 42 0 75 44 0 14762 1210000 16940 530464 996250 527880
 6200.588822 30482 1100 1100 1100 1100 75 46 0 75 52 0 75 42 0 75 44 0 14762 1210000 16940 530738 996250 527880
 6200.788818 30483 1100 1100 1100 1100 75 46 0 75 52 0 75 42 0 75 44 0 14762 1210000 16940 530738 996250 527880
 6200.988823 30484 1100 1100 1100 1100 75 46 0 75 52 0 75 42 0 75 44 0 14762 1210000 16940 531286 996250 528876
 6201.188822 30485 1100 1100 1100 1100 75 46 0 75 52 0 75 42 0 75 44 0 15006 1210000 18150 534574 996250 531864
 6201.388822 30486 1100 1100 1100 1100 75 46 0 75 52 0 75 42 0 75 44 0 14762 1210000 16940 534026 996250 531864
 6201.588818 30487 1100 1100 1100 1100 75 46 0 75 52 0 75 42 0 75 44 0 14762 1210000 16940 534026 996250 531864
 6201.788822 30488 1100 1100 1100 1100 75 46 0 75 52 0 75 42 0 75 44 0 15006 1210000 18150 533752 996250 530868
 6201.988823 30489 1100 1100 1100 1100 75 46 0 75 52 0 75 42 0 75 44 0 14762 1210000 16940 531560 996250 528876
 6202.188823 30490 1100 1100 1100 1100 75 46 0 75 52 0 75 42 0 75 44 0 14762 1210000 16940 530190 996250 527880
 6202.388823 30491 1100 1100 1100 1100 75 46 0 75 52 0 75 42 0 75 44 0 14762 1210000 16940 530190 996250 527880
 6202.588823 30492 1100 1100 1100 1100 75 46 0 75 52 0 75 42 0 75 44 0 14518 1210000 16940 531834 996250 528876
 6202.788817 30493 1100 1100 1100 1100 75 46 0 75 52 0 75 42 0 75 44 0 14762 1210000 16940 530190 996250 527880
 6202.988824 30494 1100 1100 1100 1100 75 46 0 75 52 0 75 42 0 75 44 0 14762 1210000 16940 530738 996250 527880
 6203.188778 30495 1100 1100 1100 1100 75 46 0 75 52 0 75 42 0 75 44 0 14762 1210000 16940 530738 996250 527880
 6203.388777 30496 1100 1100 1100 1100 75 46 0 75 52 0 75 42 0 75 44 0 14762 1210000 16940 530190 996250 527880
 6203.588777 30497 1100 1100 1100 1100 75 46 0 75 52 0 75 42 0 75 44 0 15006 1208750 18120 532108 996250 529872
 6203.788777 30498 1100 1100 1100 1100 75 46 0 75 52 0 75 42 0 75 44 0 15006 1210000 18150 530190 996250 527880
 6203.988760 30499 1100 1100 1100 1100 75 46 0 75 52 0 75 42 0 75 44 0 15006 1210000 18150 530190 996250 527880
 6204.188778 30500 1100 1100 1100 1100 75 46 0 75 52 0 75 42 0 75 44 0 14762 1210000 16940 527998 996250 524892
 6204.388777 30501 1100 1100 1100 1100 75 46 0 75 52 0 75 42 0 75 44 0 15006 1210000 18150 530464 996250 527880
 6204.588778 30502 1100 1100 1100 1100 75 46 0 75 52 0 75 42 0 75 44 0 15006 1210000 18150 530464 996250 527880
 6204.788792 30503 1100 1100 1100 1100 75 46 0 75 52 0 75 42 0 75 44 0 15006 1210000 18150 531286 996250 528876
 6204.988805 30504 1100 1100 1100 1100 75 46 0 75 52 0 75 42 0 75 44 0 15006 1210000 18150 531286 996250 528876
 6205.188802 30505 1100 1100 1100 1100 75 46 0 75 52 0 75 42 0 75 44 0 14762 1210000 16940 531012 996250 528876
 6205.388805 30506 1100 1100 1100 1100 75 46 0 75 52 0 75 42 0 75 44 0 14762 1210000 16940 531560 996250 528876
 6205.588806 30507 1100 1100 1100 1100 75 46 0 75 52 0 75 42 0 75 44 0 14762 1210000 16940 532382 996250 529872
 6205.788805 30508 1100 1100 1100 1100 75 46 0 75 52 0 75 42 0 75 44 0 14762 1210000 16940 532382 996250 529872
 6205.988806 30509 1100 1100 1100 1100 75 46 0 75 52 0 75 42 0 75 44 0 15250 1210000 18150 528546 996250 525888
 6206.188806 30510 1100 1100 1100 1100 75 46 0 75 52 0 75 42 0 75 44 0 14762 1210000 16940 528546 996250 525888
 6206.388833 30511 1100 1100 1100 1100 75 46 0 75 52 0 75 42 0 75 44 0 14762 1210000 16940 529642 996250 526884
 6206.588805 30512 1100 1100 1100 1100 75 46 0 75 52 0 75 42 0 75 44 0 14762 1210000 16940 529642 996250 526884
 6206.788807 30513 1100 1100 1100 1100 75 46 0 75 52 0 75 42 0 75 44 0 14762 1210000 16940 530464 996250 527880
 6206.988806 30514 1100 1100 1100 1100 75 46 0 75 52 0 75 42 0 75 44 0 14762 1210000 16940 530738 996250 527880
 6207.188805 30515 1100 1100 1100 1100 75 46 0 75 52 0 75 42 0 75 44 0 14762 1210000 16940 529094 996250 526884
 6207.388806 30516 1100 1100 1100 1100 75 46 0 75 52 0 75 42 0 75 44 0 14762 1210000 16940 529094 996250 526884
 6207.588801 30517 1100 1100 1100 1100 75 46 0 75 52 0 75 42 0 75 44 0 14762 1210000 16940 529642 996250 526884
 6207.788806 30518 1100 1100 1100 1100 75 46 0 75 52 0 75 42 0 75 44 0 14762 1210000 16940 529368 996250 526884
 6207.988806 30519 1100 1100 1100 1100 75 46 0 75 52 0 75 42 0 75 44 0 14762 1210000 16940 530190 996250 527880
 6208.188806 30520 1100 1100 1100 1100 75 46 0 75 52 0 75 42 0 75 44 0 14762 1210000 16940 530190 996250 527880
 6208.388806 30521 1100 1100 1100 1100 75 46 0 75 52 0 75 42 0 75 44 0 15006 1210000 18150 528546 996250 525888
 6208.588801 30522 1100 1100 1100 1100 75 46 0 75 52 0 75 42 0 75 44 0 15006 1210000 18150 534300 996250 531864
 6208.788805 30523 1100 1100 1100 1100 75 46 0 75 52 0 75 42 0 75 44 0 15006 1210000 18150 531834 996250 528876
 6208.988806 30524 1100 1100 1100 1100 75 46 0 75 52 0 75 42 0 75 44 0 15006 1210000 18150 531834 996250 528876
 6209.188806 30525 1100 1100 1100 1100 75 46 0 75 52 0 75 42 0 75 44 0 15006 1210000 18150 532930 996250 529872
 6209.388805 30526 1100 1100 1100 1100 75 46 0 75 52 0 75 42 0 75 44 0 14762 1210000 16940 533204 996250 530868
 6209.588806 30527 1100 1100 1100 1100 75 46 0 75 52 0 75 42 0 75 44 0 14762 1210000 16940 530464 996250 527880
 6209.788805 30528 1100 1100 1100 1100 75 46 0 75 52 0 75 42 0 75 44 0 14762 1210000 16940 530464 996250 527880
 6209.988806 30529 1100 1100 1100 1100 75 46 0 75 52 0 75 42 0 75 44 0 14762 1210000 16940 531012 996250 528876
 6210.188806 30530 1100 1100 1100 1100 75 46 0 75 52 0 75 42 0 75 44 0 14762 1210000 16940 541698 996250 538836
 6210.388805 30531 1100 1100 1100 1100 75 46 0 75 52 0 75 42 0 75 44 0 15006 1210000 18150 532382 996250 529872
 6210.588806 30532 1100 1100 1100 1100 75 46 0 75 52 0 75 42 0 75 44 0 15006 1210000 18150 532382 996250 529872
 6210.788806 30533 1100 1100 1100 1100 75 46 0 75 52 0 75 42 0 75 44 0 15006 1210000 18150 533478 996250 530868
 6210.988803 30534 1100 1100 1100 1100 75 46 0 75 52 0 75 42 0 75 44 0 14762 1210000 16940 533752 996250 530868
 6211.188806 30535 1100 1100 1100 1100 75 46 0 75 52 0 75 42 0 75 44 0 14762 1210000 16940 532930 996250 529872
 6211.388805 30536 1100 1100 1100 1100 75 46 0 75 52 0 75 42 0 75 44 0 15006 1210000 18150 532108 996250 529872
 6211.588805 30537 1100 1100 1100 1100 75 46 0 75 52 0 75 42 0 75 44 0 15006 1210000 18150 532108 996250 529872
 6211.788806 30538 1100 1100 1100 1100 75 46 0 75 52 0 75 42 0 75 44 0 15006 1210000 18150 530738 996250 527880
 6211.988806 30539 1100 1100 1100 1100 75 46 0 75 52 0 75 42 0 75 44 0 15250 1210000 18150 529094 996250 526884
 6212.188806 30540 1100 1100 1100 1100 75 46 0 75 52 0 75 42 0 75 44 0 14762 1210000 16940 527998 996250 524892
 6212.388805 30541 1100 1100 1100 1100 75 46 0 75 52 0 75 42 0 75 44 0 14762 1210000 16940 527998 996250 524892
 6212.588806 30542 1100 1100 1100 1100 75 46 0 75 52 0 75 42 0 75 44 0 15006 1210000 18150 530190 996250 527880
 6212.788806 30543 1100 1100 1100 1100 75 46 0 75 52 0 75 42 0 75 44 0 14762 1210000 16940 529642 996250 526884
 6212.988806 30544 1100 1100 1100 1100 75 46 0 75 52 0 75 42 0 75 44 0 14762 1210000 16940 530190 996250 527880
 6213.188805 30545 1100 1100 1100 1100 75 46 0 75 52 0 75 42 0 75 44 0 14762 1210000 16940 530190 996250 527880
 6213.388818 30546 1100 1100 1100 1100 75 46 0 75 52 0 75 42 0 75 44 0 15006 1210000 18150 527998 996250 524892
 6213.588823 30547 1100 1100 1100 1100 75 46 0 75 52 0 75 42 0 75 44 0 15006 1210000 18150 526902 996250 523896
 6213.788823 30548 1100 1100 1100 1100 75 46 0 75 52 0 75 42 0 75 44 0 14518 1210000 16940 527998 996250 524892
 6213.988823 30549 1100 1100 1100 1100 75 46 0 75 52 0 75 42 0 75 44 0 14518 1210000 16940 527998 996250 524892
 6214.188824 30550 1100 1100 1100 1100 75 46 0 75 52 0 75 42 0 75 44 0 14762 1210000 16940 527450 996250 524892
 6214.388823 30551 1100 1100 1100 1100 75 46 0 75 52 0 75 42 0 75 44 0 14762 1210000 16940 530738 996250 527880
 6214.588823 30552 1100 1100 1100 1100 75 46 0 75 52 0 75 42 0 75 44 0 14762 1210000 16940 529642 996250 526884
 6214.788818 30553 1100 1100 1100 1100 75 46 0 75 52 0 75 42 0 75 44 0 14762 1210000 16940 529642 996250 526884
 6214.988819 30554 1100 1100 1100 1100 75 46 0 75 52 0 75 42 0 75 44 0 15006 1210000 18150 531286 996250 528876
 6215.188824 30555 1100 1100 1100 1100 75 46 0 75 52 0 75 42 0 75 44 0 14762 1210000 16940 534848 996250 531864
 6215.388823 30556 1100 1100 1100 1100 75 46 0 75 52 0 75 42 0 75 44 0 14762 1210000 16940 530190 996250 527880
 6215.588822 30557 1100 1100 1100 1100 75 46 0 75 52 0 75 42 0 75 44 0 14762 1210000 16940 530190 996250 527880
 6215.788818 30558 1100 1100 1100 1100 75 46 0 75 52 0 75 42 0 75 44 0 14762 1210000 16940 529368 996250 526884
 6215.988823 30559 1100 1100 1100 1100 75 46 0 75 52 0 75 42 0 75 44 0 14762 1210000 16940 529916 996250 526884
 6216.188823 30560 1100 1100 1100 1100 75 46 0 75 52 0 75 42 0 75 44 0 14762 1210000 16940 533204 996250 530868
 6216.388823 30561 1100 1100 1100 1100 75 46 0 75 52 0 75 42 0 75 44 0 14762 1210000 16940 533204 996250 530868
 6216.588823 30562 1100 1100 1100 1100 75 46 0 75 52 0 75 42 0 75 44 0 15006 1210000 18150 532382 996250 529872
 6216.788823 30563 1100 1100 1100 1100 75 46 0 75 52 0 75 42 0 75 44 0 14762 1210000 16940 531286 996250 528876
 6216.988824 30564 1100 1100 1100 1100 75 46 0 75 52 0 75 42 0 75 44 0 15006 1210000 18150 532382 996250 529872
 6217.188801 30565 1100 1100 1100 1100 75 46 0 75 52 0 75 42 0 75 44 0 15006 1210000 18150 529916 996250 526884
 6217.388823 30566 1100 1100 1100 1100 75 46 0 75 52 0 75 42 0 75 44 0 15006 1210000 18150 529916 996250 526884
 6217.588823 30567 1100 1100 1100 1100 75 46 0 75 52 0 75 42 0 75 44 0 15006 1210000 18150 529642 996250 526884
 6217.788823 30568 1100 1100 1100 1100 75 46 0 75 52 0 75 42 0 75 44 0 15006 1210000 18150 530190 996250 527880
 6217.988818 30569 1100 1100 1100 1100 75 46 0 75 52 0 75 42 0 75 44 0 14762 1210000 16940 532930 996250 529872
 6218.188818 30570 1100 1100 1100 1100 75 46 0 75 52 0 75 42 0 75 44 0 14762 1210000 16940 532930 996250 529872
 6218.388823 30571 1100 1100 1100 1100 75 46 0 75 52 0 75 42 0 75 44 0 14762 1210000 16940 531834 996250 528876
 6218.588823 30572 1100 1100 1100 1100 75 46 0 75 52 0 75 42 0 75 44 0 14762 1210000 16940 532108 996250 529872
 6218.788824 30573 1100 1100 1100 1100 75 46 0 75 52 0 75 42 0 75 44 0 14762 1210000 16940 533204 996250 530868
 6218.988823 30574 1100 1100 1100 1100 75 46 0 75 52 0 75 42 0 75 44 0 14762 1210000 16940 533204 996250 530868
 6219.188823 30575 1100 1100 1100 1100 75 46 0 75 52 0 75 42 0 75 44 0 14518 1210000 16940 529094 996250 526884
 6219.388824 30576 1100 1100 1100 1100 75 46 0 75 52 0 75 42 0 75 44 0 14762 1210000 16940 529368 996250 526884
 6219.588823 30577 1100 1100 1100 1100 75 46 0 75 52 0 75 42 0 75 44 0 15006 1210000 18150 529916 996250 526884
 6219.788822 30578 1100 1100 1100 1100 75 46 0 75 52 0 75 42 0 75 44 0 15006 1210000 18150 529916 996250 526884
 6219.988823 30579 1100 1100 1100 1100 75 46 0 75 52 0 75 42 0 75 44 0 15006 1210000 18150 531286 996250 528876
 6220.188823 30580 1100 1100 1100 1100 75 46 0 75 52 0 75 42 0 75 44 0 14762 1210000 16940 533752 996250 530868
 6220.388822 30581 1100 1100 1100 1100 75 46 0 75 52 0 75 42 0 75 44 0 14762 1210000 16940 535944 996250 532860
 6220.588822 30582 1100 1100 1100 1100 75 46 0 75 52 0 75 42 0 75 44 0 14762 1210000 16940 535944 996250 532860
 6220.788823 30583 1100 1100 1100 1100 75 46 0 75 52 0 75 42 0 75 44 0 14762 1210000 16940 532656 996250 529872
 6220.988824 30584 1100 1100 1100 1100 75 46 0 75 52 0 75 42 0 75 44 0 14762 1210000 16940 531012 996250 528876
 6221.188822 30585 1100 1100 1100 1100 75 46 0 75 52 0 75 42 0 75 44 0 15006 1210000 18150 531286 996250 528876
 6221.388823 30586 1100 1100 1100 1100 75 46 0 75 52 0 75 42 0 75 44 0 15006 1210000 18150 531286 996250 528876
 6221.588818 30587 1100 1100 1100 1100 75 46 0 75 52 0 75 42 0 75 44 0 14762 1210000 16940 528820 996250 525888
 6221.788823 30588 1100 1100 1100 1100 75 46 0 75 52 0 75 42 0 75 44 0 14762 1210000 16940 531560 996250 528876
 6221.988823 30589 1100 1100 1100 1100 75 46 0 75 52 0 75 42 0 75 44 0 14762 1210000 16940 531012 996250 528876
 6222.188818 30590 1100 1100 1100 1100 75 46 0 75 52 0 75 42 0 75 44 0 14762 1210000 16940 531012 996250 528876
 6222.388816 30591 1100 1100 1100 1100 75 46 0 75 52 0 75 42 0 75 44 0 14518 1210000 16940 472376 996250 470112
 6222.588817 30592 1100 1100 1100 1100 75 46 0 75 52 0 75 42 0 75 44 0 14762 1210000 16940 55348 995000 54725
 6222.788816 30593 1100 1100 1100 1100 75 46 0 75 52 0 75 42 0 75 44 0 14762 1210000 16940 49868 995000 48755
 6222.988798 30594 1100 1100 1100 1100 75 46 0 75 52 0 75 42 0 75 44 0 14762 1210000 16940 49868 995000 48755
