 9477.335004 45241 600 600 600 600 73 46 0 73 52 0 73 42 0 73 44 0 22265 1208750 26576 6850 908750 5448
 9477.534906 45242 600 600 600 600 73 46 0 73 52 0 73 42 0 73 44 0 22997 1208750 26576 6850 908750 5448
 9477.734910 45243 600 600 600 600 73 46 0 73 52 0 73 42 0 73 44 0 22509 1208750 26576 6850 908750 5448
 9477.934897 45244 600 600 600 600 73 46 0 73 52 0 73 42 0 73 44 0 22509 1208750 26576 6850 908750 5448
 9478.134910 45245 600 600 600 600 73 46 0 73 52 0 73 42 0 73 44 0 22753 1208750 26576 6850 908750 5448
 9478.334910 45246 600 600 600 600 73 46 0 73 52 0 73 42 0 73 44 0 22753 1208750 26576 6850 908750 5448
 9478.534911 45247 600 600 600 600 73 46 0 73 52 0 73 42 0 73 44 0 22265 1208750 26576 6850 908750 5448
 9478.734909 45248 600 600 600 600 73 46 0 73 52 0 73 42 0 73 44 0 22509 1208750 26576 6850 908750 5448
 9478.935014 45249 600 600 600 600 73 46 0 73 52 0 73 42 0 73 44 0 22509 1208750 26576 6850 908750 5448
 9479.134929 45250 600 600 600 600 73 46 0 73 52 0 73 42 0 73 44 0 55022 1210000 66550 6850 908750 5448
 9479.334913 45251 600 600 600 600 73 46 0 73 52 0 73 42 0 73 44 0 22997 1208750 26576 6850 908750 5448
 9479.534890 45252 600 600 600 600 73 46 0 73 52 0 73 42 0 73 44 0 22509 1208750 26576 6850 908750 5448
 9479.734926 45253 600 600 600 600 73 46 0 73 52 0 73 42 0 73 44 0 22509 1208750 26576 6850 908750 5448
 9479.934905 45254 600 600 600 600 73 46 0 73 52 0 73 42 0 73 44 0 83021 1210000 100430 6850 908750 5448
 9480.134948 45255 600 600 600 600 73 46 0 73 52 0 73 42 0 73 44 0 83021 1210000 100430 6850 908750 5448
 9480.334974 45256 600 600 600 600 73 46 0 73 52 0 73 42 0 73 44 0 164517 1211250 198604 6850 908750 5448
 9480.534945 45257 600 600 600 600 73 46 0 73 52 0 73 42 0 73 44 0 164517 1211250 198604 6850 908750 5448
 9480.734921 45258 600 600 600 600 73 46 0 73 52 0 73 42 0 73 44 0 158478 1210000 191180 6850 908750 5448
 9480.934840 45259 600 600 600 600 73 46 0 73 52 0 73 42 0 73 44 0 154513 1210000 186340 6850 908750 5448
 9481.134835 45260 600 600 600 600 73 46 0 73 52 0 73 42 0 73 44 0 142740 1208750 171536 6850 908750 5448
 9481.334833 45261 600 600 600 600 73 46 0 73 52 0 73 42 0 73 44 0 142740 1208750 171536 6850 908750 5448
 9481.534834 45262 600 600 600 600 73 46 0 73 52 0 73 42 0 73 44 0 142984 1208750 171536 6850 908750 5448
 9481.734833 45263 600 600 600 600 73 46 0 73 52 0 73 42 0 73 44 0 141764 1208750 170328 6850 908750 5448
 9481.934836 45264 600 600 600 600 73 46 0 73 52 0 73 42 0 73 44 0 142252 1208750 171536 7124 908750 6356
 9482.134834 45265 600 600 600 600 73 46 0 73 52 0 73 42 0 73 44 0 142252 1208750 171536 7124 908750 6356
 9482.334833 45266 600 600 600 600 73 46 0 73 52 0 73 42 0 73 44 0 142252 1208750 171536 6850 908750 5448
 9482.534834 45267 600 600 600 600 73 46 0 73 52 0 73 42 0 73 44 0 142740 1208750 171536 6850 908750 5448
 9482.734833 45268 600 600 600 600 73 46 0 73 52 0 73 42 0 73 44 0 142496 1208750 171536 6850 908750 5448
 9482.934835 45269 600 600 600 600 73 46 0 73 52 0 73 42 0 73 44 0 142496 1208750 171536 6850 908750 5448
 9483.134833 45270 600 600 600 600 73 46 0 73 52 0 73 42 0 73 44 0 142496 1208750 171536 6850 908750 5448
 9483.334833 45271 600 600 600 600 73 46 0 73 52 0 73 42 0 73 44 0 142252 1208750 171536 6850 908750 5448
 9483.534833 45272 600 600 600 600 73 46 0 73 52 0 73 42 0 73 44 0 142740 1208750 171536 6850 908750 5448
 9483.734834 45273 600 600 600 600 73 46 0 73 52 0 73 42 0 73 44 0 142740 1208750 171536 6850 908750 5448
 9483.934835 45274 600 600 600 600 73 46 0 73 52 0 73 42 0 73 44 0 141764 1208750 170328 6850 908750 5448
 9484.134833 45275 600 600 600 600 73 46 0 73 52 0 73 42 0 73 44 0 142496 1208750 171536 6850 908750 5448
 9484.334833 45276 600 600 600 600 73 46 0 73 52 0 73 42 0 73 44 0 142252 1208750 171536 6850 908750 5448
 9484.534835 45277 600 600 600 600 73 46 0 73 52 0 73 42 0 73 44 0 142008 1208750 171536 6850 908750 5448
 9484.734834 45278 600 600 600 600 73 46 0 73 52 0 73 42 0 73 44 0 142008 1208750 171536 6850 908750 5448
 9484.934835 45279 600 600 600 600 73 46 0 73 52 0 73 42 0 73 44 0 141764 1208750 170328 6850 908750 5448
 9485.134833 45280 600 600 600 600 74 46 0 74 52 0 74 42 0 74 44 0 142740 1208750 171536 6850 908750 5448
 9485.334833 45281 600 600 600 600 74 46 0 74 52 0 74 42 0 74 44 0 142984 1208750 171536 6850 908750 5448
 9485.534833 45282 600 600 600 600 74 46 0 74 52 0 74 42 0 74 44 0 142984 1208750 171536 6850 908750 5448
 9485.734833 45283 600 600 600 600 73 46 0 73 52 0 73 42 0 73 44 0 142496 1208750 171536 6850 908750 5448
 9485.934835 45284 600 600 600 600 73 46 0 73 52 0 73 42 0 73 44 0 142740 1208750 171536 6850 908750 5448
 9486.134833 45285 600 600 600 600 74 46 0 74 52 0 74 42 0 74 44 0 142496 1208750 171536 6850 908750 5448
 9486.334834 45286 600 600 600 600 74 46 0 74 52 0 74 42 0 74 44 0 142496 1208750 171536 6850 908750 5448
 9486.534833 45287 600 600 600 600 74 46 0 74 52 0 74 42 0 74 44 0 142252 1208750 171536 6850 908750 5448
 9486.734833 45288 600 600 600 600 74 46 0 74 52 0 74 42 0 74 44 0 141215 1208750 170328 6850 908750 5448
 9486.934835 45289 600 600 600 600 74 46 0 74 52 0 74 42 0 74 44 0 142496 1208750 171536 6850 908750 5448
 9487.134833 45290 600 600 600 600 74 46 0 74 52 0 74 42 0 74 44 0 142496 1208750 171536 6850 908750 5448
 9487.334833 45291 600 600 600 600 74 46 0 74 52 0 74 42 0 74 44 0 143228 1208750 172744 6850 908750 5448
 9487.534833 45292 600 600 600 600 74 46 0 74 52 0 74 42 0 74 44 0 142496 1208750 171536 6850 908750 5448
 9487.734833 45293 600 600 600 600 74 46 0 74 52 0 74 42 0 74 44 0 142496 1208750 171536 6850 908750 5448
 9487.934835 45294 600 600 600 600 74 46 0 74 52 0 74 42 0 74 44 0 142496 1208750 171536 6850 908750 5448
 9488.134834 45295 600 600 600 600 73 46 0 73 52 0 73 42 0 73 44 0 141764 1208750 170328 6850 908750 5448
 9488.334833 45296 600 600 600 600 73 46 0 73 52 0 73 42 0 73 44 0 141764 1208750 170328 6850 908750 5448
 9488.534907 45297 600 600 600 600 73 46 0 73 52 0 73 42 0 73 44 0 142008 1208750 171536 6850 908750 5448
 9488.734910 45298 600 600 600 600 73 46 0 73 52 0 73 42 0 73 44 0 142008 1208750 171536 6850 908750 5448
 9488.934909 45299 600 600 600 600 73 46 0 73 52 0 73 42 0 73 44 0 140971 1208750 169120 6850 908750 5448
 9489.134911 45300 600 600 600 600 73 46 0 73 52 0 73 42 0 73 44 0 141520 1208750 170328 6850 908750 5448
 9489.334912 45301 600 600 600 600 73 46 0 73 52 0 73 42 0 73 44 0 142008 1208750 171536 6850 908750 5448
 9489.534924 45302 600 600 600 600 73 46 0 73 52 0 73 42 0 73 44 0 142008 1208750 171536 6850 908750 5448
 9489.734913 45303 600 600 600 600 73 46 0 73 52 0 73 42 0 73 44 0 142496 1208750 171536 7124 908750 6356
 9489.934916 45304 600 600 600 600 73 46 0 73 52 0 73 42 0 73 44 0 140483 1208750 169120 6850 908750 5448
 9490.134911 45305 600 600 600 600 73 46 0 73 52 0 73 42 0 73 44 0 141764 1208750 170328 6850 908750 5448
 9490.334894 45306 600 600 600 600 73 46 0 73 52 0 73 42 0 73 44 0 141764 1208750 170328 6850 908750 5448
 9490.534912 45307 600 600 600 600 73 46 0 73 52 0 73 42 0 73 44 0 142008 1208750 171536 6850 908750 5448
 9490.734911 45308 600 600 600 600 73 46 0 73 52 0 73 42 0 73 44 0 142984 1208750 171536 6850 908750 5448
 9490.934915 45309 600 600 600 600 73 46 0 73 52 0 73 42 0 73 44 0 141764 1208750 170328 6850 908750 5448
 9491.134885 45310 600 600 600 600 73 46 0 73 52 0 73 42 0 73 44 0 142008 1208750 171536 6850 908750 5448
 9491.334911 45311 600 600 600 600 73 46 0 73 52 0 73 42 0 73 44 0 142008 1208750 171536 6850 908750 5448
 9491.534911 45312 600 600 600 600 73 46 0 73 52 0 73 42 0 73 44 0 141764 1208750 170328 6850 908750 5448
 9491.734911 45313 600 600 600 600 73 46 0 73 52 0 73 42 0 73 44 0 141764 1208750 170328 6850 908750 5448
 9491.934912 45314 600 600 600 600 73 46 0 73 52 0 73 42 0 73 44 0 142496 1208750 171536 6850 908750 5448
 9492.134913 45315 600 600 600 600 73 46 0 73 52 0 73 42 0 73 44 0 142496 1208750 171536 6850 908750 5448
 9492.334911 45316 600 600 600 600 73 46 0 73 52 0 73 42 0 73 44 0 142496 1208750 171536 6850 908750 5448
 9492.534911 45317 600 600 600 600 73 46 0 73 52 0 73 42 0 73 44 0 142008 1208750 171536 6850 908750 5448
 9492.734912 45318 600 600 600 600 73 46 0 73 52 0 73 42 0 73 44 0 142008 1208750 171536 6850 908750 5448
 9492.934918 45319 600 600 600 600 73 46 0 73 52 0 73 42 0 73 44 0 142008 1208750 171536 6850 908750 5448
 9493.134911 45320 600 600 600 600 74 46 0 74 52 0 74 42 0 74 44 0 142496 1208750 171536 6850 908750 5448
 9493.334911 45321 600 600 600 600 74 46 0 74 52 0 74 42 0 74 44 0 142740 1208750 171536 6850 908750 5448
 9493.534906 45322 600 600 600 600 74 46 0 74 52 0 74 42 0 74 44 0 142008 1208750 171536 6850 908750 5448
 9493.734912 45323 600 600 600 600 74 46 0 74 52 0 74 42 0 74 44 0 142008 1208750 171536 6850 908750 5448
 9493.934913 45324 600 600 600 600 74 46 0 74 52 0 74 42 0 74 44 0 142984 1208750 171536 6850 908750 5448
 9494.134911 45325 600 600 600 600 74 46 0 74 52 0 74 42 0 74 44 0 142252 1208750 171536 6850 908750 5448
 9494.334916 45326 600 600 600 600 74 46 0 74 52 0 74 42 0 74 44 0 142496 1208750 171536 6850 908750 5448
 9494.534913 45327 600 600 600 600 74 46 0 74 52 0 74 42 0 74 44 0 142496 1208750 171536 6850 908750 5448
 9494.734907 45328 600 600 600 600 74 46 0 74 52 0 74 42 0 74 44 0 141764 1208750 170328 6850 908750 5448
 9494.934915 45329 600 600 600 600 74 46 0 74 52 0 74 42 0 74 44 0 141520 1208750 170328 7124 908750 6356
 9495.134923 45330 600 600 600 600 73 46 0 73 52 0 73 42 0 73 44 0 142008 1208750 171536 6850 908750 5448
 9495.334912 45331 600 600 600 600 73 46 0 73 52 0 73 42 0 73 44 0 142008 1208750 171536 6850 908750 5448
 9495.534912 45332 600 600 600 600 73 46 0 73 52 0 73 42 0 73 44 0 142496 1208750 171536 6850 908750 5448
 9495.734911 45333 600 600 600 600 73 46 0 73 52 0 73 42 0 73 44 0 142496 1208750 171536 6850 908750 5448
 9495.934917 45334 600 600 600 600 73 46 0 73 52 0 73 42 0 73 44 0 143228 1208750 172744 6850 908750 5448
 9496.134926 45335 600 600 600 600 73 46 0 73 52 0 73 42 0 73 44 0 143228 1208750 172744 6850 908750 5448
 9496.334912 45336 600 600 600 600 73 46 0 73 52 0 73 42 0 73 44 0 142984 1208750 171536 6850 908750 5448
 9496.534912 45337 600 600 600 600 73 46 0 73 52 0 73 42 0 73 44 0 142008 1208750 171536 6850 908750 5448
 9496.734913 45338 600 600 600 600 73 46 0 73 52 0 73 42 0 73 44 0 141215 1208750 170328 6850 908750 5448
 9496.935125 45339 600 600 600 600 73 46 0 73 52 0 73 42 0 73 44 0 142252 1208750 171536 6850 908750 5448
 9497.134925 45340 600 600 600 600 74 46 0 74 52 0 74 42 0 74 44 0 142252 1208750 171536 6850 908750 5448
 9497.334912 45341 600 600 600 600 74 46 0 74 52 0 74 42 0 74 44 0 140727 1208750 169120 6850 908750 5448
 9497.534914 45342 600 600 600 600 74 46 0 74 52 0 74 42 0 74 44 0 142008 1208750 171536 6850 908750 5448
 9497.734912 45343 600 600 600 600 74 46 0 74 52 0 74 42 0 74 44 0 141764 1208750 170328 6850 908750 5448
 9497.934916 45344 600 600 600 600 73 46 0 73 52 0 73 42 0 73 44 0 141764 1208750 170328 6850 908750 5448
 9498.134924 45345 600 600 600 600 73 46 0 73 52 0 73 42 0 73 44 0 141215 1208750 170328 6850 908750 5448
 9498.334912 45346 600 600 600 600 73 46 0 73 52 0 73 42 0 73 44 0 142252 1208750 171536 6850 908750 5448
 9498.534911 45347 600 600 600 600 73 46 0 73 52 0 73 42 0 73 44 0 141520 1208750 170328 6850 908750 5448
 9498.734911 45348 600 600 600 600 73 46 0 73 52 0 73 42 0 73 44 0 141520 1208750 170328 6850 908750 5448
 9498.934916 45349 600 600 600 600 73 46 0 73 52 0 73 42 0 73 44 0 141764 1208750 170328 6850 908750 5448
 9499.134924 45350 600 600 600 600 73 46 0 73 52 0 73 42 0 73 44 0 142496 1208750 171536 6850 908750 5448
 9499.334907 45351 600 600 600 600 73 46 0 73 52 0 73 42 0 73 44 0 143228 1208750 172744 6850 908750 5448
 9499.534914 45352 600 600 600 600 73 46 0 73 52 0 73 42 0 73 44 0 143228 1208750 172744 6850 908750 5448
 9499.734911 45353 600 600 600 600 73 46 0 73 52 0 73 42 0 73 44 0 141764 1208750 170328 6850 908750 5448
 9499.934915 45354 600 600 600 600 73 46 0 73 52 0 73 42 0 73 44 0 141215 1208750 170328 6850 908750 5448
 9500.134925 45355 600 600 600 600 73 46 0 73 52 0 73 42 0 73 44 0 141520 1208750 170328 6850 908750 5448
 9500.334913 45356 600 600 600 600 73 46 0 73 52 0 73 42 0 73 44 0 141520 1208750 170328 6850 908750 5448
 9500.534913 45357 600 600 600 600 73 46 0 73 52 0 73 42 0 73 44 0 141764 1208750 170328 6850 908750 5448
 9500.734913 45358 600 600 600 600 73 46 0 73 52 0 73 42 0 73 44 0 141520 1208750 170328 6850 908750 5448
 9500.934916 45359 600 600 600 600 73 46 0 73 52 0 73 42 0 73 44 0 141520 1208750 170328 6850 908750 5448
 9501.134925 45360 600 600 600 600 74 46 0 74 52 0 74 42 0 74 44 0 141520 1208750 170328 6850 908750 5448
 9501.334912 45361 600 600 600 600 74 46 0 74 52 0 74 42 0 74 44 0 142496 1208750 171536 7124 908750 6356
 9501.534912 45362 600 600 600 600 74 46 0 74 52 0 74 42 0 74 44 0 142008 1208750 171536 6850 908750 5448
 9501.734912 45363 600 600 600 600 74 46 0 74 52 0 74 42 0 74 44 0 142008 1208750 171536 6850 908750 5448
 9501.934919 45364 600 600 600 600 74 46 0 74 52 0 74 42 0 74 44 0 142008 1208750 171536 6850 908750 5448
 9502.134924 45365 600 600 600 600 74 46 0 74 52 0 74 42 0 74 44 0 141215 1208750 170328 6850 908750 5448
 9502.334912 45366 600 600 600 600 74 46 0 74 52 0 74 42 0 74 44 0 141764 1208750 170328 6850 908750 5448
 9502.534912 45367 600 600 600 600 74 46 0 74 52 0 74 42 0 74 44 0 142008 1208750 171536 6850 908750 5448
 9502.734896 45368 600 600 600 600 74 46 0 74 52 0 74 42 0 74 44 0 142008 1208750 171536 6850 908750 5448
 9502.934909 45369 600 600 600 600 74 46 0 74 52 0 74 42 0 74 44 0 141520 1208750 170328 6850 908750 5448
 9503.134923 45370 600 600 600 600 74 46 0 74 52 0 74 42 0 74 44 0 141520 1208750 170328 6850 908750 5448
 9503.334912 45371 600 600 600 600 74 46 0 74 52 0 74 42 0 74 44 0 140971 1208750 169120 6850 908750 5448
 9503.534890 45372 600 600 600 600 74 46 0 74 52 0 74 42 0 74 44 0 140971 1208750 169120 6850 908750 5448
 9503.734913 45373 600 600 600 600 74 46 0 74 52 0 74 42 0 74 44 0 140971 1208750 169120 6850 908750 5448
 9503.934915 45374 600 600 600 600 74 46 0 74 52 0 74 42 0 74 44 0 140727 1208750 169120 7124 908750 6356
 9504.134926 45375 600 600 600 600 74 46 0 74 52 0 74 42 0 74 44 0 142252 1208750 171536 6850 908750 5448
 9504.334912 45376 600 600 600 600 74 46 0 74 52 0 74 42 0 74 44 0 142496 1208750 171536 6850 908750 5448
 9504.534912 45377 600 600 600 600 74 46 0 74 52 0 74 42 0 74 44 0 142496 1208750 171536 6850 908750 5448
 9504.734912 45378 600 600 600 600 74 46 0 74 52 0 74 42 0 74 44 0 141764 1208750 170328 6850 908750 5448
 9504.934917 45379 600 600 600 600 74 46 0 74 52 0 74 42 0 74 44 0 142252 1208750 171536 6850 908750 5448
 9505.134908 45380 600 600 600 600 73 46 0 73 52 0 73 42 0 73 44 0 142008 1208750 171536 6850 908750 5448
 9505.334913 45381 600 600 600 600 73 46 0 73 52 0 73 42 0 73 44 0 142008 1208750 171536 6850 908750 5448
 9505.534912 45382 600 600 600 600 73 46 0 73 52 0 73 42 0 73 44 0 142008 1208750 171536 7124 908750 6356
 9505.734912 45383 600 600 600 600 73 46 0 73 52 0 73 42 0 73 44 0 142008 1208750 171536 6850 908750 5448
 9505.934915 45384 600 600 600 600 74 46 0 74 52 0 74 42 0 74 44 0 142008 1208750 171536 6850 908750 5448
 9506.134924 45385 600 600 600 600 73 46 0 73 52 0 73 42 0 73 44 0 142008 1208750 171536 6850 908750 5448
 9506.334913 45386 600 600 600 600 73 46 0 73 52 0 73 42 0 73 44 0 142252 1208750 171536 6850 908750 5448
 9506.534912 45387 600 600 600 600 73 46 0 73 52 0 73 42 0 73 44 0 141764 1208750 170328 6850 908750 5448
 9506.734912 45388 600 600 600 600 73 46 0 73 52 0 73 42 0 73 44 0 142984 1208750 171536 6850 908750 5448
 9506.934914 45389 600 600 600 600 73 46 0 73 52 0 73 42 0 73 44 0 142984 1208750 171536 6850 908750 5448
 9507.134924 45390 600 600 600 600 73 46 0 73 52 0 73 42 0 73 44 0 142252 1208750 171536 6850 908750 5448
 9507.334912 45391 600 600 600 600 73 46 0 73 52 0 73 42 0 73 44 0 142252 1208750 171536 6850 908750 5448
 9507.534907 45392 600 600 600 600 73 46 0 73 52 0 73 42 0 73 44 0 142252 1208750 171536 6850 908750 5448
 9507.734912 45393 600 600 600 600 73 46 0 73 52 0 73 42 0 73 44 0 142252 1208750 171536 6850 908750 5448
 9507.934916 45394 600 600 600 600 73 46 0 73 52 0 73 42 0 73 44 0 142496 1208750 171536 6850 908750 5448
 9508.134924 45395 600 600 600 600 73 46 0 73 52 0 73 42 0 73 44 0 142740 1208750 171536 6850 908750 5448
 9508.334912 45396 600 600 600 600 73 46 0 73 52 0 73 42 0 73 44 0 142740 1208750 171536 7124 908750 6356
 9508.534912 45397 600 600 600 600 73 46 0 73 52 0 73 42 0 73 44 0 142740 1208750 171536 7124 908750 6356
 9508.734907 45398 600 600 600 600 73 46 0 73 52 0 73 42 0 73 44 0 142740 1208750 171536 6850 908750 5448
 9508.934913 45399 600 600 600 600 73 46 0 73 52 0 73 42 0 73 44 0 142252 1208750 171536 6850 908750 5448
 9509.134923 45400 600 600 600 600 73 46 0 73 52 0 73 42 0 73 44 0 141764 1208750 170328 6850 908750 5448
 9509.334896 45401 600 600 600 600 73 46 0 73 52 0 73 42 0 73 44 0 141764 1208750 170328 6850 908750 5448
 9509.534920 45402 600 600 600 600 73 46 0 73 52 0 73 42 0 73 44 0 141520 1208750 170328 6850 908750 5448
 9509.734914 45403 600 600 600 600 73 46 0 73 52 0 73 42 0 73 44 0 141215 1208750 170328 6850 908750 5448
 9509.934917 45404 600 600 600 600 73 46 0 73 52 0 73 42 0 73 44 0 140727 1208750 169120 6850 908750 5448
 9510.134913 45405 600 600 600 600 74 46 0 74 52 0 74 42 0 74 44 0 141215 1208750 170328 6850 908750 5448
 9510.334913 45406 600 600 600 600 74 46 0 74 52 0 74 42 0 74 44 0 141215 1208750 170328 6850 908750 5448
 9510.534914 45407 600 600 600 600 74 46 0 74 52 0 74 42 0 74 44 0 142008 1208750 171536 6850 908750 5448
 9510.734912 45408 600 600 600 600 74 46 0 74 52 0 74 42 0 74 44 0 141520 1208750 170328 6850 908750 5448
 9510.934912 45409 600 600 600 600 74 46 0 74 52 0 74 42 0 74 44 0 142252 1208750 171536 7124 908750 6356
 9511.134927 45410 600 600 600 600 74 46 0 74 52 0 74 42 0 74 44 0 142252 1208750 171536 7124 908750 6356
 9511.334915 45411 600 600 600 600 74 46 0 74 52 0 74 42 0 74 44 0 142252 1208750 171536 6850 908750 5448
 9511.534912 45412 600 600 600 600 74 46 0 74 52 0 74 42 0 74 44 0 142008 1208750 171536 6850 908750 5448
 9511.734911 45413 600 600 600 600 74 46 0 74 52 0 74 42 0 74 44 0 142008 1208750 171536 6850 908750 5448
 9511.934916 45414 600 600 600 600 73 46 0 73 52 0 73 42 0 73 44 0 142008 1208750 171536 6850 908750 5448
 9512.134925 45415 600 600 600 600 73 46 0 73 52 0 73 42 0 73 44 0 141764 1208750 170328 6850 908750 5448
 9512.334912 45416 600 600 600 600 73 46 0 73 52 0 73 42 0 73 44 0 140971 1208750 169120 6850 908750 5448
 9512.534912 45417 600 600 600 600 73 46 0 73 52 0 73 42 0 73 44 0 140971 1208750 169120 6850 908750 5448
 9512.734912 45418 600 600 600 600 73 46 0 73 52 0 73 42 0 73 44 0 140971 1208750 169120 6850 908750 5448
 9512.934915 45419 600 600 600 600 73 46 0 73 52 0 73 42 0 73 44 0 140971 1208750 169120 6850 908750 5448
 9513.134923 45420 600 600 600 600 73 46 0 73 52 0 73 42 0 73 44 0 141520 1208750 170328 6850 908750 5448
 9513.334906 45421 600 600 600 600 73 46 0 73 52 0 73 42 0 73 44 0 141520 1208750 170328 6850 908750 5448
 9513.534913 45422 600 600 600 600 73 46 0 73 52 0 73 42 0 73 44 0 141520 1208750 170328 6850 908750 5448
 9513.734912 45423 600 600 600 600 73 46 0 73 52 0 73 42 0 73 44 0 141215 1208750 170328 6850 908750 5448
 9513.934917 45424 600 600 600 600 74 46 0 74 52 0 74 42 0 74 44 0 141520 1208750 170328 6850 908750 5448
 9514.134924 45425 600 600 600 600 73 46 0 73 52 0 73 42 0 73 44 0 142252 1208750 171536 6850 908750 5448
 9514.334912 45426 600 600 600 600 73 46 0 73 52 0 73 42 0 73 44 0 142252 1208750 171536 6850 908750 5448
 9514.534921 45427 600 600 600 600 73 46 0 73 52 0 73 42 0 73 44 0 142008 1208750 171536 6850 908750 5448
 9514.734913 45428 600 600 600 600 73 46 0 73 52 0 73 42 0 73 44 0 141764 1208750 170328 6850 908750 5448
 9514.934920 45429 600 600 600 600 73 46 0 73 52 0 73 42 0 73 44 0 142008 1208750 171536 6850 908750 5448
 9515.134930 45430 600 600 600 600 74 46 0 74 52 0 74 42 0 74 44 0 142008 1208750 171536 6850 908750 5448
 9515.334912 45431 600 600 600 600 74 46 0 74 52 0 74 42 0 74 44 0 142252 1208750 171536 6850 908750 5448
 9515.534912 45432 600 600 600 600 74 46 0 74 52 0 74 42 0 74 44 0 140971 1208750 169120 6850 908750 5448
 9515.734907 45433 600 600 600 600 74 46 0 74 52 0 74 42 0 74 44 0 142496 1208750 171536 6850 908750 5448
 9515.934893 45434 600 600 600 600 73 46 0 73 52 0 73 42 0 73 44 0 141215 1208750 170328 6850 908750 5448
 9516.134924 45435 600 600 600 600 74 46 0 74 52 0 74 42 0 74 44 0 141215 1208750 170328 6850 908750 5448
 9516.334912 45436 600 600 600 600 74 46 0 74 52 0 74 42 0 74 44 0 140971 1208750 169120 6850 908750 5448
 9516.534912 45437 600 600 600 600 74 46 0 74 52 0 74 42 0 74 44 0 140727 1208750 169120 6850 908750 5448
 9516.734906 45438 600 600 600 600 74 46 0 74 52 0 74 42 0 74 44 0 140971 1208750 169120 6850 908750 5448
 9516.934919 45439 600 600 600 600 74 46 0 74 52 0 74 42 0 74 44 0 140971 1208750 169120 6850 908750 5448
 9517.134925 45440 600 600 600 600 73 46 0 73 52 0 73 42 0 73 44 0 141520 1208750 170328 6850 908750 5448
 9517.334912 45441 600 600 600 600 73 46 0 73 52 0 73 42 0 73 44 0 142252 1208750 171536 6850 908750 5448
 9517.534912 45442 600 600 600 600 73 46 0 73 52 0 73 42 0 73 44 0 141764 1208750 170328 6850 908750 5448
 9517.734913 45443 600 600 600 600 73 46 0 73 52 0 73 42 0 73 44 0 141764 1208750 170328 6850 908750 5448
 9517.934915 45444 600 600 600 600 74 46 0 74 52 0 74 42 0 74 44 0 140971 1208750 169120 6850 908750 5448
 9518.134924 45445 600 600 600 600 74 46 0 74 52 0 74 42 0 74 44 0 141764 1208750 170328 6850 908750 5448
 9518.334912 45446 600 600 600 600 74 46 0 74 52 0 74 42 0 74 44 0 142008 1208750 171536 6850 908750 5448
 9518.534911 45447 600 600 600 600 74 46 0 74 52 0 74 42 0 74 44 0 142008 1208750 171536 6850 908750 5448
 9518.734912 45448 600 600 600 600 74 46 0 74 52 0 74 42 0 74 44 0 142252 1208750 171536 7124 908750 6356
 9518.934914 45449 600 600 600 600 74 46 0 74 52 0 74 42 0 74 44 0 142496 1208750 171536 6850 908750 5448
 9519.134906 45450 600 600 600 600 74 46 0 74 52 0 74 42 0 74 44 0 142740 1208750 171536 7124 908750 6356
 9519.334912 45451 600 600 600 600 74 46 0 74 52 0 74 42 0 74 44 0 142740 1208750 171536 7124 908750 6356
 9519.534913 45452 600 600 600 600 74 46 0 74 52 0 74 42 0 74 44 0 141764 1208750 170328 6850 908750 5448
 9519.734912 45453 600 600 600 600 74 46 0 74 52 0 74 42 0 74 44 0 142496 1208750 171536 6850 908750 5448
 9519.934918 45454 600 600 600 600 73 46 0 73 52 0 73 42 0 73 44 0 142252 1208750 171536 6850 908750 5448
 9520.134924 45455 600 600 600 600 73 46 0 73 52 0 73 42 0 73 44 0 142252 1208750 171536 6850 908750 5448
 9520.334912 45456 600 600 600 600 73 46 0 73 52 0 73 42 0 73 44 0 142740 1208750 171536 6850 908750 5448
 9520.534912 45457 600 600 600 600 73 46 0 73 52 0 73 42 0 73 44 0 141520 1208750 170328 6850 908750 5448
 9520.734912 45458 600 600 600 600 73 46 0 73 52 0 73 42 0 73 44 0 142252 1208750 171536 6850 908750 5448
 9520.934915 45459 600 600 600 600 73 46 0 73 52 0 73 42 0 73 44 0 142252 1208750 171536 6850 908750 5448
 9521.134925 45460 600 600 600 600 73 46 0 73 52 0 73 42 0 73 44 0 142496 1208750 171536 6850 908750 5448
 9521.334912 45461 600 600 600 600 73 46 0 73 52 0 73 42 0 73 44 0 141520 1208750 170328 6850 908750 5448
 9521.534907 45462 600 600 600 600 73 46 0 73 52 0 73 42 0 73 44 0 140971 1208750 169120 6850 908750 5448
 9521.734894 45463 600 600 600 600 73 46 0 73 52 0 73 42 0 73 44 0 140971 1208750 169120 6850 908750 5448
 9521.934914 45464 600 600 600 600 73 46 0 73 52 0 73 42 0 73 44 0 142252 1208750 171536 6850 908750 5448
 9522.134923 45465 600 600 600 600 74 46 0 74 52 0 74 42 0 74 44 0 141764 1208750 170328 6850 908750 5448
 9522.334912 45466 600 600 600 600 74 46 0 74 52 0 74 42 0 74 44 0 142252 1208750 171536 6850 908750 5448
 9522.534891 45467 600 600 600 600 74 46 0 74 52 0 74 42 0 74 44 0 142008 1208750 171536 6850 908750 5448
 9522.734912 45468 600 600 600 600 74 46 0 74 52 0 74 42 0 74 44 0 142008 1208750 171536 6850 908750 5448
 9522.934914 45469 600 600 600 600 74 46 0 74 52 0 74 42 0 74 44 0 142496 1208750 171536 6850 908750 5448
 9523.134923 45470 600 600 600 600 74 46 0 74 52 0 74 42 0 74 44 0 141520 1208750 170328 6850 908750 5448
 9523.334912 45471 600 600 600 600 74 46 0 74 52 0 74 42 0 74 44 0 142496 1208750 171536 6850 908750 5448
 9523.534912 45472 600 600 600 600 74 46 0 74 52 0 74 42 0 74 44 0 142496 1208750 171536 6850 908750 5448
 9523.734912 45473 600 600 600 600 74 46 0 74 52 0 74 42 0 74 44 0 142008 1208750 171536 6850 908750 5448
 9523.934908 45474 600 600 600 600 73 46 0 73 52 0 73 42 0 73 44 0 142252 1208750 171536 6850 908750 5448
 9524.134923 45475 600 600 600 600 74 46 0 74 52 0 74 42 0 74 44 0 141764 1208750 170328 6850 908750 5448
 9524.334914 45476 600 600 600 600 74 46 0 74 52 0 74 42 0 74 44 0 141764 1208750 170328 6850 908750 5448
 9524.534919 45477 600 600 600 600 74 46 0 74 52 0 74 42 0 74 44 0 141764 1208750 170328 6850 908750 5448
 9524.734913 45478 600 600 600 600 74 46 0 74 52 0 74 42 0 74 44 0 142252 1208750 171536 6850 908750 5448
 9524.934911 45479 600 600 600 600 74 46 0 74 52 0 74 42 0 74 44 0 141764 1208750 170328 6850 908750 5448
 9525.134925 45480 600 600 600 600 74 46 0 74 52 0 74 42 0 74 44 0 141764 1208750 170328 6850 908750 5448
 9525.334912 45481 600 600 600 600 74 46 0 74 52 0 74 42 0 74 44 0 141764 1208750 170328 6850 908750 5448
 9525.534912 45482 600 600 600 600 74 46 0 74 52 0 74 42 0 74 44 0 142252 1208750 171536 6850 908750 5448
 9525.734912 45483 600 600 600 600 74 46 0 74 52 0 74 42 0 74 44 0 142496 1208750 171536 6850 908750 5448
 9525.934918 45484 600 600 600 600 73 46 0 73 52 0 73 42 0 73 44 0 142496 1208750 171536 6850 908750 5448
 9526.134925 45485 600 600 600 600 73 46 0 73 52 0 73 42 0 73 44 0 141520 1208750 170328 6850 908750 5448
 9526.334913 45486 600 600 600 600 73 46 0 73 52 0 73 42 0 73 44 0 141764 1208750 170328 6850 908750 5448
 9526.534912 45487 600 600 600 600 73 46 0 73 52 0 73 42 0 73 44 0 142496 1208750 171536 7124 908750 6356
 9526.734915 45488 600 600 600 600 73 46 0 73 52 0 73 42 0 73 44 0 142496 1208750 171536 7124 908750 6356
 9526.934916 45489 600 600 600 600 73 46 0 73 52 0 73 42 0 73 44 0 141520 1208750 170328 7124 908750 6356
 9527.134923 45490 600 600 600 600 73 46 0 73 52 0 73 42 0 73 44 0 141764 1208750 170328 6850 908750 5448
 9527.334907 45491 600 600 600 600 73 46 0 73 52 0 73 42 0 73 44 0 142984 1208750 171536 6850 908750 5448
 9527.534912 45492 600 600 600 600 73 46 0 73 52 0 73 42 0 73 44 0 142984 1208750 171536 6850 908750 5448
 9527.734911 45493 600 600 600 600 73 46 0 73 52 0 73 42 0 73 44 0 142008 1208750 171536 6850 908750 5448
 9527.934915 45494 600 600 600 600 74 46 0 74 52 0 74 42 0 74 44 0 142008 1208750 171536 6850 908750 5448
 9528.134923 45495 600 600 600 600 74 46 0 74 52 0 74 42 0 74 44 0 141520 1208750 170328 6850 908750 5448
 9528.334895 45496 600 600 600 600 74 46 0 74 52 0 74 42 0 74 44 0 141520 1208750 170328 6850 908750 5448
 9528.534912 45497 600 600 600 600 74 46 0 74 52 0 74 42 0 74 44 0 142252 1208750 171536 6850 908750 5448
 9528.734912 45498 600 600 600 600 74 46 0 74 52 0 74 42 0 74 44 0 142008 1208750 171536 6850 908750 5448
 9528.934917 45499 600 600 600 600 74 46 0 74 52 0 74 42 0 74 44 0 141215 1208750 170328 6850 908750 5448
 9529.134924 45500 600 600 600 600 74 46 0 74 52 0 74 42 0 74 44 0 141764 1208750 170328 6850 908750 5448
 9529.334912 45501 600 600 600 600 74 46 0 74 52 0 74 42 0 74 44 0 141764 1208750 170328 6850 908750 5448
 9529.534912 45502 600 600 600 600 74 46 0 74 52 0 74 42 0 74 44 0 141764 1208750 170328 6850 908750 5448
 9529.734906 45503 600 600 600 600 74 46 0 74 52 0 74 42 0 74 44 0 141215 1208750 170328 6850 908750 5448
 9529.934915 45504 600 600 600 600 74 46 0 74 52 0 74 42 0 74 44 0 141520 1208750 170328 6850 908750 5448
 9530.134923 45505 600 600 600 600 73 46 0 73 52 0 73 42 0 73 44 0 141520 1208750 170328 6850 908750 5448
 9530.334915 45506 600 600 600 600 73 46 0 73 52 0 73 42 0 73 44 0 141215 1208750 170328 6850 908750 5448
 9530.534911 45507 600 600 600 600 73 46 0 73 52 0 73 42 0 73 44 0 45506 1208750 54360 6850 908750 5448
 9530.734911 45508 600 600 600 600 73 46 0 73 52 0 73 42 0 73 44 0 22753 1208750 26576 6850 908750 5448
 9530.934924 45509 600 600 600 600 73 46 0 73 52 0 73 42 0 73 44 0 22753 1208750 26576 6850 908750 5448
 9531.134925 45510 600 600 600 600 73 46 0 73 52 0 73 42 0 73 44 0 23241 1210000 27830 6850 908750 5448
 9531.334911 45511 600 600 600 600 73 46 0 73 52 0 73 42 0 73 44 0 23485 1208750 27784 6850 908750 5448
 9531.534912 45512 600 600 600 600 73 46 0 73 52 0 73 42 0 73 44 0 23241 1208750 27784 6850 908750 5448
 9531.734911 45513 600 600 600 600 73 46 0 73 52 0 73 42 0 73 44 0 23241 1208750 27784 6850 908750 5448
