 4442.268804 21691 1500 1500 1500 1500 75 46 0 75 52 0 75 42 0 75 44 0 15006 1210000 18150 80282 1132500 90560
 4442.468804 21692 1500 1500 1500 1500 75 46 0 75 52 0 75 42 0 75 44 0 15250 1210000 18150 78364 1132500 88296
 4442.668804 21693 1500 1500 1500 1500 75 46 0 75 52 0 75 42 0 75 44 0 15250 1210000 18150 78364 1132500 88296
 4442.868801 21694 1500 1500 1500 1500 75 46 0 75 52 0 75 42 0 75 44 0 15006 1210000 18150 76446 1132500 86032
 4443.068803 21695 1500 1500 1500 1500 74 46 0 74 52 0 74 42 0 74 44 0 15250 1210000 18150 72610 1132500 81504
 4443.268804 21696 1500 1500 1500 1500 74 46 0 74 52 0 74 42 0 74 44 0 15250 1210000 18150 77268 1132500 87164
 4443.468786 21697 1500 1500 1500 1500 74 46 0 74 52 0 74 42 0 74 44 0 15250 1210000 18150 77268 1132500 87164
 4443.668918 21698 1500 1500 1500 1500 74 46 0 74 52 0 74 42 0 74 44 0 15006 1210000 18150 77268 1132500 87164
 4443.868804 21699 1500 1500 1500 1500 74 46 0 74 52 0 74 42 0 74 44 0 15006 1210000 18150 286878 1133750 324038
 4444.068801 21700 1500 1500 1500 1500 74 46 0 74 52 0 74 42 0 74 44 0 14762 1210000 16940 106312 1132500 119992
 4444.268805 21701 1500 1500 1500 1500 74 46 0 74 52 0 74 42 0 74 44 0 15006 1210000 18150 74802 1132500 83768
 4444.468806 21702 1500 1500 1500 1500 74 46 0 74 52 0 74 42 0 74 44 0 15006 1210000 18150 74802 1132500 83768
 4444.668940 21703 1500 1500 1500 1500 74 46 0 74 52 0 74 42 0 74 44 0 15006 1210000 18150 138096 1132500 156216
 4444.868863 21704 1500 1500 1500 1500 74 46 0 74 52 0 74 42 0 74 44 0 15006 1208750 18120 988318 1137500 1123356
 4445.068887 21705 1500 1500 1500 1500 81 46 0 81 52 0 81 42 0 81 44 0 15006 1208750 18120 1157102 1138750 1316666
 4445.268814 21706 1500 1500 1500 1500 81 46 0 81 52 0 81 42 0 81 44 0 15006 1208750 18120 1157102 1138750 1316666
 4445.468814 21707 1500 1500 1500 1500 81 46 0 81 52 0 81 42 0 81 44 0 15006 1210000 18150 1028596 1137500 1168836
 4445.668813 21708 1500 1500 1500 1500 81 46 0 81 52 0 81 42 0 81 44 0 15006 1210000 18150 851866 1136250 966736
 4445.868813 21709 1500 1500 1500 1500 81 46 0 81 52 0 81 42 0 81 44 0 15006 1210000 18150 850496 1136250 965600
 4446.068826 21710 1500 1500 1500 1500 75 46 0 75 52 0 75 42 0 75 44 0 15006 1210000 18150 850496 1136250 965600
 4446.268813 21711 1500 1500 1500 1500 75 46 0 75 52 0 75 42 0 75 44 0 15006 1210000 18150 846660 1136250 961056
 4446.468814 21712 1500 1500 1500 1500 75 46 0 75 52 0 75 42 0 75 44 0 14762 1210000 16940 850222 1136250 965600
 4446.668813 21713 1500 1500 1500 1500 75 46 0 75 52 0 75 42 0 75 44 0 15006 1210000 18150 848030 1136250 963328
 4446.868813 21714 1500 1500 1500 1500 75 46 0 75 52 0 75 42 0 75 44 0 15006 1210000 18150 848030 1136250 963328
 4447.068897 21715 1500 1500 1500 1500 75 46 0 75 52 0 75 42 0 75 44 0 15006 1210000 18150 849126 1136250 964464
 4447.268812 21716 1500 1500 1500 1500 75 46 0 75 52 0 75 42 0 75 44 0 14762 1210000 16940 854606 1136250 970144
 4447.468809 21717 1500 1500 1500 1500 75 46 0 75 52 0 75 42 0 75 44 0 15250 1210000 18150 852962 1136250 967872
 4447.668812 21718 1500 1500 1500 1500 75 46 0 75 52 0 75 42 0 75 44 0 15250 1210000 18150 852962 1136250 967872
 4447.868812 21719 1500 1500 1500 1500 75 46 0 75 52 0 75 42 0 75 44 0 15250 1208750 18120 850496 1136250 965600
 4448.068812 21720 1500 1500 1500 1500 75 46 0 75 52 0 75 42 0 75 44 0 15006 1210000 18150 849400 1136250 964464
 4448.268812 21721 1500 1500 1500 1500 75 46 0 75 52 0 75 42 0 75 44 0 14762 1210000 16940 850770 1136250 965600
 4448.468812 21722 1500 1500 1500 1500 75 46 0 75 52 0 75 42 0 75 44 0 14762 1210000 16940 850770 1136250 965600
 4448.668813 21723 1500 1500 1500 1500 75 46 0 75 52 0 75 42 0 75 44 0 15250 1210000 18150 845838 1136250 959920
 4448.868812 21724 1500 1500 1500 1500 75 46 0 75 52 0 75 42 0 75 44 0 15006 1208750 18120 847482 1136250 962192
 4449.068812 21725 1500 1500 1500 1500 75 46 0 75 52 0 75 42 0 75 44 0 15006 1208750 18120 849126 1136250 964464
 4449.268812 21726 1500 1500 1500 1500 75 46 0 75 52 0 75 42 0 75 44 0 15006 1208750 18120 849126 1136250 964464
 4449.468812 21727 1500 1500 1500 1500 75 46 0 75 52 0 75 42 0 75 44 0 15006 1210000 18150 850222 1136250 965600
 4449.668813 21728 1500 1500 1500 1500 75 46 0 75 52 0 75 42 0 75 44 0 15006 1210000 18150 850770 1136250 965600
 4449.868809 21729 1500 1500 1500 1500 75 46 0 75 52 0 75 42 0 75 44 0 14518 1210000 16940 846386 1136250 961056
 4450.068747 21730 1500 1500 1500 1500 75 46 0 75 52 0 75 42 0 75 44 0 15250 1210000 18150 847208 1136250 962192
 4450.268813 21731 1500 1500 1500 1500 75 46 0 75 52 0 75 42 0 75 44 0 15250 1210000 18150 847208 1136250 962192
 4450.468811 21732 1500 1500 1500 1500 75 46 0 75 52 0 75 42 0 75 44 0 15006 1210000 18150 848304 1136250 963328
 4450.668812 21733 1500 1500 1500 1500 75 46 0 75 52 0 75 42 0 75 44 0 15250 1210000 18150 848578 1136250 963328
 4450.868812 21734 1500 1500 1500 1500 75 46 0 75 52 0 75 42 0 75 44 0 15250 1208750 18120 851318 1136250 966736
 4451.068812 21735 1500 1500 1500 1500 75 46 0 75 52 0 75 42 0 75 44 0 15250 1208750 18120 851318 1136250 966736
 4451.268812 21736 1500 1500 1500 1500 75 46 0 75 52 0 75 42 0 75 44 0 14762 1210000 16940 863100 1136250 980368
 4451.468812 21737 1500 1500 1500 1500 75 46 0 75 52 0 75 42 0 75 44 0 15006 1210000 18150 854606 1136250 970144
 4451.668812 21738 1500 1500 1500 1500 75 46 0 75 52 0 75 42 0 75 44 0 14762 1210000 16940 849400 1136250 964464
 4451.868812 21739 1500 1500 1500 1500 75 46 0 75 52 0 75 42 0 75 44 0 14762 1210000 16940 849400 1136250 964464
 4452.068812 21740 1500 1500 1500 1500 75 46 0 75 52 0 75 42 0 75 44 0 14762 1210000 16940 847756 1136250 962192
 4452.268809 21741 1500 1500 1500 1500 75 46 0 75 52 0 75 42 0 75 44 0 14762 1208750 16912 846934 1136250 961056
 4452.468813 21742 1500 1500 1500 1500 75 46 0 75 52 0 75 42 0 75 44 0 14762 1210000 16940 847482 1136250 962192
 4452.668812 21743 1500 1500 1500 1500 75 46 0 75 52 0 75 42 0 75 44 0 14762 1210000 16940 847482 1136250 962192
 4452.868813 21744 1500 1500 1500 1500 75 46 0 75 52 0 75 42 0 75 44 0 14762 1210000 16940 853236 1136250 969008
 4453.068812 21745 1500 1500 1500 1500 75 46 0 75 52 0 75 42 0 75 44 0 15006 1210000 18150 852414 1136250 967872
 4453.268809 21746 1500 1500 1500 1500 75 46 0 75 52 0 75 42 0 75 44 0 15006 1210000 18150 852688 1136250 967872
 4453.468809 21747 1500 1500 1500 1500 75 46 0 75 52 0 75 42 0 75 44 0 15006 1210000 18150 852688 1136250 967872
 4453.668812 21748 1500 1500 1500 1500 75 46 0 75 52 0 75 42 0 75 44 0 15006 1210000 18150 849948 1136250 964464
 4453.868812 21749 1500 1500 1500 1500 75 46 0 75 52 0 75 42 0 75 44 0 15006 1210000 18150 846112 1136250 961056
 4454.068812 21750 1500 1500 1500 1500 75 46 0 75 52 0 75 42 0 75 44 0 15006 1210000 18150 845016 1136250 959920
 4454.268812 21751 1500 1500 1500 1500 75 46 0 75 52 0 75 42 0 75 44 0 15006 1210000 18150 845016 1136250 959920
 4454.468812 21752 1500 1500 1500 1500 75 46 0 75 52 0 75 42 0 75 44 0 15006 1210000 18150 848304 1136250 963328
 4454.668812 21753 1500 1500 1500 1500 75 46 0 75 52 0 75 42 0 75 44 0 15006 1210000 18150 850222 1136250 965600
 4454.868812 21754 1500 1500 1500 1500 75 46 0 75 52 0 75 42 0 75 44 0 14762 1210000 16940 849674 1136250 964464
 4455.068812 21755 1500 1500 1500 1500 75 46 0 75 52 0 75 42 0 75 44 0 14762 1210000 16940 849674 1136250 964464
 4455.268812 21756 1500 1500 1500 1500 75 46 0 75 52 0 75 42 0 75 44 0 15006 1210000 18150 848852 1136250 963328
 4455.468812 21757 1500 1500 1500 1500 75 46 0 75 52 0 75 42 0 75 44 0 15006 1210000 18150 850496 1136250 965600
 4455.668812 21758 1500 1500 1500 1500 75 46 0 75 52 0 75 42 0 75 44 0 15006 1210000 18150 845016 1136250 959920
 4455.868795 21759 1500 1500 1500 1500 75 46 0 75 52 0 75 42 0 75 44 0 15006 1210000 18150 845016 1136250 959920
 4456.068812 21760 1500 1500 1500 1500 75 46 0 75 52 0 75 42 0 75 44 0 14762 1210000 16940 845838 1136250 959920
 4456.268813 21761 1500 1500 1500 1500 75 46 0 75 52 0 75 42 0 75 44 0 14762 1210000 16940 851592 1136250 966736
 4456.468812 21762 1500 1500 1500 1500 75 46 0 75 52 0 75 42 0 75 44 0 15250 1210000 18150 853784 1136250 969008
 4456.668792 21763 1500 1500 1500 1500 75 46 0 75 52 0 75 42 0 75 44 0 15250 1210000 18150 852962 1136250 967872
 4456.868812 21764 1500 1500 1500 1500 75 46 0 75 52 0 75 42 0 75 44 0 15250 1210000 18150 852962 1136250 967872
 4457.068812 21765 1500 1500 1500 1500 75 46 0 75 52 0 75 42 0 75 44 0 15006 1210000 18150 852962 1136250 967872
 4457.268811 21766 1500 1500 1500 1500 75 46 0 75 52 0 75 42 0 75 44 0 15250 1210000 18150 852962 1136250 967872
 4457.468812 21767 1500 1500 1500 1500 75 46 0 75 52 0 75 42 0 75 44 0 15250 1210000 18150 855154 1136250 971280
 4457.668812 21768 1500 1500 1500 1500 75 46 0 75 52 0 75 42 0 75 44 0 15250 1210000 18150 855154 1136250 971280
 4457.868812 21769 1500 1500 1500 1500 75 46 0 75 52 0 75 42 0 75 44 0 15006 1210000 18150 851592 1136250 966736
 4458.068809 21770 1500 1500 1500 1500 75 46 0 75 52 0 75 42 0 75 44 0 15006 1210000 18150 848578 1136250 963328
 4458.268813 21771 1500 1500 1500 1500 75 46 0 75 52 0 75 42 0 75 44 0 15006 1210000 18150 852414 1136250 967872
 4458.468812 21772 1500 1500 1500 1500 75 46 0 75 52 0 75 42 0 75 44 0 15006 1210000 18150 852414 1136250 967872
 4458.668812 21773 1500 1500 1500 1500 75 46 0 75 52 0 75 42 0 75 44 0 15006 1208750 18120 854058 1136250 970144
 4458.868812 21774 1500 1500 1500 1500 75 46 0 75 52 0 75 42 0 75 44 0 15006 1208750 18120 852688 1136250 967872
 4459.068811 21775 1500 1500 1500 1500 75 46 0 75 52 0 75 42 0 75 44 0 15006 1208750 18120 851592 1136250 966736
 4459.268812 21776 1500 1500 1500 1500 75 46 0 75 52 0 75 42 0 75 44 0 15006 1208750 18120 851592 1136250 966736
 4459.468812 21777 1500 1500 1500 1500 75 46 0 75 52 0 75 42 0 75 44 0 15006 1210000 18150 849126 1136250 964464
 4459.668812 21778 1500 1500 1500 1500 75 46 0 75 52 0 75 42 0 75 44 0 15006 1210000 18150 846934 1136250 961056
 4459.868811 21779 1500 1500 1500 1500 75 46 0 75 52 0 75 42 0 75 44 0 15006 1208750 18120 849674 1136250 964464
 4460.068812 21780 1500 1500 1500 1500 76 46 0 76 52 0 76 42 0 76 44 0 15006 1208750 18120 849674 1136250 964464
 4460.268812 21781 1500 1500 1500 1500 76 46 0 76 52 0 76 42 0 76 44 0 14762 1210000 16940 847756 1136250 962192
 4460.468809 21782 1500 1500 1500 1500 76 46 0 76 52 0 76 42 0 76 44 0 15006 1210000 18150 852962 1136250 967872
 4460.668812 21783 1500 1500 1500 1500 76 46 0 76 52 0 76 42 0 76 44 0 15250 1210000 18150 851592 1136250 966736
 4460.868812 21784 1500 1500 1500 1500 76 46 0 76 52 0 76 42 0 76 44 0 15250 1210000 18150 851592 1136250 966736
 4461.068812 21785 1500 1500 1500 1500 76 46 0 76 52 0 76 42 0 76 44 0 14762 1210000 16940 852140 1136250 967872
 4461.268813 21786 1500 1500 1500 1500 76 46 0 76 52 0 76 42 0 76 44 0 15006 1208750 18120 844742 1136250 958784
 4461.468809 21787 1500 1500 1500 1500 76 46 0 76 52 0 76 42 0 76 44 0 15006 1210000 18150 846112 1136250 961056
 4461.668812 21788 1500 1500 1500 1500 76 46 0 76 52 0 76 42 0 76 44 0 15006 1210000 18150 846112 1136250 961056
 4461.868812 21789 1500 1500 1500 1500 76 46 0 76 52 0 76 42 0 76 44 0 15006 1210000 18150 848030 1136250 963328
 4462.068812 21790 1500 1500 1500 1500 76 46 0 76 52 0 76 42 0 76 44 0 15006 1210000 18150 847756 1136250 962192
 4462.268812 21791 1500 1500 1500 1500 76 46 0 76 52 0 76 42 0 76 44 0 15006 1208750 18120 851592 1136250 966736
 4462.468796 21792 1500 1500 1500 1500 76 46 0 76 52 0 76 42 0 76 44 0 15006 1208750 18120 851592 1136250 966736
 4462.668812 21793 1500 1500 1500 1500 76 46 0 76 52 0 76 42 0 76 44 0 15006 1210000 18150 851044 1136250 966736
 4462.868812 21794 1500 1500 1500 1500 76 46 0 76 52 0 76 42 0 76 44 0 15006 1210000 18150 852414 1136250 967872
 4463.068813 21795 1500 1500 1500 1500 76 46 0 76 52 0 76 42 0 76 44 0 15006 1208750 18120 849674 1136250 964464
 4463.268812 21796 1500 1500 1500 1500 76 46 0 76 52 0 76 42 0 76 44 0 15250 1210000 18150 848304 1136250 963328
 4463.468812 21797 1500 1500 1500 1500 76 46 0 76 52 0 76 42 0 76 44 0 15250 1210000 18150 848304 1136250 963328
 4463.668812 21798 1500 1500 1500 1500 76 46 0 76 52 0 76 42 0 76 44 0 15006 1210000 18150 851866 1136250 966736
 4463.868809 21799 1500 1500 1500 1500 76 46 0 76 52 0 76 42 0 76 44 0 15006 1208750 18120 848852 1136250 963328
 4464.068813 21800 1500 1500 1500 1500 76 46 0 76 52 0 76 42 0 76 44 0 15006 1210000 18150 850496 1136250 965600
 4464.268812 21801 1500 1500 1500 1500 76 46 0 76 52 0 76 42 0 76 44 0 15006 1210000 18150 850496 1136250 965600
 4464.468812 21802 1500 1500 1500 1500 76 46 0 76 52 0 76 42 0 76 44 0 15250 1208750 18120 852140 1136250 967872
 4464.668812 21803 1500 1500 1500 1500 76 46 0 76 52 0 76 42 0 76 44 0 14762 1210000 16940 852140 1136250 967872
 4464.868812 21804 1500 1500 1500 1500 76 46 0 76 52 0 76 42 0 76 44 0 14762 1210000 16940 850222 1136250 965600
 4465.068812 21805 1500 1500 1500 1500 76 46 0 76 52 0 76 42 0 76 44 0 14762 1210000 16940 850222 1136250 965600
 4465.268811 21806 1500 1500 1500 1500 76 46 0 76 52 0 76 42 0 76 44 0 15006 1210000 18150 863100 1136250 980368
 4465.468812 21807 1500 1500 1500 1500 76 46 0 76 52 0 76 42 0 76 44 0 15006 1210000 18150 848852 1136250 963328
 4465.668812 21808 1500 1500 1500 1500 76 46 0 76 52 0 76 42 0 76 44 0 14762 1210000 16940 849126 1136250 964464
 4465.868812 21809 1500 1500 1500 1500 76 46 0 76 52 0 76 42 0 76 44 0 14762 1210000 16940 849126 1136250 964464
 4466.068811 21810 1500 1500 1500 1500 76 46 0 76 52 0 76 42 0 76 44 0 15006 1210000 18150 853236 1136250 969008
 4466.268809 21811 1500 1500 1500 1500 76 46 0 76 52 0 76 42 0 76 44 0 15006 1208750 18120 854058 1136250 970144
 4466.468812 21812 1500 1500 1500 1500 76 46 0 76 52 0 76 42 0 76 44 0 15006 1210000 18150 853784 1136250 969008
 4466.668812 21813 1500 1500 1500 1500 76 46 0 76 52 0 76 42 0 76 44 0 15006 1210000 18150 853784 1136250 969008
 4466.868812 21814 1500 1500 1500 1500 76 46 0 76 52 0 76 42 0 76 44 0 15006 1210000 18150 854332 1136250 970144
 4467.068812 21815 1500 1500 1500 1500 76 46 0 76 52 0 76 42 0 76 44 0 15250 1208750 18120 850770 1136250 965600
 4467.268812 21816 1500 1500 1500 1500 76 46 0 76 52 0 76 42 0 76 44 0 15250 1208750 18120 850496 1136250 965600
 4467.468812 21817 1500 1500 1500 1500 76 46 0 76 52 0 76 42 0 76 44 0 15250 1208750 18120 850496 1136250 965600
 4467.668811 21818 1500 1500 1500 1500 76 46 0 76 52 0 76 42 0 76 44 0 15006 1210000 18150 849674 1136250 964464
 4467.868812 21819 1500 1500 1500 1500 76 46 0 76 52 0 76 42 0 76 44 0 15250 1210000 18150 854058 1136250 970144
 4468.068812 21820 1500 1500 1500 1500 76 46 0 76 52 0 76 42 0 76 44 0 15006 1210000 18150 851866 1136250 966736
 4468.268812 21821 1500 1500 1500 1500 76 46 0 76 52 0 76 42 0 76 44 0 15006 1210000 18150 851866 1136250 966736
 4468.468812 21822 1500 1500 1500 1500 76 46 0 76 52 0 76 42 0 76 44 0 15006 1210000 18150 854606 1136250 970144
 4468.668811 21823 1500 1500 1500 1500 76 46 0 76 52 0 76 42 0 76 44 0 15006 1210000 18150 853236 1136250 969008
 4468.868812 21824 1500 1500 1500 1500 76 46 0 76 52 0 76 42 0 76 44 0 15250 1208750 18120 850222 1136250 965600
 4469.068792 21825 1500 1500 1500 1500 76 46 0 76 52 0 76 42 0 76 44 0 15006 1210000 18150 848304 1136250 963328
 4469.268812 21826 1500 1500 1500 1500 76 46 0 76 52 0 76 42 0 76 44 0 15006 1210000 18150 848304 1136250 963328
 4469.468811 21827 1500 1500 1500 1500 76 46 0 76 52 0 76 42 0 76 44 0 15006 1210000 18150 850770 1136250 965600
 4469.668808 21828 1500 1500 1500 1500 76 46 0 76 52 0 76 42 0 76 44 0 15006 1210000 18150 849948 1136250 964464
 4469.868813 21829 1500 1500 1500 1500 76 46 0 76 52 0 76 42 0 76 44 0 15006 1208750 18120 850496 1136250 965600
 4470.068812 21830 1500 1500 1500 1500 76 46 0 76 52 0 76 42 0 76 44 0 15006 1208750 18120 850496 1136250 965600
 4470.268812 21831 1500 1500 1500 1500 76 46 0 76 52 0 76 42 0 76 44 0 15006 1210000 18150 880636 1136250 999680
 4470.468811 21832 1500 1500 1500 1500 76 46 0 76 52 0 76 42 0 76 44 0 15006 1210000 18150 849674 1136250 964464
 4470.668812 21833 1500 1500 1500 1500 76 46 0 76 52 0 76 42 0 76 44 0 15006 1210000 18150 846112 1136250 961056
 4470.868812 21834 1500 1500 1500 1500 76 46 0 76 52 0 76 42 0 76 44 0 15006 1210000 18150 846112 1136250 961056
 4471.068812 21835 1500 1500 1500 1500 76 46 0 76 52 0 76 42 0 76 44 0 15006 1210000 18150 846660 1136250 961056
 4471.268811 21836 1500 1500 1500 1500 76 46 0 76 52 0 76 42 0 76 44 0 15006 1210000 18150 847208 1136250 962192
 4471.468811 21837 1500 1500 1500 1500 76 46 0 76 52 0 76 42 0 76 44 0 15006 1210000 18150 848578 1136250 963328
 4471.668812 21838 1500 1500 1500 1500 76 46 0 76 52 0 76 42 0 76 44 0 15006 1210000 18150 848578 1136250 963328
 4471.868811 21839 1500 1500 1500 1500 76 46 0 76 52 0 76 42 0 76 44 0 15250 1210000 18150 851866 1136250 966736
 4472.068808 21840 1500 1500 1500 1500 76 46 0 76 52 0 76 42 0 76 44 0 15006 1210000 18150 852688 1136250 967872
 4472.268813 21841 1500 1500 1500 1500 76 46 0 76 52 0 76 42 0 76 44 0 15250 1210000 18150 856524 1136250 972416
 4472.468812 21842 1500 1500 1500 1500 76 46 0 76 52 0 76 42 0 76 44 0 15250 1210000 18150 856524 1136250 972416
 4472.668813 21843 1500 1500 1500 1500 76 46 0 76 52 0 76 42 0 76 44 0 15006 1208750 18120 851318 1136250 966736
 4472.868811 21844 1500 1500 1500 1500 76 46 0 76 52 0 76 42 0 76 44 0 15006 1210000 18150 849674 1136250 964464
 4473.068812 21845 1500 1500 1500 1500 76 46 0 76 52 0 76 42 0 76 44 0 14762 1210000 16940 851318 1136250 966736
 4473.268812 21846 1500 1500 1500 1500 76 46 0 76 52 0 76 42 0 76 44 0 14762 1210000 16940 851318 1136250 966736
 4473.468812 21847 1500 1500 1500 1500 76 46 0 76 52 0 76 42 0 76 44 0 15006 1210000 18150 850222 1136250 965600
 4473.668812 21848 1500 1500 1500 1500 76 46 0 76 52 0 76 42 0 76 44 0 15250 1210000 18150 854058 1136250 970144
 4473.868812 21849 1500 1500 1500 1500 76 46 0 76 52 0 76 42 0 76 44 0 15006 1210000 18150 854332 1136250 970144
 4474.068812 21850 1500 1500 1500 1500 76 46 0 76 52 0 76 42 0 76 44 0 15006 1210000 18150 854332 1136250 970144
 4474.268812 21851 1500 1500 1500 1500 76 46 0 76 52 0 76 42 0 76 44 0 15006 1210000 18150 853236 1136250 969008
 4474.468809 21852 1500 1500 1500 1500 76 46 0 76 52 0 76 42 0 76 44 0 14762 1210000 16940 850496 1136250 965600
 4474.668812 21853 1500 1500 1500 1500 76 46 0 76 52 0 76 42 0 76 44 0 14762 1210000 16940 848030 1136250 963328
 4474.868795 21854 1500 1500 1500 1500 76 46 0 76 52 0 76 42 0 76 44 0 14762 1210000 16940 848030 1136250 963328
 4475.068809 21855 1500 1500 1500 1500 76 46 0 76 52 0 76 42 0 76 44 0 15250 1210000 18150 847482 1136250 962192
 4475.268809 21856 1500 1500 1500 1500 76 46 0 76 52 0 76 42 0 76 44 0 15006 1210000 18150 861730 1136250 978096
 4475.468811 21857 1500 1500 1500 1500 76 46 0 76 52 0 76 42 0 76 44 0 15250 1210000 18150 861182 1136250 978096
 4475.668813 21858 1500 1500 1500 1500 76 46 0 76 52 0 76 42 0 76 44 0 15006 1210000 18150 853236 1136250 969008
 4475.868812 21859 1500 1500 1500 1500 76 46 0 76 52 0 76 42 0 76 44 0 15006 1210000 18150 853236 1136250 969008
 4476.068812 21860 1500 1500 1500 1500 76 46 0 76 52 0 76 42 0 76 44 0 15006 1210000 18150 851044 1136250 966736
 4476.268812 21861 1500 1500 1500 1500 76 46 0 76 52 0 76 42 0 76 44 0 15250 1210000 18150 854332 1136250 970144
 4476.468812 21862 1500 1500 1500 1500 76 46 0 76 52 0 76 42 0 76 44 0 15250 1210000 18150 848852 1136250 963328
 4476.668812 21863 1500 1500 1500 1500 76 46 0 76 52 0 76 42 0 76 44 0 15250 1210000 18150 848852 1136250 963328
 4476.868808 21864 1500 1500 1500 1500 76 46 0 76 52 0 76 42 0 76 44 0 15250 1210000 18150 847756 1136250 962192
 4477.068813 21865 1500 1500 1500 1500 76 46 0 76 52 0 76 42 0 76 44 0 15250 1210000 18150 849674 1136250 964464
 4477.268812 21866 1500 1500 1500 1500 76 46 0 76 52 0 76 42 0 76 44 0 15006 1210000 18150 853510 1136250 969008
 4477.468803 21867 1500 1500 1500 1500 76 46 0 76 52 0 76 42 0 76 44 0 15006 1210000 18150 853510 1136250 969008
 4477.668803 21868 1500 1500 1500 1500 76 46 0 76 52 0 76 42 0 76 44 0 15250 1210000 18150 525806 1135000 595875
 4477.868804 21869 1500 1500 1500 1500 76 46 0 76 52 0 76 42 0 76 44 0 15006 1210000 18150 85762 1132500 96220
 4478.068803 21870 1500 1500 1500 1500 75 46 0 75 52 0 75 42 0 75 44 0 14762 1210000 16940 84666 1132500 95088
