 5247.913859 25719 1300 1300 1300 1300 74 46 0 74 52 0 74 42 0 74 44 0 15006 1210000 18150 63020 1057500 66591
 5248.113811 25720 1300 1300 1300 1300 74 46 0 74 52 0 74 42 0 74 44 0 15006 1210000 18150 59732 1057500 62363
 5248.313919 25721 1300 1300 1300 1300 74 46 0 74 52 0 74 42 0 74 44 0 15250 1210000 18150 64116 1057500 67648
 5248.513844 25722 1300 1300 1300 1300 74 46 0 74 52 0 74 42 0 74 44 0 15250 1210000 18150 64116 1057500 67648
 5248.713845 25723 1300 1300 1300 1300 74 46 0 74 52 0 74 42 0 74 44 0 14762 1210000 16940 283590 1058750 299414
 5248.913845 25724 1300 1300 1300 1300 74 46 0 74 52 0 74 42 0 74 44 0 15006 1210000 18150 64116 1057500 67648
 5249.118934 25725 1300 1300 1300 1300 74 46 0 74 52 0 74 42 0 74 44 0 14762 1210000 16940 60554 1057500 63420
 5249.318856 25726 1300 1300 1300 1300 74 46 0 74 52 0 74 42 0 74 44 0 14762 1210000 16940 60554 1057500 63420
 5249.518875 25727 1300 1300 1300 1300 74 46 0 74 52 0 74 42 0 74 44 0 15006 1210000 18150 617596 1060000 654020
 5249.718832 25728 1300 1300 1300 1300 75 46 0 75 52 0 75 42 0 75 44 0 14762 1210000 16940 954342 1062500 1013148
 5249.918816 25729 1300 1300 1300 1300 75 46 0 75 52 0 75 42 0 75 44 0 15006 1208750 18120 880910 1061250 933680
 5250.118829 25730 1300 1300 1300 1300 75 46 0 75 52 0 75 42 0 75 44 0 14762 1210000 16940 684178 1060000 725040
 5250.318848 25731 1300 1300 1300 1300 75 46 0 75 52 0 75 42 0 75 44 0 14762 1210000 16940 684178 1060000 725040
 5250.518830 25732 1300 1300 1300 1300 75 46 0 75 52 0 75 42 0 75 44 0 15006 1210000 18150 669656 1060000 709140
 5250.718828 25733 1300 1300 1300 1300 75 46 0 75 52 0 75 42 0 75 44 0 15006 1210000 18150 674588 1060000 714440
 5250.918828 25734 1300 1300 1300 1300 75 46 0 75 52 0 75 42 0 75 44 0 15006 1210000 18150 676506 1058750 715208
 5251.118828 25735 1300 1300 1300 1300 74 46 0 74 52 0 74 42 0 74 44 0 15006 1210000 18150 676506 1058750 715208
 5251.318810 25736 1300 1300 1300 1300 74 46 0 74 52 0 74 42 0 74 44 0 14762 1210000 16940 676232 1060000 716560
 5251.518828 25737 1300 1300 1300 1300 74 46 0 74 52 0 74 42 0 74 44 0 14762 1210000 16940 676780 1060000 716560
 5251.718829 25738 1300 1300 1300 1300 74 46 0 74 52 0 74 42 0 74 44 0 15006 1210000 18150 673492 1058750 712034
 5251.918828 25739 1300 1300 1300 1300 74 46 0 74 52 0 74 42 0 74 44 0 15006 1210000 18150 673492 1058750 712034
 5252.118870 25740 1300 1300 1300 1300 74 46 0 74 52 0 74 42 0 74 44 0 14762 1210000 16940 672396 1058750 710976
 5252.318858 25741 1300 1300 1300 1300 74 46 0 74 52 0 74 42 0 74 44 0 14762 1210000 16940 674588 1058750 713092
 5252.518829 25742 1300 1300 1300 1300 74 46 0 74 52 0 74 42 0 74 44 0 14762 1210000 16940 678150 1060000 718680
 5252.718828 25743 1300 1300 1300 1300 74 46 0 74 52 0 74 42 0 74 44 0 14762 1210000 16940 678150 1060000 718680
 5252.918828 25744 1300 1300 1300 1300 74 46 0 74 52 0 74 42 0 74 44 0 14762 1210000 16940 675136 1058750 714150
 5253.118828 25745 1300 1300 1300 1300 75 46 0 75 52 0 75 42 0 75 44 0 14762 1210000 16940 677876 1060000 717620
 5253.318811 25746 1300 1300 1300 1300 75 46 0 75 52 0 75 42 0 75 44 0 14762 1210000 16940 676506 1058750 715208
 5253.518828 25747 1300 1300 1300 1300 75 46 0 75 52 0 75 42 0 75 44 0 14762 1210000 16940 676506 1058750 715208
 5253.718828 25748 1300 1300 1300 1300 75 46 0 75 52 0 75 42 0 75 44 0 14762 1210000 16940 670752 1058750 708860
 5253.918828 25749 1300 1300 1300 1300 75 46 0 75 52 0 75 42 0 75 44 0 15006 1210000 18150 671848 1058750 709918
 5254.118827 25750 1300 1300 1300 1300 75 46 0 75 52 0 75 42 0 75 44 0 15006 1210000 18150 672396 1060000 712320
 5254.318811 25751 1300 1300 1300 1300 75 46 0 75 52 0 75 42 0 75 44 0 15006 1210000 18150 672396 1060000 712320
 5254.518828 25752 1300 1300 1300 1300 75 46 0 75 52 0 75 42 0 75 44 0 14762 1210000 16940 673766 1060000 713380
 5254.718824 25753 1300 1300 1300 1300 75 46 0 75 52 0 75 42 0 75 44 0 15006 1210000 18150 675410 1060000 715500
 5254.918828 25754 1300 1300 1300 1300 75 46 0 75 52 0 75 42 0 75 44 0 15250 1210000 18150 675136 1058750 714150
 5255.118828 25755 1300 1300 1300 1300 75 46 0 75 52 0 75 42 0 75 44 0 15250 1210000 18150 675136 1058750 714150
 5255.318810 25756 1300 1300 1300 1300 75 46 0 75 52 0 75 42 0 75 44 0 14762 1210000 16940 676506 1058750 715208
 5255.518828 25757 1300 1300 1300 1300 75 46 0 75 52 0 75 42 0 75 44 0 14762 1210000 16940 678150 1060000 718680
 5255.718824 25758 1300 1300 1300 1300 75 46 0 75 52 0 75 42 0 75 44 0 15006 1210000 18150 672122 1058750 710976
 5255.918760 25759 1300 1300 1300 1300 75 46 0 75 52 0 75 42 0 75 44 0 15006 1210000 18150 673492 1058750 712034
 5256.118867 25760 1300 1300 1300 1300 75 46 0 75 52 0 75 42 0 75 44 0 15006 1210000 18150 673492 1058750 712034
 5256.318857 25761 1300 1300 1300 1300 75 46 0 75 52 0 75 42 0 75 44 0 14762 1210000 16940 673766 1058750 712034
 5256.518829 25762 1300 1300 1300 1300 75 46 0 75 52 0 75 42 0 75 44 0 15006 1210000 18150 677328 1058750 716266
 5256.718828 25763 1300 1300 1300 1300 75 46 0 75 52 0 75 42 0 75 44 0 15250 1208750 18120 675958 1058750 714150
 5256.918829 25764 1300 1300 1300 1300 75 46 0 75 52 0 75 42 0 75 44 0 15250 1208750 18120 675958 1058750 714150
 5257.118828 25765 1300 1300 1300 1300 75 46 0 75 52 0 75 42 0 75 44 0 15006 1210000 18150 675410 1060000 715500
 5257.318810 25766 1300 1300 1300 1300 75 46 0 75 52 0 75 42 0 75 44 0 15006 1210000 18150 673218 1058750 712034
 5257.518829 25767 1300 1300 1300 1300 75 46 0 75 52 0 75 42 0 75 44 0 14762 1210000 16940 672670 1060000 712320
 5257.718828 25768 1300 1300 1300 1300 75 46 0 75 52 0 75 42 0 75 44 0 14762 1210000 16940 672670 1060000 712320
 5257.918829 25769 1300 1300 1300 1300 75 46 0 75 52 0 75 42 0 75 44 0 14762 1210000 16940 672396 1058750 710976
 5258.118824 25770 1300 1300 1300 1300 75 46 0 75 52 0 75 42 0 75 44 0 15006 1210000 18150 673218 1060000 713380
 5258.318811 25771 1300 1300 1300 1300 75 46 0 75 52 0 75 42 0 75 44 0 15006 1210000 18150 675410 1058750 714150
 5258.518829 25772 1300 1300 1300 1300 75 46 0 75 52 0 75 42 0 75 44 0 15006 1210000 18150 675410 1058750 714150
 5258.718827 25773 1300 1300 1300 1300 75 46 0 75 52 0 75 42 0 75 44 0 15006 1210000 18150 672670 1060000 712320
 5258.918828 25774 1300 1300 1300 1300 75 46 0 75 52 0 75 42 0 75 44 0 14762 1210000 16940 675136 1058750 714150
 5259.118828 25775 1300 1300 1300 1300 75 46 0 75 52 0 75 42 0 75 44 0 15006 1210000 18150 670752 1060000 710200
 5259.318811 25776 1300 1300 1300 1300 75 46 0 75 52 0 75 42 0 75 44 0 15006 1210000 18150 670752 1060000 710200
 5259.518828 25777 1300 1300 1300 1300 75 46 0 75 52 0 75 42 0 75 44 0 14762 1210000 16940 669656 1058750 707802
 5259.718848 25778 1300 1300 1300 1300 75 46 0 75 52 0 75 42 0 75 44 0 15006 1210000 18150 669656 1060000 709140
 5259.918828 25779 1300 1300 1300 1300 75 46 0 75 52 0 75 42 0 75 44 0 15006 1210000 18150 669656 1060000 709140
 5260.118865 25780 1300 1300 1300 1300 75 46 0 75 52 0 75 42 0 75 44 0 15006 1210000 18150 669656 1060000 709140
 5260.318854 25781 1300 1300 1300 1300 75 46 0 75 52 0 75 42 0 75 44 0 15006 1210000 18150 674314 1058750 713092
 5260.518829 25782 1300 1300 1300 1300 75 46 0 75 52 0 75 42 0 75 44 0 15006 1210000 18150 677054 1060000 717620
 5260.718827 25783 1300 1300 1300 1300 75 46 0 75 52 0 75 42 0 75 44 0 15006 1210000 18150 674040 1058750 713092
 5260.918828 25784 1300 1300 1300 1300 75 46 0 75 52 0 75 42 0 75 44 0 15006 1210000 18150 674040 1058750 713092
 5261.118827 25785 1300 1300 1300 1300 75 46 0 75 52 0 75 42 0 75 44 0 14762 1210000 16940 674588 1060000 714440
 5261.318811 25786 1300 1300 1300 1300 75 46 0 75 52 0 75 42 0 75 44 0 15006 1210000 18150 674588 1058750 713092
 5261.518828 25787 1300 1300 1300 1300 75 46 0 75 52 0 75 42 0 75 44 0 14762 1210000 16940 673492 1060000 713380
 5261.718811 25788 1300 1300 1300 1300 75 46 0 75 52 0 75 42 0 75 44 0 14762 1210000 16940 673492 1060000 713380
 5261.918828 25789 1300 1300 1300 1300 75 46 0 75 52 0 75 42 0 75 44 0 14762 1210000 16940 673766 1058750 712034
 5262.118828 25790 1300 1300 1300 1300 75 46 0 75 52 0 75 42 0 75 44 0 14762 1210000 16940 678972 1058750 717324
 5262.318810 25791 1300 1300 1300 1300 75 46 0 75 52 0 75 42 0 75 44 0 14762 1210000 16940 677876 1058750 716266
 5262.518807 25792 1300 1300 1300 1300 75 46 0 75 52 0 75 42 0 75 44 0 14762 1210000 16940 677876 1058750 716266
 5262.718828 25793 1300 1300 1300 1300 75 46 0 75 52 0 75 42 0 75 44 0 14762 1210000 16940 677876 1058750 716266
 5262.918824 25794 1300 1300 1300 1300 75 46 0 75 52 0 75 42 0 75 44 0 14762 1210000 16940 677328 1058750 716266
 5263.118828 25795 1300 1300 1300 1300 75 46 0 75 52 0 75 42 0 75 44 0 15006 1210000 18150 674862 1060000 714440
 5263.318811 25796 1300 1300 1300 1300 75 46 0 75 52 0 75 42 0 75 44 0 15006 1210000 18150 675410 1058750 714150
 5263.518836 25797 1300 1300 1300 1300 75 46 0 75 52 0 75 42 0 75 44 0 15006 1210000 18150 675410 1058750 714150
 5263.718828 25798 1300 1300 1300 1300 75 46 0 75 52 0 75 42 0 75 44 0 14762 1210000 16940 675136 1058750 714150
 5263.918828 25799 1300 1300 1300 1300 75 46 0 75 52 0 75 42 0 75 44 0 15006 1210000 18150 675684 1058750 714150
 5264.118868 25800 1300 1300 1300 1300 75 46 0 75 52 0 75 42 0 75 44 0 15006 1210000 18150 676232 1058750 715208
 5264.318854 25801 1300 1300 1300 1300 75 46 0 75 52 0 75 42 0 75 44 0 15006 1210000 18150 676232 1058750 715208
 5264.518828 25802 1300 1300 1300 1300 75 46 0 75 52 0 75 42 0 75 44 0 15006 1210000 18150 679246 1058750 718382
 5264.718828 25803 1300 1300 1300 1300 75 46 0 75 52 0 75 42 0 75 44 0 14762 1208750 16912 676506 1058750 715208
 5264.918829 25804 1300 1300 1300 1300 75 46 0 75 52 0 75 42 0 75 44 0 15006 1210000 18150 708290 1060000 750480
 5265.118828 25805 1300 1300 1300 1300 75 46 0 75 52 0 75 42 0 75 44 0 15006 1210000 18150 708290 1060000 750480
 5265.318807 25806 1300 1300 1300 1300 75 46 0 75 52 0 75 42 0 75 44 0 14762 1210000 16940 672396 1058750 710976
 5265.518829 25807 1300 1300 1300 1300 75 46 0 75 52 0 75 42 0 75 44 0 14762 1210000 16940 671574 1058750 709918
 5265.718828 25808 1300 1300 1300 1300 75 46 0 75 52 0 75 42 0 75 44 0 14762 1210000 16940 672122 1058750 710976
 5265.918828 25809 1300 1300 1300 1300 75 46 0 75 52 0 75 42 0 75 44 0 14762 1210000 16940 672122 1058750 710976
 5266.118828 25810 1300 1300 1300 1300 75 46 0 75 52 0 75 42 0 75 44 0 15006 1210000 18150 673218 1058750 712034
 5266.318807 25811 1300 1300 1300 1300 75 46 0 75 52 0 75 42 0 75 44 0 15006 1210000 18150 674862 1060000 714440
 5266.518829 25812 1300 1300 1300 1300 75 46 0 75 52 0 75 42 0 75 44 0 15006 1210000 18150 675410 1058750 714150
 5266.718828 25813 1300 1300 1300 1300 75 46 0 75 52 0 75 42 0 75 44 0 15006 1210000 18150 675410 1058750 714150
 5266.918828 25814 1300 1300 1300 1300 75 46 0 75 52 0 75 42 0 75 44 0 14762 1210000 16940 671300 1058750 709918
 5267.118827 25815 1300 1300 1300 1300 75 46 0 75 52 0 75 42 0 75 44 0 15006 1210000 18150 671848 1060000 711260
 5267.318811 25816 1300 1300 1300 1300 75 46 0 75 52 0 75 42 0 75 44 0 15006 1210000 18150 672670 1060000 712320
 5267.518829 25817 1300 1300 1300 1300 75 46 0 75 52 0 75 42 0 75 44 0 15006 1210000 18150 672670 1060000 712320
 5267.718828 25818 1300 1300 1300 1300 75 46 0 75 52 0 75 42 0 75 44 0 15006 1210000 18150 672122 1060000 712320
 5267.918828 25819 1300 1300 1300 1300 75 46 0 75 52 0 75 42 0 75 44 0 14762 1210000 16940 677328 1058750 716266
 5268.118865 25820 1300 1300 1300 1300 75 46 0 75 52 0 75 42 0 75 44 0 14762 1210000 16940 675410 1058750 714150
 5268.318857 25821 1300 1300 1300 1300 75 46 0 75 52 0 75 42 0 75 44 0 14762 1210000 16940 675410 1058750 714150
 5268.518829 25822 1300 1300 1300 1300 75 46 0 75 52 0 75 42 0 75 44 0 15006 1210000 18150 675410 1058750 714150
 5268.718824 25823 1300 1300 1300 1300 75 46 0 75 52 0 75 42 0 75 44 0 15006 1210000 18150 675136 1058750 714150
 5268.918828 25824 1300 1300 1300 1300 75 46 0 75 52 0 75 42 0 75 44 0 15006 1210000 18150 672396 1058750 710976
 5269.118828 25825 1300 1300 1300 1300 75 46 0 75 52 0 75 42 0 75 44 0 15250 1210000 18150 670752 1058750 708860
 5269.318811 25826 1300 1300 1300 1300 75 46 0 75 52 0 75 42 0 75 44 0 15250 1210000 18150 670752 1058750 708860
 5269.518829 25827 1300 1300 1300 1300 75 46 0 75 52 0 75 42 0 75 44 0 14762 1210000 16940 671848 1060000 711260
 5269.718827 25828 1300 1300 1300 1300 75 46 0 75 52 0 75 42 0 75 44 0 14762 1210000 16940 674040 1060000 714440
 5269.918828 25829 1300 1300 1300 1300 75 46 0 75 52 0 75 42 0 75 44 0 14762 1210000 16940 675958 1058750 714150
 5270.118828 25830 1300 1300 1300 1300 75 46 0 75 52 0 75 42 0 75 44 0 14762 1210000 16940 675958 1058750 714150
 5270.318810 25831 1300 1300 1300 1300 75 46 0 75 52 0 75 42 0 75 44 0 15006 1210000 18150 677602 1060000 717620
 5270.518829 25832 1300 1300 1300 1300 75 46 0 75 52 0 75 42 0 75 44 0 15006 1210000 18150 673218 1058750 712034
 5270.718828 25833 1300 1300 1300 1300 75 46 0 75 52 0 75 42 0 75 44 0 14762 1210000 16940 674588 1060000 714440
 5270.918828 25834 1300 1300 1300 1300 75 46 0 75 52 0 75 42 0 75 44 0 14762 1210000 16940 674588 1060000 714440
 5271.118825 25835 1300 1300 1300 1300 75 46 0 75 52 0 75 42 0 75 44 0 14762 1210000 16940 672670 1058750 710976
 5271.318810 25836 1300 1300 1300 1300 75 46 0 75 52 0 75 42 0 75 44 0 14762 1210000 16940 676506 1058750 715208
 5271.518828 25837 1300 1300 1300 1300 75 46 0 75 52 0 75 42 0 75 44 0 15006 1210000 18150 676232 1058750 715208
 5271.718828 25838 1300 1300 1300 1300 75 46 0 75 52 0 75 42 0 75 44 0 15006 1210000 18150 676232 1058750 715208
 5271.918828 25839 1300 1300 1300 1300 75 46 0 75 52 0 75 42 0 75 44 0 15006 1210000 18150 677602 1058750 716266
 5272.118868 25840 1300 1300 1300 1300 75 46 0 75 52 0 75 42 0 75 44 0 15006 1210000 18150 678150 1060000 718680
 5272.318856 25841 1300 1300 1300 1300 75 46 0 75 52 0 75 42 0 75 44 0 15006 1210000 18150 676780 1058750 715208
 5272.518828 25842 1300 1300 1300 1300 75 46 0 75 52 0 75 42 0 75 44 0 15006 1210000 18150 676780 1058750 715208
 5272.718828 25843 1300 1300 1300 1300 75 46 0 75 52 0 75 42 0 75 44 0 14762 1210000 16940 676232 1060000 716560
 5272.918827 25844 1300 1300 1300 1300 75 46 0 75 52 0 75 42 0 75 44 0 15006 1210000 18150 675958 1058750 714150
 5273.118828 25845 1300 1300 1300 1300 75 46 0 75 52 0 75 42 0 75 44 0 14762 1210000 16940 672944 1058750 710976
 5273.318812 25846 1300 1300 1300 1300 75 46 0 75 52 0 75 42 0 75 44 0 14762 1210000 16940 672944 1058750 710976
 5273.518825 25847 1300 1300 1300 1300 75 46 0 75 52 0 75 42 0 75 44 0 14762 1210000 16940 677328 1060000 717620
 5273.718828 25848 1300 1300 1300 1300 75 46 0 75 52 0 75 42 0 75 44 0 15006 1210000 18150 677602 1060000 717620
 5273.918828 25849 1300 1300 1300 1300 75 46 0 75 52 0 75 42 0 75 44 0 14762 1210000 16940 676506 1058750 715208
 5274.118827 25850 1300 1300 1300 1300 75 46 0 75 52 0 75 42 0 75 44 0 14762 1210000 16940 676506 1058750 715208
 5274.318818 25851 1300 1300 1300 1300 75 46 0 75 52 0 75 42 0 75 44 0 15006 1210000 18150 675958 1060000 715500
 5274.518828 25852 1300 1300 1300 1300 75 46 0 75 52 0 75 42 0 75 44 0 15006 1210000 18150 672944 1058750 710976
 5274.718828 25853 1300 1300 1300 1300 75 46 0 75 52 0 75 42 0 75 44 0 14762 1210000 16940 670478 1058750 708860
 5274.918808 25854 1300 1300 1300 1300 75 46 0 75 52 0 75 42 0 75 44 0 14762 1210000 16940 670478 1058750 708860
 5275.118828 25855 1300 1300 1300 1300 75 46 0 75 52 0 75 42 0 75 44 0 14762 1210000 16940 670478 1058750 708860
 5275.318811 25856 1300 1300 1300 1300 75 46 0 75 52 0 75 42 0 75 44 0 15006 1210000 18150 673492 1060000 713380
 5275.518828 25857 1300 1300 1300 1300 75 46 0 75 52 0 75 42 0 75 44 0 15006 1210000 18150 674314 1058750 713092
 5275.718824 25858 1300 1300 1300 1300 75 46 0 75 52 0 75 42 0 75 44 0 15006 1210000 18150 673766 1058750 712034
 5275.918828 25859 1300 1300 1300 1300 75 46 0 75 52 0 75 42 0 75 44 0 15006 1210000 18150 673766 1058750 712034
 5276.118866 25860 1300 1300 1300 1300 75 46 0 75 52 0 75 42 0 75 44 0 15006 1210000 18150 674862 1060000 714440
 5276.318856 25861 1300 1300 1300 1300 75 46 0 75 52 0 75 42 0 75 44 0 15006 1210000 18150 671848 1060000 711260
 5276.518829 25862 1300 1300 1300 1300 75 46 0 75 52 0 75 42 0 75 44 0 15006 1210000 18150 672122 1058750 710976
 5276.718828 25863 1300 1300 1300 1300 75 46 0 75 52 0 75 42 0 75 44 0 15006 1210000 18150 672122 1058750 710976
 5276.918824 25864 1300 1300 1300 1300 75 46 0 75 52 0 75 42 0 75 44 0 14762 1210000 16940 672670 1060000 712320
 5277.118828 25865 1300 1300 1300 1300 75 46 0 75 52 0 75 42 0 75 44 0 15006 1208750 18120 676780 1058750 715208
 5277.318811 25866 1300 1300 1300 1300 75 46 0 75 52 0 75 42 0 75 44 0 15006 1210000 18150 675684 1060000 715500
 5277.518829 25867 1300 1300 1300 1300 75 46 0 75 52 0 75 42 0 75 44 0 15006 1210000 18150 675684 1060000 715500
 5277.718827 25868 1300 1300 1300 1300 75 46 0 75 52 0 75 42 0 75 44 0 15006 1210000 18150 675958 1058750 714150
 5277.918828 25869 1300 1300 1300 1300 75 46 0 75 52 0 75 42 0 75 44 0 14762 1210000 16940 675410 1058750 714150
 5278.118827 25870 1300 1300 1300 1300 75 46 0 75 52 0 75 42 0 75 44 0 15006 1210000 18150 674040 1058750 713092
 5278.318811 25871 1300 1300 1300 1300 75 46 0 75 52 0 75 42 0 75 44 0 15006 1210000 18150 674040 1058750 713092
 5278.518828 25872 1300 1300 1300 1300 75 46 0 75 52 0 75 42 0 75 44 0 14762 1210000 16940 672944 1060000 712320
 5278.718827 25873 1300 1300 1300 1300 75 46 0 75 52 0 75 42 0 75 44 0 14762 1210000 16940 672944 1058750 710976
 5278.918828 25874 1300 1300 1300 1300 75 46 0 75 52 0 75 42 0 75 44 0 15006 1210000 18150 675136 1060000 715500
 5279.118830 25875 1300 1300 1300 1300 75 46 0 75 52 0 75 42 0 75 44 0 15006 1210000 18150 675136 1060000 715500
 5279.318807 25876 1300 1300 1300 1300 75 46 0 75 52 0 75 42 0 75 44 0 14762 1210000 16940 677054 1058750 716266
 5279.518828 25877 1300 1300 1300 1300 75 46 0 75 52 0 75 42 0 75 44 0 15250 1210000 18150 678150 1058750 717324
 5279.718828 25878 1300 1300 1300 1300 75 46 0 75 52 0 75 42 0 75 44 0 14762 1210000 16940 675410 1060000 715500
 5279.918828 25879 1300 1300 1300 1300 75 46 0 75 52 0 75 42 0 75 44 0 14762 1210000 16940 675410 1060000 715500
 5280.118876 25880 1300 1300 1300 1300 75 46 0 75 52 0 75 42 0 75 44 0 15006 1210000 18150 674588 1060000 714440
 5280.318857 25881 1300 1300 1300 1300 75 46 0 75 52 0 75 42 0 75 44 0 15006 1210000 18150 695412 1060000 736700
 5280.518829 25882 1300 1300 1300 1300 75 46 0 75 52 0 75 42 0 75 44 0 15250 1210000 18150 672670 1060000 712320
 5280.718811 25883 1300 1300 1300 1300 75 46 0 75 52 0 75 42 0 75 44 0 15250 1210000 18150 672670 1060000 712320
 5280.918829 25884 1300 1300 1300 1300 75 46 0 75 52 0 75 42 0 75 44 0 14762 1210000 16940 674862 1060000 714440
 5281.118828 25885 1300 1300 1300 1300 75 46 0 75 52 0 75 42 0 75 44 0 14762 1210000 16940 675958 1060000 715500
 5281.318811 25886 1300 1300 1300 1300 75 46 0 75 52 0 75 42 0 75 44 0 15006 1210000 18150 675410 1058750 714150
 5281.518803 25887 1300 1300 1300 1300 75 46 0 75 52 0 75 42 0 75 44 0 15006 1210000 18150 675410 1058750 714150
 5281.718828 25888 1300 1300 1300 1300 75 46 0 75 52 0 75 42 0 75 44 0 15006 1210000 18150 675410 1058750 714150
 5281.918828 25889 1300 1300 1300 1300 75 46 0 75 52 0 75 42 0 75 44 0 15006 1210000 18150 672670 1058750 710976
 5282.118832 25890 1300 1300 1300 1300 75 46 0 75 52 0 75 42 0 75 44 0 15006 1210000 18150 673766 1060000 713380
 5282.318828 25891 1300 1300 1300 1300 75 46 0 75 52 0 75 42 0 75 44 0 15250 1210000 18150 674314 1058750 713092
 5282.518828 25892 1300 1300 1300 1300 75 46 0 75 52 0 75 42 0 75 44 0 15250 1210000 18150 674314 1058750 713092
 5282.718828 25893 1300 1300 1300 1300 75 46 0 75 52 0 75 42 0 75 44 0 15006 1210000 18150 674588 1060000 714440
 5282.918828 25894 1300 1300 1300 1300 75 46 0 75 52 0 75 42 0 75 44 0 15006 1210000 18150 676506 1058750 715208
 5283.118829 25895 1300 1300 1300 1300 75 46 0 75 52 0 75 42 0 75 44 0 15006 1210000 18150 677876 1060000 717620
 5283.318828 25896 1300 1300 1300 1300 75 46 0 75 52 0 75 42 0 75 44 0 15006 1210000 18150 677876 1060000 717620
 5283.518828 25897 1300 1300 1300 1300 75 46 0 75 52 0 75 42 0 75 44 0 15006 1210000 18150 678972 1058750 717324
 5283.718828 25898 1300 1300 1300 1300 75 46 0 75 52 0 75 42 0 75 44 0 15006 1210000 18150 675136 1058750 714150
 5283.918824 25899 1300 1300 1300 1300 75 46 0 75 52 0 75 42 0 75 44 0 15006 1210000 18150 674588 1058750 713092
 5284.118868 25900 1300 1300 1300 1300 75 46 0 75 52 0 75 42 0 75 44 0 15006 1210000 18150 674588 1058750 713092
 5284.318877 25901 1300 1300 1300 1300 75 46 0 75 52 0 75 42 0 75 44 0 14762 1210000 16940 675136 1058750 714150
 5284.518829 25902 1300 1300 1300 1300 75 46 0 75 52 0 75 42 0 75 44 0 15006 1210000 18150 673492 1058750 712034
 5284.718828 25903 1300 1300 1300 1300 75 46 0 75 52 0 75 42 0 75 44 0 14762 1210000 16940 675136 1060000 715500
 5284.918828 25904 1300 1300 1300 1300 75 46 0 75 52 0 75 42 0 75 44 0 14762 1210000 16940 675136 1060000 715500
 5285.118824 25905 1300 1300 1300 1300 75 46 0 75 52 0 75 42 0 75 44 0 15250 1210000 18150 674588 1058750 713092
 5285.318828 25906 1300 1300 1300 1300 75 46 0 75 52 0 75 42 0 75 44 0 14762 1210000 16940 679246 1060000 719740
 5285.518829 25907 1300 1300 1300 1300 75 46 0 75 52 0 75 42 0 75 44 0 15006 1210000 18150 673492 1060000 713380
 5285.718828 25908 1300 1300 1300 1300 75 46 0 75 52 0 75 42 0 75 44 0 15006 1210000 18150 673492 1060000 713380
 5285.918826 25909 1300 1300 1300 1300 75 46 0 75 52 0 75 42 0 75 44 0 14762 1210000 16940 672122 1060000 712320
 5286.118828 25910 1300 1300 1300 1300 75 46 0 75 52 0 75 42 0 75 44 0 14762 1210000 16940 672944 1060000 712320
 5286.318865 25911 1300 1300 1300 1300 75 46 0 75 52 0 75 42 0 75 44 0 15006 1210000 18150 672396 1058750 710976
 5286.518829 25912 1300 1300 1300 1300 75 46 0 75 52 0 75 42 0 75 44 0 15006 1210000 18150 672396 1058750 710976
 5286.718828 25913 1300 1300 1300 1300 75 46 0 75 52 0 75 42 0 75 44 0 15006 1210000 18150 674588 1058750 713092
 5286.918891 25914 1300 1300 1300 1300 75 46 0 75 52 0 75 42 0 75 44 0 15006 1210000 18150 672944 1058750 710976
 5287.118860 25915 1300 1300 1300 1300 75 46 0 75 52 0 75 42 0 75 44 0 14762 1210000 16940 565536 1058750 597770
 5287.319195 25916 1300 1300 1300 1300 75 46 0 75 52 0 75 42 0 75 44 0 14762 1210000 16940 565536 1058750 597770
 5287.518859 25917 1300 1300 1300 1300 75 46 0 75 52 0 75 42 0 75 44 0 14762 1210000 16940 65760 1057500 68705
 5287.718859 25918 1300 1300 1300 1300 75 46 0 75 52 0 75 42 0 75 44 0 15006 1210000 18150 59732 1057500 62363
 5287.918859 25919 1300 1300 1300 1300 75 46 0 75 52 0 75 42 0 75 44 0 14762 1210000 16940 58088 1057500 61306
 5288.118929 25920 1300 1300 1300 1300 74 46 0 74 52 0 74 42 0 74 44 0 15006 1210000 18150 58910 1057500 61306
 5288.318862 25921 1300 1300 1300 1300 74 46 0 74 52 0 74 42 0 74 44 0 15006 1210000 18150 58910 1057500 61306
 5288.518857 25922 1300 1300 1300 1300 74 46 0 74 52 0 74 42 0 74 44 0 14762 1210000 16940 61924 1057500 64477
 5288.718859 25923 1300 1300 1300 1300 74 46 0 74 52 0 74 42 0 74 44 0 14762 1210000 16940 62472 1057500 65534
