 6699.208901 32975 1000 1000 1000 1000 74 46 0 74 52 0 74 42 0 74 44 0 15006 1210000 18150 47402 957500 44979
 6699.408821 32976 1000 1000 1000 1000 74 46 0 74 52 0 74 42 0 74 44 0 14762 1210000 16940 44936 957500 42108
 6699.608821 32977 1000 1000 1000 1000 74 46 0 74 52 0 74 42 0 74 44 0 15006 1210000 18150 46854 957500 44022
 6699.808798 32978 1000 1000 1000 1000 74 46 0 74 52 0 74 42 0 74 44 0 14762 1210000 16940 46032 957500 44022
 6700.008784 32979 1000 1000 1000 1000 73 46 0 73 52 0 73 42 0 73 44 0 14762 1210000 16940 46032 957500 44022
 6700.208821 32980 1000 1000 1000 1000 73 46 0 73 52 0 73 42 0 73 44 0 14762 1210000 16940 46854 957500 44022
 6700.408821 32981 1000 1000 1000 1000 73 46 0 73 52 0 73 42 0 73 44 0 15006 1210000 18150 46306 957500 44022
 6700.608821 32982 1000 1000 1000 1000 73 46 0 73 52 0 73 42 0 73 44 0 14762 1210000 16940 42744 957500 40194
 6700.808821 32983 1000 1000 1000 1000 73 46 0 73 52 0 73 42 0 73 44 0 14762 1210000 16940 42744 957500 40194
 6701.008785 32984 1000 1000 1000 1000 73 46 0 73 52 0 73 42 0 73 44 0 15006 1210000 18150 43018 957500 41151
 6701.208816 32985 1000 1000 1000 1000 73 46 0 73 52 0 73 42 0 73 44 0 14762 1210000 16940 41100 957500 39237
 6701.408818 32986 1000 1000 1000 1000 73 46 0 73 52 0 73 42 0 73 44 0 14762 1210000 16940 166318 958750 159028
 6701.608821 32987 1000 1000 1000 1000 73 46 0 73 52 0 73 42 0 73 44 0 14762 1210000 16940 166318 958750 159028
 6701.808821 32988 1000 1000 1000 1000 73 46 0 73 52 0 73 42 0 73 44 0 14762 1210000 16940 92338 957500 88044
 6702.008786 32989 1000 1000 1000 1000 73 46 0 73 52 0 73 42 0 73 44 0 14762 1210000 16940 48224 957500 45936
 6702.208735 32990 1000 1000 1000 1000 73 46 0 73 52 0 73 42 0 73 44 0 14762 1210000 16940 190156 957500 181830
 6702.408840 32991 1000 1000 1000 1000 73 46 0 73 52 0 73 42 0 73 44 0 14762 1210000 16940 190156 957500 181830
 6702.608845 32992 1000 1000 1000 1000 73 46 0 73 52 0 73 42 0 73 44 0 14518 1210000 16940 568550 960000 545280
 6702.808904 32993 1000 1000 1000 1000 73 46 0 73 52 0 73 42 0 73 44 0 14518 1210000 16940 654860 960000 627840
 6703.013787 32994 1000 1000 1000 1000 75 46 0 75 52 0 75 42 0 75 44 0 14762 1210000 16940 615404 958750 589170
 6703.213822 32995 1000 1000 1000 1000 75 46 0 75 52 0 75 42 0 75 44 0 14762 1210000 16940 615404 958750 589170
 6703.413827 32996 1000 1000 1000 1000 75 46 0 75 52 0 75 42 0 75 44 0 14762 1210000 16940 512928 958750 490496
 6703.613822 32997 1000 1000 1000 1000 75 46 0 75 52 0 75 42 0 75 44 0 14762 1210000 16940 466074 957500 445962
 6703.813827 32998 1000 1000 1000 1000 75 46 0 75 52 0 75 42 0 75 44 0 14762 1210000 16940 465252 957500 445005
 6704.013842 32999 1000 1000 1000 1000 74 46 0 74 52 0 74 42 0 74 44 0 14762 1210000 16940 465252 957500 445005
 6704.213826 33000 1000 1000 1000 1000 74 46 0 74 52 0 74 42 0 74 44 0 14762 1210000 16940 466622 957500 445962
 6704.413827 33001 1000 1000 1000 1000 74 46 0 74 52 0 74 42 0 74 44 0 14762 1210000 16940 467444 957500 446919
 6704.613828 33002 1000 1000 1000 1000 74 46 0 74 52 0 74 42 0 74 44 0 14762 1210000 16940 464978 957500 444048
 6704.813809 33003 1000 1000 1000 1000 74 46 0 74 52 0 74 42 0 74 44 0 14762 1210000 16940 464978 957500 444048
 6705.013841 33004 1000 1000 1000 1000 74 46 0 74 52 0 74 42 0 74 44 0 14762 1210000 16940 464704 957500 444048
 6705.213826 33005 1000 1000 1000 1000 74 46 0 74 52 0 74 42 0 74 44 0 14762 1210000 16940 470458 957500 449790
 6705.413826 33006 1000 1000 1000 1000 74 46 0 74 52 0 74 42 0 74 44 0 14762 1210000 16940 466622 957500 445962
 6705.613804 33007 1000 1000 1000 1000 74 46 0 74 52 0 74 42 0 74 44 0 14762 1210000 16940 467444 957500 446919
 6705.813827 33008 1000 1000 1000 1000 74 46 0 74 52 0 74 42 0 74 44 0 14762 1210000 16940 467444 957500 446919
 6706.013890 33009 1000 1000 1000 1000 74 46 0 74 52 0 74 42 0 74 44 0 14762 1210000 16940 466348 957500 445962
 6706.213827 33010 1000 1000 1000 1000 74 46 0 74 52 0 74 42 0 74 44 0 15006 1210000 18150 466074 957500 445962
 6706.413827 33011 1000 1000 1000 1000 74 46 0 74 52 0 74 42 0 74 44 0 15006 1210000 18150 463060 957500 443091
 6706.613826 33012 1000 1000 1000 1000 74 46 0 74 52 0 74 42 0 74 44 0 15006 1210000 18150 463060 957500 443091
 6706.813826 33013 1000 1000 1000 1000 74 46 0 74 52 0 74 42 0 74 44 0 15006 1210000 18150 464430 957500 444048
 6707.013839 33014 1000 1000 1000 1000 74 46 0 74 52 0 74 42 0 74 44 0 14518 1210000 16940 461964 957500 441177
 6707.213827 33015 1000 1000 1000 1000 74 46 0 74 52 0 74 42 0 74 44 0 14762 1210000 16940 474842 957500 453618
 6707.413827 33016 1000 1000 1000 1000 74 46 0 74 52 0 74 42 0 74 44 0 14762 1210000 16940 474842 957500 453618
 6707.613826 33017 1000 1000 1000 1000 74 46 0 74 52 0 74 42 0 74 44 0 15006 1210000 18150 464704 957500 444048
 6707.813827 33018 1000 1000 1000 1000 74 46 0 74 52 0 74 42 0 74 44 0 14762 1210000 16940 464430 957500 444048
 6708.013839 33019 1000 1000 1000 1000 74 46 0 74 52 0 74 42 0 74 44 0 15006 1210000 18150 465800 957500 445005
 6708.213826 33020 1000 1000 1000 1000 74 46 0 74 52 0 74 42 0 74 44 0 15006 1210000 18150 465800 957500 445005
 6708.413822 33021 1000 1000 1000 1000 74 46 0 74 52 0 74 42 0 74 44 0 15006 1210000 18150 464704 957500 444048
 6708.613827 33022 1000 1000 1000 1000 74 46 0 74 52 0 74 42 0 74 44 0 14518 1210000 16940 464430 957500 444048
 6708.813826 33023 1000 1000 1000 1000 74 46 0 74 52 0 74 42 0 74 44 0 14518 1210000 16940 464704 957500 444048
 6709.013839 33024 1000 1000 1000 1000 74 46 0 74 52 0 74 42 0 74 44 0 14518 1210000 16940 464704 957500 444048
 6709.213827 33025 1000 1000 1000 1000 74 46 0 74 52 0 74 42 0 74 44 0 14762 1210000 16940 466074 957500 445962
 6709.413826 33026 1000 1000 1000 1000 74 46 0 74 52 0 74 42 0 74 44 0 14762 1210000 16940 466074 957500 445962
 6709.613827 33027 1000 1000 1000 1000 74 46 0 74 52 0 74 42 0 74 44 0 14762 1210000 16940 464704 957500 444048
 6709.813827 33028 1000 1000 1000 1000 74 46 0 74 52 0 74 42 0 74 44 0 14762 1210000 16940 464704 957500 444048
 6710.013839 33029 1000 1000 1000 1000 74 46 0 74 52 0 74 42 0 74 44 0 14762 1210000 16940 466074 957500 445962
 6710.213827 33030 1000 1000 1000 1000 74 46 0 74 52 0 74 42 0 74 44 0 15006 1210000 18150 463608 957500 443091
 6710.413827 33031 1000 1000 1000 1000 74 46 0 74 52 0 74 42 0 74 44 0 14762 1210000 16940 462238 957500 442134
 6710.613827 33032 1000 1000 1000 1000 74 46 0 74 52 0 74 42 0 74 44 0 14762 1210000 16940 462238 957500 442134
 6710.813822 33033 1000 1000 1000 1000 74 46 0 74 52 0 74 42 0 74 44 0 14762 1210000 16940 464156 957500 444048
 6711.013845 33034 1000 1000 1000 1000 74 46 0 74 52 0 74 42 0 74 44 0 14762 1210000 16940 464978 957500 444048
 6711.213827 33035 1000 1000 1000 1000 74 46 0 74 52 0 74 42 0 74 44 0 15006 1210000 18150 464430 957500 444048
 6711.413810 33036 1000 1000 1000 1000 74 46 0 74 52 0 74 42 0 74 44 0 15006 1210000 18150 464430 957500 444048
 6711.613826 33037 1000 1000 1000 1000 74 46 0 74 52 0 74 42 0 74 44 0 14518 1210000 16940 463608 957500 443091
 6711.813823 33038 1000 1000 1000 1000 74 46 0 74 52 0 74 42 0 74 44 0 14762 1210000 16940 463608 957500 443091
 6712.013839 33039 1000 1000 1000 1000 74 46 0 74 52 0 74 42 0 74 44 0 15006 1210000 18150 463882 957500 443091
 6712.213827 33040 1000 1000 1000 1000 74 46 0 74 52 0 74 42 0 74 44 0 14762 1210000 16940 461690 957500 441177
 6712.413827 33041 1000 1000 1000 1000 74 46 0 74 52 0 74 42 0 74 44 0 14762 1210000 16940 461690 957500 441177
 6712.613827 33042 1000 1000 1000 1000 74 46 0 74 52 0 74 42 0 74 44 0 14762 1210000 16940 464430 957500 444048
 6712.813827 33043 1000 1000 1000 1000 74 46 0 74 52 0 74 42 0 74 44 0 14762 1210000 16940 462238 957500 442134
 6713.013840 33044 1000 1000 1000 1000 74 46 0 74 52 0 74 42 0 74 44 0 14762 1210000 16940 463608 957500 443091
 6713.213826 33045 1000 1000 1000 1000 74 46 0 74 52 0 74 42 0 74 44 0 14762 1210000 16940 463608 957500 443091
 6713.413827 33046 1000 1000 1000 1000 74 46 0 74 52 0 74 42 0 74 44 0 14518 1210000 16940 463608 957500 443091
 6713.613827 33047 1000 1000 1000 1000 74 46 0 74 52 0 74 42 0 74 44 0 14762 1210000 16940 464704 957500 444048
 6713.813827 33048 1000 1000 1000 1000 74 46 0 74 52 0 74 42 0 74 44 0 14762 1210000 16940 464430 957500 444048
 6714.013840 33049 1000 1000 1000 1000 74 46 0 74 52 0 74 42 0 74 44 0 14762 1210000 16940 464430 957500 444048
 6714.213823 33050 1000 1000 1000 1000 74 46 0 74 52 0 74 42 0 74 44 0 14762 1210000 16940 464704 957500 444048
 6714.413826 33051 1000 1000 1000 1000 74 46 0 74 52 0 74 42 0 74 44 0 14762 1210000 16940 464978 957500 444048
 6714.613827 33052 1000 1000 1000 1000 74 46 0 74 52 0 74 42 0 74 44 0 14762 1210000 16940 464156 957500 444048
 6714.813822 33053 1000 1000 1000 1000 74 46 0 74 52 0 74 42 0 74 44 0 14762 1210000 16940 464156 957500 444048
 6715.013834 33054 1000 1000 1000 1000 74 46 0 74 52 0 74 42 0 74 44 0 14762 1210000 16940 467718 957500 446919
 6715.213826 33055 1000 1000 1000 1000 74 46 0 74 52 0 74 42 0 74 44 0 14762 1210000 16940 487994 957500 466059
 6715.413827 33056 1000 1000 1000 1000 74 46 0 74 52 0 74 42 0 74 44 0 14518 1210000 16940 469362 957500 448833
 6715.613827 33057 1000 1000 1000 1000 74 46 0 74 52 0 74 42 0 74 44 0 14518 1210000 16940 469362 957500 448833
 6715.813827 33058 1000 1000 1000 1000 74 46 0 74 52 0 74 42 0 74 44 0 14518 1210000 16940 465526 957500 445005
 6716.013844 33059 1000 1000 1000 1000 74 46 0 74 52 0 74 42 0 74 44 0 14762 1210000 16940 466074 957500 445962
 6716.213827 33060 1000 1000 1000 1000 74 46 0 74 52 0 74 42 0 74 44 0 14762 1210000 16940 465526 957500 445005
 6716.413827 33061 1000 1000 1000 1000 74 46 0 74 52 0 74 42 0 74 44 0 14762 1210000 16940 465526 957500 445005
 6716.613821 33062 1000 1000 1000 1000 74 46 0 74 52 0 74 42 0 74 44 0 15006 1210000 18150 465252 957500 445005
 6716.813827 33063 1000 1000 1000 1000 74 46 0 74 52 0 74 42 0 74 44 0 14762 1210000 16940 464978 957500 444048
 6717.013839 33064 1000 1000 1000 1000 74 46 0 74 52 0 74 42 0 74 44 0 14762 1210000 16940 465252 957500 445005
 6717.213827 33065 1000 1000 1000 1000 74 46 0 74 52 0 74 42 0 74 44 0 14762 1210000 16940 465252 957500 445005
 6717.413827 33066 1000 1000 1000 1000 74 46 0 74 52 0 74 42 0 74 44 0 14518 1210000 16940 466348 957500 445962
 6717.613826 33067 1000 1000 1000 1000 74 46 0 74 52 0 74 42 0 74 44 0 14762 1210000 16940 464704 957500 444048
 6717.813826 33068 1000 1000 1000 1000 74 46 0 74 52 0 74 42 0 74 44 0 14762 1210000 16940 463882 957500 443091
 6718.013818 33069 1000 1000 1000 1000 74 46 0 74 52 0 74 42 0 74 44 0 15006 1210000 18150 464430 957500 444048
 6718.213827 33070 1000 1000 1000 1000 74 46 0 74 52 0 74 42 0 74 44 0 15006 1210000 18150 464430 957500 444048
 6718.413827 33071 1000 1000 1000 1000 74 46 0 74 52 0 74 42 0 74 44 0 14762 1210000 16940 463334 957500 443091
 6718.613827 33072 1000 1000 1000 1000 74 46 0 74 52 0 74 42 0 74 44 0 14762 1210000 16940 463608 957500 443091
 6718.813821 33073 1000 1000 1000 1000 74 46 0 74 52 0 74 42 0 74 44 0 14762 1210000 16940 464704 957500 444048
 6719.013835 33074 1000 1000 1000 1000 74 46 0 74 52 0 74 42 0 74 44 0 14762 1210000 16940 464704 957500 444048
 6719.213827 33075 1000 1000 1000 1000 74 46 0 74 52 0 74 42 0 74 44 0 14762 1210000 16940 464978 957500 444048
 6719.413828 33076 1000 1000 1000 1000 74 46 0 74 52 0 74 42 0 74 44 0 14762 1210000 16940 464978 957500 444048
 6719.613826 33077 1000 1000 1000 1000 74 46 0 74 52 0 74 42 0 74 44 0 14762 1210000 16940 462238 957500 442134
 6719.813827 33078 1000 1000 1000 1000 74 46 0 74 52 0 74 42 0 74 44 0 14762 1210000 16940 462238 957500 442134
 6720.013839 33079 1000 1000 1000 1000 74 46 0 74 52 0 74 42 0 74 44 0 14762 1210000 16940 461964 957500 441177
 6720.213827 33080 1000 1000 1000 1000 74 46 0 74 52 0 74 42 0 74 44 0 14762 1210000 16940 462512 957500 442134
 6720.413844 33081 1000 1000 1000 1000 74 46 0 74 52 0 74 42 0 74 44 0 14762 1210000 16940 465800 957500 445005
 6720.613826 33082 1000 1000 1000 1000 74 46 0 74 52 0 74 42 0 74 44 0 14762 1210000 16940 465800 957500 445005
 6720.813827 33083 1000 1000 1000 1000 74 46 0 74 52 0 74 42 0 74 44 0 14762 1210000 16940 464978 957500 444048
 6721.013845 33084 1000 1000 1000 1000 74 46 0 74 52 0 74 42 0 74 44 0 14518 1210000 16940 464704 957500 444048
 6721.213822 33085 1000 1000 1000 1000 74 46 0 74 52 0 74 42 0 74 44 0 14762 1210000 16940 463882 957500 443091
 6721.413826 33086 1000 1000 1000 1000 74 46 0 74 52 0 74 42 0 74 44 0 14762 1210000 16940 463882 957500 443091
 6721.613827 33087 1000 1000 1000 1000 74 46 0 74 52 0 74 42 0 74 44 0 14762 1210000 16940 464978 957500 444048
 6721.813826 33088 1000 1000 1000 1000 74 46 0 74 52 0 74 42 0 74 44 0 14762 1210000 16940 461690 957500 441177
 6722.013839 33089 1000 1000 1000 1000 74 46 0 74 52 0 74 42 0 74 44 0 14762 1210000 16940 462238 957500 442134
 6722.213828 33090 1000 1000 1000 1000 74 46 0 74 52 0 74 42 0 74 44 0 14762 1210000 16940 462238 957500 442134
 6722.413827 33091 1000 1000 1000 1000 74 46 0 74 52 0 74 42 0 74 44 0 15006 1210000 18150 464978 957500 444048
 6722.613826 33092 1000 1000 1000 1000 74 46 0 74 52 0 74 42 0 74 44 0 15006 1210000 18150 464704 957500 444048
 6722.813826 33093 1000 1000 1000 1000 74 46 0 74 52 0 74 42 0 74 44 0 14762 1210000 16940 465252 957500 445005
 6723.013840 33094 1000 1000 1000 1000 74 46 0 74 52 0 74 42 0 74 44 0 14762 1210000 16940 465252 957500 445005
 6723.213827 33095 1000 1000 1000 1000 74 46 0 74 52 0 74 42 0 74 44 0 14518 1210000 16940 465252 957500 445005
 6723.413826 33096 1000 1000 1000 1000 74 46 0 74 52 0 74 42 0 74 44 0 14762 1210000 16940 464978 957500 444048
 6723.613821 33097 1000 1000 1000 1000 74 46 0 74 52 0 74 42 0 74 44 0 14762 1210000 16940 463334 957500 443091
 6723.813809 33098 1000 1000 1000 1000 74 46 0 74 52 0 74 42 0 74 44 0 14762 1210000 16940 463334 957500 443091
 6724.013840 33099 1000 1000 1000 1000 74 46 0 74 52 0 74 42 0 74 44 0 14518 1210000 16940 465526 957500 445005
 6724.213827 33100 1000 1000 1000 1000 74 46 0 74 52 0 74 42 0 74 44 0 14762 1210000 16940 465252 957500 445005
 6724.413827 33101 1000 1000 1000 1000 74 46 0 74 52 0 74 42 0 74 44 0 14518 1210000 16940 469636 957500 448833
 6724.613805 33102 1000 1000 1000 1000 74 46 0 74 52 0 74 42 0 74 44 0 14762 1210000 16940 467444 957500 446919
 6724.813845 33103 1000 1000 1000 1000 74 46 0 74 52 0 74 42 0 74 44 0 14762 1210000 16940 467444 957500 446919
 6725.013839 33104 1000 1000 1000 1000 74 46 0 74 52 0 74 42 0 74 44 0 15006 1210000 18150 467718 957500 446919
 6725.213827 33105 1000 1000 1000 1000 74 46 0 74 52 0 74 42 0 74 44 0 14762 1210000 16940 467444 957500 446919
 6725.413826 33106 1000 1000 1000 1000 74 46 0 74 52 0 74 42 0 74 44 0 14762 1210000 16940 465252 957500 445005
 6725.613827 33107 1000 1000 1000 1000 74 46 0 74 52 0 74 42 0 74 44 0 14762 1210000 16940 465252 957500 445005
 6725.813827 33108 1000 1000 1000 1000 74 46 0 74 52 0 74 42 0 74 44 0 14518 1208750 16912 464978 957500 444048
 6726.013839 33109 1000 1000 1000 1000 74 46 0 74 52 0 74 42 0 74 44 0 14762 1210000 16940 464430 957500 444048
 6726.213827 33110 1000 1000 1000 1000 74 46 0 74 52 0 74 42 0 74 44 0 14762 1210000 16940 465252 957500 445005
 6726.413827 33111 1000 1000 1000 1000 74 46 0 74 52 0 74 42 0 74 44 0 14762 1210000 16940 465252 957500 445005
 6726.613827 33112 1000 1000 1000 1000 74 46 0 74 52 0 74 42 0 74 44 0 14518 1210000 16940 464704 957500 444048
 6726.813827 33113 1000 1000 1000 1000 74 46 0 74 52 0 74 42 0 74 44 0 14762 1210000 16940 464156 957500 444048
 6727.013834 33114 1000 1000 1000 1000 74 46 0 74 52 0 74 42 0 74 44 0 15006 1210000 18150 463882 957500 443091
 6727.213827 33115 1000 1000 1000 1000 74 46 0 74 52 0 74 42 0 74 44 0 15006 1210000 18150 463882 957500 443091
 6727.413826 33116 1000 1000 1000 1000 74 46 0 74 52 0 74 42 0 74 44 0 14762 1210000 16940 462786 957500 442134
 6727.613827 33117 1000 1000 1000 1000 74 46 0 74 52 0 74 42 0 74 44 0 14518 1210000 16940 461964 957500 441177
 6727.813826 33118 1000 1000 1000 1000 74 46 0 74 52 0 74 42 0 74 44 0 14518 1210000 16940 461690 957500 441177
 6728.013794 33119 1000 1000 1000 1000 74 46 0 74 52 0 74 42 0 74 44 0 14518 1210000 16940 461690 957500 441177
 6728.213827 33120 1000 1000 1000 1000 74 46 0 74 52 0 74 42 0 74 44 0 14762 1210000 16940 463608 957500 443091
 6728.413827 33121 1000 1000 1000 1000 74 46 0 74 52 0 74 42 0 74 44 0 14762 1210000 16940 463334 957500 443091
 6728.613827 33122 1000 1000 1000 1000 74 46 0 74 52 0 74 42 0 74 44 0 14762 1210000 16940 463060 957500 443091
 6728.813826 33123 1000 1000 1000 1000 74 46 0 74 52 0 74 42 0 74 44 0 14762 1210000 16940 463060 957500 443091
 6729.013794 33124 1000 1000 1000 1000 74 46 0 74 52 0 74 42 0 74 44 0 14762 1210000 16940 463334 957500 443091
 6729.213827 33125 1000 1000 1000 1000 74 46 0 74 52 0 74 42 0 74 44 0 14762 1210000 16940 461964 957500 441177
 6729.413851 33126 1000 1000 1000 1000 74 46 0 74 52 0 74 42 0 74 44 0 14762 1210000 16940 462512 957500 442134
 6729.613827 33127 1000 1000 1000 1000 74 46 0 74 52 0 74 42 0 74 44 0 14762 1210000 16940 462512 957500 442134
 6729.813827 33128 1000 1000 1000 1000 74 46 0 74 52 0 74 42 0 74 44 0 14762 1210000 16940 462238 957500 442134
 6730.013795 33129 1000 1000 1000 1000 74 46 0 74 52 0 74 42 0 74 44 0 14762 1210000 16940 463882 957500 443091
 6730.213827 33130 1000 1000 1000 1000 74 46 0 74 52 0 74 42 0 74 44 0 14762 1210000 16940 467992 957500 446919
 6730.413809 33131 1000 1000 1000 1000 74 46 0 74 52 0 74 42 0 74 44 0 14762 1210000 16940 467992 957500 446919
 6730.613826 33132 1000 1000 1000 1000 74 46 0 74 52 0 74 42 0 74 44 0 14762 1210000 16940 464704 957500 444048
 6730.813827 33133 1000 1000 1000 1000 74 46 0 74 52 0 74 42 0 74 44 0 14518 1210000 16940 464430 957500 444048
 6731.013800 33134 1000 1000 1000 1000 74 46 0 74 52 0 74 42 0 74 44 0 14762 1210000 16940 463608 957500 443091
 6731.213826 33135 1000 1000 1000 1000 74 46 0 74 52 0 74 42 0 74 44 0 14762 1210000 16940 463882 957500 443091
 6731.413827 33136 1000 1000 1000 1000 74 46 0 74 52 0 74 42 0 74 44 0 14762 1210000 16940 463882 957500 443091
 6731.613827 33137 1000 1000 1000 1000 74 46 0 74 52 0 74 42 0 74 44 0 14762 1210000 16940 462238 957500 442134
 6731.813821 33138 1000 1000 1000 1000 74 46 0 74 52 0 74 42 0 74 44 0 14762 1210000 16940 466622 957500 445962
 6732.013793 33139 1000 1000 1000 1000 74 46 0 74 52 0 74 42 0 74 44 0 15006 1210000 18150 465526 957500 445005
 6732.213827 33140 1000 1000 1000 1000 74 46 0 74 52 0 74 42 0 74 44 0 15006 1210000 18150 465526 957500 445005
 6732.413827 33141 1000 1000 1000 1000 74 46 0 74 52 0 74 42 0 74 44 0 14762 1210000 16940 466622 957500 445962
 6732.613827 33142 1000 1000 1000 1000 74 46 0 74 52 0 74 42 0 74 44 0 14762 1210000 16940 465800 957500 445005
 6732.813827 33143 1000 1000 1000 1000 74 46 0 74 52 0 74 42 0 74 44 0 14762 1210000 16940 463882 957500 443091
 6733.013793 33144 1000 1000 1000 1000 74 46 0 74 52 0 74 42 0 74 44 0 14762 1210000 16940 463882 957500 443091
 6733.213827 33145 1000 1000 1000 1000 74 46 0 74 52 0 74 42 0 74 44 0 14518 1210000 16940 463060 957500 443091
 6733.413827 33146 1000 1000 1000 1000 74 46 0 74 52 0 74 42 0 74 44 0 14762 1210000 16940 465800 957500 445005
 6733.613827 33147 1000 1000 1000 1000 74 46 0 74 52 0 74 42 0 74 44 0 14762 1210000 16940 464430 957500 444048
 6733.813827 33148 1000 1000 1000 1000 74 46 0 74 52 0 74 42 0 74 44 0 14762 1210000 16940 464430 957500 444048
 6734.013797 33149 1000 1000 1000 1000 74 46 0 74 52 0 74 42 0 74 44 0 14518 1210000 16940 465800 957500 445005
 6734.213822 33150 1000 1000 1000 1000 74 46 0 74 52 0 74 42 0 74 44 0 15006 1210000 18150 466348 957500 445962
 6734.413827 33151 1000 1000 1000 1000 74 46 0 74 52 0 74 42 0 74 44 0 14762 1210000 16940 464978 957500 444048
 6734.613827 33152 1000 1000 1000 1000 74 46 0 74 52 0 74 42 0 74 44 0 14762 1210000 16940 464978 957500 444048
 6734.813827 33153 1000 1000 1000 1000 74 46 0 74 52 0 74 42 0 74 44 0 14518 1210000 16940 463060 957500 443091
 6735.013873 33154 1000 1000 1000 1000 74 46 0 74 52 0 74 42 0 74 44 0 14762 1210000 16940 470732 957500 449790
 6735.213826 33155 1000 1000 1000 1000 74 46 0 74 52 0 74 42 0 74 44 0 14762 1210000 16940 463060 957500 443091
 6735.413826 33156 1000 1000 1000 1000 74 46 0 74 52 0 74 42 0 74 44 0 14762 1210000 16940 463060 957500 443091
 6735.613826 33157 1000 1000 1000 1000 74 46 0 74 52 0 74 42 0 74 44 0 14762 1210000 16940 461964 957500 441177
 6735.813826 33158 1000 1000 1000 1000 74 46 0 74 52 0 74 42 0 74 44 0 14518 1210000 16940 465800 957500 445005
 6736.013826 33159 1000 1000 1000 1000 74 46 0 74 52 0 74 42 0 74 44 0 14762 1210000 16940 466622 957500 445962
 6736.213827 33160 1000 1000 1000 1000 74 46 0 74 52 0 74 42 0 74 44 0 14762 1210000 16940 466622 957500 445962
 6736.413826 33161 1000 1000 1000 1000 74 46 0 74 52 0 74 42 0 74 44 0 14762 1210000 16940 466348 957500 445962
 6736.613822 33162 1000 1000 1000 1000 74 46 0 74 52 0 74 42 0 74 44 0 14762 1210000 16940 463882 957500 443091
 6736.813827 33163 1000 1000 1000 1000 74 46 0 74 52 0 74 42 0 74 44 0 15006 1210000 18150 463882 957500 443091
 6737.013818 33164 1000 1000 1000 1000 74 46 0 74 52 0 74 42 0 74 44 0 14762 1210000 16940 463060 957500 443091
 6737.213827 33165 1000 1000 1000 1000 74 46 0 74 52 0 74 42 0 74 44 0 14762 1210000 16940 463060 957500 443091
 6737.413826 33166 1000 1000 1000 1000 74 46 0 74 52 0 74 42 0 74 44 0 14518 1210000 16940 467444 957500 446919
 6737.613828 33167 1000 1000 1000 1000 74 46 0 74 52 0 74 42 0 74 44 0 14762 1210000 16940 464156 957500 444048
 6737.813826 33168 1000 1000 1000 1000 74 46 0 74 52 0 74 42 0 74 44 0 14762 1210000 16940 463882 957500 443091
 6738.013823 33169 1000 1000 1000 1000 74 46 0 74 52 0 74 42 0 74 44 0 14762 1210000 16940 463882 957500 443091
 6738.213827 33170 1000 1000 1000 1000 74 46 0 74 52 0 74 42 0 74 44 0 14762 1210000 16940 464430 957500 444048
 6738.413827 33171 1000 1000 1000 1000 74 46 0 74 52 0 74 42 0 74 44 0 14762 1210000 16940 463608 957500 443091
 6738.613827 33172 1000 1000 1000 1000 74 46 0 74 52 0 74 42 0 74 44 0 14762 1210000 16940 461964 957500 441177
 6738.813827 33173 1000 1000 1000 1000 74 46 0 74 52 0 74 42 0 74 44 0 14762 1210000 16940 461964 957500 441177
 6739.013822 33174 1000 1000 1000 1000 74 46 0 74 52 0 74 42 0 74 44 0 14762 1210000 16940 461964 957500 441177
 6739.213826 33175 1000 1000 1000 1000 74 46 0 74 52 0 74 42 0 74 44 0 15006 1210000 18150 463060 957500 443091
 6739.413827 33176 1000 1000 1000 1000 74 46 0 74 52 0 74 42 0 74 44 0 14762 1210000 16940 463060 957500 443091
 6739.613827 33177 1000 1000 1000 1000 74 46 0 74 52 0 74 42 0 74 44 0 14762 1210000 16940 463060 957500 443091
 6739.813826 33178 1000 1000 1000 1000 74 46 0 74 52 0 74 42 0 74 44 0 14762 1210000 16940 463608 957500 443091
 6740.013818 33179 1000 1000 1000 1000 74 46 0 74 52 0 74 42 0 74 44 0 14762 1210000 16940 472102 957500 451704
 6740.213827 33180 1000 1000 1000 1000 74 46 0 74 52 0 74 42 0 74 44 0 15006 1210000 18150 464704 957500 444048
 6740.413826 33181 1000 1000 1000 1000 74 46 0 74 52 0 74 42 0 74 44 0 15006 1210000 18150 464704 957500 444048
 6740.613827 33182 1000 1000 1000 1000 74 46 0 74 52 0 74 42 0 74 44 0 14518 1210000 16940 461964 957500 441177
 6740.813827 33183 1000 1000 1000 1000 74 46 0 74 52 0 74 42 0 74 44 0 14518 1210000 16940 461964 957500 441177
 6741.013827 33184 1000 1000 1000 1000 74 46 0 74 52 0 74 42 0 74 44 0 15250 1210000 18150 461690 957500 441177
 6741.213827 33185 1000 1000 1000 1000 74 46 0 74 52 0 74 42 0 74 44 0 15250 1210000 18150 461690 957500 441177
 6741.413827 33186 1000 1000 1000 1000 74 46 0 74 52 0 74 42 0 74 44 0 14518 1210000 16940 464978 957500 444048
 6741.613826 33187 1000 1000 1000 1000 74 46 0 74 52 0 74 42 0 74 44 0 14762 1210000 16940 464156 957500 444048
 6741.813826 33188 1000 1000 1000 1000 74 46 0 74 52 0 74 42 0 74 44 0 14762 1210000 16940 465252 957500 445005
 6742.013823 33189 1000 1000 1000 1000 74 46 0 74 52 0 74 42 0 74 44 0 14762 1210000 16940 465252 957500 445005
 6742.213827 33190 1000 1000 1000 1000 74 46 0 74 52 0 74 42 0 74 44 0 14762 1210000 16940 465252 957500 445005
 6742.413822 33191 1000 1000 1000 1000 74 46 0 74 52 0 74 42 0 74 44 0 14762 1210000 16940 467170 957500 446919
 6742.613826 33192 1000 1000 1000 1000 74 46 0 74 52 0 74 42 0 74 44 0 14518 1210000 16940 463060 957500 443091
 6742.813809 33193 1000 1000 1000 1000 74 46 0 74 52 0 74 42 0 74 44 0 14518 1210000 16940 463060 957500 443091
 6743.013824 33194 1000 1000 1000 1000 74 46 0 74 52 0 74 42 0 74 44 0 14518 1210000 16940 464430 957500 444048
 6743.213827 33195 1000 1000 1000 1000 74 46 0 74 52 0 74 42 0 74 44 0 14762 1210000 16940 466622 957500 445962
 6743.413826 33196 1000 1000 1000 1000 74 46 0 74 52 0 74 42 0 74 44 0 14762 1210000 16940 465526 957500 445005
 6743.613826 33197 1000 1000 1000 1000 74 46 0 74 52 0 74 42 0 74 44 0 14762 1210000 16940 465800 957500 445005
 6743.813826 33198 1000 1000 1000 1000 74 46 0 74 52 0 74 42 0 74 44 0 14762 1210000 16940 465800 957500 445005
 6744.013822 33199 1000 1000 1000 1000 74 46 0 74 52 0 74 42 0 74 44 0 14762 1210000 16940 466896 957500 445962
 6744.213827 33200 1000 1000 1000 1000 74 46 0 74 52 0 74 42 0 74 44 0 14762 1210000 16940 463608 957500 443091
 6744.413827 33201 1000 1000 1000 1000 74 46 0 74 52 0 74 42 0 74 44 0 14762 1210000 16940 463882 957500 443091
 6744.613826 33202 1000 1000 1000 1000 74 46 0 74 52 0 74 42 0 74 44 0 14762 1210000 16940 463882 957500 443091
 6744.813823 33203 1000 1000 1000 1000 74 46 0 74 52 0 74 42 0 74 44 0 14762 1210000 16940 464430 957500 444048
 6745.013821 33204 1000 1000 1000 1000 74 46 0 74 52 0 74 42 0 74 44 0 14762 1210000 16940 462512 957500 442134
 6745.213827 33205 1000 1000 1000 1000 74 46 0 74 52 0 74 42 0 74 44 0 15006 1210000 18150 466348 957500 445962
 6745.413827 33206 1000 1000 1000 1000 74 46 0 74 52 0 74 42 0 74 44 0 15006 1210000 18150 466348 957500 445962
 6745.613826 33207 1000 1000 1000 1000 74 46 0 74 52 0 74 42 0 74 44 0 15006 1210000 18150 467444 957500 446919
 6745.813827 33208 1000 1000 1000 1000 74 46 0 74 52 0 74 42 0 74 44 0 14518 1210000 16940 464430 957500 444048
 6746.013827 33209 1000 1000 1000 1000 74 46 0 74 52 0 74 42 0 74 44 0 14762 1210000 16940 462238 957500 442134
 6746.213827 33210 1000 1000 1000 1000 74 46 0 74 52 0 74 42 0 74 44 0 14762 1210000 16940 462238 957500 442134
 6746.413826 33211 1000 1000 1000 1000 74 46 0 74 52 0 74 42 0 74 44 0 14762 1210000 16940 462238 957500 442134
 6746.613827 33212 1000 1000 1000 1000 74 46 0 74 52 0 74 42 0 74 44 0 14518 1210000 16940 461690 957500 441177
 6746.813826 33213 1000 1000 1000 1000 74 46 0 74 52 0 74 42 0 74 44 0 14762 1210000 16940 461142 957500 441177
 6747.013823 33214 1000 1000 1000 1000 74 46 0 74 52 0 74 42 0 74 44 0 14762 1210000 16940 461142 957500 441177
 6747.213821 33215 1000 1000 1000 1000 74 46 0 74 52 0 74 42 0 74 44 0 15006 1210000 18150 462512 957500 442134
 6747.413826 33216 1000 1000 1000 1000 74 46 0 74 52 0 74 42 0 74 44 0 14762 1210000 16940 462786 957500 442134
 6747.613826 33217 1000 1000 1000 1000 74 46 0 74 52 0 74 42 0 74 44 0 14762 1210000 16940 462786 957500 442134
 6747.813827 33218 1000 1000 1000 1000 74 46 0 74 52 0 74 42 0 74 44 0 14762 1210000 16940 462786 957500 442134
 6748.013822 33219 1000 1000 1000 1000 74 46 0 74 52 0 74 42 0 74 44 0 15006 1210000 18150 461690 957500 441177
 6748.213828 33220 1000 1000 1000 1000 74 46 0 74 52 0 74 42 0 74 44 0 15006 1210000 18150 461416 957500 441177
 6748.413826 33221 1000 1000 1000 1000 74 46 0 74 52 0 74 42 0 74 44 0 14762 1210000 16940 464978 957500 444048
 6748.613827 33222 1000 1000 1000 1000 74 46 0 74 52 0 74 42 0 74 44 0 14762 1210000 16940 464978 957500 444048
 6748.813826 33223 1000 1000 1000 1000 74 46 0 74 52 0 74 42 0 74 44 0 14762 1210000 16940 462238 957500 442134
 6749.013821 33224 1000 1000 1000 1000 74 46 0 74 52 0 74 42 0 74 44 0 14518 1210000 16940 464430 957500 444048
 6749.213826 33225 1000 1000 1000 1000 74 46 0 74 52 0 74 42 0 74 44 0 14762 1210000 16940 464704 957500 444048
 6749.413882 33226 1000 1000 1000 1000 74 46 0 74 52 0 74 42 0 74 44 0 14762 1210000 16940 465252 957500 445005
 6749.613821 33227 1000 1000 1000 1000 74 46 0 74 52 0 74 42 0 74 44 0 14762 1210000 16940 465252 957500 445005
 6749.813821 33228 1000 1000 1000 1000 74 46 0 74 52 0 74 42 0 74 44 0 14762 1210000 16940 464430 957500 444048
 6750.013818 33229 1000 1000 1000 1000 74 46 0 74 52 0 74 42 0 74 44 0 15006 1210000 18150 463060 957500 443091
 6750.213826 33230 1000 1000 1000 1000 74 46 0 74 52 0 74 42 0 74 44 0 14518 1210000 16940 485528 957500 464145
 6750.413827 33231 1000 1000 1000 1000 74 46 0 74 52 0 74 42 0 74 44 0 14518 1210000 16940 485528 957500 464145
 6750.613821 33232 1000 1000 1000 1000 74 46 0 74 52 0 74 42 0 74 44 0 14762 1210000 16940 463608 957500 443091
 6750.813826 33233 1000 1000 1000 1000 74 46 0 74 52 0 74 42 0 74 44 0 14518 1208750 16912 465800 957500 445005
 6751.013827 33234 1000 1000 1000 1000 74 46 0 74 52 0 74 42 0 74 44 0 15006 1210000 18150 465252 957500 445005
 6751.213827 33235 1000 1000 1000 1000 74 46 0 74 52 0 74 42 0 74 44 0 15006 1210000 18150 465252 957500 445005
 6751.413872 33236 1000 1000 1000 1000 74 46 0 74 52 0 74 42 0 74 44 0 14762 1210000 16940 467170 957500 446919
 6751.613820 33237 1000 1000 1000 1000 74 46 0 74 52 0 74 42 0 74 44 0 14762 1210000 16940 466074 957500 445962
 6751.813816 33238 1000 1000 1000 1000 74 46 0 74 52 0 74 42 0 74 44 0 15006 1210000 18150 104942 957500 99528
 6752.013813 33239 1000 1000 1000 1000 73 46 0 73 52 0 73 42 0 73 44 0 15006 1210000 18150 104942 957500 99528
 6752.213821 33240 1000 1000 1000 1000 73 46 0 73 52 0 73 42 0 73 44 0 14762 1210000 16940 46854 957500 44022
 6752.413820 33241 1000 1000 1000 1000 73 46 0 73 52 0 73 42 0 73 44 0 14518 1210000 16940 46854 957500 44022
 6752.613820 33242 1000 1000 1000 1000 73 46 0 73 52 0 73 42 0 73 44 0 14762 1210000 16940 45758 957500 43065
 6752.813820 33243 1000 1000 1000 1000 73 46 0 73 52 0 73 42 0 73 44 0 14762 1210000 16940 45758 957500 43065
 6753.013812 33244 1000 1000 1000 1000 73 46 0 73 52 0 73 42 0 73 44 0 14518 1210000 16940 46306 957500 44022
 6753.213820 33245 1000 1000 1000 1000 73 46 0 73 52 0 73 42 0 73 44 0 14518 1210000 16940 48772 957500 45936
 6753.413820 33246 1000 1000 1000 1000 73 46 0 73 52 0 73 42 0 73 44 0 14518 1210000 16940 46580 957500 44022
 6753.613820 33247 1000 1000 1000 1000 73 46 0 73 52 0 73 42 0 73 44 0 14518 1210000 16940 46580 957500 44022
 6753.813798 33248 1000 1000 1000 1000 73 46 0 73 52 0 73 42 0 73 44 0 14762 1210000 16940 44936 957500 42108
 6754.013811 33249 1000 1000 1000 1000 72 46 0 72 52 0 72 42 0 72 44 0 14762 1210000 16940 44114 957500 42108
