 5693.953815 27949 1200 1200 1200 1200 75 46 0 75 52 0 75 42 0 75 44 0 14762 1210000 16940 56444 1020000 57120
 5694.153928 27950 1200 1200 1200 1200 74 46 0 74 52 0 74 42 0 74 44 0 14762 1210000 16940 56444 1020000 57120
 5694.353812 27951 1200 1200 1200 1200 75 46 0 75 52 0 75 42 0 75 44 0 15006 1210000 18150 55074 1020000 56100
 5694.553812 27952 1200 1200 1200 1200 75 46 0 75 52 0 75 42 0 75 44 0 15006 1210000 18150 231530 1021250 235851
 5694.753813 27953 1200 1200 1200 1200 75 46 0 75 52 0 75 42 0 75 44 0 15006 1210000 18150 57814 1020000 58140
 5694.953813 27954 1200 1200 1200 1200 75 46 0 75 52 0 75 42 0 75 44 0 15006 1210000 18150 57814 1020000 58140
 5695.158821 27955 1200 1200 1200 1200 74 46 0 74 52 0 74 42 0 74 44 0 14762 1210000 16940 59458 1020000 60180
 5695.363971 27956 1200 1200 1200 1200 74 46 0 74 52 0 74 42 0 74 44 0 15006 1210000 18150 55348 1020000 56100
 5695.563752 27957 1200 1200 1200 1200 74 46 0 74 52 0 74 42 0 74 44 0 15006 1210000 18150 554028 1022500 566188
 5695.763818 27958 1200 1200 1200 1200 74 46 0 74 52 0 74 42 0 74 44 0 15006 1210000 18150 554028 1022500 566188
 5695.968825 27959 1200 1200 1200 1200 74 46 0 74 52 0 74 42 0 74 44 0 15006 1210000 18150 833782 1023750 852159
 5696.168731 27960 1200 1200 1200 1200 76 46 0 76 52 0 76 42 0 76 44 0 15006 1210000 18150 808848 1022500 825776
 5696.368763 27961 1200 1200 1200 1200 76 46 0 76 52 0 76 42 0 76 44 0 15006 1210000 18150 637872 1022500 651014
 5696.568730 27962 1200 1200 1200 1200 76 46 0 76 52 0 76 42 0 76 44 0 15006 1210000 18150 637872 1022500 651014
 5696.768732 27963 1200 1200 1200 1200 76 46 0 76 52 0 76 42 0 76 44 0 14762 1210000 16940 610746 1021250 622810
 5696.968731 27964 1200 1200 1200 1200 76 46 0 76 52 0 76 42 0 76 44 0 15006 1210000 18150 591018 1021250 603411
 5697.168732 27965 1200 1200 1200 1200 75 46 0 75 52 0 75 42 0 75 44 0 15006 1210000 18150 591566 1021250 603411
 5697.369316 27966 1200 1200 1200 1200 75 46 0 75 52 0 75 42 0 75 44 0 15006 1210000 18150 591292 1021250 603411
 5697.568732 27967 1200 1200 1200 1200 75 46 0 75 52 0 75 42 0 75 44 0 15006 1210000 18150 591292 1021250 603411
 5697.768731 27968 1200 1200 1200 1200 75 46 0 75 52 0 75 42 0 75 44 0 15006 1210000 18150 591840 1021250 603411
 5697.968731 27969 1200 1200 1200 1200 75 46 0 75 52 0 75 42 0 75 44 0 15006 1210000 18150 591292 1021250 603411
 5698.168731 27970 1200 1200 1200 1200 75 46 0 75 52 0 75 42 0 75 44 0 15006 1210000 18150 591566 1021250 603411
 5698.368732 27971 1200 1200 1200 1200 75 46 0 75 52 0 75 42 0 75 44 0 15006 1210000 18150 591566 1021250 603411
 5698.568731 27972 1200 1200 1200 1200 75 46 0 75 52 0 75 42 0 75 44 0 14762 1210000 16940 591292 1021250 603411
 5698.768732 27973 1200 1200 1200 1200 75 46 0 75 52 0 75 42 0 75 44 0 15006 1210000 18150 591566 1021250 603411
 5698.968767 27974 1200 1200 1200 1200 75 46 0 75 52 0 75 42 0 75 44 0 14762 1210000 16940 591292 1021250 603411
 5699.168732 27975 1200 1200 1200 1200 75 46 0 75 52 0 75 42 0 75 44 0 14762 1210000 16940 591292 1021250 603411
 5699.368731 27976 1200 1200 1200 1200 75 46 0 75 52 0 75 42 0 75 44 0 15006 1210000 18150 608280 1021250 620768
 5699.568731 27977 1200 1200 1200 1200 75 46 0 75 52 0 75 42 0 75 44 0 15250 1210000 18150 591018 1021250 603411
 5699.768733 27978 1200 1200 1200 1200 75 46 0 75 52 0 75 42 0 75 44 0 15006 1210000 18150 592388 1021250 604432
 5699.968732 27979 1200 1200 1200 1200 75 46 0 75 52 0 75 42 0 75 44 0 15006 1210000 18150 592388 1021250 604432
 5700.168732 27980 1200 1200 1200 1200 76 46 0 76 52 0 76 42 0 76 44 0 14762 1210000 16940 591292 1021250 603411
 5700.368732 27981 1200 1200 1200 1200 76 46 0 76 52 0 76 42 0 76 44 0 15006 1210000 18150 591566 1021250 603411
 5700.568731 27982 1200 1200 1200 1200 76 46 0 76 52 0 76 42 0 76 44 0 15006 1210000 18150 591840 1021250 603411
 5700.768731 27983 1200 1200 1200 1200 76 46 0 76 52 0 76 42 0 76 44 0 15006 1210000 18150 591840 1021250 603411
 5700.968731 27984 1200 1200 1200 1200 76 46 0 76 52 0 76 42 0 76 44 0 15006 1210000 18150 592936 1021250 604432
 5701.168731 27985 1200 1200 1200 1200 76 46 0 76 52 0 76 42 0 76 44 0 15006 1210000 18150 591566 1021250 603411
 5701.368731 27986 1200 1200 1200 1200 76 46 0 76 52 0 76 42 0 76 44 0 14762 1210000 16940 591566 1021250 603411
 5701.568731 27987 1200 1200 1200 1200 76 46 0 76 52 0 76 42 0 76 44 0 14762 1210000 16940 591566 1021250 603411
 5701.768731 27988 1200 1200 1200 1200 76 46 0 76 52 0 76 42 0 76 44 0 15250 1210000 18150 591566 1021250 603411
 5701.968768 27989 1200 1200 1200 1200 76 46 0 76 52 0 76 42 0 76 44 0 15250 1210000 18150 592936 1021250 604432
 5702.168731 27990 1200 1200 1200 1200 76 46 0 76 52 0 76 42 0 76 44 0 15250 1210000 18150 592936 1021250 604432
 5702.368731 27991 1200 1200 1200 1200 76 46 0 76 52 0 76 42 0 76 44 0 15250 1210000 18150 592936 1021250 604432
 5702.568731 27992 1200 1200 1200 1200 76 46 0 76 52 0 76 42 0 76 44 0 15006 1210000 18150 592114 1021250 604432
 5702.768731 27993 1200 1200 1200 1200 76 46 0 76 52 0 76 42 0 76 44 0 15006 1210000 18150 592114 1021250 604432
 5702.968741 27994 1200 1200 1200 1200 76 46 0 76 52 0 76 42 0 76 44 0 15250 1210000 18150 593484 1021250 605453
 5703.168730 27995 1200 1200 1200 1200 76 46 0 76 52 0 76 42 0 76 44 0 15250 1210000 18150 593484 1021250 605453
 5703.368729 27996 1200 1200 1200 1200 76 46 0 76 52 0 76 42 0 76 44 0 15006 1210000 18150 592388 1021250 604432
 5703.568730 27997 1200 1200 1200 1200 76 46 0 76 52 0 76 42 0 76 44 0 15006 1210000 18150 592114 1021250 604432
 5703.768730 27998 1200 1200 1200 1200 76 46 0 76 52 0 76 42 0 76 44 0 15006 1210000 18150 593484 1021250 605453
 5703.968732 27999 1200 1200 1200 1200 76 46 0 76 52 0 76 42 0 76 44 0 14762 1210000 16940 592114 1021250 604432
 5704.168732 28000 1200 1200 1200 1200 76 46 0 76 52 0 76 42 0 76 44 0 14762 1210000 16940 592114 1021250 604432
 5704.368730 28001 1200 1200 1200 1200 76 46 0 76 52 0 76 42 0 76 44 0 15006 1210000 18150 592936 1021250 604432
 5704.568730 28002 1200 1200 1200 1200 76 46 0 76 52 0 76 42 0 76 44 0 15006 1210000 18150 592662 1021250 604432
 5704.768732 28003 1200 1200 1200 1200 76 46 0 76 52 0 76 42 0 76 44 0 15006 1210000 18150 591292 1021250 603411
 5704.968772 28004 1200 1200 1200 1200 76 46 0 76 52 0 76 42 0 76 44 0 15006 1210000 18150 591292 1021250 603411
 5705.168771 28005 1200 1200 1200 1200 76 46 0 76 52 0 76 42 0 76 44 0 15006 1210000 18150 591566 1021250 603411
 5705.368774 28006 1200 1200 1200 1200 76 46 0 76 52 0 76 42 0 76 44 0 15006 1210000 18150 593484 1021250 605453
 5705.568771 28007 1200 1200 1200 1200 76 46 0 76 52 0 76 42 0 76 44 0 14762 1210000 16940 592388 1021250 604432
 5705.768770 28008 1200 1200 1200 1200 76 46 0 76 52 0 76 42 0 76 44 0 14762 1210000 16940 592388 1021250 604432
 5705.968769 28009 1200 1200 1200 1200 76 46 0 76 52 0 76 42 0 76 44 0 15250 1210000 18150 591840 1021250 603411
 5706.168772 28010 1200 1200 1200 1200 76 46 0 76 52 0 76 42 0 76 44 0 15006 1210000 18150 591840 1021250 603411
 5706.368772 28011 1200 1200 1200 1200 76 46 0 76 52 0 76 42 0 76 44 0 15006 1210000 18150 591292 1021250 603411
 5706.568770 28012 1200 1200 1200 1200 76 46 0 76 52 0 76 42 0 76 44 0 15006 1210000 18150 591292 1021250 603411
 5706.768770 28013 1200 1200 1200 1200 76 46 0 76 52 0 76 42 0 76 44 0 15006 1210000 18150 592114 1021250 604432
 5706.968771 28014 1200 1200 1200 1200 76 46 0 76 52 0 76 42 0 76 44 0 15006 1210000 18150 591566 1021250 603411
 5707.168773 28015 1200 1200 1200 1200 76 46 0 76 52 0 76 42 0 76 44 0 15250 1210000 18150 591566 1021250 603411
 5707.368773 28016 1200 1200 1200 1200 76 46 0 76 52 0 76 42 0 76 44 0 15250 1210000 18150 591566 1021250 603411
 5707.568771 28017 1200 1200 1200 1200 76 46 0 76 52 0 76 42 0 76 44 0 15006 1210000 18150 591566 1021250 603411
 5707.768770 28018 1200 1200 1200 1200 76 46 0 76 52 0 76 42 0 76 44 0 15006 1210000 18150 591840 1021250 603411
 5707.968808 28019 1200 1200 1200 1200 76 46 0 76 52 0 76 42 0 76 44 0 15006 1210000 18150 591840 1021250 603411
 5708.168824 28020 1200 1200 1200 1200 76 46 0 76 52 0 76 42 0 76 44 0 15006 1210000 18150 591840 1021250 603411
 5708.368825 28021 1200 1200 1200 1200 76 46 0 76 52 0 76 42 0 76 44 0 15250 1210000 18150 593210 1021250 605453
 5708.568822 28022 1200 1200 1200 1200 76 46 0 76 52 0 76 42 0 76 44 0 15006 1210000 18150 591840 1021250 603411
 5708.768818 28023 1200 1200 1200 1200 76 46 0 76 52 0 76 42 0 76 44 0 15250 1210000 18150 592936 1021250 604432
 5708.968824 28024 1200 1200 1200 1200 76 46 0 76 52 0 76 42 0 76 44 0 15250 1210000 18150 592936 1021250 604432
 5709.168834 28025 1200 1200 1200 1200 76 46 0 76 52 0 76 42 0 76 44 0 15250 1210000 18150 593484 1021250 605453
 5709.368823 28026 1200 1200 1200 1200 76 46 0 76 52 0 76 42 0 76 44 0 15006 1210000 18150 593758 1021250 605453
 5709.568823 28027 1200 1200 1200 1200 76 46 0 76 52 0 76 42 0 76 44 0 15006 1210000 18150 593758 1021250 605453
 5709.769204 28028 1200 1200 1200 1200 76 46 0 76 52 0 76 42 0 76 44 0 15006 1210000 18150 595676 1021250 607495
 5709.968823 28029 1200 1200 1200 1200 76 46 0 76 52 0 76 42 0 76 44 0 15006 1210000 18150 595676 1021250 607495
 5710.168835 28030 1200 1200 1200 1200 76 46 0 76 52 0 76 42 0 76 44 0 15250 1210000 18150 591840 1021250 603411
 5710.368822 28031 1200 1200 1200 1200 76 46 0 76 52 0 76 42 0 76 44 0 15006 1210000 18150 592114 1021250 604432
 5710.568820 28032 1200 1200 1200 1200 76 46 0 76 52 0 76 42 0 76 44 0 15006 1210000 18150 592114 1021250 604432
 5710.768821 28033 1200 1200 1200 1200 76 46 0 76 52 0 76 42 0 76 44 0 15006 1210000 18150 592114 1021250 604432
 5710.968801 28034 1200 1200 1200 1200 76 46 0 76 52 0 76 42 0 76 44 0 15494 1210000 18150 594854 1021250 606474
 5711.168832 28035 1200 1200 1200 1200 76 46 0 76 52 0 76 42 0 76 44 0 14762 1210000 16940 596772 1021250 608516
 5711.368821 28036 1200 1200 1200 1200 76 46 0 76 52 0 76 42 0 76 44 0 15006 1210000 18150 595402 1021250 607495
 5711.568820 28037 1200 1200 1200 1200 76 46 0 76 52 0 76 42 0 76 44 0 15006 1210000 18150 595402 1021250 607495
 5711.768820 28038 1200 1200 1200 1200 76 46 0 76 52 0 76 42 0 76 44 0 15250 1210000 18150 595128 1021250 607495
 5711.968821 28039 1200 1200 1200 1200 76 46 0 76 52 0 76 42 0 76 44 0 15006 1210000 18150 594306 1021250 606474
 5712.168832 28040 1200 1200 1200 1200 76 46 0 76 52 0 76 42 0 76 44 0 15006 1210000 18150 592662 1021250 604432
 5712.368820 28041 1200 1200 1200 1200 76 46 0 76 52 0 76 42 0 76 44 0 15006 1210000 18150 592662 1021250 604432
 5712.568819 28042 1200 1200 1200 1200 76 46 0 76 52 0 76 42 0 76 44 0 15250 1210000 18150 593484 1021250 605453
 5712.768820 28043 1200 1200 1200 1200 76 46 0 76 52 0 76 42 0 76 44 0 15006 1210000 18150 595676 1021250 607495
 5712.968820 28044 1200 1200 1200 1200 76 46 0 76 52 0 76 42 0 76 44 0 15250 1210000 18150 594854 1021250 606474
 5713.168831 28045 1200 1200 1200 1200 76 46 0 76 52 0 76 42 0 76 44 0 15250 1210000 18150 594854 1021250 606474
 5713.368816 28046 1200 1200 1200 1200 76 46 0 76 52 0 76 42 0 76 44 0 15006 1210000 18150 595128 1021250 607495
 5713.568821 28047 1200 1200 1200 1200 76 46 0 76 52 0 76 42 0 76 44 0 15006 1210000 18150 595676 1021250 607495
 5713.768820 28048 1200 1200 1200 1200 76 46 0 76 52 0 76 42 0 76 44 0 15006 1210000 18150 592114 1021250 604432
 5713.968802 28049 1200 1200 1200 1200 76 46 0 76 52 0 76 42 0 76 44 0 15006 1210000 18150 592114 1021250 604432
 5714.168832 28050 1200 1200 1200 1200 76 46 0 76 52 0 76 42 0 76 44 0 15006 1210000 18150 592936 1021250 604432
 5714.368816 28051 1200 1200 1200 1200 76 46 0 76 52 0 76 42 0 76 44 0 15006 1210000 18150 593210 1021250 605453
 5714.568820 28052 1200 1200 1200 1200 76 46 0 76 52 0 76 42 0 76 44 0 15250 1210000 18150 593758 1021250 605453
 5714.768863 28053 1200 1200 1200 1200 76 46 0 76 52 0 76 42 0 76 44 0 15250 1210000 18150 593758 1021250 605453
 5714.968820 28054 1200 1200 1200 1200 76 46 0 76 52 0 76 42 0 76 44 0 15250 1210000 18150 594306 1021250 606474
 5715.168832 28055 1200 1200 1200 1200 76 46 0 76 52 0 76 42 0 76 44 0 15006 1210000 18150 634310 1021250 647314
 5715.368820 28056 1200 1200 1200 1200 76 46 0 76 52 0 76 42 0 76 44 0 15006 1210000 18150 595128 1021250 607495
 5715.568820 28057 1200 1200 1200 1200 76 46 0 76 52 0 76 42 0 76 44 0 15006 1210000 18150 595128 1021250 607495
 5715.768820 28058 1200 1200 1200 1200 76 46 0 76 52 0 76 42 0 76 44 0 15006 1210000 18150 591840 1021250 603411
 5715.968821 28059 1200 1200 1200 1200 76 46 0 76 52 0 76 42 0 76 44 0 15006 1210000 18150 591840 1021250 603411
 5716.168831 28060 1200 1200 1200 1200 76 46 0 76 52 0 76 42 0 76 44 0 15006 1210000 18150 592114 1021250 604432
 5716.368799 28061 1200 1200 1200 1200 76 46 0 76 52 0 76 42 0 76 44 0 15250 1210000 18150 594580 1021250 606474
 5716.568822 28062 1200 1200 1200 1200 76 46 0 76 52 0 76 42 0 76 44 0 15250 1210000 18150 594580 1021250 606474
 5716.768823 28063 1200 1200 1200 1200 76 46 0 76 52 0 76 42 0 76 44 0 15250 1210000 18150 594580 1021250 606474
 5716.968800 28064 1200 1200 1200 1200 76 46 0 76 52 0 76 42 0 76 44 0 15006 1210000 18150 594854 1021250 606474
 5717.168833 28065 1200 1200 1200 1200 76 46 0 76 52 0 76 42 0 76 44 0 15006 1210000 18150 594854 1021250 606474
 5717.368820 28066 1200 1200 1200 1200 76 46 0 76 52 0 76 42 0 76 44 0 15006 1210000 18150 594854 1021250 606474
 5717.568820 28067 1200 1200 1200 1200 76 46 0 76 52 0 76 42 0 76 44 0 15006 1210000 18150 596772 1021250 608516
 5717.768815 28068 1200 1200 1200 1200 76 46 0 76 52 0 76 42 0 76 44 0 15006 1210000 18150 591840 1021250 603411
 5717.968820 28069 1200 1200 1200 1200 76 46 0 76 52 0 76 42 0 76 44 0 15006 1210000 18150 592936 1021250 604432
 5718.168832 28070 1200 1200 1200 1200 76 46 0 76 52 0 76 42 0 76 44 0 15006 1210000 18150 592936 1021250 604432
 5718.368821 28071 1200 1200 1200 1200 76 46 0 76 52 0 76 42 0 76 44 0 15006 1210000 18150 594580 1021250 606474
 5718.568820 28072 1200 1200 1200 1200 76 46 0 76 52 0 76 42 0 76 44 0 15006 1210000 18150 594306 1021250 606474
 5718.768821 28073 1200 1200 1200 1200 76 46 0 76 52 0 76 42 0 76 44 0 15250 1210000 18150 594032 1021250 606474
 5718.968820 28074 1200 1200 1200 1200 76 46 0 76 52 0 76 42 0 76 44 0 15250 1210000 18150 594032 1021250 606474
 5719.168832 28075 1200 1200 1200 1200 76 46 0 76 52 0 76 42 0 76 44 0 15250 1210000 18150 595676 1021250 607495
 5719.368820 28076 1200 1200 1200 1200 76 46 0 76 52 0 76 42 0 76 44 0 15250 1210000 18150 592388 1021250 604432
 5719.568820 28077 1200 1200 1200 1200 76 46 0 76 52 0 76 42 0 76 44 0 15006 1210000 18150 591840 1021250 603411
 5719.768820 28078 1200 1200 1200 1200 76 46 0 76 52 0 76 42 0 76 44 0 15006 1210000 18150 591840 1021250 603411
 5719.968801 28079 1200 1200 1200 1200 76 46 0 76 52 0 76 42 0 76 44 0 15006 1210000 18150 591840 1021250 603411
 5720.168832 28080 1200 1200 1200 1200 76 46 0 76 52 0 76 42 0 76 44 0 15006 1210000 18150 595676 1021250 607495
 5720.368821 28081 1200 1200 1200 1200 76 46 0 76 52 0 76 42 0 76 44 0 15250 1210000 18150 595128 1021250 607495
 5720.568820 28082 1200 1200 1200 1200 76 46 0 76 52 0 76 42 0 76 44 0 15250 1210000 18150 595128 1021250 607495
 5720.768821 28083 1200 1200 1200 1200 76 46 0 76 52 0 76 42 0 76 44 0 15006 1210000 18150 594580 1021250 606474
 5720.968822 28084 1200 1200 1200 1200 76 46 0 76 52 0 76 42 0 76 44 0 15006 1210000 18150 596772 1021250 608516
 5721.168815 28085 1200 1200 1200 1200 76 46 0 76 52 0 76 42 0 76 44 0 15006 1210000 18150 592662 1021250 604432
 5721.368820 28086 1200 1200 1200 1200 76 46 0 76 52 0 76 42 0 76 44 0 15006 1210000 18150 592662 1021250 604432
 5721.568820 28087 1200 1200 1200 1200 76 46 0 76 52 0 76 42 0 76 44 0 15006 1210000 18150 592114 1021250 604432
 5721.768820 28088 1200 1200 1200 1200 76 46 0 76 52 0 76 42 0 76 44 0 15006 1210000 18150 593210 1021250 605453
 5721.968821 28089 1200 1200 1200 1200 76 46 0 76 52 0 76 42 0 76 44 0 15250 1210000 18150 595950 1021250 607495
 5722.169050 28090 1200 1200 1200 1200 76 46 0 76 52 0 76 42 0 76 44 0 15250 1210000 18150 595402 1021250 607495
 5722.368821 28091 1200 1200 1200 1200 76 46 0 76 52 0 76 42 0 76 44 0 15250 1210000 18150 595402 1021250 607495
 5722.568820 28092 1200 1200 1200 1200 76 46 0 76 52 0 76 42 0 76 44 0 15006 1210000 18150 595402 1021250 607495
 5722.768820 28093 1200 1200 1200 1200 76 46 0 76 52 0 76 42 0 76 44 0 15006 1210000 18150 594854 1021250 606474
 5722.968801 28094 1200 1200 1200 1200 76 46 0 76 52 0 76 42 0 76 44 0 15006 1210000 18150 592114 1021250 604432
 5723.168832 28095 1200 1200 1200 1200 76 46 0 76 52 0 76 42 0 76 44 0 15006 1210000 18150 592114 1021250 604432
 5723.368821 28096 1200 1200 1200 1200 76 46 0 76 52 0 76 42 0 76 44 0 15006 1210000 18150 594032 1021250 606474
 5723.568819 28097 1200 1200 1200 1200 76 46 0 76 52 0 76 42 0 76 44 0 15006 1210000 18150 592114 1021250 604432
 5723.768820 28098 1200 1200 1200 1200 76 46 0 76 52 0 76 42 0 76 44 0 15006 1210000 18150 594580 1021250 606474
 5723.968820 28099 1200 1200 1200 1200 76 46 0 76 52 0 76 42 0 76 44 0 15006 1210000 18150 594580 1021250 606474
 5724.168831 28100 1200 1200 1200 1200 76 46 0 76 52 0 76 42 0 76 44 0 15250 1210000 18150 595402 1021250 607495
 5724.368820 28101 1200 1200 1200 1200 76 46 0 76 52 0 76 42 0 76 44 0 15250 1210000 18150 594854 1021250 606474
 5724.568822 28102 1200 1200 1200 1200 76 46 0 76 52 0 76 42 0 76 44 0 15006 1210000 18150 595950 1021250 607495
 5724.768820 28103 1200 1200 1200 1200 76 46 0 76 52 0 76 42 0 76 44 0 15006 1210000 18150 595950 1021250 607495
 5724.968820 28104 1200 1200 1200 1200 76 46 0 76 52 0 76 42 0 76 44 0 15006 1210000 18150 592936 1021250 604432
 5725.168831 28105 1200 1200 1200 1200 76 46 0 76 52 0 76 42 0 76 44 0 15006 1210000 18150 603896 1021250 615663
 5725.368820 28106 1200 1200 1200 1200 76 46 0 76 52 0 76 42 0 76 44 0 15250 1210000 18150 591566 1021250 603411
 5725.568820 28107 1200 1200 1200 1200 76 46 0 76 52 0 76 42 0 76 44 0 15250 1210000 18150 591566 1021250 603411
 5725.768816 28108 1200 1200 1200 1200 76 46 0 76 52 0 76 42 0 76 44 0 15006 1210000 18150 594854 1021250 606474
 5725.968801 28109 1200 1200 1200 1200 76 46 0 76 52 0 76 42 0 76 44 0 15250 1210000 18150 594580 1021250 606474
 5726.168834 28110 1200 1200 1200 1200 76 46 0 76 52 0 76 42 0 76 44 0 15006 1210000 18150 594854 1021250 606474
 5726.368820 28111 1200 1200 1200 1200 76 46 0 76 52 0 76 42 0 76 44 0 15006 1210000 18150 594854 1021250 606474
 5726.568820 28112 1200 1200 1200 1200 76 46 0 76 52 0 76 42 0 76 44 0 15006 1210000 18150 598416 1021250 610558
 5726.768815 28113 1200 1200 1200 1200 76 46 0 76 52 0 76 42 0 76 44 0 15006 1210000 18150 591292 1021250 603411
 5726.968821 28114 1200 1200 1200 1200 76 46 0 76 52 0 76 42 0 76 44 0 15006 1210000 18150 592662 1021250 604432
 5727.168831 28115 1200 1200 1200 1200 76 46 0 76 52 0 76 42 0 76 44 0 15006 1210000 18150 592662 1021250 604432
 5727.368820 28116 1200 1200 1200 1200 76 46 0 76 52 0 76 42 0 76 44 0 15250 1210000 18150 591840 1021250 603411
 5727.568820 28117 1200 1200 1200 1200 76 46 0 76 52 0 76 42 0 76 44 0 15006 1210000 18150 594580 1021250 606474
 5727.768820 28118 1200 1200 1200 1200 76 46 0 76 52 0 76 42 0 76 44 0 15006 1210000 18150 595128 1021250 607495
 5727.968820 28119 1200 1200 1200 1200 76 46 0 76 52 0 76 42 0 76 44 0 15006 1210000 18150 595128 1021250 607495
 5728.168831 28120 1200 1200 1200 1200 76 46 0 76 52 0 76 42 0 76 44 0 15250 1210000 18150 595676 1021250 607495
 5728.368820 28121 1200 1200 1200 1200 76 46 0 76 52 0 76 42 0 76 44 0 15006 1210000 18150 594854 1021250 606474
 5728.568821 28122 1200 1200 1200 1200 76 46 0 76 52 0 76 42 0 76 44 0 15250 1210000 18150 592388 1021250 604432
 5728.768799 28123 1200 1200 1200 1200 76 46 0 76 52 0 76 42 0 76 44 0 15006 1210000 18150 592936 1021250 604432
 5728.968801 28124 1200 1200 1200 1200 76 46 0 76 52 0 76 42 0 76 44 0 15006 1210000 18150 592936 1021250 604432
 5729.168831 28125 1200 1200 1200 1200 76 46 0 76 52 0 76 42 0 76 44 0 15006 1210000 18150 591292 1021250 603411
 5729.368820 28126 1200 1200 1200 1200 76 46 0 76 52 0 76 42 0 76 44 0 15006 1210000 18150 595128 1021250 607495
 5729.568819 28127 1200 1200 1200 1200 76 46 0 76 52 0 76 42 0 76 44 0 14762 1210000 16940 595402 1021250 607495
 5729.768821 28128 1200 1200 1200 1200 76 46 0 76 52 0 76 42 0 76 44 0 14762 1210000 16940 595402 1021250 607495
 5729.968821 28129 1200 1200 1200 1200 76 46 0 76 52 0 76 42 0 76 44 0 15006 1210000 18150 595402 1021250 607495
 5730.168815 28130 1200 1200 1200 1200 76 46 0 76 52 0 76 42 0 76 44 0 14762 1210000 16940 595950 1021250 607495
 5730.368820 28131 1200 1200 1200 1200 76 46 0 76 52 0 76 42 0 76 44 0 15006 1210000 18150 592114 1021250 604432
 5730.568820 28132 1200 1200 1200 1200 76 46 0 76 52 0 76 42 0 76 44 0 15006 1210000 18150 592114 1021250 604432
 5730.768820 28133 1200 1200 1200 1200 76 46 0 76 52 0 76 42 0 76 44 0 15006 1210000 18150 592936 1021250 604432
 5730.968820 28134 1200 1200 1200 1200 76 46 0 76 52 0 76 42 0 76 44 0 15250 1210000 18150 592936 1021250 604432
 5731.168815 28135 1200 1200 1200 1200 76 46 0 76 52 0 76 42 0 76 44 0 14762 1210000 16940 596498 1021250 608516
 5731.368821 28136 1200 1200 1200 1200 76 46 0 76 52 0 76 42 0 76 44 0 14762 1210000 16940 596498 1021250 608516
 5731.568820 28137 1200 1200 1200 1200 76 46 0 76 52 0 76 42 0 76 44 0 15006 1210000 18150 595676 1021250 607495
 5731.768820 28138 1200 1200 1200 1200 76 46 0 76 52 0 76 42 0 76 44 0 15006 1210000 18150 595128 1021250 607495
 5731.968802 28139 1200 1200 1200 1200 76 46 0 76 52 0 76 42 0 76 44 0 15006 1210000 18150 595676 1021250 607495
 5732.168833 28140 1200 1200 1200 1200 76 46 0 76 52 0 76 42 0 76 44 0 15006 1210000 18150 595676 1021250 607495
 5732.368821 28141 1200 1200 1200 1200 76 46 0 76 52 0 76 42 0 76 44 0 15006 1210000 18150 592388 1021250 604432
 5732.568820 28142 1200 1200 1200 1200 76 46 0 76 52 0 76 42 0 76 44 0 15250 1210000 18150 593758 1021250 605453
 5732.768821 28143 1200 1200 1200 1200 76 46 0 76 52 0 76 42 0 76 44 0 15250 1210000 18150 593484 1021250 605453
 5732.968821 28144 1200 1200 1200 1200 76 46 0 76 52 0 76 42 0 76 44 0 15250 1210000 18150 593484 1021250 605453
 5733.168832 28145 1200 1200 1200 1200 76 46 0 76 52 0 76 42 0 76 44 0 15006 1210000 18150 595128 1021250 607495
 5733.368821 28146 1200 1200 1200 1200 76 46 0 76 52 0 76 42 0 76 44 0 15006 1210000 18150 594580 1021250 606474
 5733.568815 28147 1200 1200 1200 1200 76 46 0 76 52 0 76 42 0 76 44 0 15006 1210000 18150 595676 1021250 607495
 5733.768820 28148 1200 1200 1200 1200 76 46 0 76 52 0 76 42 0 76 44 0 15006 1210000 18150 595676 1021250 607495
 5733.968821 28149 1200 1200 1200 1200 76 46 0 76 52 0 76 42 0 76 44 0 15006 1210000 18150 594580 1021250 606474
 5734.168832 28150 1200 1200 1200 1200 76 46 0 76 52 0 76 42 0 76 44 0 15006 1210000 18150 591840 1021250 603411
 5734.368820 28151 1200 1200 1200 1200 76 46 0 76 52 0 76 42 0 76 44 0 15006 1210000 18150 592662 1021250 604432
 5734.568748 28152 1200 1200 1200 1200 76 46 0 76 52 0 76 42 0 76 44 0 15006 1210000 18150 592662 1021250 604432
 5734.768821 28153 1200 1200 1200 1200 76 46 0 76 52 0 76 42 0 76 44 0 15006 1210000 18150 592114 1021250 604432
 5734.968801 28154 1200 1200 1200 1200 76 46 0 76 52 0 76 42 0 76 44 0 15250 1210000 18150 593484 1021250 605453
 5735.168832 28155 1200 1200 1200 1200 76 46 0 76 52 0 76 42 0 76 44 0 15006 1210000 18150 597046 1021250 609537
 5735.368820 28156 1200 1200 1200 1200 76 46 0 76 52 0 76 42 0 76 44 0 15250 1210000 18150 600608 1021250 612600
 5735.568820 28157 1200 1200 1200 1200 76 46 0 76 52 0 76 42 0 76 44 0 15250 1210000 18150 600608 1021250 612600
 5735.768816 28158 1200 1200 1200 1200 76 46 0 76 52 0 76 42 0 76 44 0 15006 1210000 18150 594306 1021250 606474
 5735.968820 28159 1200 1200 1200 1200 76 46 0 76 52 0 76 42 0 76 44 0 15250 1210000 18150 592936 1021250 604432
 5736.168832 28160 1200 1200 1200 1200 76 46 0 76 52 0 76 42 0 76 44 0 14762 1210000 16940 592388 1021250 604432
 5736.368818 28161 1200 1200 1200 1200 76 46 0 76 52 0 76 42 0 76 44 0 14762 1210000 16940 592388 1021250 604432
 5736.568814 28162 1200 1200 1200 1200 76 46 0 76 52 0 76 42 0 76 44 0 15250 1210000 18150 527450 1021250 538067
 5736.768814 28163 1200 1200 1200 1200 76 46 0 76 52 0 76 42 0 76 44 0 14762 1210000 16940 61924 1020000 62220
 5736.968814 28164 1200 1200 1200 1200 76 46 0 76 52 0 76 42 0 76 44 0 14762 1210000 16940 59458 1020000 60180
 5737.168826 28165 1200 1200 1200 1200 74 46 0 74 52 0 74 42 0 74 44 0 14762 1210000 16940 59458 1020000 60180
 5737.368814 28166 1200 1200 1200 1200 74 46 0 74 52 0 74 42 0 74 44 0 14762 1210000 16940 59184 1020000 60180
 5737.568817 28167 1200 1200 1200 1200 74 46 0 74 52 0 74 42 0 74 44 0 14762 1210000 16940 57814 1020000 58140
 5737.768814 28168 1200 1200 1200 1200 74 46 0 74 52 0 74 42 0 74 44 0 15006 1210000 18150 56718 1020000 57120
