 8760.509860 41657 800 800 800 800 73 46 0 73 52 0 73 42 0 73 44 0 14518 1210000 16940 37538 907500 33559
 8760.709939 41658 800 800 800 800 73 46 0 73 52 0 73 42 0 73 44 0 14518 1210000 16940 37538 907500 33559
 8760.909939 41659 800 800 800 800 73 46 0 73 52 0 73 42 0 73 44 0 14518 1210000 16940 38360 907500 34466
 8761.109957 41660 800 800 800 800 72 46 0 72 52 0 72 42 0 72 44 0 14518 1210000 16940 38360 907500 34466
 8761.309938 41661 800 800 800 800 72 46 0 72 52 0 72 42 0 72 44 0 14518 1210000 16940 40826 907500 36280
 8761.509939 41662 800 800 800 800 72 46 0 72 52 0 72 42 0 72 44 0 14518 1210000 16940 40826 907500 36280
 8761.709939 41663 800 800 800 800 72 46 0 72 52 0 72 42 0 72 44 0 14518 1210000 16940 40552 907500 36280
 8761.909939 41664 800 800 800 800 72 46 0 72 52 0 72 42 0 72 44 0 14274 1210000 16940 40278 907500 36280
 8762.109955 41665 800 800 800 800 72 46 0 72 52 0 72 42 0 72 44 0 14274 1210000 16940 39182 907500 35373
 8762.309940 41666 800 800 800 800 72 46 0 72 52 0 72 42 0 72 44 0 14274 1210000 16940 39182 907500 35373
 8762.509941 41667 800 800 800 800 72 46 0 72 52 0 72 42 0 72 44 0 14518 1210000 16940 37264 907500 33559
 8762.709934 41668 800 800 800 800 72 46 0 72 52 0 72 42 0 72 44 0 14274 1210000 16940 183306 908750 166164
 8762.909937 41669 800 800 800 800 72 46 0 72 52 0 72 42 0 72 44 0 14762 1210000 16940 53430 907500 48071
 8763.109939 41670 800 800 800 800 72 46 0 72 52 0 72 42 0 72 44 0 14762 1210000 16940 53430 907500 48071
 8763.309952 41671 800 800 800 800 72 46 0 72 52 0 72 42 0 72 44 0 14518 1210000 16940 40552 907500 36280
 8763.509974 41672 800 800 800 800 73 46 0 73 52 0 73 42 0 73 44 0 14274 1210000 16940 160564 907500 145120
 8763.709952 41673 800 800 800 800 73 46 0 73 52 0 73 42 0 73 44 0 14274 1210000 16940 407712 908750 369556
 8763.909961 41674 800 800 800 800 73 46 0 73 52 0 73 42 0 73 44 0 14274 1210000 16940 407712 908750 369556
 8764.110016 41675 800 800 800 800 73 46 0 73 52 0 73 42 0 73 44 0 14518 1210000 16940 503612 907500 456221
 8764.315025 41676 800 800 800 800 73 46 0 73 52 0 73 42 0 73 44 0 14518 1210000 16940 480322 907500 435360
 8764.514985 41677 800 800 800 800 73 46 0 73 52 0 73 42 0 73 44 0 14518 1210000 16940 471006 907500 427197
 8764.714945 41678 800 800 800 800 73 46 0 73 52 0 73 42 0 73 44 0 14518 1210000 16940 471006 907500 427197
 8764.914944 41679 800 800 800 800 73 46 0 73 52 0 73 42 0 73 44 0 14518 1210000 16940 397574 907500 360079
 8765.114937 41680 800 800 800 800 73 46 0 73 52 0 73 42 0 73 44 0 14518 1210000 16940 372640 907500 337404
 8765.314944 41681 800 800 800 800 73 46 0 73 52 0 73 42 0 73 44 0 14518 1208750 16912 362502 906250 327972
 8765.514944 41682 800 800 800 800 73 46 0 73 52 0 73 42 0 73 44 0 14518 1208750 16912 362502 906250 327972
 8765.714944 41683 800 800 800 800 73 46 0 73 52 0 73 42 0 73 44 0 14274 1210000 16940 355378 906250 321630
 8765.914944 41684 800 800 800 800 73 46 0 73 52 0 73 42 0 73 44 0 14518 1210000 16940 354282 906250 320724
 8766.114960 41685 800 800 800 800 73 46 0 73 52 0 73 42 0 73 44 0 14518 1208750 16912 352912 906250 318912
 8766.314868 41686 800 800 800 800 73 46 0 73 52 0 73 42 0 73 44 0 14518 1210000 16940 351542 906250 318006
 8766.514944 41687 800 800 800 800 73 46 0 73 52 0 73 42 0 73 44 0 14518 1210000 16940 351542 906250 318006
 8766.714943 41688 800 800 800 800 73 46 0 73 52 0 73 42 0 73 44 0 14518 1210000 16940 352090 906250 318912
 8766.914945 41689 800 800 800 800 73 46 0 73 52 0 73 42 0 73 44 0 14762 1210000 16940 352638 907500 319264
 8767.114961 41690 800 800 800 800 73 46 0 73 52 0 73 42 0 73 44 0 14274 1210000 16940 353460 906250 319818
 8767.314945 41691 800 800 800 800 73 46 0 73 52 0 73 42 0 73 44 0 14274 1210000 16940 353460 906250 319818
 8767.514937 41692 800 800 800 800 73 46 0 73 52 0 73 42 0 73 44 0 14274 1210000 16940 354008 906250 320724
 8767.714944 41693 800 800 800 800 73 46 0 73 52 0 73 42 0 73 44 0 14518 1208750 16912 353734 906250 319818
 8767.914945 41694 800 800 800 800 73 46 0 73 52 0 73 42 0 73 44 0 14274 1210000 16940 351542 906250 318006
 8768.114960 41695 800 800 800 800 73 46 0 73 52 0 73 42 0 73 44 0 14274 1210000 16940 351542 906250 318006
 8768.314943 41696 800 800 800 800 73 46 0 73 52 0 73 42 0 73 44 0 14518 1210000 16940 351542 906250 318006
 8768.514944 41697 800 800 800 800 73 46 0 73 52 0 73 42 0 73 44 0 14518 1210000 16940 352638 906250 318912
 8768.714943 41698 800 800 800 800 73 46 0 73 52 0 73 42 0 73 44 0 14274 1210000 16940 352638 906250 318912
 8768.914943 41699 800 800 800 800 73 46 0 73 52 0 73 42 0 73 44 0 14274 1210000 16940 352638 906250 318912
 8769.114961 41700 800 800 800 800 73 46 0 73 52 0 73 42 0 73 44 0 14518 1210000 16940 353734 906250 319818
 8769.314944 41701 800 800 800 800 73 46 0 73 52 0 73 42 0 73 44 0 14274 1210000 16940 354556 906250 320724
 8769.514994 41702 800 800 800 800 73 46 0 73 52 0 73 42 0 73 44 0 14762 1210000 16940 354556 906250 320724
 8769.714944 41703 800 800 800 800 73 46 0 73 52 0 73 42 0 73 44 0 14762 1210000 16940 354556 906250 320724
 8769.914939 41704 800 800 800 800 73 46 0 73 52 0 73 42 0 73 44 0 14518 1210000 16940 354830 906250 320724
 8770.114961 41705 800 800 800 800 73 46 0 73 52 0 73 42 0 73 44 0 14274 1210000 16940 353186 907500 320171
 8770.314944 41706 800 800 800 800 73 46 0 73 52 0 73 42 0 73 44 0 14518 1210000 16940 353734 906250 319818
 8770.514945 41707 800 800 800 800 73 46 0 73 52 0 73 42 0 73 44 0 14518 1210000 16940 353734 906250 319818
 8770.714944 41708 800 800 800 800 73 46 0 73 52 0 73 42 0 73 44 0 14274 1210000 16940 354556 906250 320724
 8770.914944 41709 800 800 800 800 73 46 0 73 52 0 73 42 0 73 44 0 14518 1210000 16940 355378 906250 321630
 8771.114963 41710 800 800 800 800 73 46 0 73 52 0 73 42 0 73 44 0 14518 1210000 16940 356748 906250 322536
 8771.314944 41711 800 800 800 800 73 46 0 73 52 0 73 42 0 73 44 0 14518 1210000 16940 356748 906250 322536
 8771.514945 41712 800 800 800 800 73 46 0 73 52 0 73 42 0 73 44 0 14274 1210000 16940 356200 906250 322536
 8771.714944 41713 800 800 800 800 73 46 0 73 52 0 73 42 0 73 44 0 14274 1210000 16940 354282 906250 320724
 8771.914944 41714 800 800 800 800 73 46 0 73 52 0 73 42 0 73 44 0 14518 1210000 16940 354282 906250 320724
 8772.114943 41715 800 800 800 800 73 46 0 73 52 0 73 42 0 73 44 0 14518 1210000 16940 354282 906250 320724
 8772.314940 41716 800 800 800 800 73 46 0 73 52 0 73 42 0 73 44 0 14518 1210000 16940 354282 906250 320724
 8772.514945 41717 800 800 800 800 73 46 0 73 52 0 73 42 0 73 44 0 14518 1210000 16940 352912 906250 318912
 8772.714944 41718 800 800 800 800 73 46 0 73 52 0 73 42 0 73 44 0 14518 1210000 16940 355378 906250 321630
 8772.914919 41719 800 800 800 800 73 46 0 73 52 0 73 42 0 73 44 0 14518 1210000 16940 354282 906250 320724
 8773.114961 41720 800 800 800 800 73 46 0 73 52 0 73 42 0 73 44 0 14518 1210000 16940 354282 906250 320724
 8773.314944 41721 800 800 800 800 73 46 0 73 52 0 73 42 0 73 44 0 14274 1210000 16940 355104 906250 321630
 8773.514946 41722 800 800 800 800 73 46 0 73 52 0 73 42 0 73 44 0 14518 1210000 16940 355104 906250 321630
 8773.714944 41723 800 800 800 800 73 46 0 73 52 0 73 42 0 73 44 0 14518 1210000 16940 353460 906250 319818
 8773.914943 41724 800 800 800 800 73 46 0 73 52 0 73 42 0 73 44 0 14518 1210000 16940 353460 906250 319818
 8774.114961 41725 800 800 800 800 73 46 0 73 52 0 73 42 0 73 44 0 14274 1210000 16940 354008 906250 320724
 8774.314944 41726 800 800 800 800 73 46 0 73 52 0 73 42 0 73 44 0 14274 1210000 16940 352912 906250 318912
 8774.514989 41727 800 800 800 800 73 46 0 73 52 0 73 42 0 73 44 0 14518 1210000 16940 355104 907500 321985
 8774.714946 41728 800 800 800 800 73 46 0 73 52 0 73 42 0 73 44 0 14518 1210000 16940 355104 907500 321985
 8774.914944 41729 800 800 800 800 73 46 0 73 52 0 73 42 0 73 44 0 14518 1210000 16940 355378 906250 321630
 8775.114961 41730 800 800 800 800 73 46 0 73 52 0 73 42 0 73 44 0 14762 1210000 16940 356748 906250 322536
 8775.314944 41731 800 800 800 800 73 46 0 73 52 0 73 42 0 73 44 0 14518 1210000 16940 354830 906250 320724
 8775.514946 41732 800 800 800 800 73 46 0 73 52 0 73 42 0 73 44 0 14518 1210000 16940 354830 906250 320724
 8775.714944 41733 800 800 800 800 73 46 0 73 52 0 73 42 0 73 44 0 14518 1210000 16940 353460 906250 319818
 8775.914945 41734 800 800 800 800 73 46 0 73 52 0 73 42 0 73 44 0 14518 1210000 16940 353460 906250 319818
 8776.114960 41735 800 800 800 800 73 46 0 73 52 0 73 42 0 73 44 0 14518 1210000 16940 353734 906250 319818
 8776.314945 41736 800 800 800 800 73 46 0 73 52 0 73 42 0 73 44 0 14518 1210000 16940 353734 906250 319818
 8776.514945 41737 800 800 800 800 73 46 0 73 52 0 73 42 0 73 44 0 14518 1210000 16940 354556 906250 320724
 8776.714945 41738 800 800 800 800 73 46 0 73 52 0 73 42 0 73 44 0 14274 1210000 16940 354556 906250 320724
 8776.914938 41739 800 800 800 800 73 46 0 73 52 0 73 42 0 73 44 0 14518 1210000 16940 354556 906250 320724
 8777.114962 41740 800 800 800 800 73 46 0 73 52 0 73 42 0 73 44 0 14518 1210000 16940 354556 906250 320724
 8777.314945 41741 800 800 800 800 73 46 0 73 52 0 73 42 0 73 44 0 14274 1210000 16940 354282 906250 320724
 8777.514945 41742 800 800 800 800 73 46 0 73 52 0 73 42 0 73 44 0 14518 1210000 16940 351268 906250 318006
 8777.714945 41743 800 800 800 800 73 46 0 73 52 0 73 42 0 73 44 0 14518 1210000 16940 351542 906250 318006
 8777.914943 41744 800 800 800 800 73 46 0 73 52 0 73 42 0 73 44 0 14518 1210000 16940 351542 906250 318006
 8778.114962 41745 800 800 800 800 73 46 0 73 52 0 73 42 0 73 44 0 14274 1210000 16940 350994 907500 317450
 8778.314945 41746 800 800 800 800 73 46 0 73 52 0 73 42 0 73 44 0 14518 1210000 16940 351268 906250 318006
 8778.514946 41747 800 800 800 800 73 46 0 73 52 0 73 42 0 73 44 0 14274 1210000 16940 352912 906250 318912
 8778.714927 41748 800 800 800 800 73 46 0 73 52 0 73 42 0 73 44 0 14274 1210000 16940 352912 906250 318912
 8778.914945 41749 800 800 800 800 73 46 0 73 52 0 73 42 0 73 44 0 14762 1210000 16940 353460 906250 319818
 8779.114961 41750 800 800 800 800 73 46 0 73 52 0 73 42 0 73 44 0 14518 1210000 16940 352912 906250 318912
 8779.314936 41751 800 800 800 800 73 46 0 73 52 0 73 42 0 73 44 0 14518 1210000 16940 352912 907500 319264
 8779.514997 41752 800 800 800 800 73 46 0 73 52 0 73 42 0 73 44 0 14274 1210000 16940 352912 906250 318912
 8779.714946 41753 800 800 800 800 73 46 0 73 52 0 73 42 0 73 44 0 14274 1210000 16940 352912 906250 318912
 8779.914944 41754 800 800 800 800 73 46 0 73 52 0 73 42 0 73 44 0 14518 1210000 16940 361680 906250 327066
 8780.114962 41755 800 800 800 800 73 46 0 73 52 0 73 42 0 73 44 0 14518 1210000 16940 355378 906250 321630
 8780.314944 41756 800 800 800 800 73 46 0 73 52 0 73 42 0 73 44 0 14518 1210000 16940 357022 906250 323442
 8780.514944 41757 800 800 800 800 73 46 0 73 52 0 73 42 0 73 44 0 14518 1210000 16940 357022 906250 323442
 8780.714944 41758 800 800 800 800 73 46 0 73 52 0 73 42 0 73 44 0 14518 1210000 16940 357570 906250 323442
 8780.914944 41759 800 800 800 800 73 46 0 73 52 0 73 42 0 73 44 0 14518 1210000 16940 356474 906250 322536
 8781.114961 41760 800 800 800 800 73 46 0 73 52 0 73 42 0 73 44 0 14518 1210000 16940 357296 906250 323442
 8781.314944 41761 800 800 800 800 73 46 0 73 52 0 73 42 0 73 44 0 14518 1210000 16940 357296 906250 323442
 8781.514944 41762 800 800 800 800 73 46 0 73 52 0 73 42 0 73 44 0 14518 1210000 16940 354556 906250 320724
 8781.714937 41763 800 800 800 800 73 46 0 73 52 0 73 42 0 73 44 0 14518 1210000 16940 354830 906250 320724
 8781.914944 41764 800 800 800 800 73 46 0 73 52 0 73 42 0 73 44 0 14274 1210000 16940 355652 906250 321630
 8782.114961 41765 800 800 800 800 73 46 0 73 52 0 73 42 0 73 44 0 14274 1210000 16940 355652 906250 321630
 8782.314945 41766 800 800 800 800 73 46 0 73 52 0 73 42 0 73 44 0 14274 1210000 16940 355926 906250 321630
 8782.514947 41767 800 800 800 800 73 46 0 73 52 0 73 42 0 73 44 0 14518 1210000 16940 356474 906250 322536
 8782.714944 41768 800 800 800 800 73 46 0 73 52 0 73 42 0 73 44 0 14518 1210000 16940 355378 906250 321630
 8782.914946 41769 800 800 800 800 73 46 0 73 52 0 73 42 0 73 44 0 14518 1210000 16940 355378 906250 321630
 8783.114961 41770 800 800 800 800 73 46 0 73 52 0 73 42 0 73 44 0 14518 1210000 16940 355926 906250 321630
 8783.314944 41771 800 800 800 800 73 46 0 73 52 0 73 42 0 73 44 0 14518 1210000 16940 354830 906250 320724
 8783.514945 41772 800 800 800 800 73 46 0 73 52 0 73 42 0 73 44 0 14518 1210000 16940 354556 906250 320724
 8783.714945 41773 800 800 800 800 73 46 0 73 52 0 73 42 0 73 44 0 14518 1210000 16940 354556 906250 320724
 8783.914945 41774 800 800 800 800 73 46 0 73 52 0 73 42 0 73 44 0 14518 1210000 16940 354556 906250 320724
 8784.114938 41775 800 800 800 800 73 46 0 73 52 0 73 42 0 73 44 0 14518 1210000 16940 354282 906250 320724
 8784.314944 41776 800 800 800 800 73 46 0 73 52 0 73 42 0 73 44 0 14274 1210000 16940 354282 906250 320724
 8784.514995 41777 800 800 800 800 73 46 0 73 52 0 73 42 0 73 44 0 14274 1210000 16940 354282 906250 320724
 8784.714945 41778 800 800 800 800 73 46 0 73 52 0 73 42 0 73 44 0 14518 1210000 16940 355378 906250 321630
 8784.914943 41779 800 800 800 800 73 46 0 73 52 0 73 42 0 73 44 0 14518 1210000 16940 354556 906250 320724
 8785.114961 41780 800 800 800 800 73 46 0 73 52 0 73 42 0 73 44 0 14518 1210000 16940 352638 906250 318912
 8785.314867 41781 800 800 800 800 73 46 0 73 52 0 73 42 0 73 44 0 14518 1210000 16940 352090 906250 318912
 8785.514947 41782 800 800 800 800 73 46 0 73 52 0 73 42 0 73 44 0 14518 1210000 16940 352090 906250 318912
 8785.714944 41783 800 800 800 800 73 46 0 73 52 0 73 42 0 73 44 0 14274 1210000 16940 352364 907500 319264
 8785.914944 41784 800 800 800 800 73 46 0 73 52 0 73 42 0 73 44 0 14518 1210000 16940 354282 906250 320724
 8786.114962 41785 800 800 800 800 73 46 0 73 52 0 73 42 0 73 44 0 14518 1210000 16940 354008 907500 321078
 8786.314945 41786 800 800 800 800 73 46 0 73 52 0 73 42 0 73 44 0 14518 1210000 16940 354008 907500 321078
 8786.514938 41787 800 800 800 800 73 46 0 73 52 0 73 42 0 73 44 0 14518 1210000 16940 354556 906250 320724
 8786.714945 41788 800 800 800 800 73 46 0 73 52 0 73 42 0 73 44 0 14274 1210000 16940 354556 906250 320724
 8786.914937 41789 800 800 800 800 73 46 0 73 52 0 73 42 0 73 44 0 14518 1210000 16940 354282 907500 321078
 8787.114960 41790 800 800 800 800 73 46 0 73 52 0 73 42 0 73 44 0 14518 1210000 16940 354282 907500 321078
 8787.314943 41791 800 800 800 800 73 46 0 73 52 0 73 42 0 73 44 0 14518 1210000 16940 351816 906250 318006
 8787.514943 41792 800 800 800 800 73 46 0 73 52 0 73 42 0 73 44 0 14518 1210000 16940 352638 906250 318912
 8787.714943 41793 800 800 800 800 73 46 0 73 52 0 73 42 0 73 44 0 14518 1210000 16940 352638 906250 318912
 8787.914942 41794 800 800 800 800 73 46 0 73 52 0 73 42 0 73 44 0 14518 1210000 16940 352638 906250 318912
 8788.114960 41795 800 800 800 800 73 46 0 73 52 0 73 42 0 73 44 0 14762 1210000 16940 354282 906250 320724
 8788.314943 41796 800 800 800 800 73 46 0 73 52 0 73 42 0 73 44 0 14518 1210000 16940 354008 906250 320724
 8788.514946 41797 800 800 800 800 73 46 0 73 52 0 73 42 0 73 44 0 14762 1210000 16940 354830 906250 320724
 8788.714944 41798 800 800 800 800 73 46 0 73 52 0 73 42 0 73 44 0 14762 1210000 16940 354830 906250 320724
 8788.914937 41799 800 800 800 800 73 46 0 73 52 0 73 42 0 73 44 0 14518 1210000 16940 352912 906250 318912
 8789.114961 41800 800 800 800 800 73 46 0 73 52 0 73 42 0 73 44 0 14518 1210000 16940 353186 907500 320171
 8789.314944 41801 800 800 800 800 73 46 0 73 52 0 73 42 0 73 44 0 14274 1210000 16940 354008 906250 320724
 8789.514974 41802 800 800 800 800 73 46 0 73 52 0 73 42 0 73 44 0 14274 1210000 16940 354008 906250 320724
 8789.714943 41803 800 800 800 800 73 46 0 73 52 0 73 42 0 73 44 0 14518 1210000 16940 352364 906250 318912
 8789.914947 41804 800 800 800 800 73 46 0 73 52 0 73 42 0 73 44 0 14518 1210000 16940 356200 906250 322536
 8790.114959 41805 800 800 800 800 73 46 0 73 52 0 73 42 0 73 44 0 14518 1210000 16940 357022 906250 323442
 8790.314944 41806 800 800 800 800 73 46 0 73 52 0 73 42 0 73 44 0 14518 1210000 16940 357022 906250 323442
 8790.514944 41807 800 800 800 800 73 46 0 73 52 0 73 42 0 73 44 0 14518 1210000 16940 356748 906250 322536
 8790.714945 41808 800 800 800 800 73 46 0 73 52 0 73 42 0 73 44 0 14518 1210000 16940 354830 906250 320724
 8790.914945 41809 800 800 800 800 73 46 0 73 52 0 73 42 0 73 44 0 14762 1210000 16940 354830 906250 320724
 8791.114943 41810 800 800 800 800 73 46 0 73 52 0 73 42 0 73 44 0 14762 1210000 16940 354830 906250 320724
 8791.314938 41811 800 800 800 800 73 46 0 73 52 0 73 42 0 73 44 0 14518 1210000 16940 354556 906250 320724
 8791.514947 41812 800 800 800 800 73 46 0 73 52 0 73 42 0 73 44 0 14518 1210000 16940 354830 906250 320724
 8791.714944 41813 800 800 800 800 73 46 0 73 52 0 73 42 0 73 44 0 14518 1210000 16940 356748 906250 322536
 8791.914919 41814 800 800 800 800 73 46 0 73 52 0 73 42 0 73 44 0 14518 1210000 16940 356474 906250 322536
 8792.114961 41815 800 800 800 800 73 46 0 73 52 0 73 42 0 73 44 0 14518 1210000 16940 356474 906250 322536
 8792.314944 41816 800 800 800 800 73 46 0 73 52 0 73 42 0 73 44 0 14518 1210000 16940 356200 906250 322536
 8792.514945 41817 800 800 800 800 73 46 0 73 52 0 73 42 0 73 44 0 14518 1210000 16940 354556 907500 321078
 8792.714944 41818 800 800 800 800 73 46 0 73 52 0 73 42 0 73 44 0 14518 1210000 16940 353460 906250 319818
 8792.914944 41819 800 800 800 800 73 46 0 73 52 0 73 42 0 73 44 0 14518 1210000 16940 353460 906250 319818
 8793.114961 41820 800 800 800 800 73 46 0 73 52 0 73 42 0 73 44 0 14762 1210000 16940 353460 906250 319818
 8793.314944 41821 800 800 800 800 73 46 0 73 52 0 73 42 0 73 44 0 14274 1210000 16940 353186 906250 319818
 8793.514936 41822 800 800 800 800 73 46 0 73 52 0 73 42 0 73 44 0 14274 1210000 16940 355104 906250 321630
 8793.714945 41823 800 800 800 800 73 46 0 73 52 0 73 42 0 73 44 0 14274 1210000 16940 355104 906250 321630
 8793.914944 41824 800 800 800 800 73 46 0 73 52 0 73 42 0 73 44 0 14518 1210000 16940 355104 906250 321630
 8794.114964 41825 800 800 800 800 73 46 0 73 52 0 73 42 0 73 44 0 14762 1210000 16940 354282 906250 320724
 8794.314943 41826 800 800 800 800 73 46 0 73 52 0 73 42 0 73 44 0 14518 1210000 16940 355378 906250 321630
 8794.514997 41827 800 800 800 800 73 46 0 73 52 0 73 42 0 73 44 0 14518 1210000 16940 355378 906250 321630
 8794.714945 41828 800 800 800 800 73 46 0 73 52 0 73 42 0 73 44 0 14518 1210000 16940 354008 907500 321078
 8794.914945 41829 800 800 800 800 73 46 0 73 52 0 73 42 0 73 44 0 14518 1210000 16940 363324 906250 328878
 8795.114961 41830 800 800 800 800 73 46 0 73 52 0 73 42 0 73 44 0 14518 1210000 16940 353734 906250 319818
 8795.314943 41831 800 800 800 800 73 46 0 73 52 0 73 42 0 73 44 0 14518 1210000 16940 353734 906250 319818
 8795.514944 41832 800 800 800 800 73 46 0 73 52 0 73 42 0 73 44 0 14518 1210000 16940 360858 906250 326160
 8795.714944 41833 800 800 800 800 73 46 0 73 52 0 73 42 0 73 44 0 14518 1210000 16940 355104 906250 321630
 8795.914936 41834 800 800 800 800 73 46 0 73 52 0 73 42 0 73 44 0 14518 1210000 16940 354830 906250 320724
 8796.114960 41835 800 800 800 800 73 46 0 73 52 0 73 42 0 73 44 0 14518 1210000 16940 354830 906250 320724
 8796.314944 41836 800 800 800 800 73 46 0 73 52 0 73 42 0 73 44 0 14518 1210000 16940 355104 906250 321630
 8796.514945 41837 800 800 800 800 73 46 0 73 52 0 73 42 0 73 44 0 14518 1210000 16940 353186 906250 319818
 8796.714944 41838 800 800 800 800 73 46 0 73 52 0 73 42 0 73 44 0 14518 1210000 16940 353460 907500 320171
 8796.914945 41839 800 800 800 800 73 46 0 73 52 0 73 42 0 73 44 0 14518 1210000 16940 353460 907500 320171
 8797.114961 41840 800 800 800 800 73 46 0 73 52 0 73 42 0 73 44 0 14518 1210000 16940 353734 906250 319818
 8797.314944 41841 800 800 800 800 73 46 0 73 52 0 73 42 0 73 44 0 14518 1210000 16940 354556 906250 320724
 8797.514946 41842 800 800 800 800 73 46 0 73 52 0 73 42 0 73 44 0 14518 1210000 16940 354008 907500 321078
 8797.714927 41843 800 800 800 800 73 46 0 73 52 0 73 42 0 73 44 0 14518 1210000 16940 354008 907500 321078
 8797.914944 41844 800 800 800 800 73 46 0 73 52 0 73 42 0 73 44 0 14518 1210000 16940 354008 907500 321078
 8798.114960 41845 800 800 800 800 73 46 0 73 52 0 73 42 0 73 44 0 14518 1210000 16940 353460 906250 319818
 8798.314936 41846 800 800 800 800 73 46 0 73 52 0 73 42 0 73 44 0 14518 1210000 16940 352638 906250 318912
 8798.514944 41847 800 800 800 800 73 46 0 73 52 0 73 42 0 73 44 0 14274 1210000 16940 351542 906250 318006
 8798.714944 41848 800 800 800 800 73 46 0 73 52 0 73 42 0 73 44 0 14274 1210000 16940 351542 906250 318006
 8798.914944 41849 800 800 800 800 73 46 0 73 52 0 73 42 0 73 44 0 14518 1210000 16940 351816 907500 318357
 8799.114960 41850 800 800 800 800 73 46 0 73 52 0 73 42 0 73 44 0 14762 1210000 16940 354008 906250 320724
 8799.314944 41851 800 800 800 800 73 46 0 73 52 0 73 42 0 73 44 0 14762 1210000 16940 354556 906250 320724
 8799.514994 41852 800 800 800 800 73 46 0 73 52 0 73 42 0 73 44 0 14762 1210000 16940 354556 906250 320724
 8799.714944 41853 800 800 800 800 73 46 0 73 52 0 73 42 0 73 44 0 14518 1210000 16940 354282 907500 321078
 8799.914943 41854 800 800 800 800 73 46 0 73 52 0 73 42 0 73 44 0 14518 1210000 16940 379490 907500 343753
 8800.114960 41855 800 800 800 800 73 46 0 73 52 0 73 42 0 73 44 0 14518 1210000 16940 356200 907500 322892
 8800.314944 41856 800 800 800 800 73 46 0 73 52 0 73 42 0 73 44 0 14518 1210000 16940 356200 907500 322892
 8800.514943 41857 800 800 800 800 73 46 0 73 52 0 73 42 0 73 44 0 14518 1210000 16940 355926 906250 321630
 8800.714937 41858 800 800 800 800 73 46 0 73 52 0 73 42 0 73 44 0 14518 1210000 16940 355104 906250 321630
 8800.914944 41859 800 800 800 800 73 46 0 73 52 0 73 42 0 73 44 0 14518 1210000 16940 355926 906250 321630
 8801.114962 41860 800 800 800 800 73 46 0 73 52 0 73 42 0 73 44 0 14518 1210000 16940 355926 906250 321630
 8801.314945 41861 800 800 800 800 73 46 0 73 52 0 73 42 0 73 44 0 14518 1210000 16940 357844 906250 323442
 8801.514945 41862 800 800 800 800 73 46 0 73 52 0 73 42 0 73 44 0 14518 1210000 16940 357844 906250 323442
 8801.714944 41863 800 800 800 800 73 46 0 73 52 0 73 42 0 73 44 0 14518 1210000 16940 357570 906250 323442
 8801.914946 41864 800 800 800 800 73 46 0 73 52 0 73 42 0 73 44 0 14518 1210000 16940 357570 906250 323442
 8802.114961 41865 800 800 800 800 73 46 0 73 52 0 73 42 0 73 44 0 14518 1210000 16940 354830 906250 320724
 8802.314944 41866 800 800 800 800 73 46 0 73 52 0 73 42 0 73 44 0 14762 1210000 16940 353734 906250 319818
 8802.514944 41867 800 800 800 800 73 46 0 73 52 0 73 42 0 73 44 0 14518 1210000 16940 354008 907500 321078
 8802.714946 41868 800 800 800 800 73 46 0 73 52 0 73 42 0 73 44 0 14518 1210000 16940 354008 907500 321078
 8802.914944 41869 800 800 800 800 73 46 0 73 52 0 73 42 0 73 44 0 14518 1210000 16940 354556 906250 320724
 8803.114938 41870 800 800 800 800 73 46 0 73 52 0 73 42 0 73 44 0 14518 1210000 16940 355652 907500 321985
 8803.314944 41871 800 800 800 800 73 46 0 73 52 0 73 42 0 73 44 0 14518 1210000 16940 356200 906250 322536
 8803.514946 41872 800 800 800 800 73 46 0 73 52 0 73 42 0 73 44 0 14518 1210000 16940 356200 906250 322536
 8803.714945 41873 800 800 800 800 73 46 0 73 52 0 73 42 0 73 44 0 14518 1210000 16940 355652 906250 321630
 8803.914944 41874 800 800 800 800 73 46 0 73 52 0 73 42 0 73 44 0 14518 1210000 16940 353460 907500 320171
 8804.114938 41875 800 800 800 800 73 46 0 73 52 0 73 42 0 73 44 0 14518 1210000 16940 352638 906250 318912
 8804.314866 41876 800 800 800 800 73 46 0 73 52 0 73 42 0 73 44 0 14518 1210000 16940 353734 906250 319818
 8804.514994 41877 800 800 800 800 73 46 0 73 52 0 73 42 0 73 44 0 14518 1210000 16940 353734 906250 319818
 8804.714945 41878 800 800 800 800 73 46 0 73 52 0 73 42 0 73 44 0 14762 1210000 16940 352364 906250 318912
 8804.914944 41879 800 800 800 800 73 46 0 73 52 0 73 42 0 73 44 0 14518 1210000 16940 354008 906250 320724
 8805.114960 41880 800 800 800 800 73 46 0 73 52 0 73 42 0 73 44 0 14762 1210000 16940 354008 907500 321078
 8805.314944 41881 800 800 800 800 73 46 0 73 52 0 73 42 0 73 44 0 14762 1210000 16940 354008 907500 321078
 8805.514938 41882 800 800 800 800 73 46 0 73 52 0 73 42 0 73 44 0 14518 1210000 16940 354008 906250 320724
 8805.714945 41883 800 800 800 800 73 46 0 73 52 0 73 42 0 73 44 0 14518 1210000 16940 353186 906250 319818
 8805.914945 41884 800 800 800 800 73 46 0 73 52 0 73 42 0 73 44 0 14518 1210000 16940 352090 906250 318912
 8806.114961 41885 800 800 800 800 73 46 0 73 52 0 73 42 0 73 44 0 14518 1210000 16940 352090 906250 318912
 8806.314943 41886 800 800 800 800 73 46 0 73 52 0 73 42 0 73 44 0 14518 1210000 16940 353186 907500 320171
 8806.514938 41887 800 800 800 800 73 46 0 73 52 0 73 42 0 73 44 0 14518 1210000 16940 352912 906250 318912
 8806.714945 41888 800 800 800 800 73 46 0 73 52 0 73 42 0 73 44 0 14518 1210000 16940 354008 906250 320724
 8806.914947 41889 800 800 800 800 73 46 0 73 52 0 73 42 0 73 44 0 14518 1210000 16940 354008 906250 320724
 8807.114961 41890 800 800 800 800 73 46 0 73 52 0 73 42 0 73 44 0 14518 1210000 16940 354282 906250 320724
 8807.314945 41891 800 800 800 800 73 46 0 73 52 0 73 42 0 73 44 0 14518 1210000 16940 354008 906250 320724
 8807.514945 41892 800 800 800 800 73 46 0 73 52 0 73 42 0 73 44 0 14518 1210000 16940 352364 906250 318912
 8807.714945 41893 800 800 800 800 73 46 0 73 52 0 73 42 0 73 44 0 14518 1210000 16940 352364 906250 318912
 8807.914938 41894 800 800 800 800 73 46 0 73 52 0 73 42 0 73 44 0 14518 1210000 16940 352090 906250 318912
 8808.114960 41895 800 800 800 800 73 46 0 73 52 0 73 42 0 73 44 0 14518 1210000 16940 353186 907500 320171
 8808.314944 41896 800 800 800 800 73 46 0 73 52 0 73 42 0 73 44 0 14274 1210000 16940 353460 906250 319818
 8808.514946 41897 800 800 800 800 73 46 0 73 52 0 73 42 0 73 44 0 14274 1210000 16940 353460 906250 319818
 8808.714944 41898 800 800 800 800 73 46 0 73 52 0 73 42 0 73 44 0 14518 1210000 16940 354282 906250 320724
 8808.914937 41899 800 800 800 800 73 46 0 73 52 0 73 42 0 73 44 0 14518 1210000 16940 354830 906250 320724
 8809.114961 41900 800 800 800 800 73 46 0 73 52 0 73 42 0 73 44 0 14762 1210000 16940 356200 906250 322536
 8809.314945 41901 800 800 800 800 73 46 0 73 52 0 73 42 0 73 44 0 14762 1210000 16940 356200 906250 322536
 8809.514997 41902 800 800 800 800 73 46 0 73 52 0 73 42 0 73 44 0 14762 1210000 16940 355926 906250 321630
 8809.714943 41903 800 800 800 800 73 46 0 73 52 0 73 42 0 73 44 0 14762 1210000 16940 357022 906250 323442
 8809.914944 41904 800 800 800 800 73 46 0 73 52 0 73 42 0 73 44 0 14518 1210000 16940 355652 906250 321630
 8810.114943 41905 800 800 800 800 73 46 0 73 52 0 73 42 0 73 44 0 14518 1210000 16940 355652 906250 321630
 8810.314943 41906 800 800 800 800 73 46 0 73 52 0 73 42 0 73 44 0 14518 1210000 16940 356200 907500 322892
 8810.514943 41907 800 800 800 800 73 46 0 73 52 0 73 42 0 73 44 0 14274 1210000 16940 356748 906250 322536
 8810.714944 41908 800 800 800 800 73 46 0 73 52 0 73 42 0 73 44 0 14762 1210000 16940 357022 906250 323442
 8810.914911 41909 800 800 800 800 73 46 0 73 52 0 73 42 0 73 44 0 14518 1210000 16940 356748 906250 322536
 8811.114961 41910 800 800 800 800 73 46 0 73 52 0 73 42 0 73 44 0 14518 1210000 16940 356748 906250 322536
 8811.314938 41911 800 800 800 800 73 46 0 73 52 0 73 42 0 73 44 0 14762 1210000 16940 356474 906250 322536
 8811.514944 41912 800 800 800 800 73 46 0 73 52 0 73 42 0 73 44 0 14518 1210000 16940 354830 906250 320724
 8811.714944 41913 800 800 800 800 73 46 0 73 52 0 73 42 0 73 44 0 14518 1210000 16940 354282 906250 320724
 8811.914944 41914 800 800 800 800 73 46 0 73 52 0 73 42 0 73 44 0 14518 1210000 16940 354282 906250 320724
 8812.114961 41915 800 800 800 800 73 46 0 73 52 0 73 42 0 73 44 0 14274 1210000 16940 354282 906250 320724
 8812.314945 41916 800 800 800 800 73 46 0 73 52 0 73 42 0 73 44 0 14762 1210000 16940 354556 906250 320724
 8812.514947 41917 800 800 800 800 73 46 0 73 52 0 73 42 0 73 44 0 14762 1210000 16940 354830 906250 320724
 8812.714946 41918 800 800 800 800 73 46 0 73 52 0 73 42 0 73 44 0 14762 1210000 16940 354830 906250 320724
 8812.914945 41919 800 800 800 800 73 46 0 73 52 0 73 42 0 73 44 0 14274 1210000 16940 356474 906250 322536
 8813.114961 41920 800 800 800 800 73 46 0 73 52 0 73 42 0 73 44 0 14518 1210000 16940 354830 906250 320724
 8813.314944 41921 800 800 800 800 73 46 0 73 52 0 73 42 0 73 44 0 14518 1210000 16940 352364 906250 318912
 8813.514945 41922 800 800 800 800 73 46 0 73 52 0 73 42 0 73 44 0 14518 1210000 16940 352364 906250 318912
 8813.714937 41923 800 800 800 800 73 46 0 73 52 0 73 42 0 73 44 0 14274 1210000 16940 351816 906250 318006
 8813.914944 41924 800 800 800 800 73 46 0 73 52 0 73 42 0 73 44 0 14518 1210000 16940 351816 906250 318006
 8814.114961 41925 800 800 800 800 73 46 0 73 52 0 73 42 0 73 44 0 14518 1210000 16940 351816 907500 318357
 8814.314943 41926 800 800 800 800 73 46 0 73 52 0 73 42 0 73 44 0 14518 1210000 16940 351816 907500 318357
 8814.514996 41927 800 800 800 800 73 46 0 73 52 0 73 42 0 73 44 0 14762 1210000 16940 352638 907500 319264
 8814.714945 41928 800 800 800 800 73 46 0 73 52 0 73 42 0 73 44 0 14762 1210000 16940 357296 907500 323799
 8814.914945 41929 800 800 800 800 73 46 0 73 52 0 73 42 0 73 44 0 14518 1210000 16940 354556 906250 320724
 8815.114962 41930 800 800 800 800 73 46 0 73 52 0 73 42 0 73 44 0 14518 1210000 16940 354556 906250 320724
 8815.314945 41931 800 800 800 800 73 46 0 73 52 0 73 42 0 73 44 0 14518 1210000 16940 352638 906250 318912
 8815.514947 41932 800 800 800 800 73 46 0 73 52 0 73 42 0 73 44 0 14762 1210000 16940 353460 907500 320171
 8815.714945 41933 800 800 800 800 73 46 0 73 52 0 73 42 0 73 44 0 14518 1210000 16940 351816 906250 318006
 8815.914945 41934 800 800 800 800 73 46 0 73 52 0 73 42 0 73 44 0 14518 1210000 16940 351816 906250 318006
 8816.114955 41935 800 800 800 800 73 46 0 73 52 0 73 42 0 73 44 0 14518 1210000 16940 353734 906250 319818
 8816.314944 41936 800 800 800 800 73 46 0 73 52 0 73 42 0 73 44 0 14762 1210000 16940 355378 906250 321630
 8816.514944 41937 800 800 800 800 73 46 0 73 52 0 73 42 0 73 44 0 14518 1210000 16940 353734 906250 319818
 8816.714927 41938 800 800 800 800 73 46 0 73 52 0 73 42 0 73 44 0 14518 1210000 16940 353734 906250 319818
 8816.914944 41939 800 800 800 800 73 46 0 73 52 0 73 42 0 73 44 0 14274 1210000 16940 353734 906250 319818
 8817.114961 41940 800 800 800 800 73 46 0 73 52 0 73 42 0 73 44 0 14274 1210000 16940 354282 907500 321078
 8817.314945 41941 800 800 800 800 73 46 0 73 52 0 73 42 0 73 44 0 14518 1210000 16940 354008 907500 321078
 8817.514944 41942 800 800 800 800 73 46 0 73 52 0 73 42 0 73 44 0 14518 1210000 16940 352090 906250 318912
 8817.714945 41943 800 800 800 800 73 46 0 73 52 0 73 42 0 73 44 0 14518 1210000 16940 352090 906250 318912
 8817.914944 41944 800 800 800 800 73 46 0 73 52 0 73 42 0 73 44 0 14518 1210000 16940 352912 906250 318912
 8818.114961 41945 800 800 800 800 73 46 0 73 52 0 73 42 0 73 44 0 14518 1210000 16940 354830 906250 320724
 8818.314937 41946 800 800 800 800 73 46 0 73 52 0 73 42 0 73 44 0 14518 1210000 16940 355378 906250 321630
 8818.514948 41947 800 800 800 800 73 46 0 73 52 0 73 42 0 73 44 0 14518 1210000 16940 355378 906250 321630
 8818.714945 41948 800 800 800 800 73 46 0 73 52 0 73 42 0 73 44 0 14518 1210000 16940 354008 906250 320724
 8818.914944 41949 800 800 800 800 73 46 0 73 52 0 73 42 0 73 44 0 14518 1210000 16940 354008 906250 320724
 8819.114960 41950 800 800 800 800 73 46 0 73 52 0 73 42 0 73 44 0 14518 1210000 16940 353186 906250 319818
 8819.314944 41951 800 800 800 800 73 46 0 73 52 0 73 42 0 73 44 0 14518 1210000 16940 353186 906250 319818
 8819.514994 41952 800 800 800 800 73 46 0 73 52 0 73 42 0 73 44 0 14274 1210000 16940 354282 907500 321078
 8819.714945 41953 800 800 800 800 73 46 0 73 52 0 73 42 0 73 44 0 14274 1210000 16940 353460 906250 319818
 8819.914945 41954 800 800 800 800 73 46 0 73 52 0 73 42 0 73 44 0 14762 1210000 16940 355926 906250 321630
 8820.114960 41955 800 800 800 800 73 46 0 73 52 0 73 42 0 73 44 0 14762 1210000 16940 355926 906250 321630
 8820.314944 41956 800 800 800 800 73 46 0 73 52 0 73 42 0 73 44 0 14518 1210000 16940 354830 907500 321078
 8820.514944 41957 800 800 800 800 73 46 0 73 52 0 73 42 0 73 44 0 14518 1210000 16940 356200 906250 322536
 8820.714937 41958 800 800 800 800 73 46 0 73 52 0 73 42 0 73 44 0 14518 1210000 16940 355104 906250 321630
 8820.914945 41959 800 800 800 800 73 46 0 73 52 0 73 42 0 73 44 0 14518 1210000 16940 355104 906250 321630
 8821.114961 41960 800 800 800 800 73 46 0 73 52 0 73 42 0 73 44 0 14518 1210000 16940 354282 906250 320724
 8821.314944 41961 800 800 800 800 73 46 0 73 52 0 73 42 0 73 44 0 14518 1210000 16940 353460 906250 319818
 8821.514947 41962 800 800 800 800 73 46 0 73 52 0 73 42 0 73 44 0 14518 1210000 16940 354008 906250 320724
 8821.714944 41963 800 800 800 800 73 46 0 73 52 0 73 42 0 73 44 0 14518 1210000 16940 354008 906250 320724
 8821.914945 41964 800 800 800 800 73 46 0 73 52 0 73 42 0 73 44 0 14518 1210000 16940 355104 906250 321630
 8822.114961 41965 800 800 800 800 73 46 0 73 52 0 73 42 0 73 44 0 14518 1210000 16940 356748 906250 322536
 8822.314945 41966 800 800 800 800 73 46 0 73 52 0 73 42 0 73 44 0 14518 1210000 16940 355926 906250 321630
 8822.514945 41967 800 800 800 800 73 46 0 73 52 0 73 42 0 73 44 0 14518 1210000 16940 355926 906250 321630
 8822.714944 41968 800 800 800 800 73 46 0 73 52 0 73 42 0 73 44 0 14518 1210000 16940 355926 906250 321630
 8822.914944 41969 800 800 800 800 73 46 0 73 52 0 73 42 0 73 44 0 14518 1210000 16940 354830 906250 320724
 8823.114938 41970 800 800 800 800 73 46 0 73 52 0 73 42 0 73 44 0 14518 1210000 16940 354008 906250 320724
 8823.314867 41971 800 800 800 800 73 46 0 73 52 0 73 42 0 73 44 0 14518 1210000 16940 354008 906250 320724
 8823.514945 41972 800 800 800 800 73 46 0 73 52 0 73 42 0 73 44 0 14518 1210000 16940 354008 906250 320724
 8823.714945 41973 800 800 800 800 73 46 0 73 52 0 73 42 0 73 44 0 14274 1210000 16940 355104 906250 321630
 8823.914944 41974 800 800 800 800 73 46 0 73 52 0 73 42 0 73 44 0 14518 1210000 16940 355378 906250 321630
 8824.114961 41975 800 800 800 800 73 46 0 73 52 0 73 42 0 73 44 0 14518 1210000 16940 356474 907500 322892
 8824.314944 41976 800 800 800 800 73 46 0 73 52 0 73 42 0 73 44 0 14518 1210000 16940 356474 907500 322892
 8824.514998 41977 800 800 800 800 73 46 0 73 52 0 73 42 0 73 44 0 14762 1210000 16940 354830 906250 320724
 8824.714944 41978 800 800 800 800 73 46 0 73 52 0 73 42 0 73 44 0 14762 1210000 16940 352912 906250 318912
 8824.914941 41979 800 800 800 800 73 46 0 73 52 0 73 42 0 73 44 0 14274 1210000 16940 352364 906250 318912
 8825.114955 41980 800 800 800 800 73 46 0 73 52 0 73 42 0 73 44 0 14274 1210000 16940 352364 906250 318912
 8825.314938 41981 800 800 800 800 73 46 0 73 52 0 73 42 0 73 44 0 14518 1210000 16940 147412 907500 133329
 8825.514932 41982 800 800 800 800 73 46 0 73 52 0 73 42 0 73 44 0 14518 1210000 16940 36168 907500 32652
 8825.714938 41983 800 800 800 800 73 46 0 73 52 0 73 42 0 73 44 0 14762 1210000 16940 35620 907500 31745
 8825.914939 41984 800 800 800 800 73 46 0 73 52 0 73 42 0 73 44 0 14762 1210000 16940 35620 907500 31745
 8826.114955 41985 800 800 800 800 73 46 0 73 52 0 73 42 0 73 44 0 14518 1210000 16940 35620 907500 31745
 8826.314938 41986 800 800 800 800 73 46 0 73 52 0 73 42 0 73 44 0 14762 1210000 16940 36990 907500 32652
 8826.514940 41987 800 800 800 800 73 46 0 73 52 0 73 42 0 73 44 0 14274 1210000 16940 33154 907500 29931
 8826.714939 41988 800 800 800 800 73 46 0 73 52 0 73 42 0 73 44 0 14274 1210000 16940 33154 907500 29931
 8826.914938 41989 800 800 800 800 73 46 0 73 52 0 73 42 0 73 44 0 14518 1210000 16940 33154 907500 29931
 8827.114956 41990 800 800 800 800 72 46 0 72 52 0 72 42 0 72 44 0 14518 1210000 16940 34798 907500 30838
 8827.314939 41991 800 800 800 800 72 46 0 72 52 0 72 42 0 72 44 0 14518 1210000 16940 33702 907500 29931
