 4832.083850 23640 1400 1400 1400 1400 73 46 0 73 52 0 73 42 0 73 44 0 15006 1210000 18150 66034 1095000 72270
 4832.283807 23641 1400 1400 1400 1400 73 46 0 73 52 0 73 42 0 73 44 0 14762 1210000 16940 70692 1095000 76650
 4832.483803 23642 1400 1400 1400 1400 73 46 0 73 52 0 73 42 0 73 44 0 14762 1210000 16940 75076 1095000 82125
 4832.683782 23643 1400 1400 1400 1400 73 46 0 73 52 0 73 42 0 73 44 0 15006 1210000 18150 69322 1095000 75555
 4832.883783 23644 1400 1400 1400 1400 73 46 0 73 52 0 73 42 0 73 44 0 15006 1210000 18150 69322 1095000 75555
 4833.083785 23645 1400 1400 1400 1400 73 46 0 73 52 0 73 42 0 73 44 0 14762 1210000 16940 291536 1096250 318936
 4833.283784 23646 1400 1400 1400 1400 73 46 0 73 52 0 73 42 0 73 44 0 14762 1210000 16940 65486 1095000 71175
 4833.483784 23647 1400 1400 1400 1400 73 46 0 73 52 0 73 42 0 73 44 0 14762 1210000 16940 65212 1095000 71175
 4833.688841 23648 1400 1400 1400 1400 73 46 0 73 52 0 73 42 0 73 44 0 14762 1210000 16940 65212 1095000 71175
 4833.888912 23649 1400 1400 1400 1400 73 46 0 73 52 0 73 42 0 73 44 0 14762 1210000 16940 67130 1095000 73365
 4834.088834 23650 1400 1400 1400 1400 73 46 0 73 52 0 73 42 0 73 44 0 14518 1210000 16940 704180 1098750 772992
 4834.288830 23651 1400 1400 1400 1400 73 46 0 73 52 0 73 42 0 73 44 0 15006 1208750 18120 1065586 1100000 1171500
 4834.488818 23652 1400 1400 1400 1400 73 46 0 73 52 0 73 42 0 73 44 0 15006 1208750 18120 1065586 1100000 1171500
 4834.688815 23653 1400 1400 1400 1400 73 46 0 73 52 0 73 42 0 73 44 0 14518 1208750 16912 963384 1098750 1057374
 4834.888812 23654 1400 1400 1400 1400 73 46 0 73 52 0 73 42 0 73 44 0 14762 1208750 16912 766104 1097500 840302
 4835.088815 23655 1400 1400 1400 1400 74 46 0 74 52 0 74 42 0 74 44 0 15006 1210000 18150 753226 1097500 826041
 4835.288815 23656 1400 1400 1400 1400 74 46 0 74 52 0 74 42 0 74 44 0 15006 1210000 18150 753226 1097500 826041
 4835.488814 23657 1400 1400 1400 1400 74 46 0 74 52 0 74 42 0 74 44 0 14762 1210000 16940 752130 1097500 824944
 4835.688814 23658 1400 1400 1400 1400 74 46 0 74 52 0 74 42 0 74 44 0 14762 1208750 16912 751582 1097500 823847
 4835.888814 23659 1400 1400 1400 1400 74 46 0 74 52 0 74 42 0 74 44 0 14762 1208750 16912 752678 1097500 824944
 4836.088815 23660 1400 1400 1400 1400 74 46 0 74 52 0 74 42 0 74 44 0 14762 1208750 16912 752678 1097500 824944
 4836.288814 23661 1400 1400 1400 1400 74 46 0 74 52 0 74 42 0 74 44 0 14518 1208750 16912 753500 1097500 826041
 4836.488814 23662 1400 1400 1400 1400 74 46 0 74 52 0 74 42 0 74 44 0 14762 1208750 16912 755144 1097500 828235
 4836.688846 23663 1400 1400 1400 1400 75 46 0 75 52 0 75 42 0 75 44 0 15006 1208750 18120 754596 1097500 827138
 4836.888798 23664 1400 1400 1400 1400 75 46 0 75 52 0 75 42 0 75 44 0 15006 1208750 18120 754596 1097500 827138
 4837.088814 23665 1400 1400 1400 1400 75 46 0 75 52 0 75 42 0 75 44 0 15006 1210000 18150 750212 1097500 822750
 4837.288811 23666 1400 1400 1400 1400 75 46 0 75 52 0 75 42 0 75 44 0 14762 1208750 16912 748842 1097500 820556
 4837.488815 23667 1400 1400 1400 1400 75 46 0 75 52 0 75 42 0 75 44 0 14762 1210000 16940 749938 1097500 821653
 4837.688814 23668 1400 1400 1400 1400 75 46 0 75 52 0 75 42 0 75 44 0 15006 1208750 18120 751856 1097500 823847
 4837.888815 23669 1400 1400 1400 1400 75 46 0 75 52 0 75 42 0 75 44 0 15006 1208750 18120 751856 1097500 823847
 4838.088814 23670 1400 1400 1400 1400 75 46 0 75 52 0 75 42 0 75 44 0 14518 1208750 16912 753500 1097500 826041
 4838.288811 23671 1400 1400 1400 1400 75 46 0 75 52 0 75 42 0 75 44 0 14762 1210000 16940 752952 1097500 824944
 4838.488814 23672 1400 1400 1400 1400 75 46 0 75 52 0 75 42 0 75 44 0 15006 1210000 18150 755418 1097500 828235
 4838.688815 23673 1400 1400 1400 1400 75 46 0 75 52 0 75 42 0 75 44 0 15006 1210000 18150 755418 1097500 828235
 4838.888815 23674 1400 1400 1400 1400 75 46 0 75 52 0 75 42 0 75 44 0 14762 1210000 16940 753774 1097500 826041
 4839.088814 23675 1400 1400 1400 1400 75 46 0 75 52 0 75 42 0 75 44 0 14518 1210000 16940 754870 1097500 827138
 4839.288814 23676 1400 1400 1400 1400 75 46 0 75 52 0 75 42 0 75 44 0 14762 1210000 16940 752678 1097500 824944
 4839.488815 23677 1400 1400 1400 1400 75 46 0 75 52 0 75 42 0 75 44 0 14762 1210000 16940 752678 1097500 824944
 4839.688814 23678 1400 1400 1400 1400 75 46 0 75 52 0 75 42 0 75 44 0 15006 1210000 18150 756788 1097500 829332
 4839.888814 23679 1400 1400 1400 1400 75 46 0 75 52 0 75 42 0 75 44 0 14762 1210000 16940 758158 1097500 831526
 4840.088814 23680 1400 1400 1400 1400 75 46 0 75 52 0 75 42 0 75 44 0 14762 1210000 16940 758432 1097500 831526
 4840.288814 23681 1400 1400 1400 1400 75 46 0 75 52 0 75 42 0 75 44 0 14762 1210000 16940 758432 1097500 831526
 4840.488814 23682 1400 1400 1400 1400 75 46 0 75 52 0 75 42 0 75 44 0 15006 1208750 18120 758980 1097500 831526
 4840.688811 23683 1400 1400 1400 1400 75 46 0 75 52 0 75 42 0 75 44 0 14762 1210000 16940 762268 1097500 835914
 4840.888815 23684 1400 1400 1400 1400 75 46 0 75 52 0 75 42 0 75 44 0 15006 1210000 18150 756240 1097500 829332
 4841.088814 23685 1400 1400 1400 1400 75 46 0 75 52 0 75 42 0 75 44 0 15006 1210000 18150 756240 1097500 829332
 4841.288815 23686 1400 1400 1400 1400 75 46 0 75 52 0 75 42 0 75 44 0 15006 1210000 18150 755418 1097500 828235
 4841.488815 23687 1400 1400 1400 1400 75 46 0 75 52 0 75 42 0 75 44 0 14762 1210000 16940 753226 1097500 826041
 4841.688814 23688 1400 1400 1400 1400 75 46 0 75 52 0 75 42 0 75 44 0 14762 1208750 16912 757062 1097500 830429
 4841.888814 23689 1400 1400 1400 1400 75 46 0 75 52 0 75 42 0 75 44 0 14762 1208750 16912 757062 1097500 830429
 4842.088814 23690 1400 1400 1400 1400 75 46 0 75 52 0 75 42 0 75 44 0 14518 1208750 16912 755418 1097500 828235
 4842.288814 23691 1400 1400 1400 1400 75 46 0 75 52 0 75 42 0 75 44 0 14762 1208750 16912 756788 1097500 829332
 4842.488814 23692 1400 1400 1400 1400 75 46 0 75 52 0 75 42 0 75 44 0 14762 1208750 16912 756788 1097500 829332
 4842.688814 23693 1400 1400 1400 1400 75 46 0 75 52 0 75 42 0 75 44 0 14762 1208750 16912 756788 1097500 829332
 4842.888815 23694 1400 1400 1400 1400 75 46 0 75 52 0 75 42 0 75 44 0 15006 1208750 18120 752130 1097500 824944
 4843.088811 23695 1400 1400 1400 1400 75 46 0 75 52 0 75 42 0 75 44 0 14762 1210000 16940 752130 1097500 824944
 4843.288814 23696 1400 1400 1400 1400 75 46 0 75 52 0 75 42 0 75 44 0 14762 1208750 16912 751856 1097500 823847
 4843.488794 23697 1400 1400 1400 1400 75 46 0 75 52 0 75 42 0 75 44 0 14518 1208750 16912 755692 1097500 828235
 4843.688815 23698 1400 1400 1400 1400 75 46 0 75 52 0 75 42 0 75 44 0 14518 1208750 16912 755692 1097500 828235
 4843.888814 23699 1400 1400 1400 1400 75 46 0 75 52 0 75 42 0 75 44 0 14762 1208750 16912 754596 1097500 827138
 4844.088814 23700 1400 1400 1400 1400 75 46 0 75 52 0 75 42 0 75 44 0 14518 1208750 16912 754048 1097500 827138
 4844.288814 23701 1400 1400 1400 1400 75 46 0 75 52 0 75 42 0 75 44 0 14518 1208750 16912 755418 1097500 828235
 4844.488814 23702 1400 1400 1400 1400 75 46 0 75 52 0 75 42 0 75 44 0 14518 1208750 16912 755418 1097500 828235
 4844.688814 23703 1400 1400 1400 1400 75 46 0 75 52 0 75 42 0 75 44 0 14762 1208750 16912 752130 1097500 824944
 4844.888814 23704 1400 1400 1400 1400 75 46 0 75 52 0 75 42 0 75 44 0 15006 1210000 18150 751582 1097500 823847
 4845.088815 23705 1400 1400 1400 1400 75 46 0 75 52 0 75 42 0 75 44 0 14518 1208750 16912 751308 1097500 823847
 4845.288815 23706 1400 1400 1400 1400 75 46 0 75 52 0 75 42 0 75 44 0 14518 1208750 16912 751308 1097500 823847
 4845.488811 23707 1400 1400 1400 1400 75 46 0 75 52 0 75 42 0 75 44 0 14762 1208750 16912 751582 1097500 823847
 4845.688815 23708 1400 1400 1400 1400 75 46 0 75 52 0 75 42 0 75 44 0 14762 1208750 16912 754870 1097500 827138
 4845.888815 23709 1400 1400 1400 1400 75 46 0 75 52 0 75 42 0 75 44 0 14762 1208750 16912 755144 1097500 828235
 4846.088814 23710 1400 1400 1400 1400 75 46 0 75 52 0 75 42 0 75 44 0 14762 1208750 16912 755144 1097500 828235
 4846.288814 23711 1400 1400 1400 1400 75 46 0 75 52 0 75 42 0 75 44 0 14762 1208750 16912 755144 1097500 828235
 4846.488812 23712 1400 1400 1400 1400 75 46 0 75 52 0 75 42 0 75 44 0 14762 1208750 16912 754596 1097500 827138
 4846.688814 23713 1400 1400 1400 1400 75 46 0 75 52 0 75 42 0 75 44 0 14762 1208750 16912 749664 1097500 821653
 4846.888814 23714 1400 1400 1400 1400 75 46 0 75 52 0 75 42 0 75 44 0 14762 1208750 16912 749664 1097500 821653
 4847.088815 23715 1400 1400 1400 1400 75 46 0 75 52 0 75 42 0 75 44 0 14762 1208750 16912 752952 1097500 824944
 4847.288814 23716 1400 1400 1400 1400 75 46 0 75 52 0 75 42 0 75 44 0 15006 1208750 18120 750760 1097500 822750
 4847.488814 23717 1400 1400 1400 1400 75 46 0 75 52 0 75 42 0 75 44 0 14762 1210000 16940 755966 1097500 828235
 4847.688815 23718 1400 1400 1400 1400 75 46 0 75 52 0 75 42 0 75 44 0 14762 1210000 16940 755966 1097500 828235
 4847.888815 23719 1400 1400 1400 1400 75 46 0 75 52 0 75 42 0 75 44 0 15006 1210000 18150 755966 1097500 828235
 4848.088814 23720 1400 1400 1400 1400 75 46 0 75 52 0 75 42 0 75 44 0 15006 1208750 18120 757062 1097500 830429
 4848.288814 23721 1400 1400 1400 1400 75 46 0 75 52 0 75 42 0 75 44 0 14762 1208750 16912 755966 1097500 828235
 4848.488814 23722 1400 1400 1400 1400 75 46 0 75 52 0 75 42 0 75 44 0 14762 1208750 16912 755966 1097500 828235
 4848.688815 23723 1400 1400 1400 1400 75 46 0 75 52 0 75 42 0 75 44 0 15006 1210000 18150 754870 1097500 827138
 4848.888811 23724 1400 1400 1400 1400 75 46 0 75 52 0 75 42 0 75 44 0 14762 1208750 16912 756240 1097500 829332
 4849.088814 23725 1400 1400 1400 1400 75 46 0 75 52 0 75 42 0 75 44 0 14762 1210000 16940 755692 1097500 828235
 4849.288797 23726 1400 1400 1400 1400 75 46 0 75 52 0 75 42 0 75 44 0 14762 1210000 16940 755692 1097500 828235
 4849.488815 23727 1400 1400 1400 1400 75 46 0 75 52 0 75 42 0 75 44 0 14762 1210000 16940 758432 1097500 831526
 4849.688814 23728 1400 1400 1400 1400 75 46 0 75 52 0 75 42 0 75 44 0 14518 1210000 16940 758432 1097500 831526
 4849.888811 23729 1400 1400 1400 1400 75 46 0 75 52 0 75 42 0 75 44 0 15006 1210000 18150 760898 1097500 833720
 4850.088814 23730 1400 1400 1400 1400 75 46 0 75 52 0 75 42 0 75 44 0 14762 1210000 16940 788572 1097500 864436
 4850.288815 23731 1400 1400 1400 1400 75 46 0 75 52 0 75 42 0 75 44 0 14762 1210000 16940 788572 1097500 864436
 4850.488814 23732 1400 1400 1400 1400 75 46 0 75 52 0 75 42 0 75 44 0 14762 1208750 16912 754322 1097500 827138
 4850.688814 23733 1400 1400 1400 1400 75 46 0 75 52 0 75 42 0 75 44 0 14762 1208750 16912 755418 1097500 828235
 4850.888814 23734 1400 1400 1400 1400 75 46 0 75 52 0 75 42 0 75 44 0 14518 1210000 16940 753500 1097500 826041
 4851.088814 23735 1400 1400 1400 1400 75 46 0 75 52 0 75 42 0 75 44 0 14518 1210000 16940 753500 1097500 826041
 4851.288810 23736 1400 1400 1400 1400 75 46 0 75 52 0 75 42 0 75 44 0 14762 1210000 16940 755966 1097500 828235
 4851.488814 23737 1400 1400 1400 1400 75 46 0 75 52 0 75 42 0 75 44 0 14762 1210000 16940 756788 1097500 829332
 4851.688814 23738 1400 1400 1400 1400 75 46 0 75 52 0 75 42 0 75 44 0 14762 1208750 16912 755144 1097500 828235
 4851.888814 23739 1400 1400 1400 1400 75 46 0 75 52 0 75 42 0 75 44 0 14762 1208750 16912 755144 1097500 828235
 4852.088815 23740 1400 1400 1400 1400 75 46 0 75 52 0 75 42 0 75 44 0 15006 1210000 18150 754322 1097500 827138
 4852.288814 23741 1400 1400 1400 1400 75 46 0 75 52 0 75 42 0 75 44 0 14762 1208750 16912 750212 1097500 822750
 4852.488814 23742 1400 1400 1400 1400 75 46 0 75 52 0 75 42 0 75 44 0 15006 1210000 18150 751034 1097500 823847
 4852.688814 23743 1400 1400 1400 1400 75 46 0 75 52 0 75 42 0 75 44 0 15006 1210000 18150 751034 1097500 823847
 4852.888814 23744 1400 1400 1400 1400 75 46 0 75 52 0 75 42 0 75 44 0 14762 1210000 16940 752678 1097500 824944
 4853.088814 23745 1400 1400 1400 1400 75 46 0 75 52 0 75 42 0 75 44 0 15006 1210000 18150 749664 1097500 821653
 4853.288814 23746 1400 1400 1400 1400 75 46 0 75 52 0 75 42 0 75 44 0 14274 1210000 16940 752130 1097500 824944
 4853.488814 23747 1400 1400 1400 1400 75 46 0 75 52 0 75 42 0 75 44 0 14274 1210000 16940 752130 1097500 824944
 4853.688811 23748 1400 1400 1400 1400 75 46 0 75 52 0 75 42 0 75 44 0 14518 1210000 16940 752130 1097500 824944
 4853.888814 23749 1400 1400 1400 1400 75 46 0 75 52 0 75 42 0 75 44 0 14762 1210000 16940 754870 1097500 827138
 4854.088814 23750 1400 1400 1400 1400 75 46 0 75 52 0 75 42 0 75 44 0 14518 1208750 16912 752678 1097500 824944
 4854.288814 23751 1400 1400 1400 1400 75 46 0 75 52 0 75 42 0 75 44 0 14518 1208750 16912 752678 1097500 824944
 4854.488814 23752 1400 1400 1400 1400 75 46 0 75 52 0 75 42 0 75 44 0 14762 1210000 16940 751856 1097500 823847
 4854.688814 23753 1400 1400 1400 1400 75 46 0 75 52 0 75 42 0 75 44 0 15006 1210000 18150 752952 1097500 824944
 4854.888814 23754 1400 1400 1400 1400 75 46 0 75 52 0 75 42 0 75 44 0 14762 1210000 16940 754596 1097500 827138
 4855.088814 23755 1400 1400 1400 1400 75 46 0 75 52 0 75 42 0 75 44 0 14762 1210000 16940 754596 1097500 827138
 4855.288814 23756 1400 1400 1400 1400 75 46 0 75 52 0 75 42 0 75 44 0 14762 1210000 16940 755692 1097500 828235
 4855.488814 23757 1400 1400 1400 1400 75 46 0 75 52 0 75 42 0 75 44 0 15006 1210000 18150 755966 1097500 828235
 4855.688814 23758 1400 1400 1400 1400 75 46 0 75 52 0 75 42 0 75 44 0 14518 1210000 16940 756514 1097500 829332
 4855.888747 23759 1400 1400 1400 1400 75 46 0 75 52 0 75 42 0 75 44 0 14762 1210000 16940 755692 1097500 828235
 4856.088814 23760 1400 1400 1400 1400 75 46 0 75 52 0 75 42 0 75 44 0 14762 1210000 16940 755692 1097500 828235
 4856.288815 23761 1400 1400 1400 1400 75 46 0 75 52 0 75 42 0 75 44 0 14518 1210000 16940 753226 1097500 826041
 4856.488827 23762 1400 1400 1400 1400 75 46 0 75 52 0 75 42 0 75 44 0 14762 1210000 16940 754870 1097500 827138
 4856.688814 23763 1400 1400 1400 1400 75 46 0 75 52 0 75 42 0 75 44 0 14762 1210000 16940 754322 1097500 827138
 4856.888814 23764 1400 1400 1400 1400 75 46 0 75 52 0 75 42 0 75 44 0 14762 1210000 16940 754322 1097500 827138
 4857.088811 23765 1400 1400 1400 1400 75 46 0 75 52 0 75 42 0 75 44 0 14762 1210000 16940 754322 1097500 827138
 4857.288814 23766 1400 1400 1400 1400 75 46 0 75 52 0 75 42 0 75 44 0 14762 1210000 16940 755418 1097500 828235
 4857.488814 23767 1400 1400 1400 1400 75 46 0 75 52 0 75 42 0 75 44 0 14518 1210000 16940 755692 1097500 828235
 4857.688814 23768 1400 1400 1400 1400 75 46 0 75 52 0 75 42 0 75 44 0 14518 1210000 16940 755692 1097500 828235
 4857.888814 23769 1400 1400 1400 1400 75 46 0 75 52 0 75 42 0 75 44 0 14762 1210000 16940 754870 1097500 827138
 4858.088815 23770 1400 1400 1400 1400 75 46 0 75 52 0 75 42 0 75 44 0 14762 1210000 16940 751856 1097500 823847
 4858.288814 23771 1400 1400 1400 1400 75 46 0 75 52 0 75 42 0 75 44 0 14518 1210000 16940 753226 1097500 826041
 4858.488814 23772 1400 1400 1400 1400 75 46 0 75 52 0 75 42 0 75 44 0 14518 1210000 16940 753226 1097500 826041
 4858.688814 23773 1400 1400 1400 1400 75 46 0 75 52 0 75 42 0 75 44 0 14762 1210000 16940 751308 1097500 823847
 4858.888814 23774 1400 1400 1400 1400 75 46 0 75 52 0 75 42 0 75 44 0 14762 1210000 16940 754870 1097500 827138
 4859.088814 23775 1400 1400 1400 1400 75 46 0 75 52 0 75 42 0 75 44 0 14518 1210000 16940 760076 1097500 833720
 4859.288814 23776 1400 1400 1400 1400 75 46 0 75 52 0 75 42 0 75 44 0 14518 1210000 16940 760076 1097500 833720
 4859.488811 23777 1400 1400 1400 1400 75 46 0 75 52 0 75 42 0 75 44 0 14518 1210000 16940 757336 1097500 830429
 4859.688814 23778 1400 1400 1400 1400 75 46 0 75 52 0 75 42 0 75 44 0 14762 1210000 16940 757610 1097500 830429
 4859.888814 23779 1400 1400 1400 1400 75 46 0 75 52 0 75 42 0 75 44 0 14762 1210000 16940 754322 1097500 827138
 4860.088814 23780 1400 1400 1400 1400 75 46 0 75 52 0 75 42 0 75 44 0 14762 1210000 16940 754322 1097500 827138
 4860.288814 23781 1400 1400 1400 1400 75 46 0 75 52 0 75 42 0 75 44 0 14762 1210000 16940 753774 1097500 826041
 4860.488815 23782 1400 1400 1400 1400 75 46 0 75 52 0 75 42 0 75 44 0 14518 1208750 16912 754870 1097500 827138
 4860.688814 23783 1400 1400 1400 1400 75 46 0 75 52 0 75 42 0 75 44 0 14762 1208750 16912 755144 1097500 828235
 4860.888814 23784 1400 1400 1400 1400 75 46 0 75 52 0 75 42 0 75 44 0 14762 1208750 16912 755144 1097500 828235
 4861.088814 23785 1400 1400 1400 1400 75 46 0 75 52 0 75 42 0 75 44 0 14518 1208750 16912 757062 1097500 830429
 4861.288814 23786 1400 1400 1400 1400 75 46 0 75 52 0 75 42 0 75 44 0 15006 1208750 18120 759254 1097500 832623
 4861.488815 23787 1400 1400 1400 1400 75 46 0 75 52 0 75 42 0 75 44 0 14518 1208750 16912 755418 1097500 828235
 4861.688797 23788 1400 1400 1400 1400 75 46 0 75 52 0 75 42 0 75 44 0 14518 1208750 16912 755418 1097500 828235
 4861.888811 23789 1400 1400 1400 1400 75 46 0 75 52 0 75 42 0 75 44 0 15006 1208750 18120 754322 1097500 827138
 4862.088825 23790 1400 1400 1400 1400 75 46 0 75 52 0 75 42 0 75 44 0 14762 1208750 16912 749938 1097500 821653
 4862.288815 23791 1400 1400 1400 1400 75 46 0 75 52 0 75 42 0 75 44 0 14518 1208750 16912 750486 1097500 822750
 4862.488794 23792 1400 1400 1400 1400 75 46 0 75 52 0 75 42 0 75 44 0 15006 1208750 18120 750760 1097500 822750
 4862.688814 23793 1400 1400 1400 1400 75 46 0 75 52 0 75 42 0 75 44 0 15006 1208750 18120 750760 1097500 822750
 4862.888814 23794 1400 1400 1400 1400 75 46 0 75 52 0 75 42 0 75 44 0 15006 1208750 18120 754322 1097500 827138
 4863.088814 23795 1400 1400 1400 1400 75 46 0 75 52 0 75 42 0 75 44 0 14762 1208750 16912 754322 1097500 827138
 4863.288814 23796 1400 1400 1400 1400 75 46 0 75 52 0 75 42 0 75 44 0 14762 1210000 16940 754048 1097500 827138
 4863.488814 23797 1400 1400 1400 1400 75 46 0 75 52 0 75 42 0 75 44 0 14762 1210000 16940 754048 1097500 827138
 4863.688814 23798 1400 1400 1400 1400 75 46 0 75 52 0 75 42 0 75 44 0 14518 1208750 16912 752130 1097500 824944
 4863.888814 23799 1400 1400 1400 1400 75 46 0 75 52 0 75 42 0 75 44 0 14762 1208750 16912 751034 1097500 823847
 4864.088811 23800 1400 1400 1400 1400 75 46 0 75 52 0 75 42 0 75 44 0 15006 1208750 18120 751582 1097500 823847
 4864.288814 23801 1400 1400 1400 1400 75 46 0 75 52 0 75 42 0 75 44 0 15006 1208750 18120 751582 1097500 823847
 4864.488814 23802 1400 1400 1400 1400 75 46 0 75 52 0 75 42 0 75 44 0 14762 1210000 16940 752130 1097500 824944
 4864.688815 23803 1400 1400 1400 1400 75 46 0 75 52 0 75 42 0 75 44 0 14762 1208750 16912 757062 1097500 830429
 4864.888810 23804 1400 1400 1400 1400 75 46 0 75 52 0 75 42 0 75 44 0 14762 1208750 16912 754596 1097500 827138
 4865.088814 23805 1400 1400 1400 1400 75 46 0 75 52 0 75 42 0 75 44 0 14762 1208750 16912 754596 1097500 827138
 4865.288811 23806 1400 1400 1400 1400 75 46 0 75 52 0 75 42 0 75 44 0 14762 1210000 16940 766652 1097500 840302
 4865.488814 23807 1400 1400 1400 1400 75 46 0 75 52 0 75 42 0 75 44 0 14762 1208750 16912 776242 1097500 851272
 4865.688814 23808 1400 1400 1400 1400 75 46 0 75 52 0 75 42 0 75 44 0 14518 1208750 16912 753774 1097500 826041
 4865.888814 23809 1400 1400 1400 1400 75 46 0 75 52 0 75 42 0 75 44 0 14518 1208750 16912 753774 1097500 826041
 4866.088814 23810 1400 1400 1400 1400 75 46 0 75 52 0 75 42 0 75 44 0 14762 1208750 16912 754322 1097500 827138
 4866.288814 23811 1400 1400 1400 1400 75 46 0 75 52 0 75 42 0 75 44 0 14518 1208750 16912 754870 1097500 827138
 4866.488815 23812 1400 1400 1400 1400 75 46 0 75 52 0 75 42 0 75 44 0 14518 1210000 16940 754322 1097500 827138
 4866.688814 23813 1400 1400 1400 1400 75 46 0 75 52 0 75 42 0 75 44 0 14518 1210000 16940 754322 1097500 827138
 4866.888839 23814 1400 1400 1400 1400 75 46 0 75 52 0 75 42 0 75 44 0 14518 1210000 16940 755692 1097500 828235
 4867.088814 23815 1400 1400 1400 1400 75 46 0 75 52 0 75 42 0 75 44 0 15006 1210000 18150 756788 1097500 829332
 4867.288814 23816 1400 1400 1400 1400 75 46 0 75 52 0 75 42 0 75 44 0 14762 1208750 16912 757336 1097500 830429
 4867.488814 23817 1400 1400 1400 1400 75 46 0 75 52 0 75 42 0 75 44 0 14762 1208750 16912 757336 1097500 830429
 4867.688811 23818 1400 1400 1400 1400 75 46 0 75 52 0 75 42 0 75 44 0 14762 1210000 16940 755692 1097500 828235
 4867.888814 23819 1400 1400 1400 1400 75 46 0 75 52 0 75 42 0 75 44 0 14518 1208750 16912 755692 1097500 828235
 4868.088814 23820 1400 1400 1400 1400 75 46 0 75 52 0 75 42 0 75 44 0 14762 1208750 16912 754048 1097500 827138
 4868.288798 23821 1400 1400 1400 1400 75 46 0 75 52 0 75 42 0 75 44 0 14762 1208750 16912 754048 1097500 827138
 4868.488814 23822 1400 1400 1400 1400 75 46 0 75 52 0 75 42 0 75 44 0 14762 1210000 16940 754596 1097500 827138
 4868.688814 23823 1400 1400 1400 1400 75 46 0 75 52 0 75 42 0 75 44 0 14762 1210000 16940 757884 1097500 830429
 4868.888815 23824 1400 1400 1400 1400 75 46 0 75 52 0 75 42 0 75 44 0 15006 1208750 18120 756788 1097500 829332
 4869.088807 23825 1400 1400 1400 1400 74 46 0 74 52 0 74 42 0 74 44 0 14762 1208750 16912 510462 1096250 558960
 4869.288807 23826 1400 1400 1400 1400 74 46 0 74 52 0 74 42 0 74 44 0 14762 1208750 16912 510462 1096250 558960
 4869.488807 23827 1400 1400 1400 1400 74 46 0 74 52 0 74 42 0 74 44 0 14762 1210000 16940 71788 1095000 77745
 4869.688807 23828 1400 1400 1400 1400 74 46 0 74 52 0 74 42 0 74 44 0 14762 1210000 16940 67952 1095000 73365
 4869.888804 23829 1400 1400 1400 1400 74 46 0 74 52 0 74 42 0 74 44 0 14762 1210000 16940 66856 1095000 72270
 4870.088806 23830 1400 1400 1400 1400 72 46 0 72 52 0 72 42 0 72 44 0 14762 1210000 16940 66856 1095000 72270
 4870.288805 23831 1400 1400 1400 1400 72 46 0 72 52 0 72 42 0 72 44 0 14762 1210000 16940 66856 1095000 72270
