 3924.428804 19102 1600 1600 1600 1600 79 46 0 79 52 0 79 42 0 79 44 0 15494 1210000 18150 325786 1158750 376350
 3924.628803 19103 1600 1600 1600 1600 79 46 0 79 52 0 79 42 0 79 44 0 15494 1210000 18150 98640 1157500 113386
 3924.828803 19104 1600 1600 1600 1600 79 46 0 79 52 0 79 42 0 79 44 0 15494 1210000 18150 98092 1157500 113386
 3925.028803 19105 1600 1600 1600 1600 77 46 0 77 52 0 77 42 0 77 44 0 15494 1210000 18150 117820 1157500 135369
 3925.228803 19106 1600 1600 1600 1600 77 46 0 77 52 0 77 42 0 77 44 0 15494 1210000 18150 117820 1157500 135369
 3925.428803 19107 1600 1600 1600 1600 77 46 0 77 52 0 77 42 0 77 44 0 15250 1210000 18150 96722 1157500 111072
 3925.628800 19108 1600 1600 1600 1600 77 46 0 77 52 0 77 42 0 77 44 0 15006 1210000 18150 95900 1157500 109915
 3925.828804 19109 1600 1600 1600 1600 77 46 0 77 52 0 77 42 0 77 44 0 15250 1210000 18150 91242 1157500 105287
 3926.028781 19110 1600 1600 1600 1600 76 46 0 76 52 0 76 42 0 76 44 0 15006 1210000 18150 90694 1157500 104130
 3926.228804 19111 1600 1600 1600 1600 76 46 0 76 52 0 76 42 0 76 44 0 15006 1210000 18150 90694 1157500 104130
 3926.428803 19112 1600 1600 1600 1600 76 46 0 76 52 0 76 42 0 76 44 0 15494 1210000 18150 89872 1157500 102973
 3926.628803 19113 1600 1600 1600 1600 76 46 0 76 52 0 76 42 0 76 44 0 15250 1210000 18150 84118 1157500 97188
 3926.828990 19114 1600 1600 1600 1600 76 46 0 76 52 0 76 42 0 76 44 0 15006 1210000 18150 84666 1157500 97188
 3927.028804 19115 1600 1600 1600 1600 75 46 0 75 52 0 75 42 0 75 44 0 15006 1210000 18150 84666 1157500 97188
 3927.228805 19116 1600 1600 1600 1600 75 46 0 75 52 0 75 42 0 75 44 0 15250 1210000 18150 333184 1160000 386280
 3927.428803 19117 1600 1600 1600 1600 75 46 0 75 52 0 75 42 0 75 44 0 15006 1210000 18150 84392 1157500 97188
 3927.628746 19118 1600 1600 1600 1600 75 46 0 75 52 0 75 42 0 75 44 0 15006 1210000 18150 86858 1157500 99502
 3927.828862 19119 1600 1600 1600 1600 75 46 0 75 52 0 75 42 0 75 44 0 15006 1210000 18150 86858 1157500 99502
 3928.028818 19120 1600 1600 1600 1600 76 46 0 76 52 0 76 42 0 76 44 0 15006 1210000 18150 623624 1161250 723303
 3928.228900 19121 1600 1600 1600 1600 76 46 0 76 52 0 76 42 0 76 44 0 15006 1208750 18120 1337668 1165000 1557605
 3928.428810 19122 1600 1600 1600 1600 76 46 0 76 52 0 76 42 0 76 44 0 15006 1210000 18150 1125866 1163750 1308375
 3928.628810 19123 1600 1600 1600 1600 76 46 0 76 52 0 76 42 0 76 44 0 15006 1210000 18150 1125866 1163750 1308375
 3928.828810 19124 1600 1600 1600 1600 76 46 0 76 52 0 76 42 0 76 44 0 15250 1210000 18150 945026 1161250 1097145
 3929.028745 19125 1600 1600 1600 1600 76 46 0 76 52 0 76 42 0 76 44 0 15250 1210000 18150 937080 1161250 1087857
 3929.228810 19126 1600 1600 1600 1600 76 46 0 76 52 0 76 42 0 76 44 0 15006 1210000 18150 951876 1161250 1104111
 3929.428810 19127 1600 1600 1600 1600 76 46 0 76 52 0 76 42 0 76 44 0 15006 1210000 18150 951876 1161250 1104111
 3929.628811 19128 1600 1600 1600 1600 76 46 0 76 52 0 76 42 0 76 44 0 15006 1210000 18150 937354 1161250 1087857
 3929.828811 19129 1600 1600 1600 1600 76 46 0 76 52 0 76 42 0 76 44 0 15006 1210000 18150 938450 1161250 1089018
 3930.028811 19130 1600 1600 1600 1600 76 46 0 76 52 0 76 42 0 76 44 0 15006 1210000 18150 936806 1161250 1086696
 3930.228811 19131 1600 1600 1600 1600 76 46 0 76 52 0 76 42 0 76 44 0 15006 1210000 18150 936806 1161250 1086696
 3930.428840 19132 1600 1600 1600 1600 76 46 0 76 52 0 76 42 0 76 44 0 14762 1210000 16940 933518 1161250 1083213
 3930.628810 19133 1600 1600 1600 1600 76 46 0 76 52 0 76 42 0 76 44 0 15250 1210000 18150 934066 1161250 1084374
 3930.828811 19134 1600 1600 1600 1600 76 46 0 76 52 0 76 42 0 76 44 0 15006 1210000 18150 937628 1161250 1087857
 3931.028811 19135 1600 1600 1600 1600 76 46 0 76 52 0 76 42 0 76 44 0 15006 1210000 18150 937628 1161250 1087857
 3931.228864 19136 1600 1600 1600 1600 76 46 0 76 52 0 76 42 0 76 44 0 15006 1210000 18150 937080 1161250 1087857
 3931.428811 19137 1600 1600 1600 1600 76 46 0 76 52 0 76 42 0 76 44 0 14762 1210000 16940 937902 1161250 1087857
 3931.628810 19138 1600 1600 1600 1600 76 46 0 76 52 0 76 42 0 76 44 0 15250 1210000 18150 939546 1161250 1090179
 3931.828793 19139 1600 1600 1600 1600 76 46 0 76 52 0 76 42 0 76 44 0 15250 1210000 18150 939546 1161250 1090179
 3932.028810 19140 1600 1600 1600 1600 76 46 0 76 52 0 76 42 0 76 44 0 14762 1210000 16940 933518 1161250 1083213
 3932.228811 19141 1600 1600 1600 1600 76 46 0 76 52 0 76 42 0 76 44 0 15006 1210000 18150 934066 1161250 1084374
 3932.428811 19142 1600 1600 1600 1600 76 46 0 76 52 0 76 42 0 76 44 0 15006 1210000 18150 933518 1161250 1083213
 3932.628788 19143 1600 1600 1600 1600 76 46 0 76 52 0 76 42 0 76 44 0 15006 1210000 18150 937628 1161250 1087857
 3932.828807 19144 1600 1600 1600 1600 76 46 0 76 52 0 76 42 0 76 44 0 15006 1210000 18150 937628 1161250 1087857
 3933.028810 19145 1600 1600 1600 1600 76 46 0 76 52 0 76 42 0 76 44 0 15006 1210000 18150 937902 1161250 1087857
 3933.228810 19146 1600 1600 1600 1600 76 46 0 76 52 0 76 42 0 76 44 0 15250 1210000 18150 937628 1161250 1087857
 3933.428811 19147 1600 1600 1600 1600 76 46 0 76 52 0 76 42 0 76 44 0 15006 1210000 18150 938176 1161250 1089018
 3933.628810 19148 1600 1600 1600 1600 76 46 0 76 52 0 76 42 0 76 44 0 15006 1210000 18150 938176 1161250 1089018
 3933.828808 19149 1600 1600 1600 1600 76 46 0 76 52 0 76 42 0 76 44 0 15250 1210000 18150 935436 1161250 1085535
 3934.028810 19150 1600 1600 1600 1600 77 46 0 77 52 0 77 42 0 77 44 0 15006 1210000 18150 932422 1161250 1082052
 3934.228867 19151 1600 1600 1600 1600 77 46 0 77 52 0 77 42 0 77 44 0 15006 1210000 18150 932696 1161250 1082052
 3934.428811 19152 1600 1600 1600 1600 77 46 0 77 52 0 77 42 0 77 44 0 15006 1210000 18150 932696 1161250 1082052
 3934.628810 19153 1600 1600 1600 1600 77 46 0 77 52 0 77 42 0 77 44 0 15250 1210000 18150 937354 1161250 1087857
 3934.828810 19154 1600 1600 1600 1600 77 46 0 77 52 0 77 42 0 77 44 0 15006 1210000 18150 935710 1161250 1085535
 3935.028791 19155 1600 1600 1600 1600 77 46 0 77 52 0 77 42 0 77 44 0 15250 1210000 18150 938176 1161250 1089018
 3935.228810 19156 1600 1600 1600 1600 77 46 0 77 52 0 77 42 0 77 44 0 15250 1210000 18150 938176 1161250 1089018
 3935.428810 19157 1600 1600 1600 1600 77 46 0 77 52 0 77 42 0 77 44 0 15006 1210000 18150 939546 1161250 1090179
 3935.628811 19158 1600 1600 1600 1600 77 46 0 77 52 0 77 42 0 77 44 0 15006 1210000 18150 935162 1161250 1085535
 3935.828810 19159 1600 1600 1600 1600 77 46 0 77 52 0 77 42 0 77 44 0 15250 1210000 18150 935436 1161250 1085535
 3936.028811 19160 1600 1600 1600 1600 77 46 0 77 52 0 77 42 0 77 44 0 15250 1210000 18150 935436 1161250 1085535
 3936.228807 19161 1600 1600 1600 1600 77 46 0 77 52 0 77 42 0 77 44 0 15250 1210000 18150 936532 1161250 1086696
 3936.428811 19162 1600 1600 1600 1600 77 46 0 77 52 0 77 42 0 77 44 0 15250 1210000 18150 939546 1161250 1090179
 3936.628810 19163 1600 1600 1600 1600 77 46 0 77 52 0 77 42 0 77 44 0 15006 1210000 18150 939820 1161250 1090179
 3936.828810 19164 1600 1600 1600 1600 77 46 0 77 52 0 77 42 0 77 44 0 15006 1210000 18150 939820 1161250 1090179
 3937.028810 19165 1600 1600 1600 1600 77 46 0 77 52 0 77 42 0 77 44 0 15006 1210000 18150 940916 1161250 1091340
 3937.228866 19166 1600 1600 1600 1600 77 46 0 77 52 0 77 42 0 77 44 0 15250 1210000 18150 940094 1161250 1091340
 3937.428810 19167 1600 1600 1600 1600 77 46 0 77 52 0 77 42 0 77 44 0 15006 1210000 18150 939546 1161250 1090179
 3937.628811 19168 1600 1600 1600 1600 77 46 0 77 52 0 77 42 0 77 44 0 15006 1210000 18150 939546 1161250 1090179
 3937.828811 19169 1600 1600 1600 1600 77 46 0 77 52 0 77 42 0 77 44 0 15006 1210000 18150 937628 1161250 1087857
 3938.028811 19170 1600 1600 1600 1600 77 46 0 77 52 0 77 42 0 77 44 0 15006 1210000 18150 938450 1161250 1089018
 3938.228810 19171 1600 1600 1600 1600 77 46 0 77 52 0 77 42 0 77 44 0 15250 1210000 18150 938450 1161250 1089018
 3938.428879 19172 1600 1600 1600 1600 77 46 0 77 52 0 77 42 0 77 44 0 15250 1210000 18150 942560 1161250 1093662
 3938.628807 19173 1600 1600 1600 1600 77 46 0 77 52 0 77 42 0 77 44 0 15250 1210000 18150 942560 1161250 1093662
 3938.828811 19174 1600 1600 1600 1600 77 46 0 77 52 0 77 42 0 77 44 0 14762 1210000 16940 941190 1161250 1092501
 3939.028810 19175 1600 1600 1600 1600 77 46 0 77 52 0 77 42 0 77 44 0 15250 1210000 18150 942560 1161250 1093662
 3939.228810 19176 1600 1600 1600 1600 77 46 0 77 52 0 77 42 0 77 44 0 15250 1210000 18150 938176 1161250 1089018
 3939.428810 19177 1600 1600 1600 1600 77 46 0 77 52 0 77 42 0 77 44 0 15250 1210000 18150 938176 1161250 1089018
 3939.628810 19178 1600 1600 1600 1600 77 46 0 77 52 0 77 42 0 77 44 0 15250 1210000 18150 939546 1161250 1090179
 3939.828811 19179 1600 1600 1600 1600 77 46 0 77 52 0 77 42 0 77 44 0 15250 1210000 18150 937354 1161250 1087857
 3940.028810 19180 1600 1600 1600 1600 77 46 0 77 52 0 77 42 0 77 44 0 15006 1210000 18150 937080 1161250 1087857
 3940.228865 19181 1600 1600 1600 1600 77 46 0 77 52 0 77 42 0 77 44 0 15006 1210000 18150 937080 1161250 1087857
 3940.428827 19182 1600 1600 1600 1600 77 46 0 77 52 0 77 42 0 77 44 0 15006 1210000 18150 941190 1161250 1092501
 3940.628810 19183 1600 1600 1600 1600 77 46 0 77 52 0 77 42 0 77 44 0 15006 1210000 18150 943656 1161250 1094823
 3940.828807 19184 1600 1600 1600 1600 77 46 0 77 52 0 77 42 0 77 44 0 15250 1208750 18120 938176 1161250 1089018
 3941.028792 19185 1600 1600 1600 1600 77 46 0 77 52 0 77 42 0 77 44 0 15250 1208750 18120 938176 1161250 1089018
 3941.228810 19186 1600 1600 1600 1600 77 46 0 77 52 0 77 42 0 77 44 0 15250 1210000 18150 938176 1161250 1089018
 3941.428811 19187 1600 1600 1600 1600 77 46 0 77 52 0 77 42 0 77 44 0 15006 1208750 18120 934066 1161250 1084374
 3941.628811 19188 1600 1600 1600 1600 77 46 0 77 52 0 77 42 0 77 44 0 15250 1210000 18150 934340 1161250 1084374
 3941.828811 19189 1600 1600 1600 1600 77 46 0 77 52 0 77 42 0 77 44 0 15250 1210000 18150 934340 1161250 1084374
 3942.028807 19190 1600 1600 1600 1600 77 46 0 77 52 0 77 42 0 77 44 0 15250 1210000 18150 933244 1161250 1083213
 3942.228811 19191 1600 1600 1600 1600 77 46 0 77 52 0 77 42 0 77 44 0 15250 1210000 18150 938176 1161250 1089018
 3942.428811 19192 1600 1600 1600 1600 77 46 0 77 52 0 77 42 0 77 44 0 15006 1210000 18150 938724 1161250 1089018
 3942.628811 19193 1600 1600 1600 1600 77 46 0 77 52 0 77 42 0 77 44 0 15006 1210000 18150 938724 1161250 1089018
 3942.828811 19194 1600 1600 1600 1600 77 46 0 77 52 0 77 42 0 77 44 0 15250 1208750 18120 937628 1161250 1087857
 3943.028811 19195 1600 1600 1600 1600 77 46 0 77 52 0 77 42 0 77 44 0 15006 1210000 18150 937354 1161250 1087857
 3943.228866 19196 1600 1600 1600 1600 77 46 0 77 52 0 77 42 0 77 44 0 15250 1210000 18150 934066 1161250 1084374
 3943.428811 19197 1600 1600 1600 1600 77 46 0 77 52 0 77 42 0 77 44 0 15250 1210000 18150 934066 1161250 1084374
 3943.628810 19198 1600 1600 1600 1600 77 46 0 77 52 0 77 42 0 77 44 0 15006 1210000 18150 937628 1161250 1087857
 3943.828811 19199 1600 1600 1600 1600 77 46 0 77 52 0 77 42 0 77 44 0 15250 1210000 18150 934066 1161250 1084374
 3944.028811 19200 1600 1600 1600 1600 77 46 0 77 52 0 77 42 0 77 44 0 15006 1208750 18120 937902 1161250 1087857
 3944.228794 19201 1600 1600 1600 1600 77 46 0 77 52 0 77 42 0 77 44 0 15006 1208750 18120 937902 1161250 1087857
 3944.428807 19202 1600 1600 1600 1600 77 46 0 77 52 0 77 42 0 77 44 0 15250 1210000 18150 940916 1161250 1091340
 3944.628811 19203 1600 1600 1600 1600 77 46 0 77 52 0 77 42 0 77 44 0 15006 1208750 18120 938998 1161250 1089018
 3944.828811 19204 1600 1600 1600 1600 77 46 0 77 52 0 77 42 0 77 44 0 15250 1210000 18150 942286 1161250 1093662
 3945.028790 19205 1600 1600 1600 1600 77 46 0 77 52 0 77 42 0 77 44 0 15006 1208750 18120 938450 1161250 1089018
 3945.228810 19206 1600 1600 1600 1600 77 46 0 77 52 0 77 42 0 77 44 0 15006 1208750 18120 938450 1161250 1089018
 3945.428810 19207 1600 1600 1600 1600 77 46 0 77 52 0 77 42 0 77 44 0 15494 1210000 18150 938724 1161250 1089018
 3945.628810 19208 1600 1600 1600 1600 77 46 0 77 52 0 77 42 0 77 44 0 15250 1210000 18150 938450 1161250 1089018
 3945.828811 19209 1600 1600 1600 1600 77 46 0 77 52 0 77 42 0 77 44 0 15250 1210000 18150 942560 1161250 1093662
 3946.028811 19210 1600 1600 1600 1600 77 46 0 77 52 0 77 42 0 77 44 0 15250 1210000 18150 942560 1161250 1093662
 3946.228865 19211 1600 1600 1600 1600 77 46 0 77 52 0 77 42 0 77 44 0 15250 1210000 18150 943656 1161250 1094823
 3946.428811 19212 1600 1600 1600 1600 77 46 0 77 52 0 77 42 0 77 44 0 15494 1210000 18150 946122 1161250 1098306
 3946.628808 19213 1600 1600 1600 1600 77 46 0 77 52 0 77 42 0 77 44 0 15250 1208750 18120 946122 1161250 1098306
 3946.828810 19214 1600 1600 1600 1600 77 46 0 77 52 0 77 42 0 77 44 0 15250 1208750 18120 946122 1161250 1098306
 3947.028791 19215 1600 1600 1600 1600 77 46 0 77 52 0 77 42 0 77 44 0 15250 1210000 18150 942286 1161250 1093662
 3947.228810 19216 1600 1600 1600 1600 77 46 0 77 52 0 77 42 0 77 44 0 15250 1210000 18150 940094 1161250 1091340
 3947.428810 19217 1600 1600 1600 1600 77 46 0 77 52 0 77 42 0 77 44 0 15250 1210000 18150 938724 1161250 1089018
 3947.628810 19218 1600 1600 1600 1600 77 46 0 77 52 0 77 42 0 77 44 0 15250 1210000 18150 938724 1161250 1089018
 3947.828810 19219 1600 1600 1600 1600 77 46 0 77 52 0 77 42 0 77 44 0 15250 1210000 18150 942560 1161250 1093662
 3948.028811 19220 1600 1600 1600 1600 77 46 0 77 52 0 77 42 0 77 44 0 15250 1208750 18120 943382 1161250 1094823
 3948.228811 19221 1600 1600 1600 1600 77 46 0 77 52 0 77 42 0 77 44 0 15494 1210000 18150 942286 1161250 1093662
 3948.428810 19222 1600 1600 1600 1600 77 46 0 77 52 0 77 42 0 77 44 0 15494 1210000 18150 942286 1161250 1093662
 3948.628811 19223 1600 1600 1600 1600 77 46 0 77 52 0 77 42 0 77 44 0 15006 1210000 18150 943382 1161250 1094823
 3948.828810 19224 1600 1600 1600 1600 77 46 0 77 52 0 77 42 0 77 44 0 15250 1208750 18120 938998 1161250 1089018
 3949.028811 19225 1600 1600 1600 1600 77 46 0 77 52 0 77 42 0 77 44 0 15006 1210000 18150 937080 1161250 1087857
 3949.228865 19226 1600 1600 1600 1600 77 46 0 77 52 0 77 42 0 77 44 0 15006 1210000 18150 937080 1161250 1087857
 3949.428810 19227 1600 1600 1600 1600 77 46 0 77 52 0 77 42 0 77 44 0 15250 1210000 18150 937354 1161250 1087857
 3949.628810 19228 1600 1600 1600 1600 77 46 0 77 52 0 77 42 0 77 44 0 15250 1210000 18150 941190 1161250 1092501
 3949.828811 19229 1600 1600 1600 1600 77 46 0 77 52 0 77 42 0 77 44 0 15250 1208750 18120 940916 1161250 1091340
 3950.028811 19230 1600 1600 1600 1600 77 46 0 77 52 0 77 42 0 77 44 0 15250 1208750 18120 940916 1161250 1091340
 3950.228807 19231 1600 1600 1600 1600 77 46 0 77 52 0 77 42 0 77 44 0 15250 1210000 18150 966124 1161250 1121526
 3950.428825 19232 1600 1600 1600 1600 77 46 0 77 52 0 77 42 0 77 44 0 15250 1210000 18150 941464 1161250 1092501
 3950.628810 19233 1600 1600 1600 1600 77 46 0 77 52 0 77 42 0 77 44 0 15006 1210000 18150 935162 1161250 1085535
 3950.828794 19234 1600 1600 1600 1600 77 46 0 77 52 0 77 42 0 77 44 0 15006 1210000 18150 935162 1161250 1085535
 3951.028811 19235 1600 1600 1600 1600 77 46 0 77 52 0 77 42 0 77 44 0 15250 1210000 18150 935710 1161250 1085535
 3951.228810 19236 1600 1600 1600 1600 77 46 0 77 52 0 77 42 0 77 44 0 15250 1210000 18150 934614 1161250 1084374
 3951.428810 19237 1600 1600 1600 1600 77 46 0 77 52 0 77 42 0 77 44 0 15250 1208750 18120 934888 1161250 1084374
 3951.628810 19238 1600 1600 1600 1600 77 46 0 77 52 0 77 42 0 77 44 0 15006 1210000 18150 939820 1161250 1090179
 3951.828810 19239 1600 1600 1600 1600 77 46 0 77 52 0 77 42 0 77 44 0 15006 1210000 18150 939820 1161250 1090179
 3952.028810 19240 1600 1600 1600 1600 77 46 0 77 52 0 77 42 0 77 44 0 15250 1210000 18150 938450 1161250 1089018
 3952.228867 19241 1600 1600 1600 1600 77 46 0 77 52 0 77 42 0 77 44 0 15250 1210000 18150 939546 1161250 1090179
 3952.428808 19242 1600 1600 1600 1600 77 46 0 77 52 0 77 42 0 77 44 0 15250 1210000 18150 937902 1161250 1087857
 3952.628811 19243 1600 1600 1600 1600 77 46 0 77 52 0 77 42 0 77 44 0 15250 1210000 18150 937902 1161250 1087857
 3952.828811 19244 1600 1600 1600 1600 77 46 0 77 52 0 77 42 0 77 44 0 15250 1210000 18150 938998 1161250 1089018
 3953.028791 19245 1600 1600 1600 1600 77 46 0 77 52 0 77 42 0 77 44 0 15250 1210000 18150 936806 1161250 1086696
 3953.228810 19246 1600 1600 1600 1600 77 46 0 77 52 0 77 42 0 77 44 0 15250 1210000 18150 936532 1161250 1086696
 3953.428810 19247 1600 1600 1600 1600 77 46 0 77 52 0 77 42 0 77 44 0 15250 1210000 18150 936532 1161250 1086696
 3953.628811 19248 1600 1600 1600 1600 77 46 0 77 52 0 77 42 0 77 44 0 15250 1210000 18150 941190 1161250 1092501
 3953.828810 19249 1600 1600 1600 1600 77 46 0 77 52 0 77 42 0 77 44 0 15250 1210000 18150 940094 1161250 1091340
 3954.028810 19250 1600 1600 1600 1600 77 46 0 77 52 0 77 42 0 77 44 0 15250 1210000 18150 940368 1161250 1091340
 3954.228811 19251 1600 1600 1600 1600 77 46 0 77 52 0 77 42 0 77 44 0 15250 1210000 18150 940368 1161250 1091340
 3954.428810 19252 1600 1600 1600 1600 77 46 0 77 52 0 77 42 0 77 44 0 15250 1210000 18150 935984 1161250 1085535
 3954.628811 19253 1600 1600 1600 1600 77 46 0 77 52 0 77 42 0 77 44 0 15250 1210000 18150 940368 1161250 1091340
 3954.828808 19254 1600 1600 1600 1600 77 46 0 77 52 0 77 42 0 77 44 0 15250 1210000 18150 938176 1161250 1089018
 3955.028811 19255 1600 1600 1600 1600 77 46 0 77 52 0 77 42 0 77 44 0 15250 1210000 18150 938176 1161250 1089018
 3955.228866 19256 1600 1600 1600 1600 77 46 0 77 52 0 77 42 0 77 44 0 15006 1210000 18150 939820 1161250 1090179
 3955.428810 19257 1600 1600 1600 1600 77 46 0 77 52 0 77 42 0 77 44 0 15250 1210000 18150 942286 1161250 1093662
 3955.628811 19258 1600 1600 1600 1600 77 46 0 77 52 0 77 42 0 77 44 0 15250 1210000 18150 945026 1161250 1097145
 3955.828810 19259 1600 1600 1600 1600 77 46 0 77 52 0 77 42 0 77 44 0 15250 1210000 18150 945026 1161250 1097145
 3956.028807 19260 1600 1600 1600 1600 77 46 0 77 52 0 77 42 0 77 44 0 15250 1210000 18150 942834 1161250 1093662
 3956.228811 19261 1600 1600 1600 1600 77 46 0 77 52 0 77 42 0 77 44 0 15250 1210000 18150 938450 1161250 1089018
 3956.428810 19262 1600 1600 1600 1600 77 46 0 77 52 0 77 42 0 77 44 0 15494 1210000 18150 939546 1161250 1090179
 3956.628811 19263 1600 1600 1600 1600 77 46 0 77 52 0 77 42 0 77 44 0 15494 1210000 18150 939546 1161250 1090179
 3956.828811 19264 1600 1600 1600 1600 77 46 0 77 52 0 77 42 0 77 44 0 15250 1210000 18150 939272 1161250 1090179
 3957.028810 19265 1600 1600 1600 1600 77 46 0 77 52 0 77 42 0 77 44 0 15250 1210000 18150 938724 1161250 1089018
 3957.228811 19266 1600 1600 1600 1600 77 46 0 77 52 0 77 42 0 77 44 0 15250 1210000 18150 941738 1161250 1092501
 3957.428790 19267 1600 1600 1600 1600 77 46 0 77 52 0 77 42 0 77 44 0 15006 1210000 18150 942560 1161250 1093662
 3957.628810 19268 1600 1600 1600 1600 77 46 0 77 52 0 77 42 0 77 44 0 15006 1210000 18150 942560 1161250 1093662
 3957.828811 19269 1600 1600 1600 1600 77 46 0 77 52 0 77 42 0 77 44 0 15250 1210000 18150 943656 1161250 1094823
 3958.028810 19270 1600 1600 1600 1600 77 46 0 77 52 0 77 42 0 77 44 0 15250 1210000 18150 938724 1161250 1089018
 3958.228863 19271 1600 1600 1600 1600 77 46 0 77 52 0 77 42 0 77 44 0 15250 1210000 18150 942012 1161250 1093662
 3958.428824 19272 1600 1600 1600 1600 77 46 0 77 52 0 77 42 0 77 44 0 15250 1210000 18150 942012 1161250 1093662
 3958.628805 19273 1600 1600 1600 1600 77 46 0 77 52 0 77 42 0 77 44 0 15250 1210000 18150 941190 1161250 1092501
 3958.828803 19274 1600 1600 1600 1600 77 46 0 77 52 0 77 42 0 77 44 0 15250 1210000 18150 418946 1158750 484044
 3959.028782 19275 1600 1600 1600 1600 76 46 0 76 52 0 76 42 0 76 44 0 15006 1210000 18150 95352 1157500 109915
 3959.228803 19276 1600 1600 1600 1600 76 46 0 76 52 0 76 42 0 76 44 0 15006 1210000 18150 95352 1157500 109915
 3959.428803 19277 1600 1600 1600 1600 76 46 0 76 52 0 76 42 0 76 44 0 15006 1210000 18150 93708 1157500 107601
 3959.628803 19278 1600 1600 1600 1600 76 46 0 76 52 0 76 42 0 76 44 0 15006 1210000 18150 92064 1157500 106444
 3959.828803 19279 1600 1600 1600 1600 76 46 0 76 52 0 76 42 0 76 44 0 15250 1210000 18150 88228 1157500 101816
 3960.028803 19280 1600 1600 1600 1600 75 46 0 75 52 0 75 42 0 75 44 0 15250 1210000 18150 88228 1157500 101816
 3960.228803 19281 1600 1600 1600 1600 75 46 0 75 52 0 75 42 0 75 44 0 15250 1210000 18150 99462 1157500 114543
 3960.428822 19282 1600 1600 1600 1600 75 46 0 75 52 0 75 42 0 75 44 0 15250 1210000 18150 84666 1157500 97188
 3960.628800 19283 1600 1600 1600 1600 75 46 0 75 52 0 75 42 0 75 44 0 15006 1210000 18150 85214 1157500 98345
 3960.828803 19284 1600 1600 1600 1600 75 46 0 75 52 0 75 42 0 75 44 0 15006 1210000 18150 85214 1157500 98345
 3961.028803 19285 1600 1600 1600 1600 74 46 0 74 52 0 74 42 0 74 44 0 15250 1210000 18150 86858 1157500 99502
