36494.589949 180325 250 250 250 250 73 46 0 73 52 0 73 42 0 73 44 0 9028 950000 8550 8220 1021250 8168
36494.789948 180326 250 250 250 250 73 46 0 73 52 0 73 42 0 73 44 0 9028 950000 8550 8220 1021250 8168
36494.989949 180327 250 250 250 250 73 46 0 73 52 0 73 42 0 73 44 0 8723 950000 7600 8220 1021250 8168
36495.189931 180328 250 250 250 250 73 46 0 73 52 0 73 42 0 73 44 0 8723 950000 7600 7946 1021250 7147
36495.389949 180329 250 250 250 250 73 46 0 73 52 0 73 42 0 73 44 0 9028 950000 8550 8220 1021250 8168
36495.589948 180330 250 250 250 250 73 46 0 73 52 0 73 42 0 73 44 0 9028 950000 8550 8220 1021250 8168
36495.790000 180331 250 250 250 250 73 46 0 73 52 0 73 42 0 73 44 0 9028 950000 8550 8220 1021250 8168
36495.989952 180332 250 250 250 250 73 46 0 73 52 0 73 42 0 73 44 0 22509 950000 20900 8220 1021250 8168
36496.189931 180333 250 250 250 250 73 46 0 73 52 0 73 42 0 73 44 0 15982 950000 14250 8220 1021250 8168
36496.389947 180334 250 250 250 250 73 46 0 73 52 0 73 42 0 73 44 0 15982 950000 14250 8220 1021250 8168
36496.589990 180335 250 250 250 250 73 46 0 73 52 0 73 42 0 73 44 0 9028 950000 8550 8220 1021250 8168
36496.789967 180336 250 250 250 250 73 46 0 73 52 0 73 42 0 73 44 0 19520 950000 18050 8220 1021250 8168
36496.989955 180337 250 250 250 250 73 46 0 73 52 0 73 42 0 73 44 0 53741 948750 50244 7946 1021250 7147
36497.190047 180338 250 250 250 250 73 46 0 73 52 0 73 42 0 73 44 0 53741 948750 50244 7946 1021250 7147
36497.389904 180339 250 250 250 250 73 46 0 73 52 0 73 42 0 73 44 0 57218 948750 54036 8220 1021250 8168
36497.589909 180340 250 250 250 250 73 46 0 73 52 0 73 42 0 73 44 0 53741 948750 50244 8220 1021250 8168
36497.789870 180341 250 250 250 250 73 46 0 73 52 0 73 42 0 73 44 0 53741 948750 50244 8220 1021250 8168
36497.989953 180342 250 250 250 250 73 46 0 73 52 0 73 42 0 73 44 0 54229 948750 51192 8220 1021250 8168
36498.189913 180343 250 250 250 250 73 46 0 73 52 0 73 42 0 73 44 0 54229 948750 51192 8220 1021250 8168
36498.389891 180344 250 250 250 250 73 46 0 73 52 0 73 42 0 73 44 0 54473 948750 51192 8220 1021250 8168
36498.590062 180345 250 250 250 250 73 46 0 73 52 0 73 42 0 73 44 0 53253 948750 50244 8220 1021250 8168
36498.790022 180346 250 250 250 250 73 46 0 73 52 0 73 42 0 73 44 0 52277 948750 49296 8220 1021250 8168
36498.989962 180347 250 250 250 250 73 46 0 73 52 0 73 42 0 73 44 0 52277 948750 49296 8220 1021250 8168
36499.189953 180348 250 250 250 250 73 46 0 73 52 0 73 42 0 73 44 0 51728 948750 48348 8220 1021250 8168
36499.389952 180349 250 250 250 250 73 46 0 73 52 0 73 42 0 73 44 0 49227 948750 46452 8220 1021250 8168
36499.589951 180350 250 250 250 250 73 46 0 73 52 0 73 42 0 73 44 0 46726 948750 43608 8220 1021250 8168
36499.789954 180351 250 250 250 250 73 46 0 73 52 0 73 42 0 73 44 0 46726 948750 43608 8220 1021250 8168
36499.989982 180352 250 250 250 250 73 46 0 73 52 0 73 42 0 73 44 0 46970 948750 43608 8220 1021250 8168
36500.189938 180353 250 250 250 250 73 46 0 73 52 0 73 42 0 73 44 0 47275 948750 44556 8220 1021250 8168
36500.389950 180354 250 250 250 250 73 46 0 73 52 0 73 42 0 73 44 0 46970 948750 43608 8220 1021250 8168
36500.589949 180355 250 250 250 250 73 46 0 73 52 0 73 42 0 73 44 0 46970 948750 43608 8220 1021250 8168
36500.789951 180356 250 250 250 250 73 46 0 73 52 0 73 42 0 73 44 0 46726 948750 43608 8220 1021250 8168
36500.989974 180357 250 250 250 250 73 46 0 73 52 0 73 42 0 73 44 0 46970 948750 43608 8220 1021250 8168
36501.189949 180358 250 250 250 250 73 46 0 73 52 0 73 42 0 73 44 0 46482 948750 43608 8220 1021250 8168
36501.389949 180359 250 250 250 250 73 46 0 73 52 0 73 42 0 73 44 0 46482 948750 43608 8220 1021250 8168
36501.589949 180360 250 250 250 250 73 46 0 73 52 0 73 42 0 73 44 0 46482 948750 43608 8220 1021250 8168
36501.789951 180361 250 250 250 250 73 46 0 73 52 0 73 42 0 73 44 0 46970 948750 43608 8220 1021250 8168
36501.989974 180362 250 250 250 250 73 46 0 73 52 0 73 42 0 73 44 0 46482 948750 43608 8220 1021250 8168
36502.189954 180363 250 250 250 250 73 46 0 73 52 0 73 42 0 73 44 0 46482 948750 43608 8220 1021250 8168
36502.389950 180364 250 250 250 250 73 46 0 73 52 0 73 42 0 73 44 0 46970 948750 43608 8220 1021250 8168
36502.589937 180365 250 250 250 250 73 46 0 73 52 0 73 42 0 73 44 0 46970 948750 43608 8220 1021250 8168
36502.789951 180366 250 250 250 250 73 46 0 73 52 0 73 42 0 73 44 0 46970 948750 43608 8220 1021250 8168
36502.989974 180367 250 250 250 250 73 46 0 73 52 0 73 42 0 73 44 0 46970 948750 43608 8220 1021250 8168
36503.189952 180368 250 250 250 250 73 46 0 73 52 0 73 42 0 73 44 0 46726 948750 43608 8220 1021250 8168
36503.389950 180369 250 250 250 250 73 46 0 73 52 0 73 42 0 73 44 0 46726 948750 43608 7946 1021250 7147
36503.589950 180370 250 250 250 250 73 46 0 73 52 0 73 42 0 73 44 0 46726 948750 43608 8220 1021250 8168
36503.789869 180371 250 250 250 250 73 46 0 73 52 0 73 42 0 73 44 0 46726 948750 43608 8220 1021250 8168
36503.989975 180372 250 250 250 250 73 46 0 73 52 0 73 42 0 73 44 0 46726 948750 43608 8220 1021250 8168
36504.189951 180373 250 250 250 250 73 46 0 73 52 0 73 42 0 73 44 0 46970 948750 43608 8220 1021250 8168
36504.389950 180374 250 250 250 250 73 46 0 73 52 0 73 42 0 73 44 0 46726 948750 43608 8220 1021250 8168
36504.589950 180375 250 250 250 250 73 46 0 73 52 0 73 42 0 73 44 0 46726 948750 43608 8220 1021250 8168
36504.789951 180376 250 250 250 250 73 46 0 73 52 0 73 42 0 73 44 0 46726 948750 43608 8220 1021250 8168
36504.989960 180377 250 250 250 250 73 46 0 73 52 0 73 42 0 73 44 0 46970 948750 43608 8220 1021250 8168
36505.189953 180378 250 250 250 250 73 46 0 73 52 0 73 42 0 73 44 0 46726 948750 43608 8220 1021250 8168
36505.389949 180379 250 250 250 250 73 46 0 73 52 0 73 42 0 73 44 0 46970 948750 43608 8220 1021250 8168
36505.589951 180380 250 250 250 250 73 46 0 73 52 0 73 42 0 73 44 0 46970 948750 43608 8220 1021250 8168
36505.789953 180381 250 250 250 250 73 46 0 73 52 0 73 42 0 73 44 0 46726 948750 43608 8220 1021250 8168
36505.989974 180382 250 250 250 250 73 46 0 73 52 0 73 42 0 73 44 0 46726 948750 43608 8220 1021250 8168
36506.189950 180383 250 250 250 250 73 46 0 73 52 0 73 42 0 73 44 0 46970 948750 43608 8220 1021250 8168
36506.389949 180384 250 250 250 250 73 46 0 73 52 0 73 42 0 73 44 0 46970 948750 43608 8220 1021250 8168
36506.589949 180385 250 250 250 250 73 46 0 73 52 0 73 42 0 73 44 0 46726 948750 43608 8220 1021250 8168
36506.789950 180386 250 250 250 250 73 46 0 73 52 0 73 42 0 73 44 0 46726 948750 43608 8220 1021250 8168
36506.989973 180387 250 250 250 250 73 46 0 73 52 0 73 42 0 73 44 0 46726 948750 43608 8220 1021250 8168
36507.189949 180388 250 250 250 250 73 46 0 73 52 0 73 42 0 73 44 0 46726 948750 43608 8220 1021250 8168
36507.389937 180389 250 250 250 250 73 46 0 73 52 0 73 42 0 73 44 0 46482 948750 43608 8220 1021250 8168
36507.589949 180390 250 250 250 250 73 46 0 73 52 0 73 42 0 73 44 0 46726 948750 43608 8220 1021250 8168
36507.789949 180391 250 250 250 250 73 46 0 73 52 0 73 42 0 73 44 0 46970 948750 43608 8220 1021250 8168
36507.989971 180392 250 250 250 250 73 46 0 73 52 0 73 42 0 73 44 0 46970 948750 43608 8220 1021250 8168
36508.189952 180393 250 250 250 250 73 46 0 73 52 0 73 42 0 73 44 0 46970 948750 43608 8220 1021250 8168
36508.389949 180394 250 250 250 250 73 46 0 73 52 0 73 42 0 73 44 0 46970 948750 43608 8220 1021250 8168
36508.589949 180395 250 250 250 250 73 46 0 73 52 0 73 42 0 73 44 0 46970 948750 43608 8220 1021250 8168
36508.789950 180396 250 250 250 250 73 46 0 73 52 0 73 42 0 73 44 0 46970 948750 43608 8220 1021250 8168
36508.989974 180397 250 250 250 250 73 46 0 73 52 0 73 42 0 73 44 0 46726 948750 43608 8220 1021250 8168
36509.189949 180398 250 250 250 250 73 46 0 73 52 0 73 42 0 73 44 0 46726 948750 43608 8220 1021250 8168
36509.389950 180399 250 250 250 250 73 46 0 73 52 0 73 42 0 73 44 0 47275 948750 44556 8220 1021250 8168
36509.589931 180400 250 250 250 250 73 46 0 73 52 0 73 42 0 73 44 0 47275 948750 44556 8220 1021250 8168
36509.789938 180401 250 250 250 250 73 46 0 73 52 0 73 42 0 73 44 0 46726 948750 43608 8220 1021250 8168
36509.989973 180402 250 250 250 250 73 46 0 73 52 0 73 42 0 73 44 0 46726 948750 43608 8220 1021250 8168
36510.189950 180403 250 250 250 250 73 46 0 73 52 0 73 42 0 73 44 0 46970 948750 43608 8220 1021250 8168
36510.389923 180404 250 250 250 250 73 46 0 73 52 0 73 42 0 73 44 0 46970 948750 43608 7946 1021250 7147
36510.589948 180405 250 250 250 250 73 46 0 73 52 0 73 42 0 73 44 0 46970 948750 43608 7946 1021250 7147
36510.789950 180406 250 250 250 250 73 46 0 73 52 0 73 42 0 73 44 0 46726 948750 43608 8220 1021250 8168
36510.989973 180407 250 250 250 250 73 46 0 73 52 0 73 42 0 73 44 0 46726 948750 43608 8220 1021250 8168
36511.189953 180408 250 250 250 250 73 46 0 73 52 0 73 42 0 73 44 0 46726 948750 43608 8220 1021250 8168
36511.389950 180409 250 250 250 250 73 46 0 73 52 0 73 42 0 73 44 0 46726 948750 43608 8220 1021250 8168
36511.589949 180410 250 250 250 250 73 46 0 73 52 0 73 42 0 73 44 0 46726 948750 43608 8220 1021250 8168
36511.789950 180411 250 250 250 250 73 46 0 73 52 0 73 42 0 73 44 0 46726 948750 43608 8220 1021250 8168
36511.989959 180412 250 250 250 250 73 46 0 73 52 0 73 42 0 73 44 0 46970 948750 43608 8220 1021250 8168
36512.189949 180413 250 250 250 250 73 46 0 73 52 0 73 42 0 73 44 0 46970 948750 43608 8220 1021250 8168
36512.389949 180414 250 250 250 250 73 46 0 73 52 0 73 42 0 73 44 0 46726 948750 43608 8220 1021250 8168
36512.589949 180415 250 250 250 250 73 46 0 73 52 0 73 42 0 73 44 0 46726 948750 43608 8220 1021250 8168
36512.789950 180416 250 250 250 250 73 46 0 73 52 0 73 42 0 73 44 0 46726 948750 43608 8220 1021250 8168
36512.989948 180417 250 250 250 250 73 46 0 73 52 0 73 42 0 73 44 0 46726 948750 43608 8220 1021250 8168
36513.189923 180418 250 250 250 250 73 46 0 73 52 0 73 42 0 73 44 0 46726 948750 43608 8220 1021250 8168
36513.389922 180419 250 250 250 250 73 46 0 73 52 0 73 42 0 73 44 0 46726 948750 43608 8220 1021250 8168
36513.589923 180420 250 250 250 250 73 46 0 73 52 0 73 42 0 73 44 0 47275 948750 44556 8220 1021250 8168
36513.789925 180421 250 250 250 250 73 46 0 73 52 0 73 42 0 73 44 0 47275 948750 44556 8220 1021250 8168
36513.989946 180422 250 250 250 250 73 46 0 73 52 0 73 42 0 73 44 0 46726 948750 43608 8220 1021250 8168
36514.189927 180423 250 250 250 250 73 46 0 73 52 0 73 42 0 73 44 0 46970 948750 43608 8220 1021250 8168
36514.389909 180424 250 250 250 250 73 46 0 73 52 0 73 42 0 73 44 0 46970 948750 43608 8220 1021250 8168
36514.589924 180425 250 250 250 250 73 46 0 73 52 0 73 42 0 73 44 0 46970 948750 43608 8220 1021250 8168
36514.789924 180426 250 250 250 250 73 46 0 73 52 0 73 42 0 73 44 0 46726 948750 43608 7946 1021250 7147
36514.989946 180427 250 250 250 250 73 46 0 73 52 0 73 42 0 73 44 0 46970 948750 43608 8220 1021250 8168
36515.189868 180428 250 250 250 250 73 46 0 73 52 0 73 42 0 73 44 0 46726 948750 43608 8220 1021250 8168
36515.389868 180429 250 250 250 250 73 46 0 73 52 0 73 42 0 73 44 0 46726 948750 43608 8220 1021250 8168
36515.589868 180430 250 250 250 250 73 46 0 73 52 0 73 42 0 73 44 0 46970 948750 43608 8220 1021250 8168
36515.789974 180431 250 250 250 250 73 46 0 73 52 0 73 42 0 73 44 0 46726 948750 43608 8220 1021250 8168
36515.989953 180432 250 250 250 250 73 46 0 73 52 0 73 42 0 73 44 0 46726 948750 43608 8220 1021250 8168
36516.189931 180433 250 250 250 250 73 46 0 73 52 0 73 42 0 73 44 0 46726 948750 43608 8220 1021250 8168
36516.389931 180434 250 250 250 250 73 46 0 73 52 0 73 42 0 73 44 0 46482 948750 43608 8220 1021250 8168
36516.589929 180435 250 250 250 250 73 46 0 73 52 0 73 42 0 73 44 0 46726 948750 43608 8220 1021250 8168
36516.789918 180436 250 250 250 250 73 46 0 73 52 0 73 42 0 73 44 0 46726 948750 43608 8220 1021250 8168
36516.989953 180437 250 250 250 250 73 46 0 73 52 0 73 42 0 73 44 0 46482 948750 43608 8220 1021250 8168
36517.189934 180438 250 250 250 250 73 46 0 73 52 0 73 42 0 73 44 0 46482 948750 43608 8220 1021250 8168
36517.389930 180439 250 250 250 250 73 46 0 73 52 0 73 42 0 73 44 0 46726 948750 43608 7946 1021250 7147
36517.589930 180440 250 250 250 250 73 46 0 73 52 0 73 42 0 73 44 0 46482 948750 43608 8220 1021250 8168
36517.789931 180441 250 250 250 250 73 46 0 73 52 0 73 42 0 73 44 0 46726 948750 43608 8220 1021250 8168
36517.989953 180442 250 250 250 250 73 46 0 73 52 0 73 42 0 73 44 0 46726 948750 43608 8220 1021250 8168
36518.189930 180443 250 250 250 250 73 46 0 73 52 0 73 42 0 73 44 0 46726 948750 43608 8220 1021250 8168
36518.389930 180444 250 250 250 250 73 46 0 73 52 0 73 42 0 73 44 0 46482 948750 43608 8220 1021250 8168
36518.589933 180445 250 250 250 250 73 46 0 73 52 0 73 42 0 73 44 0 46482 948750 43608 8220 1021250 8168
36518.789953 180446 250 250 250 250 73 46 0 73 52 0 73 42 0 73 44 0 46482 948750 43608 8220 1021250 8168
36518.989972 180447 250 250 250 250 73 46 0 73 52 0 73 42 0 73 44 0 46726 948750 43608 8220 1021250 8168
36519.189937 180448 250 250 250 250 73 46 0 73 52 0 73 42 0 73 44 0 46726 948750 43608 8220 1021250 8168
36519.389949 180449 250 250 250 250 73 46 0 73 52 0 73 42 0 73 44 0 46482 948750 43608 8220 1021250 8168
36519.589948 180450 250 250 250 250 73 46 0 73 52 0 73 42 0 73 44 0 46482 948750 43608 8220 1021250 8168
36519.789950 180451 250 250 250 250 73 46 0 73 52 0 73 42 0 73 44 0 46970 948750 43608 8220 1021250 8168
36519.989972 180452 250 250 250 250 73 46 0 73 52 0 73 42 0 73 44 0 46482 948750 43608 8220 1021250 8168
36520.189954 180453 250 250 250 250 73 46 0 73 52 0 73 42 0 73 44 0 46726 948750 43608 8220 1021250 8168
36520.389949 180454 250 250 250 250 73 46 0 73 52 0 73 42 0 73 44 0 46726 948750 43608 8220 1021250 8168
36520.589948 180455 250 250 250 250 73 46 0 73 52 0 73 42 0 73 44 0 46726 948750 43608 8220 1021250 8168
36520.789951 180456 250 250 250 250 73 46 0 73 52 0 73 42 0 73 44 0 46970 948750 43608 8220 1021250 8168
36520.989972 180457 250 250 250 250 73 46 0 73 52 0 73 42 0 73 44 0 46482 948750 43608 7946 1021250 7147
36521.189952 180458 250 250 250 250 73 46 0 73 52 0 73 42 0 73 44 0 46482 948750 43608 7946 1021250 7147
36521.389949 180459 250 250 250 250 73 46 0 73 52 0 73 42 0 73 44 0 46970 948750 43608 8220 1021250 8168
36521.589937 180460 250 250 250 250 73 46 0 73 52 0 73 42 0 73 44 0 46482 948750 43608 8220 1021250 8168
36521.789950 180461 250 250 250 250 73 46 0 73 52 0 73 42 0 73 44 0 46482 948750 43608 8220 1021250 8168
36521.989975 180462 250 250 250 250 73 46 0 73 52 0 73 42 0 73 44 0 46482 948750 43608 8220 1021250 8168
36522.189949 180463 250 250 250 250 73 46 0 73 52 0 73 42 0 73 44 0 46238 948750 43608 8220 1021250 8168
36522.389949 180464 250 250 250 250 73 46 0 73 52 0 73 42 0 73 44 0 46726 948750 43608 8220 1021250 8168
36522.589949 180465 250 250 250 250 73 46 0 73 52 0 73 42 0 73 44 0 46970 948750 43608 8220 1021250 8168
36522.789869 180466 250 250 250 250 73 46 0 73 52 0 73 42 0 73 44 0 46482 948750 43608 7946 1021250 7147
36522.989973 180467 250 250 250 250 73 46 0 73 52 0 73 42 0 73 44 0 46482 948750 43608 7946 1021250 7147
36523.189953 180468 250 250 250 250 73 46 0 73 52 0 73 42 0 73 44 0 46726 948750 43608 8220 1021250 8168
36523.389949 180469 250 250 250 250 73 46 0 73 52 0 73 42 0 73 44 0 46726 948750 43608 8220 1021250 8168
36523.589948 180470 250 250 250 250 73 46 0 73 52 0 73 42 0 73 44 0 46726 948750 43608 8220 1021250 8168
36523.789951 180471 250 250 250 250 73 46 0 73 52 0 73 42 0 73 44 0 46726 948750 43608 8220 1021250 8168
36523.989961 180472 250 250 250 250 73 46 0 73 52 0 73 42 0 73 44 0 46726 948750 43608 8220 1021250 8168
36524.189949 180473 250 250 250 250 73 46 0 73 52 0 73 42 0 73 44 0 46726 948750 43608 8220 1021250 8168
36524.389949 180474 250 250 250 250 73 46 0 73 52 0 73 42 0 73 44 0 46726 948750 43608 8220 1021250 8168
36524.589949 180475 250 250 250 250 73 46 0 73 52 0 73 42 0 73 44 0 46726 948750 43608 8220 1021250 8168
36524.789951 180476 250 250 250 250 73 46 0 73 52 0 73 42 0 73 44 0 46970 948750 43608 8220 1021250 8168
36524.989973 180477 250 250 250 250 73 46 0 73 52 0 73 42 0 73 44 0 47275 948750 44556 7946 1021250 7147
36525.189949 180478 250 250 250 250 73 46 0 73 52 0 73 42 0 73 44 0 46726 948750 43608 8220 1021250 8168
36525.389952 180479 250 250 250 250 73 46 0 73 52 0 73 42 0 73 44 0 46726 948750 43608 8220 1021250 8168
36525.589949 180480 250 250 250 250 73 46 0 73 52 0 73 42 0 73 44 0 46482 948750 43608 8220 1021250 8168
36525.789950 180481 250 250 250 250 73 46 0 73 52 0 73 42 0 73 44 0 46970 948750 43608 8220 1021250 8168
36525.989972 180482 250 250 250 250 73 46 0 73 52 0 73 42 0 73 44 0 46970 948750 43608 8220 1021250 8168
36526.189953 180483 250 250 250 250 73 46 0 73 52 0 73 42 0 73 44 0 46970 948750 43608 8220 1021250 8168
36526.389937 180484 250 250 250 250 73 46 0 73 52 0 73 42 0 73 44 0 46726 948750 43608 8220 1021250 8168
36526.589952 180485 250 250 250 250 73 46 0 73 52 0 73 42 0 73 44 0 47519 948750 44556 8220 1021250 8168
36526.789949 180486 250 250 250 250 73 46 0 73 52 0 73 42 0 73 44 0 46726 948750 43608 8220 1021250 8168
36526.989976 180487 250 250 250 250 73 46 0 73 52 0 73 42 0 73 44 0 46726 948750 43608 8220 1021250 8168
36527.189950 180488 250 250 250 250 73 46 0 73 52 0 73 42 0 73 44 0 46726 948750 43608 8220 1021250 8168
36527.389949 180489 250 250 250 250 73 46 0 73 52 0 73 42 0 73 44 0 46726 948750 43608 8220 1021250 8168
36527.589950 180490 250 250 250 250 73 46 0 73 52 0 73 42 0 73 44 0 46482 948750 43608 8220 1021250 8168
36527.789952 180491 250 250 250 250 73 46 0 73 52 0 73 42 0 73 44 0 46482 948750 43608 8220 1021250 8168
36527.989973 180492 250 250 250 250 73 46 0 73 52 0 73 42 0 73 44 0 46726 948750 43608 8220 1021250 8168
36528.189949 180493 250 250 250 250 73 46 0 73 52 0 73 42 0 73 44 0 46726 948750 43608 8220 1021250 8168
36528.389949 180494 250 250 250 250 73 46 0 73 52 0 73 42 0 73 44 0 46726 948750 43608 8220 1021250 8168
36528.589933 180495 250 250 250 250 73 46 0 73 52 0 73 42 0 73 44 0 46726 948750 43608 8220 1021250 8168
36528.789940 180496 250 250 250 250 73 46 0 73 52 0 73 42 0 73 44 0 46726 948750 43608 8220 1021250 8168
36528.989973 180497 250 250 250 250 73 46 0 73 52 0 73 42 0 73 44 0 46726 948750 43608 8220 1021250 8168
36529.189953 180498 250 250 250 250 73 46 0 73 52 0 73 42 0 73 44 0 46482 948750 43608 8220 1021250 8168
36529.389923 180499 250 250 250 250 73 46 0 73 52 0 73 42 0 73 44 0 46726 948750 43608 8220 1021250 8168
36529.589950 180500 250 250 250 250 73 46 0 73 52 0 73 42 0 73 44 0 46726 948750 43608 8220 1021250 8168
36529.789951 180501 250 250 250 250 73 46 0 73 52 0 73 42 0 73 44 0 46970 948750 43608 8220 1021250 8168
36529.989973 180502 250 250 250 250 73 46 0 73 52 0 73 42 0 73 44 0 46970 948750 43608 8220 1021250 8168
36530.189949 180503 250 250 250 250 73 46 0 73 52 0 73 42 0 73 44 0 46970 948750 43608 8220 1021250 8168
36530.389949 180504 250 250 250 250 73 46 0 73 52 0 73 42 0 73 44 0 46970 948750 43608 8220 1021250 8168
36530.589948 180505 250 250 250 250 73 46 0 73 52 0 73 42 0 73 44 0 46726 948750 43608 8220 1021250 8168
36530.789951 180506 250 250 250 250 73 46 0 73 52 0 73 42 0 73 44 0 46970 948750 43608 8220 1021250 8168
36530.989958 180507 250 250 250 250 73 46 0 73 52 0 73 42 0 73 44 0 46726 948750 43608 8220 1021250 8168
36531.189950 180508 250 250 250 250 73 46 0 73 52 0 73 42 0 73 44 0 46726 948750 43608 8220 1021250 8168
36531.389949 180509 250 250 250 250 73 46 0 73 52 0 73 42 0 73 44 0 46726 948750 43608 8220 1021250 8168
36531.589949 180510 250 250 250 250 73 46 0 73 52 0 73 42 0 73 44 0 46970 948750 43608 8220 1021250 8168
36531.789953 180511 250 250 250 250 73 46 0 73 52 0 73 42 0 73 44 0 46482 948750 43608 8220 1021250 8168
36531.989976 180512 250 250 250 250 73 46 0 73 52 0 73 42 0 73 44 0 46482 948750 43608 8220 1021250 8168
36532.189955 180513 250 250 250 250 73 46 0 73 52 0 73 42 0 73 44 0 46726 948750 43608 8220 1021250 8168
36532.389950 180514 250 250 250 250 73 46 0 73 52 0 73 42 0 73 44 0 46726 948750 43608 8220 1021250 8168
36532.589949 180515 250 250 250 250 73 46 0 73 52 0 73 42 0 73 44 0 46482 948750 43608 8220 1021250 8168
36532.789954 180516 250 250 250 250 73 46 0 73 52 0 73 42 0 73 44 0 46482 948750 43608 8220 1021250 8168
36532.989974 180517 250 250 250 250 73 46 0 73 52 0 73 42 0 73 44 0 46726 948750 43608 8220 1021250 8168
36533.189951 180518 250 250 250 250 73 46 0 73 52 0 73 42 0 73 44 0 46726 948750 43608 8220 1021250 8168
36533.389936 180519 250 250 250 250 73 46 0 73 52 0 73 42 0 73 44 0 46482 948750 43608 7946 1021250 7147
36533.589949 180520 250 250 250 250 73 46 0 73 52 0 73 42 0 73 44 0 46482 948750 43608 7946 1021250 7147
36533.789951 180521 250 250 250 250 73 46 0 73 52 0 73 42 0 73 44 0 46726 948750 43608 8220 1021250 8168
36533.989972 180522 250 250 250 250 73 46 0 73 52 0 73 42 0 73 44 0 46726 948750 43608 8220 1021250 8168
36534.189949 180523 250 250 250 250 73 46 0 73 52 0 73 42 0 73 44 0 46726 948750 43608 8220 1021250 8168
36534.389949 180524 250 250 250 250 73 46 0 73 52 0 73 42 0 73 44 0 46726 948750 43608 8220 1021250 8168
36534.589949 180525 250 250 250 250 73 46 0 73 52 0 73 42 0 73 44 0 46482 948750 43608 8220 1021250 8168
36534.789950 180526 250 250 250 250 73 46 0 73 52 0 73 42 0 73 44 0 46482 948750 43608 8220 1021250 8168
36534.989972 180527 250 250 250 250 73 46 0 73 52 0 73 42 0 73 44 0 46482 948750 43608 8220 1021250 8168
36535.189936 180528 250 250 250 250 73 46 0 73 52 0 73 42 0 73 44 0 46482 948750 43608 8220 1021250 8168
36535.389949 180529 250 250 250 250 73 46 0 73 52 0 73 42 0 73 44 0 47275 948750 44556 8220 1021250 8168
36535.589949 180530 250 250 250 250 73 46 0 73 52 0 73 42 0 73 44 0 47275 948750 44556 8220 1021250 8168
36535.789938 180531 250 250 250 250 73 46 0 73 52 0 73 42 0 73 44 0 46970 948750 43608 8220 1021250 8168
36535.989972 180532 250 250 250 250 73 46 0 73 52 0 73 42 0 73 44 0 46726 948750 43608 8220 1021250 8168
36536.189951 180533 250 250 250 250 73 46 0 73 52 0 73 42 0 73 44 0 46726 948750 43608 8220 1021250 8168
36536.389949 180534 250 250 250 250 73 46 0 73 52 0 73 42 0 73 44 0 46726 948750 43608 8220 1021250 8168
36536.589949 180535 250 250 250 250 73 46 0 73 52 0 73 42 0 73 44 0 46726 948750 43608 8220 1021250 8168
36536.789950 180536 250 250 250 250 73 46 0 73 52 0 73 42 0 73 44 0 46970 948750 43608 8220 1021250 8168
36536.989973 180537 250 250 250 250 73 46 0 73 52 0 73 42 0 73 44 0 46970 948750 43608 8220 1021250 8168
36537.189952 180538 250 250 250 250 73 46 0 73 52 0 73 42 0 73 44 0 46726 948750 43608 8220 1021250 8168
36537.389949 180539 250 250 250 250 73 46 0 73 52 0 73 42 0 73 44 0 46970 948750 43608 8220 1021250 8168
36537.589948 180540 250 250 250 250 73 46 0 73 52 0 73 42 0 73 44 0 46970 948750 43608 8220 1021250 8168
36537.789951 180541 250 250 250 250 73 46 0 73 52 0 73 42 0 73 44 0 46970 948750 43608 8220 1021250 8168
36537.989972 180542 250 250 250 250 73 46 0 73 52 0 73 42 0 73 44 0 46726 948750 43608 8220 1021250 8168
36538.189937 180543 250 250 250 250 73 46 0 73 52 0 73 42 0 73 44 0 46726 948750 43608 8220 1021250 8168
36538.389949 180544 250 250 250 250 73 46 0 73 52 0 73 42 0 73 44 0 46726 948750 43608 8220 1021250 8168
36538.589949 180545 250 250 250 250 73 46 0 73 52 0 73 42 0 73 44 0 46726 948750 43608 8220 1021250 8168
36538.789940 180546 250 250 250 250 73 46 0 73 52 0 73 42 0 73 44 0 47275 948750 44556 8220 1021250 8168
36538.989973 180547 250 250 250 250 73 46 0 73 52 0 73 42 0 73 44 0 47275 948750 44556 8220 1021250 8168
36539.189949 180548 250 250 250 250 73 46 0 73 52 0 73 42 0 73 44 0 46970 948750 43608 8220 1021250 8168
36539.389952 180549 250 250 250 250 73 46 0 73 52 0 73 42 0 73 44 0 46970 948750 43608 8220 1021250 8168
36539.589949 180550 250 250 250 250 73 46 0 73 52 0 73 42 0 73 44 0 46726 948750 43608 8220 1021250 8168
36539.789950 180551 250 250 250 250 73 46 0 73 52 0 73 42 0 73 44 0 46726 948750 43608 8220 1021250 8168
36539.989971 180552 250 250 250 250 73 46 0 73 52 0 73 42 0 73 44 0 46726 948750 43608 8220 1021250 8168
36540.189948 180553 250 250 250 250 73 46 0 73 52 0 73 42 0 73 44 0 46726 948750 43608 8220 1021250 8168
36540.389949 180554 250 250 250 250 73 46 0 73 52 0 73 42 0 73 44 0 46726 948750 43608 7946 1021250 7147
36540.589937 180555 250 250 250 250 73 46 0 73 52 0 73 42 0 73 44 0 46970 948750 43608 8220 1021250 8168
36540.789952 180556 250 250 250 250 73 46 0 73 52 0 73 42 0 73 44 0 47275 948750 44556 8220 1021250 8168
36540.989973 180557 250 250 250 250 73 46 0 73 52 0 73 42 0 73 44 0 47275 948750 44556 8220 1021250 8168
36541.189953 180558 250 250 250 250 73 46 0 73 52 0 73 42 0 73 44 0 46970 948750 43608 8220 1021250 8168
36541.389949 180559 250 250 250 250 73 46 0 73 52 0 73 42 0 73 44 0 46970 948750 43608 8220 1021250 8168
36541.589952 180560 250 250 250 250 73 46 0 73 52 0 73 42 0 73 44 0 46726 948750 43608 8220 1021250 8168
36541.789868 180561 250 250 250 250 73 46 0 73 52 0 73 42 0 73 44 0 46970 948750 43608 8220 1021250 8168
36541.989975 180562 250 250 250 250 73 46 0 73 52 0 73 42 0 73 44 0 46970 948750 43608 8220 1021250 8168
36542.189949 180563 250 250 250 250 73 46 0 73 52 0 73 42 0 73 44 0 46726 948750 43608 8220 1021250 8168
36542.389949 180564 250 250 250 250 73 46 0 73 52 0 73 42 0 73 44 0 46726 948750 43608 8220 1021250 8168
36542.589949 180565 250 250 250 250 73 46 0 73 52 0 73 42 0 73 44 0 46726 948750 43608 8220 1021250 8168
36542.789951 180566 250 250 250 250 73 46 0 73 52 0 73 42 0 73 44 0 46726 948750 43608 8220 1021250 8168
36542.989960 180567 250 250 250 250 73 46 0 73 52 0 73 42 0 73 44 0 46726 948750 43608 8220 1021250 8168
36543.189949 180568 250 250 250 250 73 46 0 73 52 0 73 42 0 73 44 0 46726 948750 43608 8220 1021250 8168
36543.389949 180569 250 250 250 250 73 46 0 73 52 0 73 42 0 73 44 0 46726 948750 43608 8220 1021250 8168
36543.589949 180570 250 250 250 250 73 46 0 73 52 0 73 42 0 73 44 0 46726 948750 43608 8220 1021250 8168
36543.789949 180571 250 250 250 250 73 46 0 73 52 0 73 42 0 73 44 0 46726 948750 43608 8220 1021250 8168
36543.989972 180572 250 250 250 250 73 46 0 73 52 0 73 42 0 73 44 0 46482 948750 43608 8220 1021250 8168
36544.189953 180573 250 250 250 250 73 46 0 73 52 0 73 42 0 73 44 0 46726 948750 43608 8220 1021250 8168
36544.389949 180574 250 250 250 250 73 46 0 73 52 0 73 42 0 73 44 0 46726 948750 43608 8220 1021250 8168
36544.589949 180575 250 250 250 250 73 46 0 73 52 0 73 42 0 73 44 0 46970 948750 43608 8220 1021250 8168
36544.789951 180576 250 250 250 250 73 46 0 73 52 0 73 42 0 73 44 0 46726 948750 43608 8220 1021250 8168
36544.989973 180577 250 250 250 250 73 46 0 73 52 0 73 42 0 73 44 0 46726 948750 43608 8220 1021250 8168
36545.189949 180578 250 250 250 250 73 46 0 73 52 0 73 42 0 73 44 0 46726 948750 43608 8220 1021250 8168
36545.389937 180579 250 250 250 250 73 46 0 73 52 0 73 42 0 73 44 0 46482 948750 43608 8220 1021250 8168
36545.589949 180580 250 250 250 250 73 46 0 73 52 0 73 42 0 73 44 0 46482 948750 43608 8220 1021250 8168
36545.789949 180581 250 250 250 250 73 46 0 73 52 0 73 42 0 73 44 0 46970 948750 43608 8220 1021250 8168
36545.989975 180582 250 250 250 250 73 46 0 73 52 0 73 42 0 73 44 0 46970 948750 43608 8220 1021250 8168
36546.189949 180583 250 250 250 250 73 46 0 73 52 0 73 42 0 73 44 0 46970 948750 43608 8220 1021250 8168
36546.389948 180584 250 250 250 250 73 46 0 73 52 0 73 42 0 73 44 0 46970 948750 43608 8220 1021250 8168
36546.589949 180585 250 250 250 250 73 46 0 73 52 0 73 42 0 73 44 0 46726 948750 43608 8220 1021250 8168
36546.789950 180586 250 250 250 250 73 46 0 73 52 0 73 42 0 73 44 0 46726 948750 43608 8220 1021250 8168
36546.989974 180587 250 250 250 250 73 46 0 73 52 0 73 42 0 73 44 0 46726 948750 43608 8220 1021250 8168
36547.189954 180588 250 250 250 250 73 46 0 73 52 0 73 42 0 73 44 0 47275 948750 44556 8220 1021250 8168
36547.389949 180589 250 250 250 250 73 46 0 73 52 0 73 42 0 73 44 0 46970 948750 43608 7946 1021250 7147
36547.589931 180590 250 250 250 250 73 46 0 73 52 0 73 42 0 73 44 0 46970 948750 43608 7946 1021250 7147
36547.789939 180591 250 250 250 250 73 46 0 73 52 0 73 42 0 73 44 0 46726 948750 43608 8220 1021250 8168
36547.989973 180592 250 250 250 250 73 46 0 73 52 0 73 42 0 73 44 0 46970 948750 43608 8220 1021250 8168
36548.189949 180593 250 250 250 250 73 46 0 73 52 0 73 42 0 73 44 0 46970 948750 43608 8220 1021250 8168
36548.389923 180594 250 250 250 250 73 46 0 73 52 0 73 42 0 73 44 0 47275 948750 44556 8220 1021250 8168
36548.589949 180595 250 250 250 250 73 46 0 73 52 0 73 42 0 73 44 0 47275 948750 44556 8220 1021250 8168
36548.789951 180596 250 250 250 250 73 46 0 73 52 0 73 42 0 73 44 0 46726 948750 43608 8220 1021250 8168
36548.989972 180597 250 250 250 250 73 46 0 73 52 0 73 42 0 73 44 0 46726 948750 43608 8220 1021250 8168
36549.189948 180598 250 250 250 250 73 46 0 73 52 0 73 42 0 73 44 0 46482 948750 43608 8220 1021250 8168
36549.389948 180599 250 250 250 250 73 46 0 73 52 0 73 42 0 73 44 0 46482 948750 43608 8220 1021250 8168
36549.589948 180600 250 250 250 250 73 46 0 73 52 0 73 42 0 73 44 0 46970 948750 43608 7946 1021250 7147
36549.789949 180601 250 250 250 250 73 46 0 73 52 0 73 42 0 73 44 0 46970 948750 43608 8220 1021250 8168
36549.989958 180602 250 250 250 250 73 46 0 73 52 0 73 42 0 73 44 0 46726 948750 43608 8220 1021250 8168
36550.189943 180603 250 250 250 250 73 46 0 73 52 0 73 42 0 73 44 0 46726 948750 43608 8220 1021250 8168
36550.389949 180604 250 250 250 250 73 46 0 73 52 0 73 42 0 73 44 0 46726 948750 43608 8220 1021250 8168
36550.589948 180605 250 250 250 250 73 46 0 73 52 0 73 42 0 73 44 0 46726 948750 43608 8220 1021250 8168
36550.789950 180606 250 250 250 250 73 46 0 73 52 0 73 42 0 73 44 0 46482 948750 43608 8220 1021250 8168
36550.989973 180607 250 250 250 250 73 46 0 73 52 0 73 42 0 73 44 0 46482 948750 43608 8220 1021250 8168
36551.189949 180608 250 250 250 250 73 46 0 73 52 0 73 42 0 73 44 0 46726 948750 43608 7946 1021250 7147
36551.389951 180609 250 250 250 250 73 46 0 73 52 0 73 42 0 73 44 0 46970 948750 43608 8220 1021250 8168
36551.589949 180610 250 250 250 250 73 46 0 73 52 0 73 42 0 73 44 0 46970 948750 43608 8220 1021250 8168
36551.789949 180611 250 250 250 250 73 46 0 73 52 0 73 42 0 73 44 0 46970 948750 43608 8220 1021250 8168
36551.989972 180612 250 250 250 250 73 46 0 73 52 0 73 42 0 73 44 0 46970 948750 43608 8220 1021250 8168
36552.189949 180613 250 250 250 250 73 46 0 73 52 0 73 42 0 73 44 0 46726 948750 43608 8220 1021250 8168
36552.389935 180614 250 250 250 250 73 46 0 73 52 0 73 42 0 73 44 0 46726 948750 43608 8220 1021250 8168
36552.589948 180615 250 250 250 250 73 46 0 73 52 0 73 42 0 73 44 0 46726 948750 43608 8220 1021250 8168
36552.789949 180616 250 250 250 250 73 46 0 73 52 0 73 42 0 73 44 0 46726 948750 43608 8220 1021250 8168
36552.989972 180617 250 250 250 250 73 46 0 73 52 0 73 42 0 73 44 0 46726 948750 43608 8220 1021250 8168
36553.189952 180618 250 250 250 250 73 46 0 73 52 0 73 42 0 73 44 0 46726 948750 43608 8220 1021250 8168
36553.389949 180619 250 250 250 250 73 46 0 73 52 0 73 42 0 73 44 0 46726 948750 43608 8220 1021250 8168
36553.589949 180620 250 250 250 250 73 46 0 73 52 0 73 42 0 73 44 0 46970 948750 43608 8220 1021250 8168
36553.789949 180621 250 250 250 250 73 46 0 73 52 0 73 42 0 73 44 0 47275 948750 44556 8220 1021250 8168
36553.989973 180622 250 250 250 250 73 46 0 73 52 0 73 42 0 73 44 0 46970 948750 43608 8220 1021250 8168
36554.189930 180623 250 250 250 250 73 46 0 73 52 0 73 42 0 73 44 0 46970 948750 43608 8220 1021250 8168
36554.389948 180624 250 250 250 250 73 46 0 73 52 0 73 42 0 73 44 0 46726 948750 43608 8220 1021250 8168
36554.589949 180625 250 250 250 250 73 46 0 73 52 0 73 42 0 73 44 0 46482 948750 43608 8220 1021250 8168
36554.789937 180626 250 250 250 250 73 46 0 73 52 0 73 42 0 73 44 0 46726 948750 43608 8220 1021250 8168
36554.989972 180627 250 250 250 250 73 46 0 73 52 0 73 42 0 73 44 0 46726 948750 43608 8220 1021250 8168
36555.189948 180628 250 250 250 250 73 46 0 73 52 0 73 42 0 73 44 0 46726 948750 43608 8220 1021250 8168
36555.389949 180629 250 250 250 250 73 46 0 73 52 0 73 42 0 73 44 0 46726 948750 43608 8220 1021250 8168
36555.589948 180630 250 250 250 250 73 46 0 73 52 0 73 42 0 73 44 0 46726 948750 43608 7946 1021250 7147
36555.789949 180631 250 250 250 250 73 46 0 73 52 0 73 42 0 73 44 0 46482 948750 43608 8220 1021250 8168
36555.989972 180632 250 250 250 250 73 46 0 73 52 0 73 42 0 73 44 0 46482 948750 43608 8220 1021250 8168
36556.189953 180633 250 250 250 250 73 46 0 73 52 0 73 42 0 73 44 0 46726 948750 43608 8220 1021250 8168
36556.389949 180634 250 250 250 250 73 46 0 73 52 0 73 42 0 73 44 0 46726 948750 43608 8220 1021250 8168
36556.589948 180635 250 250 250 250 73 46 0 73 52 0 73 42 0 73 44 0 46726 948750 43608 8220 1021250 8168
36556.789953 180636 250 250 250 250 73 46 0 73 52 0 73 42 0 73 44 0 46726 948750 43608 8220 1021250 8168
36556.989976 180637 250 250 250 250 73 46 0 73 52 0 73 42 0 73 44 0 46970 948750 43608 8220 1021250 8168
36557.189937 180638 250 250 250 250 73 46 0 73 52 0 73 42 0 73 44 0 46482 948750 43608 8220 1021250 8168
36557.389949 180639 250 250 250 250 73 46 0 73 52 0 73 42 0 73 44 0 46726 948750 43608 7946 1021250 7147
36557.589949 180640 250 250 250 250 73 46 0 73 52 0 73 42 0 73 44 0 46726 948750 43608 7946 1021250 7147
36557.789951 180641 250 250 250 250 73 46 0 73 52 0 73 42 0 73 44 0 46726 948750 43608 8220 1021250 8168
36557.989973 180642 250 250 250 250 73 46 0 73 52 0 73 42 0 73 44 0 46970 948750 43608 8220 1021250 8168
36558.189949 180643 250 250 250 250 73 46 0 73 52 0 73 42 0 73 44 0 46726 948750 43608 8220 1021250 8168
36558.389948 180644 250 250 250 250 73 46 0 73 52 0 73 42 0 73 44 0 46726 948750 43608 8220 1021250 8168
36558.589949 180645 250 250 250 250 73 46 0 73 52 0 73 42 0 73 44 0 46726 948750 43608 8220 1021250 8168
36558.789950 180646 250 250 250 250 73 46 0 73 52 0 73 42 0 73 44 0 46726 948750 43608 8220 1021250 8168
36558.989972 180647 250 250 250 250 73 46 0 73 52 0 73 42 0 73 44 0 46970 948750 43608 8220 1021250 8168
36559.189953 180648 250 250 250 250 73 46 0 73 52 0 73 42 0 73 44 0 46970 948750 43608 8220 1021250 8168
36559.389949 180649 250 250 250 250 73 46 0 73 52 0 73 42 0 73 44 0 46970 948750 43608 8220 1021250 8168
36559.589937 180650 250 250 250 250 73 46 0 73 52 0 73 42 0 73 44 0 46726 948750 43608 8220 1021250 8168
36559.789950 180651 250 250 250 250 73 46 0 73 52 0 73 42 0 73 44 0 46482 948750 43608 8220 1021250 8168
36559.989976 180652 250 250 250 250 73 46 0 73 52 0 73 42 0 73 44 0 46482 948750 43608 8220 1021250 8168
36560.189949 180653 250 250 250 250 73 46 0 73 52 0 73 42 0 73 44 0 46726 948750 43608 8220 1021250 8168
36560.389949 180654 250 250 250 250 73 46 0 73 52 0 73 42 0 73 44 0 46970 948750 43608 8220 1021250 8168
36560.589948 180655 250 250 250 250 73 46 0 73 52 0 73 42 0 73 44 0 46726 948750 43608 8220 1021250 8168
36560.789868 180656 250 250 250 250 73 46 0 73 52 0 73 42 0 73 44 0 46970 948750 43608 8220 1021250 8168
36560.989973 180657 250 250 250 250 73 46 0 73 52 0 73 42 0 73 44 0 46970 948750 43608 8220 1021250 8168
36561.189952 180658 250 250 250 250 73 46 0 73 52 0 73 42 0 73 44 0 46970 948750 43608 8220 1021250 8168
36561.389948 180659 250 250 250 250 73 46 0 73 52 0 73 42 0 73 44 0 46726 948750 43608 8220 1021250 8168
36561.589949 180660 250 250 250 250 73 46 0 73 52 0 73 42 0 73 44 0 46482 948750 43608 8220 1021250 8168
36561.789950 180661 250 250 250 250 73 46 0 73 52 0 73 42 0 73 44 0 46482 948750 43608 8220 1021250 8168
36561.989959 180662 250 250 250 250 73 46 0 73 52 0 73 42 0 73 44 0 46726 948750 43608 8220 1021250 8168
36562.189952 180663 250 250 250 250 73 46 0 73 52 0 73 42 0 73 44 0 46970 948750 43608 8220 1021250 8168
36562.389949 180664 250 250 250 250 73 46 0 73 52 0 73 42 0 73 44 0 46726 948750 43608 8220 1021250 8168
36562.589949 180665 250 250 250 250 73 46 0 73 52 0 73 42 0 73 44 0 46726 948750 43608 8220 1021250 8168
36562.789949 180666 250 250 250 250 73 46 0 73 52 0 73 42 0 73 44 0 46970 948750 43608 8220 1021250 8168
36562.989972 180667 250 250 250 250 73 46 0 73 52 0 73 42 0 73 44 0 46970 948750 43608 8220 1021250 8168
36563.189949 180668 250 250 250 250 73 46 0 73 52 0 73 42 0 73 44 0 46970 948750 43608 8220 1021250 8168
36563.389949 180669 250 250 250 250 73 46 0 73 52 0 73 42 0 73 44 0 46970 948750 43608 8220 1021250 8168
36563.589948 180670 250 250 250 250 73 46 0 73 52 0 73 42 0 73 44 0 46970 948750 43608 8220 1021250 8168
36563.789950 180671 250 250 250 250 73 46 0 73 52 0 73 42 0 73 44 0 46726 948750 43608 8220 1021250 8168
36563.989973 180672 250 250 250 250 73 46 0 73 52 0 73 42 0 73 44 0 46970 948750 43608 8220 1021250 8168
36564.189937 180673 250 250 250 250 73 46 0 73 52 0 73 42 0 73 44 0 46970 948750 43608 8220 1021250 8168
36564.389951 180674 250 250 250 250 73 46 0 73 52 0 73 42 0 73 44 0 46970 948750 43608 8220 1021250 8168
36564.589949 180675 250 250 250 250 73 46 0 73 52 0 73 42 0 73 44 0 46726 948750 43608 8220 1021250 8168
36564.789950 180676 250 250 250 250 73 46 0 73 52 0 73 42 0 73 44 0 46970 948750 43608 8220 1021250 8168
36564.989973 180677 250 250 250 250 73 46 0 73 52 0 73 42 0 73 44 0 46970 948750 43608 8220 1021250 8168
36565.189953 180678 250 250 250 250 73 46 0 73 52 0 73 42 0 73 44 0 46726 948750 43608 8220 1021250 8168
36565.389949 180679 250 250 250 250 73 46 0 73 52 0 73 42 0 73 44 0 46970 948750 43608 8220 1021250 8168
36565.589948 180680 250 250 250 250 73 46 0 73 52 0 73 42 0 73 44 0 46726 948750 43608 8220 1021250 8168
36565.789950 180681 250 250 250 250 73 46 0 73 52 0 73 42 0 73 44 0 46726 948750 43608 8220 1021250 8168
36565.989973 180682 250 250 250 250 73 46 0 73 52 0 73 42 0 73 44 0 46970 948750 43608 8220 1021250 8168
36566.189949 180683 250 250 250 250 73 46 0 73 52 0 73 42 0 73 44 0 46726 948750 43608 8220 1021250 8168
36566.389949 180684 250 250 250 250 73 46 0 73 52 0 73 42 0 73 44 0 46726 948750 43608 8220 1021250 8168
36566.589930 180685 250 250 250 250 73 46 0 73 52 0 73 42 0 73 44 0 46726 948750 43608 8220 1021250 8168
36566.789938 180686 250 250 250 250 73 46 0 73 52 0 73 42 0 73 44 0 46726 948750 43608 8220 1021250 8168
36566.989975 180687 250 250 250 250 73 46 0 73 52 0 73 42 0 73 44 0 46482 948750 43608 8220 1021250 8168
36567.189948 180688 250 250 250 250 73 46 0 73 52 0 73 42 0 73 44 0 46482 948750 43608 8220 1021250 8168
36567.389923 180689 250 250 250 250 73 46 0 73 52 0 73 42 0 73 44 0 46726 948750 43608 8220 1021250 8168
36567.589949 180690 250 250 250 250 73 46 0 73 52 0 73 42 0 73 44 0 46726 948750 43608 8220 1021250 8168
36567.789949 180691 250 250 250 250 73 46 0 73 52 0 73 42 0 73 44 0 46726 948750 43608 8220 1021250 8168
36567.989972 180692 250 250 250 250 73 46 0 73 52 0 73 42 0 73 44 0 46726 948750 43608 8220 1021250 8168
36568.189952 180693 250 250 250 250 73 46 0 73 52 0 73 42 0 73 44 0 46726 948750 43608 8220 1021250 8168
36568.389949 180694 250 250 250 250 73 46 0 73 52 0 73 42 0 73 44 0 46726 948750 43608 8220 1021250 8168
36568.589949 180695 250 250 250 250 73 46 0 73 52 0 73 42 0 73 44 0 46970 948750 43608 8220 1021250 8168
36568.789952 180696 250 250 250 250 73 46 0 73 52 0 73 42 0 73 44 0 46970 948750 43608 8220 1021250 8168
36568.989959 180697 250 250 250 250 73 46 0 73 52 0 73 42 0 73 44 0 46726 948750 43608 8220 1021250 8168
36569.189949 180698 250 250 250 250 73 46 0 73 52 0 73 42 0 73 44 0 46726 948750 43608 8220 1021250 8168
36569.389949 180699 250 250 250 250 73 46 0 73 52 0 73 42 0 73 44 0 46970 948750 43608 7946 1021250 7147
36569.589949 180700 250 250 250 250 73 46 0 73 52 0 73 42 0 73 44 0 46726 948750 43608 8220 1021250 8168
36569.789924 180701 250 250 250 250 73 46 0 73 52 0 73 42 0 73 44 0 46970 948750 43608 8220 1021250 8168
36569.989949 180702 250 250 250 250 73 46 0 73 52 0 73 42 0 73 44 0 46970 948750 43608 8220 1021250 8168
36570.189924 180703 250 250 250 250 73 46 0 73 52 0 73 42 0 73 44 0 46726 948750 43608 8220 1021250 8168
36570.389922 180704 250 250 250 250 73 46 0 73 52 0 73 42 0 73 44 0 46970 948750 43608 8220 1021250 8168
36570.589923 180705 250 250 250 250 73 46 0 73 52 0 73 42 0 73 44 0 46726 948750 43608 8220 1021250 8168
36570.789924 180706 250 250 250 250 73 46 0 73 52 0 73 42 0 73 44 0 46726 948750 43608 8220 1021250 8168
36570.989949 180707 250 250 250 250 73 46 0 73 52 0 73 42 0 73 44 0 46726 948750 43608 8220 1021250 8168
36571.189925 180708 250 250 250 250 73 46 0 73 52 0 73 42 0 73 44 0 46970 948750 43608 8220 1021250 8168
36571.389909 180709 250 250 250 250 73 46 0 73 52 0 73 42 0 73 44 0 46726 948750 43608 8220 1021250 8168
36571.589923 180710 250 250 250 250 73 46 0 73 52 0 73 42 0 73 44 0 46726 948750 43608 8220 1021250 8168
36571.789924 180711 250 250 250 250 73 46 0 73 52 0 73 42 0 73 44 0 46970 948750 43608 8220 1021250 8168
36571.989890 180712 250 250 250 250 73 46 0 73 52 0 73 42 0 73 44 0 46726 948750 43608 8220 1021250 8168
36572.189868 180713 250 250 250 250 73 46 0 73 52 0 73 42 0 73 44 0 46970 948750 43608 7946 1021250 7147
36572.389868 180714 250 250 250 250 73 46 0 73 52 0 73 42 0 73 44 0 46970 948750 43608 7946 1021250 7147
36572.589931 180715 250 250 250 250 73 46 0 73 52 0 73 42 0 73 44 0 46726 948750 43608 8220 1021250 8168
36572.789933 180716 250 250 250 250 73 46 0 73 52 0 73 42 0 73 44 0 46726 948750 43608 8220 1021250 8168
36572.989955 180717 250 250 250 250 73 46 0 73 52 0 73 42 0 73 44 0 46970 948750 43608 8220 1021250 8168
36573.189929 180718 250 250 250 250 73 46 0 73 52 0 73 42 0 73 44 0 46970 948750 43608 8220 1021250 8168
36573.389931 180719 250 250 250 250 73 46 0 73 52 0 73 42 0 73 44 0 46726 948750 43608 8220 1021250 8168
36573.589931 180720 250 250 250 250 73 46 0 73 52 0 73 42 0 73 44 0 46726 948750 43608 8220 1021250 8168
36573.789919 180721 250 250 250 250 73 46 0 73 52 0 73 42 0 73 44 0 46970 948750 43608 8220 1021250 8168
36573.989878 180722 250 250 250 250 73 46 0 73 52 0 73 42 0 73 44 0 46726 948750 43608 8220 1021250 8168
36574.189849 180723 250 250 250 250 73 46 0 73 52 0 73 42 0 73 44 0 46726 948750 43608 8220 1021250 8168
36574.389848 180724 250 250 250 250 73 46 0 73 52 0 73 42 0 73 44 0 49471 948750 46452 7946 1021250 7147
36574.589848 180725 250 250 250 250 73 46 0 73 52 0 73 42 0 73 44 0 47275 948750 44556 8220 1021250 8168
36574.789850 180726 250 250 250 250 73 46 0 73 52 0 73 42 0 73 44 0 46970 948750 43608 8220 1021250 8168
36574.989873 180727 250 250 250 250 73 46 0 73 52 0 73 42 0 73 44 0 46970 948750 43608 8220 1021250 8168
36575.189849 180728 250 250 250 250 73 46 0 73 52 0 73 42 0 73 44 0 47275 948750 44556 8220 1021250 8168
36575.389849 180729 250 250 250 250 73 46 0 73 52 0 73 42 0 73 44 0 46970 948750 43608 8220 1021250 8168
36575.589850 180730 250 250 250 250 73 46 0 73 52 0 73 42 0 73 44 0 46970 948750 43608 8220 1021250 8168
36575.789850 180731 250 250 250 250 73 46 0 73 52 0 73 42 0 73 44 0 46970 948750 43608 8220 1021250 8168
36575.989870 180732 250 250 250 250 73 46 0 73 52 0 73 42 0 73 44 0 47275 948750 44556 8220 1021250 8168
36576.189849 180733 250 250 250 250 73 46 0 73 52 0 73 42 0 73 44 0 46970 948750 43608 8220 1021250 8168
36576.389848 180734 250 250 250 250 73 46 0 73 52 0 73 42 0 73 44 0 46970 948750 43608 8220 1021250 8168
36576.589848 180735 250 250 250 250 73 46 0 73 52 0 73 42 0 73 44 0 46970 948750 43608 8220 1021250 8168
36576.789849 180736 250 250 250 250 73 46 0 73 52 0 73 42 0 73 44 0 46970 948750 43608 8220 1021250 8168
36576.989870 180737 250 250 250 250 73 46 0 73 52 0 73 42 0 73 44 0 46726 948750 43608 8220 1021250 8168
36577.189848 180738 250 250 250 250 73 46 0 73 52 0 73 42 0 73 44 0 46726 948750 43608 8220 1021250 8168
36577.389848 180739 250 250 250 250 73 46 0 73 52 0 73 42 0 73 44 0 46726 948750 43608 8220 1021250 8168
36577.589848 180740 250 250 250 250 73 46 0 73 52 0 73 42 0 73 44 0 46726 948750 43608 8220 1021250 8168
36577.789848 180741 250 250 250 250 73 46 0 73 52 0 73 42 0 73 44 0 46970 948750 43608 8220 1021250 8168
36577.989869 180742 250 250 250 250 73 46 0 73 52 0 73 42 0 73 44 0 46726 948750 43608 8220 1021250 8168
36578.189850 180743 250 250 250 250 73 46 0 73 52 0 73 42 0 73 44 0 46726 948750 43608 8220 1021250 8168
36578.389848 180744 250 250 250 250 73 46 0 73 52 0 73 42 0 73 44 0 46970 948750 43608 8220 1021250 8168
36578.589848 180745 250 250 250 250 73 46 0 73 52 0 73 42 0 73 44 0 46970 948750 43608 8220 1021250 8168
36578.789848 180746 250 250 250 250 73 46 0 73 52 0 73 42 0 73 44 0 46726 948750 43608 8220 1021250 8168
36578.989870 180747 250 250 250 250 73 46 0 73 52 0 73 42 0 73 44 0 46726 948750 43608 8220 1021250 8168
36579.189848 180748 250 250 250 250 73 46 0 73 52 0 73 42 0 73 44 0 46970 948750 43608 8220 1021250 8168
36579.389848 180749 250 250 250 250 73 46 0 73 52 0 73 42 0 73 44 0 46482 948750 43608 8220 1021250 8168
36579.589848 180750 250 250 250 250 73 46 0 73 52 0 73 42 0 73 44 0 46726 948750 43608 8220 1021250 8168
36579.789852 180751 250 250 250 250 73 46 0 73 52 0 73 42 0 73 44 0 46970 948750 43608 8220 1021250 8168
36579.989869 180752 250 250 250 250 73 46 0 73 52 0 73 42 0 73 44 0 46970 948750 43608 8220 1021250 8168
36580.189847 180753 250 250 250 250 73 46 0 73 52 0 73 42 0 73 44 0 46726 948750 43608 8220 1021250 8168
36580.389848 180754 250 250 250 250 73 46 0 73 52 0 73 42 0 73 44 0 46726 948750 43608 8220 1021250 8168
36580.589849 180755 250 250 250 250 73 46 0 73 52 0 73 42 0 73 44 0 46726 948750 43608 8220 1021250 8168
36580.789851 180756 250 250 250 250 73 46 0 73 52 0 73 42 0 73 44 0 46726 948750 43608 8220 1021250 8168
36580.989869 180757 250 250 250 250 73 46 0 73 52 0 73 42 0 73 44 0 47275 948750 44556 8220 1021250 8168
36581.189847 180758 250 250 250 250 73 46 0 73 52 0 73 42 0 73 44 0 46726 948750 43608 8220 1021250 8168
36581.389847 180759 250 250 250 250 73 46 0 73 52 0 73 42 0 73 44 0 46726 948750 43608 8220 1021250 8168
36581.589849 180760 250 250 250 250 73 46 0 73 52 0 73 42 0 73 44 0 46726 948750 43608 8220 1021250 8168
36581.789849 180761 250 250 250 250 73 46 0 73 52 0 73 42 0 73 44 0 46482 948750 43608 8220 1021250 8168
36581.989869 180762 250 250 250 250 73 46 0 73 52 0 73 42 0 73 44 0 46726 948750 43608 8220 1021250 8168
36582.189847 180763 250 250 250 250 73 46 0 73 52 0 73 42 0 73 44 0 46726 948750 43608 8220 1021250 8168
36582.389849 180764 250 250 250 250 73 46 0 73 52 0 73 42 0 73 44 0 46726 948750 43608 8220 1021250 8168
36582.589848 180765 250 250 250 250 73 46 0 73 52 0 73 42 0 73 44 0 46482 948750 43608 8220 1021250 8168
36582.789948 180766 250 250 250 250 73 46 0 73 52 0 73 42 0 73 44 0 46726 948750 43608 8220 1021250 8168
36582.989959 180767 250 250 250 250 73 46 0 73 52 0 73 42 0 73 44 0 46970 948750 43608 7946 1021250 7147
36583.189955 180768 250 250 250 250 73 46 0 73 52 0 73 42 0 73 44 0 46970 948750 43608 7946 1021250 7147
36583.389953 180769 250 250 250 250 73 46 0 73 52 0 73 42 0 73 44 0 46970 948750 43608 8220 1021250 8168
36583.589953 180770 250 250 250 250 73 46 0 73 52 0 73 42 0 73 44 0 46970 948750 43608 8220 1021250 8168
36583.789955 180771 250 250 250 250 73 46 0 73 52 0 73 42 0 73 44 0 46482 948750 43608 8220 1021250 8168
36583.989954 180772 250 250 250 250 73 46 0 73 52 0 73 42 0 73 44 0 46482 948750 43608 8220 1021250 8168
36584.189955 180773 250 250 250 250 73 46 0 73 52 0 73 42 0 73 44 0 47275 948750 44556 8220 1021250 8168
36584.389954 180774 250 250 250 250 73 46 0 73 52 0 73 42 0 73 44 0 46726 948750 43608 8220 1021250 8168
36584.589955 180775 250 250 250 250 73 46 0 73 52 0 73 42 0 73 44 0 46970 948750 43608 8220 1021250 8168
36584.789956 180776 250 250 250 250 73 46 0 73 52 0 73 42 0 73 44 0 46970 948750 43608 8220 1021250 8168
36584.989955 180777 250 250 250 250 73 46 0 73 52 0 73 42 0 73 44 0 46726 948750 43608 8220 1021250 8168
36585.189942 180778 250 250 250 250 73 46 0 73 52 0 73 42 0 73 44 0 46726 948750 43608 8220 1021250 8168
36585.389953 180779 250 250 250 250 73 46 0 73 52 0 73 42 0 73 44 0 46970 948750 43608 8220 1021250 8168
36585.589954 180780 250 250 250 250 73 46 0 73 52 0 73 42 0 73 44 0 46970 948750 43608 8220 1021250 8168
36585.789955 180781 250 250 250 250 73 46 0 73 52 0 73 42 0 73 44 0 46970 948750 43608 8220 1021250 8168
36585.989955 180782 250 250 250 250 73 46 0 73 52 0 73 42 0 73 44 0 46970 948750 43608 8220 1021250 8168
36586.189942 180783 250 250 250 250 73 46 0 73 52 0 73 42 0 73 44 0 47275 948750 44556 8220 1021250 8168
36586.389956 180784 250 250 250 250 73 46 0 73 52 0 73 42 0 73 44 0 46970 948750 43608 8220 1021250 8168
36586.589954 180785 250 250 250 250 73 46 0 73 52 0 73 42 0 73 44 0 46970 948750 43608 8220 1021250 8168
36586.789957 180786 250 250 250 250 73 46 0 73 52 0 73 42 0 73 44 0 46726 948750 43608 8220 1021250 8168
36586.989955 180787 250 250 250 250 73 46 0 73 52 0 73 42 0 73 44 0 47275 948750 44556 8220 1021250 8168
36587.189954 180788 250 250 250 250 73 46 0 73 52 0 73 42 0 73 44 0 46726 948750 43608 8220 1021250 8168
36587.389953 180789 250 250 250 250 73 46 0 73 52 0 73 42 0 73 44 0 46726 948750 43608 8220 1021250 8168
36587.589956 180790 250 250 250 250 73 46 0 73 52 0 73 42 0 73 44 0 46970 948750 43608 8220 1021250 8168
36587.789954 180791 250 250 250 250 73 46 0 73 52 0 73 42 0 73 44 0 46970 948750 43608 8220 1021250 8168
36587.989954 180792 250 250 250 250 73 46 0 73 52 0 73 42 0 73 44 0 46970 948750 43608 8220 1021250 8168
36588.189953 180793 250 250 250 250 73 46 0 73 52 0 73 42 0 73 44 0 46970 948750 43608 8220 1021250 8168
36588.389953 180794 250 250 250 250 73 46 0 73 52 0 73 42 0 73 44 0 46726 948750 43608 8220 1021250 8168
36588.589941 180795 250 250 250 250 73 46 0 73 52 0 73 42 0 73 44 0 47275 948750 44556 8220 1021250 8168
36588.789954 180796 250 250 250 250 73 46 0 73 52 0 73 42 0 73 44 0 46970 948750 43608 8220 1021250 8168
36588.989954 180797 250 250 250 250 73 46 0 73 52 0 73 42 0 73 44 0 46970 948750 43608 8220 1021250 8168
36589.189957 180798 250 250 250 250 73 46 0 73 52 0 73 42 0 73 44 0 46970 948750 43608 8220 1021250 8168
36589.389954 180799 250 250 250 250 73 46 0 73 52 0 73 42 0 73 44 0 46970 948750 43608 8220 1021250 8168
36589.589941 180800 250 250 250 250 73 46 0 73 52 0 73 42 0 73 44 0 46726 948750 43608 8220 1021250 8168
36589.789955 180801 250 250 250 250 73 46 0 73 52 0 73 42 0 73 44 0 46726 948750 43608 8220 1021250 8168
36589.989954 180802 250 250 250 250 73 46 0 73 52 0 73 42 0 73 44 0 46970 948750 43608 8220 1021250 8168
36590.189970 180803 250 250 250 250 73 46 0 73 52 0 73 42 0 73 44 0 46970 948750 43608 8220 1021250 8168
36590.389954 180804 250 250 250 250 73 46 0 73 52 0 73 42 0 73 44 0 46970 948750 43608 8220 1021250 8168
36590.589956 180805 250 250 250 250 73 46 0 73 52 0 73 42 0 73 44 0 46970 948750 43608 8220 1021250 8168
36590.789971 180806 250 250 250 250 73 46 0 73 52 0 73 42 0 73 44 0 46726 948750 43608 8220 1021250 8168
36590.989972 180807 250 250 250 250 73 46 0 73 52 0 73 42 0 73 44 0 46970 948750 43608 8220 1021250 8168
36591.189971 180808 250 250 250 250 73 46 0 73 52 0 73 42 0 73 44 0 47275 948750 44556 8220 1021250 8168
36591.389968 180809 250 250 250 250 73 46 0 73 52 0 73 42 0 73 44 0 47275 948750 44556 8220 1021250 8168
36591.589969 180810 250 250 250 250 73 46 0 73 52 0 73 42 0 73 44 0 46726 948750 43608 8220 1021250 8168
36591.789969 180811 250 250 250 250 73 46 0 73 52 0 73 42 0 73 44 0 47275 948750 44556 7946 1021250 7147
36591.989972 180812 250 250 250 250 73 46 0 73 52 0 73 42 0 73 44 0 47275 948750 44556 7946 1021250 7147
36592.189944 180813 250 250 250 250 73 46 0 73 52 0 73 42 0 73 44 0 48251 948750 45504 8220 1021250 8168
36592.389969 180814 250 250 250 250 73 46 0 73 52 0 73 42 0 73 44 0 48251 948750 45504 8220 1021250 8168
36592.589969 180815 250 250 250 250 73 46 0 73 52 0 73 42 0 73 44 0 47275 948750 44556 8220 1021250 8168
36592.789979 180816 250 250 250 250 73 46 0 73 52 0 73 42 0 73 44 0 47275 948750 44556 7946 1021250 7147
36592.989957 180817 250 250 250 250 73 46 0 73 52 0 73 42 0 73 44 0 47519 948750 44556 8220 1021250 8168
36593.189985 180818 250 250 250 250 73 46 0 73 52 0 73 42 0 73 44 0 47519 948750 44556 8220 1021250 8168
36593.389994 180819 250 250 250 250 73 46 0 73 52 0 73 42 0 73 44 0 46726 948750 43608 8220 1021250 8168
36593.589969 180820 250 250 250 250 73 46 0 73 52 0 73 42 0 73 44 0 46726 948750 43608 8220 1021250 8168
36593.789969 180821 250 250 250 250 73 46 0 73 52 0 73 42 0 73 44 0 46970 948750 43608 8220 1021250 8168
36593.989969 180822 250 250 250 250 73 46 0 73 52 0 73 42 0 73 44 0 46970 948750 43608 8220 1021250 8168
36594.189958 180823 250 250 250 250 73 46 0 73 52 0 73 42 0 73 44 0 46970 948750 43608 8220 1021250 8168
36594.389968 180824 250 250 250 250 73 46 0 73 52 0 73 42 0 73 44 0 46970 948750 43608 8220 1021250 8168
36594.589969 180825 250 250 250 250 73 46 0 73 52 0 73 42 0 73 44 0 46726 948750 43608 8220 1021250 8168
36594.789970 180826 250 250 250 250 73 46 0 73 52 0 73 42 0 73 44 0 46726 948750 43608 8220 1021250 8168
36594.989970 180827 250 250 250 250 73 46 0 73 52 0 73 42 0 73 44 0 46726 948750 43608 8220 1021250 8168
36595.189968 180828 250 250 250 250 73 46 0 73 52 0 73 42 0 73 44 0 46726 948750 43608 8220 1021250 8168
36595.389968 180829 250 250 250 250 73 46 0 73 52 0 73 42 0 73 44 0 46970 948750 43608 8220 1021250 8168
36595.589968 180830 250 250 250 250 73 46 0 73 52 0 73 42 0 73 44 0 46970 948750 43608 8220 1021250 8168
36595.789970 180831 250 250 250 250 73 46 0 73 52 0 73 42 0 73 44 0 46726 948750 43608 8220 1021250 8168
36595.989969 180832 250 250 250 250 73 46 0 73 52 0 73 42 0 73 44 0 46726 948750 43608 8220 1021250 8168
36596.189968 180833 250 250 250 250 73 46 0 73 52 0 73 42 0 73 44 0 46726 948750 43608 8220 1021250 8168
36596.389968 180834 250 250 250 250 73 46 0 73 52 0 73 42 0 73 44 0 46726 948750 43608 8220 1021250 8168
36596.589957 180835 250 250 250 250 73 46 0 73 52 0 73 42 0 73 44 0 47275 948750 44556 8220 1021250 8168
36596.789970 180836 250 250 250 250 73 46 0 73 52 0 73 42 0 73 44 0 46970 948750 43608 8220 1021250 8168
36596.989971 180837 250 250 250 250 73 46 0 73 52 0 73 42 0 73 44 0 46482 948750 43608 8220 1021250 8168
36597.189969 180838 250 250 250 250 73 46 0 73 52 0 73 42 0 73 44 0 46482 948750 43608 8220 1021250 8168
36597.389971 180839 250 250 250 250 73 46 0 73 52 0 73 42 0 73 44 0 46970 948750 43608 8220 1021250 8168
36597.589983 180840 250 250 250 250 73 46 0 73 52 0 73 42 0 73 44 0 46970 948750 43608 8220 1021250 8168
36597.789971 180841 250 250 250 250 73 46 0 73 52 0 73 42 0 73 44 0 46726 948750 43608 8220 1021250 8168
36597.989970 180842 250 250 250 250 73 46 0 73 52 0 73 42 0 73 44 0 46726 948750 43608 8220 1021250 8168
36598.189970 180843 250 250 250 250 73 46 0 73 52 0 73 42 0 73 44 0 46970 948750 43608 8220 1021250 8168
36598.389969 180844 250 250 250 250 73 46 0 73 52 0 73 42 0 73 44 0 46970 948750 43608 8220 1021250 8168
36598.589969 180845 250 250 250 250 73 46 0 73 52 0 73 42 0 73 44 0 46726 948750 43608 8220 1021250 8168
36598.789970 180846 250 250 250 250 73 46 0 73 52 0 73 42 0 73 44 0 46726 948750 43608 8220 1021250 8168
36598.989969 180847 250 250 250 250 73 46 0 73 52 0 73 42 0 73 44 0 46726 948750 43608 8220 1021250 8168
36599.189969 180848 250 250 250 250 73 46 0 73 52 0 73 42 0 73 44 0 46726 948750 43608 7946 1021250 7147
36599.389969 180849 250 250 250 250 73 46 0 73 52 0 73 42 0 73 44 0 46970 948750 43608 8220 1021250 8168
36599.589969 180850 250 250 250 250 73 46 0 73 52 0 73 42 0 73 44 0 46970 948750 43608 8220 1021250 8168
36599.789970 180851 250 250 250 250 73 46 0 73 52 0 73 42 0 73 44 0 46970 948750 43608 8220 1021250 8168
36599.989970 180852 250 250 250 250 73 46 0 73 52 0 73 42 0 73 44 0 46970 948750 43608 8220 1021250 8168
36600.189969 180853 250 250 250 250 73 46 0 73 52 0 73 42 0 73 44 0 46726 948750 43608 8220 1021250 8168
36600.389969 180854 250 250 250 250 73 46 0 73 52 0 73 42 0 73 44 0 47275 948750 44556 8220 1021250 8168
36600.589969 180855 250 250 250 250 73 46 0 73 52 0 73 42 0 73 44 0 47275 948750 44556 8220 1021250 8168
36600.789985 180856 250 250 250 250 73 46 0 73 52 0 73 42 0 73 44 0 46726 948750 43608 8220 1021250 8168
36600.989958 180857 250 250 250 250 73 46 0 73 52 0 73 42 0 73 44 0 46726 948750 43608 8220 1021250 8168
36601.189969 180858 250 250 250 250 73 46 0 73 52 0 73 42 0 73 44 0 47275 948750 44556 8220 1021250 8168
36601.389969 180859 250 250 250 250 73 46 0 73 52 0 73 42 0 73 44 0 47275 948750 44556 8220 1021250 8168
36601.589968 180860 250 250 250 250 73 46 0 73 52 0 73 42 0 73 44 0 46970 948750 43608 8220 1021250 8168
36601.789998 180861 250 250 250 250 73 46 0 73 52 0 73 42 0 73 44 0 47275 948750 44556 8220 1021250 8168
36601.989957 180862 250 250 250 250 73 46 0 73 52 0 73 42 0 73 44 0 46970 948750 43608 8220 1021250 8168
36602.189969 180863 250 250 250 250 73 46 0 73 52 0 73 42 0 73 44 0 46970 948750 43608 8220 1021250 8168
36602.389969 180864 250 250 250 250 73 46 0 73 52 0 73 42 0 73 44 0 47275 948750 44556 8220 1021250 8168
36602.589969 180865 250 250 250 250 73 46 0 73 52 0 73 42 0 73 44 0 47519 948750 44556 7946 1021250 7147
36602.789971 180866 250 250 250 250 73 46 0 73 52 0 73 42 0 73 44 0 46970 948750 43608 7946 1021250 7147
36602.989969 180867 250 250 250 250 73 46 0 73 52 0 73 42 0 73 44 0 46970 948750 43608 7946 1021250 7147
36603.189969 180868 250 250 250 250 73 46 0 73 52 0 73 42 0 73 44 0 46970 948750 43608 8220 1021250 8168
36603.389969 180869 250 250 250 250 73 46 0 73 52 0 73 42 0 73 44 0 46970 948750 43608 8220 1021250 8168
36603.589968 180870 250 250 250 250 73 46 0 73 52 0 73 42 0 73 44 0 46970 948750 43608 8220 1021250 8168
36603.789970 180871 250 250 250 250 73 46 0 73 52 0 73 42 0 73 44 0 46970 948750 43608 8220 1021250 8168
36603.989951 180872 250 250 250 250 73 46 0 73 52 0 73 42 0 73 44 0 46726 948750 43608 8220 1021250 8168
36604.189956 180873 250 250 250 250 73 46 0 73 52 0 73 42 0 73 44 0 50508 948750 47400 8220 1021250 8168
36604.389958 180874 250 250 250 250 73 46 0 73 52 0 73 42 0 73 44 0 46970 948750 43608 8220 1021250 8168
36604.589944 180875 250 250 250 250 73 46 0 73 52 0 73 42 0 73 44 0 46726 948750 43608 8220 1021250 8168
36604.789975 180876 250 250 250 250 73 46 0 73 52 0 73 42 0 73 44 0 46726 948750 43608 8220 1021250 8168
36604.989970 180877 250 250 250 250 73 46 0 73 52 0 73 42 0 73 44 0 46970 948750 43608 8220 1021250 8168
36605.189973 180878 250 250 250 250 73 46 0 73 52 0 73 42 0 73 44 0 46970 948750 43608 7946 1021250 7147
36605.389955 180879 250 250 250 250 73 46 0 73 52 0 73 42 0 73 44 0 46970 948750 43608 8220 1021250 8168
36605.589969 180880 250 250 250 250 73 46 0 73 52 0 73 42 0 73 44 0 46970 948750 43608 8220 1021250 8168
36605.789972 180881 250 250 250 250 73 46 0 73 52 0 73 42 0 73 44 0 46726 948750 43608 8220 1021250 8168
36605.989998 180882 250 250 250 250 73 46 0 73 52 0 73 42 0 73 44 0 47275 948750 44556 8220 1021250 8168
36606.189969 180883 250 250 250 250 73 46 0 73 52 0 73 42 0 73 44 0 46970 948750 43608 8220 1021250 8168
36606.389969 180884 250 250 250 250 73 46 0 73 52 0 73 42 0 73 44 0 46970 948750 43608 8220 1021250 8168
36606.589969 180885 250 250 250 250 73 46 0 73 52 0 73 42 0 73 44 0 46726 948750 43608 8220 1021250 8168
36606.789970 180886 250 250 250 250 73 46 0 73 52 0 73 42 0 73 44 0 46970 948750 43608 8220 1021250 8168
36606.989971 180887 250 250 250 250 73 46 0 73 52 0 73 42 0 73 44 0 47763 948750 44556 8220 1021250 8168
36607.189971 180888 250 250 250 250 73 46 0 73 52 0 73 42 0 73 44 0 47763 948750 44556 8220 1021250 8168
36607.389969 180889 250 250 250 250 73 46 0 73 52 0 73 42 0 73 44 0 46726 948750 43608 8220 1021250 8168
36607.589969 180890 250 250 250 250 73 46 0 73 52 0 73 42 0 73 44 0 46726 948750 43608 8220 1021250 8168
36607.789972 180891 250 250 250 250 73 46 0 73 52 0 73 42 0 73 44 0 46726 948750 43608 8220 1021250 8168
36607.989971 180892 250 250 250 250 73 46 0 73 52 0 73 42 0 73 44 0 46726 948750 43608 8220 1021250 8168
36608.189969 180893 250 250 250 250 73 46 0 73 52 0 73 42 0 73 44 0 46970 948750 43608 8220 1021250 8168
36608.389971 180894 250 250 250 250 73 46 0 73 52 0 73 42 0 73 44 0 46726 948750 43608 8220 1021250 8168
36608.589969 180895 250 250 250 250 73 46 0 73 52 0 73 42 0 73 44 0 46970 948750 43608 8220 1021250 8168
36608.789972 180896 250 250 250 250 73 46 0 73 52 0 73 42 0 73 44 0 46970 948750 43608 8220 1021250 8168
36608.989958 180897 250 250 250 250 73 46 0 73 52 0 73 42 0 73 44 0 46970 948750 43608 8220 1021250 8168
36609.189968 180898 250 250 250 250 73 46 0 73 52 0 73 42 0 73 44 0 46482 948750 43608 8220 1021250 8168
36609.389968 180899 250 250 250 250 73 46 0 73 52 0 73 42 0 73 44 0 46970 948750 43608 8220 1021250 8168
36609.589970 180900 250 250 250 250 73 46 0 73 52 0 73 42 0 73 44 0 46970 948750 43608 8220 1021250 8168
36609.789971 180901 250 250 250 250 73 46 0 73 52 0 73 42 0 73 44 0 46726 948750 43608 8220 1021250 8168
36609.989958 180902 250 250 250 250 73 46 0 73 52 0 73 42 0 73 44 0 46726 948750 43608 8220 1021250 8168
36610.189968 180903 250 250 250 250 73 46 0 73 52 0 73 42 0 73 44 0 46726 948750 43608 8220 1021250 8168
36610.389968 180904 250 250 250 250 73 46 0 73 52 0 73 42 0 73 44 0 46726 948750 43608 8220 1021250 8168
36610.589970 180905 250 250 250 250 73 46 0 73 52 0 73 42 0 73 44 0 46970 948750 43608 8220 1021250 8168
36610.789972 180906 250 250 250 250 73 46 0 73 52 0 73 42 0 73 44 0 46970 948750 43608 8220 1021250 8168
36610.989969 180907 250 250 250 250 73 46 0 73 52 0 73 42 0 73 44 0 46726 948750 43608 8220 1021250 8168
36611.189969 180908 250 250 250 250 73 46 0 73 52 0 73 42 0 73 44 0 47519 948750 44556 7946 1021250 7147
36611.389968 180909 250 250 250 250 73 46 0 73 52 0 73 42 0 73 44 0 47519 948750 44556 7946 1021250 7147
36611.589969 180910 250 250 250 250 73 46 0 73 52 0 73 42 0 73 44 0 46482 948750 43608 8220 1021250 8168
36611.789970 180911 250 250 250 250 73 46 0 73 52 0 73 42 0 73 44 0 46482 948750 43608 8220 1021250 8168
36611.989969 180912 250 250 250 250 73 46 0 73 52 0 73 42 0 73 44 0 46970 948750 43608 8220 1021250 8168
36612.189970 180913 250 250 250 250 73 46 0 73 52 0 73 42 0 73 44 0 46970 948750 43608 8220 1021250 8168
36612.389956 180914 250 250 250 250 73 46 0 73 52 0 73 42 0 73 44 0 46970 948750 43608 8220 1021250 8168
36612.589968 180915 250 250 250 250 73 46 0 73 52 0 73 42 0 73 44 0 46726 948750 43608 8220 1021250 8168
36612.789970 180916 250 250 250 250 73 46 0 73 52 0 73 42 0 73 44 0 47275 948750 44556 7946 1021250 7147
36612.989971 180917 250 250 250 250 73 46 0 73 52 0 73 42 0 73 44 0 47275 948750 44556 7946 1021250 7147
36613.189970 180918 250 250 250 250 73 46 0 73 52 0 73 42 0 73 44 0 47275 948750 44556 8220 1021250 8168
36613.389957 180919 250 250 250 250 73 46 0 73 52 0 73 42 0 73 44 0 46726 948750 43608 8220 1021250 8168
36613.589968 180920 250 250 250 250 73 46 0 73 52 0 73 42 0 73 44 0 47275 948750 44556 8220 1021250 8168
36613.789970 180921 250 250 250 250 73 46 0 73 52 0 73 42 0 73 44 0 47275 948750 44556 8220 1021250 8168
36613.989969 180922 250 250 250 250 73 46 0 73 52 0 73 42 0 73 44 0 47275 948750 44556 7946 1021250 7147
36614.189994 180923 250 250 250 250 73 46 0 73 52 0 73 42 0 73 44 0 46970 948750 43608 8220 1021250 8168
36614.389921 180924 250 250 250 250 73 46 0 73 52 0 73 42 0 73 44 0 46970 948750 43608 8220 1021250 8168
36614.589923 180925 250 250 250 250 73 46 0 73 52 0 73 42 0 73 44 0 46970 948750 43608 8220 1021250 8168
36614.789924 180926 250 250 250 250 73 46 0 73 52 0 73 42 0 73 44 0 47275 948750 44556 8220 1021250 8168
36614.989922 180927 250 250 250 250 73 46 0 73 52 0 73 42 0 73 44 0 47275 948750 44556 8220 1021250 8168
36615.189920 180928 250 250 250 250 73 46 0 73 52 0 73 42 0 73 44 0 46970 948750 43608 8220 1021250 8168
36615.389920 180929 250 250 250 250 73 46 0 73 52 0 73 42 0 73 44 0 46970 948750 43608 8220 1021250 8168
36615.589921 180930 250 250 250 250 73 46 0 73 52 0 73 42 0 73 44 0 46970 948750 43608 8220 1021250 8168
36615.789973 180931 250 250 250 250 73 46 0 73 52 0 73 42 0 73 44 0 46970 948750 43608 8220 1021250 8168
36615.989996 180932 250 250 250 250 73 46 0 73 52 0 73 42 0 73 44 0 46970 948750 43608 8220 1021250 8168
36616.189978 180933 250 250 250 250 73 46 0 73 52 0 73 42 0 73 44 0 46970 948750 43608 8220 1021250 8168
36616.389950 180934 250 250 250 250 73 46 0 73 52 0 73 42 0 73 44 0 47275 948750 44556 8220 1021250 8168
36616.589955 180935 250 250 250 250 73 46 0 73 52 0 73 42 0 73 44 0 46970 948750 43608 8220 1021250 8168
36616.789945 180936 250 250 250 250 73 46 0 73 52 0 73 42 0 73 44 0 46970 948750 43608 8220 1021250 8168
36616.989891 180937 250 250 250 250 73 46 0 73 52 0 73 42 0 73 44 0 46970 948750 43608 8220 1021250 8168
36617.189949 180938 250 250 250 250 73 46 0 73 52 0 73 42 0 73 44 0 46970 948750 43608 8220 1021250 8168
36617.389951 180939 250 250 250 250 73 46 0 73 52 0 73 42 0 73 44 0 47275 948750 44556 8220 1021250 8168
36617.589952 180940 250 250 250 250 73 46 0 73 52 0 73 42 0 73 44 0 47275 948750 44556 8220 1021250 8168
36617.789938 180941 250 250 250 250 73 46 0 73 52 0 73 42 0 73 44 0 46726 948750 43608 7946 1021250 7147
36617.989956 180942 250 250 250 250 73 46 0 73 52 0 73 42 0 73 44 0 46726 948750 43608 7946 1021250 7147
36618.189952 180943 250 250 250 250 73 46 0 73 52 0 73 42 0 73 44 0 47275 948750 44556 8220 1021250 8168
36618.389953 180944 250 250 250 250 73 46 0 73 52 0 73 42 0 73 44 0 16226 950000 15200 8220 1021250 8168
36618.589954 180945 250 250 250 250 73 46 0 73 52 0 73 42 0 73 44 0 9028 950000 8550 8220 1021250 8168
36618.789967 180946 250 250 250 250 73 46 0 73 52 0 73 42 0 73 44 0 9028 950000 8550 8220 1021250 8168
36618.989953 180947 250 250 250 250 73 46 0 73 52 0 73 42 0 73 44 0 9272 950000 8550 8220 1021250 8168
