27672.324927 136215 300 300 300 300 73 46 0 73 52 0 73 42 0 73 44 0 9516 950000 8550 7124 958750 6706
27672.524914 136216 300 300 300 300 73 46 0 73 52 0 73 42 0 73 44 0 9760 950000 8550 7124 958750 6706
27672.724924 136217 300 300 300 300 73 46 0 73 52 0 73 42 0 73 44 0 9516 950000 8550 7124 958750 6706
27672.924923 136218 300 300 300 300 73 46 0 73 52 0 73 42 0 73 44 0 9760 950000 8550 7124 958750 6706
27673.124967 136219 300 300 300 300 73 46 0 73 52 0 73 42 0 73 44 0 9760 950000 8550 7124 958750 6706
27673.324925 136220 300 300 300 300 73 46 0 73 52 0 73 42 0 73 44 0 33733 950000 31350 7124 958750 6706
27673.524924 136221 300 300 300 300 73 46 0 73 52 0 73 42 0 73 44 0 9760 950000 8550 7124 958750 6706
27673.724934 136222 300 300 300 300 73 46 0 73 52 0 73 42 0 73 44 0 9760 950000 8550 7124 958750 6706
27673.924941 136223 300 300 300 300 73 46 0 73 52 0 73 42 0 73 44 0 9760 950000 8550 7124 958750 6706
27674.124951 136224 300 300 300 300 73 46 0 73 52 0 73 42 0 73 44 0 10004 950000 9500 7398 958750 6706
27674.324971 136225 300 300 300 300 73 46 0 73 52 0 73 42 0 73 44 0 48983 948750 45504 7124 958750 6706
27674.524959 136226 300 300 300 300 73 46 0 73 52 0 73 42 0 73 44 0 68503 947500 64396 7124 958750 6706
27674.724977 136227 300 300 300 300 73 46 0 73 52 0 73 42 0 73 44 0 68503 947500 64396 7124 958750 6706
27674.924984 136228 300 300 300 300 73 46 0 73 52 0 73 42 0 73 44 0 63501 947500 59661 7124 958750 6706
27675.125029 136229 300 300 300 300 73 46 0 73 52 0 73 42 0 73 44 0 64233 948750 60672 7124 958750 6706
27675.325000 136230 300 300 300 300 73 46 0 73 52 0 73 42 0 73 44 0 63745 948750 59724 7124 958750 6706
27675.525387 136231 300 300 300 300 73 46 0 73 52 0 73 42 0 73 44 0 63745 948750 59724 7124 958750 6706
27675.724980 136232 300 300 300 300 73 46 0 73 52 0 73 42 0 73 44 0 66002 947500 62502 7124 958750 6706
27675.924939 136233 300 300 300 300 73 46 0 73 52 0 73 42 0 73 44 0 62525 947500 58714 7124 958750 6706
27676.124979 136234 300 300 300 300 73 46 0 73 52 0 73 42 0 73 44 0 60024 948750 56880 7124 958750 6706
27676.324945 136235 300 300 300 300 73 46 0 73 52 0 73 42 0 73 44 0 60024 948750 56880 7124 958750 6706
27676.524941 136236 300 300 300 300 73 46 0 73 52 0 73 42 0 73 44 0 56974 948750 53088 7124 958750 6706
27676.724942 136237 300 300 300 300 73 46 0 73 52 0 73 42 0 73 44 0 55266 948750 52140 7398 958750 6706
27676.924943 136238 300 300 300 300 73 46 0 73 52 0 73 42 0 73 44 0 55266 948750 52140 7124 958750 6706
27677.124977 136239 300 300 300 300 73 46 0 73 52 0 73 42 0 73 44 0 55266 948750 52140 7124 958750 6706
27677.324941 136240 300 300 300 300 73 46 0 73 52 0 73 42 0 73 44 0 55266 948750 52140 7124 958750 6706
27677.524940 136241 300 300 300 300 73 46 0 73 52 0 73 42 0 73 44 0 55266 948750 52140 7124 958750 6706
27677.724941 136242 300 300 300 300 73 46 0 73 52 0 73 42 0 73 44 0 55022 948750 52140 7398 958750 6706
27677.924939 136243 300 300 300 300 73 46 0 73 52 0 73 42 0 73 44 0 55022 948750 52140 7398 958750 6706
27678.124995 136244 300 300 300 300 73 46 0 73 52 0 73 42 0 73 44 0 55266 948750 52140 7398 958750 6706
27678.324971 136245 300 300 300 300 73 46 0 73 52 0 73 42 0 73 44 0 55266 948750 52140 7124 958750 6706
27678.524940 136246 300 300 300 300 73 46 0 73 52 0 73 42 0 73 44 0 55510 948750 52140 7124 958750 6706
27678.724938 136247 300 300 300 300 73 46 0 73 52 0 73 42 0 73 44 0 55266 948750 52140 7124 958750 6706
27678.924939 136248 300 300 300 300 73 46 0 73 52 0 73 42 0 73 44 0 55266 948750 52140 7124 958750 6706
27679.124947 136249 300 300 300 300 73 46 0 73 52 0 73 42 0 73 44 0 55510 948750 52140 7124 958750 6706
27679.324942 136250 300 300 300 300 73 46 0 73 52 0 73 42 0 73 44 0 55266 948750 52140 7124 958750 6706
27679.524928 136251 300 300 300 300 73 46 0 73 52 0 73 42 0 73 44 0 55266 948750 52140 7124 958750 6706
27679.724939 136252 300 300 300 300 73 46 0 73 52 0 73 42 0 73 44 0 55266 948750 52140 7124 958750 6706
27679.924939 136253 300 300 300 300 73 46 0 73 52 0 73 42 0 73 44 0 55022 948750 52140 7124 958750 6706
27680.124961 136254 300 300 300 300 73 46 0 73 52 0 73 42 0 73 44 0 55510 948750 52140 7124 958750 6706
27680.324940 136255 300 300 300 300 73 46 0 73 52 0 73 42 0 73 44 0 55266 948750 52140 7398 958750 6706
27680.524942 136256 300 300 300 300 73 46 0 73 52 0 73 42 0 73 44 0 55266 948750 52140 7398 958750 6706
27680.724939 136257 300 300 300 300 73 46 0 73 52 0 73 42 0 73 44 0 55510 948750 52140 7124 958750 6706
27680.924939 136258 300 300 300 300 73 46 0 73 52 0 73 42 0 73 44 0 55266 948750 52140 7124 958750 6706
27681.124960 136259 300 300 300 300 73 46 0 73 52 0 73 42 0 73 44 0 55266 948750 52140 7398 958750 6706
27681.324939 136260 300 300 300 300 73 46 0 73 52 0 73 42 0 73 44 0 55266 948750 52140 7398 958750 6706
27681.524939 136261 300 300 300 300 73 46 0 73 52 0 73 42 0 73 44 0 55022 948750 52140 7124 958750 6706
27681.724939 136262 300 300 300 300 73 46 0 73 52 0 73 42 0 73 44 0 55266 948750 52140 7124 958750 6706
27681.924928 136263 300 300 300 300 73 46 0 73 52 0 73 42 0 73 44 0 55266 948750 52140 7124 958750 6706
27682.124969 136264 300 300 300 300 73 46 0 73 52 0 73 42 0 73 44 0 55266 948750 52140 7124 958750 6706
27682.324939 136265 300 300 300 300 73 46 0 73 52 0 73 42 0 73 44 0 55266 948750 52140 7398 958750 6706
27682.524939 136266 300 300 300 300 73 46 0 73 52 0 73 42 0 73 44 0 55266 948750 52140 7124 958750 6706
27682.724939 136267 300 300 300 300 73 46 0 73 52 0 73 42 0 73 44 0 55266 948750 52140 7124 958750 6706
27682.924939 136268 300 300 300 300 73 46 0 73 52 0 73 42 0 73 44 0 55266 948750 52140 7124 958750 6706
27683.124963 136269 300 300 300 300 73 46 0 73 52 0 73 42 0 73 44 0 55022 948750 52140 7124 958750 6706
27683.324939 136270 300 300 300 300 73 46 0 73 52 0 73 42 0 73 44 0 55266 948750 52140 7124 958750 6706
27683.524938 136271 300 300 300 300 73 46 0 73 52 0 73 42 0 73 44 0 55266 948750 52140 7398 958750 6706
27683.724938 136272 300 300 300 300 73 46 0 73 52 0 73 42 0 73 44 0 55266 948750 52140 7398 958750 6706
27683.924941 136273 300 300 300 300 73 46 0 73 52 0 73 42 0 73 44 0 55266 948750 52140 7124 958750 6706
27684.124962 136274 300 300 300 300 73 46 0 73 52 0 73 42 0 73 44 0 55510 948750 52140 7124 958750 6706
27684.324929 136275 300 300 300 300 73 46 0 73 52 0 73 42 0 73 44 0 55266 948750 52140 7124 958750 6706
27684.524862 136276 300 300 300 300 73 46 0 73 52 0 73 42 0 73 44 0 55022 948750 52140 7124 958750 6706
27684.724939 136277 300 300 300 300 73 46 0 73 52 0 73 42 0 73 44 0 55022 948750 52140 7124 958750 6706
27684.924939 136278 300 300 300 300 73 46 0 73 52 0 73 42 0 73 44 0 55510 948750 52140 7124 958750 6706
27685.124964 136279 300 300 300 300 73 46 0 73 52 0 73 42 0 73 44 0 55266 948750 52140 7398 958750 6706
27685.324939 136280 300 300 300 300 73 46 0 73 52 0 73 42 0 73 44 0 55266 948750 52140 7124 958750 6706
27685.524938 136281 300 300 300 300 73 46 0 73 52 0 73 42 0 73 44 0 55266 948750 52140 7124 958750 6706
27685.724938 136282 300 300 300 300 73 46 0 73 52 0 73 42 0 73 44 0 55510 948750 52140 7124 958750 6706
27685.924939 136283 300 300 300 300 73 46 0 73 52 0 73 42 0 73 44 0 55510 948750 52140 7124 958750 6706
27686.124959 136284 300 300 300 300 73 46 0 73 52 0 73 42 0 73 44 0 55022 948750 52140 7124 958750 6706
27686.324939 136285 300 300 300 300 73 46 0 73 52 0 73 42 0 73 44 0 55022 948750 52140 7124 958750 6706
27686.524939 136286 300 300 300 300 73 46 0 73 52 0 73 42 0 73 44 0 55022 948750 52140 7398 958750 6706
27686.724928 136287 300 300 300 300 73 46 0 73 52 0 73 42 0 73 44 0 55022 948750 52140 7398 958750 6706
27686.924939 136288 300 300 300 300 73 46 0 73 52 0 73 42 0 73 44 0 55022 948750 52140 7124 958750 6706
27687.124960 136289 300 300 300 300 73 46 0 73 52 0 73 42 0 73 44 0 55022 948750 52140 7124 958750 6706
27687.324940 136290 300 300 300 300 73 46 0 73 52 0 73 42 0 73 44 0 55266 948750 52140 7124 958750 6706
27687.524938 136291 300 300 300 300 73 46 0 73 52 0 73 42 0 73 44 0 55266 948750 52140 7124 958750 6706
27687.724939 136292 300 300 300 300 73 46 0 73 52 0 73 42 0 73 44 0 55266 948750 52140 7124 958750 6706
27687.924938 136293 300 300 300 300 73 46 0 73 52 0 73 42 0 73 44 0 55266 948750 52140 7124 958750 6706
27688.124963 136294 300 300 300 300 73 46 0 73 52 0 73 42 0 73 44 0 55266 948750 52140 7124 958750 6706
27688.324938 136295 300 300 300 300 73 46 0 73 52 0 73 42 0 73 44 0 55022 948750 52140 7398 958750 6706
27688.524929 136296 300 300 300 300 73 46 0 73 52 0 73 42 0 73 44 0 55510 948750 52140 7398 958750 6706
27688.724938 136297 300 300 300 300 73 46 0 73 52 0 73 42 0 73 44 0 55510 948750 52140 7398 958750 6706
27688.924938 136298 300 300 300 300 73 46 0 73 52 0 73 42 0 73 44 0 55510 948750 52140 7398 958750 6706
27689.124929 136299 300 300 300 300 73 46 0 73 52 0 73 42 0 73 44 0 55510 948750 52140 7398 958750 6706
27689.324939 136300 300 300 300 300 73 46 0 73 52 0 73 42 0 73 44 0 55510 948750 52140 7398 958750 6706
27689.524939 136301 300 300 300 300 73 46 0 73 52 0 73 42 0 73 44 0 55510 948750 52140 7398 958750 6706
27689.724939 136302 300 300 300 300 73 46 0 73 52 0 73 42 0 73 44 0 55754 948750 52140 7398 958750 6706
27689.924938 136303 300 300 300 300 73 46 0 73 52 0 73 42 0 73 44 0 55510 948750 52140 7398 958750 6706
27690.124928 136304 300 300 300 300 73 46 0 73 52 0 73 42 0 73 44 0 55510 948750 52140 7124 958750 6706
27690.324920 136305 300 300 300 300 73 46 0 73 52 0 73 42 0 73 44 0 55510 948750 52140 7124 958750 6706
27690.524940 136306 300 300 300 300 73 46 0 73 52 0 73 42 0 73 44 0 55510 948750 52140 7398 958750 6706
27690.724938 136307 300 300 300 300 73 46 0 73 52 0 73 42 0 73 44 0 55266 948750 52140 7124 958750 6706
27690.924939 136308 300 300 300 300 73 46 0 73 52 0 73 42 0 73 44 0 55266 948750 52140 7398 958750 6706
27691.124938 136309 300 300 300 300 73 46 0 73 52 0 73 42 0 73 44 0 55510 948750 52140 7124 958750 6706
27691.324939 136310 300 300 300 300 73 46 0 73 52 0 73 42 0 73 44 0 55510 948750 52140 7124 958750 6706
27691.524938 136311 300 300 300 300 73 46 0 73 52 0 73 42 0 73 44 0 55510 948750 52140 7398 958750 6706
27691.724938 136312 300 300 300 300 73 46 0 73 52 0 73 42 0 73 44 0 55266 948750 52140 7124 958750 6706
27691.924939 136313 300 300 300 300 73 46 0 73 52 0 73 42 0 73 44 0 55266 948750 52140 7398 958750 6706
27692.124960 136314 300 300 300 300 73 46 0 73 52 0 73 42 0 73 44 0 55266 948750 52140 7398 958750 6706
27692.324939 136315 300 300 300 300 73 46 0 73 52 0 73 42 0 73 44 0 55510 948750 52140 7124 958750 6706
27692.524927 136316 300 300 300 300 73 46 0 73 52 0 73 42 0 73 44 0 55510 948750 52140 7398 958750 6706
27692.724938 136317 300 300 300 300 73 46 0 73 52 0 73 42 0 73 44 0 55266 948750 52140 7124 958750 6706
27692.924939 136318 300 300 300 300 73 46 0 73 52 0 73 42 0 73 44 0 55266 948750 52140 7124 958750 6706
27693.124960 136319 300 300 300 300 73 46 0 73 52 0 73 42 0 73 44 0 55266 948750 52140 7124 958750 6706
27693.324939 136320 300 300 300 300 73 46 0 73 52 0 73 42 0 73 44 0 55266 948750 52140 7124 958750 6706
27693.524938 136321 300 300 300 300 73 46 0 73 52 0 73 42 0 73 44 0 55510 948750 52140 7124 958750 6706
27693.724940 136322 300 300 300 300 73 46 0 73 52 0 73 42 0 73 44 0 55510 948750 52140 7124 958750 6706
27693.924939 136323 300 300 300 300 73 46 0 73 52 0 73 42 0 73 44 0 55022 948750 52140 7124 958750 6706
27694.124964 136324 300 300 300 300 73 46 0 73 52 0 73 42 0 73 44 0 55266 948750 52140 7124 958750 6706
27694.324939 136325 300 300 300 300 73 46 0 73 52 0 73 42 0 73 44 0 55266 948750 52140 7398 958750 6706
27694.524939 136326 300 300 300 300 73 46 0 73 52 0 73 42 0 73 44 0 55266 948750 52140 7398 958750 6706
27694.724939 136327 300 300 300 300 73 46 0 73 52 0 73 42 0 73 44 0 55266 948750 52140 7124 958750 6706
27694.924928 136328 300 300 300 300 73 46 0 73 52 0 73 42 0 73 44 0 55510 948750 52140 7124 958750 6706
27695.124960 136329 300 300 300 300 73 46 0 73 52 0 73 42 0 73 44 0 55510 948750 52140 7124 958750 6706
27695.324941 136330 300 300 300 300 73 46 0 73 52 0 73 42 0 73 44 0 55510 948750 52140 7124 958750 6706
27695.524940 136331 300 300 300 300 73 46 0 73 52 0 73 42 0 73 44 0 55266 948750 52140 7124 958750 6706
27695.724940 136332 300 300 300 300 73 46 0 73 52 0 73 42 0 73 44 0 55510 948750 52140 7398 958750 6706
27695.924939 136333 300 300 300 300 73 46 0 73 52 0 73 42 0 73 44 0 55022 948750 52140 7124 958750 6706
27696.124961 136334 300 300 300 300 73 46 0 73 52 0 73 42 0 73 44 0 55022 948750 52140 7124 958750 6706
27696.324939 136335 300 300 300 300 73 46 0 73 52 0 73 42 0 73 44 0 55266 948750 52140 7124 958750 6706
27696.524938 136336 300 300 300 300 73 46 0 73 52 0 73 42 0 73 44 0 55266 948750 52140 7124 958750 6706
27696.724939 136337 300 300 300 300 73 46 0 73 52 0 73 42 0 73 44 0 55510 948750 52140 7398 958750 6706
27696.924923 136338 300 300 300 300 73 46 0 73 52 0 73 42 0 73 44 0 55510 948750 52140 7398 958750 6706
27697.124968 136339 300 300 300 300 73 46 0 73 52 0 73 42 0 73 44 0 55266 948750 52140 7124 958750 6706
27697.324926 136340 300 300 300 300 73 46 0 73 52 0 73 42 0 73 44 0 55022 947500 52085 7124 958750 6706
27697.524939 136341 300 300 300 300 73 46 0 73 52 0 73 42 0 73 44 0 55022 948750 52140 7124 958750 6706
27697.724939 136342 300 300 300 300 73 46 0 73 52 0 73 42 0 73 44 0 55266 948750 52140 7124 958750 6706
27697.924938 136343 300 300 300 300 73 46 0 73 52 0 73 42 0 73 44 0 55266 948750 52140 7124 958750 6706
27698.124960 136344 300 300 300 300 73 46 0 73 52 0 73 42 0 73 44 0 55022 948750 52140 7398 958750 6706
27698.324938 136345 300 300 300 300 73 46 0 73 52 0 73 42 0 73 44 0 55266 948750 52140 7398 958750 6706
27698.524939 136346 300 300 300 300 73 46 0 73 52 0 73 42 0 73 44 0 55266 948750 52140 7398 958750 6706
27698.724938 136347 300 300 300 300 73 46 0 73 52 0 73 42 0 73 44 0 55266 948750 52140 7398 958750 6706
27698.924937 136348 300 300 300 300 73 46 0 73 52 0 73 42 0 73 44 0 55266 948750 52140 7398 958750 6706
27699.124963 136349 300 300 300 300 73 46 0 73 52 0 73 42 0 73 44 0 55266 947500 52085 7398 958750 6706
27699.324939 136350 300 300 300 300 73 46 0 73 52 0 73 42 0 73 44 0 55266 948750 52140 7398 958750 6706
27699.524938 136351 300 300 300 300 73 46 0 73 52 0 73 42 0 73 44 0 55266 948750 52140 7398 958750 6706
27699.724929 136352 300 300 300 300 73 46 0 73 52 0 73 42 0 73 44 0 55510 948750 52140 7398 958750 6706
27699.924937 136353 300 300 300 300 73 46 0 73 52 0 73 42 0 73 44 0 55510 948750 52140 7398 958750 6706
27700.124962 136354 300 300 300 300 73 46 0 73 52 0 73 42 0 73 44 0 55510 948750 52140 7124 958750 6706
27700.324938 136355 300 300 300 300 73 46 0 73 52 0 73 42 0 73 44 0 55510 948750 52140 7124 958750 6706
27700.524938 136356 300 300 300 300 73 46 0 73 52 0 73 42 0 73 44 0 55510 948750 52140 7124 958750 6706
27700.724939 136357 300 300 300 300 73 46 0 73 52 0 73 42 0 73 44 0 55754 948750 52140 7398 958750 6706
27700.924937 136358 300 300 300 300 73 46 0 73 52 0 73 42 0 73 44 0 55510 948750 52140 7398 958750 6706
27701.124962 136359 300 300 300 300 73 46 0 73 52 0 73 42 0 73 44 0 55510 948750 52140 7398 958750 6706
27701.324938 136360 300 300 300 300 73 46 0 73 52 0 73 42 0 73 44 0 55510 948750 52140 7124 958750 6706
27701.524938 136361 300 300 300 300 73 46 0 73 52 0 73 42 0 73 44 0 55266 948750 52140 7398 958750 6706
27701.724937 136362 300 300 300 300 73 46 0 73 52 0 73 42 0 73 44 0 55510 948750 52140 7124 958750 6706
27701.924938 136363 300 300 300 300 73 46 0 73 52 0 73 42 0 73 44 0 55510 948750 52140 7124 958750 6706
27702.124949 136364 300 300 300 300 73 46 0 73 52 0 73 42 0 73 44 0 55510 948750 52140 7398 958750 6706
27702.324941 136365 300 300 300 300 73 46 0 73 52 0 73 42 0 73 44 0 55510 948750 52140 7124 958750 6706
27702.524938 136366 300 300 300 300 73 46 0 73 52 0 73 42 0 73 44 0 55510 948750 52140 7398 958750 6706
27702.724938 136367 300 300 300 300 73 46 0 73 52 0 73 42 0 73 44 0 55510 948750 52140 7398 958750 6706
27702.924938 136368 300 300 300 300 73 46 0 73 52 0 73 42 0 73 44 0 55022 948750 52140 7124 958750 6706
27703.124964 136369 300 300 300 300 73 46 0 73 52 0 73 42 0 73 44 0 55510 948750 52140 7398 958750 6706
27703.324939 136370 300 300 300 300 73 46 0 73 52 0 73 42 0 73 44 0 55754 948750 52140 7124 958750 6706
27703.524916 136371 300 300 300 300 73 46 0 73 52 0 73 42 0 73 44 0 55510 948750 52140 7398 958750 6706
27703.724938 136372 300 300 300 300 73 46 0 73 52 0 73 42 0 73 44 0 55510 948750 52140 7398 958750 6706
27703.924938 136373 300 300 300 300 73 46 0 73 52 0 73 42 0 73 44 0 55510 948750 52140 7398 958750 6706
27704.124958 136374 300 300 300 300 73 46 0 73 52 0 73 42 0 73 44 0 55266 948750 52140 7398 958750 6706
27704.324927 136375 300 300 300 300 73 46 0 73 52 0 73 42 0 73 44 0 55510 948750 52140 7124 958750 6706
27704.524938 136376 300 300 300 300 73 46 0 73 52 0 73 42 0 73 44 0 55510 948750 52140 7124 958750 6706
27704.724938 136377 300 300 300 300 73 46 0 73 52 0 73 42 0 73 44 0 55266 947500 52085 7124 958750 6706
27704.924938 136378 300 300 300 300 73 46 0 73 52 0 73 42 0 73 44 0 54717 948750 51192 7124 958750 6706
27705.124965 136379 300 300 300 300 73 46 0 73 52 0 73 42 0 73 44 0 55510 948750 52140 7124 958750 6706
27705.324938 136380 300 300 300 300 73 46 0 73 52 0 73 42 0 73 44 0 55510 948750 52140 7124 958750 6706
27705.524940 136381 300 300 300 300 73 46 0 73 52 0 73 42 0 73 44 0 55266 948750 52140 7398 958750 6706
27705.724938 136382 300 300 300 300 73 46 0 73 52 0 73 42 0 73 44 0 55510 948750 52140 7124 958750 6706
27705.924938 136383 300 300 300 300 73 46 0 73 52 0 73 42 0 73 44 0 55510 948750 52140 7398 958750 6706
27706.124972 136384 300 300 300 300 73 46 0 73 52 0 73 42 0 73 44 0 55510 948750 52140 7398 958750 6706
27706.324939 136385 300 300 300 300 73 46 0 73 52 0 73 42 0 73 44 0 55266 948750 52140 7398 958750 6706
27706.524938 136386 300 300 300 300 73 46 0 73 52 0 73 42 0 73 44 0 55266 948750 52140 7398 958750 6706
27706.724929 136387 300 300 300 300 73 46 0 73 52 0 73 42 0 73 44 0 55266 948750 52140 7124 958750 6706
27706.924938 136388 300 300 300 300 73 46 0 73 52 0 73 42 0 73 44 0 55266 948750 52140 7124 958750 6706
27707.124963 136389 300 300 300 300 73 46 0 73 52 0 73 42 0 73 44 0 55266 948750 52140 7124 958750 6706
27707.324938 136390 300 300 300 300 73 46 0 73 52 0 73 42 0 73 44 0 55022 948750 52140 7124 958750 6706
27707.524939 136391 300 300 300 300 73 46 0 73 52 0 73 42 0 73 44 0 55022 948750 52140 7398 958750 6706
27707.724938 136392 300 300 300 300 73 46 0 73 52 0 73 42 0 73 44 0 55022 948750 52140 7398 958750 6706
27707.924938 136393 300 300 300 300 73 46 0 73 52 0 73 42 0 73 44 0 55266 948750 52140 7398 958750 6706
27708.124960 136394 300 300 300 300 73 46 0 73 52 0 73 42 0 73 44 0 55022 948750 52140 7398 958750 6706
27708.324938 136395 300 300 300 300 73 46 0 73 52 0 73 42 0 73 44 0 55022 948750 52140 7398 958750 6706
27708.524939 136396 300 300 300 300 73 46 0 73 52 0 73 42 0 73 44 0 55022 948750 52140 7398 958750 6706
27708.724938 136397 300 300 300 300 73 46 0 73 52 0 73 42 0 73 44 0 55266 947500 52085 7124 958750 6706
27708.924939 136398 300 300 300 300 73 46 0 73 52 0 73 42 0 73 44 0 55266 948750 52140 7124 958750 6706
27709.124935 136399 300 300 300 300 73 46 0 73 52 0 73 42 0 73 44 0 55266 948750 52140 7124 958750 6706
27709.324920 136400 300 300 300 300 73 46 0 73 52 0 73 42 0 73 44 0 55266 948750 52140 7124 958750 6706
27709.524939 136401 300 300 300 300 73 46 0 73 52 0 73 42 0 73 44 0 55022 948750 52140 7124 958750 6706
27709.724939 136402 300 300 300 300 73 46 0 73 52 0 73 42 0 73 44 0 55266 948750 52140 7124 958750 6706
27709.924939 136403 300 300 300 300 73 46 0 73 52 0 73 42 0 73 44 0 55266 948750 52140 7124 958750 6706
27710.124936 136404 300 300 300 300 73 46 0 73 52 0 73 42 0 73 44 0 55022 948750 52140 7398 958750 6706
27710.324939 136405 300 300 300 300 73 46 0 73 52 0 73 42 0 73 44 0 55022 948750 52140 7398 958750 6706
27710.524940 136406 300 300 300 300 73 46 0 73 52 0 73 42 0 73 44 0 55022 948750 52140 7124 958750 6706
27710.724939 136407 300 300 300 300 73 46 0 73 52 0 73 42 0 73 44 0 54717 948750 51192 7398 958750 6706
27710.924938 136408 300 300 300 300 73 46 0 73 52 0 73 42 0 73 44 0 55266 948750 52140 7398 958750 6706
27711.124965 136409 300 300 300 300 73 46 0 73 52 0 73 42 0 73 44 0 55266 948750 52140 7398 958750 6706
27711.324940 136410 300 300 300 300 73 46 0 73 52 0 73 42 0 73 44 0 55266 948750 52140 7398 958750 6706
27711.524929 136411 300 300 300 300 73 46 0 73 52 0 73 42 0 73 44 0 55266 948750 52140 7124 958750 6706
27711.724938 136412 300 300 300 300 73 46 0 73 52 0 73 42 0 73 44 0 55266 948750 52140 7398 958750 6706
27711.924937 136413 300 300 300 300 73 46 0 73 52 0 73 42 0 73 44 0 55266 948750 52140 7398 958750 6706
27712.124966 136414 300 300 300 300 73 46 0 73 52 0 73 42 0 73 44 0 55266 948750 52140 7398 958750 6706
27712.324940 136415 300 300 300 300 73 46 0 73 52 0 73 42 0 73 44 0 55510 948750 52140 7124 958750 6706
27712.524926 136416 300 300 300 300 73 46 0 73 52 0 73 42 0 73 44 0 55754 948750 52140 7398 958750 6706
27712.724938 136417 300 300 300 300 73 46 0 73 52 0 73 42 0 73 44 0 55754 948750 52140 7398 958750 6706
27712.924939 136418 300 300 300 300 73 46 0 73 52 0 73 42 0 73 44 0 55510 948750 52140 7398 958750 6706
27713.124967 136419 300 300 300 300 73 46 0 73 52 0 73 42 0 73 44 0 55266 948750 52140 7124 958750 6706
27713.324939 136420 300 300 300 300 73 46 0 73 52 0 73 42 0 73 44 0 55022 948750 52140 7124 958750 6706
27713.524939 136421 300 300 300 300 73 46 0 73 52 0 73 42 0 73 44 0 55022 948750 52140 7124 958750 6706
27713.724938 136422 300 300 300 300 73 46 0 73 52 0 73 42 0 73 44 0 55266 948750 52140 7124 958750 6706
27713.924938 136423 300 300 300 300 73 46 0 73 52 0 73 42 0 73 44 0 55266 948750 52140 7124 958750 6706
27714.124959 136424 300 300 300 300 73 46 0 73 52 0 73 42 0 73 44 0 55022 948750 52140 7124 958750 6706
27714.324938 136425 300 300 300 300 73 46 0 73 52 0 73 42 0 73 44 0 55022 948750 52140 7124 958750 6706
27714.524938 136426 300 300 300 300 73 46 0 73 52 0 73 42 0 73 44 0 55510 948750 52140 7124 958750 6706
27714.724938 136427 300 300 300 300 73 46 0 73 52 0 73 42 0 73 44 0 55022 948750 52140 7124 958750 6706
27714.924928 136428 300 300 300 300 73 46 0 73 52 0 73 42 0 73 44 0 55266 948750 52140 7124 958750 6706
27715.124966 136429 300 300 300 300 73 46 0 73 52 0 73 42 0 73 44 0 55266 948750 52140 7124 958750 6706
27715.324939 136430 300 300 300 300 73 46 0 73 52 0 73 42 0 73 44 0 55266 948750 52140 7124 958750 6706
27715.524937 136431 300 300 300 300 73 46 0 73 52 0 73 42 0 73 44 0 55266 948750 52140 7398 958750 6706
27715.724938 136432 300 300 300 300 73 46 0 73 52 0 73 42 0 73 44 0 55022 948750 52140 7124 958750 6706
27715.924920 136433 300 300 300 300 73 46 0 73 52 0 73 42 0 73 44 0 55022 948750 52140 7124 958750 6706
27716.124962 136434 300 300 300 300 73 46 0 73 52 0 73 42 0 73 44 0 55022 948750 52140 7124 958750 6706
27716.324941 136435 300 300 300 300 73 46 0 73 52 0 73 42 0 73 44 0 55266 948750 52140 7398 958750 6706
27716.524939 136436 300 300 300 300 73 46 0 73 52 0 73 42 0 73 44 0 55510 948750 52140 7398 958750 6706
27716.724938 136437 300 300 300 300 73 46 0 73 52 0 73 42 0 73 44 0 55266 948750 52140 7124 958750 6706
27716.924938 136438 300 300 300 300 73 46 0 73 52 0 73 42 0 73 44 0 55266 948750 52140 7124 958750 6706
27717.124960 136439 300 300 300 300 73 46 0 73 52 0 73 42 0 73 44 0 55510 948750 52140 7398 958750 6706
27717.324928 136440 300 300 300 300 73 46 0 73 52 0 73 42 0 73 44 0 55266 948750 52140 7124 958750 6706
27717.524939 136441 300 300 300 300 73 46 0 73 52 0 73 42 0 73 44 0 55510 948750 52140 7398 958750 6706
27717.724939 136442 300 300 300 300 73 46 0 73 52 0 73 42 0 73 44 0 55510 948750 52140 7398 958750 6706
27717.924938 136443 300 300 300 300 73 46 0 73 52 0 73 42 0 73 44 0 55022 948750 52140 7124 958750 6706
27718.124965 136444 300 300 300 300 73 46 0 73 52 0 73 42 0 73 44 0 55266 948750 52140 7398 958750 6706
27718.324940 136445 300 300 300 300 73 46 0 73 52 0 73 42 0 73 44 0 55510 948750 52140 7398 958750 6706
27718.524937 136446 300 300 300 300 73 46 0 73 52 0 73 42 0 73 44 0 55510 948750 52140 7398 958750 6706
27718.724938 136447 300 300 300 300 73 46 0 73 52 0 73 42 0 73 44 0 55266 948750 52140 7124 958750 6706
27718.924938 136448 300 300 300 300 73 46 0 73 52 0 73 42 0 73 44 0 55266 948750 52140 7398 958750 6706
27719.124960 136449 300 300 300 300 73 46 0 73 52 0 73 42 0 73 44 0 55022 948750 52140 7398 958750 6706
27719.324938 136450 300 300 300 300 73 46 0 73 52 0 73 42 0 73 44 0 55022 948750 52140 7398 958750 6706
27719.524941 136451 300 300 300 300 73 46 0 73 52 0 73 42 0 73 44 0 55266 948750 52140 7124 958750 6706
27719.724929 136452 300 300 300 300 73 46 0 73 52 0 73 42 0 73 44 0 55510 948750 52140 7124 958750 6706
27719.924937 136453 300 300 300 300 73 46 0 73 52 0 73 42 0 73 44 0 55266 948750 52140 7398 958750 6706
27720.124959 136454 300 300 300 300 73 46 0 73 52 0 73 42 0 73 44 0 55266 948750 52140 7398 958750 6706
27720.324939 136455 300 300 300 300 73 46 0 73 52 0 73 42 0 73 44 0 55022 948750 52140 7398 958750 6706
27720.524939 136456 300 300 300 300 73 46 0 73 52 0 73 42 0 73 44 0 55266 948750 52140 7398 958750 6706
27720.724941 136457 300 300 300 300 73 46 0 73 52 0 73 42 0 73 44 0 55022 948750 52140 7124 958750 6706
27720.924938 136458 300 300 300 300 73 46 0 73 52 0 73 42 0 73 44 0 55022 948750 52140 7124 958750 6706
27721.124965 136459 300 300 300 300 73 46 0 73 52 0 73 42 0 73 44 0 55022 948750 52140 7124 958750 6706
27721.324940 136460 300 300 300 300 73 46 0 73 52 0 73 42 0 73 44 0 55022 948750 52140 7398 958750 6706
27721.524940 136461 300 300 300 300 73 46 0 73 52 0 73 42 0 73 44 0 55266 948750 52140 7398 958750 6706
27721.724939 136462 300 300 300 300 73 46 0 73 52 0 73 42 0 73 44 0 55266 948750 52140 7398 958750 6706
27721.924939 136463 300 300 300 300 73 46 0 73 52 0 73 42 0 73 44 0 55266 948750 52140 7124 958750 6706
27722.124930 136464 300 300 300 300 73 46 0 73 52 0 73 42 0 73 44 0 55510 948750 52140 7124 958750 6706
27722.324939 136465 300 300 300 300 73 46 0 73 52 0 73 42 0 73 44 0 55022 948750 52140 7124 958750 6706
27722.524914 136466 300 300 300 300 73 46 0 73 52 0 73 42 0 73 44 0 55266 948750 52140 7398 958750 6706
27722.724939 136467 300 300 300 300 73 46 0 73 52 0 73 42 0 73 44 0 55266 948750 52140 7398 958750 6706
27722.924940 136468 300 300 300 300 73 46 0 73 52 0 73 42 0 73 44 0 55266 948750 52140 7398 958750 6706
27723.124959 136469 300 300 300 300 73 46 0 73 52 0 73 42 0 73 44 0 55022 948750 52140 7124 958750 6706
27723.324939 136470 300 300 300 300 73 46 0 73 52 0 73 42 0 73 44 0 55754 948750 52140 7398 958750 6706
27723.524938 136471 300 300 300 300 73 46 0 73 52 0 73 42 0 73 44 0 55754 948750 52140 7398 958750 6706
27723.724938 136472 300 300 300 300 73 46 0 73 52 0 73 42 0 73 44 0 55510 948750 52140 7124 958750 6706
27723.924938 136473 300 300 300 300 73 46 0 73 52 0 73 42 0 73 44 0 55266 948750 52140 7398 958750 6706
27724.124962 136474 300 300 300 300 73 46 0 73 52 0 73 42 0 73 44 0 55266 948750 52140 7124 958750 6706
27724.324939 136475 300 300 300 300 73 46 0 73 52 0 73 42 0 73 44 0 55266 948750 52140 7124 958750 6706
27724.524929 136476 300 300 300 300 73 46 0 73 52 0 73 42 0 73 44 0 55266 947500 52085 7124 958750 6706
27724.724938 136477 300 300 300 300 73 46 0 73 52 0 73 42 0 73 44 0 55510 948750 52140 7398 958750 6706
27724.924938 136478 300 300 300 300 73 46 0 73 52 0 73 42 0 73 44 0 55266 948750 52140 7398 958750 6706
27725.124959 136479 300 300 300 300 73 46 0 73 52 0 73 42 0 73 44 0 55266 948750 52140 7398 958750 6706
27725.324938 136480 300 300 300 300 73 46 0 73 52 0 73 42 0 73 44 0 55510 948750 52140 7398 958750 6706
27725.524937 136481 300 300 300 300 73 46 0 73 52 0 73 42 0 73 44 0 55022 948750 52140 7124 958750 6706
27725.724938 136482 300 300 300 300 73 46 0 73 52 0 73 42 0 73 44 0 55266 948750 52140 7398 958750 6706
27725.924939 136483 300 300 300 300 73 46 0 73 52 0 73 42 0 73 44 0 55266 948750 52140 7398 958750 6706
27726.124960 136484 300 300 300 300 73 46 0 73 52 0 73 42 0 73 44 0 55266 948750 52140 7398 958750 6706
27726.324938 136485 300 300 300 300 73 46 0 73 52 0 73 42 0 73 44 0 55266 948750 52140 7124 958750 6706
27726.524938 136486 300 300 300 300 73 46 0 73 52 0 73 42 0 73 44 0 55266 948750 52140 7124 958750 6706
27726.724939 136487 300 300 300 300 73 46 0 73 52 0 73 42 0 73 44 0 55266 948750 52140 7124 958750 6706
27726.924928 136488 300 300 300 300 73 46 0 73 52 0 73 42 0 73 44 0 55266 948750 52140 7398 958750 6706
27727.124939 136489 300 300 300 300 73 46 0 73 52 0 73 42 0 73 44 0 55510 948750 52140 7398 958750 6706
27727.324915 136490 300 300 300 300 73 46 0 73 52 0 73 42 0 73 44 0 55266 948750 52140 7398 958750 6706
27727.524914 136491 300 300 300 300 73 46 0 73 52 0 73 42 0 73 44 0 55266 948750 52140 7398 958750 6706
27727.724914 136492 300 300 300 300 73 46 0 73 52 0 73 42 0 73 44 0 55266 948750 52140 7124 958750 6706
27727.924914 136493 300 300 300 300 73 46 0 73 52 0 73 42 0 73 44 0 55266 948750 52140 7124 958750 6706
27728.124934 136494 300 300 300 300 73 46 0 73 52 0 73 42 0 73 44 0 55022 948750 52140 7124 958750 6706
27728.324915 136495 300 300 300 300 73 46 0 73 52 0 73 42 0 73 44 0 55022 948750 52140 7124 958750 6706
27728.524913 136496 300 300 300 300 73 46 0 73 52 0 73 42 0 73 44 0 55510 948750 52140 7124 958750 6706
27728.724913 136497 300 300 300 300 73 46 0 73 52 0 73 42 0 73 44 0 55266 948750 52140 7124 958750 6706
27728.924914 136498 300 300 300 300 73 46 0 73 52 0 73 42 0 73 44 0 55510 948750 52140 7124 958750 6706
27729.124902 136499 300 300 300 300 73 46 0 73 52 0 73 42 0 73 44 0 55266 948750 52140 7124 958750 6706
27729.324915 136500 300 300 300 300 73 46 0 73 52 0 73 42 0 73 44 0 55266 948750 52140 7124 958750 6706
27729.524862 136501 300 300 300 300 73 46 0 73 52 0 73 42 0 73 44 0 55510 947500 52085 7398 958750 6706
27729.724862 136502 300 300 300 300 73 46 0 73 52 0 73 42 0 73 44 0 55266 948750 52140 7398 958750 6706
27729.924862 136503 300 300 300 300 73 46 0 73 52 0 73 42 0 73 44 0 55510 948750 52140 7398 958750 6706
27730.124947 136504 300 300 300 300 73 46 0 73 52 0 73 42 0 73 44 0 55510 948750 52140 7398 958750 6706
27730.324922 136505 300 300 300 300 73 46 0 73 52 0 73 42 0 73 44 0 55266 948750 52140 7398 958750 6706
27730.524921 136506 300 300 300 300 73 46 0 73 52 0 73 42 0 73 44 0 55022 948750 52140 7398 958750 6706
27730.724921 136507 300 300 300 300 73 46 0 73 52 0 73 42 0 73 44 0 55510 948750 52140 7124 958750 6706
27730.924921 136508 300 300 300 300 73 46 0 73 52 0 73 42 0 73 44 0 55510 948750 52140 7124 958750 6706
27731.124951 136509 300 300 300 300 73 46 0 73 52 0 73 42 0 73 44 0 55266 948750 52140 7124 958750 6706
27731.324921 136510 300 300 300 300 73 46 0 73 52 0 73 42 0 73 44 0 55266 948750 52140 7124 958750 6706
27731.524910 136511 300 300 300 300 73 46 0 73 52 0 73 42 0 73 44 0 55266 948750 52140 7124 958750 6706
27731.724921 136512 300 300 300 300 73 46 0 73 52 0 73 42 0 73 44 0 55266 948750 52140 7124 958750 6706
27731.924920 136513 300 300 300 300 73 46 0 73 52 0 73 42 0 73 44 0 55266 947500 52085 7124 958750 6706
27732.124942 136514 300 300 300 300 73 46 0 73 52 0 73 42 0 73 44 0 54717 948750 51192 7124 958750 6706
27732.324921 136515 300 300 300 300 73 46 0 73 52 0 73 42 0 73 44 0 55510 948750 52140 7124 958750 6706
27732.524922 136516 300 300 300 300 73 46 0 73 52 0 73 42 0 73 44 0 55510 948750 52140 7124 958750 6706
27732.724922 136517 300 300 300 300 73 46 0 73 52 0 73 42 0 73 44 0 55266 948750 52140 7124 958750 6706
27732.924921 136518 300 300 300 300 73 46 0 73 52 0 73 42 0 73 44 0 55266 948750 52140 7124 958750 6706
27733.124950 136519 300 300 300 300 73 46 0 73 52 0 73 42 0 73 44 0 55022 948750 52140 7124 958750 6706
27733.324940 136520 300 300 300 300 73 46 0 73 52 0 73 42 0 73 44 0 55022 948750 52140 7124 958750 6706
27733.524939 136521 300 300 300 300 73 46 0 73 52 0 73 42 0 73 44 0 55022 948750 52140 7124 958750 6706
27733.724939 136522 300 300 300 300 73 46 0 73 52 0 73 42 0 73 44 0 55266 948750 52140 7124 958750 6706
27733.924926 136523 300 300 300 300 73 46 0 73 52 0 73 42 0 73 44 0 55266 947500 52085 7124 958750 6706
27734.124962 136524 300 300 300 300 73 46 0 73 52 0 73 42 0 73 44 0 55266 947500 52085 7124 958750 6706
27734.324938 136525 300 300 300 300 73 46 0 73 52 0 73 42 0 73 44 0 55510 948750 52140 7124 958750 6706
27734.524939 136526 300 300 300 300 73 46 0 73 52 0 73 42 0 73 44 0 55266 948750 52140 7398 958750 6706
27734.724939 136527 300 300 300 300 73 46 0 73 52 0 73 42 0 73 44 0 55266 948750 52140 7124 958750 6706
27734.925458 136528 300 300 300 300 73 46 0 73 52 0 73 42 0 73 44 0 55022 948750 52140 7124 958750 6706
27735.124960 136529 300 300 300 300 73 46 0 73 52 0 73 42 0 73 44 0 55022 948750 52140 7124 958750 6706
27735.324938 136530 300 300 300 300 73 46 0 73 52 0 73 42 0 73 44 0 55022 948750 52140 7124 958750 6706
27735.524938 136531 300 300 300 300 73 46 0 73 52 0 73 42 0 73 44 0 55266 947500 52085 7398 958750 6706
27735.724937 136532 300 300 300 300 73 46 0 73 52 0 73 42 0 73 44 0 55022 948750 52140 7124 958750 6706
27735.924939 136533 300 300 300 300 73 46 0 73 52 0 73 42 0 73 44 0 55022 948750 52140 7124 958750 6706
27736.124966 136534 300 300 300 300 73 46 0 73 52 0 73 42 0 73 44 0 55266 948750 52140 7124 958750 6706
27736.324927 136535 300 300 300 300 73 46 0 73 52 0 73 42 0 73 44 0 55266 948750 52140 7398 958750 6706
27736.524939 136536 300 300 300 300 73 46 0 73 52 0 73 42 0 73 44 0 55754 948750 52140 7124 958750 6706
27736.724937 136537 300 300 300 300 73 46 0 73 52 0 73 42 0 73 44 0 55754 948750 52140 7124 958750 6706
27736.924938 136538 300 300 300 300 73 46 0 73 52 0 73 42 0 73 44 0 55266 948750 52140 7398 958750 6706
27737.124961 136539 300 300 300 300 73 46 0 73 52 0 73 42 0 73 44 0 55266 948750 52140 7398 958750 6706
27737.324927 136540 300 300 300 300 73 46 0 73 52 0 73 42 0 73 44 0 55266 948750 52140 7398 958750 6706
27737.524938 136541 300 300 300 300 73 46 0 73 52 0 73 42 0 73 44 0 55266 948750 52140 7398 958750 6706
27737.724937 136542 300 300 300 300 73 46 0 73 52 0 73 42 0 73 44 0 55266 948750 52140 7124 958750 6706
27737.924939 136543 300 300 300 300 73 46 0 73 52 0 73 42 0 73 44 0 55266 948750 52140 7398 958750 6706
27738.124959 136544 300 300 300 300 73 46 0 73 52 0 73 42 0 73 44 0 55266 948750 52140 7124 958750 6706
27738.324938 136545 300 300 300 300 73 46 0 73 52 0 73 42 0 73 44 0 55266 948750 52140 7124 958750 6706
27738.524938 136546 300 300 300 300 73 46 0 73 52 0 73 42 0 73 44 0 55266 947500 52085 7398 958750 6706
27738.724938 136547 300 300 300 300 73 46 0 73 52 0 73 42 0 73 44 0 55266 948750 52140 7124 958750 6706
27738.924938 136548 300 300 300 300 73 46 0 73 52 0 73 42 0 73 44 0 55266 948750 52140 7398 958750 6706
27739.124965 136549 300 300 300 300 73 46 0 73 52 0 73 42 0 73 44 0 55266 948750 52140 7398 958750 6706
27739.324939 136550 300 300 300 300 73 46 0 73 52 0 73 42 0 73 44 0 55266 948750 52140 7124 958750 6706
27739.524939 136551 300 300 300 300 73 46 0 73 52 0 73 42 0 73 44 0 55510 947500 52085 7124 958750 6706
27739.724927 136552 300 300 300 300 73 46 0 73 52 0 73 42 0 73 44 0 55510 948750 52140 7124 958750 6706
27739.924938 136553 300 300 300 300 73 46 0 73 52 0 73 42 0 73 44 0 55510 948750 52140 7124 958750 6706
27740.124959 136554 300 300 300 300 73 46 0 73 52 0 73 42 0 73 44 0 55266 948750 52140 7124 958750 6706
27740.324939 136555 300 300 300 300 73 46 0 73 52 0 73 42 0 73 44 0 55266 948750 52140 7124 958750 6706
27740.524940 136556 300 300 300 300 73 46 0 73 52 0 73 42 0 73 44 0 55754 948750 52140 7398 958750 6706
27740.724938 136557 300 300 300 300 73 46 0 73 52 0 73 42 0 73 44 0 55754 948750 52140 7398 958750 6706
27740.924938 136558 300 300 300 300 73 46 0 73 52 0 73 42 0 73 44 0 55022 948750 52140 7398 958750 6706
27741.124964 136559 300 300 300 300 73 46 0 73 52 0 73 42 0 73 44 0 55510 948750 52140 7124 958750 6706
27741.324939 136560 300 300 300 300 73 46 0 73 52 0 73 42 0 73 44 0 55266 947500 52085 7124 958750 6706
27741.524914 136561 300 300 300 300 73 46 0 73 52 0 73 42 0 73 44 0 55510 948750 52140 7124 958750 6706
27741.724938 136562 300 300 300 300 73 46 0 73 52 0 73 42 0 73 44 0 55510 948750 52140 7124 958750 6706
27741.924939 136563 300 300 300 300 73 46 0 73 52 0 73 42 0 73 44 0 55510 948750 52140 7124 958750 6706
27742.124933 136564 300 300 300 300 73 46 0 73 52 0 73 42 0 73 44 0 55022 948750 52140 7124 958750 6706
27742.324938 136565 300 300 300 300 73 46 0 73 52 0 73 42 0 73 44 0 55510 948750 52140 7124 958750 6706
27742.524938 136566 300 300 300 300 73 46 0 73 52 0 73 42 0 73 44 0 55510 948750 52140 7124 958750 6706
27742.724937 136567 300 300 300 300 73 46 0 73 52 0 73 42 0 73 44 0 55022 948750 52140 7398 958750 6706
27742.924938 136568 300 300 300 300 73 46 0 73 52 0 73 42 0 73 44 0 55022 948750 52140 7124 958750 6706
27743.124959 136569 300 300 300 300 73 46 0 73 52 0 73 42 0 73 44 0 55266 948750 52140 7398 958750 6706
27743.324939 136570 300 300 300 300 73 46 0 73 52 0 73 42 0 73 44 0 55266 948750 52140 7398 958750 6706
27743.524938 136571 300 300 300 300 73 46 0 73 52 0 73 42 0 73 44 0 55754 948750 52140 7124 958750 6706
27743.724938 136572 300 300 300 300 73 46 0 73 52 0 73 42 0 73 44 0 55266 948750 52140 7124 958750 6706
27743.924938 136573 300 300 300 300 73 46 0 73 52 0 73 42 0 73 44 0 55022 948750 52140 7124 958750 6706
27744.124960 136574 300 300 300 300 73 46 0 73 52 0 73 42 0 73 44 0 55022 948750 52140 7124 958750 6706
27744.324938 136575 300 300 300 300 73 46 0 73 52 0 73 42 0 73 44 0 55266 948750 52140 7124 958750 6706
27744.524928 136576 300 300 300 300 73 46 0 73 52 0 73 42 0 73 44 0 55266 948750 52140 7124 958750 6706
27744.724938 136577 300 300 300 300 73 46 0 73 52 0 73 42 0 73 44 0 55022 948750 52140 7124 958750 6706
27744.924938 136578 300 300 300 300 73 46 0 73 52 0 73 42 0 73 44 0 55022 948750 52140 7124 958750 6706
27745.124966 136579 300 300 300 300 73 46 0 73 52 0 73 42 0 73 44 0 55266 948750 52140 7124 958750 6706
27745.324938 136580 300 300 300 300 73 46 0 73 52 0 73 42 0 73 44 0 55266 948750 52140 7398 958750 6706
27745.524939 136581 300 300 300 300 73 46 0 73 52 0 73 42 0 73 44 0 55510 948750 52140 7124 958750 6706
27745.724938 136582 300 300 300 300 73 46 0 73 52 0 73 42 0 73 44 0 55510 948750 52140 7124 958750 6706
27745.924938 136583 300 300 300 300 73 46 0 73 52 0 73 42 0 73 44 0 55266 948750 52140 7124 958750 6706
27746.124965 136584 300 300 300 300 73 46 0 73 52 0 73 42 0 73 44 0 55266 948750 52140 7124 958750 6706
27746.324939 136585 300 300 300 300 73 46 0 73 52 0 73 42 0 73 44 0 55510 947500 52085 7398 958750 6706
27746.524938 136586 300 300 300 300 73 46 0 73 52 0 73 42 0 73 44 0 55510 947500 52085 7398 958750 6706
27746.724940 136587 300 300 300 300 73 46 0 73 52 0 73 42 0 73 44 0 55266 948750 52140 7124 958750 6706
27746.924928 136588 300 300 300 300 73 46 0 73 52 0 73 42 0 73 44 0 55266 948750 52140 7398 958750 6706
27747.124960 136589 300 300 300 300 73 46 0 73 52 0 73 42 0 73 44 0 55022 948750 52140 7124 958750 6706
27747.324921 136590 300 300 300 300 73 46 0 73 52 0 73 42 0 73 44 0 55022 948750 52140 7124 958750 6706
27747.524938 136591 300 300 300 300 73 46 0 73 52 0 73 42 0 73 44 0 55510 948750 52140 7124 958750 6706
27747.724938 136592 300 300 300 300 73 46 0 73 52 0 73 42 0 73 44 0 55266 948750 52140 7398 958750 6706
27747.924938 136593 300 300 300 300 73 46 0 73 52 0 73 42 0 73 44 0 55266 948750 52140 7124 958750 6706
27748.124964 136594 300 300 300 300 73 46 0 73 52 0 73 42 0 73 44 0 55266 948750 52140 7398 958750 6706
27748.324939 136595 300 300 300 300 73 46 0 73 52 0 73 42 0 73 44 0 55266 948750 52140 7398 958750 6706
27748.524939 136596 300 300 300 300 73 46 0 73 52 0 73 42 0 73 44 0 55022 948750 52140 7124 958750 6706
27748.724938 136597 300 300 300 300 73 46 0 73 52 0 73 42 0 73 44 0 55266 948750 52140 7124 958750 6706
27748.924940 136598 300 300 300 300 73 46 0 73 52 0 73 42 0 73 44 0 55266 948750 52140 7124 958750 6706
27749.124963 136599 300 300 300 300 73 46 0 73 52 0 73 42 0 73 44 0 55266 948750 52140 7124 958750 6706
27749.324929 136600 300 300 300 300 73 46 0 73 52 0 73 42 0 73 44 0 55022 947500 52085 7398 958750 6706
27749.524938 136601 300 300 300 300 73 46 0 73 52 0 73 42 0 73 44 0 55266 948750 52140 7124 958750 6706
27749.724939 136602 300 300 300 300 73 46 0 73 52 0 73 42 0 73 44 0 55266 948750 52140 7124 958750 6706
27749.924938 136603 300 300 300 300 73 46 0 73 52 0 73 42 0 73 44 0 55266 948750 52140 7124 958750 6706
27750.124959 136604 300 300 300 300 73 46 0 73 52 0 73 42 0 73 44 0 55022 948750 52140 7124 958750 6706
27750.324939 136605 300 300 300 300 73 46 0 73 52 0 73 42 0 73 44 0 55266 948750 52140 7398 958750 6706
27750.524938 136606 300 300 300 300 73 46 0 73 52 0 73 42 0 73 44 0 55510 948750 52140 7124 958750 6706
27750.724938 136607 300 300 300 300 73 46 0 73 52 0 73 42 0 73 44 0 55510 948750 52140 7124 958750 6706
27750.924937 136608 300 300 300 300 73 46 0 73 52 0 73 42 0 73 44 0 55510 948750 52140 7398 958750 6706
27751.124968 136609 300 300 300 300 73 46 0 73 52 0 73 42 0 73 44 0 55266 948750 52140 7124 958750 6706
27751.324939 136610 300 300 300 300 73 46 0 73 52 0 73 42 0 73 44 0 55266 948750 52140 7398 958750 6706
27751.524938 136611 300 300 300 300 73 46 0 73 52 0 73 42 0 73 44 0 55266 948750 52140 7398 958750 6706
27751.724929 136612 300 300 300 300 73 46 0 73 52 0 73 42 0 73 44 0 55022 948750 52140 7398 958750 6706
27751.924938 136613 300 300 300 300 73 46 0 73 52 0 73 42 0 73 44 0 55266 948750 52140 7124 958750 6706
27752.124963 136614 300 300 300 300 73 46 0 73 52 0 73 42 0 73 44 0 55510 948750 52140 7398 958750 6706
27752.324938 136615 300 300 300 300 73 46 0 73 52 0 73 42 0 73 44 0 55510 948750 52140 7398 958750 6706
27752.524938 136616 300 300 300 300 73 46 0 73 52 0 73 42 0 73 44 0 55510 948750 52140 7398 958750 6706
27752.724937 136617 300 300 300 300 73 46 0 73 52 0 73 42 0 73 44 0 55510 948750 52140 7124 958750 6706
27752.924938 136618 300 300 300 300 73 46 0 73 52 0 73 42 0 73 44 0 55266 948750 52140 7398 958750 6706
27753.124960 136619 300 300 300 300 73 46 0 73 52 0 73 42 0 73 44 0 55266 948750 52140 7398 958750 6706
27753.324938 136620 300 300 300 300 73 46 0 73 52 0 73 42 0 73 44 0 55266 948750 52140 7124 958750 6706
27753.524941 136621 300 300 300 300 73 46 0 73 52 0 73 42 0 73 44 0 55754 948750 52140 7398 958750 6706
27753.724938 136622 300 300 300 300 73 46 0 73 52 0 73 42 0 73 44 0 55510 947500 52085 7398 958750 6706
27753.924993 136623 300 300 300 300 73 46 0 73 52 0 73 42 0 73 44 0 55266 947500 52085 7124 958750 6706
27754.124967 136624 300 300 300 300 73 46 0 73 52 0 73 42 0 73 44 0 55266 947500 52085 7124 958750 6706
27754.324939 136625 300 300 300 300 73 46 0 73 52 0 73 42 0 73 44 0 55266 948750 52140 7398 958750 6706
27754.524938 136626 300 300 300 300 73 46 0 73 52 0 73 42 0 73 44 0 55266 948750 52140 7124 958750 6706
27754.724941 136627 300 300 300 300 73 46 0 73 52 0 73 42 0 73 44 0 55266 948750 52140 7124 958750 6706
27754.924938 136628 300 300 300 300 73 46 0 73 52 0 73 42 0 73 44 0 55266 948750 52140 7124 958750 6706
27755.124961 136629 300 300 300 300 73 46 0 73 52 0 73 42 0 73 44 0 55266 948750 52140 7124 958750 6706
27755.324939 136630 300 300 300 300 73 46 0 73 52 0 73 42 0 73 44 0 55510 947500 52085 7398 958750 6706
27755.524938 136631 300 300 300 300 73 46 0 73 52 0 73 42 0 73 44 0 55266 948750 52140 7398 958750 6706
27755.724940 136632 300 300 300 300 73 46 0 73 52 0 73 42 0 73 44 0 55266 948750 52140 7398 958750 6706
27755.924938 136633 300 300 300 300 73 46 0 73 52 0 73 42 0 73 44 0 55266 948750 52140 7124 958750 6706
27756.124961 136634 300 300 300 300 73 46 0 73 52 0 73 42 0 73 44 0 55510 947500 52085 7124 958750 6706
27756.324926 136635 300 300 300 300 73 46 0 73 52 0 73 42 0 73 44 0 55266 948750 52140 7124 958750 6706
27756.524938 136636 300 300 300 300 73 46 0 73 52 0 73 42 0 73 44 0 55266 948750 52140 7124 958750 6706
27756.724938 136637 300 300 300 300 73 46 0 73 52 0 73 42 0 73 44 0 55266 948750 52140 7124 958750 6706
27756.924938 136638 300 300 300 300 73 46 0 73 52 0 73 42 0 73 44 0 55266 948750 52140 7124 958750 6706
27757.124966 136639 300 300 300 300 73 46 0 73 52 0 73 42 0 73 44 0 55266 948750 52140 7124 958750 6706
27757.324940 136640 300 300 300 300 73 46 0 73 52 0 73 42 0 73 44 0 55266 948750 52140 7124 958750 6706
27757.524938 136641 300 300 300 300 73 46 0 73 52 0 73 42 0 73 44 0 55266 948750 52140 7398 958750 6706
27757.724938 136642 300 300 300 300 73 46 0 73 52 0 73 42 0 73 44 0 55510 948750 52140 7124 958750 6706
27757.924938 136643 300 300 300 300 73 46 0 73 52 0 73 42 0 73 44 0 55510 948750 52140 7124 958750 6706
27758.124961 136644 300 300 300 300 73 46 0 73 52 0 73 42 0 73 44 0 55510 948750 52140 7124 958750 6706
27758.324939 136645 300 300 300 300 73 46 0 73 52 0 73 42 0 73 44 0 55266 947500 52085 7398 958750 6706
27758.524938 136646 300 300 300 300 73 46 0 73 52 0 73 42 0 73 44 0 55266 947500 52085 7398 958750 6706
27758.724927 136647 300 300 300 300 73 46 0 73 52 0 73 42 0 73 44 0 55266 948750 52140 7124 958750 6706
27758.924938 136648 300 300 300 300 73 46 0 73 52 0 73 42 0 73 44 0 55266 948750 52140 7124 958750 6706
27759.124959 136649 300 300 300 300 73 46 0 73 52 0 73 42 0 73 44 0 55266 948750 52140 7124 958750 6706
27759.324939 136650 300 300 300 300 73 46 0 73 52 0 73 42 0 73 44 0 55266 948750 52140 7124 958750 6706
27759.524938 136651 300 300 300 300 73 46 0 73 52 0 73 42 0 73 44 0 55266 948750 52140 7124 958750 6706
27759.724921 136652 300 300 300 300 73 46 0 73 52 0 73 42 0 73 44 0 55266 948750 52140 7124 958750 6706
27759.924938 136653 300 300 300 300 73 46 0 73 52 0 73 42 0 73 44 0 55022 948750 52140 7398 958750 6706
27760.124965 136654 300 300 300 300 73 46 0 73 52 0 73 42 0 73 44 0 55266 948750 52140 7398 958750 6706
27760.324939 136655 300 300 300 300 73 46 0 73 52 0 73 42 0 73 44 0 55266 948750 52140 7124 958750 6706
27760.524913 136656 300 300 300 300 73 46 0 73 52 0 73 42 0 73 44 0 55266 948750 52140 7398 958750 6706
27760.724937 136657 300 300 300 300 73 46 0 73 52 0 73 42 0 73 44 0 55266 948750 52140 7398 958750 6706
27760.924938 136658 300 300 300 300 73 46 0 73 52 0 73 42 0 73 44 0 55266 948750 52140 7124 958750 6706
27761.124932 136659 300 300 300 300 73 46 0 73 52 0 73 42 0 73 44 0 55266 948750 52140 7124 958750 6706
27761.324938 136660 300 300 300 300 73 46 0 73 52 0 73 42 0 73 44 0 55510 948750 52140 7124 958750 6706
27761.524938 136661 300 300 300 300 73 46 0 73 52 0 73 42 0 73 44 0 55510 948750 52140 7124 958750 6706
27761.724938 136662 300 300 300 300 73 46 0 73 52 0 73 42 0 73 44 0 55510 948750 52140 7398 958750 6706
27761.924937 136663 300 300 300 300 73 46 0 73 52 0 73 42 0 73 44 0 55266 948750 52140 7124 958750 6706
27762.124961 136664 300 300 300 300 73 46 0 73 52 0 73 42 0 73 44 0 55266 948750 52140 7124 958750 6706
27762.324938 136665 300 300 300 300 73 46 0 73 52 0 73 42 0 73 44 0 55266 948750 52140 7124 958750 6706
27762.524939 136666 300 300 300 300 73 46 0 73 52 0 73 42 0 73 44 0 55510 948750 52140 7124 958750 6706
27762.724938 136667 300 300 300 300 73 46 0 73 52 0 73 42 0 73 44 0 55022 948750 52140 7398 958750 6706
27762.924938 136668 300 300 300 300 73 46 0 73 52 0 73 42 0 73 44 0 55266 948750 52140 7398 958750 6706
27763.124966 136669 300 300 300 300 73 46 0 73 52 0 73 42 0 73 44 0 55266 948750 52140 7398 958750 6706
27763.324938 136670 300 300 300 300 73 46 0 73 52 0 73 42 0 73 44 0 55510 948750 52140 7398 958750 6706
27763.524929 136671 300 300 300 300 73 46 0 73 52 0 73 42 0 73 44 0 55510 948750 52140 7124 958750 6706
27763.724938 136672 300 300 300 300 73 46 0 73 52 0 73 42 0 73 44 0 55510 948750 52140 7124 958750 6706
27763.924937 136673 300 300 300 300 73 46 0 73 52 0 73 42 0 73 44 0 55510 948750 52140 7124 958750 6706
27764.124960 136674 300 300 300 300 73 46 0 73 52 0 73 42 0 73 44 0 55022 948750 52140 7398 958750 6706
27764.324941 136675 300 300 300 300 73 46 0 73 52 0 73 42 0 73 44 0 55266 948750 52140 7124 958750 6706
27764.524928 136676 300 300 300 300 73 46 0 73 52 0 73 42 0 73 44 0 55754 948750 52140 7124 958750 6706
27764.724937 136677 300 300 300 300 73 46 0 73 52 0 73 42 0 73 44 0 55754 948750 52140 7124 958750 6706
27764.924938 136678 300 300 300 300 73 46 0 73 52 0 73 42 0 73 44 0 55510 948750 52140 7124 958750 6706
27765.124960 136679 300 300 300 300 73 46 0 73 52 0 73 42 0 73 44 0 55510 948750 52140 7124 958750 6706
27765.324939 136680 300 300 300 300 73 46 0 73 52 0 73 42 0 73 44 0 55266 948750 52140 7124 958750 6706
27765.524941 136681 300 300 300 300 73 46 0 73 52 0 73 42 0 73 44 0 55266 948750 52140 7124 958750 6706
27765.724939 136682 300 300 300 300 73 46 0 73 52 0 73 42 0 73 44 0 55510 948750 52140 7124 958750 6706
27765.924939 136683 300 300 300 300 73 46 0 73 52 0 73 42 0 73 44 0 55266 948750 52140 7398 958750 6706
27766.124971 136684 300 300 300 300 73 46 0 73 52 0 73 42 0 73 44 0 55022 948750 52140 7124 958750 6706
27766.324921 136685 300 300 300 300 73 46 0 73 52 0 73 42 0 73 44 0 55022 948750 52140 7124 958750 6706
27766.524939 136686 300 300 300 300 73 46 0 73 52 0 73 42 0 73 44 0 55266 948750 52140 7124 958750 6706
27766.724939 136687 300 300 300 300 73 46 0 73 52 0 73 42 0 73 44 0 55754 948750 52140 7398 958750 6706
27766.924928 136688 300 300 300 300 73 46 0 73 52 0 73 42 0 73 44 0 55022 948750 52140 7398 958750 6706
27767.124959 136689 300 300 300 300 73 46 0 73 52 0 73 42 0 73 44 0 55022 948750 52140 7398 958750 6706
27767.324938 136690 300 300 300 300 73 46 0 73 52 0 73 42 0 73 44 0 55022 948750 52140 7398 958750 6706
27767.524940 136691 300 300 300 300 73 46 0 73 52 0 73 42 0 73 44 0 55510 948750 52140 7124 958750 6706
27767.724937 136692 300 300 300 300 73 46 0 73 52 0 73 42 0 73 44 0 55266 948750 52140 7124 958750 6706
27767.924938 136693 300 300 300 300 73 46 0 73 52 0 73 42 0 73 44 0 55510 948750 52140 7124 958750 6706
27768.124960 136694 300 300 300 300 73 46 0 73 52 0 73 42 0 73 44 0 55510 948750 52140 7124 958750 6706
27768.324939 136695 300 300 300 300 73 46 0 73 52 0 73 42 0 73 44 0 55510 948750 52140 7124 958750 6706
27768.524939 136696 300 300 300 300 73 46 0 73 52 0 73 42 0 73 44 0 55510 948750 52140 7124 958750 6706
27768.724939 136697 300 300 300 300 73 46 0 73 52 0 73 42 0 73 44 0 55510 948750 52140 7124 958750 6706
27768.924938 136698 300 300 300 300 73 46 0 73 52 0 73 42 0 73 44 0 55510 948750 52140 7124 958750 6706
27769.124966 136699 300 300 300 300 73 46 0 73 52 0 73 42 0 73 44 0 55266 948750 52140 7398 958750 6706
27769.324928 136700 300 300 300 300 73 46 0 73 52 0 73 42 0 73 44 0 55266 948750 52140 7124 958750 6706
27769.524939 136701 300 300 300 300 73 46 0 73 52 0 73 42 0 73 44 0 55022 948750 52140 7124 958750 6706
27769.724939 136702 300 300 300 300 73 46 0 73 52 0 73 42 0 73 44 0 55022 948750 52140 7124 958750 6706
27769.924938 136703 300 300 300 300 73 46 0 73 52 0 73 42 0 73 44 0 55510 948750 52140 7398 958750 6706
27770.124962 136704 300 300 300 300 73 46 0 73 52 0 73 42 0 73 44 0 55266 948750 52140 7398 958750 6706
27770.324938 136705 300 300 300 300 73 46 0 73 52 0 73 42 0 73 44 0 55510 948750 52140 7398 958750 6706
27770.524938 136706 300 300 300 300 73 46 0 73 52 0 73 42 0 73 44 0 55510 948750 52140 7398 958750 6706
27770.724938 136707 300 300 300 300 73 46 0 73 52 0 73 42 0 73 44 0 55510 948750 52140 7124 958750 6706
27770.924941 136708 300 300 300 300 73 46 0 73 52 0 73 42 0 73 44 0 55266 948750 52140 7124 958750 6706
27771.124964 136709 300 300 300 300 73 46 0 73 52 0 73 42 0 73 44 0 55022 947500 52085 7398 958750 6706
27771.324938 136710 300 300 300 300 73 46 0 73 52 0 73 42 0 73 44 0 55022 947500 52085 7398 958750 6706
27771.524939 136711 300 300 300 300 73 46 0 73 52 0 73 42 0 73 44 0 55022 948750 52140 7398 958750 6706
27771.724928 136712 300 300 300 300 73 46 0 73 52 0 73 42 0 73 44 0 55266 948750 52140 7124 958750 6706
27771.924938 136713 300 300 300 300 73 46 0 73 52 0 73 42 0 73 44 0 55266 948750 52140 7124 958750 6706
27772.124966 136714 300 300 300 300 73 46 0 73 52 0 73 42 0 73 44 0 55266 948750 52140 7124 958750 6706
27772.324938 136715 300 300 300 300 73 46 0 73 52 0 73 42 0 73 44 0 55266 948750 52140 7124 958750 6706
27772.524938 136716 300 300 300 300 73 46 0 73 52 0 73 42 0 73 44 0 55510 948750 52140 7124 958750 6706
27772.724938 136717 300 300 300 300 73 46 0 73 52 0 73 42 0 73 44 0 55022 948750 52140 7124 958750 6706
27772.924861 136718 300 300 300 300 73 46 0 73 52 0 73 42 0 73 44 0 55266 948750 52140 7398 958750 6706
27773.124961 136719 300 300 300 300 73 46 0 73 52 0 73 42 0 73 44 0 55266 948750 52140 7398 958750 6706
27773.324938 136720 300 300 300 300 73 46 0 73 52 0 73 42 0 73 44 0 55266 948750 52140 7124 958750 6706
27773.524939 136721 300 300 300 300 73 46 0 73 52 0 73 42 0 73 44 0 55266 948750 52140 7398 958750 6706
27773.724938 136722 300 300 300 300 73 46 0 73 52 0 73 42 0 73 44 0 55266 948750 52140 7124 958750 6706
27773.924938 136723 300 300 300 300 73 46 0 73 52 0 73 42 0 73 44 0 55266 948750 52140 7124 958750 6706
27774.124951 136724 300 300 300 300 73 46 0 73 52 0 73 42 0 73 44 0 55510 948750 52140 7398 958750 6706
27774.324939 136725 300 300 300 300 73 46 0 73 52 0 73 42 0 73 44 0 55266 948750 52140 7124 958750 6706
27774.524939 136726 300 300 300 300 73 46 0 73 52 0 73 42 0 73 44 0 55022 948750 52140 7398 958750 6706
27774.724937 136727 300 300 300 300 73 46 0 73 52 0 73 42 0 73 44 0 55022 948750 52140 7398 958750 6706
27774.924939 136728 300 300 300 300 73 46 0 73 52 0 73 42 0 73 44 0 55266 948750 52140 7124 958750 6706
