 5737.968796 28169 1200 1200 1200 1200 74 46 0 74 52 0 74 42 0 74 44 0 15006 1210000 18150 56718 1020000 57120
 5738.168900 28170 1200 1200 1200 1200 74 46 0 74 52 0 74 42 0 74 44 0 14762 1210000 16940 54800 1020000 55080
 5738.368812 28171 1200 1200 1200 1200 74 46 0 74 52 0 74 42 0 74 44 0 14762 1210000 16940 55622 1020000 56100
 5738.568811 28172 1200 1200 1200 1200 74 46 0 74 52 0 74 42 0 74 44 0 14762 1210000 16940 58910 1020000 59160
 5738.768812 28173 1200 1200 1200 1200 74 46 0 74 52 0 74 42 0 74 44 0 14762 1210000 16940 58910 1020000 59160
 5738.968811 28174 1200 1200 1200 1200 74 46 0 74 52 0 74 42 0 74 44 0 15006 1210000 18150 58362 1020000 59160
 5739.168812 28175 1200 1200 1200 1200 73 46 0 73 52 0 73 42 0 73 44 0 14762 1210000 16940 56718 1020000 57120
 5739.368929 28176 1200 1200 1200 1200 73 46 0 73 52 0 73 42 0 73 44 0 15006 1210000 18150 58088 1020000 59160
 5739.568808 28177 1200 1200 1200 1200 73 46 0 73 52 0 73 42 0 73 44 0 15006 1210000 18150 58088 1020000 59160
 5739.768791 28178 1200 1200 1200 1200 73 46 0 73 52 0 73 42 0 73 44 0 15006 1210000 18150 272356 1021250 277712
 5739.968811 28179 1200 1200 1200 1200 73 46 0 73 52 0 73 42 0 73 44 0 14762 1210000 16940 51238 1020000 52020
 5740.168811 28180 1200 1200 1200 1200 73 46 0 73 52 0 73 42 0 73 44 0 14762 1210000 16940 52608 1020000 53040
 5740.368957 28181 1200 1200 1200 1200 73 46 0 73 52 0 73 42 0 73 44 0 14762 1210000 16940 52608 1020000 53040
 5740.568853 28182 1200 1200 1200 1200 73 46 0 73 52 0 73 42 0 73 44 0 14762 1210000 16940 558412 1022500 570276
 5740.768902 28183 1200 1200 1200 1200 73 46 0 73 52 0 73 42 0 73 44 0 14762 1210000 16940 857620 1023750 876711
 5740.968915 28184 1200 1200 1200 1200 73 46 0 73 52 0 73 42 0 73 44 0 14518 1210000 16940 798984 1022500 815556
 5741.168798 28185 1200 1200 1200 1200 75 46 0 75 52 0 75 42 0 75 44 0 14762 1210000 16940 679794 1022500 693938
 5741.368822 28186 1200 1200 1200 1200 75 46 0 75 52 0 75 42 0 75 44 0 14762 1210000 16940 679794 1022500 693938
 5741.568818 28187 1200 1200 1200 1200 75 46 0 75 52 0 75 42 0 75 44 0 14762 1210000 16940 707194 1022500 722554
 5741.768822 28188 1200 1200 1200 1200 75 46 0 75 52 0 75 42 0 75 44 0 14762 1210000 16940 707194 1022500 722554
 5741.968822 28189 1200 1200 1200 1200 75 46 0 75 52 0 75 42 0 75 44 0 14762 1210000 16940 709112 1022500 724598
 5742.168823 28190 1200 1200 1200 1200 75 46 0 75 52 0 75 42 0 75 44 0 14762 1210000 16940 709112 1022500 724598
 5742.368822 28191 1200 1200 1200 1200 75 46 0 75 52 0 75 42 0 75 44 0 15006 1210000 18150 708838 1022500 723576
 5742.568822 28192 1200 1200 1200 1200 75 46 0 75 52 0 75 42 0 75 44 0 14762 1210000 16940 709934 1022500 724598
 5742.768822 28193 1200 1200 1200 1200 75 46 0 75 52 0 75 42 0 75 44 0 15006 1210000 18150 710208 1022500 725620
 5742.968821 28194 1200 1200 1200 1200 75 46 0 75 52 0 75 42 0 75 44 0 15006 1210000 18150 710208 1022500 725620
 5743.168823 28195 1200 1200 1200 1200 75 46 0 75 52 0 75 42 0 75 44 0 14762 1210000 16940 710756 1022500 725620
 5743.368822 28196 1200 1200 1200 1200 75 46 0 75 52 0 75 42 0 75 44 0 14762 1210000 16940 709386 1022500 724598
 5743.568822 28197 1200 1200 1200 1200 75 46 0 75 52 0 75 42 0 75 44 0 15006 1210000 18150 709386 1022500 724598
 5743.768820 28198 1200 1200 1200 1200 75 46 0 75 52 0 75 42 0 75 44 0 15006 1210000 18150 709386 1022500 724598
 5743.968874 28199 1200 1200 1200 1200 75 46 0 75 52 0 75 42 0 75 44 0 14762 1210000 16940 709386 1022500 724598
 5744.168821 28200 1200 1200 1200 1200 75 46 0 75 52 0 75 42 0 75 44 0 15006 1210000 18150 711852 1022500 726642
 5744.368822 28201 1200 1200 1200 1200 75 46 0 75 52 0 75 42 0 75 44 0 15006 1210000 18150 712400 1022500 727664
 5744.568821 28202 1200 1200 1200 1200 75 46 0 75 52 0 75 42 0 75 44 0 15006 1210000 18150 712400 1022500 727664
 5744.768800 28203 1200 1200 1200 1200 75 46 0 75 52 0 75 42 0 75 44 0 15006 1210000 18150 711030 1022500 726642
 5744.968822 28204 1200 1200 1200 1200 75 46 0 75 52 0 75 42 0 75 44 0 14762 1210000 16940 710482 1022500 725620
 5745.168822 28205 1200 1200 1200 1200 75 46 0 75 52 0 75 42 0 75 44 0 14762 1210000 16940 708564 1022500 723576
 5745.368821 28206 1200 1200 1200 1200 75 46 0 75 52 0 75 42 0 75 44 0 14762 1210000 16940 708564 1022500 723576
 5745.568821 28207 1200 1200 1200 1200 75 46 0 75 52 0 75 42 0 75 44 0 14518 1210000 16940 709660 1022500 724598
 5745.768821 28208 1200 1200 1200 1200 75 46 0 75 52 0 75 42 0 75 44 0 14762 1210000 16940 711030 1022500 726642
 5745.968822 28209 1200 1200 1200 1200 75 46 0 75 52 0 75 42 0 75 44 0 15006 1210000 18150 710482 1022500 725620
 5746.168822 28210 1200 1200 1200 1200 76 46 0 76 52 0 76 42 0 76 44 0 15006 1210000 18150 710482 1022500 725620
 5746.368817 28211 1200 1200 1200 1200 76 46 0 76 52 0 76 42 0 76 44 0 14762 1210000 16940 712674 1022500 727664
 5746.568822 28212 1200 1200 1200 1200 76 46 0 76 52 0 76 42 0 76 44 0 14762 1210000 16940 712948 1022500 727664
 5746.768822 28213 1200 1200 1200 1200 76 46 0 76 52 0 76 42 0 76 44 0 15006 1210000 18150 712948 1022500 727664
 5746.968857 28214 1200 1200 1200 1200 76 46 0 76 52 0 76 42 0 76 44 0 15006 1210000 18150 712948 1022500 727664
 5747.168821 28215 1200 1200 1200 1200 76 46 0 76 52 0 76 42 0 76 44 0 14762 1210000 16940 710208 1022500 725620
 5747.368821 28216 1200 1200 1200 1200 76 46 0 76 52 0 76 42 0 76 44 0 14762 1210000 16940 711030 1022500 726642
 5747.568821 28217 1200 1200 1200 1200 76 46 0 76 52 0 76 42 0 76 44 0 15006 1210000 18150 710482 1022500 725620
 5747.768821 28218 1200 1200 1200 1200 76 46 0 76 52 0 76 42 0 76 44 0 14762 1210000 16940 709660 1022500 724598
 5747.968821 28219 1200 1200 1200 1200 76 46 0 76 52 0 76 42 0 76 44 0 14762 1210000 16940 709660 1022500 724598
 5748.168821 28220 1200 1200 1200 1200 76 46 0 76 52 0 76 42 0 76 44 0 15006 1210000 18150 711578 1022500 726642
 5748.368821 28221 1200 1200 1200 1200 76 46 0 76 52 0 76 42 0 76 44 0 14762 1210000 16940 711304 1022500 726642
 5748.568818 28222 1200 1200 1200 1200 76 46 0 76 52 0 76 42 0 76 44 0 15006 1210000 18150 710482 1022500 725620
 5748.768818 28223 1200 1200 1200 1200 76 46 0 76 52 0 76 42 0 76 44 0 15006 1210000 18150 710482 1022500 725620
 5748.968822 28224 1200 1200 1200 1200 76 46 0 76 52 0 76 42 0 76 44 0 14762 1210000 16940 709112 1022500 724598
 5749.168821 28225 1200 1200 1200 1200 76 46 0 76 52 0 76 42 0 76 44 0 15006 1210000 18150 707742 1022500 722554
 5749.368820 28226 1200 1200 1200 1200 76 46 0 76 52 0 76 42 0 76 44 0 15006 1210000 18150 707742 1022500 722554
 5749.568823 28227 1200 1200 1200 1200 76 46 0 76 52 0 76 42 0 76 44 0 15006 1210000 18150 707742 1022500 722554
 5749.768749 28228 1200 1200 1200 1200 76 46 0 76 52 0 76 42 0 76 44 0 15006 1210000 18150 708564 1022500 723576
 5749.968878 28229 1200 1200 1200 1200 76 46 0 76 52 0 76 42 0 76 44 0 15006 1210000 18150 710208 1022500 725620
 5750.168821 28230 1200 1200 1200 1200 76 46 0 76 52 0 76 42 0 76 44 0 14762 1210000 16940 722538 1022500 737884
 5750.368821 28231 1200 1200 1200 1200 76 46 0 76 52 0 76 42 0 76 44 0 14762 1210000 16940 722538 1022500 737884
 5750.568822 28232 1200 1200 1200 1200 76 46 0 76 52 0 76 42 0 76 44 0 15006 1210000 18150 712948 1022500 727664
 5750.768821 28233 1200 1200 1200 1200 76 46 0 76 52 0 76 42 0 76 44 0 15006 1210000 18150 711030 1022500 726642
 5750.968818 28234 1200 1200 1200 1200 76 46 0 76 52 0 76 42 0 76 44 0 15006 1210000 18150 710756 1022500 725620
 5751.168822 28235 1200 1200 1200 1200 76 46 0 76 52 0 76 42 0 76 44 0 15006 1210000 18150 710756 1022500 725620
 5751.368821 28236 1200 1200 1200 1200 76 46 0 76 52 0 76 42 0 76 44 0 15006 1210000 18150 709934 1022500 724598
 5751.568823 28237 1200 1200 1200 1200 76 46 0 76 52 0 76 42 0 76 44 0 15006 1210000 18150 710482 1022500 725620
 5751.768821 28238 1200 1200 1200 1200 76 46 0 76 52 0 76 42 0 76 44 0 15006 1210000 18150 712400 1022500 727664
 5751.968821 28239 1200 1200 1200 1200 76 46 0 76 52 0 76 42 0 76 44 0 15006 1210000 18150 712400 1022500 727664
 5752.168822 28240 1200 1200 1200 1200 76 46 0 76 52 0 76 42 0 76 44 0 15006 1210000 18150 713222 1022500 728686
 5752.368822 28241 1200 1200 1200 1200 76 46 0 76 52 0 76 42 0 76 44 0 14762 1210000 16940 713496 1022500 728686
 5752.568822 28242 1200 1200 1200 1200 76 46 0 76 52 0 76 42 0 76 44 0 14762 1210000 16940 713770 1022500 728686
 5752.768822 28243 1200 1200 1200 1200 76 46 0 76 52 0 76 42 0 76 44 0 14762 1210000 16940 713770 1022500 728686
 5752.968880 28244 1200 1200 1200 1200 76 46 0 76 52 0 76 42 0 76 44 0 14518 1210000 16940 712400 1022500 727664
 5753.168822 28245 1200 1200 1200 1200 76 46 0 76 52 0 76 42 0 76 44 0 15006 1210000 18150 712126 1022500 727664
 5753.368822 28246 1200 1200 1200 1200 76 46 0 76 52 0 76 42 0 76 44 0 15250 1210000 18150 712400 1022500 727664
 5753.568800 28247 1200 1200 1200 1200 76 46 0 76 52 0 76 42 0 76 44 0 14762 1210000 16940 711578 1022500 726642
 5753.768822 28248 1200 1200 1200 1200 76 46 0 76 52 0 76 42 0 76 44 0 14762 1210000 16940 711578 1022500 726642
 5753.968821 28249 1200 1200 1200 1200 76 46 0 76 52 0 76 42 0 76 44 0 15006 1210000 18150 713222 1022500 728686
 5754.168820 28250 1200 1200 1200 1200 76 46 0 76 52 0 76 42 0 76 44 0 15250 1210000 18150 712126 1022500 727664
 5754.368816 28251 1200 1200 1200 1200 76 46 0 76 52 0 76 42 0 76 44 0 15006 1210000 18150 712400 1022500 727664
 5754.568818 28252 1200 1200 1200 1200 76 46 0 76 52 0 76 42 0 76 44 0 15006 1210000 18150 712400 1022500 727664
 5754.768799 28253 1200 1200 1200 1200 76 46 0 76 52 0 76 42 0 76 44 0 14762 1210000 16940 710756 1022500 725620
 5754.968821 28254 1200 1200 1200 1200 76 46 0 76 52 0 76 42 0 76 44 0 15006 1210000 18150 710756 1022500 725620
 5755.168821 28255 1200 1200 1200 1200 76 46 0 76 52 0 76 42 0 76 44 0 14762 1210000 16940 711304 1022500 726642
 5755.368821 28256 1200 1200 1200 1200 76 46 0 76 52 0 76 42 0 76 44 0 14762 1210000 16940 711304 1022500 726642
 5755.568822 28257 1200 1200 1200 1200 76 46 0 76 52 0 76 42 0 76 44 0 15006 1210000 18150 712126 1022500 727664
 5755.768821 28258 1200 1200 1200 1200 76 46 0 76 52 0 76 42 0 76 44 0 15006 1210000 18150 712674 1022500 727664
 5755.968880 28259 1200 1200 1200 1200 76 46 0 76 52 0 76 42 0 76 44 0 14762 1210000 16940 714044 1022500 729708
 5756.168820 28260 1200 1200 1200 1200 76 46 0 76 52 0 76 42 0 76 44 0 14762 1210000 16940 714044 1022500 729708
 5756.368821 28261 1200 1200 1200 1200 76 46 0 76 52 0 76 42 0 76 44 0 15250 1210000 18150 714318 1022500 729708
 5756.568823 28262 1200 1200 1200 1200 76 46 0 76 52 0 76 42 0 76 44 0 14762 1210000 16940 712948 1022500 727664
 5756.768817 28263 1200 1200 1200 1200 76 46 0 76 52 0 76 42 0 76 44 0 15250 1210000 18150 711030 1022500 726642
 5756.968818 28264 1200 1200 1200 1200 76 46 0 76 52 0 76 42 0 76 44 0 15250 1210000 18150 711030 1022500 726642
 5757.168821 28265 1200 1200 1200 1200 76 46 0 76 52 0 76 42 0 76 44 0 15250 1210000 18150 709934 1022500 724598
 5757.368822 28266 1200 1200 1200 1200 76 46 0 76 52 0 76 42 0 76 44 0 15006 1210000 18150 711852 1022500 726642
 5757.568821 28267 1200 1200 1200 1200 76 46 0 76 52 0 76 42 0 76 44 0 15006 1210000 18150 712400 1022500 727664
 5757.768821 28268 1200 1200 1200 1200 76 46 0 76 52 0 76 42 0 76 44 0 15006 1210000 18150 712400 1022500 727664
 5757.968823 28269 1200 1200 1200 1200 76 46 0 76 52 0 76 42 0 76 44 0 15006 1210000 18150 712126 1022500 727664
 5758.168822 28270 1200 1200 1200 1200 76 46 0 76 52 0 76 42 0 76 44 0 14762 1210000 16940 712400 1022500 727664
 5758.368822 28271 1200 1200 1200 1200 76 46 0 76 52 0 76 42 0 76 44 0 15006 1210000 18150 710756 1022500 725620
 5758.568822 28272 1200 1200 1200 1200 76 46 0 76 52 0 76 42 0 76 44 0 15006 1210000 18150 710756 1022500 725620
 5758.768821 28273 1200 1200 1200 1200 76 46 0 76 52 0 76 42 0 76 44 0 15006 1210000 18150 709660 1022500 724598
 5758.968877 28274 1200 1200 1200 1200 76 46 0 76 52 0 76 42 0 76 44 0 15006 1210000 18150 709660 1022500 724598
 5759.168818 28275 1200 1200 1200 1200 76 46 0 76 52 0 76 42 0 76 44 0 15006 1210000 18150 709386 1022500 724598
 5759.368804 28276 1200 1200 1200 1200 76 46 0 76 52 0 76 42 0 76 44 0 15006 1210000 18150 709386 1022500 724598
 5759.568822 28277 1200 1200 1200 1200 76 46 0 76 52 0 76 42 0 76 44 0 15006 1210000 18150 712126 1022500 727664
 5759.768747 28278 1200 1200 1200 1200 76 46 0 76 52 0 76 42 0 76 44 0 15006 1210000 18150 710756 1022500 725620
 5759.968821 28279 1200 1200 1200 1200 76 46 0 76 52 0 76 42 0 76 44 0 15006 1210000 18150 711030 1022500 726642
 5760.168802 28280 1200 1200 1200 1200 76 46 0 76 52 0 76 42 0 76 44 0 14762 1210000 16940 709386 1022500 724598
 5760.368821 28281 1200 1200 1200 1200 76 46 0 76 52 0 76 42 0 76 44 0 14762 1210000 16940 709386 1022500 724598
 5760.568823 28282 1200 1200 1200 1200 76 46 0 76 52 0 76 42 0 76 44 0 15006 1210000 18150 709386 1022500 724598
 5760.768821 28283 1200 1200 1200 1200 76 46 0 76 52 0 76 42 0 76 44 0 15006 1210000 18150 709112 1022500 724598
 5760.968823 28284 1200 1200 1200 1200 76 46 0 76 52 0 76 42 0 76 44 0 15006 1210000 18150 709386 1022500 724598
 5761.168822 28285 1200 1200 1200 1200 76 46 0 76 52 0 76 42 0 76 44 0 15006 1210000 18150 709386 1022500 724598
 5761.368822 28286 1200 1200 1200 1200 76 46 0 76 52 0 76 42 0 76 44 0 15006 1210000 18150 711304 1022500 726642
 5761.568818 28287 1200 1200 1200 1200 76 46 0 76 52 0 76 42 0 76 44 0 15006 1210000 18150 712400 1022500 727664
 5761.768821 28288 1200 1200 1200 1200 76 46 0 76 52 0 76 42 0 76 44 0 15006 1210000 18150 712674 1022500 727664
 5761.968880 28289 1200 1200 1200 1200 76 46 0 76 52 0 76 42 0 76 44 0 15006 1210000 18150 712674 1022500 727664
 5762.168821 28290 1200 1200 1200 1200 76 46 0 76 52 0 76 42 0 76 44 0 15250 1210000 18150 710756 1022500 725620
 5762.368823 28291 1200 1200 1200 1200 76 46 0 76 52 0 76 42 0 76 44 0 15006 1210000 18150 712948 1022500 727664
 5762.568822 28292 1200 1200 1200 1200 76 46 0 76 52 0 76 42 0 76 44 0 15006 1210000 18150 711578 1022500 726642
 5762.768823 28293 1200 1200 1200 1200 76 46 0 76 52 0 76 42 0 76 44 0 15006 1210000 18150 711578 1022500 726642
 5762.968822 28294 1200 1200 1200 1200 76 46 0 76 52 0 76 42 0 76 44 0 15006 1210000 18150 710756 1022500 725620
 5763.168822 28295 1200 1200 1200 1200 76 46 0 76 52 0 76 42 0 76 44 0 15006 1210000 18150 712948 1022500 727664
 5763.368822 28296 1200 1200 1200 1200 76 46 0 76 52 0 76 42 0 76 44 0 15006 1210000 18150 713496 1022500 728686
 5763.568822 28297 1200 1200 1200 1200 76 46 0 76 52 0 76 42 0 76 44 0 15006 1210000 18150 713496 1022500 728686
 5763.768821 28298 1200 1200 1200 1200 76 46 0 76 52 0 76 42 0 76 44 0 15006 1210000 18150 713770 1022500 728686
 5763.968817 28299 1200 1200 1200 1200 76 46 0 76 52 0 76 42 0 76 44 0 15250 1210000 18150 713496 1022500 728686
 5764.168822 28300 1200 1200 1200 1200 76 46 0 76 52 0 76 42 0 76 44 0 15006 1210000 18150 712400 1022500 727664
 5764.368848 28301 1200 1200 1200 1200 76 46 0 76 52 0 76 42 0 76 44 0 15006 1210000 18150 712400 1022500 727664
 5764.568821 28302 1200 1200 1200 1200 76 46 0 76 52 0 76 42 0 76 44 0 15006 1210000 18150 712948 1022500 727664
 5764.768798 28303 1200 1200 1200 1200 76 46 0 76 52 0 76 42 0 76 44 0 15250 1210000 18150 712400 1022500 727664
 5764.968880 28304 1200 1200 1200 1200 76 46 0 76 52 0 76 42 0 76 44 0 15250 1210000 18150 713222 1022500 728686
 5765.168822 28305 1200 1200 1200 1200 76 46 0 76 52 0 76 42 0 76 44 0 15250 1210000 18150 713222 1022500 728686
 5765.368822 28306 1200 1200 1200 1200 76 46 0 76 52 0 76 42 0 76 44 0 15006 1210000 18150 712948 1022500 727664
 5765.568822 28307 1200 1200 1200 1200 76 46 0 76 52 0 76 42 0 76 44 0 15006 1210000 18150 711578 1022500 726642
 5765.768821 28308 1200 1200 1200 1200 76 46 0 76 52 0 76 42 0 76 44 0 15006 1210000 18150 712400 1022500 727664
 5765.968803 28309 1200 1200 1200 1200 76 46 0 76 52 0 76 42 0 76 44 0 15006 1210000 18150 712400 1022500 727664
 5766.168822 28310 1200 1200 1200 1200 76 46 0 76 52 0 76 42 0 76 44 0 15006 1210000 18150 710208 1022500 725620
 5766.368818 28311 1200 1200 1200 1200 76 46 0 76 52 0 76 42 0 76 44 0 14762 1210000 16940 711030 1022500 726642
 5766.568821 28312 1200 1200 1200 1200 76 46 0 76 52 0 76 42 0 76 44 0 15006 1210000 18150 710482 1022500 725620
 5766.768821 28313 1200 1200 1200 1200 76 46 0 76 52 0 76 42 0 76 44 0 15006 1210000 18150 711304 1022500 726642
 5766.968822 28314 1200 1200 1200 1200 76 46 0 76 52 0 76 42 0 76 44 0 15006 1210000 18150 711304 1022500 726642
 5767.168822 28315 1200 1200 1200 1200 76 46 0 76 52 0 76 42 0 76 44 0 15250 1210000 18150 711030 1022500 726642
 5767.368822 28316 1200 1200 1200 1200 76 46 0 76 52 0 76 42 0 76 44 0 14762 1210000 16940 711852 1022500 726642
 5767.568869 28317 1200 1200 1200 1200 76 46 0 76 52 0 76 42 0 76 44 0 15006 1210000 18150 711852 1022500 726642
 5767.768822 28318 1200 1200 1200 1200 76 46 0 76 52 0 76 42 0 76 44 0 15006 1210000 18150 711852 1022500 726642
 5767.968878 28319 1200 1200 1200 1200 76 46 0 76 52 0 76 42 0 76 44 0 15006 1210000 18150 709386 1022500 724598
 5768.168822 28320 1200 1200 1200 1200 76 46 0 76 52 0 76 42 0 76 44 0 15006 1210000 18150 710208 1022500 725620
 5768.368822 28321 1200 1200 1200 1200 76 46 0 76 52 0 76 42 0 76 44 0 15006 1210000 18150 709660 1022500 724598
 5768.568822 28322 1200 1200 1200 1200 76 46 0 76 52 0 76 42 0 76 44 0 15006 1210000 18150 709660 1022500 724598
 5768.768818 28323 1200 1200 1200 1200 76 46 0 76 52 0 76 42 0 76 44 0 14762 1210000 16940 709934 1022500 724598
 5768.968821 28324 1200 1200 1200 1200 76 46 0 76 52 0 76 42 0 76 44 0 15006 1210000 18150 710482 1022500 725620
 5769.168822 28325 1200 1200 1200 1200 76 46 0 76 52 0 76 42 0 76 44 0 15006 1210000 18150 711030 1022500 726642
 5769.368821 28326 1200 1200 1200 1200 76 46 0 76 52 0 76 42 0 76 44 0 15006 1210000 18150 711030 1022500 726642
 5769.568822 28327 1200 1200 1200 1200 76 46 0 76 52 0 76 42 0 76 44 0 15006 1210000 18150 710756 1022500 725620
 5769.768748 28328 1200 1200 1200 1200 76 46 0 76 52 0 76 42 0 76 44 0 15250 1210000 18150 710482 1022500 725620
 5769.968821 28329 1200 1200 1200 1200 76 46 0 76 52 0 76 42 0 76 44 0 15006 1210000 18150 711030 1022500 726642
 5770.168822 28330 1200 1200 1200 1200 76 46 0 76 52 0 76 42 0 76 44 0 15006 1210000 18150 711030 1022500 726642
 5770.368822 28331 1200 1200 1200 1200 76 46 0 76 52 0 76 42 0 76 44 0 15006 1210000 18150 709386 1022500 724598
 5770.568821 28332 1200 1200 1200 1200 76 46 0 76 52 0 76 42 0 76 44 0 15006 1210000 18150 710756 1022500 725620
 5770.768822 28333 1200 1200 1200 1200 76 46 0 76 52 0 76 42 0 76 44 0 15250 1210000 18150 711304 1022500 726642
 5770.968881 28334 1200 1200 1200 1200 76 46 0 76 52 0 76 42 0 76 44 0 15250 1210000 18150 711304 1022500 726642
 5771.168818 28335 1200 1200 1200 1200 76 46 0 76 52 0 76 42 0 76 44 0 14762 1210000 16940 710756 1022500 725620
 5771.368822 28336 1200 1200 1200 1200 76 46 0 76 52 0 76 42 0 76 44 0 15006 1210000 18150 715962 1022500 730730
 5771.568822 28337 1200 1200 1200 1200 76 46 0 76 52 0 76 42 0 76 44 0 15006 1210000 18150 712674 1022500 727664
 5771.768821 28338 1200 1200 1200 1200 76 46 0 76 52 0 76 42 0 76 44 0 15006 1210000 18150 712674 1022500 727664
 5771.968822 28339 1200 1200 1200 1200 76 46 0 76 52 0 76 42 0 76 44 0 15250 1210000 18150 711578 1022500 726642
 5772.168817 28340 1200 1200 1200 1200 76 46 0 76 52 0 76 42 0 76 44 0 14762 1210000 16940 711578 1022500 726642
 5772.368822 28341 1200 1200 1200 1200 76 46 0 76 52 0 76 42 0 76 44 0 14762 1210000 16940 712400 1022500 727664
 5772.568801 28342 1200 1200 1200 1200 76 46 0 76 52 0 76 42 0 76 44 0 15006 1210000 18150 712948 1022500 727664
 5772.768824 28343 1200 1200 1200 1200 76 46 0 76 52 0 76 42 0 76 44 0 15006 1210000 18150 712948 1022500 727664
 5772.968823 28344 1200 1200 1200 1200 76 46 0 76 52 0 76 42 0 76 44 0 15250 1210000 18150 712400 1022500 727664
 5773.168821 28345 1200 1200 1200 1200 76 46 0 76 52 0 76 42 0 76 44 0 14762 1210000 16940 713496 1022500 728686
 5773.368820 28346 1200 1200 1200 1200 76 46 0 76 52 0 76 42 0 76 44 0 15250 1210000 18150 711304 1022500 726642
 5773.568822 28347 1200 1200 1200 1200 76 46 0 76 52 0 76 42 0 76 44 0 15250 1210000 18150 711304 1022500 726642
 5773.768822 28348 1200 1200 1200 1200 76 46 0 76 52 0 76 42 0 76 44 0 14762 1210000 16940 712126 1022500 727664
 5773.968878 28349 1200 1200 1200 1200 76 46 0 76 52 0 76 42 0 76 44 0 15250 1210000 18150 711304 1022500 726642
 5774.168822 28350 1200 1200 1200 1200 76 46 0 76 52 0 76 42 0 76 44 0 15006 1210000 18150 711304 1022500 726642
 5774.368822 28351 1200 1200 1200 1200 76 46 0 76 52 0 76 42 0 76 44 0 15006 1210000 18150 711304 1022500 726642
 5774.568818 28352 1200 1200 1200 1200 76 46 0 76 52 0 76 42 0 76 44 0 15006 1210000 18150 711304 1022500 726642
 5774.768766 28353 1200 1200 1200 1200 76 46 0 76 52 0 76 42 0 76 44 0 15006 1210000 18150 712126 1022500 727664
 5774.968822 28354 1200 1200 1200 1200 76 46 0 76 52 0 76 42 0 76 44 0 15250 1210000 18150 715414 1022500 730730
 5775.168822 28355 1200 1200 1200 1200 76 46 0 76 52 0 76 42 0 76 44 0 15250 1210000 18150 715414 1022500 730730
 5775.368822 28356 1200 1200 1200 1200 76 46 0 76 52 0 76 42 0 76 44 0 15006 1210000 18150 710482 1022500 725620
 5775.568821 28357 1200 1200 1200 1200 76 46 0 76 52 0 76 42 0 76 44 0 15006 1210000 18150 711304 1022500 726642
 5775.768837 28358 1200 1200 1200 1200 76 46 0 76 52 0 76 42 0 76 44 0 15006 1210000 18150 709934 1022500 724598
 5775.968821 28359 1200 1200 1200 1200 76 46 0 76 52 0 76 42 0 76 44 0 15006 1210000 18150 709934 1022500 724598
 5776.168822 28360 1200 1200 1200 1200 76 46 0 76 52 0 76 42 0 76 44 0 15006 1210000 18150 709112 1022500 724598
 5776.368822 28361 1200 1200 1200 1200 76 46 0 76 52 0 76 42 0 76 44 0 15006 1210000 18150 711304 1022500 726642
 5776.568821 28362 1200 1200 1200 1200 76 46 0 76 52 0 76 42 0 76 44 0 15006 1210000 18150 710756 1022500 725620
 5776.768821 28363 1200 1200 1200 1200 76 46 0 76 52 0 76 42 0 76 44 0 15006 1210000 18150 710756 1022500 725620
 5776.968876 28364 1200 1200 1200 1200 76 46 0 76 52 0 76 42 0 76 44 0 15006 1210000 18150 710208 1022500 725620
 5777.168822 28365 1200 1200 1200 1200 76 46 0 76 52 0 76 42 0 76 44 0 15006 1210000 18150 710208 1022500 725620
 5777.368822 28366 1200 1200 1200 1200 76 46 0 76 52 0 76 42 0 76 44 0 15006 1210000 18150 715414 1022500 730730
 5777.568822 28367 1200 1200 1200 1200 76 46 0 76 52 0 76 42 0 76 44 0 15006 1210000 18150 715414 1022500 730730
 5777.768821 28368 1200 1200 1200 1200 76 46 0 76 52 0 76 42 0 76 44 0 15006 1210000 18150 708838 1022500 723576
 5777.968822 28369 1200 1200 1200 1200 76 46 0 76 52 0 76 42 0 76 44 0 15250 1208750 18120 709660 1022500 724598
 5778.168822 28370 1200 1200 1200 1200 76 46 0 76 52 0 76 42 0 76 44 0 14762 1210000 16940 710756 1022500 725620
 5778.368803 28371 1200 1200 1200 1200 76 46 0 76 52 0 76 42 0 76 44 0 14762 1210000 16940 710756 1022500 725620
 5778.568822 28372 1200 1200 1200 1200 76 46 0 76 52 0 76 42 0 76 44 0 15006 1210000 18150 710756 1022500 725620
 5778.768822 28373 1200 1200 1200 1200 76 46 0 76 52 0 76 42 0 76 44 0 15006 1210000 18150 711578 1022500 726642
 5778.968822 28374 1200 1200 1200 1200 76 46 0 76 52 0 76 42 0 76 44 0 15006 1210000 18150 711578 1022500 726642
 5779.168796 28375 1200 1200 1200 1200 76 46 0 76 52 0 76 42 0 76 44 0 15006 1210000 18150 710482 1022500 725620
 5779.368821 28376 1200 1200 1200 1200 76 46 0 76 52 0 76 42 0 76 44 0 15006 1210000 18150 710482 1022500 725620
 5779.568822 28377 1200 1200 1200 1200 76 46 0 76 52 0 76 42 0 76 44 0 15006 1210000 18150 711304 1022500 726642
 5779.768800 28378 1200 1200 1200 1200 76 46 0 76 52 0 76 42 0 76 44 0 15006 1210000 18150 710756 1022500 725620
 5779.968878 28379 1200 1200 1200 1200 76 46 0 76 52 0 76 42 0 76 44 0 15006 1210000 18150 712400 1022500 727664
 5780.168822 28380 1200 1200 1200 1200 76 46 0 76 52 0 76 42 0 76 44 0 15006 1210000 18150 712400 1022500 727664
 5780.368822 28381 1200 1200 1200 1200 76 46 0 76 52 0 76 42 0 76 44 0 15006 1210000 18150 714318 1022500 729708
 5780.568821 28382 1200 1200 1200 1200 76 46 0 76 52 0 76 42 0 76 44 0 15250 1210000 18150 712948 1022500 727664
 5780.768822 28383 1200 1200 1200 1200 76 46 0 76 52 0 76 42 0 76 44 0 15006 1210000 18150 712400 1022500 727664
 5780.968823 28384 1200 1200 1200 1200 76 46 0 76 52 0 76 42 0 76 44 0 15006 1210000 18150 712400 1022500 727664
 5781.168824 28385 1200 1200 1200 1200 76 46 0 76 52 0 76 42 0 76 44 0 15006 1210000 18150 710208 1022500 725620
 5781.368814 28386 1200 1200 1200 1200 76 46 0 76 52 0 76 42 0 76 44 0 15006 1210000 18150 711304 1022500 726642
 5781.568809 28387 1200 1200 1200 1200 76 46 0 76 52 0 76 42 0 76 44 0 15006 1210000 18150 668560 1022500 682696
 5781.768813 28388 1200 1200 1200 1200 76 46 0 76 52 0 76 42 0 76 44 0 15006 1210000 18150 668560 1022500 682696
 5781.968813 28389 1200 1200 1200 1200 76 46 0 76 52 0 76 42 0 76 44 0 15250 1210000 18150 63020 1020000 64260
 5782.168812 28390 1200 1200 1200 1200 75 46 0 75 52 0 75 42 0 75 44 0 15006 1210000 18150 59732 1020000 60180
 5782.368812 28391 1200 1200 1200 1200 75 46 0 75 52 0 75 42 0 75 44 0 15006 1210000 18150 58636 1020000 59160
 5782.568813 28392 1200 1200 1200 1200 75 46 0 75 52 0 75 42 0 75 44 0 15006 1210000 18150 58636 1020000 59160
 5782.768813 28393 1200 1200 1200 1200 75 46 0 75 52 0 75 42 0 75 44 0 14762 1210000 16940 57814 1020000 58140
