 9531.934920 45514 600 600 600 600 73 46 0 73 52 0 73 42 0 73 44 0 22997 1208750 26576 6850 908750 5448
 9532.134909 45515 600 600 600 600 73 46 0 73 52 0 73 42 0 73 44 0 23241 1208750 27784 6850 908750 5448
 9532.334912 45516 600 600 600 600 73 46 0 73 52 0 73 42 0 73 44 0 22509 1208750 26576 6850 908750 5448
 9532.534912 45517 600 600 600 600 73 46 0 73 52 0 73 42 0 73 44 0 22509 1208750 26576 6850 908750 5448
 9532.734911 45518 600 600 600 600 73 46 0 73 52 0 73 42 0 73 44 0 22509 1208750 26576 6850 908750 5448
 9532.934914 45519 600 600 600 600 73 46 0 73 52 0 73 42 0 73 44 0 22753 1208750 26576 6850 908750 5448
 9533.134905 45520 600 600 600 600 73 46 0 73 52 0 73 42 0 73 44 0 22997 1208750 26576 6850 908750 5448
 9533.334920 45521 600 600 600 600 73 46 0 73 52 0 73 42 0 73 44 0 22997 1208750 26576 6850 908750 5448
 9533.534914 45522 600 600 600 600 73 46 0 73 52 0 73 42 0 73 44 0 56486 1210000 67760 6850 908750 5448
 9533.734913 45523 600 600 600 600 73 46 0 73 52 0 73 42 0 73 44 0 23241 1208750 27784 6850 908750 5448
 9533.934920 45524 600 600 600 600 73 46 0 73 52 0 73 42 0 73 44 0 22753 1208750 26576 6850 908750 5448
 9534.134963 45525 600 600 600 600 73 46 0 73 52 0 73 42 0 73 44 0 22753 1208750 26576 6850 908750 5448
 9534.334977 45526 600 600 600 600 73 46 0 73 52 0 73 42 0 73 44 0 98271 1210000 118580 6850 908750 5448
 9534.534955 45527 600 600 600 600 73 46 0 73 52 0 73 42 0 73 44 0 164517 1210000 198440 6850 908750 5448
 9534.734966 45528 600 600 600 600 73 46 0 73 52 0 73 42 0 73 44 0 157502 1210000 189970 6850 908750 5448
 9534.934964 45529 600 600 600 600 73 46 0 73 52 0 73 42 0 73 44 0 152012 1208750 183616 6850 908750 5448
 9535.134907 45530 600 600 600 600 73 46 0 73 52 0 73 42 0 73 44 0 152012 1208750 183616 6850 908750 5448
 9535.334840 45531 600 600 600 600 73 46 0 73 52 0 73 42 0 73 44 0 131760 1208750 158248 6850 908750 5448
 9535.534837 45532 600 600 600 600 73 46 0 73 52 0 73 42 0 73 44 0 147254 1208750 177576 6850 908750 5448
 9535.734836 45533 600 600 600 600 73 46 0 73 52 0 73 42 0 73 44 0 145729 1208750 175160 6850 908750 5448
 9535.934839 45534 600 600 600 600 73 46 0 73 52 0 73 42 0 73 44 0 145729 1208750 175160 6850 908750 5448
 9536.134837 45535 600 600 600 600 73 46 0 73 52 0 73 42 0 73 44 0 145729 1208750 175160 6850 908750 5448
 9536.334836 45536 600 600 600 600 73 46 0 73 52 0 73 42 0 73 44 0 145729 1208750 175160 6850 908750 5448
 9536.534836 45537 600 600 600 600 73 46 0 73 52 0 73 42 0 73 44 0 145485 1208750 175160 6850 908750 5448
 9536.734836 45538 600 600 600 600 73 46 0 73 52 0 73 42 0 73 44 0 145485 1208750 175160 6850 908750 5448
 9536.934837 45539 600 600 600 600 73 46 0 73 52 0 73 42 0 73 44 0 145241 1208750 175160 6850 908750 5448
 9537.134836 45540 600 600 600 600 73 46 0 73 52 0 73 42 0 73 44 0 145241 1208750 175160 6850 908750 5448
 9537.334836 45541 600 600 600 600 73 46 0 73 52 0 73 42 0 73 44 0 145241 1208750 175160 6850 908750 5448
 9537.534835 45542 600 600 600 600 73 46 0 73 52 0 73 42 0 73 44 0 145241 1208750 175160 6850 908750 5448
 9537.734835 45543 600 600 600 600 73 46 0 73 52 0 73 42 0 73 44 0 145241 1208750 175160 6850 908750 5448
 9537.934836 45544 600 600 600 600 73 46 0 73 52 0 73 42 0 73 44 0 144997 1208750 173952 7124 908750 6356
 9538.134849 45545 600 600 600 600 73 46 0 73 52 0 73 42 0 73 44 0 145241 1208750 175160 6850 908750 5448
 9538.334836 45546 600 600 600 600 73 46 0 73 52 0 73 42 0 73 44 0 145241 1208750 175160 6850 908750 5448
 9538.534836 45547 600 600 600 600 73 46 0 73 52 0 73 42 0 73 44 0 145485 1208750 175160 7124 908750 6356
 9538.734835 45548 600 600 600 600 73 46 0 73 52 0 73 42 0 73 44 0 145729 1208750 175160 6850 908750 5448
 9538.934838 45549 600 600 600 600 73 46 0 73 52 0 73 42 0 73 44 0 144997 1208750 173952 6850 908750 5448
 9539.134837 45550 600 600 600 600 74 46 0 74 52 0 74 42 0 74 44 0 144997 1208750 173952 6850 908750 5448
 9539.334836 45551 600 600 600 600 74 46 0 74 52 0 74 42 0 74 44 0 145485 1208750 175160 7124 908750 6356
 9539.534835 45552 600 600 600 600 74 46 0 74 52 0 74 42 0 74 44 0 147010 1208750 177576 7124 908750 6356
 9539.734835 45553 600 600 600 600 74 46 0 74 52 0 74 42 0 74 44 0 144753 1208750 173952 6850 908750 5448
 9539.934839 45554 600 600 600 600 74 46 0 74 52 0 74 42 0 74 44 0 144753 1208750 173952 6850 908750 5448
 9540.134836 45555 600 600 600 600 74 46 0 74 52 0 74 42 0 74 44 0 144997 1208750 173952 6850 908750 5448
 9540.334836 45556 600 600 600 600 74 46 0 74 52 0 74 42 0 74 44 0 144997 1208750 173952 7124 908750 6356
 9540.534835 45557 600 600 600 600 74 46 0 74 52 0 74 42 0 74 44 0 145241 1208750 175160 6850 908750 5448
 9540.734835 45558 600 600 600 600 74 46 0 74 52 0 74 42 0 74 44 0 145241 1208750 175160 6850 908750 5448
 9540.934837 45559 600 600 600 600 74 46 0 74 52 0 74 42 0 74 44 0 145241 1208750 175160 6850 908750 5448
 9541.134845 45560 600 600 600 600 74 46 0 74 52 0 74 42 0 74 44 0 145241 1208750 175160 6850 908750 5448
 9541.334835 45561 600 600 600 600 74 46 0 74 52 0 74 42 0 74 44 0 145729 1208750 175160 6850 908750 5448
 9541.534835 45562 600 600 600 600 74 46 0 74 52 0 74 42 0 74 44 0 146217 1208750 176368 6850 908750 5448
 9541.734835 45563 600 600 600 600 74 46 0 74 52 0 74 42 0 74 44 0 146217 1208750 176368 6850 908750 5448
 9541.934838 45564 600 600 600 600 74 46 0 74 52 0 74 42 0 74 44 0 145241 1208750 175160 6850 908750 5448
 9542.134836 45565 600 600 600 600 74 46 0 74 52 0 74 42 0 74 44 0 144753 1208750 173952 6850 908750 5448
 9542.334835 45566 600 600 600 600 74 46 0 74 52 0 74 42 0 74 44 0 145485 1208750 175160 6850 908750 5448
 9542.534835 45567 600 600 600 600 74 46 0 74 52 0 74 42 0 74 44 0 145485 1208750 175160 6850 908750 5448
 9542.734835 45568 600 600 600 600 74 46 0 74 52 0 74 42 0 74 44 0 144997 1208750 173952 6850 908750 5448
 9542.934840 45569 600 600 600 600 74 46 0 74 52 0 74 42 0 74 44 0 145485 1208750 175160 6850 908750 5448
 9543.134835 45570 600 600 600 600 74 46 0 74 52 0 74 42 0 74 44 0 144753 1208750 173952 6850 908750 5448
 9543.334835 45571 600 600 600 600 74 46 0 74 52 0 74 42 0 74 44 0 144753 1208750 173952 6850 908750 5448
 9543.534835 45572 600 600 600 600 74 46 0 74 52 0 74 42 0 74 44 0 145241 1208750 175160 6850 908750 5448
 9543.734835 45573 600 600 600 600 74 46 0 74 52 0 74 42 0 74 44 0 144753 1208750 173952 6850 908750 5448
 9543.934837 45574 600 600 600 600 74 46 0 74 52 0 74 42 0 74 44 0 144509 1208750 173952 7124 908750 6356
 9544.134844 45575 600 600 600 600 74 46 0 74 52 0 74 42 0 74 44 0 144509 1208750 173952 7124 908750 6356
 9544.334835 45576 600 600 600 600 74 46 0 74 52 0 74 42 0 74 44 0 145241 1208750 175160 6850 908750 5448
 9544.534835 45577 600 600 600 600 74 46 0 74 52 0 74 42 0 74 44 0 145241 1208750 175160 6850 908750 5448
 9544.734835 45578 600 600 600 600 74 46 0 74 52 0 74 42 0 74 44 0 144753 1208750 173952 6850 908750 5448
 9544.934839 45579 600 600 600 600 74 46 0 74 52 0 74 42 0 74 44 0 144753 1208750 173952 6850 908750 5448
 9545.134836 45580 600 600 600 600 74 46 0 74 52 0 74 42 0 74 44 0 145241 1208750 175160 6850 908750 5448
 9545.334835 45581 600 600 600 600 74 46 0 74 52 0 74 42 0 74 44 0 144997 1208750 173952 6850 908750 5448
 9545.534836 45582 600 600 600 600 74 46 0 74 52 0 74 42 0 74 44 0 144997 1208750 173952 6850 908750 5448
 9545.734835 45583 600 600 600 600 74 46 0 74 52 0 74 42 0 74 44 0 144997 1208750 173952 6850 908750 5448
 9545.934838 45584 600 600 600 600 74 46 0 74 52 0 74 42 0 74 44 0 144753 1208750 173952 6850 908750 5448
 9546.134835 45585 600 600 600 600 74 46 0 74 52 0 74 42 0 74 44 0 144753 1208750 173952 6850 908750 5448
 9546.334835 45586 600 600 600 600 74 46 0 74 52 0 74 42 0 74 44 0 145241 1208750 175160 7124 908750 6356
 9546.534835 45587 600 600 600 600 74 46 0 74 52 0 74 42 0 74 44 0 145241 1208750 175160 7124 908750 6356
 9546.734835 45588 600 600 600 600 74 46 0 74 52 0 74 42 0 74 44 0 145485 1208750 175160 6850 908750 5448
 9546.934837 45589 600 600 600 600 74 46 0 74 52 0 74 42 0 74 44 0 144753 1208750 173952 6850 908750 5448
 9547.134842 45590 600 600 600 600 74 46 0 74 52 0 74 42 0 74 44 0 145241 1208750 175160 6850 908750 5448
 9547.334837 45591 600 600 600 600 74 46 0 74 52 0 74 42 0 74 44 0 146217 1208750 176368 7124 908750 6356
 9547.534835 45592 600 600 600 600 74 46 0 74 52 0 74 42 0 74 44 0 146217 1208750 176368 7124 908750 6356
 9547.734835 45593 600 600 600 600 74 46 0 74 52 0 74 42 0 74 44 0 145485 1208750 175160 6850 908750 5448
 9547.934837 45594 600 600 600 600 74 46 0 74 52 0 74 42 0 74 44 0 145729 1208750 175160 6850 908750 5448
 9548.134836 45595 600 600 600 600 74 46 0 74 52 0 74 42 0 74 44 0 146217 1208750 176368 6850 908750 5448
 9548.334835 45596 600 600 600 600 74 46 0 74 52 0 74 42 0 74 44 0 146217 1208750 176368 6850 908750 5448
 9548.534835 45597 600 600 600 600 74 46 0 74 52 0 74 42 0 74 44 0 145729 1208750 175160 6850 908750 5448
 9548.734835 45598 600 600 600 600 74 46 0 74 52 0 74 42 0 74 44 0 145241 1208750 175160 6850 908750 5448
 9548.934838 45599 600 600 600 600 74 46 0 74 52 0 74 42 0 74 44 0 145485 1208750 175160 7124 908750 6356
 9549.134835 45600 600 600 600 600 74 46 0 74 52 0 74 42 0 74 44 0 145485 1208750 175160 7124 908750 6356
 9549.334835 45601 600 600 600 600 74 46 0 74 52 0 74 42 0 74 44 0 145485 1208750 175160 6850 908750 5448
 9549.534836 45602 600 600 600 600 74 46 0 74 52 0 74 42 0 74 44 0 145729 1208750 175160 6850 908750 5448
 9549.734835 45603 600 600 600 600 74 46 0 74 52 0 74 42 0 74 44 0 147010 1208750 177576 6850 908750 5448
 9549.934839 45604 600 600 600 600 74 46 0 74 52 0 74 42 0 74 44 0 147010 1208750 177576 6850 908750 5448
 9550.134845 45605 600 600 600 600 74 46 0 74 52 0 74 42 0 74 44 0 146217 1208750 176368 6850 908750 5448
 9550.334836 45606 600 600 600 600 74 46 0 74 52 0 74 42 0 74 44 0 145973 1208750 175160 6850 908750 5448
 9550.534835 45607 600 600 600 600 74 46 0 74 52 0 74 42 0 74 44 0 145241 1208750 175160 6850 908750 5448
 9550.734836 45608 600 600 600 600 74 46 0 74 52 0 74 42 0 74 44 0 145241 1208750 175160 6850 908750 5448
 9550.934839 45609 600 600 600 600 74 46 0 74 52 0 74 42 0 74 44 0 145241 1208750 175160 7124 908750 6356
 9551.134835 45610 600 600 600 600 74 46 0 74 52 0 74 42 0 74 44 0 144997 1208750 173952 6850 908750 5448
 9551.334835 45611 600 600 600 600 74 46 0 74 52 0 74 42 0 74 44 0 145729 1208750 175160 6850 908750 5448
 9551.534835 45612 600 600 600 600 74 46 0 74 52 0 74 42 0 74 44 0 145729 1208750 175160 6850 908750 5448
 9551.734835 45613 600 600 600 600 74 46 0 74 52 0 74 42 0 74 44 0 144997 1208750 173952 6850 908750 5448
 9551.934838 45614 600 600 600 600 74 46 0 74 52 0 74 42 0 74 44 0 145241 1208750 175160 6850 908750 5448
 9552.134836 45615 600 600 600 600 74 46 0 74 52 0 74 42 0 74 44 0 145241 1208750 175160 6850 908750 5448
 9552.334836 45616 600 600 600 600 74 46 0 74 52 0 74 42 0 74 44 0 145241 1208750 175160 6850 908750 5448
 9552.534835 45617 600 600 600 600 74 46 0 74 52 0 74 42 0 74 44 0 144753 1208750 173952 6850 908750 5448
 9552.734835 45618 600 600 600 600 74 46 0 74 52 0 74 42 0 74 44 0 145241 1208750 175160 6850 908750 5448
 9552.934838 45619 600 600 600 600 74 46 0 74 52 0 74 42 0 74 44 0 144997 1208750 173952 6850 908750 5448
 9553.134843 45620 600 600 600 600 74 46 0 74 52 0 74 42 0 74 44 0 144997 1208750 173952 6850 908750 5448
 9553.334836 45621 600 600 600 600 74 46 0 74 52 0 74 42 0 74 44 0 144753 1208750 173952 7124 908750 6356
 9553.534894 45622 600 600 600 600 74 46 0 74 52 0 74 42 0 74 44 0 145241 1208750 175160 7124 908750 6356
 9553.734912 45623 600 600 600 600 74 46 0 74 52 0 74 42 0 74 44 0 144753 1208750 173952 7124 908750 6356
 9553.934893 45624 600 600 600 600 74 46 0 74 52 0 74 42 0 74 44 0 145729 1208750 175160 6850 908750 5448
 9554.134911 45625 600 600 600 600 74 46 0 74 52 0 74 42 0 74 44 0 145729 1208750 175160 6850 908750 5448
 9554.334910 45626 600 600 600 600 74 46 0 74 52 0 74 42 0 74 44 0 145729 1208750 175160 6850 908750 5448
 9554.534911 45627 600 600 600 600 74 46 0 74 52 0 74 42 0 74 44 0 145485 1208750 175160 7124 908750 6356
 9554.734911 45628 600 600 600 600 74 46 0 74 52 0 74 42 0 74 44 0 145729 1208750 175160 7124 908750 6356
 9554.934891 45629 600 600 600 600 74 46 0 74 52 0 74 42 0 74 44 0 145729 1208750 175160 7124 908750 6356
 9555.134912 45630 600 600 600 600 74 46 0 74 52 0 74 42 0 74 44 0 144753 1208750 173952 7124 908750 6356
 9555.334910 45631 600 600 600 600 74 46 0 74 52 0 74 42 0 74 44 0 145973 1208750 175160 6850 908750 5448
 9555.534911 45632 600 600 600 600 74 46 0 74 52 0 74 42 0 74 44 0 145241 1208750 175160 7124 908750 6356
 9555.734911 45633 600 600 600 600 74 46 0 74 52 0 74 42 0 74 44 0 145241 1208750 175160 7124 908750 6356
 9555.934887 45634 600 600 600 600 74 46 0 74 52 0 74 42 0 74 44 0 145973 1208750 175160 6850 908750 5448
 9556.134935 45635 600 600 600 600 74 46 0 74 52 0 74 42 0 74 44 0 145241 1208750 175160 7124 908750 6356
 9556.334912 45636 600 600 600 600 74 46 0 74 52 0 74 42 0 74 44 0 145973 1208750 175160 7124 908750 6356
 9556.534912 45637 600 600 600 600 74 46 0 74 52 0 74 42 0 74 44 0 145973 1208750 175160 7124 908750 6356
 9556.734912 45638 600 600 600 600 74 46 0 74 52 0 74 42 0 74 44 0 144265 1208750 173952 7124 908750 6356
 9556.934891 45639 600 600 600 600 74 46 0 74 52 0 74 42 0 74 44 0 145241 1208750 175160 7124 908750 6356
 9557.134911 45640 600 600 600 600 74 46 0 74 52 0 74 42 0 74 44 0 145729 1208750 175160 6850 908750 5448
 9557.334911 45641 600 600 600 600 74 46 0 74 52 0 74 42 0 74 44 0 145729 1208750 175160 6850 908750 5448
 9557.534911 45642 600 600 600 600 74 46 0 74 52 0 74 42 0 74 44 0 145241 1208750 175160 6850 908750 5448
 9557.734912 45643 600 600 600 600 74 46 0 74 52 0 74 42 0 74 44 0 145485 1208750 175160 6850 908750 5448
 9557.934892 45644 600 600 600 600 74 46 0 74 52 0 74 42 0 74 44 0 145729 1208750 175160 6850 908750 5448
 9558.134911 45645 600 600 600 600 74 46 0 74 52 0 74 42 0 74 44 0 145729 1208750 175160 6850 908750 5448
 9558.334911 45646 600 600 600 600 74 46 0 74 52 0 74 42 0 74 44 0 144997 1208750 173952 6850 908750 5448
 9558.534911 45647 600 600 600 600 74 46 0 74 52 0 74 42 0 74 44 0 145729 1208750 175160 6850 908750 5448
 9558.734910 45648 600 600 600 600 74 46 0 74 52 0 74 42 0 74 44 0 145973 1208750 175160 7124 908750 6356
 9558.934892 45649 600 600 600 600 74 46 0 74 52 0 74 42 0 74 44 0 145973 1208750 175160 7124 908750 6356
 9559.134936 45650 600 600 600 600 74 46 0 74 52 0 74 42 0 74 44 0 145485 1208750 175160 7124 908750 6356
 9559.334911 45651 600 600 600 600 74 46 0 74 52 0 74 42 0 74 44 0 146217 1208750 176368 6850 908750 5448
 9559.534850 45652 600 600 600 600 74 46 0 74 52 0 74 42 0 74 44 0 145973 1208750 175160 7124 908750 6356
 9559.734886 45653 600 600 600 600 74 46 0 74 52 0 74 42 0 74 44 0 150243 1208750 181200 6850 908750 5448
 9559.934894 45654 600 600 600 600 74 46 0 74 52 0 74 42 0 74 44 0 150243 1208750 181200 6850 908750 5448
 9560.134913 45655 600 600 600 600 74 46 0 74 52 0 74 42 0 74 44 0 145973 1208750 175160 6850 908750 5448
 9560.334905 45656 600 600 600 600 74 46 0 74 52 0 74 42 0 74 44 0 145973 1208750 175160 6850 908750 5448
 9560.534911 45657 600 600 600 600 74 46 0 74 52 0 74 42 0 74 44 0 145729 1208750 175160 6850 908750 5448
 9560.734911 45658 600 600 600 600 74 46 0 74 52 0 74 42 0 74 44 0 145729 1208750 175160 6850 908750 5448
 9560.934893 45659 600 600 600 600 74 46 0 74 52 0 74 42 0 74 44 0 146217 1208750 176368 6850 908750 5448
 9561.134911 45660 600 600 600 600 74 46 0 74 52 0 74 42 0 74 44 0 146766 1208750 176368 7124 908750 6356
 9561.334906 45661 600 600 600 600 74 46 0 74 52 0 74 42 0 74 44 0 146217 1208750 176368 7124 908750 6356
 9561.534906 45662 600 600 600 600 74 46 0 74 52 0 74 42 0 74 44 0 146217 1208750 176368 7124 908750 6356
 9561.734911 45663 600 600 600 600 74 46 0 74 52 0 74 42 0 74 44 0 146217 1208750 176368 7124 908750 6356
 9561.934892 45664 600 600 600 600 74 46 0 74 52 0 74 42 0 74 44 0 146217 1208750 176368 6850 908750 5448
 9562.134938 45665 600 600 600 600 74 46 0 74 52 0 74 42 0 74 44 0 145485 1208750 175160 7124 908750 6356
 9562.334910 45666 600 600 600 600 74 46 0 74 52 0 74 42 0 74 44 0 145485 1208750 175160 7124 908750 6356
 9562.534910 45667 600 600 600 600 74 46 0 74 52 0 74 42 0 74 44 0 146217 1208750 176368 6850 908750 5448
 9562.734911 45668 600 600 600 600 74 46 0 74 52 0 74 42 0 74 44 0 145241 1208750 175160 7124 908750 6356
 9562.934893 45669 600 600 600 600 74 46 0 74 52 0 74 42 0 74 44 0 145973 1208750 175160 6850 908750 5448
 9563.134910 45670 600 600 600 600 74 46 0 74 52 0 74 42 0 74 44 0 145973 1208750 175160 6850 908750 5448
 9563.334910 45671 600 600 600 600 74 46 0 74 52 0 74 42 0 74 44 0 145729 1208750 175160 7124 908750 6356
 9563.534910 45672 600 600 600 600 74 46 0 74 52 0 74 42 0 74 44 0 145729 1208750 175160 7124 908750 6356
 9563.734911 45673 600 600 600 600 74 46 0 74 52 0 74 42 0 74 44 0 145485 1208750 175160 6850 908750 5448
 9563.934892 45674 600 600 600 600 74 46 0 74 52 0 74 42 0 74 44 0 145485 1208750 175160 6850 908750 5448
 9564.134914 45675 600 600 600 600 74 46 0 74 52 0 74 42 0 74 44 0 145485 1208750 175160 6850 908750 5448
 9564.334911 45676 600 600 600 600 74 46 0 74 52 0 74 42 0 74 44 0 146522 1208750 176368 7124 908750 6356
 9564.534890 45677 600 600 600 600 74 46 0 74 52 0 74 42 0 74 44 0 145729 1208750 175160 7124 908750 6356
 9564.734911 45678 600 600 600 600 74 46 0 74 52 0 74 42 0 74 44 0 145729 1208750 175160 7124 908750 6356
 9564.934890 45679 600 600 600 600 74 46 0 74 52 0 74 42 0 74 44 0 146217 1208750 176368 6850 908750 5448
 9565.134937 45680 600 600 600 600 74 46 0 74 52 0 74 42 0 74 44 0 145485 1208750 175160 6850 908750 5448
 9565.334910 45681 600 600 600 600 74 46 0 74 52 0 74 42 0 74 44 0 145485 1208750 175160 6850 908750 5448
 9565.534910 45682 600 600 600 600 74 46 0 74 52 0 74 42 0 74 44 0 145485 1208750 175160 6850 908750 5448
 9565.734911 45683 600 600 600 600 74 46 0 74 52 0 74 42 0 74 44 0 145973 1208750 175160 6850 908750 5448
 9565.934850 45684 600 600 600 600 74 46 0 74 52 0 74 42 0 74 44 0 144997 1208750 173952 7124 908750 6356
 9566.134911 45685 600 600 600 600 74 46 0 74 52 0 74 42 0 74 44 0 145485 1208750 175160 6850 908750 5448
 9566.334911 45686 600 600 600 600 74 46 0 74 52 0 74 42 0 74 44 0 145241 1208750 175160 6850 908750 5448
 9566.534911 45687 600 600 600 600 74 46 0 74 52 0 74 42 0 74 44 0 145241 1208750 175160 6850 908750 5448
 9566.734935 45688 600 600 600 600 74 46 0 74 52 0 74 42 0 74 44 0 145729 1208750 175160 6850 908750 5448
 9566.934855 45689 600 600 600 600 74 46 0 74 52 0 74 42 0 74 44 0 144997 1208750 173952 7124 908750 6356
 9567.134965 45690 600 600 600 600 73 46 0 73 52 0 73 42 0 73 44 0 55022 1208750 66440 6850 908750 5448
 9567.334928 45691 600 600 600 600 73 46 0 73 52 0 73 42 0 73 44 0 55022 1208750 66440 6850 908750 5448
 9567.534912 45692 600 600 600 600 73 46 0 73 52 0 73 42 0 73 44 0 22753 1208750 26576 6850 908750 5448
 9567.734913 45693 600 600 600 600 73 46 0 73 52 0 73 42 0 73 44 0 22509 1208750 26576 6850 908750 5448
 9567.934913 45694 600 600 600 600 73 46 0 73 52 0 73 42 0 73 44 0 22265 1208750 26576 6850 908750 5448
