 4478.268803 21871 1500 1500 1500 1500 75 46 0 75 52 0 75 42 0 75 44 0 14762 1210000 16940 84666 1132500 95088
 4478.468804 21872 1500 1500 1500 1500 75 46 0 75 52 0 75 42 0 75 44 0 15250 1210000 18150 83022 1132500 93956
 4478.668804 21873 1500 1500 1500 1500 75 46 0 75 52 0 75 42 0 75 44 0 15006 1210000 18150 81652 1132500 91692
 4478.868803 21874 1500 1500 1500 1500 75 46 0 75 52 0 75 42 0 75 44 0 15006 1210000 18150 77268 1132500 87164
 4479.068803 21875 1500 1500 1500 1500 74 46 0 74 52 0 74 42 0 74 44 0 15006 1210000 18150 77268 1132500 87164
 4479.268803 21876 1500 1500 1500 1500 74 46 0 74 52 0 74 42 0 74 44 0 15006 1210000 18150 79186 1132500 89428
 4479.468803 21877 1500 1500 1500 1500 74 46 0 74 52 0 74 42 0 74 44 0 14762 1210000 16940 81104 1132500 91692
 4479.668804 21878 1500 1500 1500 1500 74 46 0 74 52 0 74 42 0 74 44 0 14762 1210000 16940 75076 1132500 84900
 4479.868804 21879 1500 1500 1500 1500 74 46 0 74 52 0 74 42 0 74 44 0 14762 1210000 16940 75076 1132500 84900
 4480.068804 21880 1500 1500 1500 1500 73 46 0 73 52 0 73 42 0 73 44 0 15006 1210000 18150 81104 1132500 91692
 4480.268800 21881 1500 1500 1500 1500 73 46 0 73 52 0 73 42 0 73 44 0 14762 1210000 16940 71240 1132500 80372
 4480.468804 21882 1500 1500 1500 1500 73 46 0 73 52 0 73 42 0 73 44 0 14762 1210000 16940 167140 1133750 189211
 4480.668803 21883 1500 1500 1500 1500 73 46 0 73 52 0 73 42 0 73 44 0 14762 1210000 16940 167140 1133750 189211
 4480.868804 21884 1500 1500 1500 1500 73 46 0 73 52 0 73 42 0 73 44 0 14762 1210000 16940 228790 1133750 258324
 4481.068804 21885 1500 1500 1500 1500 73 46 0 73 52 0 73 42 0 73 44 0 14762 1210000 16940 74528 1132500 83768
 4481.273828 21886 1500 1500 1500 1500 73 46 0 73 52 0 73 42 0 73 44 0 14762 1210000 16940 242764 1133750 274186
 4481.473754 21887 1500 1500 1500 1500 73 46 0 73 52 0 73 42 0 73 44 0 15006 1210000 18150 993798 1138750 1130034
 4481.673896 21888 1500 1500 1500 1500 73 46 0 73 52 0 73 42 0 73 44 0 15006 1210000 18150 993798 1138750 1130034
 4481.873843 21889 1500 1500 1500 1500 73 46 0 73 52 0 73 42 0 73 44 0 15250 1208750 18120 1154088 1138750 1313252
 4482.073814 21890 1500 1500 1500 1500 75 46 0 75 52 0 75 42 0 75 44 0 15006 1208750 18120 1019828 1137500 1158603
 4482.273815 21891 1500 1500 1500 1500 75 46 0 75 52 0 75 42 0 75 44 0 14762 1210000 16940 987770 1137500 1122219
 4482.473815 21892 1500 1500 1500 1500 75 46 0 75 52 0 75 42 0 75 44 0 14762 1210000 16940 987770 1137500 1122219
 4482.673812 21893 1500 1500 1500 1500 75 46 0 75 52 0 75 42 0 75 44 0 14762 1210000 16940 988592 1137500 1123356
 4482.873814 21894 1500 1500 1500 1500 75 46 0 75 52 0 75 42 0 75 44 0 15006 1210000 18150 989140 1137500 1124493
 4483.073814 21895 1500 1500 1500 1500 75 46 0 75 52 0 75 42 0 75 44 0 15006 1208750 18120 991332 1137500 1126767
 4483.273813 21896 1500 1500 1500 1500 75 46 0 75 52 0 75 42 0 75 44 0 15006 1208750 18120 991332 1137500 1126767
 4483.473815 21897 1500 1500 1500 1500 75 46 0 75 52 0 75 42 0 75 44 0 15006 1210000 18150 992154 1136250 1126912
 4483.673814 21898 1500 1500 1500 1500 75 46 0 75 52 0 75 42 0 75 44 0 14762 1210000 16940 993798 1137500 1129041
 4483.873814 21899 1500 1500 1500 1500 75 46 0 75 52 0 75 42 0 75 44 0 15006 1208750 18120 991332 1137500 1126767
 4484.073815 21900 1500 1500 1500 1500 76 46 0 76 52 0 76 42 0 76 44 0 15006 1208750 18120 991332 1137500 1126767
 4484.273814 21901 1500 1500 1500 1500 76 46 0 76 52 0 76 42 0 76 44 0 15250 1208750 18120 992154 1137500 1127904
 4484.473814 21902 1500 1500 1500 1500 76 46 0 76 52 0 76 42 0 76 44 0 15006 1210000 18150 992976 1137500 1127904
 4484.673815 21903 1500 1500 1500 1500 76 46 0 76 52 0 76 42 0 76 44 0 15006 1210000 18150 991058 1137500 1126767
 4484.873815 21904 1500 1500 1500 1500 76 46 0 76 52 0 76 42 0 76 44 0 15006 1210000 18150 991058 1137500 1126767
 4485.073837 21905 1500 1500 1500 1500 76 46 0 76 52 0 76 42 0 76 44 0 15006 1210000 18150 995990 1137500 1131315
 4485.273814 21906 1500 1500 1500 1500 76 46 0 76 52 0 76 42 0 76 44 0 15006 1210000 18150 994620 1137500 1130178
 4485.473814 21907 1500 1500 1500 1500 76 46 0 76 52 0 76 42 0 76 44 0 15250 1208750 18120 994072 1137500 1130178
 4485.673814 21908 1500 1500 1500 1500 76 46 0 76 52 0 76 42 0 76 44 0 15250 1208750 18120 994072 1137500 1130178
 4485.873814 21909 1500 1500 1500 1500 76 46 0 76 52 0 76 42 0 76 44 0 14762 1210000 16940 994894 1137500 1130178
 4486.073811 21910 1500 1500 1500 1500 76 46 0 76 52 0 76 42 0 76 44 0 14762 1210000 16940 991880 1137500 1126767
 4486.273814 21911 1500 1500 1500 1500 76 46 0 76 52 0 76 42 0 76 44 0 15250 1208750 18120 992702 1137500 1127904
 4486.473815 21912 1500 1500 1500 1500 76 46 0 76 52 0 76 42 0 76 44 0 15250 1208750 18120 992702 1137500 1127904
 4486.673813 21913 1500 1500 1500 1500 76 46 0 76 52 0 76 42 0 76 44 0 15006 1208750 18120 992154 1137500 1127904
 4486.873814 21914 1500 1500 1500 1500 76 46 0 76 52 0 76 42 0 76 44 0 15006 1210000 18150 993798 1137500 1129041
 4487.073814 21915 1500 1500 1500 1500 77 46 0 77 52 0 77 42 0 77 44 0 15006 1210000 18150 995716 1137500 1131315
 4487.273747 21916 1500 1500 1500 1500 77 46 0 77 52 0 77 42 0 77 44 0 15250 1208750 18120 995716 1137500 1131315
 4487.473814 21917 1500 1500 1500 1500 77 46 0 77 52 0 77 42 0 77 44 0 15250 1208750 18120 995716 1137500 1131315
 4487.673815 21918 1500 1500 1500 1500 77 46 0 77 52 0 77 42 0 77 44 0 15250 1208750 18120 995716 1137500 1131315
 4487.873815 21919 1500 1500 1500 1500 77 46 0 77 52 0 77 42 0 77 44 0 14762 1208750 16912 996812 1137500 1132452
 4488.073815 21920 1500 1500 1500 1500 77 46 0 77 52 0 77 42 0 77 44 0 14762 1208750 16912 994072 1137500 1130178
 4488.273814 21921 1500 1500 1500 1500 77 46 0 77 52 0 77 42 0 77 44 0 14762 1208750 16912 994072 1137500 1130178
 4488.473811 21922 1500 1500 1500 1500 77 46 0 77 52 0 77 42 0 77 44 0 15006 1210000 18150 993524 1137500 1129041
 4488.673815 21923 1500 1500 1500 1500 77 46 0 77 52 0 77 42 0 77 44 0 15006 1208750 18120 996538 1137500 1132452
 4488.873814 21924 1500 1500 1500 1500 77 46 0 77 52 0 77 42 0 77 44 0 15006 1210000 18150 996538 1137500 1132452
 4489.073815 21925 1500 1500 1500 1500 77 46 0 77 52 0 77 42 0 77 44 0 15006 1210000 18150 996538 1137500 1132452
 4489.273815 21926 1500 1500 1500 1500 77 46 0 77 52 0 77 42 0 77 44 0 15006 1208750 18120 995442 1137500 1131315
 4489.473814 21927 1500 1500 1500 1500 77 46 0 77 52 0 77 42 0 77 44 0 15006 1208750 18120 996538 1137500 1132452
 4489.673814 21928 1500 1500 1500 1500 77 46 0 77 52 0 77 42 0 77 44 0 15006 1208750 18120 994620 1137500 1130178
 4489.873814 21929 1500 1500 1500 1500 77 46 0 77 52 0 77 42 0 77 44 0 15006 1208750 18120 994620 1137500 1130178
 4490.073814 21930 1500 1500 1500 1500 77 46 0 77 52 0 77 42 0 77 44 0 15250 1208750 18120 993524 1137500 1129041
 4490.273815 21931 1500 1500 1500 1500 77 46 0 77 52 0 77 42 0 77 44 0 15250 1208750 18120 994894 1137500 1130178
 4490.473814 21932 1500 1500 1500 1500 77 46 0 77 52 0 77 42 0 77 44 0 15006 1208750 18120 994072 1137500 1130178
 4490.673814 21933 1500 1500 1500 1500 77 46 0 77 52 0 77 42 0 77 44 0 15006 1208750 18120 994072 1137500 1130178
 4490.873812 21934 1500 1500 1500 1500 77 46 0 77 52 0 77 42 0 77 44 0 15250 1208750 18120 995442 1137500 1131315
 4491.073814 21935 1500 1500 1500 1500 77 46 0 77 52 0 77 42 0 77 44 0 15006 1210000 18150 996812 1137500 1132452
 4491.273814 21936 1500 1500 1500 1500 77 46 0 77 52 0 77 42 0 77 44 0 15006 1208750 18120 998730 1137500 1134726
 4491.473811 21937 1500 1500 1500 1500 77 46 0 77 52 0 77 42 0 77 44 0 15006 1208750 18120 998730 1137500 1134726
 4491.673814 21938 1500 1500 1500 1500 77 46 0 77 52 0 77 42 0 77 44 0 15250 1208750 18120 995716 1137500 1131315
 4491.873814 21939 1500 1500 1500 1500 77 46 0 77 52 0 77 42 0 77 44 0 15250 1208750 18120 995442 1137500 1131315
 4492.073814 21940 1500 1500 1500 1500 77 46 0 77 52 0 77 42 0 77 44 0 15006 1208750 18120 995168 1137500 1131315
 4492.273815 21941 1500 1500 1500 1500 77 46 0 77 52 0 77 42 0 77 44 0 15006 1208750 18120 995168 1137500 1131315
 4492.473814 21942 1500 1500 1500 1500 77 46 0 77 52 0 77 42 0 77 44 0 15250 1208750 18120 995442 1137500 1131315
 4492.673814 21943 1500 1500 1500 1500 77 46 0 77 52 0 77 42 0 77 44 0 15250 1208750 18120 999278 1137500 1135863
 4492.873815 21944 1500 1500 1500 1500 77 46 0 77 52 0 77 42 0 77 44 0 15250 1208750 18120 998730 1137500 1134726
 4493.073797 21945 1500 1500 1500 1500 77 46 0 77 52 0 77 42 0 77 44 0 15250 1208750 18120 998730 1137500 1134726
 4493.273811 21946 1500 1500 1500 1500 77 46 0 77 52 0 77 42 0 77 44 0 15250 1208750 18120 999278 1137500 1135863
 4493.473814 21947 1500 1500 1500 1500 77 46 0 77 52 0 77 42 0 77 44 0 15250 1210000 18150 997634 1137500 1133589
 4493.673814 21948 1500 1500 1500 1500 77 46 0 77 52 0 77 42 0 77 44 0 15006 1210000 18150 997086 1137500 1133589
 4493.873794 21949 1500 1500 1500 1500 77 46 0 77 52 0 77 42 0 77 44 0 15250 1210000 18150 997908 1137500 1133589
 4494.073815 21950 1500 1500 1500 1500 77 46 0 77 52 0 77 42 0 77 44 0 15250 1210000 18150 997908 1137500 1133589
 4494.273815 21951 1500 1500 1500 1500 77 46 0 77 52 0 77 42 0 77 44 0 15250 1208750 18120 998730 1137500 1134726
 4494.473814 21952 1500 1500 1500 1500 77 46 0 77 52 0 77 42 0 77 44 0 15250 1210000 18150 999278 1137500 1135863
 4494.673815 21953 1500 1500 1500 1500 77 46 0 77 52 0 77 42 0 77 44 0 15494 1210000 18150 1000374 1137500 1137000
 4494.873815 21954 1500 1500 1500 1500 77 46 0 77 52 0 77 42 0 77 44 0 15494 1210000 18150 1000374 1137500 1137000
 4495.073826 21955 1500 1500 1500 1500 77 46 0 77 52 0 77 42 0 77 44 0 15006 1210000 18150 998730 1137500 1134726
 4495.273814 21956 1500 1500 1500 1500 77 46 0 77 52 0 77 42 0 77 44 0 15494 1208750 18120 996538 1137500 1132452
 4495.473811 21957 1500 1500 1500 1500 77 46 0 77 52 0 77 42 0 77 44 0 15250 1210000 18150 995442 1137500 1131315
 4495.673811 21958 1500 1500 1500 1500 77 46 0 77 52 0 77 42 0 77 44 0 15250 1210000 18150 995442 1137500 1131315
 4495.873814 21959 1500 1500 1500 1500 77 46 0 77 52 0 77 42 0 77 44 0 15250 1208750 18120 995168 1137500 1131315
 4496.073815 21960 1500 1500 1500 1500 77 46 0 77 52 0 77 42 0 77 44 0 15250 1210000 18150 995168 1137500 1131315
 4496.273814 21961 1500 1500 1500 1500 77 46 0 77 52 0 77 42 0 77 44 0 15006 1210000 18150 997086 1137500 1133589
 4496.473813 21962 1500 1500 1500 1500 77 46 0 77 52 0 77 42 0 77 44 0 15006 1210000 18150 997086 1137500 1133589
 4496.673813 21963 1500 1500 1500 1500 77 46 0 77 52 0 77 42 0 77 44 0 15250 1210000 18150 997360 1137500 1133589
 4496.873814 21964 1500 1500 1500 1500 77 46 0 77 52 0 77 42 0 77 44 0 15250 1208750 18120 997360 1137500 1133589
 4497.073813 21965 1500 1500 1500 1500 77 46 0 77 52 0 77 42 0 77 44 0 15250 1208750 18120 997086 1137500 1133589
 4497.273813 21966 1500 1500 1500 1500 77 46 0 77 52 0 77 42 0 77 44 0 15250 1208750 18120 997086 1137500 1133589
 4497.473814 21967 1500 1500 1500 1500 77 46 0 77 52 0 77 42 0 77 44 0 15250 1208750 18120 996538 1137500 1132452
 4497.673814 21968 1500 1500 1500 1500 77 46 0 77 52 0 77 42 0 77 44 0 15250 1210000 18150 995442 1137500 1131315
 4497.873810 21969 1500 1500 1500 1500 77 46 0 77 52 0 77 42 0 77 44 0 15494 1208750 18120 996538 1137500 1132452
 4498.073814 21970 1500 1500 1500 1500 77 46 0 77 52 0 77 42 0 77 44 0 15494 1208750 18120 996538 1137500 1132452
 4498.273814 21971 1500 1500 1500 1500 77 46 0 77 52 0 77 42 0 77 44 0 15250 1208750 18120 999552 1137500 1135863
 4498.473814 21972 1500 1500 1500 1500 77 46 0 77 52 0 77 42 0 77 44 0 15250 1210000 18150 997908 1137500 1133589
 4498.673813 21973 1500 1500 1500 1500 77 46 0 77 52 0 77 42 0 77 44 0 15250 1208750 18120 999826 1137500 1135863
 4498.873814 21974 1500 1500 1500 1500 77 46 0 77 52 0 77 42 0 77 44 0 15250 1208750 18120 999826 1137500 1135863
 4499.073815 21975 1500 1500 1500 1500 78 46 0 78 52 0 78 42 0 78 44 0 15494 1210000 18150 1000374 1137500 1137000
 4499.273813 21976 1500 1500 1500 1500 78 46 0 78 52 0 78 42 0 78 44 0 15250 1210000 18150 997634 1137500 1133589
 4499.473813 21977 1500 1500 1500 1500 78 46 0 78 52 0 78 42 0 78 44 0 15006 1210000 18150 999278 1137500 1135863
 4499.673795 21978 1500 1500 1500 1500 78 46 0 78 52 0 78 42 0 78 44 0 15006 1210000 18150 999278 1137500 1135863
 4499.873814 21979 1500 1500 1500 1500 78 46 0 78 52 0 78 42 0 78 44 0 15250 1210000 18150 998456 1137500 1134726
 4500.073814 21980 1500 1500 1500 1500 78 46 0 78 52 0 78 42 0 78 44 0 15006 1210000 18150 1001744 1137500 1138137
 4500.273813 21981 1500 1500 1500 1500 78 46 0 78 52 0 78 42 0 78 44 0 15250 1210000 18150 999552 1137500 1135863
 4500.473813 21982 1500 1500 1500 1500 78 46 0 78 52 0 78 42 0 78 44 0 15006 1208750 18120 999552 1137500 1135863
 4500.673815 21983 1500 1500 1500 1500 78 46 0 78 52 0 78 42 0 78 44 0 15006 1208750 18120 999552 1137500 1135863
 4500.873813 21984 1500 1500 1500 1500 78 46 0 78 52 0 78 42 0 78 44 0 15250 1210000 18150 999826 1137500 1135863
 4501.073813 21985 1500 1500 1500 1500 78 46 0 78 52 0 78 42 0 78 44 0 15250 1210000 18150 998182 1137500 1134726
 4501.273810 21986 1500 1500 1500 1500 78 46 0 78 52 0 78 42 0 78 44 0 15494 1210000 18150 998182 1137500 1134726
 4501.473810 21987 1500 1500 1500 1500 78 46 0 78 52 0 78 42 0 78 44 0 15494 1210000 18150 998182 1137500 1134726
 4501.673814 21988 1500 1500 1500 1500 78 46 0 78 52 0 78 42 0 78 44 0 15250 1210000 18150 997634 1137500 1133589
 4501.873769 21989 1500 1500 1500 1500 78 46 0 78 52 0 78 42 0 78 44 0 15250 1210000 18150 998730 1137500 1134726
 4502.073771 21990 1500 1500 1500 1500 78 46 0 78 52 0 78 42 0 78 44 0 15250 1210000 18150 999004 1137500 1135863
 4502.273770 21991 1500 1500 1500 1500 78 46 0 78 52 0 78 42 0 78 44 0 15250 1210000 18150 999004 1137500 1135863
 4502.473770 21992 1500 1500 1500 1500 78 46 0 78 52 0 78 42 0 78 44 0 15494 1210000 18150 999004 1137500 1135863
 4502.673771 21993 1500 1500 1500 1500 78 46 0 78 52 0 78 42 0 78 44 0 15250 1210000 18150 999552 1137500 1135863
 4502.873770 21994 1500 1500 1500 1500 78 46 0 78 52 0 78 42 0 78 44 0 15250 1210000 18150 997360 1137500 1133589
 4503.073770 21995 1500 1500 1500 1500 78 46 0 78 52 0 78 42 0 78 44 0 15250 1210000 18150 997360 1137500 1133589
 4503.273770 21996 1500 1500 1500 1500 78 46 0 78 52 0 78 42 0 78 44 0 15494 1210000 18150 1001196 1137500 1138137
 4503.473819 21997 1500 1500 1500 1500 78 46 0 78 52 0 78 42 0 78 44 0 15006 1210000 18150 998456 1137500 1134726
 4503.673795 21998 1500 1500 1500 1500 78 46 0 78 52 0 78 42 0 78 44 0 15250 1210000 18150 998182 1137500 1134726
 4503.873797 21999 1500 1500 1500 1500 78 46 0 78 52 0 78 42 0 78 44 0 15250 1210000 18150 998182 1137500 1134726
 4504.073796 22000 1500 1500 1500 1500 78 46 0 78 52 0 78 42 0 78 44 0 15250 1210000 18150 999826 1137500 1135863
 4504.273797 22001 1500 1500 1500 1500 78 46 0 78 52 0 78 42 0 78 44 0 15250 1210000 18150 1000922 1137500 1137000
 4504.473798 22002 1500 1500 1500 1500 78 46 0 78 52 0 78 42 0 78 44 0 15494 1210000 18150 1000374 1137500 1137000
 4504.673797 22003 1500 1500 1500 1500 78 46 0 78 52 0 78 42 0 78 44 0 15494 1210000 18150 1000374 1137500 1137000
 4504.873794 22004 1500 1500 1500 1500 78 46 0 78 52 0 78 42 0 78 44 0 15250 1208750 18120 999552 1137500 1135863
 4505.073797 22005 1500 1500 1500 1500 78 46 0 78 52 0 78 42 0 78 44 0 15006 1208750 18120 1023116 1137500 1163151
 4505.273797 22006 1500 1500 1500 1500 78 46 0 78 52 0 78 42 0 78 44 0 15250 1210000 18150 997360 1137500 1133589
 4505.473797 22007 1500 1500 1500 1500 78 46 0 78 52 0 78 42 0 78 44 0 15250 1210000 18150 997360 1137500 1133589
 4505.673797 22008 1500 1500 1500 1500 78 46 0 78 52 0 78 42 0 78 44 0 15250 1210000 18150 996264 1137500 1132452
 4505.873809 22009 1500 1500 1500 1500 78 46 0 78 52 0 78 42 0 78 44 0 15494 1210000 18150 1001196 1137500 1138137
 4506.073795 22010 1500 1500 1500 1500 78 46 0 78 52 0 78 42 0 78 44 0 15494 1210000 18150 999278 1137500 1135863
 4506.273747 22011 1500 1500 1500 1500 78 46 0 78 52 0 78 42 0 78 44 0 15494 1210000 18150 999278 1137500 1135863
 4506.473797 22012 1500 1500 1500 1500 78 46 0 78 52 0 78 42 0 78 44 0 15494 1210000 18150 999278 1137500 1135863
 4506.673796 22013 1500 1500 1500 1500 78 46 0 78 52 0 78 42 0 78 44 0 15250 1208750 18120 997360 1137500 1133589
 4506.873796 22014 1500 1500 1500 1500 78 46 0 78 52 0 78 42 0 78 44 0 15006 1210000 18150 997634 1137500 1133589
 4507.073796 22015 1500 1500 1500 1500 78 46 0 78 52 0 78 42 0 78 44 0 15250 1210000 18150 997908 1137500 1133589
 4507.273797 22016 1500 1500 1500 1500 78 46 0 78 52 0 78 42 0 78 44 0 15250 1210000 18150 997908 1137500 1133589
 4507.473797 22017 1500 1500 1500 1500 78 46 0 78 52 0 78 42 0 78 44 0 15250 1210000 18150 997908 1137500 1133589
 4507.673797 22018 1500 1500 1500 1500 78 46 0 78 52 0 78 42 0 78 44 0 15494 1210000 18150 1000374 1137500 1137000
 4507.873797 22019 1500 1500 1500 1500 78 46 0 78 52 0 78 42 0 78 44 0 15250 1210000 18150 999004 1137500 1135863
 4508.073797 22020 1500 1500 1500 1500 78 46 0 78 52 0 78 42 0 78 44 0 15250 1210000 18150 999004 1137500 1135863
 4508.273797 22021 1500 1500 1500 1500 78 46 0 78 52 0 78 42 0 78 44 0 15250 1210000 18150 1000922 1137500 1137000
 4508.473794 22022 1500 1500 1500 1500 78 46 0 78 52 0 78 42 0 78 44 0 15250 1210000 18150 999278 1137500 1135863
 4508.673797 22023 1500 1500 1500 1500 78 46 0 78 52 0 78 42 0 78 44 0 15250 1210000 18150 999278 1137500 1135863
 4508.873797 22024 1500 1500 1500 1500 78 46 0 78 52 0 78 42 0 78 44 0 15250 1210000 18150 999278 1137500 1135863
 4509.073796 22025 1500 1500 1500 1500 78 46 0 78 52 0 78 42 0 78 44 0 15006 1210000 18150 1000922 1137500 1137000
 4509.273797 22026 1500 1500 1500 1500 78 46 0 78 52 0 78 42 0 78 44 0 15250 1210000 18150 999552 1137500 1135863
 4509.473797 22027 1500 1500 1500 1500 78 46 0 78 52 0 78 42 0 78 44 0 15250 1210000 18150 1000374 1137500 1137000
 4509.673797 22028 1500 1500 1500 1500 78 46 0 78 52 0 78 42 0 78 44 0 15250 1210000 18150 1000374 1137500 1137000
 4509.873797 22029 1500 1500 1500 1500 78 46 0 78 52 0 78 42 0 78 44 0 15006 1210000 18150 1000100 1137500 1137000
 4510.073797 22030 1500 1500 1500 1500 78 46 0 78 52 0 78 42 0 78 44 0 15250 1210000 18150 1001470 1137500 1138137
 4510.273799 22031 1500 1500 1500 1500 78 46 0 78 52 0 78 42 0 78 44 0 15494 1208750 18120 999552 1137500 1135863
 4510.473797 22032 1500 1500 1500 1500 78 46 0 78 52 0 78 42 0 78 44 0 15494 1208750 18120 999552 1137500 1135863
 4510.673796 22033 1500 1500 1500 1500 78 46 0 78 52 0 78 42 0 78 44 0 15250 1210000 18150 998730 1137500 1134726
 4510.873793 22034 1500 1500 1500 1500 78 46 0 78 52 0 78 42 0 78 44 0 15494 1210000 18150 999552 1137500 1135863
 4511.073797 22035 1500 1500 1500 1500 78 46 0 78 52 0 78 42 0 78 44 0 15250 1210000 18150 998730 1137500 1134726
 4511.273797 22036 1500 1500 1500 1500 78 46 0 78 52 0 78 42 0 78 44 0 15250 1210000 18150 998730 1137500 1134726
 4511.473798 22037 1500 1500 1500 1500 78 46 0 78 52 0 78 42 0 78 44 0 15006 1210000 18150 999552 1137500 1135863
 4511.673797 22038 1500 1500 1500 1500 78 46 0 78 52 0 78 42 0 78 44 0 15250 1210000 18150 1001196 1137500 1138137
 4511.873814 22039 1500 1500 1500 1500 78 46 0 78 52 0 78 42 0 78 44 0 15250 1210000 18150 1000100 1137500 1137000
 4512.073799 22040 1500 1500 1500 1500 78 46 0 78 52 0 78 42 0 78 44 0 15250 1210000 18150 1000100 1137500 1137000
 4512.273814 22041 1500 1500 1500 1500 78 46 0 78 52 0 78 42 0 78 44 0 15494 1210000 18150 1001470 1137500 1138137
 4512.473815 22042 1500 1500 1500 1500 78 46 0 78 52 0 78 42 0 78 44 0 15250 1210000 18150 1000374 1137500 1137000
 4512.673814 22043 1500 1500 1500 1500 78 46 0 78 52 0 78 42 0 78 44 0 15250 1208750 18120 999826 1137500 1135863
 4512.873793 22044 1500 1500 1500 1500 78 46 0 78 52 0 78 42 0 78 44 0 15494 1210000 18150 997908 1137500 1133589
 4513.073815 22045 1500 1500 1500 1500 78 46 0 78 52 0 78 42 0 78 44 0 15494 1210000 18150 997908 1137500 1133589
 4513.273812 22046 1500 1500 1500 1500 78 46 0 78 52 0 78 42 0 78 44 0 15250 1210000 18150 1002018 1137500 1139274
 4513.473816 22047 1500 1500 1500 1500 78 46 0 78 52 0 78 42 0 78 44 0 15250 1210000 18150 1001744 1137500 1138137
 4513.673815 22048 1500 1500 1500 1500 78 46 0 78 52 0 78 42 0 78 44 0 15250 1210000 18150 1002292 1137500 1139274
 4513.873815 22049 1500 1500 1500 1500 78 46 0 78 52 0 78 42 0 78 44 0 15250 1210000 18150 1002292 1137500 1139274
 4514.073844 22050 1500 1500 1500 1500 78 46 0 78 52 0 78 42 0 78 44 0 15494 1210000 18150 1003662 1137500 1140411
 4514.273843 22051 1500 1500 1500 1500 78 46 0 78 52 0 78 42 0 78 44 0 15494 1210000 18150 362502 1133750 410146
 4514.473842 22052 1500 1500 1500 1500 78 46 0 78 52 0 78 42 0 78 44 0 15250 1210000 18150 84118 1132500 95088
 4514.673842 22053 1500 1500 1500 1500 78 46 0 78 52 0 78 42 0 78 44 0 15250 1210000 18150 84118 1132500 95088
