 8827.514942 41992 800 800 800 800 72 46 0 72 52 0 72 42 0 72 44 0 14518 1210000 16940 33702 907500 29931
 8827.714939 41993 800 800 800 800 72 46 0 72 52 0 72 42 0 72 44 0 14762 1210000 16940 36990 907500 32652
 8827.914996 41994 800 800 800 800 72 46 0 72 52 0 72 42 0 72 44 0 14518 1210000 16940 35620 907500 31745
 8828.114963 41995 800 800 800 800 72 46 0 72 52 0 72 42 0 72 44 0 14274 1210000 16940 164674 908750 148912
 8828.314939 41996 800 800 800 800 72 46 0 72 52 0 72 42 0 72 44 0 14274 1210000 16940 164674 908750 148912
 8828.514941 41997 800 800 800 800 72 46 0 72 52 0 72 42 0 72 44 0 14274 1210000 16940 43292 907500 39001
 8828.714958 41998 800 800 800 800 72 46 0 72 52 0 72 42 0 72 44 0 14274 1210000 16940 35072 907500 31745
 8828.914985 41999 800 800 800 800 72 46 0 72 52 0 72 42 0 72 44 0 14274 1210000 16940 160564 907500 145120
 8829.114965 42000 800 800 800 800 75 46 0 75 52 0 75 42 0 75 44 0 14274 1210000 16940 160564 907500 145120
 8829.314970 42001 800 800 800 800 75 46 0 75 52 0 75 42 0 75 44 0 14518 1210000 16940 521970 908750 473068
 8829.515036 42002 800 800 800 800 75 46 0 75 52 0 75 42 0 75 44 0 14274 1210000 16940 504708 907500 457128
 8829.715002 42003 800 800 800 800 75 46 0 75 52 0 75 42 0 75 44 0 14274 1210000 16940 489638 907500 443523
 8829.914928 42004 800 800 800 800 74 46 0 74 52 0 74 42 0 74 44 0 14518 1210000 16940 484706 907500 438988
 8830.114969 42005 800 800 800 800 73 46 0 73 52 0 73 42 0 73 44 0 14518 1210000 16940 484706 907500 438988
 8830.314940 42006 800 800 800 800 73 46 0 73 52 0 73 42 0 73 44 0 14518 1210000 16940 417028 907500 378219
 8830.514945 42007 800 800 800 800 73 46 0 73 52 0 73 42 0 73 44 0 14518 1210000 16940 410178 907500 371870
 8830.714947 42008 800 800 800 800 73 46 0 73 52 0 73 42 0 73 44 0 14518 1210000 16940 409904 907500 370963
 8830.914947 42009 800 800 800 800 73 46 0 73 52 0 73 42 0 73 44 0 14518 1210000 16940 409904 907500 370963
 8831.114963 42010 800 800 800 800 73 46 0 73 52 0 73 42 0 73 44 0 14518 1210000 16940 410178 907500 371870
 8831.314946 42011 800 800 800 800 73 46 0 73 52 0 73 42 0 73 44 0 14518 1210000 16940 414562 907500 375498
 8831.514947 42012 800 800 800 800 73 46 0 73 52 0 73 42 0 73 44 0 14518 1210000 16940 409630 907500 370963
 8831.714946 42013 800 800 800 800 73 46 0 73 52 0 73 42 0 73 44 0 14518 1210000 16940 409630 907500 370963
 8831.914946 42014 800 800 800 800 73 46 0 73 52 0 73 42 0 73 44 0 14518 1210000 16940 409630 907500 370963
 8832.114962 42015 800 800 800 800 73 46 0 73 52 0 73 42 0 73 44 0 14518 1210000 16940 408534 907500 370056
 8832.314946 42016 800 800 800 800 73 46 0 73 52 0 73 42 0 73 44 0 14518 1210000 16940 408808 907500 370056
 8832.514945 42017 800 800 800 800 73 46 0 73 52 0 73 42 0 73 44 0 14518 1210000 16940 408808 907500 370056
 8832.714939 42018 800 800 800 800 73 46 0 73 52 0 73 42 0 73 44 0 14762 1210000 16940 408534 907500 370056
 8832.914948 42019 800 800 800 800 73 46 0 73 52 0 73 42 0 73 44 0 14518 1210000 16940 408534 907500 370056
 8833.114963 42020 800 800 800 800 73 46 0 73 52 0 73 42 0 73 44 0 14518 1210000 16940 408808 907500 370056
 8833.314946 42021 800 800 800 800 73 46 0 73 52 0 73 42 0 73 44 0 14518 1210000 16940 408808 907500 370056
 8833.514946 42022 800 800 800 800 73 46 0 73 52 0 73 42 0 73 44 0 14274 1210000 16940 408534 907500 370056
 8833.714946 42023 800 800 800 800 73 46 0 73 52 0 73 42 0 73 44 0 14518 1210000 16940 408534 907500 370056
 8833.914947 42024 800 800 800 800 73 46 0 73 52 0 73 42 0 73 44 0 14274 1210000 16940 409356 907500 370963
 8834.114962 42025 800 800 800 800 73 46 0 73 52 0 73 42 0 73 44 0 14274 1210000 16940 409356 907500 370963
 8834.314945 42026 800 800 800 800 73 46 0 73 52 0 73 42 0 73 44 0 14518 1210000 16940 409356 907500 370963
 8834.515001 42027 800 800 800 800 73 46 0 73 52 0 73 42 0 73 44 0 14518 1210000 16940 409356 907500 370963
 8834.714946 42028 800 800 800 800 73 46 0 73 52 0 73 42 0 73 44 0 14518 1210000 16940 424974 907500 384568
 8834.914945 42029 800 800 800 800 73 46 0 73 52 0 73 42 0 73 44 0 14518 1210000 16940 424974 907500 384568
 8835.114956 42030 800 800 800 800 73 46 0 73 52 0 73 42 0 73 44 0 14518 1210000 16940 410452 907500 371870
 8835.314946 42031 800 800 800 800 73 46 0 73 52 0 73 42 0 73 44 0 14518 1210000 16940 411000 907500 372777
 8835.514946 42032 800 800 800 800 73 46 0 73 52 0 73 42 0 73 44 0 14518 1210000 16940 410452 907500 371870
 8835.714928 42033 800 800 800 800 73 46 0 73 52 0 73 42 0 73 44 0 14518 1210000 16940 410452 907500 371870
 8835.914940 42034 800 800 800 800 73 46 0 73 52 0 73 42 0 73 44 0 14518 1210000 16940 411000 907500 372777
 8836.114965 42035 800 800 800 800 73 46 0 73 52 0 73 42 0 73 44 0 14518 1210000 16940 411000 907500 372777
 8836.314946 42036 800 800 800 800 73 46 0 73 52 0 73 42 0 73 44 0 14518 1210000 16940 411000 907500 372777
 8836.514947 42037 800 800 800 800 73 46 0 73 52 0 73 42 0 73 44 0 14518 1210000 16940 410726 907500 371870
 8836.714946 42038 800 800 800 800 73 46 0 73 52 0 73 42 0 73 44 0 14518 1210000 16940 410726 907500 371870
 8836.914945 42039 800 800 800 800 73 46 0 73 52 0 73 42 0 73 44 0 14518 1210000 16940 411000 907500 372777
 8837.114963 42040 800 800 800 800 73 46 0 73 52 0 73 42 0 73 44 0 14518 1210000 16940 411000 907500 372777
 8837.314938 42041 800 800 800 800 73 46 0 73 52 0 73 42 0 73 44 0 14518 1210000 16940 411274 907500 372777
 8837.514946 42042 800 800 800 800 73 46 0 73 52 0 73 42 0 73 44 0 14518 1210000 16940 411274 907500 372777
 8837.714946 42043 800 800 800 800 73 46 0 73 52 0 73 42 0 73 44 0 14518 1210000 16940 411000 907500 372777
 8837.914946 42044 800 800 800 800 73 46 0 73 52 0 73 42 0 73 44 0 14274 1210000 16940 410726 907500 371870
 8838.114962 42045 800 800 800 800 73 46 0 73 52 0 73 42 0 73 44 0 14518 1210000 16940 411000 907500 372777
 8838.314947 42046 800 800 800 800 73 46 0 73 52 0 73 42 0 73 44 0 14518 1210000 16940 411000 907500 372777
 8838.514945 42047 800 800 800 800 73 46 0 73 52 0 73 42 0 73 44 0 14518 1210000 16940 410452 907500 371870
 8838.714946 42048 800 800 800 800 73 46 0 73 52 0 73 42 0 73 44 0 14518 1210000 16940 411548 907500 372777
 8838.914949 42049 800 800 800 800 73 46 0 73 52 0 73 42 0 73 44 0 14518 1210000 16940 412096 907500 373684
 8839.114962 42050 800 800 800 800 74 46 0 74 52 0 74 42 0 74 44 0 14518 1210000 16940 412096 907500 373684
 8839.314946 42051 800 800 800 800 74 46 0 74 52 0 74 42 0 74 44 0 14518 1210000 16940 411548 907500 372777
 8839.514996 42052 800 800 800 800 74 46 0 74 52 0 74 42 0 74 44 0 14518 1210000 16940 412370 907500 373684
 8839.714939 42053 800 800 800 800 74 46 0 74 52 0 74 42 0 74 44 0 14518 1210000 16940 411548 907500 372777
 8839.914945 42054 800 800 800 800 74 46 0 74 52 0 74 42 0 74 44 0 14518 1210000 16940 411548 907500 372777
 8840.114962 42055 800 800 800 800 74 46 0 74 52 0 74 42 0 74 44 0 14518 1210000 16940 411000 907500 372777
 8840.314947 42056 800 800 800 800 74 46 0 74 52 0 74 42 0 74 44 0 14274 1210000 16940 412370 907500 373684
 8840.514944 42057 800 800 800 800 74 46 0 74 52 0 74 42 0 74 44 0 14518 1210000 16940 411274 907500 372777
 8840.714945 42058 800 800 800 800 74 46 0 74 52 0 74 42 0 74 44 0 14518 1210000 16940 411274 907500 372777
 8840.914945 42059 800 800 800 800 74 46 0 74 52 0 74 42 0 74 44 0 14518 1210000 16940 411548 907500 372777
 8841.114963 42060 800 800 800 800 73 46 0 73 52 0 73 42 0 73 44 0 14518 1210000 16940 410452 907500 371870
 8841.314946 42061 800 800 800 800 73 46 0 73 52 0 73 42 0 73 44 0 14518 1210000 16940 410178 907500 371870
 8841.514948 42062 800 800 800 800 73 46 0 73 52 0 73 42 0 73 44 0 14518 1210000 16940 410178 907500 371870
 8841.714945 42063 800 800 800 800 73 46 0 73 52 0 73 42 0 73 44 0 14518 1210000 16940 409356 907500 370963
 8841.914950 42064 800 800 800 800 73 46 0 73 52 0 73 42 0 73 44 0 14518 1210000 16940 409356 907500 370963
 8842.114941 42065 800 800 800 800 73 46 0 73 52 0 73 42 0 73 44 0 14518 1210000 16940 409082 907500 370963
 8842.314868 42066 800 800 800 800 73 46 0 73 52 0 73 42 0 73 44 0 14518 1210000 16940 408534 907500 370056
 8842.514946 42067 800 800 800 800 73 46 0 73 52 0 73 42 0 73 44 0 14518 1210000 16940 408534 907500 370056
 8842.714946 42068 800 800 800 800 73 46 0 73 52 0 73 42 0 73 44 0 14274 1210000 16940 409630 907500 370963
 8842.914946 42069 800 800 800 800 73 46 0 73 52 0 73 42 0 73 44 0 14762 1210000 16940 409630 907500 370963
 8843.114963 42070 800 800 800 800 73 46 0 73 52 0 73 42 0 73 44 0 14518 1210000 16940 409904 907500 370963
 8843.314948 42071 800 800 800 800 73 46 0 73 52 0 73 42 0 73 44 0 14518 1210000 16940 409904 907500 370963
 8843.514946 42072 800 800 800 800 73 46 0 73 52 0 73 42 0 73 44 0 14518 1210000 16940 409630 907500 370963
 8843.714946 42073 800 800 800 800 73 46 0 73 52 0 73 42 0 73 44 0 14274 1210000 16940 409630 907500 370963
 8843.914946 42074 800 800 800 800 73 46 0 73 52 0 73 42 0 73 44 0 14274 1210000 16940 409904 907500 370963
 8844.114963 42075 800 800 800 800 73 46 0 73 52 0 73 42 0 73 44 0 14274 1210000 16940 409904 907500 370963
 8844.314947 42076 800 800 800 800 73 46 0 73 52 0 73 42 0 73 44 0 14518 1210000 16940 409904 907500 370963
 8844.514992 42077 800 800 800 800 73 46 0 73 52 0 73 42 0 73 44 0 14518 1210000 16940 410726 907500 371870
 8844.714947 42078 800 800 800 800 73 46 0 73 52 0 73 42 0 73 44 0 14762 1210000 16940 410178 907500 371870
 8844.914947 42079 800 800 800 800 73 46 0 73 52 0 73 42 0 73 44 0 14762 1210000 16940 410178 907500 371870
 8845.114964 42080 800 800 800 800 73 46 0 73 52 0 73 42 0 73 44 0 14518 1210000 16940 411000 907500 372777
 8845.314946 42081 800 800 800 800 73 46 0 73 52 0 73 42 0 73 44 0 14518 1210000 16940 411000 907500 372777
 8845.514947 42082 800 800 800 800 73 46 0 73 52 0 73 42 0 73 44 0 14518 1210000 16940 408534 907500 370056
 8845.714946 42083 800 800 800 800 73 46 0 73 52 0 73 42 0 73 44 0 14518 1210000 16940 408534 907500 370056
 8845.914939 42084 800 800 800 800 73 46 0 73 52 0 73 42 0 73 44 0 14518 1210000 16940 409904 907500 370963
 8846.114963 42085 800 800 800 800 73 46 0 73 52 0 73 42 0 73 44 0 14518 1210000 16940 409082 907500 370963
 8846.314946 42086 800 800 800 800 73 46 0 73 52 0 73 42 0 73 44 0 14518 1210000 16940 409904 907500 370963
 8846.514947 42087 800 800 800 800 73 46 0 73 52 0 73 42 0 73 44 0 14518 1210000 16940 409904 907500 370963
 8846.714946 42088 800 800 800 800 73 46 0 73 52 0 73 42 0 73 44 0 14518 1210000 16940 410178 907500 371870
 8846.914939 42089 800 800 800 800 73 46 0 73 52 0 73 42 0 73 44 0 14518 1210000 16940 410178 907500 371870
 8847.114962 42090 800 800 800 800 73 46 0 73 52 0 73 42 0 73 44 0 14518 1210000 16940 410178 907500 371870
 8847.314945 42091 800 800 800 800 73 46 0 73 52 0 73 42 0 73 44 0 14518 1210000 16940 410178 907500 371870
 8847.514947 42092 800 800 800 800 73 46 0 73 52 0 73 42 0 73 44 0 14518 1210000 16940 410178 907500 371870
 8847.714946 42093 800 800 800 800 73 46 0 73 52 0 73 42 0 73 44 0 14518 1210000 16940 409356 907500 370963
 8847.914948 42094 800 800 800 800 73 46 0 73 52 0 73 42 0 73 44 0 14762 1210000 16940 409904 907500 370963
 8848.114944 42095 800 800 800 800 73 46 0 73 52 0 73 42 0 73 44 0 14762 1210000 16940 409904 907500 370963
 8848.314940 42096 800 800 800 800 73 46 0 73 52 0 73 42 0 73 44 0 14274 1210000 16940 410452 907500 371870
 8848.514946 42097 800 800 800 800 73 46 0 73 52 0 73 42 0 73 44 0 14518 1210000 16940 411822 907500 372777
 8848.714945 42098 800 800 800 800 73 46 0 73 52 0 73 42 0 73 44 0 14518 1210000 16940 411548 907500 372777
 8848.914920 42099 800 800 800 800 73 46 0 73 52 0 73 42 0 73 44 0 14518 1210000 16940 411822 907500 372777
 8849.114962 42100 800 800 800 800 73 46 0 73 52 0 73 42 0 73 44 0 14518 1210000 16940 411822 907500 372777
 8849.314946 42101 800 800 800 800 73 46 0 73 52 0 73 42 0 73 44 0 14518 1210000 16940 411822 907500 372777
 8849.515001 42102 800 800 800 800 73 46 0 73 52 0 73 42 0 73 44 0 14518 1210000 16940 411274 907500 372777
 8849.714947 42103 800 800 800 800 73 46 0 73 52 0 73 42 0 73 44 0 14518 1210000 16940 411000 907500 372777
 8849.914945 42104 800 800 800 800 73 46 0 73 52 0 73 42 0 73 44 0 14518 1210000 16940 411000 907500 372777
 8850.114962 42105 800 800 800 800 73 46 0 73 52 0 73 42 0 73 44 0 14518 1210000 16940 415658 907500 376405
 8850.314947 42106 800 800 800 800 73 46 0 73 52 0 73 42 0 73 44 0 14518 1208750 16912 412370 907500 373684
 8850.514938 42107 800 800 800 800 73 46 0 73 52 0 73 42 0 73 44 0 14274 1210000 16940 411822 907500 372777
 8850.714946 42108 800 800 800 800 73 46 0 73 52 0 73 42 0 73 44 0 14274 1210000 16940 411822 907500 372777
 8850.914949 42109 800 800 800 800 73 46 0 73 52 0 73 42 0 73 44 0 14518 1210000 16940 412370 907500 373684
 8851.114963 42110 800 800 800 800 73 46 0 73 52 0 73 42 0 73 44 0 14518 1210000 16940 409904 907500 370963
 8851.314945 42111 800 800 800 800 73 46 0 73 52 0 73 42 0 73 44 0 14518 1210000 16940 409904 907500 370963
 8851.514945 42112 800 800 800 800 73 46 0 73 52 0 73 42 0 73 44 0 14518 1210000 16940 409904 907500 370963
 8851.714946 42113 800 800 800 800 73 46 0 73 52 0 73 42 0 73 44 0 14518 1210000 16940 409630 907500 370963
 8851.914946 42114 800 800 800 800 73 46 0 73 52 0 73 42 0 73 44 0 14762 1210000 16940 409630 907500 370963
 8852.114963 42115 800 800 800 800 73 46 0 73 52 0 73 42 0 73 44 0 14518 1210000 16940 410726 907500 371870
 8852.314948 42116 800 800 800 800 73 46 0 73 52 0 73 42 0 73 44 0 14518 1210000 16940 410726 907500 371870
 8852.514946 42117 800 800 800 800 73 46 0 73 52 0 73 42 0 73 44 0 14518 1208750 16912 411000 907500 372777
 8852.714946 42118 800 800 800 800 73 46 0 73 52 0 73 42 0 73 44 0 14518 1210000 16940 409356 907500 370963
 8852.914939 42119 800 800 800 800 73 46 0 73 52 0 73 42 0 73 44 0 14518 1208750 16912 408534 907500 370056
 8853.114963 42120 800 800 800 800 73 46 0 73 52 0 73 42 0 73 44 0 14518 1208750 16912 408534 907500 370056
 8853.314946 42121 800 800 800 800 73 46 0 73 52 0 73 42 0 73 44 0 14274 1210000 16940 408808 907500 370056
 8853.514947 42122 800 800 800 800 73 46 0 73 52 0 73 42 0 73 44 0 14274 1210000 16940 408808 907500 370056
 8853.714946 42123 800 800 800 800 73 46 0 73 52 0 73 42 0 73 44 0 14274 1210000 16940 409356 907500 370963
 8853.914949 42124 800 800 800 800 73 46 0 73 52 0 73 42 0 73 44 0 14274 1210000 16940 409356 907500 370963
 8854.114964 42125 800 800 800 800 73 46 0 73 52 0 73 42 0 73 44 0 14518 1210000 16940 410452 907500 371870
 8854.314945 42126 800 800 800 800 73 46 0 73 52 0 73 42 0 73 44 0 14518 1210000 16940 410452 907500 371870
 8854.514993 42127 800 800 800 800 73 46 0 73 52 0 73 42 0 73 44 0 14518 1210000 16940 410452 907500 371870
 8854.714931 42128 800 800 800 800 73 46 0 73 52 0 73 42 0 73 44 0 14518 1210000 16940 410452 907500 371870
 8854.914946 42129 800 800 800 800 73 46 0 73 52 0 73 42 0 73 44 0 14518 1210000 16940 409630 907500 370963
 8855.114962 42130 800 800 800 800 73 46 0 73 52 0 73 42 0 73 44 0 14518 1210000 16940 409082 907500 370963
 8855.314938 42131 800 800 800 800 73 46 0 73 52 0 73 42 0 73 44 0 14762 1210000 16940 410178 907500 371870
 8855.514946 42132 800 800 800 800 73 46 0 73 52 0 73 42 0 73 44 0 14518 1210000 16940 409630 907500 370963
 8855.714946 42133 800 800 800 800 73 46 0 73 52 0 73 42 0 73 44 0 14518 1210000 16940 409630 907500 370963
 8855.914946 42134 800 800 800 800 73 46 0 73 52 0 73 42 0 73 44 0 14274 1210000 16940 411000 907500 372777
 8856.114961 42135 800 800 800 800 73 46 0 73 52 0 73 42 0 73 44 0 14762 1210000 16940 411000 907500 372777
 8856.314945 42136 800 800 800 800 73 46 0 73 52 0 73 42 0 73 44 0 14518 1210000 16940 411000 907500 372777
 8856.514946 42137 800 800 800 800 73 46 0 73 52 0 73 42 0 73 44 0 14518 1210000 16940 411000 907500 372777
 8856.714945 42138 800 800 800 800 73 46 0 73 52 0 73 42 0 73 44 0 14518 1210000 16940 409904 907500 370963
 8856.914948 42139 800 800 800 800 73 46 0 73 52 0 73 42 0 73 44 0 14518 1210000 16940 408808 907500 370056
 8857.114961 42140 800 800 800 800 73 46 0 73 52 0 73 42 0 73 44 0 14518 1210000 16940 409630 907500 370963
 8857.314946 42141 800 800 800 800 73 46 0 73 52 0 73 42 0 73 44 0 14518 1210000 16940 409630 907500 370963
 8857.514946 42142 800 800 800 800 73 46 0 73 52 0 73 42 0 73 44 0 14518 1210000 16940 410452 907500 371870
 8857.714940 42143 800 800 800 800 73 46 0 73 52 0 73 42 0 73 44 0 14274 1210000 16940 411000 907500 372777
 8857.914946 42144 800 800 800 800 73 46 0 73 52 0 73 42 0 73 44 0 14518 1210000 16940 411000 907500 372777
 8858.114963 42145 800 800 800 800 73 46 0 73 52 0 73 42 0 73 44 0 14518 1210000 16940 411000 907500 372777
 8858.314945 42146 800 800 800 800 73 46 0 73 52 0 73 42 0 73 44 0 14518 1210000 16940 411000 907500 372777
 8858.514945 42147 800 800 800 800 73 46 0 73 52 0 73 42 0 73 44 0 14518 1210000 16940 411548 907500 372777
 8858.714952 42148 800 800 800 800 73 46 0 73 52 0 73 42 0 73 44 0 14518 1210000 16940 410452 907500 371870
 8858.914945 42149 800 800 800 800 73 46 0 73 52 0 73 42 0 73 44 0 14518 1210000 16940 410452 907500 371870
 8859.114965 42150 800 800 800 800 73 46 0 73 52 0 73 42 0 73 44 0 14518 1210000 16940 410726 907500 371870
 8859.314948 42151 800 800 800 800 73 46 0 73 52 0 73 42 0 73 44 0 14518 1210000 16940 411548 907500 372777
 8859.514987 42152 800 800 800 800 73 46 0 73 52 0 73 42 0 73 44 0 14518 1210000 16940 410726 907500 371870
 8859.714946 42153 800 800 800 800 73 46 0 73 52 0 73 42 0 73 44 0 14518 1210000 16940 410726 907500 371870
 8859.914947 42154 800 800 800 800 73 46 0 73 52 0 73 42 0 73 44 0 14274 1210000 16940 416480 907500 377312
 8860.114941 42155 800 800 800 800 73 46 0 73 52 0 73 42 0 73 44 0 14518 1210000 16940 411822 907500 372777
 8860.314945 42156 800 800 800 800 73 46 0 73 52 0 73 42 0 73 44 0 14518 1210000 16940 411000 907500 372777
 8860.514945 42157 800 800 800 800 73 46 0 73 52 0 73 42 0 73 44 0 14518 1210000 16940 411000 907500 372777
 8860.714946 42158 800 800 800 800 73 46 0 73 52 0 73 42 0 73 44 0 14518 1210000 16940 409082 907500 370963
 8860.914945 42159 800 800 800 800 73 46 0 73 52 0 73 42 0 73 44 0 14518 1210000 16940 408534 907500 370056
 8861.114963 42160 800 800 800 800 73 46 0 73 52 0 73 42 0 73 44 0 14518 1210000 16940 408808 907500 370056
 8861.314868 42161 800 800 800 800 73 46 0 73 52 0 73 42 0 73 44 0 14274 1210000 16940 408808 907500 370056
 8861.514946 42162 800 800 800 800 73 46 0 73 52 0 73 42 0 73 44 0 14274 1210000 16940 408808 907500 370056
 8861.714946 42163 800 800 800 800 73 46 0 73 52 0 73 42 0 73 44 0 14518 1210000 16940 408808 907500 370056
 8861.914946 42164 800 800 800 800 73 46 0 73 52 0 73 42 0 73 44 0 14518 1210000 16940 409082 907500 370963
 8862.114962 42165 800 800 800 800 73 46 0 73 52 0 73 42 0 73 44 0 14518 1210000 16940 410178 907500 371870
 8862.314947 42166 800 800 800 800 73 46 0 73 52 0 73 42 0 73 44 0 14518 1210000 16940 410178 907500 371870
 8862.514939 42167 800 800 800 800 73 46 0 73 52 0 73 42 0 73 44 0 14518 1210000 16940 407986 907500 369149
 8862.714945 42168 800 800 800 800 73 46 0 73 52 0 73 42 0 73 44 0 14518 1210000 16940 407438 907500 369149
 8862.914949 42169 800 800 800 800 73 46 0 73 52 0 73 42 0 73 44 0 14274 1210000 16940 407712 907500 369149
 8863.114963 42170 800 800 800 800 73 46 0 73 52 0 73 42 0 73 44 0 14274 1210000 16940 407712 907500 369149
 8863.314946 42171 800 800 800 800 73 46 0 73 52 0 73 42 0 73 44 0 14274 1210000 16940 407986 907500 369149
 8863.514945 42172 800 800 800 800 73 46 0 73 52 0 73 42 0 73 44 0 14518 1210000 16940 409356 907500 370963
 8863.714946 42173 800 800 800 800 73 46 0 73 52 0 73 42 0 73 44 0 14274 1210000 16940 409904 907500 370963
 8863.914946 42174 800 800 800 800 73 46 0 73 52 0 73 42 0 73 44 0 14274 1210000 16940 409904 907500 370963
 8864.114961 42175 800 800 800 800 73 46 0 73 52 0 73 42 0 73 44 0 14518 1210000 16940 410452 907500 371870
 8864.314947 42176 800 800 800 800 73 46 0 73 52 0 73 42 0 73 44 0 14518 1210000 16940 409630 907500 370963
 8864.514997 42177 800 800 800 800 73 46 0 73 52 0 73 42 0 73 44 0 14518 1210000 16940 409630 907500 370963
 8864.714945 42178 800 800 800 800 73 46 0 73 52 0 73 42 0 73 44 0 14518 1210000 16940 409630 907500 370963
 8864.914939 42179 800 800 800 800 73 46 0 73 52 0 73 42 0 73 44 0 14274 1210000 16940 409904 907500 370963
 8865.114962 42180 800 800 800 800 73 46 0 73 52 0 73 42 0 73 44 0 14518 1210000 16940 409082 907500 370963
 8865.314945 42181 800 800 800 800 73 46 0 73 52 0 73 42 0 73 44 0 14274 1210000 16940 411000 907500 372777
 8865.514947 42182 800 800 800 800 73 46 0 73 52 0 73 42 0 73 44 0 14274 1210000 16940 411000 907500 372777
 8865.714946 42183 800 800 800 800 73 46 0 73 52 0 73 42 0 73 44 0 14274 1210000 16940 410726 907500 371870
 8865.914949 42184 800 800 800 800 73 46 0 73 52 0 73 42 0 73 44 0 14518 1210000 16940 410452 907500 371870
 8866.114964 42185 800 800 800 800 73 46 0 73 52 0 73 42 0 73 44 0 14274 1210000 16940 410726 907500 371870
 8866.314946 42186 800 800 800 800 73 46 0 73 52 0 73 42 0 73 44 0 14274 1210000 16940 410726 907500 371870
 8866.514945 42187 800 800 800 800 73 46 0 73 52 0 73 42 0 73 44 0 14518 1210000 16940 410726 907500 371870
 8866.714945 42188 800 800 800 800 73 46 0 73 52 0 73 42 0 73 44 0 14518 1210000 16940 410178 907500 371870
 8866.914946 42189 800 800 800 800 73 46 0 73 52 0 73 42 0 73 44 0 14518 1210000 16940 409356 907500 370963
 8867.114944 42190 800 800 800 800 73 46 0 73 52 0 73 42 0 73 44 0 14518 1210000 16940 409356 907500 370963
 8867.314939 42191 800 800 800 800 73 46 0 73 52 0 73 42 0 73 44 0 14518 1210000 16940 411274 907500 372777
 8867.514946 42192 800 800 800 800 73 46 0 73 52 0 73 42 0 73 44 0 14274 1210000 16940 411000 907500 372777
 8867.714946 42193 800 800 800 800 73 46 0 73 52 0 73 42 0 73 44 0 14762 1210000 16940 411000 907500 372777
 8867.914921 42194 800 800 800 800 73 46 0 73 52 0 73 42 0 73 44 0 14518 1210000 16940 411000 907500 372777
 8868.114961 42195 800 800 800 800 73 46 0 73 52 0 73 42 0 73 44 0 14518 1210000 16940 411000 907500 372777
 8868.314946 42196 800 800 800 800 73 46 0 73 52 0 73 42 0 73 44 0 14518 1210000 16940 411822 907500 372777
 8868.514947 42197 800 800 800 800 73 46 0 73 52 0 73 42 0 73 44 0 14518 1210000 16940 411000 907500 372777
 8868.714946 42198 800 800 800 800 73 46 0 73 52 0 73 42 0 73 44 0 14518 1210000 16940 410452 907500 371870
 8868.914948 42199 800 800 800 800 73 46 0 73 52 0 73 42 0 73 44 0 14518 1210000 16940 410452 907500 371870
 8869.114962 42200 800 800 800 800 73 46 0 73 52 0 73 42 0 73 44 0 14518 1210000 16940 411822 907500 372777
 8869.314946 42201 800 800 800 800 73 46 0 73 52 0 73 42 0 73 44 0 14518 1210000 16940 411274 907500 372777
 8869.514990 42202 800 800 800 800 73 46 0 73 52 0 73 42 0 73 44 0 14518 1210000 16940 411000 907500 372777
 8869.714945 42203 800 800 800 800 73 46 0 73 52 0 73 42 0 73 44 0 14518 1210000 16940 411000 907500 372777
 8869.914945 42204 800 800 800 800 73 46 0 73 52 0 73 42 0 73 44 0 14274 1210000 16940 422508 907500 382754
 8870.114963 42205 800 800 800 800 73 46 0 73 52 0 73 42 0 73 44 0 14518 1210000 16940 411000 907500 372777
 8870.314946 42206 800 800 800 800 73 46 0 73 52 0 73 42 0 73 44 0 14518 1210000 16940 409356 907500 370963
 8870.514945 42207 800 800 800 800 73 46 0 73 52 0 73 42 0 73 44 0 14518 1210000 16940 409356 907500 370963
 8870.714948 42208 800 800 800 800 73 46 0 73 52 0 73 42 0 73 44 0 14518 1210000 16940 409356 907500 370963
 8870.914947 42209 800 800 800 800 73 46 0 73 52 0 73 42 0 73 44 0 14518 1210000 16940 409904 907500 370963
 8871.114963 42210 800 800 800 800 73 46 0 73 52 0 73 42 0 73 44 0 14518 1210000 16940 411274 907500 372777
 8871.314948 42211 800 800 800 800 73 46 0 73 52 0 73 42 0 73 44 0 14518 1210000 16940 411274 907500 372777
 8871.514947 42212 800 800 800 800 73 46 0 73 52 0 73 42 0 73 44 0 14274 1210000 16940 410178 907500 371870
 8871.714947 42213 800 800 800 800 73 46 0 73 52 0 73 42 0 73 44 0 14518 1210000 16940 410452 907500 371870
 8871.914939 42214 800 800 800 800 73 46 0 73 52 0 73 42 0 73 44 0 14518 1210000 16940 408808 907500 370056
 8872.114965 42215 800 800 800 800 73 46 0 73 52 0 73 42 0 73 44 0 14518 1210000 16940 408808 907500 370056
 8872.314947 42216 800 800 800 800 73 46 0 73 52 0 73 42 0 73 44 0 14518 1210000 16940 408260 907500 370056
 8872.514946 42217 800 800 800 800 73 46 0 73 52 0 73 42 0 73 44 0 14518 1210000 16940 408260 907500 370056
 8872.714948 42218 800 800 800 800 73 46 0 73 52 0 73 42 0 73 44 0 14518 1210000 16940 407986 907500 369149
 8872.914947 42219 800 800 800 800 73 46 0 73 52 0 73 42 0 73 44 0 14518 1210000 16940 407986 907500 369149
 8873.114963 42220 800 800 800 800 73 46 0 73 52 0 73 42 0 73 44 0 14274 1210000 16940 409904 907500 370963
 8873.314947 42221 800 800 800 800 73 46 0 73 52 0 73 42 0 73 44 0 14518 1210000 16940 409904 907500 370963
 8873.514948 42222 800 800 800 800 73 46 0 73 52 0 73 42 0 73 44 0 14518 1210000 16940 409082 907500 370963
 8873.714928 42223 800 800 800 800 73 46 0 73 52 0 73 42 0 73 44 0 14518 1210000 16940 409082 907500 370963
 8873.914947 42224 800 800 800 800 73 46 0 73 52 0 73 42 0 73 44 0 14274 1210000 16940 408534 907500 370056
 8874.114964 42225 800 800 800 800 73 46 0 73 52 0 73 42 0 73 44 0 14518 1210000 16940 408260 907500 370056
 8874.314939 42226 800 800 800 800 73 46 0 73 52 0 73 42 0 73 44 0 14518 1210000 16940 408534 907500 370056
 8874.514996 42227 800 800 800 800 73 46 0 73 52 0 73 42 0 73 44 0 14518 1210000 16940 408260 907500 370056
 8874.714949 42228 800 800 800 800 73 46 0 73 52 0 73 42 0 73 44 0 14518 1210000 16940 408260 907500 370056
 8874.914949 42229 800 800 800 800 73 46 0 73 52 0 73 42 0 73 44 0 14518 1210000 16940 410178 907500 371870
 8875.114964 42230 800 800 800 800 73 46 0 73 52 0 73 42 0 73 44 0 14518 1210000 16940 411000 907500 372777
 8875.314947 42231 800 800 800 800 73 46 0 73 52 0 73 42 0 73 44 0 14518 1210000 16940 409904 907500 370963
 8875.514948 42232 800 800 800 800 73 46 0 73 52 0 73 42 0 73 44 0 14518 1210000 16940 409904 907500 370963
 8875.714948 42233 800 800 800 800 73 46 0 73 52 0 73 42 0 73 44 0 14518 1210000 16940 409904 907500 370963
 8875.914946 42234 800 800 800 800 73 46 0 73 52 0 73 42 0 73 44 0 14274 1210000 16940 409356 907500 370963
 8876.114964 42235 800 800 800 800 73 46 0 73 52 0 73 42 0 73 44 0 14518 1210000 16940 409630 907500 370963
 8876.314949 42236 800 800 800 800 73 46 0 73 52 0 73 42 0 73 44 0 14518 1210000 16940 409630 907500 370963
 8876.514947 42237 800 800 800 800 73 46 0 73 52 0 73 42 0 73 44 0 14274 1210000 16940 409082 907500 370963
 8876.714940 42238 800 800 800 800 73 46 0 73 52 0 73 42 0 73 44 0 14518 1210000 16940 410726 907500 371870
 8876.914948 42239 800 800 800 800 73 46 0 73 52 0 73 42 0 73 44 0 14274 1210000 16940 411274 907500 372777
 8877.114963 42240 800 800 800 800 73 46 0 73 52 0 73 42 0 73 44 0 14274 1210000 16940 411274 907500 372777
 8877.314947 42241 800 800 800 800 73 46 0 73 52 0 73 42 0 73 44 0 14518 1210000 16940 412096 907500 373684
 8877.514947 42242 800 800 800 800 73 46 0 73 52 0 73 42 0 73 44 0 14274 1210000 16940 412096 907500 373684
 8877.714950 42243 800 800 800 800 73 46 0 73 52 0 73 42 0 73 44 0 14518 1210000 16940 411274 907500 372777
 8877.914949 42244 800 800 800 800 73 46 0 73 52 0 73 42 0 73 44 0 14518 1210000 16940 411274 907500 372777
 8878.114959 42245 800 800 800 800 73 46 0 73 52 0 73 42 0 73 44 0 14518 1210000 16940 410726 907500 371870
 8878.314946 42246 800 800 800 800 73 46 0 73 52 0 73 42 0 73 44 0 14518 1210000 16940 411822 907500 372777
 8878.514947 42247 800 800 800 800 73 46 0 73 52 0 73 42 0 73 44 0 14518 1210000 16940 412096 907500 373684
 8878.714947 42248 800 800 800 800 73 46 0 73 52 0 73 42 0 73 44 0 14518 1210000 16940 412096 907500 373684
 8878.914947 42249 800 800 800 800 73 46 0 73 52 0 73 42 0 73 44 0 14518 1210000 16940 411000 907500 372777
 8879.114941 42250 800 800 800 800 73 46 0 73 52 0 73 42 0 73 44 0 14518 1210000 16940 411548 907500 372777
 8879.314946 42251 800 800 800 800 73 46 0 73 52 0 73 42 0 73 44 0 14518 1210000 16940 412644 907500 373684
 8879.514997 42252 800 800 800 800 73 46 0 73 52 0 73 42 0 73 44 0 14518 1210000 16940 412644 907500 373684
 8879.714947 42253 800 800 800 800 73 46 0 73 52 0 73 42 0 73 44 0 14274 1210000 16940 410726 907500 371870
 8879.914947 42254 800 800 800 800 73 46 0 73 52 0 73 42 0 73 44 0 14274 1210000 16940 411000 907500 372777
 8880.114964 42255 800 800 800 800 73 46 0 73 52 0 73 42 0 73 44 0 14762 1210000 16940 409904 907500 370963
 8880.314870 42256 800 800 800 800 73 46 0 73 52 0 73 42 0 73 44 0 14518 1210000 16940 409630 907500 370963
 8880.514947 42257 800 800 800 800 73 46 0 73 52 0 73 42 0 73 44 0 14518 1210000 16940 409630 907500 370963
 8880.714946 42258 800 800 800 800 73 46 0 73 52 0 73 42 0 73 44 0 14762 1210000 16940 410726 907500 371870
 8880.914950 42259 800 800 800 800 73 46 0 73 52 0 73 42 0 73 44 0 14762 1210000 16940 410178 907500 371870
 8881.114965 42260 800 800 800 800 73 46 0 73 52 0 73 42 0 73 44 0 14518 1210000 16940 409904 907500 370963
 8881.314948 42261 800 800 800 800 73 46 0 73 52 0 73 42 0 73 44 0 14518 1210000 16940 409904 907500 370963
 8881.514948 42262 800 800 800 800 73 46 0 73 52 0 73 42 0 73 44 0 14518 1210000 16940 408534 907500 370056
 8881.714948 42263 800 800 800 800 73 46 0 73 52 0 73 42 0 73 44 0 14274 1210000 16940 407986 907500 369149
 8881.914948 42264 800 800 800 800 73 46 0 73 52 0 73 42 0 73 44 0 14518 1210000 16940 407712 907500 369149
 8882.114964 42265 800 800 800 800 73 46 0 73 52 0 73 42 0 73 44 0 14518 1210000 16940 407712 907500 369149
 8882.314949 42266 800 800 800 800 73 46 0 73 52 0 73 42 0 73 44 0 14518 1210000 16940 407712 907500 369149
 8882.514947 42267 800 800 800 800 73 46 0 73 52 0 73 42 0 73 44 0 14518 1210000 16940 408808 907500 370056
 8882.714938 42268 800 800 800 800 73 46 0 73 52 0 73 42 0 73 44 0 14518 1210000 16940 409356 907500 370963
 8882.914946 42269 800 800 800 800 73 46 0 73 52 0 73 42 0 73 44 0 14518 1210000 16940 409356 907500 370963
 8883.114964 42270 800 800 800 800 73 46 0 73 52 0 73 42 0 73 44 0 14518 1210000 16940 409356 907500 370963
 8883.314947 42271 800 800 800 800 73 46 0 73 52 0 73 42 0 73 44 0 14518 1210000 16940 408260 907500 370056
 8883.514947 42272 800 800 800 800 73 46 0 73 52 0 73 42 0 73 44 0 14274 1210000 16940 408534 907500 370056
 8883.714947 42273 800 800 800 800 73 46 0 73 52 0 73 42 0 73 44 0 14274 1210000 16940 408534 907500 370056
 8883.914940 42274 800 800 800 800 73 46 0 73 52 0 73 42 0 73 44 0 14274 1210000 16940 408808 907500 370056
 8884.114963 42275 800 800 800 800 73 46 0 73 52 0 73 42 0 73 44 0 14274 1210000 16940 409356 907500 370963
 8884.314948 42276 800 800 800 800 73 46 0 73 52 0 73 42 0 73 44 0 14518 1210000 16940 409904 907500 370963
 8884.514997 42277 800 800 800 800 73 46 0 73 52 0 73 42 0 73 44 0 14518 1210000 16940 409904 907500 370963
 8884.714947 42278 800 800 800 800 73 46 0 73 52 0 73 42 0 73 44 0 14274 1210000 16940 409630 907500 370963
 8884.914947 42279 800 800 800 800 73 46 0 73 52 0 73 42 0 73 44 0 14518 1210000 16940 412370 907500 373684
 8885.114941 42280 800 800 800 800 73 46 0 73 52 0 73 42 0 73 44 0 14518 1210000 16940 409904 907500 370963
 8885.314948 42281 800 800 800 800 73 46 0 73 52 0 73 42 0 73 44 0 14518 1210000 16940 409904 907500 370963
 8885.514947 42282 800 800 800 800 73 46 0 73 52 0 73 42 0 73 44 0 14518 1210000 16940 409356 907500 370963
 8885.714946 42283 800 800 800 800 73 46 0 73 52 0 73 42 0 73 44 0 14518 1210000 16940 408534 907500 370056
 8885.914948 42284 800 800 800 800 73 46 0 73 52 0 73 42 0 73 44 0 14518 1210000 16940 408534 907500 370056
 8886.114947 42285 800 800 800 800 73 46 0 73 52 0 73 42 0 73 44 0 14518 1210000 16940 408534 907500 370056
 8886.314946 42286 800 800 800 800 73 46 0 73 52 0 73 42 0 73 44 0 14518 1210000 16940 410726 907500 371870
 8886.514948 42287 800 800 800 800 73 46 0 73 52 0 73 42 0 73 44 0 14518 1210000 16940 409904 907500 370963
 8886.714947 42288 800 800 800 800 73 46 0 73 52 0 73 42 0 73 44 0 14518 1210000 16940 409904 907500 370963
 8886.914925 42289 800 800 800 800 73 46 0 73 52 0 73 42 0 73 44 0 14518 1210000 16940 410452 907500 371870
 8887.114964 42290 800 800 800 800 73 46 0 73 52 0 73 42 0 73 44 0 14518 1210000 16940 410452 907500 371870
 8887.314946 42291 800 800 800 800 73 46 0 73 52 0 73 42 0 73 44 0 14274 1210000 16940 411000 907500 372777
 8887.514940 42292 800 800 800 800 73 46 0 73 52 0 73 42 0 73 44 0 14762 1210000 16940 409904 907500 370963
 8887.714948 42293 800 800 800 800 73 46 0 73 52 0 73 42 0 73 44 0 14518 1210000 16940 411000 907500 372777
 8887.914947 42294 800 800 800 800 73 46 0 73 52 0 73 42 0 73 44 0 14518 1210000 16940 411000 907500 372777
 8888.114964 42295 800 800 800 800 73 46 0 73 52 0 73 42 0 73 44 0 14518 1208750 16912 411274 907500 372777
 8888.314946 42296 800 800 800 800 73 46 0 73 52 0 73 42 0 73 44 0 14518 1210000 16940 411822 907500 372777
 8888.514948 42297 800 800 800 800 73 46 0 73 52 0 73 42 0 73 44 0 14518 1210000 16940 412370 907500 373684
 8888.714947 42298 800 800 800 800 73 46 0 73 52 0 73 42 0 73 44 0 14518 1210000 16940 412370 907500 373684
 8888.914947 42299 800 800 800 800 73 46 0 73 52 0 73 42 0 73 44 0 14518 1210000 16940 411548 907500 372777
 8889.114963 42300 800 800 800 800 73 46 0 73 52 0 73 42 0 73 44 0 14518 1210000 16940 410178 907500 371870
 8889.314947 42301 800 800 800 800 73 46 0 73 52 0 73 42 0 73 44 0 14518 1210000 16940 411000 907500 372777
 8889.514998 42302 800 800 800 800 73 46 0 73 52 0 73 42 0 73 44 0 14518 1210000 16940 411000 907500 372777
 8889.714947 42303 800 800 800 800 73 46 0 73 52 0 73 42 0 73 44 0 14518 1210000 16940 409082 907500 370963
 8889.914941 42304 800 800 800 800 73 46 0 73 52 0 73 42 0 73 44 0 14518 1210000 16940 409630 907500 370963
 8890.115015 42305 800 800 800 800 73 46 0 73 52 0 73 42 0 73 44 0 14518 1210000 16940 410726 907500 371870
 8890.314941 42306 800 800 800 800 73 46 0 73 52 0 73 42 0 73 44 0 14518 1210000 16940 410726 907500 371870
 8890.514938 42307 800 800 800 800 73 46 0 73 52 0 73 42 0 73 44 0 14518 1210000 16940 287700 907500 260309
 8890.714938 42308 800 800 800 800 73 46 0 73 52 0 73 42 0 73 44 0 14762 1210000 16940 38086 907500 34466
 8890.914942 42309 800 800 800 800 73 46 0 73 52 0 73 42 0 73 44 0 14518 1210000 16940 36168 907500 32652
 8891.114955 42310 800 800 800 800 73 46 0 73 52 0 73 42 0 73 44 0 14518 1210000 16940 36168 907500 32652
 8891.314938 42311 800 800 800 800 73 46 0 73 52 0 73 42 0 73 44 0 14518 1210000 16940 34798 907500 30838
 8891.514938 42312 800 800 800 800 73 46 0 73 52 0 73 42 0 73 44 0 14518 1210000 16940 35620 907500 31745
 8891.714938 42313 800 800 800 800 73 46 0 73 52 0 73 42 0 73 44 0 14518 1210000 16940 34250 907500 30838
 8891.914938 42314 800 800 800 800 73 46 0 73 52 0 73 42 0 73 44 0 14518 1210000 16940 34250 907500 30838
 8892.114954 42315 800 800 800 800 72 46 0 72 52 0 72 42 0 72 44 0 14274 1210000 16940 36442 907500 32652
 8892.314932 42316 800 800 800 800 72 46 0 72 52 0 72 42 0 72 44 0 14518 1210000 16940 37264 907500 33559
 8892.514938 42317 800 800 800 800 72 46 0 72 52 0 72 42 0 72 44 0 14518 1210000 16940 40552 907500 36280
 8892.714921 42318 800 800 800 800 72 46 0 72 52 0 72 42 0 72 44 0 14518 1210000 16940 40552 907500 36280
