 5288.918860 25924 1300 1300 1300 1300 74 46 0 74 52 0 74 42 0 74 44 0 15006 1210000 18150 65212 1057500 68705
 5289.118862 25925 1300 1300 1300 1300 73 46 0 73 52 0 73 42 0 73 44 0 15006 1210000 18150 65212 1057500 68705
 5289.318860 25926 1300 1300 1300 1300 73 46 0 73 52 0 73 42 0 73 44 0 14762 1210000 16940 64938 1057500 67648
 5289.518858 25927 1300 1300 1300 1300 73 46 0 73 52 0 73 42 0 73 44 0 14762 1210000 16940 60554 1057500 63420
 5289.718855 25928 1300 1300 1300 1300 73 46 0 73 52 0 73 42 0 73 44 0 14762 1210000 16940 57540 1057500 60249
 5289.918991 25929 1300 1300 1300 1300 73 46 0 73 52 0 73 42 0 73 44 0 14762 1210000 16940 57540 1057500 60249
 5290.118815 25930 1300 1300 1300 1300 74 46 0 74 52 0 74 42 0 74 44 0 14518 1210000 16940 58636 1057500 61306
 5290.318820 25931 1300 1300 1300 1300 74 46 0 74 52 0 74 42 0 74 44 0 14762 1210000 16940 258656 1058750 272964
 5290.518820 25932 1300 1300 1300 1300 74 46 0 74 52 0 74 42 0 74 44 0 14762 1210000 16940 63294 1057500 66591
 5290.718821 25933 1300 1300 1300 1300 74 46 0 74 52 0 74 42 0 74 44 0 14762 1210000 16940 63294 1057500 66591
 5290.923886 25934 1300 1300 1300 1300 74 46 0 74 52 0 74 42 0 74 44 0 14762 1210000 16940 66856 1057500 69762
 5291.123848 25935 1300 1300 1300 1300 74 46 0 74 52 0 74 42 0 74 44 0 14762 1210000 16940 644722 1060000 682640
 5291.323843 25936 1300 1300 1300 1300 74 46 0 74 52 0 74 42 0 74 44 0 14762 1208750 16912 974070 1062500 1034388
 5291.523956 25937 1300 1300 1300 1300 74 46 0 74 52 0 74 42 0 74 44 0 14762 1208750 16912 974070 1062500 1034388
 5291.723819 25938 1300 1300 1300 1300 74 46 0 74 52 0 74 42 0 74 44 0 14762 1208750 16912 908310 1061250 963388
 5291.923819 25939 1300 1300 1300 1300 74 46 0 74 52 0 74 42 0 74 44 0 15006 1208750 18120 762816 1060000 807720
 5292.123815 25940 1300 1300 1300 1300 74 46 0 74 52 0 74 42 0 74 44 0 14762 1208750 16912 779530 1060000 825740
 5292.323801 25941 1300 1300 1300 1300 74 46 0 74 52 0 74 42 0 74 44 0 14762 1208750 16912 779530 1060000 825740
 5292.523819 25942 1300 1300 1300 1300 74 46 0 74 52 0 74 42 0 74 44 0 14762 1210000 16940 782270 1060000 828920
 5292.723819 25943 1300 1300 1300 1300 74 46 0 74 52 0 74 42 0 74 44 0 14762 1210000 16940 783092 1060000 829980
 5292.923817 25944 1300 1300 1300 1300 74 46 0 74 52 0 74 42 0 74 44 0 15006 1210000 18150 782544 1060000 828920
 5293.123801 25945 1300 1300 1300 1300 75 46 0 75 52 0 75 42 0 75 44 0 15006 1210000 18150 782544 1060000 828920
 5293.323801 25946 1300 1300 1300 1300 75 46 0 75 52 0 75 42 0 75 44 0 14762 1210000 16940 782270 1060000 828920
 5293.523818 25947 1300 1300 1300 1300 75 46 0 75 52 0 75 42 0 75 44 0 14762 1210000 16940 781996 1060000 827860
 5293.723833 25948 1300 1300 1300 1300 75 46 0 75 52 0 75 42 0 75 44 0 14762 1210000 16940 781996 1060000 827860
 5293.923819 25949 1300 1300 1300 1300 75 46 0 75 52 0 75 42 0 75 44 0 14762 1210000 16940 781996 1060000 827860
 5294.123819 25950 1300 1300 1300 1300 75 46 0 75 52 0 75 42 0 75 44 0 14762 1210000 16940 781996 1060000 827860
 5294.323801 25951 1300 1300 1300 1300 75 46 0 75 52 0 75 42 0 75 44 0 14762 1210000 16940 783914 1060000 829980
 5294.523871 25952 1300 1300 1300 1300 75 46 0 75 52 0 75 42 0 75 44 0 15006 1210000 18150 784188 1060000 831040
 5294.723819 25953 1300 1300 1300 1300 75 46 0 75 52 0 75 42 0 75 44 0 14762 1210000 16940 783914 1060000 829980
 5294.923819 25954 1300 1300 1300 1300 75 46 0 75 52 0 75 42 0 75 44 0 14762 1210000 16940 783914 1060000 829980
 5295.123819 25955 1300 1300 1300 1300 75 46 0 75 52 0 75 42 0 75 44 0 14762 1210000 16940 783092 1060000 829980
 5295.323800 25956 1300 1300 1300 1300 75 46 0 75 52 0 75 42 0 75 44 0 15006 1208750 18120 782270 1060000 828920
 5295.523819 25957 1300 1300 1300 1300 75 46 0 75 52 0 75 42 0 75 44 0 14762 1210000 16940 782818 1060000 828920
 5295.723819 25958 1300 1300 1300 1300 75 46 0 75 52 0 75 42 0 75 44 0 14762 1210000 16940 782818 1060000 828920
 5295.923818 25959 1300 1300 1300 1300 75 46 0 75 52 0 75 42 0 75 44 0 14518 1210000 16940 782544 1060000 828920
 5296.123820 25960 1300 1300 1300 1300 75 46 0 75 52 0 75 42 0 75 44 0 15006 1210000 18150 783092 1060000 829980
 5296.323800 25961 1300 1300 1300 1300 75 46 0 75 52 0 75 42 0 75 44 0 15006 1208750 18120 783914 1060000 829980
 5296.523818 25962 1300 1300 1300 1300 75 46 0 75 52 0 75 42 0 75 44 0 15006 1208750 18120 783914 1060000 829980
 5296.723818 25963 1300 1300 1300 1300 75 46 0 75 52 0 75 42 0 75 44 0 15006 1210000 18150 783914 1060000 829980
 5296.923816 25964 1300 1300 1300 1300 75 46 0 75 52 0 75 42 0 75 44 0 15006 1210000 18150 785010 1060000 832100
 5297.123819 25965 1300 1300 1300 1300 76 46 0 76 52 0 76 42 0 76 44 0 15250 1210000 18150 791860 1060000 838460
 5297.323801 25966 1300 1300 1300 1300 76 46 0 76 52 0 76 42 0 76 44 0 15250 1210000 18150 791860 1060000 838460
 5297.523876 25967 1300 1300 1300 1300 76 46 0 76 52 0 76 42 0 76 44 0 15006 1210000 18150 785558 1060000 832100
 5297.723819 25968 1300 1300 1300 1300 76 46 0 76 52 0 76 42 0 76 44 0 14762 1208750 16912 786380 1060000 833160
 5297.923819 25969 1300 1300 1300 1300 76 46 0 76 52 0 76 42 0 76 44 0 15006 1210000 18150 786106 1060000 833160
 5298.123819 25970 1300 1300 1300 1300 76 46 0 76 52 0 76 42 0 76 44 0 15006 1210000 18150 786106 1060000 833160
 5298.323802 25971 1300 1300 1300 1300 76 46 0 76 52 0 76 42 0 76 44 0 15006 1210000 18150 786654 1060000 833160
 5298.523819 25972 1300 1300 1300 1300 76 46 0 76 52 0 76 42 0 76 44 0 15006 1210000 18150 786380 1060000 833160
 5298.723819 25973 1300 1300 1300 1300 76 46 0 76 52 0 76 42 0 76 44 0 15006 1210000 18150 786380 1060000 833160
 5298.923818 25974 1300 1300 1300 1300 76 46 0 76 52 0 76 42 0 76 44 0 15006 1210000 18150 786380 1060000 833160
 5299.123819 25975 1300 1300 1300 1300 76 46 0 76 52 0 76 42 0 76 44 0 14762 1210000 16940 786380 1060000 833160
 5299.323797 25976 1300 1300 1300 1300 76 46 0 76 52 0 76 42 0 76 44 0 15006 1210000 18150 785832 1060000 832100
 5299.523818 25977 1300 1300 1300 1300 76 46 0 76 52 0 76 42 0 76 44 0 15006 1210000 18150 785832 1060000 832100
 5299.723798 25978 1300 1300 1300 1300 76 46 0 76 52 0 76 42 0 76 44 0 15006 1210000 18150 786654 1060000 833160
 5299.923819 25979 1300 1300 1300 1300 76 46 0 76 52 0 76 42 0 76 44 0 15006 1210000 18150 786654 1060000 833160
 5300.123819 25980 1300 1300 1300 1300 76 46 0 76 52 0 76 42 0 76 44 0 15250 1210000 18150 786106 1060000 833160
 5300.323797 25981 1300 1300 1300 1300 76 46 0 76 52 0 76 42 0 76 44 0 15006 1208750 18120 803916 1060000 851180
 5300.523876 25982 1300 1300 1300 1300 76 46 0 76 52 0 76 42 0 76 44 0 15006 1210000 18150 785832 1060000 832100
 5300.723818 25983 1300 1300 1300 1300 76 46 0 76 52 0 76 42 0 76 44 0 15006 1210000 18150 785832 1060000 832100
 5300.923819 25984 1300 1300 1300 1300 76 46 0 76 52 0 76 42 0 76 44 0 15006 1210000 18150 783914 1060000 829980
 5301.123819 25985 1300 1300 1300 1300 76 46 0 76 52 0 76 42 0 76 44 0 15006 1210000 18150 783092 1060000 829980
 5301.323801 25986 1300 1300 1300 1300 76 46 0 76 52 0 76 42 0 76 44 0 14762 1210000 16940 784462 1060000 831040
 5301.523818 25987 1300 1300 1300 1300 76 46 0 76 52 0 76 42 0 76 44 0 14762 1210000 16940 784462 1060000 831040
 5301.723818 25988 1300 1300 1300 1300 76 46 0 76 52 0 76 42 0 76 44 0 15006 1210000 18150 784188 1060000 831040
 5301.923843 25989 1300 1300 1300 1300 76 46 0 76 52 0 76 42 0 76 44 0 15006 1210000 18150 785284 1060000 832100
 5302.123818 25990 1300 1300 1300 1300 76 46 0 76 52 0 76 42 0 76 44 0 15006 1210000 18150 785284 1060000 832100
 5302.323802 25991 1300 1300 1300 1300 76 46 0 76 52 0 76 42 0 76 44 0 15006 1210000 18150 785284 1060000 832100
 5302.523819 25992 1300 1300 1300 1300 76 46 0 76 52 0 76 42 0 76 44 0 15006 1210000 18150 786380 1060000 833160
 5302.723814 25993 1300 1300 1300 1300 76 46 0 76 52 0 76 42 0 76 44 0 15006 1210000 18150 785284 1060000 832100
 5302.923818 25994 1300 1300 1300 1300 76 46 0 76 52 0 76 42 0 76 44 0 15250 1210000 18150 785558 1060000 832100
 5303.123819 25995 1300 1300 1300 1300 76 46 0 76 52 0 76 42 0 76 44 0 15250 1210000 18150 785558 1060000 832100
 5303.323801 25996 1300 1300 1300 1300 76 46 0 76 52 0 76 42 0 76 44 0 15006 1210000 18150 785284 1060000 832100
 5303.523876 25997 1300 1300 1300 1300 76 46 0 76 52 0 76 42 0 76 44 0 15006 1210000 18150 786106 1060000 833160
 5303.723818 25998 1300 1300 1300 1300 76 46 0 76 52 0 76 42 0 76 44 0 14762 1210000 16940 788298 1060000 835280
 5303.923819 25999 1300 1300 1300 1300 76 46 0 76 52 0 76 42 0 76 44 0 14762 1210000 16940 788298 1060000 835280
 5304.123819 26000 1300 1300 1300 1300 76 46 0 76 52 0 76 42 0 76 44 0 15006 1210000 18150 789120 1060000 836340
 5304.323801 26001 1300 1300 1300 1300 76 46 0 76 52 0 76 42 0 76 44 0 15250 1210000 18150 788572 1060000 835280
 5304.523832 26002 1300 1300 1300 1300 76 46 0 76 52 0 76 42 0 76 44 0 14762 1210000 16940 788298 1060000 835280
 5304.723819 26003 1300 1300 1300 1300 76 46 0 76 52 0 76 42 0 76 44 0 14762 1210000 16940 788298 1060000 835280
 5304.923819 26004 1300 1300 1300 1300 76 46 0 76 52 0 76 42 0 76 44 0 15250 1210000 18150 787202 1060000 834220
 5305.123815 26005 1300 1300 1300 1300 76 46 0 76 52 0 76 42 0 76 44 0 15006 1210000 18150 787476 1060000 834220
 5305.323801 26006 1300 1300 1300 1300 76 46 0 76 52 0 76 42 0 76 44 0 15006 1210000 18150 786654 1060000 833160
 5305.523801 26007 1300 1300 1300 1300 76 46 0 76 52 0 76 42 0 76 44 0 15006 1210000 18150 786654 1060000 833160
 5305.723819 26008 1300 1300 1300 1300 76 46 0 76 52 0 76 42 0 76 44 0 15006 1210000 18150 788298 1060000 835280
 5305.923818 26009 1300 1300 1300 1300 76 46 0 76 52 0 76 42 0 76 44 0 15006 1210000 18150 788846 1060000 835280
 5306.123819 26010 1300 1300 1300 1300 76 46 0 76 52 0 76 42 0 76 44 0 15250 1210000 18150 788572 1060000 835280
 5306.323801 26011 1300 1300 1300 1300 76 46 0 76 52 0 76 42 0 76 44 0 15250 1210000 18150 786654 1060000 833160
 5306.523875 26012 1300 1300 1300 1300 76 46 0 76 52 0 76 42 0 76 44 0 15250 1210000 18150 786654 1060000 833160
 5306.723818 26013 1300 1300 1300 1300 76 46 0 76 52 0 76 42 0 76 44 0 15006 1210000 18150 786928 1060000 833160
 5306.923818 26014 1300 1300 1300 1300 76 46 0 76 52 0 76 42 0 76 44 0 15250 1210000 18150 788572 1060000 835280
 5307.123818 26015 1300 1300 1300 1300 76 46 0 76 52 0 76 42 0 76 44 0 15006 1210000 18150 785832 1060000 832100
 5307.323802 26016 1300 1300 1300 1300 76 46 0 76 52 0 76 42 0 76 44 0 15006 1210000 18150 785832 1060000 832100
 5307.523814 26017 1300 1300 1300 1300 76 46 0 76 52 0 76 42 0 76 44 0 15006 1210000 18150 786654 1060000 833160
 5307.723818 26018 1300 1300 1300 1300 76 46 0 76 52 0 76 42 0 76 44 0 15006 1210000 18150 787476 1060000 834220
 5307.923819 26019 1300 1300 1300 1300 76 46 0 76 52 0 76 42 0 76 44 0 15006 1208750 18120 786928 1060000 833160
 5308.123819 26020 1300 1300 1300 1300 76 46 0 76 52 0 76 42 0 76 44 0 15006 1208750 18120 786928 1060000 833160
 5308.323801 26021 1300 1300 1300 1300 76 46 0 76 52 0 76 42 0 76 44 0 14762 1210000 16940 786106 1060000 833160
 5308.523819 26022 1300 1300 1300 1300 76 46 0 76 52 0 76 42 0 76 44 0 14762 1210000 16940 786106 1060000 833160
 5308.723819 26023 1300 1300 1300 1300 76 46 0 76 52 0 76 42 0 76 44 0 15006 1210000 18150 785832 1060000 832100
 5308.923819 26024 1300 1300 1300 1300 76 46 0 76 52 0 76 42 0 76 44 0 15006 1210000 18150 785832 1060000 832100
 5309.123819 26025 1300 1300 1300 1300 76 46 0 76 52 0 76 42 0 76 44 0 15250 1210000 18150 786380 1060000 833160
 5309.323800 26026 1300 1300 1300 1300 76 46 0 76 52 0 76 42 0 76 44 0 15006 1210000 18150 788572 1060000 835280
 5309.523876 26027 1300 1300 1300 1300 76 46 0 76 52 0 76 42 0 76 44 0 15006 1210000 18150 787202 1060000 834220
 5309.723819 26028 1300 1300 1300 1300 76 46 0 76 52 0 76 42 0 76 44 0 15006 1210000 18150 787202 1060000 834220
 5309.923816 26029 1300 1300 1300 1300 76 46 0 76 52 0 76 42 0 76 44 0 15006 1210000 18150 787476 1060000 834220
 5310.123819 26030 1300 1300 1300 1300 76 46 0 76 52 0 76 42 0 76 44 0 15006 1210000 18150 785832 1060000 832100
 5310.323800 26031 1300 1300 1300 1300 76 46 0 76 52 0 76 42 0 76 44 0 15006 1210000 18150 784188 1060000 831040
 5310.523818 26032 1300 1300 1300 1300 76 46 0 76 52 0 76 42 0 76 44 0 15006 1210000 18150 784188 1060000 831040
 5310.723819 26033 1300 1300 1300 1300 76 46 0 76 52 0 76 42 0 76 44 0 15006 1208750 18120 784188 1060000 831040
 5310.923819 26034 1300 1300 1300 1300 76 46 0 76 52 0 76 42 0 76 44 0 15006 1210000 18150 785010 1060000 832100
 5311.123819 26035 1300 1300 1300 1300 76 46 0 76 52 0 76 42 0 76 44 0 15250 1208750 18120 786380 1060000 833160
 5311.323801 26036 1300 1300 1300 1300 76 46 0 76 52 0 76 42 0 76 44 0 15250 1208750 18120 786380 1060000 833160
 5311.523819 26037 1300 1300 1300 1300 76 46 0 76 52 0 76 42 0 76 44 0 15006 1210000 18150 787750 1060000 834220
 5311.723818 26038 1300 1300 1300 1300 76 46 0 76 52 0 76 42 0 76 44 0 14762 1210000 16940 787202 1060000 834220
 5311.923818 26039 1300 1300 1300 1300 76 46 0 76 52 0 76 42 0 76 44 0 15250 1210000 18150 787476 1060000 834220
 5312.123753 26040 1300 1300 1300 1300 76 46 0 76 52 0 76 42 0 76 44 0 15006 1210000 18150 787476 1060000 834220
 5312.323801 26041 1300 1300 1300 1300 76 46 0 76 52 0 76 42 0 76 44 0 15006 1210000 18150 786380 1060000 833160
 5312.523875 26042 1300 1300 1300 1300 76 46 0 76 52 0 76 42 0 76 44 0 15250 1210000 18150 790490 1060000 837400
 5312.723820 26043 1300 1300 1300 1300 76 46 0 76 52 0 76 42 0 76 44 0 15006 1210000 18150 787202 1060000 834220
 5312.923819 26044 1300 1300 1300 1300 76 46 0 76 52 0 76 42 0 76 44 0 15006 1210000 18150 789668 1060000 836340
 5313.123819 26045 1300 1300 1300 1300 76 46 0 76 52 0 76 42 0 76 44 0 15006 1210000 18150 789668 1060000 836340
 5313.323801 26046 1300 1300 1300 1300 76 46 0 76 52 0 76 42 0 76 44 0 15006 1210000 18150 792956 1060000 839520
 5313.523820 26047 1300 1300 1300 1300 76 46 0 76 52 0 76 42 0 76 44 0 15250 1210000 18150 789394 1060000 836340
 5313.723818 26048 1300 1300 1300 1300 76 46 0 76 52 0 76 42 0 76 44 0 15006 1210000 18150 789120 1060000 836340
 5313.923818 26049 1300 1300 1300 1300 76 46 0 76 52 0 76 42 0 76 44 0 15006 1210000 18150 789120 1060000 836340
 5314.123819 26050 1300 1300 1300 1300 76 46 0 76 52 0 76 42 0 76 44 0 15006 1210000 18150 787750 1060000 834220
 5314.323819 26051 1300 1300 1300 1300 76 46 0 76 52 0 76 42 0 76 44 0 15006 1210000 18150 790216 1060000 837400
 5314.523821 26052 1300 1300 1300 1300 76 46 0 76 52 0 76 42 0 76 44 0 15006 1210000 18150 793504 1060000 840580
 5314.723819 26053 1300 1300 1300 1300 76 46 0 76 52 0 76 42 0 76 44 0 15006 1210000 18150 793504 1060000 840580
 5314.923819 26054 1300 1300 1300 1300 76 46 0 76 52 0 76 42 0 76 44 0 15006 1210000 18150 884198 1061250 937924
 5315.123819 26055 1300 1300 1300 1300 76 46 0 76 52 0 76 42 0 76 44 0 15006 1210000 18150 788846 1060000 835280
 5315.323819 26056 1300 1300 1300 1300 76 46 0 76 52 0 76 42 0 76 44 0 15250 1210000 18150 789120 1060000 836340
 5315.523872 26057 1300 1300 1300 1300 76 46 0 76 52 0 76 42 0 76 44 0 15250 1210000 18150 789120 1060000 836340
 5315.723819 26058 1300 1300 1300 1300 76 46 0 76 52 0 76 42 0 76 44 0 15250 1210000 18150 793778 1060000 840580
 5315.923818 26059 1300 1300 1300 1300 76 46 0 76 52 0 76 42 0 76 44 0 15006 1210000 18150 787750 1060000 834220
 5316.123819 26060 1300 1300 1300 1300 76 46 0 76 52 0 76 42 0 76 44 0 15006 1210000 18150 786654 1060000 833160
 5316.323819 26061 1300 1300 1300 1300 76 46 0 76 52 0 76 42 0 76 44 0 15006 1210000 18150 786654 1060000 833160
 5316.523818 26062 1300 1300 1300 1300 76 46 0 76 52 0 76 42 0 76 44 0 15006 1210000 18150 786380 1060000 833160
 5316.723819 26063 1300 1300 1300 1300 76 46 0 76 52 0 76 42 0 76 44 0 15006 1210000 18150 785832 1060000 832100
 5316.923815 26064 1300 1300 1300 1300 76 46 0 76 52 0 76 42 0 76 44 0 15250 1210000 18150 786654 1060000 833160
 5317.123819 26065 1300 1300 1300 1300 76 46 0 76 52 0 76 42 0 76 44 0 15250 1210000 18150 786654 1060000 833160
 5317.323818 26066 1300 1300 1300 1300 76 46 0 76 52 0 76 42 0 76 44 0 14762 1210000 16940 786654 1060000 833160
 5317.523818 26067 1300 1300 1300 1300 76 46 0 76 52 0 76 42 0 76 44 0 15250 1208750 18120 786106 1060000 833160
 5317.723818 26068 1300 1300 1300 1300 76 46 0 76 52 0 76 42 0 76 44 0 15006 1210000 18150 785832 1060000 832100
 5317.923801 26069 1300 1300 1300 1300 76 46 0 76 52 0 76 42 0 76 44 0 15006 1210000 18150 785832 1060000 832100
 5318.123815 26070 1300 1300 1300 1300 77 46 0 77 52 0 77 42 0 77 44 0 15006 1210000 18150 786654 1060000 833160
 5318.323818 26071 1300 1300 1300 1300 77 46 0 77 52 0 77 42 0 77 44 0 14762 1210000 16940 786106 1060000 833160
 5318.523872 26072 1300 1300 1300 1300 77 46 0 77 52 0 77 42 0 77 44 0 15250 1210000 18150 786928 1060000 833160
 5318.723798 26073 1300 1300 1300 1300 77 46 0 77 52 0 77 42 0 77 44 0 15006 1210000 18150 789120 1060000 836340
 5318.923819 26074 1300 1300 1300 1300 77 46 0 77 52 0 77 42 0 77 44 0 15006 1210000 18150 789120 1060000 836340
 5319.123819 26075 1300 1300 1300 1300 76 46 0 76 52 0 76 42 0 76 44 0 15250 1208750 18120 788024 1060000 835280
 5319.323819 26076 1300 1300 1300 1300 76 46 0 76 52 0 76 42 0 76 44 0 15006 1210000 18150 789120 1060000 836340
 5319.523819 26077 1300 1300 1300 1300 76 46 0 76 52 0 76 42 0 76 44 0 15006 1210000 18150 786928 1060000 833160
 5319.723818 26078 1300 1300 1300 1300 76 46 0 76 52 0 76 42 0 76 44 0 15006 1210000 18150 786928 1060000 833160
 5319.923818 26079 1300 1300 1300 1300 76 46 0 76 52 0 76 42 0 76 44 0 15250 1210000 18150 786106 1060000 833160
 5320.123819 26080 1300 1300 1300 1300 76 46 0 76 52 0 76 42 0 76 44 0 15006 1210000 18150 786106 1060000 833160
 5320.323814 26081 1300 1300 1300 1300 76 46 0 76 52 0 76 42 0 76 44 0 15250 1210000 18150 786928 1060000 833160
 5320.523819 26082 1300 1300 1300 1300 76 46 0 76 52 0 76 42 0 76 44 0 15250 1210000 18150 786928 1060000 833160
 5320.723818 26083 1300 1300 1300 1300 76 46 0 76 52 0 76 42 0 76 44 0 15006 1210000 18150 787750 1060000 834220
 5320.923864 26084 1300 1300 1300 1300 76 46 0 76 52 0 76 42 0 76 44 0 15006 1210000 18150 787202 1060000 834220
 5321.123820 26085 1300 1300 1300 1300 77 46 0 77 52 0 77 42 0 77 44 0 15006 1210000 18150 789120 1060000 836340
 5321.323819 26086 1300 1300 1300 1300 77 46 0 77 52 0 77 42 0 77 44 0 15006 1210000 18150 789120 1060000 836340
 5321.523862 26087 1300 1300 1300 1300 77 46 0 77 52 0 77 42 0 77 44 0 15006 1210000 18150 785832 1060000 832100
 5321.723818 26088 1300 1300 1300 1300 77 46 0 77 52 0 77 42 0 77 44 0 15006 1210000 18150 788572 1060000 835280
 5321.923819 26089 1300 1300 1300 1300 77 46 0 77 52 0 77 42 0 77 44 0 15006 1210000 18150 785832 1060000 832100
 5322.123819 26090 1300 1300 1300 1300 76 46 0 76 52 0 76 42 0 76 44 0 15006 1210000 18150 785832 1060000 832100
 5322.323819 26091 1300 1300 1300 1300 76 46 0 76 52 0 76 42 0 76 44 0 15250 1210000 18150 786928 1060000 833160
 5322.523819 26092 1300 1300 1300 1300 76 46 0 76 52 0 76 42 0 76 44 0 15006 1210000 18150 788298 1060000 835280
 5322.723814 26093 1300 1300 1300 1300 76 46 0 76 52 0 76 42 0 76 44 0 15006 1210000 18150 788024 1060000 835280
 5322.923818 26094 1300 1300 1300 1300 76 46 0 76 52 0 76 42 0 76 44 0 15006 1210000 18150 788024 1060000 835280
 5323.123774 26095 1300 1300 1300 1300 76 46 0 76 52 0 76 42 0 76 44 0 15006 1210000 18150 788846 1060000 835280
 5323.323773 26096 1300 1300 1300 1300 76 46 0 76 52 0 76 42 0 76 44 0 15250 1210000 18150 788846 1060000 835280
 5323.523775 26097 1300 1300 1300 1300 76 46 0 76 52 0 76 42 0 76 44 0 15006 1210000 18150 786928 1060000 833160
 5323.723774 26098 1300 1300 1300 1300 76 46 0 76 52 0 76 42 0 76 44 0 15006 1210000 18150 786928 1060000 833160
 5323.923790 26099 1300 1300 1300 1300 76 46 0 76 52 0 76 42 0 76 44 0 15250 1210000 18150 786928 1060000 833160
 5324.123773 26100 1300 1300 1300 1300 77 46 0 77 52 0 77 42 0 77 44 0 15006 1210000 18150 787750 1060000 834220
 5324.323773 26101 1300 1300 1300 1300 77 46 0 77 52 0 77 42 0 77 44 0 15250 1210000 18150 789120 1060000 836340
 5324.523819 26102 1300 1300 1300 1300 77 46 0 77 52 0 77 42 0 77 44 0 15250 1210000 18150 789120 1060000 836340
 5324.723801 26103 1300 1300 1300 1300 77 46 0 77 52 0 77 42 0 77 44 0 15006 1210000 18150 790490 1060000 837400
 5324.923800 26104 1300 1300 1300 1300 77 46 0 77 52 0 77 42 0 77 44 0 15006 1210000 18150 792408 1060000 839520
 5325.123797 26105 1300 1300 1300 1300 77 46 0 77 52 0 77 42 0 77 44 0 15006 1210000 18150 792134 1060000 839520
 5325.323802 26106 1300 1300 1300 1300 77 46 0 77 52 0 77 42 0 77 44 0 15250 1210000 18150 789120 1060000 836340
 5325.523801 26107 1300 1300 1300 1300 77 46 0 77 52 0 77 42 0 77 44 0 15250 1210000 18150 789120 1060000 836340
 5325.723802 26108 1300 1300 1300 1300 77 46 0 77 52 0 77 42 0 77 44 0 15006 1210000 18150 788024 1060000 835280
 5325.923801 26109 1300 1300 1300 1300 77 46 0 77 52 0 77 42 0 77 44 0 15006 1210000 18150 786654 1060000 833160
 5326.123800 26110 1300 1300 1300 1300 77 46 0 77 52 0 77 42 0 77 44 0 14762 1210000 16940 789120 1060000 836340
 5326.323801 26111 1300 1300 1300 1300 77 46 0 77 52 0 77 42 0 77 44 0 14762 1210000 16940 789120 1060000 836340
 5326.523801 26112 1300 1300 1300 1300 77 46 0 77 52 0 77 42 0 77 44 0 15250 1210000 18150 788572 1060000 835280
 5326.723800 26113 1300 1300 1300 1300 77 46 0 77 52 0 77 42 0 77 44 0 15006 1210000 18150 788024 1060000 835280
 5326.923801 26114 1300 1300 1300 1300 77 46 0 77 52 0 77 42 0 77 44 0 15250 1210000 18150 788572 1060000 835280
 5327.123800 26115 1300 1300 1300 1300 77 46 0 77 52 0 77 42 0 77 44 0 15250 1210000 18150 788572 1060000 835280
 5327.323801 26116 1300 1300 1300 1300 77 46 0 77 52 0 77 42 0 77 44 0 15006 1210000 18150 791860 1060000 838460
 5327.523852 26117 1300 1300 1300 1300 77 46 0 77 52 0 77 42 0 77 44 0 15006 1210000 18150 786106 1060000 833160
 5327.723801 26118 1300 1300 1300 1300 77 46 0 77 52 0 77 42 0 77 44 0 15250 1210000 18150 788024 1060000 835280
 5327.923801 26119 1300 1300 1300 1300 77 46 0 77 52 0 77 42 0 77 44 0 15250 1210000 18150 788024 1060000 835280
 5328.123803 26120 1300 1300 1300 1300 77 46 0 77 52 0 77 42 0 77 44 0 15250 1210000 18150 789120 1060000 836340
 5328.323802 26121 1300 1300 1300 1300 77 46 0 77 52 0 77 42 0 77 44 0 15250 1210000 18150 789120 1060000 836340
 5328.523802 26122 1300 1300 1300 1300 77 46 0 77 52 0 77 42 0 77 44 0 15006 1210000 18150 788572 1060000 835280
 5328.723793 26123 1300 1300 1300 1300 77 46 0 77 52 0 77 42 0 77 44 0 15006 1210000 18150 788572 1060000 835280
 5328.923792 26124 1300 1300 1300 1300 77 46 0 77 52 0 77 42 0 77 44 0 15006 1210000 18150 788572 1060000 835280
 5329.123792 26125 1300 1300 1300 1300 76 46 0 76 52 0 76 42 0 76 44 0 15250 1210000 18150 405520 1058750 428490
 5329.323792 26126 1300 1300 1300 1300 76 46 0 76 52 0 76 42 0 76 44 0 14762 1210000 16940 62746 1057500 65534
 5329.523791 26127 1300 1300 1300 1300 76 46 0 76 52 0 76 42 0 76 44 0 14762 1210000 16940 62746 1057500 65534
 5329.723795 26128 1300 1300 1300 1300 76 46 0 76 52 0 76 42 0 76 44 0 15250 1210000 18150 60828 1057500 63420
 5329.923790 26129 1300 1300 1300 1300 76 46 0 76 52 0 76 42 0 76 44 0 15006 1210000 18150 65486 1057500 68705
 5330.123793 26130 1300 1300 1300 1300 75 46 0 75 52 0 75 42 0 75 44 0 15006 1210000 18150 61924 1057500 64477
 5330.323793 26131 1300 1300 1300 1300 75 46 0 75 52 0 75 42 0 75 44 0 15006 1210000 18150 61924 1057500 64477
