24545.624936 120582 500 500 500 500 73 46 0 73 52 0 73 42 0 73 44 0 16226 1086250 17376 7398 958750 6706
24545.824911 120583 500 500 500 500 73 46 0 73 52 0 73 42 0 73 44 0 17751 1085000 18445 7124 958750 6706
24546.024910 120584 500 500 500 500 73 46 0 73 52 0 73 42 0 73 44 0 17751 1085000 18445 7124 958750 6706
24546.224910 120585 500 500 500 500 73 46 0 73 52 0 73 42 0 73 44 0 16775 1085000 17360 7124 958750 6706
24546.424909 120586 500 500 500 500 73 46 0 73 52 0 73 42 0 73 44 0 16775 1085000 17360 7398 958750 6706
24546.624910 120587 500 500 500 500 73 46 0 73 52 0 73 42 0 73 44 0 16775 1086250 17376 7398 958750 6706
24546.824909 120588 500 500 500 500 73 46 0 73 52 0 73 42 0 73 44 0 16775 1086250 17376 7398 958750 6706
24547.024909 120589 500 500 500 500 73 46 0 73 52 0 73 42 0 73 44 0 17019 1085000 18445 7124 958750 6706
24547.224909 120590 500 500 500 500 73 46 0 73 52 0 73 42 0 73 44 0 16775 1085000 17360 7124 958750 6706
24547.424909 120591 500 500 500 500 73 46 0 73 52 0 73 42 0 73 44 0 15982 1085000 16275 7398 958750 6706
24547.624908 120592 500 500 500 500 73 46 0 73 52 0 73 42 0 73 44 0 15982 1085000 16275 7398 958750 6706
24547.824908 120593 500 500 500 500 73 46 0 73 52 0 73 42 0 73 44 0 16775 1086250 17376 7398 958750 6706
24548.024915 120594 500 500 500 500 73 46 0 73 52 0 73 42 0 73 44 0 16470 1085000 17360 7124 958750 6706
24548.224911 120595 500 500 500 500 73 46 0 73 52 0 73 42 0 73 44 0 45994 1085000 48825 7398 958750 6706
24548.424911 120596 500 500 500 500 73 46 0 73 52 0 73 42 0 73 44 0 16775 1085000 17360 7124 958750 6706
24548.624911 120597 500 500 500 500 73 46 0 73 52 0 73 42 0 73 44 0 16775 1085000 17360 7124 958750 6706
24548.824915 120598 500 500 500 500 73 46 0 73 52 0 73 42 0 73 44 0 16775 1086250 17376 7398 958750 6706
24549.024980 120599 500 500 500 500 73 46 0 73 52 0 73 42 0 73 44 0 71736 1083750 76893 7124 958750 6706
24549.224967 120600 500 500 500 500 73 46 0 73 52 0 73 42 0 73 44 0 119987 1083750 128877 7398 958750 6706
24549.424974 120601 500 500 500 500 73 46 0 73 52 0 73 42 0 73 44 0 119987 1083750 128877 7398 958750 6706
24549.624947 120602 500 500 500 500 73 46 0 73 52 0 73 42 0 73 44 0 116510 1083750 125628 7398 958750 6706
24549.824889 120603 500 500 500 500 73 46 0 73 52 0 73 42 0 73 44 0 112972 1083750 121296 7398 958750 6706
24550.024938 120604 500 500 500 500 73 46 0 73 52 0 73 42 0 73 44 0 109495 1083750 118047 7398 958750 6706
24550.224917 120605 500 500 500 500 73 46 0 73 52 0 73 42 0 73 44 0 109495 1083750 118047 7398 958750 6706
24550.424915 120606 500 500 500 500 73 46 0 73 52 0 73 42 0 73 44 0 106750 1083750 114798 7398 958750 6706
24550.624916 120607 500 500 500 500 73 46 0 73 52 0 73 42 0 73 44 0 105774 1083750 113715 7398 958750 6706
24550.824908 120608 500 500 500 500 73 46 0 73 52 0 73 42 0 73 44 0 106262 1083750 114798 7398 958750 6706
24551.024950 120609 500 500 500 500 73 46 0 73 52 0 73 42 0 73 44 0 106262 1083750 114798 7398 958750 6706
24551.224915 120610 500 500 500 500 73 46 0 73 52 0 73 42 0 73 44 0 105774 1083750 113715 7398 958750 6706
24551.424914 120611 500 500 500 500 73 46 0 73 52 0 73 42 0 73 44 0 105225 1083750 113715 7398 958750 6706
24551.624908 120612 500 500 500 500 73 46 0 73 52 0 73 42 0 73 44 0 105469 1083750 113715 7124 958750 6706
24551.824914 120613 500 500 500 500 73 46 0 73 52 0 73 42 0 73 44 0 105469 1083750 113715 7124 958750 6706
24552.024927 120614 500 500 500 500 73 46 0 73 52 0 73 42 0 73 44 0 105469 1083750 113715 7398 958750 6706
24552.224914 120615 500 500 500 500 73 46 0 73 52 0 73 42 0 73 44 0 106018 1083750 114798 7398 958750 6706
24552.424914 120616 500 500 500 500 73 46 0 73 52 0 73 42 0 73 44 0 105774 1083750 113715 7398 958750 6706
24552.624914 120617 500 500 500 500 73 46 0 73 52 0 73 42 0 73 44 0 105774 1083750 113715 7398 958750 6706
24552.824931 120618 500 500 500 500 73 46 0 73 52 0 73 42 0 73 44 0 105469 1083750 113715 7398 958750 6706
24553.024933 120619 500 500 500 500 73 46 0 73 52 0 73 42 0 73 44 0 105774 1083750 113715 7124 958750 6706
24553.224907 120620 500 500 500 500 73 46 0 73 52 0 73 42 0 73 44 0 105469 1083750 113715 7398 958750 6706
24553.424913 120621 500 500 500 500 73 46 0 73 52 0 73 42 0 73 44 0 105469 1083750 113715 7398 958750 6706
24553.624915 120622 500 500 500 500 73 46 0 73 52 0 73 42 0 73 44 0 106018 1083750 114798 7398 958750 6706
24553.824915 120623 500 500 500 500 73 46 0 73 52 0 73 42 0 73 44 0 106018 1083750 114798 7398 958750 6706
24554.024927 120624 500 500 500 500 73 46 0 73 52 0 73 42 0 73 44 0 106018 1083750 114798 7398 958750 6706
24554.225436 120625 500 500 500 500 73 46 0 73 52 0 73 42 0 73 44 0 106018 1083750 114798 7398 958750 6706
24554.424914 120626 500 500 500 500 73 46 0 73 52 0 73 42 0 73 44 0 106018 1083750 114798 7398 958750 6706
24554.624914 120627 500 500 500 500 73 46 0 73 52 0 73 42 0 73 44 0 105774 1083750 113715 7124 958750 6706
24554.824914 120628 500 500 500 500 73 46 0 73 52 0 73 42 0 73 44 0 105225 1083750 113715 7398 958750 6706
24555.024925 120629 500 500 500 500 73 46 0 73 52 0 73 42 0 73 44 0 105225 1083750 113715 7398 958750 6706
24555.224914 120630 500 500 500 500 73 46 0 73 52 0 73 42 0 73 44 0 105225 1083750 113715 7398 958750 6706
24555.424913 120631 500 500 500 500 73 46 0 73 52 0 73 42 0 73 44 0 106262 1083750 114798 7398 958750 6706
24555.624914 120632 500 500 500 500 73 46 0 73 52 0 73 42 0 73 44 0 106262 1083750 114798 7398 958750 6706
24555.824914 120633 500 500 500 500 73 46 0 73 52 0 73 42 0 73 44 0 106018 1083750 114798 7398 958750 6706
24556.024931 120634 500 500 500 500 73 46 0 73 52 0 73 42 0 73 44 0 106018 1083750 114798 7398 958750 6706
24556.224915 120635 500 500 500 500 73 46 0 73 52 0 73 42 0 73 44 0 106262 1083750 114798 7398 958750 6706
24556.424914 120636 500 500 500 500 73 46 0 73 52 0 73 42 0 73 44 0 106262 1083750 114798 7398 958750 6706
24556.624908 120637 500 500 500 500 73 46 0 73 52 0 73 42 0 73 44 0 105774 1083750 113715 7398 958750 6706
24556.824914 120638 500 500 500 500 73 46 0 73 52 0 73 42 0 73 44 0 105774 1083750 113715 7398 958750 6706
24557.024942 120639 500 500 500 500 73 46 0 73 52 0 73 42 0 73 44 0 105774 1083750 113715 7398 958750 6706
24557.224895 120640 500 500 500 500 73 46 0 73 52 0 73 42 0 73 44 0 106262 1083750 114798 7398 958750 6706
24557.424894 120641 500 500 500 500 73 46 0 73 52 0 73 42 0 73 44 0 105774 1083750 113715 7398 958750 6706
24557.624895 120642 500 500 500 500 73 46 0 73 52 0 73 42 0 73 44 0 105774 1083750 113715 7398 958750 6706
24557.824895 120643 500 500 500 500 73 46 0 73 52 0 73 42 0 73 44 0 106262 1083750 114798 7124 958750 6706
24558.024957 120644 500 500 500 500 73 46 0 73 52 0 73 42 0 73 44 0 106018 1083750 114798 7124 958750 6706
24558.224932 120645 500 500 500 500 73 46 0 73 52 0 73 42 0 73 44 0 105774 1083750 113715 7398 958750 6706
24558.424915 120646 500 500 500 500 73 46 0 73 52 0 73 42 0 73 44 0 105774 1083750 113715 7398 958750 6706
24558.624914 120647 500 500 500 500 73 46 0 73 52 0 73 42 0 73 44 0 106750 1083750 114798 7398 958750 6706
24558.824913 120648 500 500 500 500 73 46 0 73 52 0 73 42 0 73 44 0 106262 1083750 114798 7398 958750 6706
24559.024921 120649 500 500 500 500 73 46 0 73 52 0 73 42 0 73 44 0 106018 1083750 114798 7398 958750 6706
24559.224913 120650 500 500 500 500 73 46 0 73 52 0 73 42 0 73 44 0 106018 1083750 114798 7398 958750 6706
24559.424907 120651 500 500 500 500 73 46 0 73 52 0 73 42 0 73 44 0 106506 1083750 114798 7398 958750 6706
24559.624914 120652 500 500 500 500 73 46 0 73 52 0 73 42 0 73 44 0 106262 1083750 114798 7398 958750 6706
24559.824915 120653 500 500 500 500 73 46 0 73 52 0 73 42 0 73 44 0 106262 1083750 114798 7398 958750 6706
24560.024926 120654 500 500 500 500 73 46 0 73 52 0 73 42 0 73 44 0 106262 1083750 114798 7398 958750 6706
24560.224914 120655 500 500 500 500 73 46 0 73 52 0 73 42 0 73 44 0 106506 1083750 114798 7124 958750 6706
24560.424916 120656 500 500 500 500 73 46 0 73 52 0 73 42 0 73 44 0 105774 1083750 113715 7398 958750 6706
24560.624913 120657 500 500 500 500 73 46 0 73 52 0 73 42 0 73 44 0 106750 1083750 114798 7398 958750 6706
24560.824891 120658 500 500 500 500 73 46 0 73 52 0 73 42 0 73 44 0 106262 1083750 114798 7398 958750 6706
24561.024927 120659 500 500 500 500 73 46 0 73 52 0 73 42 0 73 44 0 106262 1083750 114798 7398 958750 6706
24561.224913 120660 500 500 500 500 73 46 0 73 52 0 73 42 0 73 44 0 106262 1083750 114798 7398 958750 6706
24561.424907 120661 500 500 500 500 73 46 0 73 52 0 73 42 0 73 44 0 106262 1083750 114798 7398 958750 6706
24561.624913 120662 500 500 500 500 73 46 0 73 52 0 73 42 0 73 44 0 105469 1083750 113715 7398 958750 6706
24561.824914 120663 500 500 500 500 73 46 0 73 52 0 73 42 0 73 44 0 105469 1083750 113715 7398 958750 6706
24562.024930 120664 500 500 500 500 73 46 0 73 52 0 73 42 0 73 44 0 106018 1083750 114798 7398 958750 6706
24562.224914 120665 500 500 500 500 73 46 0 73 52 0 73 42 0 73 44 0 106018 1083750 114798 7398 958750 6706
24562.424913 120666 500 500 500 500 73 46 0 73 52 0 73 42 0 73 44 0 106018 1083750 114798 7398 958750 6706
24562.624914 120667 500 500 500 500 73 46 0 73 52 0 73 42 0 73 44 0 106018 1083750 114798 7398 958750 6706
24562.824914 120668 500 500 500 500 73 46 0 73 52 0 73 42 0 73 44 0 106018 1083750 114798 7398 958750 6706
24563.024953 120669 500 500 500 500 73 46 0 73 52 0 73 42 0 73 44 0 105469 1083750 113715 7398 958750 6706
24563.224913 120670 500 500 500 500 73 46 0 73 52 0 73 42 0 73 44 0 105469 1083750 113715 7398 958750 6706
24563.424913 120671 500 500 500 500 73 46 0 73 52 0 73 42 0 73 44 0 105469 1083750 113715 7398 958750 6706
24563.624913 120672 500 500 500 500 73 46 0 73 52 0 73 42 0 73 44 0 105774 1083750 113715 7398 958750 6706
24563.824907 120673 500 500 500 500 73 46 0 73 52 0 73 42 0 73 44 0 105469 1083750 113715 7398 958750 6706
24564.024925 120674 500 500 500 500 73 46 0 73 52 0 73 42 0 73 44 0 105774 1083750 113715 7398 958750 6706
24564.224914 120675 500 500 500 500 73 46 0 73 52 0 73 42 0 73 44 0 105774 1083750 113715 7398 958750 6706
24564.424914 120676 500 500 500 500 73 46 0 73 52 0 73 42 0 73 44 0 106018 1083750 114798 7398 958750 6706
24564.624914 120677 500 500 500 500 73 46 0 73 52 0 73 42 0 73 44 0 105469 1083750 113715 7398 958750 6706
24564.824907 120678 500 500 500 500 73 46 0 73 52 0 73 42 0 73 44 0 105469 1083750 113715 7398 958750 6706
24565.024929 120679 500 500 500 500 73 46 0 73 52 0 73 42 0 73 44 0 105469 1083750 113715 7398 958750 6706
24565.224913 120680 500 500 500 500 73 46 0 73 52 0 73 42 0 73 44 0 105469 1083750 113715 7398 958750 6706
24565.424913 120681 500 500 500 500 73 46 0 73 52 0 73 42 0 73 44 0 105469 1083750 113715 7398 958750 6706
24565.624915 120682 500 500 500 500 73 46 0 73 52 0 73 42 0 73 44 0 105469 1083750 113715 7398 958750 6706
24565.824915 120683 500 500 500 500 73 46 0 73 52 0 73 42 0 73 44 0 105469 1083750 113715 7398 958750 6706
24566.024928 120684 500 500 500 500 73 46 0 73 52 0 73 42 0 73 44 0 105469 1083750 113715 7398 958750 6706
24566.224914 120685 500 500 500 500 73 46 0 73 52 0 73 42 0 73 44 0 105225 1083750 113715 7398 958750 6706
24566.424914 120686 500 500 500 500 73 46 0 73 52 0 73 42 0 73 44 0 106018 1083750 114798 7398 958750 6706
24566.624897 120687 500 500 500 500 73 46 0 73 52 0 73 42 0 73 44 0 106018 1083750 114798 7398 958750 6706
24566.824914 120688 500 500 500 500 73 46 0 73 52 0 73 42 0 73 44 0 105774 1083750 113715 7398 958750 6706
24567.024926 120689 500 500 500 500 73 46 0 73 52 0 73 42 0 73 44 0 106262 1083750 114798 7398 958750 6706
24567.224907 120690 500 500 500 500 73 46 0 73 52 0 73 42 0 73 44 0 105774 1083750 113715 7398 958750 6706
24567.424913 120691 500 500 500 500 73 46 0 73 52 0 73 42 0 73 44 0 105774 1083750 113715 7398 958750 6706
24567.624914 120692 500 500 500 500 73 46 0 73 52 0 73 42 0 73 44 0 105774 1083750 113715 7398 958750 6706
24567.824913 120693 500 500 500 500 73 46 0 73 52 0 73 42 0 73 44 0 105774 1083750 113715 7398 958750 6706
24568.024928 120694 500 500 500 500 73 46 0 73 52 0 73 42 0 73 44 0 106018 1083750 114798 7398 958750 6706
24568.224914 120695 500 500 500 500 73 46 0 73 52 0 73 42 0 73 44 0 106506 1083750 114798 7398 958750 6706
24568.424915 120696 500 500 500 500 73 46 0 73 52 0 73 42 0 73 44 0 106506 1083750 114798 7398 958750 6706
24568.624914 120697 500 500 500 500 74 46 0 74 52 0 74 42 0 74 44 0 106018 1083750 114798 7398 958750 6706
24568.824914 120698 500 500 500 500 74 46 0 74 52 0 74 42 0 74 44 0 105225 1083750 113715 7398 958750 6706
24569.024954 120699 500 500 500 500 73 46 0 73 52 0 73 42 0 73 44 0 106262 1083750 114798 7398 958750 6706
24569.224913 120700 500 500 500 500 73 46 0 73 52 0 73 42 0 73 44 0 106262 1083750 114798 7398 958750 6706
24569.424913 120701 500 500 500 500 73 46 0 73 52 0 73 42 0 73 44 0 106018 1083750 114798 7398 958750 6706
24569.624908 120702 500 500 500 500 73 46 0 73 52 0 73 42 0 73 44 0 106262 1083750 114798 7398 958750 6706
24569.824913 120703 500 500 500 500 73 46 0 73 52 0 73 42 0 73 44 0 106018 1083750 114798 7398 958750 6706
24570.024926 120704 500 500 500 500 74 46 0 74 52 0 74 42 0 74 44 0 106018 1083750 114798 7398 958750 6706
24570.224913 120705 500 500 500 500 74 46 0 74 52 0 74 42 0 74 44 0 106262 1083750 114798 7398 958750 6706
24570.424941 120706 500 500 500 500 74 46 0 74 52 0 74 42 0 74 44 0 105774 1083750 113715 7398 958750 6706
24570.624914 120707 500 500 500 500 73 46 0 73 52 0 73 42 0 73 44 0 106262 1083750 114798 7398 958750 6706
24570.824914 120708 500 500 500 500 73 46 0 73 52 0 73 42 0 73 44 0 106262 1083750 114798 7398 958750 6706
24571.024931 120709 500 500 500 500 73 46 0 73 52 0 73 42 0 73 44 0 109739 1083750 118047 7398 958750 6706
24571.224914 120710 500 500 500 500 73 46 0 73 52 0 73 42 0 73 44 0 105774 1083750 113715 7398 958750 6706
24571.424913 120711 500 500 500 500 73 46 0 73 52 0 73 42 0 73 44 0 106262 1083750 114798 7124 958750 6706
24571.624916 120712 500 500 500 500 73 46 0 73 52 0 73 42 0 73 44 0 106262 1083750 114798 7124 958750 6706
24571.824913 120713 500 500 500 500 73 46 0 73 52 0 73 42 0 73 44 0 106018 1083750 114798 7398 958750 6706
24572.024920 120714 500 500 500 500 73 46 0 73 52 0 73 42 0 73 44 0 106018 1083750 114798 7398 958750 6706
24572.224913 120715 500 500 500 500 73 46 0 73 52 0 73 42 0 73 44 0 106018 1083750 114798 7398 958750 6706
24572.424913 120716 500 500 500 500 73 46 0 73 52 0 73 42 0 73 44 0 106018 1083750 114798 7398 958750 6706
24572.624914 120717 500 500 500 500 73 46 0 73 52 0 73 42 0 73 44 0 106018 1083750 114798 7398 958750 6706
24572.824913 120718 500 500 500 500 73 46 0 73 52 0 73 42 0 73 44 0 105774 1083750 113715 7124 958750 6706
24573.024920 120719 500 500 500 500 73 46 0 73 52 0 73 42 0 73 44 0 106018 1083750 114798 7398 958750 6706
24573.224847 120720 500 500 500 500 73 46 0 73 52 0 73 42 0 73 44 0 106506 1083750 114798 7398 958750 6706
24573.424913 120721 500 500 500 500 73 46 0 73 52 0 73 42 0 73 44 0 106506 1083750 114798 7398 958750 6706
24573.624914 120722 500 500 500 500 73 46 0 73 52 0 73 42 0 73 44 0 106018 1083750 114798 7398 958750 6706
24573.824913 120723 500 500 500 500 73 46 0 73 52 0 73 42 0 73 44 0 106262 1083750 114798 7398 958750 6706
24574.024929 120724 500 500 500 500 73 46 0 73 52 0 73 42 0 73 44 0 106262 1083750 114798 7398 958750 6706
24574.224913 120725 500 500 500 500 73 46 0 73 52 0 73 42 0 73 44 0 106262 1083750 114798 7398 958750 6706
24574.424913 120726 500 500 500 500 73 46 0 73 52 0 73 42 0 73 44 0 106018 1083750 114798 7398 958750 6706
24574.624914 120727 500 500 500 500 73 46 0 73 52 0 73 42 0 73 44 0 106018 1083750 114798 7398 958750 6706
24574.824913 120728 500 500 500 500 74 46 0 74 52 0 74 42 0 74 44 0 106018 1083750 114798 7398 958750 6706
24575.024954 120729 500 500 500 500 73 46 0 73 52 0 73 42 0 73 44 0 106018 1083750 114798 7398 958750 6706
24575.224913 120730 500 500 500 500 73 46 0 73 52 0 73 42 0 73 44 0 105469 1083750 113715 7398 958750 6706
24575.424907 120731 500 500 500 500 73 46 0 73 52 0 73 42 0 73 44 0 106506 1083750 114798 7398 958750 6706
24575.624914 120732 500 500 500 500 73 46 0 73 52 0 73 42 0 73 44 0 106018 1083750 114798 7398 958750 6706
24575.824915 120733 500 500 500 500 73 46 0 73 52 0 73 42 0 73 44 0 106018 1083750 114798 7398 958750 6706
24576.024927 120734 500 500 500 500 74 46 0 74 52 0 74 42 0 74 44 0 106018 1083750 114798 7398 958750 6706
24576.224914 120735 500 500 500 500 74 46 0 74 52 0 74 42 0 74 44 0 106018 1083750 114798 7398 958750 6706
24576.424913 120736 500 500 500 500 74 46 0 74 52 0 74 42 0 74 44 0 105469 1083750 113715 7398 958750 6706
24576.624914 120737 500 500 500 500 74 46 0 74 52 0 74 42 0 74 44 0 105469 1083750 113715 7398 958750 6706
24576.824914 120738 500 500 500 500 74 46 0 74 52 0 74 42 0 74 44 0 105774 1083750 113715 7398 958750 6706
24577.024929 120739 500 500 500 500 74 46 0 74 52 0 74 42 0 74 44 0 104981 1083750 112632 7398 958750 6706
24577.224913 120740 500 500 500 500 74 46 0 74 52 0 74 42 0 74 44 0 106506 1083750 114798 7398 958750 6706
24577.424913 120741 500 500 500 500 74 46 0 74 52 0 74 42 0 74 44 0 106506 1083750 114798 7398 958750 6706
24577.624914 120742 500 500 500 500 74 46 0 74 52 0 74 42 0 74 44 0 105774 1083750 113715 7398 958750 6706
24577.824908 120743 500 500 500 500 74 46 0 74 52 0 74 42 0 74 44 0 105469 1083750 113715 7398 958750 6706
24578.024966 120744 500 500 500 500 73 46 0 73 52 0 73 42 0 73 44 0 105469 1083750 113715 7398 958750 6706
24578.224913 120745 500 500 500 500 73 46 0 73 52 0 73 42 0 73 44 0 105469 1083750 113715 7398 958750 6706
24578.424912 120746 500 500 500 500 73 46 0 73 52 0 73 42 0 73 44 0 106018 1083750 114798 7398 958750 6706
24578.624913 120747 500 500 500 500 73 46 0 73 52 0 73 42 0 73 44 0 105774 1083750 113715 7398 958750 6706
24578.824913 120748 500 500 500 500 73 46 0 73 52 0 73 42 0 73 44 0 105774 1083750 113715 7398 958750 6706
24579.024912 120749 500 500 500 500 73 46 0 73 52 0 73 42 0 73 44 0 105774 1083750 113715 7398 958750 6706
24579.224914 120750 500 500 500 500 73 46 0 73 52 0 73 42 0 73 44 0 106018 1083750 114798 7398 958750 6706
24579.424913 120751 500 500 500 500 73 46 0 73 52 0 73 42 0 73 44 0 106018 1083750 114798 7398 958750 6706
24579.624914 120752 500 500 500 500 73 46 0 73 52 0 73 42 0 73 44 0 105469 1083750 113715 7398 958750 6706
24579.824915 120753 500 500 500 500 73 46 0 73 52 0 73 42 0 73 44 0 106262 1083750 114798 7398 958750 6706
24580.024912 120754 500 500 500 500 73 46 0 73 52 0 73 42 0 73 44 0 106262 1083750 114798 7398 958750 6706
24580.224913 120755 500 500 500 500 73 46 0 73 52 0 73 42 0 73 44 0 106262 1083750 114798 7398 958750 6706
24580.424918 120756 500 500 500 500 73 46 0 73 52 0 73 42 0 73 44 0 106506 1083750 114798 7398 958750 6706
24580.624915 120757 500 500 500 500 73 46 0 73 52 0 73 42 0 73 44 0 107970 1083750 115881 7398 958750 6706
24580.824914 120758 500 500 500 500 73 46 0 73 52 0 73 42 0 73 44 0 107970 1083750 115881 7398 958750 6706
24581.024956 120759 500 500 500 500 73 46 0 73 52 0 73 42 0 73 44 0 105774 1083750 113715 7398 958750 6706
24581.224914 120760 500 500 500 500 73 46 0 73 52 0 73 42 0 73 44 0 105774 1083750 113715 7398 958750 6706
24581.424913 120761 500 500 500 500 73 46 0 73 52 0 73 42 0 73 44 0 106994 1083750 114798 7398 958750 6706
24581.624914 120762 500 500 500 500 73 46 0 73 52 0 73 42 0 73 44 0 106994 1083750 114798 7398 958750 6706
24581.824913 120763 500 500 500 500 73 46 0 73 52 0 73 42 0 73 44 0 105774 1083750 113715 7398 958750 6706
24582.024926 120764 500 500 500 500 74 46 0 74 52 0 74 42 0 74 44 0 105774 1083750 113715 7398 958750 6706
24582.224913 120765 500 500 500 500 74 46 0 74 52 0 74 42 0 74 44 0 106018 1083750 114798 7398 958750 6706
24582.424915 120766 500 500 500 500 74 46 0 74 52 0 74 42 0 74 44 0 106018 1083750 114798 7398 958750 6706
24582.624914 120767 500 500 500 500 74 46 0 74 52 0 74 42 0 74 44 0 105774 1083750 113715 7398 958750 6706
24582.824914 120768 500 500 500 500 74 46 0 74 52 0 74 42 0 74 44 0 106262 1083750 114798 7398 958750 6706
24583.024929 120769 500 500 500 500 73 46 0 73 52 0 73 42 0 73 44 0 106018 1083750 114798 7398 958750 6706
24583.224913 120770 500 500 500 500 73 46 0 73 52 0 73 42 0 73 44 0 106018 1083750 114798 7398 958750 6706
24583.424913 120771 500 500 500 500 73 46 0 73 52 0 73 42 0 73 44 0 105774 1083750 113715 7398 958750 6706
24583.624909 120772 500 500 500 500 73 46 0 73 52 0 73 42 0 73 44 0 105225 1083750 113715 7398 958750 6706
24583.824913 120773 500 500 500 500 73 46 0 73 52 0 73 42 0 73 44 0 106506 1083750 114798 7398 958750 6706
24584.024926 120774 500 500 500 500 74 46 0 74 52 0 74 42 0 74 44 0 106506 1083750 114798 7398 958750 6706
24584.224914 120775 500 500 500 500 74 46 0 74 52 0 74 42 0 74 44 0 106506 1083750 114798 7398 958750 6706
24584.424913 120776 500 500 500 500 74 46 0 74 52 0 74 42 0 74 44 0 106506 1083750 114798 7398 958750 6706
24584.624914 120777 500 500 500 500 74 46 0 74 52 0 74 42 0 74 44 0 106262 1083750 114798 7398 958750 6706
24584.824913 120778 500 500 500 500 74 46 0 74 52 0 74 42 0 74 44 0 106262 1083750 114798 7398 958750 6706
24585.024927 120779 500 500 500 500 74 46 0 74 52 0 74 42 0 74 44 0 105774 1083750 113715 7398 958750 6706
24585.224913 120780 500 500 500 500 74 46 0 74 52 0 74 42 0 74 44 0 106262 1083750 114798 7398 958750 6706
24585.424911 120781 500 500 500 500 74 46 0 74 52 0 74 42 0 74 44 0 105774 1083750 113715 7398 958750 6706
24585.624896 120782 500 500 500 500 74 46 0 74 52 0 74 42 0 74 44 0 105774 1083750 113715 7398 958750 6706
24585.824913 120783 500 500 500 500 74 46 0 74 52 0 74 42 0 74 44 0 106262 1083750 114798 7398 958750 6706
24586.024925 120784 500 500 500 500 74 46 0 74 52 0 74 42 0 74 44 0 106018 1083750 114798 7398 958750 6706
24586.224914 120785 500 500 500 500 74 46 0 74 52 0 74 42 0 74 44 0 105469 1083750 113715 7398 958750 6706
24586.424913 120786 500 500 500 500 74 46 0 74 52 0 74 42 0 74 44 0 106018 1083750 114798 7398 958750 6706
24586.624914 120787 500 500 500 500 74 46 0 74 52 0 74 42 0 74 44 0 106018 1083750 114798 7398 958750 6706
24586.824913 120788 500 500 500 500 74 46 0 74 52 0 74 42 0 74 44 0 105469 1083750 113715 7398 958750 6706
24587.024953 120789 500 500 500 500 74 46 0 74 52 0 74 42 0 74 44 0 106018 1083750 114798 7398 958750 6706
24587.224913 120790 500 500 500 500 74 46 0 74 52 0 74 42 0 74 44 0 106018 1083750 114798 7398 958750 6706
24587.424913 120791 500 500 500 500 74 46 0 74 52 0 74 42 0 74 44 0 106018 1083750 114798 7398 958750 6706
24587.624913 120792 500 500 500 500 74 46 0 74 52 0 74 42 0 74 44 0 105469 1083750 113715 7398 958750 6706
24587.824937 120793 500 500 500 500 74 46 0 74 52 0 74 42 0 74 44 0 105774 1083750 113715 7398 958750 6706
24588.024931 120794 500 500 500 500 74 46 0 74 52 0 74 42 0 74 44 0 50264 1085000 54250 7398 958750 6706
24588.224914 120795 500 500 500 500 74 46 0 74 52 0 74 42 0 74 44 0 50264 1085000 54250 7398 958750 6706
24588.424908 120796 500 500 500 500 74 46 0 74 52 0 74 42 0 74 44 0 16470 1085000 17360 7398 958750 6706
24588.624915 120797 500 500 500 500 74 46 0 74 52 0 74 42 0 74 44 0 16226 1085000 17360 7398 958750 6706
24588.824914 120798 500 500 500 500 74 46 0 74 52 0 74 42 0 74 44 0 16226 1085000 17360 7398 958750 6706
