36619.189955 180948 250 250 250 250 73 46 0 73 52 0 73 42 0 73 44 0 9272 950000 8550 8220 1021250 8168
36619.389954 180949 250 250 250 250 73 46 0 73 52 0 73 42 0 73 44 0 9028 950000 8550 8220 1021250 8168
36619.589953 180950 250 250 250 250 73 46 0 73 52 0 73 42 0 73 44 0 9028 950000 8550 8220 1021250 8168
36619.789964 180951 250 250 250 250 73 46 0 73 52 0 73 42 0 73 44 0 9028 950000 8550 8220 1021250 8168
36619.989952 180952 250 250 250 250 73 46 0 73 52 0 73 42 0 73 44 0 9028 950000 8550 8220 1021250 8168
36620.189956 180953 250 250 250 250 73 46 0 73 52 0 73 42 0 73 44 0 8723 950000 7600 8220 1021250 8168
36620.389978 180954 250 250 250 250 73 46 0 73 52 0 73 42 0 73 44 0 8723 950000 7600 8220 1021250 8168
36620.589953 180955 250 250 250 250 73 46 0 73 52 0 73 42 0 73 44 0 9028 950000 8550 8220 1021250 8168
36620.789960 180956 250 250 250 250 73 46 0 73 52 0 73 42 0 73 44 0 8723 950000 7600 7946 1021250 7147
36620.990046 180957 250 250 250 250 73 46 0 73 52 0 73 42 0 73 44 0 8723 950000 7600 7946 1021250 7147
36621.189941 180958 250 250 250 250 73 46 0 73 52 0 73 42 0 73 44 0 8723 950000 7600 7946 1021250 7147
36621.389958 180959 250 250 250 250 73 46 0 73 52 0 73 42 0 73 44 0 29768 950000 27550 8220 1021250 8168
36621.589957 180960 250 250 250 250 73 46 0 73 52 0 73 42 0 73 44 0 8723 950000 7600 7946 1021250 7147
36621.789955 180961 250 250 250 250 73 46 0 73 52 0 73 42 0 73 44 0 8479 950000 7600 8220 1021250 8168
36621.989863 180962 250 250 250 250 73 46 0 73 52 0 73 42 0 73 44 0 8479 950000 7600 8220 1021250 8168
36622.189928 180963 250 250 250 250 73 46 0 73 52 0 73 42 0 73 44 0 32757 948750 30336 7946 1021250 7147
36622.394925 180964 250 250 250 250 73 46 0 73 52 0 73 42 0 73 44 0 52521 948750 49296 8220 1021250 8168
36622.594903 180965 250 250 250 250 73 46 0 73 52 0 73 42 0 73 44 0 56242 948750 53088 8220 1021250 8168
36622.794941 180966 250 250 250 250 73 46 0 73 52 0 73 42 0 73 44 0 55022 948750 52140 8220 1021250 8168
36622.994884 180967 250 250 250 250 73 46 0 73 52 0 73 42 0 73 44 0 55022 948750 52140 8220 1021250 8168
36623.194910 180968 250 250 250 250 73 46 0 73 52 0 73 42 0 73 44 0 53741 948750 50244 8220 1021250 8168
36623.394901 180969 250 250 250 250 73 46 0 73 52 0 73 42 0 73 44 0 54229 948750 51192 8220 1021250 8168
36623.594888 180970 250 250 250 250 73 46 0 73 52 0 73 42 0 73 44 0 54229 948750 51192 8220 1021250 8168
36623.794993 180971 250 250 250 250 73 46 0 73 52 0 73 42 0 73 44 0 54229 948750 51192 8220 1021250 8168
36623.995000 180972 250 250 250 250 73 46 0 73 52 0 73 42 0 73 44 0 55022 948750 52140 8220 1021250 8168
36624.194927 180973 250 250 250 250 73 46 0 73 52 0 73 42 0 73 44 0 51484 948750 48348 8220 1021250 8168
36624.394942 180974 250 250 250 250 73 46 0 73 52 0 73 42 0 73 44 0 51240 948750 48348 8220 1021250 8168
36624.594948 180975 250 250 250 250 73 46 0 73 52 0 73 42 0 73 44 0 51240 948750 48348 8220 1021250 8168
36624.794957 180976 250 250 250 250 73 46 0 73 52 0 73 42 0 73 44 0 48251 948750 45504 8220 1021250 8168
36624.994964 180977 250 250 250 250 73 46 0 73 52 0 73 42 0 73 44 0 48251 948750 45504 8220 1021250 8168
36625.194947 180978 250 250 250 250 73 46 0 73 52 0 73 42 0 73 44 0 48251 948750 45504 8220 1021250 8168
36625.394947 180979 250 250 250 250 73 46 0 73 52 0 73 42 0 73 44 0 48251 948750 45504 8220 1021250 8168
36625.594946 180980 250 250 250 250 73 46 0 73 52 0 73 42 0 73 44 0 48007 948750 45504 8220 1021250 8168
36625.794950 180981 250 250 250 250 73 46 0 73 52 0 73 42 0 73 44 0 48251 948750 45504 8220 1021250 8168
36625.994971 180982 250 250 250 250 73 46 0 73 52 0 73 42 0 73 44 0 48007 948750 45504 8220 1021250 8168
36626.194950 180983 250 250 250 250 73 46 0 73 52 0 73 42 0 73 44 0 48007 948750 45504 8220 1021250 8168
36626.394948 180984 250 250 250 250 73 46 0 73 52 0 73 42 0 73 44 0 48251 948750 45504 8220 1021250 8168
36626.594948 180985 250 250 250 250 73 46 0 73 52 0 73 42 0 73 44 0 48251 948750 45504 8220 1021250 8168
36626.794949 180986 250 250 250 250 73 46 0 73 52 0 73 42 0 73 44 0 48007 948750 45504 8220 1021250 8168
36626.994975 180987 250 250 250 250 73 46 0 73 52 0 73 42 0 73 44 0 48007 948750 45504 8220 1021250 8168
36627.194954 180988 250 250 250 250 73 46 0 73 52 0 73 42 0 73 44 0 48007 948750 45504 8220 1021250 8168
36627.394933 180989 250 250 250 250 73 46 0 73 52 0 73 42 0 73 44 0 48007 948750 45504 8220 1021250 8168
36627.594947 180990 250 250 250 250 73 46 0 73 52 0 73 42 0 73 44 0 48007 948750 45504 8220 1021250 8168
36627.794950 180991 250 250 250 250 73 46 0 73 52 0 73 42 0 73 44 0 48007 948750 45504 8220 1021250 8168
36627.994971 180992 250 250 250 250 73 46 0 73 52 0 73 42 0 73 44 0 48495 948750 45504 7946 1021250 7147
36628.194947 180993 250 250 250 250 73 46 0 73 52 0 73 42 0 73 44 0 48251 948750 45504 8220 1021250 8168
36628.394948 180994 250 250 250 250 73 46 0 73 52 0 73 42 0 73 44 0 48251 948750 45504 8220 1021250 8168
36628.594930 180995 250 250 250 250 73 46 0 73 52 0 73 42 0 73 44 0 48251 948750 45504 8220 1021250 8168
36628.794949 180996 250 250 250 250 73 46 0 73 52 0 73 42 0 73 44 0 48251 948750 45504 8220 1021250 8168
36628.994971 180997 250 250 250 250 73 46 0 73 52 0 73 42 0 73 44 0 48007 948750 45504 8220 1021250 8168
36629.194948 180998 250 250 250 250 73 46 0 73 52 0 73 42 0 73 44 0 48007 948750 45504 8220 1021250 8168
36629.394921 180999 250 250 250 250 73 46 0 73 52 0 73 42 0 73 44 0 48251 948750 45504 7946 1021250 7147
36629.594947 181000 250 250 250 250 73 46 0 73 52 0 73 42 0 73 44 0 48251 948750 45504 7946 1021250 7147
36629.794937 181001 250 250 250 250 73 46 0 73 52 0 73 42 0 73 44 0 48251 948750 45504 8220 1021250 8168
36629.994970 181002 250 250 250 250 73 46 0 73 52 0 73 42 0 73 44 0 48007 948750 45504 8220 1021250 8168
36630.194956 181003 250 250 250 250 73 46 0 73 52 0 73 42 0 73 44 0 48251 948750 45504 8220 1021250 8168
36630.394949 181004 250 250 250 250 73 46 0 73 52 0 73 42 0 73 44 0 48251 948750 45504 8220 1021250 8168
36630.594953 181005 250 250 250 250 73 46 0 73 52 0 73 42 0 73 44 0 48251 948750 45504 8220 1021250 8168
36630.794950 181006 250 250 250 250 73 46 0 73 52 0 73 42 0 73 44 0 48251 948750 45504 8220 1021250 8168
36630.994968 181007 250 250 250 250 73 46 0 73 52 0 73 42 0 73 44 0 48251 948750 45504 8220 1021250 8168
36631.194946 181008 250 250 250 250 73 46 0 73 52 0 73 42 0 73 44 0 48251 948750 45504 8220 1021250 8168
36631.394946 181009 250 250 250 250 73 46 0 73 52 0 73 42 0 73 44 0 47763 948750 44556 8220 1021250 8168
36631.594946 181010 250 250 250 250 73 46 0 73 52 0 73 42 0 73 44 0 48007 948750 45504 8220 1021250 8168
36631.794946 181011 250 250 250 250 73 46 0 73 52 0 73 42 0 73 44 0 48495 948750 45504 7946 1021250 7147
36631.994969 181012 250 250 250 250 73 46 0 73 52 0 73 42 0 73 44 0 48495 948750 45504 7946 1021250 7147
36632.194934 181013 250 250 250 250 73 46 0 73 52 0 73 42 0 73 44 0 48251 948750 45504 8220 1021250 8168
36632.394946 181014 250 250 250 250 73 46 0 73 52 0 73 42 0 73 44 0 47763 948750 44556 7946 1021250 7147
36632.594946 181015 250 250 250 250 73 46 0 73 52 0 73 42 0 73 44 0 47763 948750 44556 8220 1021250 8168
36632.794947 181016 250 250 250 250 73 46 0 73 52 0 73 42 0 73 44 0 47763 948750 44556 8220 1021250 8168
36632.994969 181017 250 250 250 250 73 46 0 73 52 0 73 42 0 73 44 0 47763 948750 44556 8220 1021250 8168
36633.194952 181018 250 250 250 250 73 46 0 73 52 0 73 42 0 73 44 0 48495 948750 45504 8220 1021250 8168
36633.394946 181019 250 250 250 250 73 46 0 73 52 0 73 42 0 73 44 0 48251 948750 45504 8220 1021250 8168
36633.594946 181020 250 250 250 250 73 46 0 73 52 0 73 42 0 73 44 0 48251 948750 45504 8220 1021250 8168
36633.794947 181021 250 250 250 250 73 46 0 73 52 0 73 42 0 73 44 0 48251 948750 45504 8220 1021250 8168
36633.994972 181022 250 250 250 250 73 46 0 73 52 0 73 42 0 73 44 0 48251 948750 45504 8220 1021250 8168
36634.194946 181023 250 250 250 250 73 46 0 73 52 0 73 42 0 73 44 0 48007 948750 45504 8220 1021250 8168
36634.394946 181024 250 250 250 250 73 46 0 73 52 0 73 42 0 73 44 0 48007 948750 45504 8220 1021250 8168
36634.594934 181025 250 250 250 250 73 46 0 73 52 0 73 42 0 73 44 0 48251 948750 45504 8220 1021250 8168
36634.794951 181026 250 250 250 250 73 46 0 73 52 0 73 42 0 73 44 0 48251 948750 45504 8220 1021250 8168
36634.994969 181027 250 250 250 250 73 46 0 73 52 0 73 42 0 73 44 0 48495 948750 45504 7946 1021250 7147
36635.194927 181028 250 250 250 250 73 46 0 73 52 0 73 42 0 73 44 0 48495 948750 45504 7946 1021250 7147
36635.394946 181029 250 250 250 250 73 46 0 73 52 0 73 42 0 73 44 0 48251 948750 45504 8220 1021250 8168
36635.594946 181030 250 250 250 250 73 46 0 73 52 0 73 42 0 73 44 0 48251 948750 45504 8220 1021250 8168
36635.794947 181031 250 250 250 250 73 46 0 73 52 0 73 42 0 73 44 0 48251 948750 45504 8220 1021250 8168
36635.994971 181032 250 250 250 250 73 46 0 73 52 0 73 42 0 73 44 0 48251 948750 45504 8220 1021250 8168
36636.194951 181033 250 250 250 250 73 46 0 73 52 0 73 42 0 73 44 0 48251 948750 45504 8220 1021250 8168
36636.394946 181034 250 250 250 250 73 46 0 73 52 0 73 42 0 73 44 0 48495 948750 45504 8220 1021250 8168
36636.594945 181035 250 250 250 250 73 46 0 73 52 0 73 42 0 73 44 0 48251 948750 45504 8220 1021250 8168
36636.794932 181036 250 250 250 250 73 46 0 73 52 0 73 42 0 73 44 0 48251 948750 45504 8220 1021250 8168
36636.994974 181037 250 250 250 250 73 46 0 73 52 0 73 42 0 73 44 0 48251 948750 45504 8220 1021250 8168
36637.194946 181038 250 250 250 250 73 46 0 73 52 0 73 42 0 73 44 0 48251 948750 45504 8220 1021250 8168
36637.394946 181039 250 250 250 250 73 46 0 73 52 0 73 42 0 73 44 0 48007 948750 45504 8220 1021250 8168
36637.594946 181040 250 250 250 250 73 46 0 73 52 0 73 42 0 73 44 0 48007 948750 45504 8220 1021250 8168
36637.794948 181041 250 250 250 250 73 46 0 73 52 0 73 42 0 73 44 0 48007 948750 45504 8220 1021250 8168
36637.994970 181042 250 250 250 250 73 46 0 73 52 0 73 42 0 73 44 0 48007 948750 45504 8220 1021250 8168
36638.194947 181043 250 250 250 250 73 46 0 73 52 0 73 42 0 73 44 0 48251 948750 45504 8220 1021250 8168
36638.394945 181044 250 250 250 250 73 46 0 73 52 0 73 42 0 73 44 0 48007 948750 45504 8220 1021250 8168
36638.594945 181045 250 250 250 250 73 46 0 73 52 0 73 42 0 73 44 0 48007 948750 45504 8220 1021250 8168
36638.794947 181046 250 250 250 250 73 46 0 73 52 0 73 42 0 73 44 0 48251 948750 45504 8220 1021250 8168
36638.994969 181047 250 250 250 250 73 46 0 73 52 0 73 42 0 73 44 0 48495 948750 45504 8220 1021250 8168
36639.194936 181048 250 250 250 250 73 46 0 73 52 0 73 42 0 73 44 0 48251 948750 45504 8220 1021250 8168
36639.394946 181049 250 250 250 250 73 46 0 73 52 0 73 42 0 73 44 0 48251 948750 45504 8220 1021250 8168
36639.594945 181050 250 250 250 250 73 46 0 73 52 0 73 42 0 73 44 0 48495 948750 45504 8220 1021250 8168
36639.794947 181051 250 250 250 250 73 46 0 73 52 0 73 42 0 73 44 0 48007 948750 45504 8220 1021250 8168
36639.994971 181052 250 250 250 250 73 46 0 73 52 0 73 42 0 73 44 0 48007 948750 45504 8220 1021250 8168
36640.194946 181053 250 250 250 250 73 46 0 73 52 0 73 42 0 73 44 0 48007 948750 45504 8220 1021250 8168
36640.394946 181054 250 250 250 250 73 46 0 73 52 0 73 42 0 73 44 0 48251 948750 45504 8220 1021250 8168
36640.594944 181055 250 250 250 250 73 46 0 73 52 0 73 42 0 73 44 0 48495 948750 45504 8220 1021250 8168
36640.794946 181056 250 250 250 250 73 46 0 73 52 0 73 42 0 73 44 0 48007 948750 45504 7946 1021250 7147
36640.994970 181057 250 250 250 250 73 46 0 73 52 0 73 42 0 73 44 0 48007 948750 45504 7946 1021250 7147
36641.194946 181058 250 250 250 250 73 46 0 73 52 0 73 42 0 73 44 0 48251 948750 45504 8220 1021250 8168
36641.394946 181059 250 250 250 250 73 46 0 73 52 0 73 42 0 73 44 0 48007 948750 45504 8220 1021250 8168
36641.594932 181060 250 250 250 250 73 46 0 73 52 0 73 42 0 73 44 0 48007 948750 45504 8220 1021250 8168
36641.794871 181061 250 250 250 250 73 46 0 73 52 0 73 42 0 73 44 0 48007 948750 45504 8220 1021250 8168
36641.994970 181062 250 250 250 250 73 46 0 73 52 0 73 42 0 73 44 0 48007 948750 45504 8220 1021250 8168
36642.194950 181063 250 250 250 250 73 46 0 73 52 0 73 42 0 73 44 0 48007 948750 45504 8220 1021250 8168
36642.394949 181064 250 250 250 250 73 46 0 73 52 0 73 42 0 73 44 0 48495 948750 45504 8220 1021250 8168
36642.594947 181065 250 250 250 250 73 46 0 73 52 0 73 42 0 73 44 0 48007 948750 45504 8220 1021250 8168
36642.794947 181066 250 250 250 250 73 46 0 73 52 0 73 42 0 73 44 0 48007 948750 45504 8220 1021250 8168
36642.994971 181067 250 250 250 250 73 46 0 73 52 0 73 42 0 73 44 0 47763 948750 44556 8220 1021250 8168
36643.194946 181068 250 250 250 250 73 46 0 73 52 0 73 42 0 73 44 0 47763 948750 44556 8220 1021250 8168
36643.394945 181069 250 250 250 250 73 46 0 73 52 0 73 42 0 73 44 0 48007 948750 45504 8220 1021250 8168
36643.594945 181070 250 250 250 250 73 46 0 73 52 0 73 42 0 73 44 0 48007 948750 45504 8220 1021250 8168
36643.794947 181071 250 250 250 250 73 46 0 73 52 0 73 42 0 73 44 0 48007 948750 45504 8220 1021250 8168
36643.994957 181072 250 250 250 250 73 46 0 73 52 0 73 42 0 73 44 0 48007 948750 45504 8220 1021250 8168
36644.194946 181073 250 250 250 250 73 46 0 73 52 0 73 42 0 73 44 0 48251 948750 45504 8220 1021250 8168
36644.394946 181074 250 250 250 250 73 46 0 73 52 0 73 42 0 73 44 0 48251 948750 45504 8220 1021250 8168
36644.594946 181075 250 250 250 250 73 46 0 73 52 0 73 42 0 73 44 0 48007 948750 45504 8220 1021250 8168
36644.794947 181076 250 250 250 250 73 46 0 73 52 0 73 42 0 73 44 0 48007 948750 45504 8220 1021250 8168
36644.994969 181077 250 250 250 250 73 46 0 73 52 0 73 42 0 73 44 0 48251 948750 45504 8220 1021250 8168
36645.194951 181078 250 250 250 250 73 46 0 73 52 0 73 42 0 73 44 0 48251 948750 45504 8220 1021250 8168
36645.394946 181079 250 250 250 250 73 46 0 73 52 0 73 42 0 73 44 0 48007 948750 45504 8220 1021250 8168
36645.594949 181080 250 250 250 250 73 46 0 73 52 0 73 42 0 73 44 0 48007 948750 45504 8220 1021250 8168
36645.794946 181081 250 250 250 250 73 46 0 73 52 0 73 42 0 73 44 0 48007 948750 45504 8220 1021250 8168
36645.994973 181082 250 250 250 250 73 46 0 73 52 0 73 42 0 73 44 0 48007 948750 45504 8220 1021250 8168
36646.194946 181083 250 250 250 250 73 46 0 73 52 0 73 42 0 73 44 0 48007 948750 45504 8220 1021250 8168
36646.394934 181084 250 250 250 250 73 46 0 73 52 0 73 42 0 73 44 0 48251 948750 45504 8220 1021250 8168
36646.594946 181085 250 250 250 250 73 46 0 73 52 0 73 42 0 73 44 0 48251 948750 45504 8220 1021250 8168
36646.794949 181086 250 250 250 250 73 46 0 73 52 0 73 42 0 73 44 0 48251 948750 45504 8220 1021250 8168
36646.994972 181087 250 250 250 250 73 46 0 73 52 0 73 42 0 73 44 0 48007 948750 45504 8220 1021250 8168
36647.194947 181088 250 250 250 250 73 46 0 73 52 0 73 42 0 73 44 0 48007 948750 45504 8220 1021250 8168
36647.394946 181089 250 250 250 250 73 46 0 73 52 0 73 42 0 73 44 0 48251 948750 45504 8220 1021250 8168
36647.594927 181090 250 250 250 250 73 46 0 73 52 0 73 42 0 73 44 0 48251 948750 45504 8220 1021250 8168
36647.794946 181091 250 250 250 250 73 46 0 73 52 0 73 42 0 73 44 0 48007 948750 45504 8220 1021250 8168
36647.994971 181092 250 250 250 250 73 46 0 73 52 0 73 42 0 73 44 0 48251 948750 45504 7946 1021250 7147
36648.194952 181093 250 250 250 250 73 46 0 73 52 0 73 42 0 73 44 0 48007 948750 45504 8220 1021250 8168
36648.394921 181094 250 250 250 250 73 46 0 73 52 0 73 42 0 73 44 0 47763 948750 44556 8220 1021250 8168
36648.594946 181095 250 250 250 250 73 46 0 73 52 0 73 42 0 73 44 0 47763 948750 44556 8220 1021250 8168
36648.794938 181096 250 250 250 250 73 46 0 73 52 0 73 42 0 73 44 0 48007 948750 45504 8220 1021250 8168
36648.994945 181097 250 250 250 250 73 46 0 73 52 0 73 42 0 73 44 0 47763 948750 44556 8220 1021250 8168
36649.194920 181098 250 250 250 250 73 46 0 73 52 0 73 42 0 73 44 0 48007 948750 45504 8220 1021250 8168
36649.394919 181099 250 250 250 250 73 46 0 73 52 0 73 42 0 73 44 0 48007 948750 45504 8220 1021250 8168
36649.594920 181100 250 250 250 250 73 46 0 73 52 0 73 42 0 73 44 0 48007 948750 45504 7946 1021250 7147
36649.794920 181101 250 250 250 250 73 46 0 73 52 0 73 42 0 73 44 0 48251 948750 45504 8220 1021250 8168
36649.994940 181102 250 250 250 250 73 46 0 73 52 0 73 42 0 73 44 0 48251 948750 45504 8220 1021250 8168
36650.194920 181103 250 250 250 250 73 46 0 73 52 0 73 42 0 73 44 0 48251 948750 45504 8220 1021250 8168
36650.394920 181104 250 250 250 250 73 46 0 73 52 0 73 42 0 73 44 0 48251 948750 45504 8220 1021250 8168
36650.594919 181105 250 250 250 250 73 46 0 73 52 0 73 42 0 73 44 0 48007 948750 45504 8220 1021250 8168
36650.794920 181106 250 250 250 250 73 46 0 73 52 0 73 42 0 73 44 0 48251 948750 45504 8220 1021250 8168
36650.994944 181107 250 250 250 250 73 46 0 73 52 0 73 42 0 73 44 0 48251 948750 45504 8220 1021250 8168
36651.194865 181108 250 250 250 250 73 46 0 73 52 0 73 42 0 73 44 0 48251 948750 45504 8220 1021250 8168
36651.394871 181109 250 250 250 250 73 46 0 73 52 0 73 42 0 73 44 0 48251 948750 45504 8220 1021250 8168
36651.594872 181110 250 250 250 250 73 46 0 73 52 0 73 42 0 73 44 0 48251 948750 45504 8220 1021250 8168
36651.794910 181111 250 250 250 250 73 46 0 73 52 0 73 42 0 73 44 0 48251 948750 45504 8220 1021250 8168
36651.994960 181112 250 250 250 250 73 46 0 73 52 0 73 42 0 73 44 0 48007 948750 45504 8220 1021250 8168
36652.194931 181113 250 250 250 250 73 46 0 73 52 0 73 42 0 73 44 0 48251 948750 45504 8220 1021250 8168
36652.394915 181114 250 250 250 250 73 46 0 73 52 0 73 42 0 73 44 0 48495 948750 45504 8220 1021250 8168
36652.594929 181115 250 250 250 250 73 46 0 73 52 0 73 42 0 73 44 0 48495 948750 45504 8220 1021250 8168
36652.794932 181116 250 250 250 250 73 46 0 73 52 0 73 42 0 73 44 0 48251 948750 45504 8220 1021250 8168
36652.994955 181117 250 250 250 250 73 46 0 73 52 0 73 42 0 73 44 0 48007 948750 45504 8220 1021250 8168
36653.194932 181118 250 250 250 250 73 46 0 73 52 0 73 42 0 73 44 0 48007 948750 45504 8220 1021250 8168
36653.394929 181119 250 250 250 250 73 46 0 73 52 0 73 42 0 73 44 0 48007 948750 45504 8220 1021250 8168
36653.594917 181120 250 250 250 250 73 46 0 73 52 0 73 42 0 73 44 0 48251 948750 45504 8220 1021250 8168
36653.794932 181121 250 250 250 250 73 46 0 73 52 0 73 42 0 73 44 0 48007 948750 45504 7946 1021250 7147
36653.994955 181122 250 250 250 250 73 46 0 73 52 0 73 42 0 73 44 0 48007 948750 45504 8220 1021250 8168
36654.194934 181123 250 250 250 250 73 46 0 73 52 0 73 42 0 73 44 0 48007 948750 45504 8220 1021250 8168
36654.394932 181124 250 250 250 250 73 46 0 73 52 0 73 42 0 73 44 0 48007 948750 45504 8220 1021250 8168
36654.594929 181125 250 250 250 250 73 46 0 73 52 0 73 42 0 73 44 0 47763 948750 44556 8220 1021250 8168
36654.794917 181126 250 250 250 250 73 46 0 73 52 0 73 42 0 73 44 0 48251 948750 45504 8220 1021250 8168
36654.994971 181127 250 250 250 250 73 46 0 73 52 0 73 42 0 73 44 0 47763 948750 44556 8220 1021250 8168
36655.194946 181128 250 250 250 250 73 46 0 73 52 0 73 42 0 73 44 0 47763 948750 44556 8220 1021250 8168
36655.394946 181129 250 250 250 250 73 46 0 73 52 0 73 42 0 73 44 0 48007 948750 45504 8220 1021250 8168
36655.594946 181130 250 250 250 250 73 46 0 73 52 0 73 42 0 73 44 0 48007 948750 45504 8220 1021250 8168
36655.794933 181131 250 250 250 250 73 46 0 73 52 0 73 42 0 73 44 0 48007 948750 45504 8220 1021250 8168
36655.994970 181132 250 250 250 250 73 46 0 73 52 0 73 42 0 73 44 0 48007 948750 45504 8220 1021250 8168
36656.194947 181133 250 250 250 250 73 46 0 73 52 0 73 42 0 73 44 0 47763 948750 44556 7946 1021250 7147
36656.394946 181134 250 250 250 250 73 46 0 73 52 0 73 42 0 73 44 0 48251 948750 45504 8220 1021250 8168
36656.594947 181135 250 250 250 250 73 46 0 73 52 0 73 42 0 73 44 0 48007 948750 45504 8220 1021250 8168
36656.794949 181136 250 250 250 250 73 46 0 73 52 0 73 42 0 73 44 0 48007 948750 45504 8220 1021250 8168
36656.994975 181137 250 250 250 250 73 46 0 73 52 0 73 42 0 73 44 0 48007 948750 45504 8220 1021250 8168
36657.194940 181138 250 250 250 250 73 46 0 73 52 0 73 42 0 73 44 0 48251 948750 45504 8220 1021250 8168
36657.394947 181139 250 250 250 250 73 46 0 73 52 0 73 42 0 73 44 0 48251 948750 45504 8220 1021250 8168
36657.594949 181140 250 250 250 250 73 46 0 73 52 0 73 42 0 73 44 0 48251 948750 45504 8220 1021250 8168
36657.794952 181141 250 250 250 250 73 46 0 73 52 0 73 42 0 73 44 0 47763 948750 44556 8220 1021250 8168
36657.994973 181142 250 250 250 250 73 46 0 73 52 0 73 42 0 73 44 0 47763 948750 44556 8220 1021250 8168
36658.194933 181143 250 250 250 250 73 46 0 73 52 0 73 42 0 73 44 0 48251 948750 45504 8220 1021250 8168
36658.394947 181144 250 250 250 250 73 46 0 73 52 0 73 42 0 73 44 0 48251 948750 45504 8220 1021250 8168
36658.594949 181145 250 250 250 250 73 46 0 73 52 0 73 42 0 73 44 0 48251 948750 45504 8220 1021250 8168
36658.794948 181146 250 250 250 250 73 46 0 73 52 0 73 42 0 73 44 0 48251 948750 45504 8220 1021250 8168
36658.994970 181147 250 250 250 250 73 46 0 73 52 0 73 42 0 73 44 0 48007 948750 45504 8220 1021250 8168
36659.194949 181148 250 250 250 250 73 46 0 73 52 0 73 42 0 73 44 0 48007 948750 45504 8220 1021250 8168
36659.394948 181149 250 250 250 250 73 46 0 73 52 0 73 42 0 73 44 0 47763 948750 44556 8220 1021250 8168
36659.594935 181150 250 250 250 250 73 46 0 73 52 0 73 42 0 73 44 0 48007 948750 45504 8220 1021250 8168
36659.794949 181151 250 250 250 250 73 46 0 73 52 0 73 42 0 73 44 0 48007 948750 45504 8220 1021250 8168
36659.994972 181152 250 250 250 250 73 46 0 73 52 0 73 42 0 73 44 0 48007 948750 45504 8220 1021250 8168
36660.194954 181153 250 250 250 250 73 46 0 73 52 0 73 42 0 73 44 0 48007 948750 45504 8220 1021250 8168
36660.394947 181154 250 250 250 250 73 46 0 73 52 0 73 42 0 73 44 0 48007 948750 45504 8220 1021250 8168
36660.594934 181155 250 250 250 250 73 46 0 73 52 0 73 42 0 73 44 0 48251 948750 45504 8220 1021250 8168
36660.794872 181156 250 250 250 250 73 46 0 73 52 0 73 42 0 73 44 0 48495 948750 45504 8220 1021250 8168
36660.994972 181157 250 250 250 250 73 46 0 73 52 0 73 42 0 73 44 0 48495 948750 45504 8220 1021250 8168
36661.194946 181158 250 250 250 250 73 46 0 73 52 0 73 42 0 73 44 0 47763 948750 44556 8220 1021250 8168
36661.394947 181159 250 250 250 250 73 46 0 73 52 0 73 42 0 73 44 0 48495 948750 45504 7946 1021250 7147
36661.594945 181160 250 250 250 250 73 46 0 73 52 0 73 42 0 73 44 0 48495 948750 45504 7946 1021250 7147
36661.794950 181161 250 250 250 250 73 46 0 73 52 0 73 42 0 73 44 0 48495 948750 45504 7946 1021250 7147
36661.994960 181162 250 250 250 250 73 46 0 73 52 0 73 42 0 73 44 0 48251 948750 45504 8220 1021250 8168
36662.194949 181163 250 250 250 250 73 46 0 73 52 0 73 42 0 73 44 0 47763 948750 44556 8220 1021250 8168
36662.394947 181164 250 250 250 250 73 46 0 73 52 0 73 42 0 73 44 0 48007 948750 45504 8220 1021250 8168
36662.594948 181165 250 250 250 250 73 46 0 73 52 0 73 42 0 73 44 0 48007 948750 45504 8220 1021250 8168
36662.794951 181166 250 250 250 250 73 46 0 73 52 0 73 42 0 73 44 0 48251 948750 45504 7946 1021250 7147
36662.994957 181167 250 250 250 250 73 46 0 73 52 0 73 42 0 73 44 0 48251 948750 45504 8220 1021250 8168
36663.194951 181168 250 250 250 250 73 46 0 73 52 0 73 42 0 73 44 0 48495 948750 45504 8220 1021250 8168
36663.394934 181169 250 250 250 250 73 46 0 73 52 0 73 42 0 73 44 0 48495 948750 45504 8220 1021250 8168
36663.594947 181170 250 250 250 250 73 46 0 73 52 0 73 42 0 73 44 0 48251 948750 45504 8220 1021250 8168
36663.794949 181171 250 250 250 250 73 46 0 73 52 0 73 42 0 73 44 0 48007 948750 45504 8220 1021250 8168
36663.994972 181172 250 250 250 250 73 46 0 73 52 0 73 42 0 73 44 0 48007 948750 45504 8220 1021250 8168
36664.194947 181173 250 250 250 250 73 46 0 73 52 0 73 42 0 73 44 0 48007 948750 45504 8220 1021250 8168
36664.394947 181174 250 250 250 250 73 46 0 73 52 0 73 42 0 73 44 0 48495 948750 45504 8220 1021250 8168
36664.594946 181175 250 250 250 250 73 46 0 73 52 0 73 42 0 73 44 0 48007 948750 45504 8220 1021250 8168
36664.794948 181176 250 250 250 250 73 46 0 73 52 0 73 42 0 73 44 0 48251 948750 45504 8220 1021250 8168
36664.994974 181177 250 250 250 250 73 46 0 73 52 0 73 42 0 73 44 0 48251 948750 45504 8220 1021250 8168
36665.194947 181178 250 250 250 250 73 46 0 73 52 0 73 42 0 73 44 0 48007 948750 45504 8220 1021250 8168
36665.394934 181179 250 250 250 250 73 46 0 73 52 0 73 42 0 73 44 0 48251 948750 45504 8220 1021250 8168
36665.594947 181180 250 250 250 250 73 46 0 73 52 0 73 42 0 73 44 0 48251 948750 45504 8220 1021250 8168
36665.794948 181181 250 250 250 250 73 46 0 73 52 0 73 42 0 73 44 0 48251 948750 45504 8220 1021250 8168
36665.994970 181182 250 250 250 250 73 46 0 73 52 0 73 42 0 73 44 0 48495 948750 45504 8220 1021250 8168
36666.194949 181183 250 250 250 250 73 46 0 73 52 0 73 42 0 73 44 0 48007 948750 45504 8220 1021250 8168
36666.394947 181184 250 250 250 250 73 46 0 73 52 0 73 42 0 73 44 0 48007 948750 45504 8220 1021250 8168
36666.594928 181185 250 250 250 250 73 46 0 73 52 0 73 42 0 73 44 0 48007 948750 45504 8220 1021250 8168
36666.794948 181186 250 250 250 250 73 46 0 73 52 0 73 42 0 73 44 0 48251 948750 45504 8220 1021250 8168
36666.994972 181187 250 250 250 250 73 46 0 73 52 0 73 42 0 73 44 0 48007 948750 45504 7946 1021250 7147
36667.194947 181188 250 250 250 250 73 46 0 73 52 0 73 42 0 73 44 0 48251 948750 45504 7946 1021250 7147
36667.394921 181189 250 250 250 250 73 46 0 73 52 0 73 42 0 73 44 0 48251 948750 45504 8220 1021250 8168
36667.594946 181190 250 250 250 250 73 46 0 73 52 0 73 42 0 73 44 0 48251 948750 45504 8220 1021250 8168
36667.794935 181191 250 250 250 250 73 46 0 73 52 0 73 42 0 73 44 0 48251 948750 45504 7946 1021250 7147
36667.994970 181192 250 250 250 250 73 46 0 73 52 0 73 42 0 73 44 0 48251 948750 45504 8220 1021250 8168
36668.194946 181193 250 250 250 250 73 46 0 73 52 0 73 42 0 73 44 0 48007 948750 45504 7946 1021250 7147
36668.394947 181194 250 250 250 250 73 46 0 73 52 0 73 42 0 73 44 0 48007 948750 45504 7946 1021250 7147
36668.594946 181195 250 250 250 250 73 46 0 73 52 0 73 42 0 73 44 0 48007 948750 45504 8220 1021250 8168
36668.794948 181196 250 250 250 250 73 46 0 73 52 0 73 42 0 73 44 0 48007 948750 45504 8220 1021250 8168
36668.994967 181197 250 250 250 250 73 46 0 73 52 0 73 42 0 73 44 0 48007 948750 45504 8220 1021250 8168
36669.194954 181198 250 250 250 250 73 46 0 73 52 0 73 42 0 73 44 0 48007 948750 45504 8220 1021250 8168
36669.394946 181199 250 250 250 250 73 46 0 73 52 0 73 42 0 73 44 0 48739 948750 45504 8220 1021250 8168
36669.594947 181200 250 250 250 250 73 46 0 73 52 0 73 42 0 73 44 0 48007 948750 45504 8220 1021250 8168
36669.794947 181201 250 250 250 250 73 46 0 73 52 0 73 42 0 73 44 0 48007 948750 45504 8220 1021250 8168
36669.994972 181202 250 250 250 250 73 46 0 73 52 0 73 42 0 73 44 0 48007 948750 45504 8220 1021250 8168
36670.194935 181203 250 250 250 250 73 46 0 73 52 0 73 42 0 73 44 0 48251 948750 45504 8220 1021250 8168
36670.394948 181204 250 250 250 250 73 46 0 73 52 0 73 42 0 73 44 0 48007 948750 45504 8220 1021250 8168
36670.594946 181205 250 250 250 250 73 46 0 73 52 0 73 42 0 73 44 0 47763 948750 44556 8220 1021250 8168
36670.794948 181206 250 250 250 250 73 46 0 73 52 0 73 42 0 73 44 0 47763 948750 44556 8220 1021250 8168
36670.994969 181207 250 250 250 250 73 46 0 73 52 0 73 42 0 73 44 0 47763 948750 44556 7946 1021250 7147
36671.194946 181208 250 250 250 250 73 46 0 73 52 0 73 42 0 73 44 0 47763 948750 44556 8220 1021250 8168
36671.394944 181209 250 250 250 250 73 46 0 73 52 0 73 42 0 73 44 0 48007 948750 45504 8220 1021250 8168
36671.594945 181210 250 250 250 250 73 46 0 73 52 0 73 42 0 73 44 0 48007 948750 45504 8220 1021250 8168
36671.794948 181211 250 250 250 250 73 46 0 73 52 0 73 42 0 73 44 0 48007 948750 45504 8220 1021250 8168
36671.994972 181212 250 250 250 250 73 46 0 73 52 0 73 42 0 73 44 0 47763 948750 44556 8220 1021250 8168
36672.194952 181213 250 250 250 250 73 46 0 73 52 0 73 42 0 73 44 0 47763 948750 44556 8220 1021250 8168
36672.394950 181214 250 250 250 250 73 46 0 73 52 0 73 42 0 73 44 0 47763 948750 44556 8220 1021250 8168
36672.594936 181215 250 250 250 250 73 46 0 73 52 0 73 42 0 73 44 0 48251 948750 45504 8220 1021250 8168
36672.794951 181216 250 250 250 250 73 46 0 73 52 0 73 42 0 73 44 0 48007 948750 45504 8220 1021250 8168
36672.994972 181217 250 250 250 250 73 46 0 73 52 0 73 42 0 73 44 0 48251 948750 45504 8220 1021250 8168
36673.194928 181218 250 250 250 250 73 46 0 73 52 0 73 42 0 73 44 0 48251 948750 45504 8220 1021250 8168
36673.394947 181219 250 250 250 250 73 46 0 73 52 0 73 42 0 73 44 0 48495 948750 45504 8220 1021250 8168
36673.594947 181220 250 250 250 250 73 46 0 73 52 0 73 42 0 73 44 0 48495 948750 45504 8220 1021250 8168
36673.794948 181221 250 250 250 250 73 46 0 73 52 0 73 42 0 73 44 0 48251 948750 45504 8220 1021250 8168
36673.994969 181222 250 250 250 250 73 46 0 73 52 0 73 42 0 73 44 0 48251 948750 45504 8220 1021250 8168
36674.194946 181223 250 250 250 250 73 46 0 73 52 0 73 42 0 73 44 0 48251 948750 45504 8220 1021250 8168
36674.394945 181224 250 250 250 250 73 46 0 73 52 0 73 42 0 73 44 0 48007 948750 45504 8220 1021250 8168
36674.594945 181225 250 250 250 250 73 46 0 73 52 0 73 42 0 73 44 0 48495 948750 45504 8220 1021250 8168
36674.794931 181226 250 250 250 250 73 46 0 73 52 0 73 42 0 73 44 0 48251 948750 45504 8220 1021250 8168
36674.994969 181227 250 250 250 250 73 46 0 73 52 0 73 42 0 73 44 0 48251 948750 45504 8220 1021250 8168
36675.194953 181228 250 250 250 250 73 46 0 73 52 0 73 42 0 73 44 0 48251 948750 45504 8220 1021250 8168
36675.394946 181229 250 250 250 250 73 46 0 73 52 0 73 42 0 73 44 0 48007 948750 45504 8220 1021250 8168
36675.594947 181230 250 250 250 250 73 46 0 73 52 0 73 42 0 73 44 0 48007 948750 45504 8220 1021250 8168
36675.794949 181231 250 250 250 250 73 46 0 73 52 0 73 42 0 73 44 0 48007 948750 45504 8220 1021250 8168
36675.994970 181232 250 250 250 250 73 46 0 73 52 0 73 42 0 73 44 0 48007 948750 45504 8220 1021250 8168
36676.194947 181233 250 250 250 250 73 46 0 73 52 0 73 42 0 73 44 0 48007 948750 45504 8220 1021250 8168
36676.394947 181234 250 250 250 250 73 46 0 73 52 0 73 42 0 73 44 0 48007 948750 45504 8220 1021250 8168
36676.594946 181235 250 250 250 250 73 46 0 73 52 0 73 42 0 73 44 0 48007 948750 45504 8220 1021250 8168
36676.794949 181236 250 250 250 250 73 46 0 73 52 0 73 42 0 73 44 0 48251 948750 45504 7946 1021250 7147
36676.994970 181237 250 250 250 250 73 46 0 73 52 0 73 42 0 73 44 0 48251 948750 45504 8220 1021250 8168
36677.194934 181238 250 250 250 250 73 46 0 73 52 0 73 42 0 73 44 0 48251 948750 45504 7946 1021250 7147
36677.394947 181239 250 250 250 250 73 46 0 73 52 0 73 42 0 73 44 0 48251 948750 45504 7946 1021250 7147
36677.594947 181240 250 250 250 250 73 46 0 73 52 0 73 42 0 73 44 0 48251 948750 45504 8220 1021250 8168
36677.794950 181241 250 250 250 250 73 46 0 73 52 0 73 42 0 73 44 0 48251 948750 45504 8220 1021250 8168
36677.994972 181242 250 250 250 250 73 46 0 73 52 0 73 42 0 73 44 0 48007 948750 45504 8220 1021250 8168
36678.194951 181243 250 250 250 250 73 46 0 73 52 0 73 42 0 73 44 0 48007 948750 45504 8220 1021250 8168
36678.394947 181244 250 250 250 250 73 46 0 73 52 0 73 42 0 73 44 0 48251 948750 45504 8220 1021250 8168
36678.594947 181245 250 250 250 250 73 46 0 73 52 0 73 42 0 73 44 0 48495 948750 45504 8220 1021250 8168
36678.794950 181246 250 250 250 250 73 46 0 73 52 0 73 42 0 73 44 0 48007 948750 45504 8220 1021250 8168
36678.994970 181247 250 250 250 250 73 46 0 73 52 0 73 42 0 73 44 0 48007 948750 45504 8220 1021250 8168
36679.194947 181248 250 250 250 250 73 46 0 73 52 0 73 42 0 73 44 0 48251 948750 45504 8220 1021250 8168
36679.394946 181249 250 250 250 250 73 46 0 73 52 0 73 42 0 73 44 0 48495 948750 45504 8220 1021250 8168
36679.594933 181250 250 250 250 250 73 46 0 73 52 0 73 42 0 73 44 0 48007 948750 45504 8220 1021250 8168
36679.794871 181251 250 250 250 250 73 46 0 73 52 0 73 42 0 73 44 0 48251 948750 45504 8220 1021250 8168
36679.994971 181252 250 250 250 250 73 46 0 73 52 0 73 42 0 73 44 0 48251 948750 45504 8220 1021250 8168
36680.194947 181253 250 250 250 250 73 46 0 73 52 0 73 42 0 73 44 0 48251 948750 45504 7946 1021250 7147
36680.394946 181254 250 250 250 250 73 46 0 73 52 0 73 42 0 73 44 0 48251 948750 45504 7946 1021250 7147
36680.594946 181255 250 250 250 250 73 46 0 73 52 0 73 42 0 73 44 0 48251 948750 45504 8220 1021250 8168
36680.794948 181256 250 250 250 250 73 46 0 73 52 0 73 42 0 73 44 0 48251 948750 45504 8220 1021250 8168
36680.994970 181257 250 250 250 250 73 46 0 73 52 0 73 42 0 73 44 0 48007 948750 45504 8220 1021250 8168
36681.194951 181258 250 250 250 250 73 46 0 73 52 0 73 42 0 73 44 0 48007 948750 45504 8220 1021250 8168
36681.394947 181259 250 250 250 250 73 46 0 73 52 0 73 42 0 73 44 0 47763 948750 44556 8220 1021250 8168
36681.594947 181260 250 250 250 250 73 46 0 73 52 0 73 42 0 73 44 0 47763 948750 44556 8220 1021250 8168
36681.794947 181261 250 250 250 250 73 46 0 73 52 0 73 42 0 73 44 0 48007 948750 45504 8220 1021250 8168
36681.994958 181262 250 250 250 250 73 46 0 73 52 0 73 42 0 73 44 0 48007 948750 45504 8220 1021250 8168
36682.194947 181263 250 250 250 250 73 46 0 73 52 0 73 42 0 73 44 0 48007 948750 45504 8220 1021250 8168
36682.394947 181264 250 250 250 250 73 46 0 73 52 0 73 42 0 73 44 0 48007 948750 45504 8220 1021250 8168
36682.594947 181265 250 250 250 250 73 46 0 73 52 0 73 42 0 73 44 0 48007 948750 45504 8220 1021250 8168
36682.794949 181266 250 250 250 250 73 46 0 73 52 0 73 42 0 73 44 0 48251 948750 45504 8220 1021250 8168
36682.994970 181267 250 250 250 250 73 46 0 73 52 0 73 42 0 73 44 0 48007 948750 45504 8220 1021250 8168
36683.194949 181268 250 250 250 250 73 46 0 73 52 0 73 42 0 73 44 0 48007 948750 45504 8220 1021250 8168
36683.394946 181269 250 250 250 250 73 46 0 73 52 0 73 42 0 73 44 0 48007 948750 45504 8220 1021250 8168
36683.594947 181270 250 250 250 250 73 46 0 73 52 0 73 42 0 73 44 0 48007 948750 45504 8220 1021250 8168
36683.794952 181271 250 250 250 250 73 46 0 73 52 0 73 42 0 73 44 0 48251 948750 45504 8220 1021250 8168
36683.994972 181272 250 250 250 250 73 46 0 73 52 0 73 42 0 73 44 0 48251 948750 45504 8220 1021250 8168
36684.194954 181273 250 250 250 250 73 46 0 73 52 0 73 42 0 73 44 0 48251 948750 45504 8220 1021250 8168
36684.394934 181274 250 250 250 250 73 46 0 73 52 0 73 42 0 73 44 0 48251 948750 45504 8220 1021250 8168
36684.594947 181275 250 250 250 250 73 46 0 73 52 0 73 42 0 73 44 0 48007 948750 45504 8220 1021250 8168
36684.794950 181276 250 250 250 250 73 46 0 73 52 0 73 42 0 73 44 0 48007 948750 45504 8220 1021250 8168
36684.994972 181277 250 250 250 250 73 46 0 73 52 0 73 42 0 73 44 0 48251 948750 45504 8220 1021250 8168
36685.194948 181278 250 250 250 250 73 46 0 73 52 0 73 42 0 73 44 0 48007 948750 45504 7946 1021250 7147
36685.394949 181279 250 250 250 250 73 46 0 73 52 0 73 42 0 73 44 0 48007 948750 45504 8220 1021250 8168
36685.594928 181280 250 250 250 250 73 46 0 73 52 0 73 42 0 73 44 0 48007 948750 45504 8220 1021250 8168
36685.794948 181281 250 250 250 250 73 46 0 73 52 0 73 42 0 73 44 0 48251 948750 45504 8220 1021250 8168
36685.994970 181282 250 250 250 250 73 46 0 73 52 0 73 42 0 73 44 0 48007 948750 45504 8220 1021250 8168
36686.194946 181283 250 250 250 250 73 46 0 73 52 0 73 42 0 73 44 0 47763 948750 44556 7946 1021250 7147
36686.394920 181284 250 250 250 250 73 46 0 73 52 0 73 42 0 73 44 0 48007 948750 45504 8220 1021250 8168
36686.594947 181285 250 250 250 250 73 46 0 73 52 0 73 42 0 73 44 0 48007 948750 45504 8220 1021250 8168
36686.794935 181286 250 250 250 250 73 46 0 73 52 0 73 42 0 73 44 0 47763 948750 44556 8220 1021250 8168
36686.994970 181287 250 250 250 250 73 46 0 73 52 0 73 42 0 73 44 0 47763 948750 44556 8220 1021250 8168
36687.194950 181288 250 250 250 250 73 46 0 73 52 0 73 42 0 73 44 0 48251 948750 45504 8220 1021250 8168
36687.394946 181289 250 250 250 250 73 46 0 73 52 0 73 42 0 73 44 0 48251 948750 45504 8220 1021250 8168
36687.594947 181290 250 250 250 250 73 46 0 73 52 0 73 42 0 73 44 0 48007 948750 45504 8220 1021250 8168
36687.794949 181291 250 250 250 250 73 46 0 73 52 0 73 42 0 73 44 0 48251 948750 45504 8220 1021250 8168
36687.994973 181292 250 250 250 250 73 46 0 73 52 0 73 42 0 73 44 0 48251 948750 45504 8220 1021250 8168
36688.194945 181293 250 250 250 250 73 46 0 73 52 0 73 42 0 73 44 0 48251 948750 45504 8220 1021250 8168
36688.394946 181294 250 250 250 250 73 46 0 73 52 0 73 42 0 73 44 0 48495 948750 45504 8220 1021250 8168
36688.594946 181295 250 250 250 250 73 46 0 73 52 0 73 42 0 73 44 0 48007 948750 45504 8220 1021250 8168
36688.794951 181296 250 250 250 250 73 46 0 73 52 0 73 42 0 73 44 0 48251 948750 45504 8220 1021250 8168
36688.994971 181297 250 250 250 250 73 46 0 73 52 0 73 42 0 73 44 0 48251 948750 45504 8220 1021250 8168
36689.194934 181298 250 250 250 250 73 46 0 73 52 0 73 42 0 73 44 0 48251 948750 45504 8220 1021250 8168
36689.394947 181299 250 250 250 250 73 46 0 73 52 0 73 42 0 73 44 0 48251 948750 45504 8220 1021250 8168
36689.594947 181300 250 250 250 250 73 46 0 73 52 0 73 42 0 73 44 0 48495 948750 45504 7946 1021250 7147
36689.794950 181301 250 250 250 250 73 46 0 73 52 0 73 42 0 73 44 0 48495 948750 45504 7946 1021250 7147
36689.994969 181302 250 250 250 250 73 46 0 73 52 0 73 42 0 73 44 0 48495 948750 45504 8220 1021250 8168
36690.194956 181303 250 250 250 250 73 46 0 73 52 0 73 42 0 73 44 0 48251 948750 45504 8220 1021250 8168
36690.394946 181304 250 250 250 250 73 46 0 73 52 0 73 42 0 73 44 0 48251 948750 45504 8220 1021250 8168
36690.594946 181305 250 250 250 250 73 46 0 73 52 0 73 42 0 73 44 0 48251 948750 45504 8220 1021250 8168
36690.794950 181306 250 250 250 250 73 46 0 73 52 0 73 42 0 73 44 0 48007 948750 45504 8220 1021250 8168
36690.994970 181307 250 250 250 250 73 46 0 73 52 0 73 42 0 73 44 0 48495 948750 45504 8220 1021250 8168
36691.194946 181308 250 250 250 250 73 46 0 73 52 0 73 42 0 73 44 0 48251 948750 45504 8220 1021250 8168
36691.394947 181309 250 250 250 250 73 46 0 73 52 0 73 42 0 73 44 0 48251 948750 45504 8220 1021250 8168
36691.594935 181310 250 250 250 250 73 46 0 73 52 0 73 42 0 73 44 0 48251 948750 45504 8220 1021250 8168
36691.794949 181311 250 250 250 250 73 46 0 73 52 0 73 42 0 73 44 0 48495 948750 45504 8220 1021250 8168
36691.994972 181312 250 250 250 250 73 46 0 73 52 0 73 42 0 73 44 0 47763 948750 44556 7946 1021250 7147
36692.194930 181313 250 250 250 250 73 46 0 73 52 0 73 42 0 73 44 0 47763 948750 44556 7946 1021250 7147
36692.394946 181314 250 250 250 250 73 46 0 73 52 0 73 42 0 73 44 0 48007 948750 45504 8220 1021250 8168
36692.594947 181315 250 250 250 250 73 46 0 73 52 0 73 42 0 73 44 0 47763 948750 44556 8220 1021250 8168
36692.794949 181316 250 250 250 250 73 46 0 73 52 0 73 42 0 73 44 0 48251 948750 45504 8220 1021250 8168
36692.994971 181317 250 250 250 250 73 46 0 73 52 0 73 42 0 73 44 0 48251 948750 45504 8220 1021250 8168
36693.194952 181318 250 250 250 250 73 46 0 73 52 0 73 42 0 73 44 0 48251 948750 45504 8220 1021250 8168
36693.394946 181319 250 250 250 250 73 46 0 73 52 0 73 42 0 73 44 0 48251 948750 45504 8220 1021250 8168
36693.594946 181320 250 250 250 250 73 46 0 73 52 0 73 42 0 73 44 0 48007 948750 45504 8220 1021250 8168
36693.794933 181321 250 250 250 250 73 46 0 73 52 0 73 42 0 73 44 0 48251 948750 45504 8220 1021250 8168
36693.994971 181322 250 250 250 250 73 46 0 73 52 0 73 42 0 73 44 0 48251 948750 45504 8220 1021250 8168
36694.194956 181323 250 250 250 250 73 46 0 73 52 0 73 42 0 73 44 0 48007 948750 45504 8220 1021250 8168
36694.394948 181324 250 250 250 250 73 46 0 73 52 0 73 42 0 73 44 0 48251 948750 45504 8220 1021250 8168
36694.594948 181325 250 250 250 250 73 46 0 73 52 0 73 42 0 73 44 0 48495 948750 45504 8220 1021250 8168
36694.794951 181326 250 250 250 250 73 46 0 73 52 0 73 42 0 73 44 0 48495 948750 45504 8220 1021250 8168
36694.994976 181327 250 250 250 250 73 46 0 73 52 0 73 42 0 73 44 0 48007 948750 45504 8220 1021250 8168
36695.194949 181328 250 250 250 250 73 46 0 73 52 0 73 42 0 73 44 0 48251 948750 45504 8220 1021250 8168
36695.394948 181329 250 250 250 250 73 46 0 73 52 0 73 42 0 73 44 0 48007 948750 45504 8220 1021250 8168
36695.594948 181330 250 250 250 250 73 46 0 73 52 0 73 42 0 73 44 0 48007 948750 45504 8220 1021250 8168
36695.794950 181331 250 250 250 250 73 46 0 73 52 0 73 42 0 73 44 0 48495 948750 45504 8220 1021250 8168
36695.994974 181332 250 250 250 250 73 46 0 73 52 0 73 42 0 73 44 0 48251 948750 45504 8220 1021250 8168
36696.194938 181333 250 250 250 250 73 46 0 73 52 0 73 42 0 73 44 0 48251 948750 45504 8220 1021250 8168
36696.394948 181334 250 250 250 250 73 46 0 73 52 0 73 42 0 73 44 0 48251 948750 45504 8220 1021250 8168
36696.594951 181335 250 250 250 250 73 46 0 73 52 0 73 42 0 73 44 0 48251 948750 45504 8220 1021250 8168
36696.794949 181336 250 250 250 250 73 46 0 73 52 0 73 42 0 73 44 0 48251 948750 45504 8220 1021250 8168
36696.994975 181337 250 250 250 250 73 46 0 73 52 0 73 42 0 73 44 0 48007 948750 45504 8220 1021250 8168
36697.194944 181338 250 250 250 250 73 46 0 73 52 0 73 42 0 73 44 0 48007 948750 45504 8220 1021250 8168
36697.394947 181339 250 250 250 250 73 46 0 73 52 0 73 42 0 73 44 0 48007 948750 45504 8220 1021250 8168
36697.594947 181340 250 250 250 250 73 46 0 73 52 0 73 42 0 73 44 0 48007 948750 45504 8220 1021250 8168
36697.794950 181341 250 250 250 250 73 46 0 73 52 0 73 42 0 73 44 0 48007 948750 45504 8220 1021250 8168
36697.994972 181342 250 250 250 250 73 46 0 73 52 0 73 42 0 73 44 0 48007 948750 45504 8220 1021250 8168
36698.194948 181343 250 250 250 250 73 46 0 73 52 0 73 42 0 73 44 0 48251 948750 45504 8220 1021250 8168
36698.394948 181344 250 250 250 250 73 46 0 73 52 0 73 42 0 73 44 0 48007 948750 45504 8220 1021250 8168
36698.594934 181345 250 250 250 250 73 46 0 73 52 0 73 42 0 73 44 0 48251 948750 45504 8220 1021250 8168
36698.794872 181346 250 250 250 250 73 46 0 73 52 0 73 42 0 73 44 0 47763 948750 44556 8220 1021250 8168
36698.994971 181347 250 250 250 250 73 46 0 73 52 0 73 42 0 73 44 0 47763 948750 44556 8220 1021250 8168
36699.194952 181348 250 250 250 250 73 46 0 73 52 0 73 42 0 73 44 0 48007 948750 45504 8220 1021250 8168
36699.394949 181349 250 250 250 250 73 46 0 73 52 0 73 42 0 73 44 0 48007 948750 45504 8220 1021250 8168
36699.594947 181350 250 250 250 250 73 46 0 73 52 0 73 42 0 73 44 0 48251 948750 45504 8220 1021250 8168
36699.794952 181351 250 250 250 250 73 46 0 73 52 0 73 42 0 73 44 0 48251 948750 45504 8220 1021250 8168
36699.994975 181352 250 250 250 250 73 46 0 73 52 0 73 42 0 73 44 0 48739 948750 45504 8220 1021250 8168
36700.194947 181353 250 250 250 250 73 46 0 73 52 0 73 42 0 73 44 0 48007 948750 45504 8220 1021250 8168
36700.394974 181354 250 250 250 250 73 46 0 73 52 0 73 42 0 73 44 0 48251 948750 45504 8220 1021250 8168
36700.594953 181355 250 250 250 250 73 46 0 73 52 0 73 42 0 73 44 0 48251 948750 45504 8220 1021250 8168
36700.794952 181356 250 250 250 250 73 46 0 73 52 0 73 42 0 73 44 0 11529 950000 10450 8220 1021250 8168
36700.994963 181357 250 250 250 250 73 46 0 73 52 0 73 42 0 73 44 0 9272 950000 8550 8220 1021250 8168
36701.194949 181358 250 250 250 250 73 46 0 73 52 0 73 42 0 73 44 0 9028 950000 8550 7946 1021250 7147
36701.394949 181359 250 250 250 250 73 46 0 73 52 0 73 42 0 73 44 0 9028 950000 8550 7946 1021250 7147
36701.594949 181360 250 250 250 250 73 46 0 73 52 0 73 42 0 73 44 0 9028 950000 8550 8220 1021250 8168
36701.794950 181361 250 250 250 250 73 46 0 73 52 0 73 42 0 73 44 0 9272 950000 8550 7946 1021250 7147
36701.994974 181362 250 250 250 250 73 46 0 73 52 0 73 42 0 73 44 0 9028 950000 8550 8220 1021250 8168
