 8176.469983 38737 900 900 900 900 72 46 0 72 52 0 72 42 0 72 44 0 14274 1210000 16940 378942 920000 347760
 8176.669926 38738 900 900 900 900 72 46 0 72 52 0 72 42 0 72 44 0 14274 1210000 16940 44662 921250 40524
 8176.869932 38739 900 900 900 900 72 46 0 72 52 0 72 42 0 72 44 0 14518 1210000 16940 40278 921250 36840
 8177.069947 38740 900 900 900 900 72 46 0 72 52 0 72 42 0 72 44 0 14518 1210000 16940 40278 921250 36840
 8177.269932 38741 900 900 900 900 72 46 0 72 52 0 72 42 0 72 44 0 14518 1210000 16940 41648 920000 37720
 8177.469932 38742 900 900 900 900 72 46 0 72 52 0 72 42 0 72 44 0 14274 1208750 16912 41922 920000 37720
 8177.669932 38743 900 900 900 900 72 46 0 72 52 0 72 42 0 72 44 0 14274 1210000 16940 41100 921250 37761
 8177.869854 38744 900 900 900 900 72 46 0 72 52 0 72 42 0 72 44 0 14518 1210000 16940 41100 920000 37720
 8178.069946 38745 900 900 900 900 72 46 0 72 52 0 72 42 0 72 44 0 14518 1210000 16940 41100 920000 37720
 8178.269933 38746 900 900 900 900 72 46 0 72 52 0 72 42 0 72 44 0 14274 1210000 16940 39730 920000 35880
 8178.469932 38747 900 900 900 900 71 46 0 71 52 0 71 42 0 71 44 0 14274 1208750 16912 37538 920000 34040
 8178.669931 38748 900 900 900 900 71 46 0 71 52 0 71 42 0 71 44 0 14518 1210000 16940 38908 920000 34960
 8178.869932 38749 900 900 900 900 71 46 0 71 52 0 71 42 0 71 44 0 14518 1210000 16940 38908 920000 34960
 8179.069941 38750 900 900 900 900 71 46 0 71 52 0 71 42 0 71 44 0 14518 1210000 16940 40552 920000 36800
 8179.275061 38751 900 900 900 900 71 46 0 71 52 0 71 42 0 71 44 0 14274 1208750 16912 40278 920000 36800
 8179.474933 38752 900 900 900 900 71 46 0 71 52 0 71 42 0 71 44 0 14274 1210000 16940 194814 921250 178674
 8179.674931 38753 900 900 900 900 71 46 0 71 52 0 71 42 0 71 44 0 14274 1210000 16940 194814 921250 178674
 8179.874933 38754 900 900 900 900 71 46 0 71 52 0 71 42 0 71 44 0 14274 1210000 16940 38908 920000 34960
 8180.075041 38755 900 900 900 900 71 46 0 71 52 0 71 42 0 71 44 0 14274 1210000 16940 38634 920000 34960
 8180.275008 38756 900 900 900 900 71 46 0 71 52 0 71 42 0 71 44 0 14274 1210000 16940 370174 921250 340770
 8180.474870 38757 900 900 900 900 71 46 0 71 52 0 71 42 0 71 44 0 14274 1210000 16940 370174 921250 340770
 8180.674862 38758 900 900 900 900 75 46 0 75 52 0 75 42 0 75 44 0 14518 1208750 16912 559782 921250 514839
 8180.875002 38759 900 900 900 900 75 46 0 75 52 0 75 42 0 75 44 0 14274 1210000 16940 555946 921250 511155
 8181.075095 38760 900 900 900 900 73 46 0 73 52 0 73 42 0 73 44 0 14274 1208750 16912 533204 921250 490893
 8181.274991 38761 900 900 900 900 73 46 0 73 52 0 73 42 0 73 44 0 14274 1208750 16912 533204 921250 490893
 8181.474935 38762 900 900 900 900 73 46 0 73 52 0 73 42 0 73 44 0 14274 1210000 16940 496214 920000 456320
 8181.674940 38763 900 900 900 900 73 46 0 73 52 0 73 42 0 73 44 0 14518 1208750 16912 462512 920000 425040
 8181.874940 38764 900 900 900 900 73 46 0 73 52 0 73 42 0 73 44 0 14274 1208750 16912 462512 920000 425040
 8182.074955 38765 900 900 900 900 72 46 0 72 52 0 72 42 0 72 44 0 14274 1208750 16912 462512 920000 425040
 8182.274940 38766 900 900 900 900 72 46 0 72 52 0 72 42 0 72 44 0 14518 1208750 16912 464430 920000 426880
 8182.474939 38767 900 900 900 900 72 46 0 72 52 0 72 42 0 72 44 0 14274 1210000 16940 462512 920000 425040
 8182.674940 38768 900 900 900 900 72 46 0 72 52 0 72 42 0 72 44 0 14274 1208750 16912 462238 920000 425040
 8182.874941 38769 900 900 900 900 72 46 0 72 52 0 72 42 0 72 44 0 14274 1208750 16912 462238 920000 425040
 8183.074955 38770 900 900 900 900 72 46 0 72 52 0 72 42 0 72 44 0 14518 1208750 16912 463608 920000 425960
 8183.274941 38771 900 900 900 900 72 46 0 72 52 0 72 42 0 72 44 0 14518 1208750 16912 463608 920000 425960
 8183.474940 38772 900 900 900 900 72 46 0 72 52 0 72 42 0 72 44 0 14518 1208750 16912 468814 920000 430560
 8183.674864 38773 900 900 900 900 72 46 0 72 52 0 72 42 0 72 44 0 14518 1208750 16912 463882 920000 425960
 8183.874940 38774 900 900 900 900 72 46 0 72 52 0 72 42 0 72 44 0 14518 1208750 16912 463882 920000 425960
 8184.074934 38775 900 900 900 900 72 46 0 72 52 0 72 42 0 72 44 0 14274 1208750 16912 463334 920000 425960
 8184.274943 38776 900 900 900 900 72 46 0 72 52 0 72 42 0 72 44 0 14518 1208750 16912 462238 920000 425040
 8184.474939 38777 900 900 900 900 72 46 0 72 52 0 72 42 0 72 44 0 14518 1208750 16912 461964 920000 424120
 8184.674940 38778 900 900 900 900 73 46 0 73 52 0 73 42 0 73 44 0 14518 1208750 16912 461964 920000 424120
 8184.874941 38779 900 900 900 900 73 46 0 73 52 0 73 42 0 73 44 0 14518 1210000 16940 461964 920000 424120
 8185.074956 38780 900 900 900 900 72 46 0 72 52 0 72 42 0 72 44 0 14274 1208750 16912 463334 920000 425960
 8185.274940 38781 900 900 900 900 72 46 0 72 52 0 72 42 0 72 44 0 14518 1208750 16912 461416 920000 424120
 8185.474941 38782 900 900 900 900 72 46 0 72 52 0 72 42 0 72 44 0 14518 1208750 16912 461416 920000 424120
 8185.674941 38783 900 900 900 900 72 46 0 72 52 0 72 42 0 72 44 0 14762 1208750 16912 462512 920000 425040
 8185.874940 38784 900 900 900 900 72 46 0 72 52 0 72 42 0 72 44 0 14518 1210000 16940 460868 920000 423200
 8186.074933 38785 900 900 900 900 73 46 0 73 52 0 73 42 0 73 44 0 14518 1208750 16912 460868 920000 423200
 8186.274941 38786 900 900 900 900 73 46 0 73 52 0 73 42 0 73 44 0 14518 1208750 16912 460868 920000 423200
 8186.474939 38787 900 900 900 900 73 46 0 73 52 0 73 42 0 73 44 0 14518 1210000 16940 461416 920000 424120
 8186.674940 38788 900 900 900 900 73 46 0 73 52 0 73 42 0 73 44 0 14518 1208750 16912 461142 920000 424120
 8186.874940 38789 900 900 900 900 73 46 0 73 52 0 73 42 0 73 44 0 14274 1208750 16912 462786 920000 425040
 8187.074934 38790 900 900 900 900 73 46 0 73 52 0 73 42 0 73 44 0 14274 1208750 16912 462786 920000 425040
 8187.274942 38791 900 900 900 900 73 46 0 73 52 0 73 42 0 73 44 0 14518 1208750 16912 463882 920000 425960
 8187.474940 38792 900 900 900 900 73 46 0 73 52 0 73 42 0 73 44 0 14518 1210000 16940 463882 920000 425960
 8187.674940 38793 900 900 900 900 73 46 0 73 52 0 73 42 0 73 44 0 14518 1208750 16912 463334 920000 425960
 8187.874934 38794 900 900 900 900 73 46 0 73 52 0 73 42 0 73 44 0 14518 1208750 16912 463334 920000 425960
 8188.074955 38795 900 900 900 900 73 46 0 73 52 0 73 42 0 73 44 0 14518 1210000 16940 463060 920000 425960
 8188.274940 38796 900 900 900 900 73 46 0 73 52 0 73 42 0 73 44 0 14518 1210000 16940 463334 920000 425960
 8188.474934 38797 900 900 900 900 73 46 0 73 52 0 73 42 0 73 44 0 14518 1208750 16912 462786 920000 425040
 8188.674940 38798 900 900 900 900 73 46 0 73 52 0 73 42 0 73 44 0 14518 1208750 16912 462786 920000 425040
 8188.874940 38799 900 900 900 900 73 46 0 73 52 0 73 42 0 73 44 0 14518 1210000 16940 463060 920000 425960
 8189.074955 38800 900 900 900 900 73 46 0 73 52 0 73 42 0 73 44 0 14274 1210000 16940 463608 920000 425960
 8189.274940 38801 900 900 900 900 73 46 0 73 52 0 73 42 0 73 44 0 14518 1208750 16912 463334 920000 425960
 8189.474922 38802 900 900 900 900 73 46 0 73 52 0 73 42 0 73 44 0 14518 1208750 16912 463334 920000 425960
 8189.674939 38803 900 900 900 900 73 46 0 73 52 0 73 42 0 73 44 0 14518 1210000 16940 463334 920000 425960
 8189.874940 38804 900 900 900 900 73 46 0 73 52 0 73 42 0 73 44 0 14274 1210000 16940 462512 920000 425040
 8190.074934 38805 900 900 900 900 73 46 0 73 52 0 73 42 0 73 44 0 14274 1210000 16940 463334 920000 425960
 8190.274917 38806 900 900 900 900 73 46 0 73 52 0 73 42 0 73 44 0 14274 1208750 16912 463608 920000 425960
 8190.474939 38807 900 900 900 900 73 46 0 73 52 0 73 42 0 73 44 0 14274 1208750 16912 463608 920000 425960
 8190.674940 38808 900 900 900 900 73 46 0 73 52 0 73 42 0 73 44 0 14518 1208750 16912 463608 920000 425960
 8190.874933 38809 900 900 900 900 73 46 0 73 52 0 73 42 0 73 44 0 14274 1208750 16912 464156 920000 426880
 8191.074955 38810 900 900 900 900 73 46 0 73 52 0 73 42 0 73 44 0 14274 1210000 16940 463608 920000 425960
 8191.274940 38811 900 900 900 900 73 46 0 73 52 0 73 42 0 73 44 0 14274 1210000 16940 463608 920000 425960
 8191.474941 38812 900 900 900 900 73 46 0 73 52 0 73 42 0 73 44 0 14518 1210000 16940 464430 920000 426880
 8191.674940 38813 900 900 900 900 73 46 0 73 52 0 73 42 0 73 44 0 14518 1208750 16912 462786 920000 425040
 8191.874940 38814 900 900 900 900 73 46 0 73 52 0 73 42 0 73 44 0 14518 1208750 16912 463334 920000 425960
 8192.074954 38815 900 900 900 900 73 46 0 73 52 0 73 42 0 73 44 0 14518 1208750 16912 463334 920000 425960
 8192.274939 38816 900 900 900 900 73 46 0 73 52 0 73 42 0 73 44 0 14518 1208750 16912 463608 920000 425960
 8192.474940 38817 900 900 900 900 73 46 0 73 52 0 73 42 0 73 44 0 14518 1208750 16912 464978 920000 426880
 8192.674940 38818 900 900 900 900 73 46 0 73 52 0 73 42 0 73 44 0 14518 1208750 16912 464156 920000 426880
 8192.874940 38819 900 900 900 900 73 46 0 73 52 0 73 42 0 73 44 0 14518 1208750 16912 464156 920000 426880
 8193.074934 38820 900 900 900 900 73 46 0 73 52 0 73 42 0 73 44 0 14518 1210000 16940 463882 920000 425960
 8193.274933 38821 900 900 900 900 73 46 0 73 52 0 73 42 0 73 44 0 14518 1210000 16940 463882 920000 425960
 8193.474942 38822 900 900 900 900 73 46 0 73 52 0 73 42 0 73 44 0 14518 1210000 16940 462786 920000 425040
 8193.674940 38823 900 900 900 900 73 46 0 73 52 0 73 42 0 73 44 0 14518 1210000 16940 462786 920000 425040
 8193.874940 38824 900 900 900 900 73 46 0 73 52 0 73 42 0 73 44 0 14274 1208750 16912 462238 920000 425040
 8194.074955 38825 900 900 900 900 73 46 0 73 52 0 73 42 0 73 44 0 14518 1208750 16912 462512 920000 425040
 8194.274940 38826 900 900 900 900 73 46 0 73 52 0 73 42 0 73 44 0 14518 1208750 16912 461964 920000 424120
 8194.474940 38827 900 900 900 900 73 46 0 73 52 0 73 42 0 73 44 0 14518 1208750 16912 461964 920000 424120
 8194.674941 38828 900 900 900 900 73 46 0 73 52 0 73 42 0 73 44 0 14518 1208750 16912 463060 920000 425960
 8194.874939 38829 900 900 900 900 73 46 0 73 52 0 73 42 0 73 44 0 14518 1208750 16912 473198 920000 435160
 8195.074956 38830 900 900 900 900 73 46 0 73 52 0 73 42 0 73 44 0 14518 1208750 16912 463060 920000 425960
 8195.274940 38831 900 900 900 900 73 46 0 73 52 0 73 42 0 73 44 0 14518 1208750 16912 463060 920000 425960
 8195.474940 38832 900 900 900 900 73 46 0 73 52 0 73 42 0 73 44 0 14518 1210000 16940 462786 920000 425040
 8195.674934 38833 900 900 900 900 73 46 0 73 52 0 73 42 0 73 44 0 14518 1208750 16912 461964 920000 424120
 8195.874939 38834 900 900 900 900 73 46 0 73 52 0 73 42 0 73 44 0 14518 1208750 16912 461964 920000 424120
 8196.074933 38835 900 900 900 900 73 46 0 73 52 0 73 42 0 73 44 0 14518 1208750 16912 461964 920000 424120
 8196.274942 38836 900 900 900 900 73 46 0 73 52 0 73 42 0 73 44 0 14274 1208750 16912 462786 920000 425040
 8196.474940 38837 900 900 900 900 73 46 0 73 52 0 73 42 0 73 44 0 14518 1208750 16912 463882 920000 425960
 8196.674940 38838 900 900 900 900 73 46 0 73 52 0 73 42 0 73 44 0 14518 1208750 16912 464704 920000 426880
 8196.874940 38839 900 900 900 900 73 46 0 73 52 0 73 42 0 73 44 0 14518 1208750 16912 464978 920000 426880
 8197.074955 38840 900 900 900 900 73 46 0 73 52 0 73 42 0 73 44 0 14518 1208750 16912 464978 920000 426880
 8197.274940 38841 900 900 900 900 73 46 0 73 52 0 73 42 0 73 44 0 14518 1208750 16912 463882 920000 425960
 8197.474939 38842 900 900 900 900 73 46 0 73 52 0 73 42 0 73 44 0 14274 1210000 16940 463060 920000 425960
 8197.674940 38843 900 900 900 900 73 46 0 73 52 0 73 42 0 73 44 0 14518 1208750 16912 462786 920000 425040
 8197.874940 38844 900 900 900 900 73 46 0 73 52 0 73 42 0 73 44 0 14518 1208750 16912 462786 920000 425040
 8198.074949 38845 900 900 900 900 73 46 0 73 52 0 73 42 0 73 44 0 14518 1208750 16912 462786 920000 425040
 8198.274941 38846 900 900 900 900 73 46 0 73 52 0 73 42 0 73 44 0 14518 1208750 16912 463608 920000 425960
 8198.474940 38847 900 900 900 900 73 46 0 73 52 0 73 42 0 73 44 0 14518 1208750 16912 463882 920000 425960
 8198.674941 38848 900 900 900 900 73 46 0 73 52 0 73 42 0 73 44 0 14518 1208750 16912 463882 920000 425960
 8198.874940 38849 900 900 900 900 73 46 0 73 52 0 73 42 0 73 44 0 14518 1210000 16940 463608 920000 425960
 8199.074932 38850 900 900 900 900 73 46 0 73 52 0 73 42 0 73 44 0 14518 1208750 16912 463334 920000 425960
 8199.274942 38851 900 900 900 900 73 46 0 73 52 0 73 42 0 73 44 0 14274 1208750 16912 462786 920000 425040
 8199.474940 38852 900 900 900 900 73 46 0 73 52 0 73 42 0 73 44 0 14274 1208750 16912 462786 920000 425040
 8199.674940 38853 900 900 900 900 73 46 0 73 52 0 73 42 0 73 44 0 14518 1208750 16912 461964 920000 424120
 8199.874940 38854 900 900 900 900 73 46 0 73 52 0 73 42 0 73 44 0 14518 1210000 16940 462238 920000 425040
 8200.074954 38855 900 900 900 900 73 46 0 73 52 0 73 42 0 73 44 0 14518 1208750 16912 462512 920000 425040
 8200.274941 38856 900 900 900 900 73 46 0 73 52 0 73 42 0 73 44 0 14518 1208750 16912 462512 920000 425040
 8200.474934 38857 900 900 900 900 73 46 0 73 52 0 73 42 0 73 44 0 14518 1208750 16912 464156 920000 426880
 8200.674940 38858 900 900 900 900 73 46 0 73 52 0 73 42 0 73 44 0 14274 1208750 16912 463608 920000 425960
 8200.874940 38859 900 900 900 900 73 46 0 73 52 0 73 42 0 73 44 0 14274 1208750 16912 462786 920000 425040
 8201.074954 38860 900 900 900 900 73 46 0 73 52 0 73 42 0 73 44 0 14274 1208750 16912 462786 920000 425040
 8201.274940 38861 900 900 900 900 73 46 0 73 52 0 73 42 0 73 44 0 14518 1210000 16940 462786 920000 425040
 8201.474940 38862 900 900 900 900 73 46 0 73 52 0 73 42 0 73 44 0 14518 1208750 16912 463882 920000 425960
 8201.674940 38863 900 900 900 900 73 46 0 73 52 0 73 42 0 73 44 0 14274 1210000 16940 462512 920000 425040
 8201.874940 38864 900 900 900 900 73 46 0 73 52 0 73 42 0 73 44 0 14274 1210000 16940 462512 920000 425040
 8202.074934 38865 900 900 900 900 73 46 0 73 52 0 73 42 0 73 44 0 14518 1210000 16940 464978 920000 426880
 8202.274943 38866 900 900 900 900 73 46 0 73 52 0 73 42 0 73 44 0 14518 1210000 16940 464430 920000 426880
 8202.474940 38867 900 900 900 900 73 46 0 73 52 0 73 42 0 73 44 0 14518 1208750 16912 463882 920000 425960
 8202.674993 38868 900 900 900 900 73 46 0 73 52 0 73 42 0 73 44 0 14762 1208750 16912 464430 920000 426880
 8202.874942 38869 900 900 900 900 73 46 0 73 52 0 73 42 0 73 44 0 14762 1208750 16912 464430 920000 426880
 8203.074956 38870 900 900 900 900 73 46 0 73 52 0 73 42 0 73 44 0 14274 1210000 16940 463608 920000 425960
 8203.274940 38871 900 900 900 900 73 46 0 73 52 0 73 42 0 73 44 0 14518 1210000 16940 463060 920000 425960
 8203.474941 38872 900 900 900 900 73 46 0 73 52 0 73 42 0 73 44 0 14518 1210000 16940 462786 920000 425040
 8203.674940 38873 900 900 900 900 73 46 0 73 52 0 73 42 0 73 44 0 14518 1210000 16940 462786 920000 425040
 8203.874940 38874 900 900 900 900 73 46 0 73 52 0 73 42 0 73 44 0 14518 1208750 16912 461964 920000 424120
 8204.074955 38875 900 900 900 900 73 46 0 73 52 0 73 42 0 73 44 0 14274 1208750 16912 463882 920000 425960
 8204.274940 38876 900 900 900 900 73 46 0 73 52 0 73 42 0 73 44 0 14518 1208750 16912 464156 920000 426880
 8204.474934 38877 900 900 900 900 73 46 0 73 52 0 73 42 0 73 44 0 14518 1208750 16912 464156 920000 426880
 8204.674941 38878 900 900 900 900 73 46 0 73 52 0 73 42 0 73 44 0 14518 1208750 16912 463608 920000 425960
 8204.874941 38879 900 900 900 900 73 46 0 73 52 0 73 42 0 73 44 0 14518 1208750 16912 464430 920000 426880
 8205.074911 38880 900 900 900 900 73 46 0 73 52 0 73 42 0 73 44 0 14518 1208750 16912 462238 920000 425040
 8205.274941 38881 900 900 900 900 73 46 0 73 52 0 73 42 0 73 44 0 14518 1208750 16912 462238 920000 425040
 8205.474941 38882 900 900 900 900 73 46 0 73 52 0 73 42 0 73 44 0 14518 1210000 16940 462512 920000 425040
 8205.674940 38883 900 900 900 900 73 46 0 73 52 0 73 42 0 73 44 0 14274 1210000 16940 462786 920000 425040
 8205.874940 38884 900 900 900 900 73 46 0 73 52 0 73 42 0 73 44 0 14518 1210000 16940 464156 920000 426880
 8206.074955 38885 900 900 900 900 73 46 0 73 52 0 73 42 0 73 44 0 14518 1210000 16940 464156 920000 426880
 8206.274940 38886 900 900 900 900 73 46 0 73 52 0 73 42 0 73 44 0 14518 1208750 16912 464156 920000 426880
 8206.474939 38887 900 900 900 900 73 46 0 73 52 0 73 42 0 73 44 0 14274 1208750 16912 464430 920000 426880
 8206.674940 38888 900 900 900 900 73 46 0 73 52 0 73 42 0 73 44 0 14274 1208750 16912 463608 920000 425960
 8206.874940 38889 900 900 900 900 73 46 0 73 52 0 73 42 0 73 44 0 14274 1208750 16912 463608 920000 425960
 8207.074955 38890 900 900 900 900 73 46 0 73 52 0 73 42 0 73 44 0 14518 1208750 16912 463060 920000 425960
 8207.274940 38891 900 900 900 900 73 46 0 73 52 0 73 42 0 73 44 0 14518 1208750 16912 463608 920000 425960
 8207.474934 38892 900 900 900 900 73 46 0 73 52 0 73 42 0 73 44 0 14274 1208750 16912 462512 920000 425040
 8207.674940 38893 900 900 900 900 73 46 0 73 52 0 73 42 0 73 44 0 14274 1208750 16912 462512 920000 425040
 8207.874939 38894 900 900 900 900 73 46 0 73 52 0 73 42 0 73 44 0 14518 1210000 16940 463608 920000 425960
 8208.074934 38895 900 900 900 900 73 46 0 73 52 0 73 42 0 73 44 0 14274 1208750 16912 464430 920000 426880
 8208.274941 38896 900 900 900 900 73 46 0 73 52 0 73 42 0 73 44 0 14518 1208750 16912 465526 920000 427800
 8208.474940 38897 900 900 900 900 73 46 0 73 52 0 73 42 0 73 44 0 14518 1208750 16912 465526 920000 427800
 8208.674939 38898 900 900 900 900 73 46 0 73 52 0 73 42 0 73 44 0 14518 1208750 16912 463334 920000 425960
 8208.874939 38899 900 900 900 900 73 46 0 73 52 0 73 42 0 73 44 0 14518 1208750 16912 463060 920000 425960
 8209.074955 38900 900 900 900 900 73 46 0 73 52 0 73 42 0 73 44 0 14518 1210000 16940 463060 920000 425960
 8209.274915 38901 900 900 900 900 73 46 0 73 52 0 73 42 0 73 44 0 14518 1208750 16912 462786 920000 425040
 8209.474940 38902 900 900 900 900 73 46 0 73 52 0 73 42 0 73 44 0 14518 1208750 16912 462786 920000 425040
 8209.674940 38903 900 900 900 900 73 46 0 73 52 0 73 42 0 73 44 0 14518 1208750 16912 464430 920000 426880
 8209.874934 38904 900 900 900 900 73 46 0 73 52 0 73 42 0 73 44 0 14518 1210000 16940 468266 920000 430560
 8210.074958 38905 900 900 900 900 73 46 0 73 52 0 73 42 0 73 44 0 14274 1210000 16940 464156 920000 426880
 8210.274940 38906 900 900 900 900 73 46 0 73 52 0 73 42 0 73 44 0 14274 1210000 16940 464156 920000 426880
 8210.474938 38907 900 900 900 900 73 46 0 73 52 0 73 42 0 73 44 0 14518 1208750 16912 464978 920000 426880
 8210.674941 38908 900 900 900 900 73 46 0 73 52 0 73 42 0 73 44 0 14518 1208750 16912 464156 920000 426880
 8210.874940 38909 900 900 900 900 73 46 0 73 52 0 73 42 0 73 44 0 14518 1210000 16940 463060 920000 425960
 8211.074934 38910 900 900 900 900 73 46 0 73 52 0 73 42 0 73 44 0 14518 1210000 16940 463060 920000 425960
 8211.274941 38911 900 900 900 900 73 46 0 73 52 0 73 42 0 73 44 0 14518 1208750 16912 465252 920000 427800
 8211.474940 38912 900 900 900 900 73 46 0 73 52 0 73 42 0 73 44 0 14518 1210000 16940 465252 920000 427800
 8211.674939 38913 900 900 900 900 73 46 0 73 52 0 73 42 0 73 44 0 14274 1210000 16940 464430 920000 426880
 8211.874939 38914 900 900 900 900 73 46 0 73 52 0 73 42 0 73 44 0 14274 1210000 16940 464430 920000 426880
 8212.074954 38915 900 900 900 900 73 46 0 73 52 0 73 42 0 73 44 0 14518 1208750 16912 464430 920000 426880
 8212.274933 38916 900 900 900 900 73 46 0 73 52 0 73 42 0 73 44 0 14274 1208750 16912 464430 920000 426880
 8212.474939 38917 900 900 900 900 73 46 0 73 52 0 73 42 0 73 44 0 14518 1208750 16912 465252 920000 427800
 8212.674939 38918 900 900 900 900 73 46 0 73 52 0 73 42 0 73 44 0 14518 1208750 16912 465252 920000 427800
 8212.874940 38919 900 900 900 900 73 46 0 73 52 0 73 42 0 73 44 0 14518 1210000 16940 462786 920000 425040
 8213.074954 38920 900 900 900 900 73 46 0 73 52 0 73 42 0 73 44 0 14762 1210000 16940 463608 920000 425960
 8213.274936 38921 900 900 900 900 73 46 0 73 52 0 73 42 0 73 44 0 14274 1210000 16940 464430 920000 426880
 8213.474940 38922 900 900 900 900 73 46 0 73 52 0 73 42 0 73 44 0 14274 1210000 16940 464430 920000 426880
 8213.674940 38923 900 900 900 900 73 46 0 73 52 0 73 42 0 73 44 0 14274 1210000 16940 471006 920000 433320
 8213.874934 38924 900 900 900 900 73 46 0 73 52 0 73 42 0 73 44 0 14518 1210000 16940 463882 920000 425960
 8214.074933 38925 900 900 900 900 73 46 0 73 52 0 73 42 0 73 44 0 14518 1210000 16940 464156 920000 426880
 8214.274942 38926 900 900 900 900 73 46 0 73 52 0 73 42 0 73 44 0 14518 1210000 16940 464156 920000 426880
 8214.474939 38927 900 900 900 900 73 46 0 73 52 0 73 42 0 73 44 0 14518 1210000 16940 462238 920000 425040
 8214.674934 38928 900 900 900 900 73 46 0 73 52 0 73 42 0 73 44 0 14762 1210000 16940 462512 920000 425040
 8214.874940 38929 900 900 900 900 73 46 0 73 52 0 73 42 0 73 44 0 14518 1210000 16940 463334 920000 425960
 8215.074936 38930 900 900 900 900 73 46 0 73 52 0 73 42 0 73 44 0 14518 1210000 16940 463334 920000 425960
 8215.274940 38931 900 900 900 900 73 46 0 73 52 0 73 42 0 73 44 0 14518 1210000 16940 461964 920000 424120
 8215.474940 38932 900 900 900 900 73 46 0 73 52 0 73 42 0 73 44 0 14518 1210000 16940 464704 920000 426880
 8215.674939 38933 900 900 900 900 73 46 0 73 52 0 73 42 0 73 44 0 14518 1210000 16940 463060 920000 425960
 8215.874939 38934 900 900 900 900 73 46 0 73 52 0 73 42 0 73 44 0 14762 1210000 16940 464430 920000 426880
 8216.074955 38935 900 900 900 900 73 46 0 73 52 0 73 42 0 73 44 0 14762 1210000 16940 464430 920000 426880
 8216.274942 38936 900 900 900 900 73 46 0 73 52 0 73 42 0 73 44 0 14518 1210000 16940 464704 920000 426880
 8216.474938 38937 900 900 900 900 73 46 0 73 52 0 73 42 0 73 44 0 14518 1210000 16940 463882 920000 425960
 8216.674940 38938 900 900 900 900 73 46 0 73 52 0 73 42 0 73 44 0 14274 1210000 16940 463060 920000 425960
 8216.874940 38939 900 900 900 900 73 46 0 73 52 0 73 42 0 73 44 0 14274 1210000 16940 463060 920000 425960
 8217.074928 38940 900 900 900 900 73 46 0 73 52 0 73 42 0 73 44 0 14274 1210000 16940 464430 920000 426880
 8217.274943 38941 900 900 900 900 73 46 0 73 52 0 73 42 0 73 44 0 14274 1210000 16940 464978 920000 426880
 8217.474940 38942 900 900 900 900 73 46 0 73 52 0 73 42 0 73 44 0 14518 1210000 16940 465526 920000 427800
 8217.674940 38943 900 900 900 900 73 46 0 73 52 0 73 42 0 73 44 0 14518 1210000 16940 465526 920000 427800
 8217.874940 38944 900 900 900 900 73 46 0 73 52 0 73 42 0 73 44 0 14518 1210000 16940 464978 920000 426880
 8218.074955 38945 900 900 900 900 73 46 0 73 52 0 73 42 0 73 44 0 14518 1210000 16940 464978 920000 426880
 8218.274941 38946 900 900 900 900 73 46 0 73 52 0 73 42 0 73 44 0 14518 1210000 16940 463334 920000 425960
 8218.474940 38947 900 900 900 900 73 46 0 73 52 0 73 42 0 73 44 0 14518 1210000 16940 463334 920000 425960
 8218.674940 38948 900 900 900 900 73 46 0 73 52 0 73 42 0 73 44 0 14518 1210000 16940 463882 920000 425960
 8218.874941 38949 900 900 900 900 73 46 0 73 52 0 73 42 0 73 44 0 14274 1210000 16940 463060 920000 425960
 8219.074954 38950 900 900 900 900 73 46 0 73 52 0 73 42 0 73 44 0 14518 1210000 16940 464704 920000 426880
 8219.274939 38951 900 900 900 900 73 46 0 73 52 0 73 42 0 73 44 0 14518 1210000 16940 464704 920000 426880
 8219.474935 38952 900 900 900 900 73 46 0 73 52 0 73 42 0 73 44 0 14518 1208750 16912 465252 920000 427800
 8219.674940 38953 900 900 900 900 73 46 0 73 52 0 73 42 0 73 44 0 14518 1210000 16940 464704 920000 426880
 8219.874939 38954 900 900 900 900 73 46 0 73 52 0 73 42 0 73 44 0 14518 1210000 16940 466896 920000 428720
 8220.074879 38955 900 900 900 900 73 46 0 73 52 0 73 42 0 73 44 0 14518 1210000 16940 466896 920000 428720
 8220.274942 38956 900 900 900 900 73 46 0 73 52 0 73 42 0 73 44 0 14518 1210000 16940 462238 920000 425040
 8220.474940 38957 900 900 900 900 73 46 0 73 52 0 73 42 0 73 44 0 14518 1210000 16940 463882 920000 425960
 8220.674940 38958 900 900 900 900 73 46 0 73 52 0 73 42 0 73 44 0 14518 1210000 16940 463608 920000 425960
 8220.874939 38959 900 900 900 900 73 46 0 73 52 0 73 42 0 73 44 0 14518 1210000 16940 463608 920000 425960
 8221.074954 38960 900 900 900 900 73 46 0 73 52 0 73 42 0 73 44 0 14518 1210000 16940 464978 920000 426880
 8221.274940 38961 900 900 900 900 73 46 0 73 52 0 73 42 0 73 44 0 14762 1210000 16940 464978 920000 426880
 8221.474940 38962 900 900 900 900 73 46 0 73 52 0 73 42 0 73 44 0 14274 1210000 16940 464430 920000 426880
 8221.675080 38963 900 900 900 900 73 46 0 73 52 0 73 42 0 73 44 0 14518 1210000 16940 464704 920000 426880
 8221.874939 38964 900 900 900 900 73 46 0 73 52 0 73 42 0 73 44 0 14518 1210000 16940 464704 920000 426880
 8222.074955 38965 900 900 900 900 73 46 0 73 52 0 73 42 0 73 44 0 14518 1210000 16940 464430 920000 426880
 8222.274940 38966 900 900 900 900 73 46 0 73 52 0 73 42 0 73 44 0 14518 1210000 16940 464430 920000 426880
 8222.474939 38967 900 900 900 900 73 46 0 73 52 0 73 42 0 73 44 0 14518 1210000 16940 464430 920000 426880
 8222.674940 38968 900 900 900 900 73 46 0 73 52 0 73 42 0 73 44 0 14518 1210000 16940 464430 920000 426880
 8222.874940 38969 900 900 900 900 73 46 0 73 52 0 73 42 0 73 44 0 14274 1210000 16940 463334 920000 425960
 8223.074881 38970 900 900 900 900 73 46 0 73 52 0 73 42 0 73 44 0 14762 1210000 16940 465252 920000 427800
 8223.274943 38971 900 900 900 900 73 46 0 73 52 0 73 42 0 73 44 0 14518 1210000 16940 464430 920000 426880
 8223.474940 38972 900 900 900 900 73 46 0 73 52 0 73 42 0 73 44 0 14518 1210000 16940 464430 920000 426880
 8223.674940 38973 900 900 900 900 73 46 0 73 52 0 73 42 0 73 44 0 14762 1210000 16940 464430 920000 426880
 8223.874939 38974 900 900 900 900 73 46 0 73 52 0 73 42 0 73 44 0 14518 1210000 16940 464156 920000 426880
 8224.074932 38975 900 900 900 900 73 46 0 73 52 0 73 42 0 73 44 0 14762 1210000 16940 464704 920000 426880
 8224.274940 38976 900 900 900 900 73 46 0 73 52 0 73 42 0 73 44 0 14762 1210000 16940 464704 920000 426880
 8224.474940 38977 900 900 900 900 73 46 0 73 52 0 73 42 0 73 44 0 14518 1210000 16940 464156 920000 426880
 8224.674941 38978 900 900 900 900 73 46 0 73 52 0 73 42 0 73 44 0 14518 1210000 16940 462512 920000 425040
 8224.874916 38979 900 900 900 900 73 46 0 73 52 0 73 42 0 73 44 0 14518 1210000 16940 464704 920000 426880
 8225.074931 38980 900 900 900 900 73 46 0 73 52 0 73 42 0 73 44 0 14518 1210000 16940 464704 920000 426880
 8225.274915 38981 900 900 900 900 73 46 0 73 52 0 73 42 0 73 44 0 14518 1210000 16940 464156 920000 426880
 8225.474915 38982 900 900 900 900 73 46 0 73 52 0 73 42 0 73 44 0 14274 1210000 16940 464156 920000 426880
 8225.674916 38983 900 900 900 900 73 46 0 73 52 0 73 42 0 73 44 0 14518 1210000 16940 464430 920000 426880
 8225.874915 38984 900 900 900 900 73 46 0 73 52 0 73 42 0 73 44 0 14518 1210000 16940 464430 920000 426880
 8226.074880 38985 900 900 900 900 73 46 0 73 52 0 73 42 0 73 44 0 14518 1210000 16940 463882 920000 425960
 8226.274917 38986 900 900 900 900 73 46 0 73 52 0 73 42 0 73 44 0 14274 1210000 16940 464430 920000 426880
 8226.474909 38987 900 900 900 900 73 46 0 73 52 0 73 42 0 73 44 0 14518 1210000 16940 464430 920000 426880
 8226.674915 38988 900 900 900 900 73 46 0 73 52 0 73 42 0 73 44 0 14518 1210000 16940 464430 920000 426880
 8226.874916 38989 900 900 900 900 73 46 0 73 52 0 73 42 0 73 44 0 14518 1210000 16940 463882 920000 425960
 8227.074930 38990 900 900 900 900 73 46 0 73 52 0 73 42 0 73 44 0 14518 1210000 16940 464704 920000 426880
 8227.274863 38991 900 900 900 900 73 46 0 73 52 0 73 42 0 73 44 0 14518 1210000 16940 464978 920000 426880
 8227.474865 38992 900 900 900 900 73 46 0 73 52 0 73 42 0 73 44 0 14518 1210000 16940 464978 920000 426880
 8227.674865 38993 900 900 900 900 73 46 0 73 52 0 73 42 0 73 44 0 14274 1210000 16940 462512 920000 425040
 8227.874921 38994 900 900 900 900 73 46 0 73 52 0 73 42 0 73 44 0 14518 1210000 16940 463334 920000 425960
 8228.074935 38995 900 900 900 900 73 46 0 73 52 0 73 42 0 73 44 0 14518 1210000 16940 463060 920000 425960
 8228.274915 38996 900 900 900 900 73 46 0 73 52 0 73 42 0 73 44 0 14518 1210000 16940 463334 920000 425960
 8228.474922 38997 900 900 900 900 73 46 0 73 52 0 73 42 0 73 44 0 14518 1210000 16940 463334 920000 425960
 8228.674920 38998 900 900 900 900 73 46 0 73 52 0 73 42 0 73 44 0 14274 1210000 16940 463608 920000 425960
 8228.874917 38999 900 900 900 900 73 46 0 73 52 0 73 42 0 73 44 0 14518 1210000 16940 464156 920000 426880
 8229.074879 39000 900 900 900 900 73 46 0 73 52 0 73 42 0 73 44 0 14762 1210000 16940 464704 920000 426880
 8229.274924 39001 900 900 900 900 73 46 0 73 52 0 73 42 0 73 44 0 14762 1210000 16940 464704 920000 426880
 8229.474921 39002 900 900 900 900 73 46 0 73 52 0 73 42 0 73 44 0 14518 1210000 16940 465252 920000 427800
 8229.674920 39003 900 900 900 900 73 46 0 73 52 0 73 42 0 73 44 0 14518 1210000 16940 464156 920000 426880
 8229.874921 39004 900 900 900 900 73 46 0 73 52 0 73 42 0 73 44 0 14762 1210000 16940 479500 920000 440680
 8230.074935 39005 900 900 900 900 73 46 0 73 52 0 73 42 0 73 44 0 14762 1210000 16940 479500 920000 440680
 8230.274921 39006 900 900 900 900 73 46 0 73 52 0 73 42 0 73 44 0 14274 1210000 16940 464704 920000 426880
 8230.474920 39007 900 900 900 900 73 46 0 73 52 0 73 42 0 73 44 0 14518 1210000 16940 466074 920000 428720
 8230.674921 39008 900 900 900 900 73 46 0 73 52 0 73 42 0 73 44 0 14518 1210000 16940 465800 920000 427800
 8230.874922 39009 900 900 900 900 73 46 0 73 52 0 73 42 0 73 44 0 14518 1210000 16940 465800 920000 427800
 8231.074954 39010 900 900 900 900 73 46 0 73 52 0 73 42 0 73 44 0 14518 1210000 16940 467170 920000 429640
 8231.274933 39011 900 900 900 900 73 46 0 73 52 0 73 42 0 73 44 0 14518 1210000 16940 466348 920000 428720
 8231.474940 39012 900 900 900 900 73 46 0 73 52 0 73 42 0 73 44 0 14518 1210000 16940 464704 920000 426880
 8231.674940 39013 900 900 900 900 73 46 0 73 52 0 73 42 0 73 44 0 14518 1210000 16940 464704 920000 426880
 8231.874940 39014 900 900 900 900 73 46 0 73 52 0 73 42 0 73 44 0 14518 1210000 16940 464978 920000 426880
 8232.074881 39015 900 900 900 900 73 46 0 73 52 0 73 42 0 73 44 0 14518 1210000 16940 464978 920000 426880
 8232.274942 39016 900 900 900 900 73 46 0 73 52 0 73 42 0 73 44 0 14518 1210000 16940 465252 920000 427800
 8232.474940 39017 900 900 900 900 73 46 0 73 52 0 73 42 0 73 44 0 14518 1210000 16940 465252 920000 427800
 8232.674940 39018 900 900 900 900 73 46 0 73 52 0 73 42 0 73 44 0 14274 1210000 16940 463882 920000 425960
 8232.874942 39019 900 900 900 900 73 46 0 73 52 0 73 42 0 73 44 0 14518 1210000 16940 463060 920000 425960
 8233.074955 39020 900 900 900 900 73 46 0 73 52 0 73 42 0 73 44 0 14518 1210000 16940 464978 920000 426880
 8233.274940 39021 900 900 900 900 73 46 0 73 52 0 73 42 0 73 44 0 14518 1210000 16940 464978 920000 426880
 8233.474940 39022 900 900 900 900 73 46 0 73 52 0 73 42 0 73 44 0 14518 1210000 16940 462786 920000 425040
 8233.674933 39023 900 900 900 900 73 46 0 73 52 0 73 42 0 73 44 0 14518 1210000 16940 463060 920000 425960
 8233.874943 39024 900 900 900 900 73 46 0 73 52 0 73 42 0 73 44 0 14518 1210000 16940 464156 920000 426880
 8234.074935 39025 900 900 900 900 73 46 0 73 52 0 73 42 0 73 44 0 14518 1210000 16940 464156 920000 426880
 8234.274939 39026 900 900 900 900 73 46 0 73 52 0 73 42 0 73 44 0 14518 1210000 16940 463334 920000 425960
 8234.474940 39027 900 900 900 900 73 46 0 73 52 0 73 42 0 73 44 0 14518 1210000 16940 464430 920000 426880
 8234.674940 39028 900 900 900 900 73 46 0 73 52 0 73 42 0 73 44 0 14518 1208750 16912 464704 920000 426880
 8234.874933 39029 900 900 900 900 73 46 0 73 52 0 73 42 0 73 44 0 14274 1210000 16940 336198 920000 309120
