 6754.213793 33250 1000 1000 1000 1000 72 46 0 72 52 0 72 42 0 72 44 0 14762 1210000 16940 44114 957500 42108
 6754.413800 33251 1000 1000 1000 1000 72 46 0 72 52 0 72 42 0 72 44 0 14762 1210000 16940 44114 957500 42108
 6754.613799 33252 1000 1000 1000 1000 72 46 0 72 52 0 72 42 0 72 44 0 14762 1210000 16940 44114 957500 42108
 6754.813798 33253 1000 1000 1000 1000 72 46 0 72 52 0 72 42 0 72 44 0 14762 1210000 16940 203856 958750 194474
 6755.013811 33254 1000 1000 1000 1000 72 46 0 72 52 0 72 42 0 72 44 0 14762 1210000 16940 46854 957500 44022
 6755.213904 33255 1000 1000 1000 1000 72 46 0 72 52 0 72 42 0 72 44 0 14762 1210000 16940 46854 957500 44022
 6755.413806 33256 1000 1000 1000 1000 72 46 0 72 52 0 72 42 0 72 44 0 14762 1210000 16940 56170 957500 53592
 6755.613750 33257 1000 1000 1000 1000 72 46 0 72 52 0 72 42 0 72 44 0 14762 1210000 16940 280028 958750 268240
 6755.813753 33258 1000 1000 1000 1000 72 46 0 72 52 0 72 42 0 72 44 0 14762 1210000 16940 670478 958750 641860
 6756.013847 33259 1000 1000 1000 1000 74 46 0 74 52 0 74 42 0 74 44 0 15006 1210000 18150 645544 958750 617910
 6756.213872 33260 1000 1000 1000 1000 74 46 0 74 52 0 74 42 0 74 44 0 15006 1210000 18150 645544 958750 617910
 6756.413756 33261 1000 1000 1000 1000 74 46 0 74 52 0 74 42 0 74 44 0 14762 1210000 16940 615130 958750 589170
 6756.613756 33262 1000 1000 1000 1000 74 46 0 74 52 0 74 42 0 74 44 0 14518 1210000 16940 538410 958750 515404
 6756.813756 33263 1000 1000 1000 1000 74 46 0 74 52 0 74 42 0 74 44 0 14762 1210000 16940 539506 958750 516362
 6757.013756 33264 1000 1000 1000 1000 74 46 0 74 52 0 74 42 0 74 44 0 14762 1210000 16940 539506 958750 516362
 6757.213812 33265 1000 1000 1000 1000 74 46 0 74 52 0 74 42 0 74 44 0 14518 1210000 16940 539506 958750 516362
 6757.413811 33266 1000 1000 1000 1000 74 46 0 74 52 0 74 42 0 74 44 0 14762 1210000 16940 538958 958750 515404
 6757.613808 33267 1000 1000 1000 1000 74 46 0 74 52 0 74 42 0 74 44 0 14518 1210000 16940 539506 958750 516362
 6757.813812 33268 1000 1000 1000 1000 74 46 0 74 52 0 74 42 0 74 44 0 14518 1210000 16940 539506 958750 516362
 6758.013811 33269 1000 1000 1000 1000 74 46 0 74 52 0 74 42 0 74 44 0 14762 1210000 16940 539506 958750 516362
 6758.213812 33270 1000 1000 1000 1000 74 46 0 74 52 0 74 42 0 74 44 0 14762 1210000 16940 538684 958750 515404
 6758.413812 33271 1000 1000 1000 1000 74 46 0 74 52 0 74 42 0 74 44 0 14762 1210000 16940 541698 958750 518278
 6758.613810 33272 1000 1000 1000 1000 74 46 0 74 52 0 74 42 0 74 44 0 14762 1210000 16940 541698 958750 518278
 6758.813811 33273 1000 1000 1000 1000 74 46 0 74 52 0 74 42 0 74 44 0 14762 1210000 16940 541698 958750 518278
 6759.013811 33274 1000 1000 1000 1000 74 46 0 74 52 0 74 42 0 74 44 0 14762 1210000 16940 541698 958750 518278
 6759.213812 33275 1000 1000 1000 1000 74 46 0 74 52 0 74 42 0 74 44 0 14518 1210000 16940 543068 958750 520194
 6759.413811 33276 1000 1000 1000 1000 74 46 0 74 52 0 74 42 0 74 44 0 14518 1210000 16940 543068 958750 520194
 6759.613811 33277 1000 1000 1000 1000 74 46 0 74 52 0 74 42 0 74 44 0 14762 1210000 16940 541972 958750 518278
 6759.813812 33278 1000 1000 1000 1000 74 46 0 74 52 0 74 42 0 74 44 0 14762 1210000 16940 540328 958750 517320
 6760.013806 33279 1000 1000 1000 1000 74 46 0 74 52 0 74 42 0 74 44 0 14762 1210000 16940 540602 958750 517320
 6760.213812 33280 1000 1000 1000 1000 74 46 0 74 52 0 74 42 0 74 44 0 14762 1210000 16940 540602 958750 517320
 6760.413812 33281 1000 1000 1000 1000 74 46 0 74 52 0 74 42 0 74 44 0 14518 1208750 16912 541698 958750 518278
 6760.613829 33282 1000 1000 1000 1000 74 46 0 74 52 0 74 42 0 74 44 0 14762 1210000 16940 540876 958750 517320
 6760.813830 33283 1000 1000 1000 1000 74 46 0 74 52 0 74 42 0 74 44 0 14762 1210000 16940 540054 958750 517320
 6761.013819 33284 1000 1000 1000 1000 74 46 0 74 52 0 74 42 0 74 44 0 14762 1210000 16940 540054 958750 517320
 6761.213830 33285 1000 1000 1000 1000 74 46 0 74 52 0 74 42 0 74 44 0 14518 1208750 16912 540328 958750 517320
 6761.413829 33286 1000 1000 1000 1000 74 46 0 74 52 0 74 42 0 74 44 0 14762 1210000 16940 541150 958750 518278
 6761.613830 33287 1000 1000 1000 1000 74 46 0 74 52 0 74 42 0 74 44 0 14762 1210000 16940 539506 958750 516362
 6761.813811 33288 1000 1000 1000 1000 74 46 0 74 52 0 74 42 0 74 44 0 14762 1210000 16940 539506 958750 516362
 6762.013812 33289 1000 1000 1000 1000 74 46 0 74 52 0 74 42 0 74 44 0 14762 1210000 16940 538410 958750 515404
 6762.213830 33290 1000 1000 1000 1000 74 46 0 74 52 0 74 42 0 74 44 0 14518 1210000 16940 539232 958750 516362
 6762.413824 33291 1000 1000 1000 1000 74 46 0 74 52 0 74 42 0 74 44 0 14518 1210000 16940 541698 958750 518278
 6762.613832 33292 1000 1000 1000 1000 74 46 0 74 52 0 74 42 0 74 44 0 14762 1210000 16940 539506 958750 516362
 6762.813829 33293 1000 1000 1000 1000 74 46 0 74 52 0 74 42 0 74 44 0 14762 1210000 16940 539506 958750 516362
 6763.013811 33294 1000 1000 1000 1000 74 46 0 74 52 0 74 42 0 74 44 0 14518 1210000 16940 539506 958750 516362
 6763.213827 33295 1000 1000 1000 1000 74 46 0 74 52 0 74 42 0 74 44 0 14762 1210000 16940 539780 958750 516362
 6763.413829 33296 1000 1000 1000 1000 74 46 0 74 52 0 74 42 0 74 44 0 14762 1210000 16940 538958 958750 515404
 6763.613828 33297 1000 1000 1000 1000 74 46 0 74 52 0 74 42 0 74 44 0 14762 1210000 16940 538958 958750 515404
 6763.813829 33298 1000 1000 1000 1000 74 46 0 74 52 0 74 42 0 74 44 0 14762 1210000 16940 539506 958750 516362
 6764.013812 33299 1000 1000 1000 1000 74 46 0 74 52 0 74 42 0 74 44 0 14762 1210000 16940 540054 958750 517320
 6764.213831 33300 1000 1000 1000 1000 74 46 0 74 52 0 74 42 0 74 44 0 14762 1210000 16940 540328 958750 517320
 6764.413830 33301 1000 1000 1000 1000 74 46 0 74 52 0 74 42 0 74 44 0 14762 1210000 16940 540328 958750 517320
 6764.613829 33302 1000 1000 1000 1000 74 46 0 74 52 0 74 42 0 74 44 0 14762 1210000 16940 541150 958750 518278
 6764.813824 33303 1000 1000 1000 1000 74 46 0 74 52 0 74 42 0 74 44 0 14762 1210000 16940 541150 958750 518278
 6765.013811 33304 1000 1000 1000 1000 74 46 0 74 52 0 74 42 0 74 44 0 14762 1210000 16940 540054 958750 517320
 6765.213830 33305 1000 1000 1000 1000 74 46 0 74 52 0 74 42 0 74 44 0 14762 1210000 16940 540054 958750 517320
 6765.413829 33306 1000 1000 1000 1000 74 46 0 74 52 0 74 42 0 74 44 0 15006 1210000 18150 541972 958750 518278
 6765.613830 33307 1000 1000 1000 1000 74 46 0 74 52 0 74 42 0 74 44 0 14762 1210000 16940 540054 958750 517320
 6765.813829 33308 1000 1000 1000 1000 74 46 0 74 52 0 74 42 0 74 44 0 14762 1210000 16940 540054 958750 517320
 6766.013817 33309 1000 1000 1000 1000 74 46 0 74 52 0 74 42 0 74 44 0 14762 1210000 16940 540054 958750 517320
 6766.213829 33310 1000 1000 1000 1000 74 46 0 74 52 0 74 42 0 74 44 0 14762 1210000 16940 540328 958750 517320
 6766.413829 33311 1000 1000 1000 1000 74 46 0 74 52 0 74 42 0 74 44 0 15006 1210000 18150 540876 958750 517320
 6766.613830 33312 1000 1000 1000 1000 74 46 0 74 52 0 74 42 0 74 44 0 14762 1210000 16940 540602 958750 517320
 6766.813829 33313 1000 1000 1000 1000 74 46 0 74 52 0 74 42 0 74 44 0 14762 1210000 16940 540602 958750 517320
 6767.013812 33314 1000 1000 1000 1000 74 46 0 74 52 0 74 42 0 74 44 0 14762 1210000 16940 539780 958750 516362
 6767.213824 33315 1000 1000 1000 1000 74 46 0 74 52 0 74 42 0 74 44 0 14762 1210000 16940 540054 958750 517320
 6767.413830 33316 1000 1000 1000 1000 74 46 0 74 52 0 74 42 0 74 44 0 14762 1210000 16940 540054 958750 517320
 6767.613829 33317 1000 1000 1000 1000 74 46 0 74 52 0 74 42 0 74 44 0 14762 1210000 16940 540054 958750 517320
 6767.813828 33318 1000 1000 1000 1000 74 46 0 74 52 0 74 42 0 74 44 0 14762 1210000 16940 539780 958750 516362
 6768.013812 33319 1000 1000 1000 1000 74 46 0 74 52 0 74 42 0 74 44 0 14518 1210000 16940 541972 958750 518278
 6768.213829 33320 1000 1000 1000 1000 74 46 0 74 52 0 74 42 0 74 44 0 14762 1210000 16940 542520 958750 519236
 6768.413756 33321 1000 1000 1000 1000 74 46 0 74 52 0 74 42 0 74 44 0 14762 1210000 16940 542246 958750 519236
 6768.613830 33322 1000 1000 1000 1000 74 46 0 74 52 0 74 42 0 74 44 0 14762 1210000 16940 542246 958750 519236
 6768.813829 33323 1000 1000 1000 1000 74 46 0 74 52 0 74 42 0 74 44 0 15006 1210000 18150 542246 958750 519236
 6769.013830 33324 1000 1000 1000 1000 74 46 0 74 52 0 74 42 0 74 44 0 14762 1210000 16940 540876 958750 517320
 6769.213830 33325 1000 1000 1000 1000 74 46 0 74 52 0 74 42 0 74 44 0 14518 1210000 16940 541424 958750 518278
 6769.413830 33326 1000 1000 1000 1000 74 46 0 74 52 0 74 42 0 74 44 0 14518 1210000 16940 541424 958750 518278
 6769.613825 33327 1000 1000 1000 1000 74 46 0 74 52 0 74 42 0 74 44 0 15006 1210000 18150 540876 958750 517320
 6769.813829 33328 1000 1000 1000 1000 74 46 0 74 52 0 74 42 0 74 44 0 14762 1210000 16940 541424 958750 518278
 6770.013830 33329 1000 1000 1000 1000 74 46 0 74 52 0 74 42 0 74 44 0 14762 1210000 16940 541698 958750 518278
 6770.213830 33330 1000 1000 1000 1000 74 46 0 74 52 0 74 42 0 74 44 0 14762 1210000 16940 541698 958750 518278
 6770.413830 33331 1000 1000 1000 1000 74 46 0 74 52 0 74 42 0 74 44 0 14762 1210000 16940 541150 958750 518278
 6770.613830 33332 1000 1000 1000 1000 74 46 0 74 52 0 74 42 0 74 44 0 14762 1210000 16940 540054 958750 517320
 6770.813830 33333 1000 1000 1000 1000 74 46 0 74 52 0 74 42 0 74 44 0 14762 1210000 16940 539506 958750 516362
 6771.013836 33334 1000 1000 1000 1000 74 46 0 74 52 0 74 42 0 74 44 0 14762 1210000 16940 539506 958750 516362
 6771.213829 33335 1000 1000 1000 1000 74 46 0 74 52 0 74 42 0 74 44 0 14762 1208750 16912 540602 958750 517320
 6771.413830 33336 1000 1000 1000 1000 74 46 0 74 52 0 74 42 0 74 44 0 14762 1210000 16940 540602 958750 517320
 6771.613830 33337 1000 1000 1000 1000 74 46 0 74 52 0 74 42 0 74 44 0 14762 1210000 16940 540328 958750 517320
 6771.813829 33338 1000 1000 1000 1000 74 46 0 74 52 0 74 42 0 74 44 0 14762 1210000 16940 540328 958750 517320
 6772.013825 33339 1000 1000 1000 1000 74 46 0 74 52 0 74 42 0 74 44 0 15006 1210000 18150 541150 958750 518278
 6772.213829 33340 1000 1000 1000 1000 74 46 0 74 52 0 74 42 0 74 44 0 14518 1210000 16940 541150 958750 518278
 6772.413830 33341 1000 1000 1000 1000 74 46 0 74 52 0 74 42 0 74 44 0 15006 1210000 18150 541150 958750 518278
 6772.613831 33342 1000 1000 1000 1000 74 46 0 74 52 0 74 42 0 74 44 0 15006 1210000 18150 541150 958750 518278
 6772.813830 33343 1000 1000 1000 1000 74 46 0 74 52 0 74 42 0 74 44 0 14762 1210000 16940 540054 958750 517320
 6773.013830 33344 1000 1000 1000 1000 75 46 0 75 52 0 75 42 0 75 44 0 14762 1210000 16940 539506 958750 516362
 6773.213830 33345 1000 1000 1000 1000 75 46 0 75 52 0 75 42 0 75 44 0 14762 1210000 16940 540328 958750 517320
 6773.413830 33346 1000 1000 1000 1000 75 46 0 75 52 0 75 42 0 75 44 0 14762 1210000 16940 540328 958750 517320
 6773.613830 33347 1000 1000 1000 1000 75 46 0 75 52 0 75 42 0 75 44 0 14762 1210000 16940 540602 958750 517320
 6773.813830 33348 1000 1000 1000 1000 75 46 0 75 52 0 75 42 0 75 44 0 15006 1210000 18150 541424 958750 518278
 6774.013830 33349 1000 1000 1000 1000 74 46 0 74 52 0 74 42 0 74 44 0 14762 1210000 16940 541972 958750 518278
 6774.213811 33350 1000 1000 1000 1000 74 46 0 74 52 0 74 42 0 74 44 0 14762 1210000 16940 541972 958750 518278
 6774.413824 33351 1000 1000 1000 1000 74 46 0 74 52 0 74 42 0 74 44 0 15006 1210000 18150 542246 958750 519236
 6774.613829 33352 1000 1000 1000 1000 74 46 0 74 52 0 74 42 0 74 44 0 14762 1210000 16940 541698 958750 518278
 6774.813830 33353 1000 1000 1000 1000 74 46 0 74 52 0 74 42 0 74 44 0 14762 1210000 16940 540054 958750 517320
 6775.013807 33354 1000 1000 1000 1000 75 46 0 75 52 0 75 42 0 75 44 0 14762 1210000 16940 541424 958750 518278
 6775.213829 33355 1000 1000 1000 1000 75 46 0 75 52 0 75 42 0 75 44 0 14762 1210000 16940 541424 958750 518278
 6775.413825 33356 1000 1000 1000 1000 75 46 0 75 52 0 75 42 0 75 44 0 14762 1210000 16940 541972 958750 518278
 6775.613830 33357 1000 1000 1000 1000 75 46 0 75 52 0 75 42 0 75 44 0 14518 1210000 16940 541150 958750 518278
 6775.813830 33358 1000 1000 1000 1000 75 46 0 75 52 0 75 42 0 75 44 0 14762 1208750 16912 541424 958750 518278
 6776.013835 33359 1000 1000 1000 1000 74 46 0 74 52 0 74 42 0 74 44 0 14762 1208750 16912 541424 958750 518278
 6776.213829 33360 1000 1000 1000 1000 74 46 0 74 52 0 74 42 0 74 44 0 14518 1210000 16940 541698 958750 518278
 6776.413829 33361 1000 1000 1000 1000 74 46 0 74 52 0 74 42 0 74 44 0 14762 1210000 16940 539506 958750 516362
 6776.613828 33362 1000 1000 1000 1000 74 46 0 74 52 0 74 42 0 74 44 0 14762 1210000 16940 539506 958750 516362
 6776.813830 33363 1000 1000 1000 1000 74 46 0 74 52 0 74 42 0 74 44 0 14762 1210000 16940 539506 958750 516362
 6777.013829 33364 1000 1000 1000 1000 74 46 0 74 52 0 74 42 0 74 44 0 14762 1210000 16940 540054 958750 517320
 6777.213829 33365 1000 1000 1000 1000 74 46 0 74 52 0 74 42 0 74 44 0 14762 1210000 16940 539780 958750 516362
 6777.413829 33366 1000 1000 1000 1000 74 46 0 74 52 0 74 42 0 74 44 0 14762 1210000 16940 542246 958750 519236
 6777.613829 33367 1000 1000 1000 1000 74 46 0 74 52 0 74 42 0 74 44 0 14762 1210000 16940 542246 958750 519236
 6777.813824 33368 1000 1000 1000 1000 74 46 0 74 52 0 74 42 0 74 44 0 15006 1210000 18150 542520 958750 519236
 6778.013830 33369 1000 1000 1000 1000 75 46 0 75 52 0 75 42 0 75 44 0 14518 1210000 16940 542520 958750 519236
 6778.213829 33370 1000 1000 1000 1000 75 46 0 75 52 0 75 42 0 75 44 0 14518 1210000 16940 542794 958750 519236
 6778.413830 33371 1000 1000 1000 1000 75 46 0 75 52 0 75 42 0 75 44 0 14518 1210000 16940 542794 958750 519236
 6778.613830 33372 1000 1000 1000 1000 75 46 0 75 52 0 75 42 0 75 44 0 14762 1210000 16940 541424 958750 518278
 6778.813830 33373 1000 1000 1000 1000 75 46 0 75 52 0 75 42 0 75 44 0 15006 1210000 18150 540876 958750 517320
 6779.013783 33374 1000 1000 1000 1000 74 46 0 74 52 0 74 42 0 74 44 0 15006 1210000 18150 541424 958750 518278
 6779.213783 33375 1000 1000 1000 1000 74 46 0 74 52 0 74 42 0 74 44 0 15006 1210000 18150 541424 958750 518278
 6779.413782 33376 1000 1000 1000 1000 74 46 0 74 52 0 74 42 0 74 44 0 14518 1210000 16940 542520 958750 519236
 6779.613783 33377 1000 1000 1000 1000 74 46 0 74 52 0 74 42 0 74 44 0 15006 1210000 18150 541698 958750 518278
 6779.813782 33378 1000 1000 1000 1000 75 46 0 75 52 0 75 42 0 75 44 0 14762 1210000 16940 542246 958750 519236
 6780.013783 33379 1000 1000 1000 1000 75 46 0 75 52 0 75 42 0 75 44 0 14762 1210000 16940 542246 958750 519236
 6780.213778 33380 1000 1000 1000 1000 75 46 0 75 52 0 75 42 0 75 44 0 15006 1210000 18150 541972 958750 518278
 6780.413803 33381 1000 1000 1000 1000 75 46 0 75 52 0 75 42 0 75 44 0 15006 1210000 18150 540876 958750 517320
 6780.613813 33382 1000 1000 1000 1000 75 46 0 75 52 0 75 42 0 75 44 0 14762 1210000 16940 541150 958750 518278
 6780.813813 33383 1000 1000 1000 1000 75 46 0 75 52 0 75 42 0 75 44 0 14762 1210000 16940 541150 958750 518278
 6781.013816 33384 1000 1000 1000 1000 75 46 0 75 52 0 75 42 0 75 44 0 14762 1210000 16940 539780 958750 516362
 6781.213811 33385 1000 1000 1000 1000 75 46 0 75 52 0 75 42 0 75 44 0 14762 1210000 16940 540328 958750 517320
 6781.413810 33386 1000 1000 1000 1000 75 46 0 75 52 0 75 42 0 75 44 0 14762 1210000 16940 540328 958750 517320
 6781.613811 33387 1000 1000 1000 1000 75 46 0 75 52 0 75 42 0 75 44 0 14762 1210000 16940 540876 958750 517320
 6781.813812 33388 1000 1000 1000 1000 75 46 0 75 52 0 75 42 0 75 44 0 14762 1210000 16940 540876 958750 517320
 6782.013810 33389 1000 1000 1000 1000 75 46 0 75 52 0 75 42 0 75 44 0 14762 1210000 16940 540328 958750 517320
 6782.213811 33390 1000 1000 1000 1000 75 46 0 75 52 0 75 42 0 75 44 0 15006 1210000 18150 539506 958750 516362
 6782.413805 33391 1000 1000 1000 1000 75 46 0 75 52 0 75 42 0 75 44 0 14518 1210000 16940 538958 958750 515404
 6782.613811 33392 1000 1000 1000 1000 75 46 0 75 52 0 75 42 0 75 44 0 14518 1210000 16940 538958 958750 515404
 6782.813810 33393 1000 1000 1000 1000 75 46 0 75 52 0 75 42 0 75 44 0 14762 1210000 16940 539232 958750 516362
 6783.013810 33394 1000 1000 1000 1000 75 46 0 75 52 0 75 42 0 75 44 0 14762 1210000 16940 540328 958750 517320
 6783.213812 33395 1000 1000 1000 1000 75 46 0 75 52 0 75 42 0 75 44 0 14518 1210000 16940 541424 958750 518278
 6783.413810 33396 1000 1000 1000 1000 75 46 0 75 52 0 75 42 0 75 44 0 14518 1210000 16940 541424 958750 518278
 6783.613811 33397 1000 1000 1000 1000 75 46 0 75 52 0 75 42 0 75 44 0 14762 1210000 16940 542520 958750 519236
 6783.813811 33398 1000 1000 1000 1000 75 46 0 75 52 0 75 42 0 75 44 0 14762 1210000 16940 541698 958750 518278
 6784.013810 33399 1000 1000 1000 1000 75 46 0 75 52 0 75 42 0 75 44 0 14762 1210000 16940 541424 958750 518278
 6784.213811 33400 1000 1000 1000 1000 75 46 0 75 52 0 75 42 0 75 44 0 14762 1210000 16940 541424 958750 518278
 6784.413811 33401 1000 1000 1000 1000 75 46 0 75 52 0 75 42 0 75 44 0 14762 1210000 16940 541424 958750 518278
 6784.613812 33402 1000 1000 1000 1000 75 46 0 75 52 0 75 42 0 75 44 0 14762 1210000 16940 541150 958750 518278
 6784.813806 33403 1000 1000 1000 1000 75 46 0 75 52 0 75 42 0 75 44 0 14762 1210000 16940 541698 958750 518278
 6785.013807 33404 1000 1000 1000 1000 75 46 0 75 52 0 75 42 0 75 44 0 14762 1210000 16940 541698 958750 518278
 6785.213812 33405 1000 1000 1000 1000 75 46 0 75 52 0 75 42 0 75 44 0 14762 1210000 16940 558138 958750 534564
 6785.413811 33406 1000 1000 1000 1000 75 46 0 75 52 0 75 42 0 75 44 0 14762 1210000 16940 541150 958750 518278
 6785.613811 33407 1000 1000 1000 1000 75 46 0 75 52 0 75 42 0 75 44 0 14762 1210000 16940 540602 958750 517320
 6785.813810 33408 1000 1000 1000 1000 75 46 0 75 52 0 75 42 0 75 44 0 14762 1210000 16940 540602 958750 517320
 6786.013817 33409 1000 1000 1000 1000 75 46 0 75 52 0 75 42 0 75 44 0 14762 1210000 16940 540054 958750 517320
 6786.213811 33410 1000 1000 1000 1000 75 46 0 75 52 0 75 42 0 75 44 0 14762 1210000 16940 540876 958750 517320
 6786.413811 33411 1000 1000 1000 1000 75 46 0 75 52 0 75 42 0 75 44 0 15006 1210000 18150 542520 958750 519236
 6786.613811 33412 1000 1000 1000 1000 75 46 0 75 52 0 75 42 0 75 44 0 15006 1210000 18150 542520 958750 519236
 6786.813812 33413 1000 1000 1000 1000 75 46 0 75 52 0 75 42 0 75 44 0 14762 1210000 16940 540328 958750 517320
 6787.013810 33414 1000 1000 1000 1000 75 46 0 75 52 0 75 42 0 75 44 0 15006 1210000 18150 541698 958750 518278
 6787.213806 33415 1000 1000 1000 1000 75 46 0 75 52 0 75 42 0 75 44 0 14762 1210000 16940 542246 958750 519236
 6787.413754 33416 1000 1000 1000 1000 75 46 0 75 52 0 75 42 0 75 44 0 14762 1210000 16940 541972 958750 518278
 6787.613812 33417 1000 1000 1000 1000 75 46 0 75 52 0 75 42 0 75 44 0 14762 1210000 16940 541972 958750 518278
 6787.813811 33418 1000 1000 1000 1000 75 46 0 75 52 0 75 42 0 75 44 0 14762 1210000 16940 542246 958750 519236
 6788.013811 33419 1000 1000 1000 1000 75 46 0 75 52 0 75 42 0 75 44 0 14762 1210000 16940 540876 958750 517320
 6788.213829 33420 1000 1000 1000 1000 75 46 0 75 52 0 75 42 0 75 44 0 14762 1210000 16940 541698 958750 518278
 6788.413829 33421 1000 1000 1000 1000 75 46 0 75 52 0 75 42 0 75 44 0 14762 1210000 16940 541698 958750 518278
 6788.613829 33422 1000 1000 1000 1000 75 46 0 75 52 0 75 42 0 75 44 0 14762 1210000 16940 540876 958750 517320
 6788.813829 33423 1000 1000 1000 1000 75 46 0 75 52 0 75 42 0 75 44 0 14762 1210000 16940 541972 958750 518278
 6789.013830 33424 1000 1000 1000 1000 75 46 0 75 52 0 75 42 0 75 44 0 14762 1210000 16940 541698 958750 518278
 6789.213829 33425 1000 1000 1000 1000 75 46 0 75 52 0 75 42 0 75 44 0 14762 1210000 16940 541698 958750 518278
 6789.413830 33426 1000 1000 1000 1000 75 46 0 75 52 0 75 42 0 75 44 0 14762 1210000 16940 541150 958750 518278
 6789.613824 33427 1000 1000 1000 1000 75 46 0 75 52 0 75 42 0 75 44 0 15006 1210000 18150 543342 958750 520194
 6789.813829 33428 1000 1000 1000 1000 75 46 0 75 52 0 75 42 0 75 44 0 14762 1210000 16940 540602 958750 517320
 6790.013829 33429 1000 1000 1000 1000 75 46 0 75 52 0 75 42 0 75 44 0 14762 1210000 16940 540602 958750 517320
 6790.213829 33430 1000 1000 1000 1000 75 46 0 75 52 0 75 42 0 75 44 0 14762 1210000 16940 540602 958750 517320
 6790.413829 33431 1000 1000 1000 1000 75 46 0 75 52 0 75 42 0 75 44 0 14762 1210000 16940 539780 958750 516362
 6790.613829 33432 1000 1000 1000 1000 75 46 0 75 52 0 75 42 0 75 44 0 15006 1210000 18150 541424 958750 518278
 6790.813830 33433 1000 1000 1000 1000 75 46 0 75 52 0 75 42 0 75 44 0 15006 1210000 18150 541424 958750 518278
 6791.013834 33434 1000 1000 1000 1000 75 46 0 75 52 0 75 42 0 75 44 0 14762 1210000 16940 540876 958750 517320
 6791.213829 33435 1000 1000 1000 1000 75 46 0 75 52 0 75 42 0 75 44 0 14762 1210000 16940 540328 958750 517320
 6791.413830 33436 1000 1000 1000 1000 75 46 0 75 52 0 75 42 0 75 44 0 14762 1210000 16940 546904 958750 523068
 6791.613828 33437 1000 1000 1000 1000 75 46 0 75 52 0 75 42 0 75 44 0 14762 1210000 16940 546904 958750 523068
 6791.813829 33438 1000 1000 1000 1000 75 46 0 75 52 0 75 42 0 75 44 0 14762 1210000 16940 538958 958750 515404
 6792.013823 33439 1000 1000 1000 1000 75 46 0 75 52 0 75 42 0 75 44 0 14762 1210000 16940 538958 958750 515404
 6792.213829 33440 1000 1000 1000 1000 75 46 0 75 52 0 75 42 0 75 44 0 15006 1210000 18150 540328 958750 517320
 6792.413829 33441 1000 1000 1000 1000 75 46 0 75 52 0 75 42 0 75 44 0 15006 1210000 18150 540328 958750 517320
 6792.613830 33442 1000 1000 1000 1000 75 46 0 75 52 0 75 42 0 75 44 0 14762 1210000 16940 543068 958750 520194
 6792.813830 33443 1000 1000 1000 1000 75 46 0 75 52 0 75 42 0 75 44 0 15006 1210000 18150 543890 958750 520194
 6793.013829 33444 1000 1000 1000 1000 75 46 0 75 52 0 75 42 0 75 44 0 14518 1210000 16940 542794 958750 519236
 6793.213811 33445 1000 1000 1000 1000 75 46 0 75 52 0 75 42 0 75 44 0 14518 1210000 16940 542794 958750 519236
 6793.413829 33446 1000 1000 1000 1000 75 46 0 75 52 0 75 42 0 75 44 0 15006 1210000 18150 542520 958750 519236
 6793.613829 33447 1000 1000 1000 1000 75 46 0 75 52 0 75 42 0 75 44 0 14762 1210000 16940 540328 958750 517320
 6793.813829 33448 1000 1000 1000 1000 75 46 0 75 52 0 75 42 0 75 44 0 15006 1210000 18150 541424 958750 518278
 6794.013805 33449 1000 1000 1000 1000 75 46 0 75 52 0 75 42 0 75 44 0 14762 1210000 16940 541698 958750 518278
 6794.213828 33450 1000 1000 1000 1000 75 46 0 75 52 0 75 42 0 75 44 0 14762 1210000 16940 541698 958750 518278
 6794.413824 33451 1000 1000 1000 1000 75 46 0 75 52 0 75 42 0 75 44 0 14762 1210000 16940 540602 958750 517320
 6794.613830 33452 1000 1000 1000 1000 75 46 0 75 52 0 75 42 0 75 44 0 14762 1210000 16940 542794 958750 519236
 6794.813829 33453 1000 1000 1000 1000 75 46 0 75 52 0 75 42 0 75 44 0 14762 1210000 16940 541698 958750 518278
 6795.013830 33454 1000 1000 1000 1000 75 46 0 75 52 0 75 42 0 75 44 0 14762 1210000 16940 541698 958750 518278
 6795.213830 33455 1000 1000 1000 1000 75 46 0 75 52 0 75 42 0 75 44 0 15006 1210000 18150 541424 958750 518278
 6795.413829 33456 1000 1000 1000 1000 75 46 0 75 52 0 75 42 0 75 44 0 14762 1210000 16940 541424 958750 518278
 6795.613829 33457 1000 1000 1000 1000 75 46 0 75 52 0 75 42 0 75 44 0 14762 1210000 16940 540328 958750 517320
 6795.813829 33458 1000 1000 1000 1000 75 46 0 75 52 0 75 42 0 75 44 0 14762 1210000 16940 540328 958750 517320
 6796.013835 33459 1000 1000 1000 1000 75 46 0 75 52 0 75 42 0 75 44 0 14518 1210000 16940 539780 958750 516362
 6796.213829 33460 1000 1000 1000 1000 75 46 0 75 52 0 75 42 0 75 44 0 14762 1210000 16940 540054 958750 517320
 6796.413829 33461 1000 1000 1000 1000 75 46 0 75 52 0 75 42 0 75 44 0 14762 1210000 16940 542246 958750 519236
 6796.613829 33462 1000 1000 1000 1000 75 46 0 75 52 0 75 42 0 75 44 0 14762 1210000 16940 542246 958750 519236
 6796.813824 33463 1000 1000 1000 1000 75 46 0 75 52 0 75 42 0 75 44 0 14762 1210000 16940 541424 958750 518278
 6797.013829 33464 1000 1000 1000 1000 75 46 0 75 52 0 75 42 0 75 44 0 14762 1210000 16940 541698 958750 518278
 6797.213829 33465 1000 1000 1000 1000 75 46 0 75 52 0 75 42 0 75 44 0 14762 1210000 16940 541972 958750 518278
 6797.413828 33466 1000 1000 1000 1000 75 46 0 75 52 0 75 42 0 75 44 0 14762 1210000 16940 541972 958750 518278
 6797.613829 33467 1000 1000 1000 1000 75 46 0 75 52 0 75 42 0 75 44 0 14762 1210000 16940 539780 958750 516362
 6797.813829 33468 1000 1000 1000 1000 75 46 0 75 52 0 75 42 0 75 44 0 15006 1210000 18150 540328 958750 517320
 6798.013829 33469 1000 1000 1000 1000 75 46 0 75 52 0 75 42 0 75 44 0 15006 1210000 18150 540054 958750 517320
 6798.213828 33470 1000 1000 1000 1000 75 46 0 75 52 0 75 42 0 75 44 0 15006 1210000 18150 540054 958750 517320
 6798.413829 33471 1000 1000 1000 1000 75 46 0 75 52 0 75 42 0 75 44 0 14762 1210000 16940 543068 958750 520194
 6798.613829 33472 1000 1000 1000 1000 75 46 0 75 52 0 75 42 0 75 44 0 14762 1210000 16940 541424 958750 518278
 6798.813830 33473 1000 1000 1000 1000 75 46 0 75 52 0 75 42 0 75 44 0 14518 1210000 16940 541424 958750 518278
 6799.013829 33474 1000 1000 1000 1000 75 46 0 75 52 0 75 42 0 75 44 0 14518 1210000 16940 541424 958750 518278
 6799.213824 33475 1000 1000 1000 1000 75 46 0 75 52 0 75 42 0 75 44 0 14762 1210000 16940 541698 958750 518278
 6799.413829 33476 1000 1000 1000 1000 75 46 0 75 52 0 75 42 0 75 44 0 14762 1210000 16940 541698 958750 518278
 6799.613829 33477 1000 1000 1000 1000 75 46 0 75 52 0 75 42 0 75 44 0 14762 1210000 16940 540054 958750 517320
 6799.813810 33478 1000 1000 1000 1000 75 46 0 75 52 0 75 42 0 75 44 0 14762 1210000 16940 540054 958750 517320
 6800.013828 33479 1000 1000 1000 1000 75 46 0 75 52 0 75 42 0 75 44 0 14518 1210000 16940 540328 958750 517320
 6800.213824 33480 1000 1000 1000 1000 75 46 0 75 52 0 75 42 0 75 44 0 14762 1210000 16940 541972 958750 518278
 6800.413829 33481 1000 1000 1000 1000 75 46 0 75 52 0 75 42 0 75 44 0 14762 1210000 16940 540876 958750 517320
 6800.613829 33482 1000 1000 1000 1000 75 46 0 75 52 0 75 42 0 75 44 0 15006 1210000 18150 541150 958750 518278
 6800.813829 33483 1000 1000 1000 1000 75 46 0 75 52 0 75 42 0 75 44 0 15006 1210000 18150 541150 958750 518278
 6801.013834 33484 1000 1000 1000 1000 75 46 0 75 52 0 75 42 0 75 44 0 14762 1210000 16940 541972 958750 518278
 6801.213830 33485 1000 1000 1000 1000 75 46 0 75 52 0 75 42 0 75 44 0 14762 1210000 16940 539232 958750 516362
 6801.413829 33486 1000 1000 1000 1000 75 46 0 75 52 0 75 42 0 75 44 0 14762 1210000 16940 541424 958750 518278
 6801.613830 33487 1000 1000 1000 1000 75 46 0 75 52 0 75 42 0 75 44 0 14762 1210000 16940 541424 958750 518278
 6801.813829 33488 1000 1000 1000 1000 75 46 0 75 52 0 75 42 0 75 44 0 14518 1210000 16940 540328 958750 517320
 6802.013829 33489 1000 1000 1000 1000 75 46 0 75 52 0 75 42 0 75 44 0 14762 1210000 16940 541698 958750 518278
 6802.213829 33490 1000 1000 1000 1000 75 46 0 75 52 0 75 42 0 75 44 0 14762 1210000 16940 541698 958750 518278
 6802.413829 33491 1000 1000 1000 1000 75 46 0 75 52 0 75 42 0 75 44 0 14762 1210000 16940 541698 958750 518278
 6802.613824 33492 1000 1000 1000 1000 75 46 0 75 52 0 75 42 0 75 44 0 14762 1210000 16940 541424 958750 518278
 6802.813829 33493 1000 1000 1000 1000 75 46 0 75 52 0 75 42 0 75 44 0 14762 1210000 16940 541424 958750 518278
 6803.013829 33494 1000 1000 1000 1000 75 46 0 75 52 0 75 42 0 75 44 0 14762 1210000 16940 541972 958750 518278
 6803.213829 33495 1000 1000 1000 1000 75 46 0 75 52 0 75 42 0 75 44 0 14762 1210000 16940 541972 958750 518278
 6803.413829 33496 1000 1000 1000 1000 75 46 0 75 52 0 75 42 0 75 44 0 14762 1210000 16940 540602 958750 517320
 6803.613829 33497 1000 1000 1000 1000 75 46 0 75 52 0 75 42 0 75 44 0 14762 1210000 16940 541424 958750 518278
 6803.813829 33498 1000 1000 1000 1000 75 46 0 75 52 0 75 42 0 75 44 0 15006 1210000 18150 541698 958750 518278
 6804.013829 33499 1000 1000 1000 1000 75 46 0 75 52 0 75 42 0 75 44 0 15006 1210000 18150 541698 958750 518278
 6804.213829 33500 1000 1000 1000 1000 75 46 0 75 52 0 75 42 0 75 44 0 14762 1210000 16940 542246 958750 519236
 6804.413829 33501 1000 1000 1000 1000 75 46 0 75 52 0 75 42 0 75 44 0 14762 1210000 16940 541972 958750 518278
 6804.613821 33502 1000 1000 1000 1000 75 46 0 75 52 0 75 42 0 75 44 0 14762 1210000 16940 542246 958750 519236
 6804.813820 33503 1000 1000 1000 1000 75 46 0 75 52 0 75 42 0 75 44 0 14762 1210000 16940 542246 958750 519236
 6805.013816 33504 1000 1000 1000 1000 74 46 0 74 52 0 74 42 0 74 44 0 15006 1210000 18150 265232 958750 253870
 6805.213820 33505 1000 1000 1000 1000 74 46 0 74 52 0 74 42 0 74 44 0 14762 1210000 16940 46854 957500 44022
 6805.413820 33506 1000 1000 1000 1000 74 46 0 74 52 0 74 42 0 74 44 0 14762 1210000 16940 44936 957500 42108
 6805.613820 33507 1000 1000 1000 1000 74 46 0 74 52 0 74 42 0 74 44 0 14762 1210000 16940 44936 957500 42108
 6805.813820 33508 1000 1000 1000 1000 74 46 0 74 52 0 74 42 0 74 44 0 14762 1210000 16940 44936 957500 42108
 6806.013826 33509 1000 1000 1000 1000 73 46 0 73 52 0 73 42 0 73 44 0 14518 1210000 16940 48772 957500 45936
 6806.213820 33510 1000 1000 1000 1000 73 46 0 73 52 0 73 42 0 73 44 0 14762 1210000 16940 47676 957500 44979
 6806.413795 33511 1000 1000 1000 1000 73 46 0 73 52 0 73 42 0 73 44 0 14518 1210000 16940 48498 957500 45936
 6806.613820 33512 1000 1000 1000 1000 73 46 0 73 52 0 73 42 0 73 44 0 14518 1210000 16940 48498 957500 45936
 6806.813820 33513 1000 1000 1000 1000 73 46 0 73 52 0 73 42 0 73 44 0 15250 1210000 18150 46854 957500 44022
 6807.013820 33514 1000 1000 1000 1000 73 46 0 73 52 0 73 42 0 73 44 0 14518 1210000 16940 44114 957500 42108
