 8892.914940 42319 800 800 800 800 72 46 0 72 52 0 72 42 0 72 44 0 14274 1210000 16940 36716 907500 32652
 8893.114971 42320 800 800 800 800 72 46 0 72 52 0 72 42 0 72 44 0 14274 1210000 16940 38634 907500 34466
 8893.314938 42321 800 800 800 800 72 46 0 72 52 0 72 42 0 72 44 0 14274 1210000 16940 64116 907500 58048
 8893.514938 42322 800 800 800 800 72 46 0 72 52 0 72 42 0 72 44 0 14274 1210000 16940 169606 907500 153283
 8893.714938 42323 800 800 800 800 72 46 0 72 52 0 72 42 0 72 44 0 14274 1210000 16940 169606 907500 153283
 8893.914971 42324 800 800 800 800 72 46 0 72 52 0 72 42 0 72 44 0 14518 1210000 16940 38086 907500 34466
 8894.114975 42325 800 800 800 800 72 46 0 72 52 0 72 42 0 72 44 0 14274 1210000 16940 94256 907500 85258
 8894.314970 42326 800 800 800 800 72 46 0 72 52 0 72 42 0 72 44 0 14518 1210000 16940 398122 908750 361384
 8894.514973 42327 800 800 800 800 72 46 0 72 52 0 72 42 0 72 44 0 14518 1210000 16940 398122 908750 361384
 8894.714924 42328 800 800 800 800 72 46 0 72 52 0 72 42 0 72 44 0 14274 1208750 16912 504708 907500 457128
 8894.914928 42329 800 800 800 800 72 46 0 72 52 0 72 42 0 72 44 0 14274 1210000 16940 489638 907500 443523
 8895.115071 42330 800 800 800 800 74 46 0 74 52 0 74 42 0 74 44 0 14518 1210000 16940 472376 907500 428104
 8895.314940 42331 800 800 800 800 74 46 0 74 52 0 74 42 0 74 44 0 14518 1210000 16940 472376 907500 428104
 8895.514946 42332 800 800 800 800 74 46 0 74 52 0 74 42 0 74 44 0 14518 1208750 16912 439222 907500 398173
 8895.714945 42333 800 800 800 800 74 46 0 74 52 0 74 42 0 74 44 0 14518 1210000 16940 404424 907500 366428
 8895.914949 42334 800 800 800 800 74 46 0 74 52 0 74 42 0 74 44 0 14518 1210000 16940 404150 907500 366428
 8896.114964 42335 800 800 800 800 73 46 0 73 52 0 73 42 0 73 44 0 14518 1210000 16940 404150 907500 366428
 8896.314945 42336 800 800 800 800 73 46 0 73 52 0 73 42 0 73 44 0 14518 1210000 16940 407164 907500 369149
 8896.514945 42337 800 800 800 800 73 46 0 73 52 0 73 42 0 73 44 0 14518 1208750 16912 404698 907500 366428
 8896.714947 42338 800 800 800 800 73 46 0 73 52 0 73 42 0 73 44 0 14518 1210000 16940 403328 907500 365521
 8896.914944 42339 800 800 800 800 73 46 0 73 52 0 73 42 0 73 44 0 14518 1210000 16940 403328 907500 365521
 8897.114960 42340 800 800 800 800 73 46 0 73 52 0 73 42 0 73 44 0 14518 1208750 16912 404698 907500 366428
 8897.314945 42341 800 800 800 800 73 46 0 73 52 0 73 42 0 73 44 0 14274 1210000 16940 407712 907500 369149
 8897.514945 42342 800 800 800 800 73 46 0 73 52 0 73 42 0 73 44 0 14274 1210000 16940 405794 907500 367335
 8897.714944 42343 800 800 800 800 73 46 0 73 52 0 73 42 0 73 44 0 14274 1210000 16940 405794 907500 367335
 8897.914946 42344 800 800 800 800 73 46 0 73 52 0 73 42 0 73 44 0 14518 1210000 16940 405520 907500 367335
 8898.114966 42345 800 800 800 800 73 46 0 73 52 0 73 42 0 73 44 0 14274 1210000 16940 405794 907500 367335
 8898.314946 42346 800 800 800 800 73 46 0 73 52 0 73 42 0 73 44 0 14518 1208750 16912 406342 907500 368242
 8898.514974 42347 800 800 800 800 73 46 0 73 52 0 73 42 0 73 44 0 14518 1208750 16912 406342 907500 368242
 8898.714957 42348 800 800 800 800 73 46 0 73 52 0 73 42 0 73 44 0 14518 1210000 16940 405520 907500 367335
 8898.914945 42349 800 800 800 800 73 46 0 73 52 0 73 42 0 73 44 0 14518 1210000 16940 405520 907500 367335
 8899.114964 42350 800 800 800 800 73 46 0 73 52 0 73 42 0 73 44 0 14518 1210000 16940 405246 907500 367335
 8899.315133 42351 800 800 800 800 73 46 0 73 52 0 73 42 0 73 44 0 14518 1210000 16940 404424 907500 366428
 8899.514994 42352 800 800 800 800 73 46 0 73 52 0 73 42 0 73 44 0 14518 1210000 16940 404424 907500 366428
 8899.714947 42353 800 800 800 800 73 46 0 73 52 0 73 42 0 73 44 0 14518 1210000 16940 403876 907500 365521
 8899.914945 42354 800 800 800 800 73 46 0 73 52 0 73 42 0 73 44 0 14274 1210000 16940 405246 907500 367335
 8900.114962 42355 800 800 800 800 74 46 0 74 52 0 74 42 0 74 44 0 14518 1210000 16940 404150 907500 366428
 8900.314945 42356 800 800 800 800 74 46 0 74 52 0 74 42 0 74 44 0 14518 1210000 16940 404150 907500 366428
 8900.514945 42357 800 800 800 800 74 46 0 74 52 0 74 42 0 74 44 0 14274 1208750 16912 403054 907500 365521
 8900.714945 42358 800 800 800 800 74 46 0 74 52 0 74 42 0 74 44 0 14274 1210000 16940 403602 907500 365521
 8900.914945 42359 800 800 800 800 74 46 0 74 52 0 74 42 0 74 44 0 14274 1210000 16940 402780 907500 364614
 8901.114964 42360 800 800 800 800 73 46 0 73 52 0 73 42 0 73 44 0 14274 1210000 16940 402780 907500 364614
 8901.314946 42361 800 800 800 800 73 46 0 73 52 0 73 42 0 73 44 0 14518 1210000 16940 403602 907500 365521
 8901.514946 42362 800 800 800 800 73 46 0 73 52 0 73 42 0 73 44 0 14274 1210000 16940 403876 907500 365521
 8901.714938 42363 800 800 800 800 73 46 0 73 52 0 73 42 0 73 44 0 14274 1210000 16940 403328 907500 365521
 8901.914947 42364 800 800 800 800 73 46 0 73 52 0 73 42 0 73 44 0 14274 1210000 16940 403328 907500 365521
 8902.114963 42365 800 800 800 800 74 46 0 74 52 0 74 42 0 74 44 0 14518 1210000 16940 405246 907500 367335
 8902.314945 42366 800 800 800 800 74 46 0 74 52 0 74 42 0 74 44 0 14274 1208750 16912 403328 907500 365521
 8902.514946 42367 800 800 800 800 74 46 0 74 52 0 74 42 0 74 44 0 14518 1208750 16912 403602 907500 365521
 8902.714946 42368 800 800 800 800 74 46 0 74 52 0 74 42 0 74 44 0 14518 1208750 16912 403602 907500 365521
 8902.914944 42369 800 800 800 800 74 46 0 74 52 0 74 42 0 74 44 0 14518 1210000 16940 403876 907500 365521
 8903.114962 42370 800 800 800 800 73 46 0 73 52 0 73 42 0 73 44 0 14518 1210000 16940 404150 907500 366428
 8903.314945 42371 800 800 800 800 73 46 0 73 52 0 73 42 0 73 44 0 14274 1210000 16940 405246 907500 367335
 8903.514945 42372 800 800 800 800 73 46 0 73 52 0 73 42 0 73 44 0 14274 1210000 16940 405246 907500 367335
 8903.714946 42373 800 800 800 800 73 46 0 73 52 0 73 42 0 73 44 0 14274 1210000 16940 404698 907500 366428
 8903.914945 42374 800 800 800 800 73 46 0 73 52 0 73 42 0 73 44 0 14518 1210000 16940 405246 907500 367335
 8904.114942 42375 800 800 800 800 73 46 0 73 52 0 73 42 0 73 44 0 14518 1210000 16940 405794 907500 367335
 8904.314946 42376 800 800 800 800 73 46 0 73 52 0 73 42 0 73 44 0 14518 1210000 16940 405794 907500 367335
 8904.514991 42377 800 800 800 800 73 46 0 73 52 0 73 42 0 73 44 0 14518 1210000 16940 405520 907500 367335
 8904.714946 42378 800 800 800 800 73 46 0 73 52 0 73 42 0 73 44 0 14518 1210000 16940 426892 907500 386382
 8904.914945 42379 800 800 800 800 73 46 0 73 52 0 73 42 0 73 44 0 14274 1210000 16940 404150 907500 366428
 8905.114963 42380 800 800 800 800 73 46 0 73 52 0 73 42 0 73 44 0 14274 1210000 16940 404150 907500 366428
 8905.314945 42381 800 800 800 800 73 46 0 73 52 0 73 42 0 73 44 0 14518 1210000 16940 406342 907500 368242
 8905.514947 42382 800 800 800 800 73 46 0 73 52 0 73 42 0 73 44 0 14274 1210000 16940 404972 907500 366428
 8905.714948 42383 800 800 800 800 73 46 0 73 52 0 73 42 0 73 44 0 14518 1210000 16940 405520 907500 367335
 8905.914921 42384 800 800 800 800 73 46 0 73 52 0 73 42 0 73 44 0 14518 1210000 16940 405246 907500 367335
 8906.114963 42385 800 800 800 800 73 46 0 73 52 0 73 42 0 73 44 0 14518 1210000 16940 405246 907500 367335
 8906.314947 42386 800 800 800 800 73 46 0 73 52 0 73 42 0 73 44 0 14274 1210000 16940 405794 907500 367335
 8906.514939 42387 800 800 800 800 73 46 0 73 52 0 73 42 0 73 44 0 14274 1210000 16940 404698 907500 366428
 8906.714947 42388 800 800 800 800 73 46 0 73 52 0 73 42 0 73 44 0 14518 1210000 16940 404698 907500 366428
 8906.914947 42389 800 800 800 800 73 46 0 73 52 0 73 42 0 73 44 0 14518 1210000 16940 404698 907500 366428
 8907.114966 42390 800 800 800 800 73 46 0 73 52 0 73 42 0 73 44 0 14518 1208750 16912 406068 907500 368242
 8907.314946 42391 800 800 800 800 73 46 0 73 52 0 73 42 0 73 44 0 14762 1210000 16940 407164 907500 369149
 8907.514945 42392 800 800 800 800 73 46 0 73 52 0 73 42 0 73 44 0 14762 1210000 16940 405246 907500 367335
 8907.714946 42393 800 800 800 800 73 46 0 73 52 0 73 42 0 73 44 0 14762 1210000 16940 405246 907500 367335
 8907.914940 42394 800 800 800 800 73 46 0 73 52 0 73 42 0 73 44 0 14518 1210000 16940 405246 907500 367335
 8908.114963 42395 800 800 800 800 73 46 0 73 52 0 73 42 0 73 44 0 14274 1210000 16940 406068 907500 368242
 8908.314945 42396 800 800 800 800 73 46 0 73 52 0 73 42 0 73 44 0 14518 1210000 16940 404698 907500 366428
 8908.514946 42397 800 800 800 800 73 46 0 73 52 0 73 42 0 73 44 0 14518 1210000 16940 404698 907500 366428
 8908.714946 42398 800 800 800 800 73 46 0 73 52 0 73 42 0 73 44 0 14518 1210000 16940 405246 907500 367335
 8908.914942 42399 800 800 800 800 73 46 0 73 52 0 73 42 0 73 44 0 14518 1210000 16940 405520 907500 367335
 8909.114962 42400 800 800 800 800 73 46 0 73 52 0 73 42 0 73 44 0 14518 1210000 16940 404972 907500 366428
 8909.314946 42401 800 800 800 800 73 46 0 73 52 0 73 42 0 73 44 0 14518 1210000 16940 404972 907500 366428
 8909.514999 42402 800 800 800 800 73 46 0 73 52 0 73 42 0 73 44 0 14762 1210000 16940 404424 907500 366428
 8909.714945 42403 800 800 800 800 73 46 0 73 52 0 73 42 0 73 44 0 14518 1210000 16940 404698 907500 366428
 8909.914947 42404 800 800 800 800 73 46 0 73 52 0 73 42 0 73 44 0 14274 1210000 16940 403328 907500 365521
 8910.114966 42405 800 800 800 800 73 46 0 73 52 0 73 42 0 73 44 0 14274 1210000 16940 403328 907500 365521
 8910.314946 42406 800 800 800 800 73 46 0 73 52 0 73 42 0 73 44 0 14518 1210000 16940 403328 907500 365521
 8910.514946 42407 800 800 800 800 73 46 0 73 52 0 73 42 0 73 44 0 14518 1210000 16940 404698 907500 366428
 8910.714946 42408 800 800 800 800 73 46 0 73 52 0 73 42 0 73 44 0 14518 1210000 16940 403876 907500 365521
 8910.914945 42409 800 800 800 800 73 46 0 73 52 0 73 42 0 73 44 0 14518 1210000 16940 403876 907500 365521
 8911.114962 42410 800 800 800 800 73 46 0 73 52 0 73 42 0 73 44 0 14518 1210000 16940 404150 907500 366428
 8911.314940 42411 800 800 800 800 73 46 0 73 52 0 73 42 0 73 44 0 14518 1210000 16940 404698 907500 366428
 8911.514945 42412 800 800 800 800 73 46 0 73 52 0 73 42 0 73 44 0 14518 1210000 16940 404150 907500 366428
 8911.714928 42413 800 800 800 800 73 46 0 73 52 0 73 42 0 73 44 0 14518 1210000 16940 404150 907500 366428
 8911.914946 42414 800 800 800 800 73 46 0 73 52 0 73 42 0 73 44 0 14518 1210000 16940 403328 907500 365521
 8912.114962 42415 800 800 800 800 73 46 0 73 52 0 73 42 0 73 44 0 14518 1210000 16940 404150 907500 366428
 8912.314947 42416 800 800 800 800 73 46 0 73 52 0 73 42 0 73 44 0 14518 1210000 16940 404424 907500 366428
 8912.514945 42417 800 800 800 800 73 46 0 73 52 0 73 42 0 73 44 0 14518 1208750 16912 403876 907500 365521
 8912.714945 42418 800 800 800 800 73 46 0 73 52 0 73 42 0 73 44 0 14518 1208750 16912 403876 907500 365521
 8912.914946 42419 800 800 800 800 73 46 0 73 52 0 73 42 0 73 44 0 14518 1210000 16940 405246 907500 367335
 8913.114965 42420 800 800 800 800 73 46 0 73 52 0 73 42 0 73 44 0 14274 1210000 16940 404424 907500 366428
 8913.314947 42421 800 800 800 800 73 46 0 73 52 0 73 42 0 73 44 0 14518 1208750 16912 406616 907500 368242
 8913.514947 42422 800 800 800 800 73 46 0 73 52 0 73 42 0 73 44 0 14518 1208750 16912 406616 907500 368242
 8913.714941 42423 800 800 800 800 73 46 0 73 52 0 73 42 0 73 44 0 14518 1208750 16912 404698 907500 366428
 8913.914947 42424 800 800 800 800 73 46 0 73 52 0 73 42 0 73 44 0 14518 1210000 16940 404424 907500 366428
 8914.114963 42425 800 800 800 800 73 46 0 73 52 0 73 42 0 73 44 0 14518 1208750 16912 404698 907500 366428
 8914.314945 42426 800 800 800 800 73 46 0 73 52 0 73 42 0 73 44 0 14518 1208750 16912 404698 907500 366428
 8914.514989 42427 800 800 800 800 73 46 0 73 52 0 73 42 0 73 44 0 14274 1210000 16940 403876 907500 365521
 8914.714946 42428 800 800 800 800 73 46 0 73 52 0 73 42 0 73 44 0 14518 1210000 16940 404424 907500 366428
 8914.914949 42429 800 800 800 800 73 46 0 73 52 0 73 42 0 73 44 0 14274 1210000 16940 404424 907500 366428
 8915.114962 42430 800 800 800 800 73 46 0 73 52 0 73 42 0 73 44 0 14274 1210000 16940 404424 907500 366428
 8915.314946 42431 800 800 800 800 73 46 0 73 52 0 73 42 0 73 44 0 14518 1208750 16912 404698 907500 366428
 8915.514947 42432 800 800 800 800 73 46 0 73 52 0 73 42 0 73 44 0 14518 1210000 16940 404150 907500 366428
 8915.714946 42433 800 800 800 800 73 46 0 73 52 0 73 42 0 73 44 0 14518 1210000 16940 403602 907500 365521
 8915.914947 42434 800 800 800 800 73 46 0 73 52 0 73 42 0 73 44 0 14518 1210000 16940 403602 907500 365521
 8916.114958 42435 800 800 800 800 73 46 0 73 52 0 73 42 0 73 44 0 14518 1210000 16940 404698 907500 366428
 8916.314946 42436 800 800 800 800 73 46 0 73 52 0 73 42 0 73 44 0 14274 1210000 16940 404150 907500 366428
 8916.514947 42437 800 800 800 800 73 46 0 73 52 0 73 42 0 73 44 0 14274 1208750 16912 405794 907500 367335
 8916.714945 42438 800 800 800 800 73 46 0 73 52 0 73 42 0 73 44 0 14274 1208750 16912 405794 907500 367335
 8916.914944 42439 800 800 800 800 73 46 0 73 52 0 73 42 0 73 44 0 14518 1210000 16940 405520 907500 367335
 8917.114962 42440 800 800 800 800 73 46 0 73 52 0 73 42 0 73 44 0 14518 1210000 16940 405246 907500 367335
 8917.314942 42441 800 800 800 800 73 46 0 73 52 0 73 42 0 73 44 0 14518 1210000 16940 406068 907500 368242
 8917.514946 42442 800 800 800 800 73 46 0 73 52 0 73 42 0 73 44 0 14518 1210000 16940 406068 907500 368242
 8917.714947 42443 800 800 800 800 73 46 0 73 52 0 73 42 0 73 44 0 14274 1210000 16940 406068 907500 368242
 8917.914945 42444 800 800 800 800 73 46 0 73 52 0 73 42 0 73 44 0 14518 1210000 16940 404698 907500 366428
 8918.114962 42445 800 800 800 800 73 46 0 73 52 0 73 42 0 73 44 0 14518 1210000 16940 405246 907500 367335
 8918.315429 42446 800 800 800 800 73 46 0 73 52 0 73 42 0 73 44 0 14518 1210000 16940 406616 907500 368242
 8918.514947 42447 800 800 800 800 73 46 0 73 52 0 73 42 0 73 44 0 14518 1210000 16940 406616 907500 368242
 8918.714947 42448 800 800 800 800 73 46 0 73 52 0 73 42 0 73 44 0 14518 1210000 16940 404698 907500 366428
 8918.914947 42449 800 800 800 800 73 46 0 73 52 0 73 42 0 73 44 0 14518 1210000 16940 405246 907500 367335
 8919.114965 42450 800 800 800 800 73 46 0 73 52 0 73 42 0 73 44 0 14518 1210000 16940 405794 907500 367335
 8919.314947 42451 800 800 800 800 73 46 0 73 52 0 73 42 0 73 44 0 14518 1210000 16940 405794 907500 367335
 8919.514990 42452 800 800 800 800 73 46 0 73 52 0 73 42 0 73 44 0 14518 1210000 16940 403602 907500 365521
 8919.714944 42453 800 800 800 800 73 46 0 73 52 0 73 42 0 73 44 0 14518 1210000 16940 403328 907500 365521
 8919.914944 42454 800 800 800 800 73 46 0 73 52 0 73 42 0 73 44 0 14274 1210000 16940 404698 907500 366428
 8920.114964 42455 800 800 800 800 73 46 0 73 52 0 73 42 0 73 44 0 14274 1210000 16940 404698 907500 366428
 8920.314945 42456 800 800 800 800 73 46 0 73 52 0 73 42 0 73 44 0 14518 1210000 16940 404698 907500 366428
 8920.514945 42457 800 800 800 800 73 46 0 73 52 0 73 42 0 73 44 0 14518 1210000 16940 404150 907500 366428
 8920.714940 42458 800 800 800 800 73 46 0 73 52 0 73 42 0 73 44 0 14518 1210000 16940 403876 907500 365521
 8920.914947 42459 800 800 800 800 73 46 0 73 52 0 73 42 0 73 44 0 14518 1210000 16940 403876 907500 365521
 8921.114962 42460 800 800 800 800 73 46 0 73 52 0 73 42 0 73 44 0 14518 1210000 16940 403602 907500 365521
 8921.314947 42461 800 800 800 800 73 46 0 73 52 0 73 42 0 73 44 0 14518 1210000 16940 403328 907500 365521
 8921.514947 42462 800 800 800 800 73 46 0 73 52 0 73 42 0 73 44 0 14518 1210000 16940 402506 907500 364614
 8921.714947 42463 800 800 800 800 73 46 0 73 52 0 73 42 0 73 44 0 14518 1210000 16940 402506 907500 364614
 8921.914947 42464 800 800 800 800 73 46 0 73 52 0 73 42 0 73 44 0 14518 1210000 16940 402780 907500 364614
 8922.114942 42465 800 800 800 800 73 46 0 73 52 0 73 42 0 73 44 0 14274 1210000 16940 404150 907500 366428
 8922.314946 42466 800 800 800 800 73 46 0 73 52 0 73 42 0 73 44 0 14274 1210000 16940 405246 907500 367335
 8922.514947 42467 800 800 800 800 73 46 0 73 52 0 73 42 0 73 44 0 14274 1210000 16940 405246 907500 367335
 8922.714947 42468 800 800 800 800 73 46 0 73 52 0 73 42 0 73 44 0 14518 1210000 16940 404150 907500 366428
 8922.914947 42469 800 800 800 800 73 46 0 73 52 0 73 42 0 73 44 0 14274 1210000 16940 404424 907500 366428
 8923.114963 42470 800 800 800 800 73 46 0 73 52 0 73 42 0 73 44 0 14274 1210000 16940 403876 907500 365521
 8923.314946 42471 800 800 800 800 73 46 0 73 52 0 73 42 0 73 44 0 14274 1210000 16940 403876 907500 365521
 8923.514945 42472 800 800 800 800 73 46 0 73 52 0 73 42 0 73 44 0 14274 1210000 16940 404150 907500 366428
 8923.714946 42473 800 800 800 800 73 46 0 73 52 0 73 42 0 73 44 0 14518 1210000 16940 403602 907500 365521
 8923.914946 42474 800 800 800 800 73 46 0 73 52 0 73 42 0 73 44 0 14518 1210000 16940 404698 907500 366428
 8924.114965 42475 800 800 800 800 73 46 0 73 52 0 73 42 0 73 44 0 14518 1210000 16940 404698 907500 366428
 8924.314946 42476 800 800 800 800 73 46 0 73 52 0 73 42 0 73 44 0 14518 1210000 16940 405246 907500 367335
 8924.514993 42477 800 800 800 800 73 46 0 73 52 0 73 42 0 73 44 0 14274 1210000 16940 404972 907500 366428
 8924.714945 42478 800 800 800 800 73 46 0 73 52 0 73 42 0 73 44 0 14518 1210000 16940 413192 907500 374591
 8924.914921 42479 800 800 800 800 73 46 0 73 52 0 73 42 0 73 44 0 14518 1210000 16940 404424 907500 366428
 8925.114965 42480 800 800 800 800 73 46 0 73 52 0 73 42 0 73 44 0 14518 1210000 16940 404424 907500 366428
 8925.314945 42481 800 800 800 800 73 46 0 73 52 0 73 42 0 73 44 0 14274 1210000 16940 404424 907500 366428
 8925.514945 42482 800 800 800 800 73 46 0 73 52 0 73 42 0 73 44 0 14518 1210000 16940 405246 907500 367335
 8925.714945 42483 800 800 800 800 73 46 0 73 52 0 73 42 0 73 44 0 14518 1210000 16940 404150 907500 366428
 8925.914947 42484 800 800 800 800 73 46 0 73 52 0 73 42 0 73 44 0 14518 1210000 16940 404150 907500 366428
 8926.114962 42485 800 800 800 800 73 46 0 73 52 0 73 42 0 73 44 0 14518 1210000 16940 404972 907500 366428
 8926.314946 42486 800 800 800 800 73 46 0 73 52 0 73 42 0 73 44 0 14274 1210000 16940 406068 907500 368242
 8926.514946 42487 800 800 800 800 73 46 0 73 52 0 73 42 0 73 44 0 14518 1210000 16940 406068 907500 368242
 8926.714945 42488 800 800 800 800 73 46 0 73 52 0 73 42 0 73 44 0 14518 1210000 16940 406068 907500 368242
 8926.914939 42489 800 800 800 800 73 46 0 73 52 0 73 42 0 73 44 0 14518 1210000 16940 405246 907500 367335
 8927.114962 42490 800 800 800 800 73 46 0 73 52 0 73 42 0 73 44 0 14518 1210000 16940 404698 907500 366428
 8927.314947 42491 800 800 800 800 73 46 0 73 52 0 73 42 0 73 44 0 14274 1210000 16940 404698 907500 366428
 8927.514945 42492 800 800 800 800 73 46 0 73 52 0 73 42 0 73 44 0 14274 1210000 16940 404698 907500 366428
 8927.714945 42493 800 800 800 800 73 46 0 73 52 0 73 42 0 73 44 0 14518 1210000 16940 404150 907500 366428
 8927.914945 42494 800 800 800 800 73 46 0 73 52 0 73 42 0 73 44 0 14518 1210000 16940 405520 907500 367335
 8928.114965 42495 800 800 800 800 73 46 0 73 52 0 73 42 0 73 44 0 14518 1210000 16940 405246 907500 367335
 8928.314945 42496 800 800 800 800 73 46 0 73 52 0 73 42 0 73 44 0 14518 1210000 16940 405246 907500 367335
 8928.514946 42497 800 800 800 800 73 46 0 73 52 0 73 42 0 73 44 0 14518 1210000 16940 405794 907500 367335
 8928.714945 42498 800 800 800 800 73 46 0 73 52 0 73 42 0 73 44 0 14274 1210000 16940 404698 907500 366428
 8928.914946 42499 800 800 800 800 73 46 0 73 52 0 73 42 0 73 44 0 14518 1210000 16940 402780 907500 364614
 8929.114963 42500 800 800 800 800 73 46 0 73 52 0 73 42 0 73 44 0 14518 1210000 16940 402780 907500 364614
 8929.314940 42501 800 800 800 800 73 46 0 73 52 0 73 42 0 73 44 0 14518 1210000 16940 403054 907500 365521
 8929.515001 42502 800 800 800 800 73 46 0 73 52 0 73 42 0 73 44 0 14518 1210000 16940 403054 907500 365521
 8929.714946 42503 800 800 800 800 73 46 0 73 52 0 73 42 0 73 44 0 14518 1210000 16940 404698 907500 366428
 8929.914946 42504 800 800 800 800 73 46 0 73 52 0 73 42 0 73 44 0 14518 1210000 16940 404698 907500 366428
 8930.114963 42505 800 800 800 800 73 46 0 73 52 0 73 42 0 73 44 0 14518 1210000 16940 404150 907500 366428
 8930.314945 42506 800 800 800 800 73 46 0 73 52 0 73 42 0 73 44 0 14518 1210000 16940 403602 907500 365521
 8930.514945 42507 800 800 800 800 73 46 0 73 52 0 73 42 0 73 44 0 14518 1210000 16940 404150 907500 366428
 8930.714927 42508 800 800 800 800 73 46 0 73 52 0 73 42 0 73 44 0 14518 1210000 16940 404150 907500 366428
 8930.914938 42509 800 800 800 800 73 46 0 73 52 0 73 42 0 73 44 0 14274 1210000 16940 402780 907500 364614
 8931.114965 42510 800 800 800 800 73 46 0 73 52 0 73 42 0 73 44 0 14274 1210000 16940 403328 907500 365521
 8931.314946 42511 800 800 800 800 73 46 0 73 52 0 73 42 0 73 44 0 14518 1210000 16940 404972 907500 366428
 8931.514912 42512 800 800 800 800 73 46 0 73 52 0 73 42 0 73 44 0 14274 1210000 16940 403876 907500 365521
 8931.714946 42513 800 800 800 800 73 46 0 73 52 0 73 42 0 73 44 0 14274 1210000 16940 403876 907500 365521
 8931.914947 42514 800 800 800 800 73 46 0 73 52 0 73 42 0 73 44 0 14518 1210000 16940 404150 907500 366428
 8932.114963 42515 800 800 800 800 73 46 0 73 52 0 73 42 0 73 44 0 14518 1210000 16940 404698 907500 366428
 8932.314946 42516 800 800 800 800 73 46 0 73 52 0 73 42 0 73 44 0 14518 1210000 16940 404972 907500 366428
 8932.514946 42517 800 800 800 800 73 46 0 73 52 0 73 42 0 73 44 0 14518 1210000 16940 404972 907500 366428
 8932.714945 42518 800 800 800 800 73 46 0 73 52 0 73 42 0 73 44 0 14518 1210000 16940 403328 907500 365521
 8932.914945 42519 800 800 800 800 73 46 0 73 52 0 73 42 0 73 44 0 14518 1210000 16940 403602 907500 365521
 8933.114945 42520 800 800 800 800 73 46 0 73 52 0 73 42 0 73 44 0 14518 1210000 16940 404972 907500 366428
 8933.314945 42521 800 800 800 800 73 46 0 73 52 0 73 42 0 73 44 0 14518 1210000 16940 404972 907500 366428
 8933.514947 42522 800 800 800 800 73 46 0 73 52 0 73 42 0 73 44 0 14274 1210000 16940 403054 907500 365521
 8933.714946 42523 800 800 800 800 73 46 0 73 52 0 73 42 0 73 44 0 14274 1210000 16940 404150 907500 366428
 8933.914940 42524 800 800 800 800 73 46 0 73 52 0 73 42 0 73 44 0 14518 1210000 16940 403602 907500 365521
 8934.114966 42525 800 800 800 800 73 46 0 73 52 0 73 42 0 73 44 0 14518 1210000 16940 403602 907500 365521
 8934.314946 42526 800 800 800 800 73 46 0 73 52 0 73 42 0 73 44 0 14518 1210000 16940 405520 907500 367335
 8934.515000 42527 800 800 800 800 73 46 0 73 52 0 73 42 0 73 44 0 14274 1210000 16940 403328 907500 365521
 8934.714947 42528 800 800 800 800 73 46 0 73 52 0 73 42 0 73 44 0 14518 1210000 16940 404424 907500 366428
 8934.914946 42529 800 800 800 800 73 46 0 73 52 0 73 42 0 73 44 0 14518 1210000 16940 404424 907500 366428
 8935.114963 42530 800 800 800 800 73 46 0 73 52 0 73 42 0 73 44 0 14518 1210000 16940 403602 907500 365521
 8935.314946 42531 800 800 800 800 73 46 0 73 52 0 73 42 0 73 44 0 14518 1210000 16940 403328 907500 365521
 8935.514947 42532 800 800 800 800 73 46 0 73 52 0 73 42 0 73 44 0 14274 1210000 16940 403876 907500 365521
 8935.714947 42533 800 800 800 800 73 46 0 73 52 0 73 42 0 73 44 0 14274 1210000 16940 403876 907500 365521
 8935.914946 42534 800 800 800 800 73 46 0 73 52 0 73 42 0 73 44 0 14518 1210000 16940 404150 907500 366428
 8936.114963 42535 800 800 800 800 73 46 0 73 52 0 73 42 0 73 44 0 14274 1210000 16940 404698 907500 366428
 8936.314940 42536 800 800 800 800 73 46 0 73 52 0 73 42 0 73 44 0 14518 1210000 16940 405246 907500 367335
 8936.514947 42537 800 800 800 800 73 46 0 73 52 0 73 42 0 73 44 0 14518 1210000 16940 405246 907500 367335
 8936.714946 42538 800 800 800 800 73 46 0 73 52 0 73 42 0 73 44 0 14518 1210000 16940 403602 907500 365521
 8936.914946 42539 800 800 800 800 73 46 0 73 52 0 73 42 0 73 44 0 14518 1210000 16940 404150 907500 366428
 8937.114965 42540 800 800 800 800 73 46 0 73 52 0 73 42 0 73 44 0 14518 1210000 16940 404698 907500 366428
 8937.314980 42541 800 800 800 800 73 46 0 73 52 0 73 42 0 73 44 0 14518 1210000 16940 404698 907500 366428
 8937.514946 42542 800 800 800 800 73 46 0 73 52 0 73 42 0 73 44 0 14518 1210000 16940 405520 907500 367335
 8937.714945 42543 800 800 800 800 73 46 0 73 52 0 73 42 0 73 44 0 14518 1210000 16940 404424 907500 366428
 8937.914945 42544 800 800 800 800 73 46 0 73 52 0 73 42 0 73 44 0 14518 1210000 16940 403602 907500 365521
 8938.114961 42545 800 800 800 800 73 46 0 73 52 0 73 42 0 73 44 0 14274 1210000 16940 403602 907500 365521
 8938.314946 42546 800 800 800 800 73 46 0 73 52 0 73 42 0 73 44 0 14274 1210000 16940 403602 907500 365521
 8938.514945 42547 800 800 800 800 73 46 0 73 52 0 73 42 0 73 44 0 14518 1210000 16940 405246 907500 367335
 8938.714938 42548 800 800 800 800 73 46 0 73 52 0 73 42 0 73 44 0 14274 1210000 16940 403328 907500 365521
 8938.914946 42549 800 800 800 800 73 46 0 73 52 0 73 42 0 73 44 0 14274 1210000 16940 402780 907500 364614
 8939.114964 42550 800 800 800 800 73 46 0 73 52 0 73 42 0 73 44 0 14274 1210000 16940 402780 907500 364614
 8939.314946 42551 800 800 800 800 73 46 0 73 52 0 73 42 0 73 44 0 14274 1210000 16940 404972 907500 366428
 8939.514999 42552 800 800 800 800 73 46 0 73 52 0 73 42 0 73 44 0 14274 1210000 16940 411822 907500 372777
 8939.714945 42553 800 800 800 800 73 46 0 73 52 0 73 42 0 73 44 0 14518 1210000 16940 403602 907500 365521
 8939.914946 42554 800 800 800 800 73 46 0 73 52 0 73 42 0 73 44 0 14518 1210000 16940 403602 907500 365521
 8940.114967 42555 800 800 800 800 73 46 0 73 52 0 73 42 0 73 44 0 14518 1210000 16940 411548 907500 372777
 8940.314947 42556 800 800 800 800 73 46 0 73 52 0 73 42 0 73 44 0 14274 1210000 16940 403328 907500 365521
 8940.514946 42557 800 800 800 800 73 46 0 73 52 0 73 42 0 73 44 0 14518 1210000 16940 404424 907500 366428
 8940.714948 42558 800 800 800 800 73 46 0 73 52 0 73 42 0 73 44 0 14518 1210000 16940 404424 907500 366428
 8940.914946 42559 800 800 800 800 73 46 0 73 52 0 73 42 0 73 44 0 14518 1210000 16940 402232 907500 364614
 8941.114940 42560 800 800 800 800 73 46 0 73 52 0 73 42 0 73 44 0 14518 1210000 16940 402232 907500 364614
 8941.314947 42561 800 800 800 800 73 46 0 73 52 0 73 42 0 73 44 0 14274 1210000 16940 403328 907500 365521
 8941.514947 42562 800 800 800 800 73 46 0 73 52 0 73 42 0 73 44 0 14274 1210000 16940 403328 907500 365521
 8941.714946 42563 800 800 800 800 73 46 0 73 52 0 73 42 0 73 44 0 14518 1210000 16940 402506 907500 364614
 8941.914946 42564 800 800 800 800 73 46 0 73 52 0 73 42 0 73 44 0 14274 1210000 16940 403054 907500 365521
 8942.114964 42565 800 800 800 800 73 46 0 73 52 0 73 42 0 73 44 0 14518 1208750 16912 402232 907500 364614
 8942.314947 42566 800 800 800 800 73 46 0 73 52 0 73 42 0 73 44 0 14518 1208750 16912 402232 907500 364614
 8942.514947 42567 800 800 800 800 73 46 0 73 52 0 73 42 0 73 44 0 14518 1208750 16912 402232 907500 364614
 8942.714947 42568 800 800 800 800 73 46 0 73 52 0 73 42 0 73 44 0 14274 1210000 16940 403054 907500 365521
 8942.914946 42569 800 800 800 800 73 46 0 73 52 0 73 42 0 73 44 0 14518 1210000 16940 403328 907500 365521
 8943.114967 42570 800 800 800 800 73 46 0 73 52 0 73 42 0 73 44 0 14518 1210000 16940 403328 907500 365521
 8943.314947 42571 800 800 800 800 73 46 0 73 52 0 73 42 0 73 44 0 14518 1210000 16940 404150 907500 366428
 8943.514939 42572 800 800 800 800 73 46 0 73 52 0 73 42 0 73 44 0 14274 1210000 16940 405246 907500 367335
 8943.714948 42573 800 800 800 800 73 46 0 73 52 0 73 42 0 73 44 0 14518 1210000 16940 404698 907500 366428
 8943.914921 42574 800 800 800 800 73 46 0 73 52 0 73 42 0 73 44 0 14518 1210000 16940 404424 907500 366428
 8944.114963 42575 800 800 800 800 73 46 0 73 52 0 73 42 0 73 44 0 14518 1210000 16940 404424 907500 366428
 8944.314946 42576 800 800 800 800 73 46 0 73 52 0 73 42 0 73 44 0 14518 1208750 16912 403602 907500 365521
 8944.515001 42577 800 800 800 800 73 46 0 73 52 0 73 42 0 73 44 0 14274 1210000 16940 404698 907500 366428
 8944.714946 42578 800 800 800 800 73 46 0 73 52 0 73 42 0 73 44 0 14518 1210000 16940 404424 907500 366428
 8944.914947 42579 800 800 800 800 73 46 0 73 52 0 73 42 0 73 44 0 14518 1210000 16940 404424 907500 366428
 8945.114963 42580 800 800 800 800 73 46 0 73 52 0 73 42 0 73 44 0 14518 1210000 16940 406068 907500 368242
 8945.314947 42581 800 800 800 800 73 46 0 73 52 0 73 42 0 73 44 0 14274 1208750 16912 406342 907500 368242
 8945.514946 42582 800 800 800 800 73 46 0 73 52 0 73 42 0 73 44 0 14274 1208750 16912 405520 907500 367335
 8945.714945 42583 800 800 800 800 73 46 0 73 52 0 73 42 0 73 44 0 14274 1208750 16912 405520 907500 367335
 8945.914940 42584 800 800 800 800 73 46 0 73 52 0 73 42 0 73 44 0 14518 1210000 16940 405246 907500 367335
 8946.114966 42585 800 800 800 800 73 46 0 73 52 0 73 42 0 73 44 0 14518 1210000 16940 404424 907500 366428
 8946.314947 42586 800 800 800 800 73 46 0 73 52 0 73 42 0 73 44 0 14274 1210000 16940 406342 907500 368242
 8946.514946 42587 800 800 800 800 73 46 0 73 52 0 73 42 0 73 44 0 14274 1210000 16940 406342 907500 368242
 8946.714948 42588 800 800 800 800 73 46 0 73 52 0 73 42 0 73 44 0 14518 1210000 16940 404424 907500 366428
 8946.914947 42589 800 800 800 800 73 46 0 73 52 0 73 42 0 73 44 0 14518 1210000 16940 404972 907500 366428
 8947.114963 42590 800 800 800 800 73 46 0 73 52 0 73 42 0 73 44 0 14518 1208750 16912 404698 907500 366428
 8947.314946 42591 800 800 800 800 73 46 0 73 52 0 73 42 0 73 44 0 14518 1208750 16912 404698 907500 366428
 8947.514947 42592 800 800 800 800 73 46 0 73 52 0 73 42 0 73 44 0 14518 1210000 16940 403602 907500 365521
 8947.714947 42593 800 800 800 800 73 46 0 73 52 0 73 42 0 73 44 0 14762 1210000 16940 402780 907500 364614
 8947.914946 42594 800 800 800 800 73 46 0 73 52 0 73 42 0 73 44 0 14518 1210000 16940 402232 907500 364614
 8948.114964 42595 800 800 800 800 73 46 0 73 52 0 73 42 0 73 44 0 14518 1210000 16940 402232 907500 364614
 8948.314941 42596 800 800 800 800 73 46 0 73 52 0 73 42 0 73 44 0 14518 1210000 16940 403328 907500 365521
 8948.514947 42597 800 800 800 800 73 46 0 73 52 0 73 42 0 73 44 0 14518 1210000 16940 402232 907500 364614
 8948.714946 42598 800 800 800 800 73 46 0 73 52 0 73 42 0 73 44 0 14274 1210000 16940 402780 907500 364614
 8948.914946 42599 800 800 800 800 73 46 0 73 52 0 73 42 0 73 44 0 14274 1210000 16940 402780 907500 364614
 8949.114966 42600 800 800 800 800 73 46 0 73 52 0 73 42 0 73 44 0 14518 1210000 16940 403876 907500 365521
 8949.314947 42601 800 800 800 800 73 46 0 73 52 0 73 42 0 73 44 0 14274 1208750 16912 403876 907500 365521
 8949.515001 42602 800 800 800 800 73 46 0 73 52 0 73 42 0 73 44 0 14518 1210000 16940 405246 907500 367335
 8949.714930 42603 800 800 800 800 73 46 0 73 52 0 73 42 0 73 44 0 14518 1210000 16940 405246 907500 367335
 8949.914946 42604 800 800 800 800 73 46 0 73 52 0 73 42 0 73 44 0 14518 1210000 16940 402506 907500 364614
 8950.114963 42605 800 800 800 800 73 46 0 73 52 0 73 42 0 73 44 0 14518 1210000 16940 402780 907500 364614
 8950.314947 42606 800 800 800 800 73 46 0 73 52 0 73 42 0 73 44 0 14274 1210000 16940 403054 907500 365521
 8950.514912 42607 800 800 800 800 73 46 0 73 52 0 73 42 0 73 44 0 14274 1210000 16940 403054 907500 365521
 8950.714947 42608 800 800 800 800 73 46 0 73 52 0 73 42 0 73 44 0 14274 1210000 16940 403054 907500 365521
 8950.914947 42609 800 800 800 800 73 46 0 73 52 0 73 42 0 73 44 0 14274 1210000 16940 404972 907500 366428
 8951.114962 42610 800 800 800 800 73 46 0 73 52 0 73 42 0 73 44 0 14518 1210000 16940 404424 907500 366428
 8951.314947 42611 800 800 800 800 73 46 0 73 52 0 73 42 0 73 44 0 14274 1210000 16940 403876 907500 365521
 8951.514947 42612 800 800 800 800 73 46 0 73 52 0 73 42 0 73 44 0 14274 1210000 16940 403876 907500 365521
 8951.714947 42613 800 800 800 800 73 46 0 73 52 0 73 42 0 73 44 0 14518 1210000 16940 402232 907500 364614
 8951.914946 42614 800 800 800 800 73 46 0 73 52 0 73 42 0 73 44 0 14274 1208750 16912 402232 907500 364614
 8952.114965 42615 800 800 800 800 73 46 0 73 52 0 73 42 0 73 44 0 14274 1210000 16940 403328 907500 365521
 8952.314949 42616 800 800 800 800 73 46 0 73 52 0 73 42 0 73 44 0 14274 1210000 16940 403328 907500 365521
 8952.514947 42617 800 800 800 800 73 46 0 73 52 0 73 42 0 73 44 0 14274 1210000 16940 405246 907500 367335
 8952.714945 42618 800 800 800 800 73 46 0 73 52 0 73 42 0 73 44 0 14274 1210000 16940 403876 907500 365521
 8952.914941 42619 800 800 800 800 73 46 0 73 52 0 73 42 0 73 44 0 14274 1210000 16940 404424 907500 366428
 8953.114964 42620 800 800 800 800 73 46 0 73 52 0 73 42 0 73 44 0 14274 1210000 16940 404424 907500 366428
 8953.314947 42621 800 800 800 800 73 46 0 73 52 0 73 42 0 73 44 0 14518 1208750 16912 405520 907500 367335
 8953.514946 42622 800 800 800 800 73 46 0 73 52 0 73 42 0 73 44 0 14274 1210000 16940 403054 907500 365521
 8953.714947 42623 800 800 800 800 73 46 0 73 52 0 73 42 0 73 44 0 14518 1210000 16940 403602 907500 365521
 8953.914947 42624 800 800 800 800 73 46 0 73 52 0 73 42 0 73 44 0 14518 1210000 16940 403602 907500 365521
 8954.114963 42625 800 800 800 800 73 46 0 73 52 0 73 42 0 73 44 0 14518 1210000 16940 404150 907500 366428
 8954.314946 42626 800 800 800 800 73 46 0 73 52 0 73 42 0 73 44 0 14274 1210000 16940 404698 907500 366428
 8954.514995 42627 800 800 800 800 73 46 0 73 52 0 73 42 0 73 44 0 14274 1210000 16940 405246 907500 367335
 8954.714944 42628 800 800 800 800 73 46 0 73 52 0 73 42 0 73 44 0 14274 1210000 16940 405246 907500 367335
 8954.914932 42629 800 800 800 800 73 46 0 73 52 0 73 42 0 73 44 0 14274 1210000 16940 361132 907500 327427
