 8235.074930 39030 900 900 900 900 73 46 0 73 52 0 73 42 0 73 44 0 14274 1210000 16940 336198 920000 309120
 8235.274932 39031 900 900 900 900 73 46 0 73 52 0 73 42 0 73 44 0 14518 1210000 16940 38360 921250 34998
 8235.474932 39032 900 900 900 900 73 46 0 73 52 0 73 42 0 73 44 0 14274 1210000 16940 41374 920000 37720
 8235.674933 39033 900 900 900 900 73 46 0 73 52 0 73 42 0 73 44 0 14518 1210000 16940 39456 920000 35880
 8235.874931 39034 900 900 900 900 73 46 0 73 52 0 73 42 0 73 44 0 14518 1210000 16940 39456 920000 35880
 8236.075000 39035 900 900 900 900 72 46 0 72 52 0 72 42 0 72 44 0 14518 1210000 16940 38086 920000 34960
 8236.274948 39036 900 900 900 900 72 46 0 72 52 0 72 42 0 72 44 0 14518 1210000 16940 43018 921250 39603
 8236.474931 39037 900 900 900 900 72 46 0 72 52 0 72 42 0 72 44 0 14274 1210000 16940 40552 920000 36800
 8236.674931 39038 900 900 900 900 72 46 0 72 52 0 72 42 0 72 44 0 14274 1210000 16940 40552 920000 36800
 8236.874931 39039 900 900 900 900 72 46 0 72 52 0 72 42 0 72 44 0 14518 1210000 16940 40004 920000 36800
 8237.074931 39040 900 900 900 900 72 46 0 72 52 0 72 42 0 72 44 0 14274 1210000 16940 38360 921250 34998
 8237.274932 39041 900 900 900 900 72 46 0 72 52 0 72 42 0 72 44 0 14518 1210000 16940 40826 920000 36800
 8237.474931 39042 900 900 900 900 72 46 0 72 52 0 72 42 0 72 44 0 14518 1210000 16940 40826 920000 36800
 8237.674932 39043 900 900 900 900 72 46 0 72 52 0 72 42 0 72 44 0 14518 1210000 16940 38086 920000 34960
 8237.874902 39044 900 900 900 900 72 46 0 72 52 0 72 42 0 72 44 0 14274 1210000 16940 38634 920000 34960
 8238.074931 39045 900 900 900 900 72 46 0 72 52 0 72 42 0 72 44 0 14518 1210000 16940 204404 921250 187884
 8238.274930 39046 900 900 900 900 72 46 0 72 52 0 72 42 0 72 44 0 14518 1210000 16940 204404 921250 187884
 8238.474924 39047 900 900 900 900 72 46 0 72 52 0 72 42 0 72 44 0 14274 1210000 16940 41374 920000 37720
 8238.674948 39048 900 900 900 900 72 46 0 72 52 0 72 42 0 72 44 0 14518 1210000 16940 66856 921250 60786
 8238.875035 39049 900 900 900 900 72 46 0 72 52 0 72 42 0 72 44 0 14518 1210000 16940 443058 921250 408003
 8239.074979 39050 900 900 900 900 72 46 0 72 52 0 72 42 0 72 44 0 14518 1210000 16940 443058 921250 408003
 8239.275013 39051 900 900 900 900 72 46 0 72 52 0 72 42 0 72 44 0 14274 1210000 16940 565536 921250 520365
 8239.474958 39052 900 900 900 900 72 46 0 72 52 0 72 42 0 72 44 0 14518 1210000 16940 544986 921250 501024
 8239.674996 39053 900 900 900 900 72 46 0 72 52 0 72 42 0 72 44 0 14518 1210000 16940 515668 921250 474315
 8239.874944 39054 900 900 900 900 72 46 0 72 52 0 72 42 0 72 44 0 14518 1210000 16940 515668 921250 474315
 8240.074958 39055 900 900 900 900 73 46 0 73 52 0 73 42 0 73 44 0 14274 1210000 16940 462512 920000 425040
 8240.274939 39056 900 900 900 900 73 46 0 73 52 0 73 42 0 73 44 0 14518 1210000 16940 456484 920000 419520
 8240.474939 39057 900 900 900 900 73 46 0 73 52 0 73 42 0 73 44 0 14762 1210000 16940 454840 920000 417680
 8240.675023 39058 900 900 900 900 73 46 0 73 52 0 73 42 0 73 44 0 14518 1210000 16940 456484 920000 419520
 8240.874940 39059 900 900 900 900 73 46 0 73 52 0 73 42 0 73 44 0 14518 1210000 16940 456484 920000 419520
 8241.074955 39060 900 900 900 900 73 46 0 73 52 0 73 42 0 73 44 0 14274 1210000 16940 456484 920000 419520
 8241.274940 39061 900 900 900 900 73 46 0 73 52 0 73 42 0 73 44 0 14274 1210000 16940 456484 920000 419520
 8241.474940 39062 900 900 900 900 73 46 0 73 52 0 73 42 0 73 44 0 14274 1210000 16940 455662 920000 418600
 8241.674940 39063 900 900 900 900 73 46 0 73 52 0 73 42 0 73 44 0 14274 1210000 16940 455662 920000 418600
 8241.874960 39064 900 900 900 900 73 46 0 73 52 0 73 42 0 73 44 0 14518 1208750 16912 458402 920000 421360
 8242.074983 39065 900 900 900 900 73 46 0 73 52 0 73 42 0 73 44 0 14274 1210000 16940 458128 920000 421360
 8242.274939 39066 900 900 900 900 73 46 0 73 52 0 73 42 0 73 44 0 14762 1210000 16940 457580 920000 420440
 8242.474940 39067 900 900 900 900 73 46 0 73 52 0 73 42 0 73 44 0 14762 1210000 16940 457580 920000 420440
 8242.674941 39068 900 900 900 900 73 46 0 73 52 0 73 42 0 73 44 0 14518 1210000 16940 457580 920000 420440
 8242.874939 39069 900 900 900 900 73 46 0 73 52 0 73 42 0 73 44 0 14274 1210000 16940 457854 920000 420440
 8243.074934 39070 900 900 900 900 73 46 0 73 52 0 73 42 0 73 44 0 14274 1210000 16940 456484 920000 419520
 8243.274939 39071 900 900 900 900 73 46 0 73 52 0 73 42 0 73 44 0 14274 1210000 16940 456484 920000 419520
 8243.474939 39072 900 900 900 900 73 46 0 73 52 0 73 42 0 73 44 0 14518 1210000 16940 461964 920000 424120
 8243.674941 39073 900 900 900 900 73 46 0 73 52 0 73 42 0 73 44 0 14518 1210000 16940 456758 920000 419520
 8243.874941 39074 900 900 900 900 73 46 0 73 52 0 73 42 0 73 44 0 14274 1210000 16940 457306 920000 420440
 8244.074955 39075 900 900 900 900 73 46 0 73 52 0 73 42 0 73 44 0 14274 1210000 16940 457306 920000 420440
 8244.274939 39076 900 900 900 900 73 46 0 73 52 0 73 42 0 73 44 0 14518 1210000 16940 458128 920000 421360
 8244.474939 39077 900 900 900 900 73 46 0 73 52 0 73 42 0 73 44 0 14518 1210000 16940 458128 920000 421360
 8244.674941 39078 900 900 900 900 73 46 0 73 52 0 73 42 0 73 44 0 14518 1210000 16940 455936 920000 418600
 8244.874939 39079 900 900 900 900 73 46 0 73 52 0 73 42 0 73 44 0 14518 1210000 16940 455936 920000 418600
 8245.074954 39080 900 900 900 900 73 46 0 73 52 0 73 42 0 73 44 0 14518 1210000 16940 455936 920000 418600
 8245.274940 39081 900 900 900 900 73 46 0 73 52 0 73 42 0 73 44 0 14518 1208750 16912 457580 920000 420440
 8245.474934 39082 900 900 900 900 73 46 0 73 52 0 73 42 0 73 44 0 14518 1208750 16912 457032 920000 420440
 8245.674944 39083 900 900 900 900 73 46 0 73 52 0 73 42 0 73 44 0 14518 1208750 16912 457032 920000 420440
 8245.874940 39084 900 900 900 900 73 46 0 73 52 0 73 42 0 73 44 0 14518 1210000 16940 457032 920000 420440
 8246.074956 39085 900 900 900 900 73 46 0 73 52 0 73 42 0 73 44 0 14274 1210000 16940 457306 920000 420440
 8246.274940 39086 900 900 900 900 73 46 0 73 52 0 73 42 0 73 44 0 14518 1210000 16940 457032 920000 420440
 8246.474941 39087 900 900 900 900 73 46 0 73 52 0 73 42 0 73 44 0 14518 1210000 16940 457032 920000 420440
 8246.674940 39088 900 900 900 900 73 46 0 73 52 0 73 42 0 73 44 0 14274 1208750 16912 456210 920000 419520
 8246.874940 39089 900 900 900 900 73 46 0 73 52 0 73 42 0 73 44 0 14274 1210000 16940 455936 920000 418600
 8247.074997 39090 900 900 900 900 73 46 0 73 52 0 73 42 0 73 44 0 14518 1210000 16940 455662 920000 418600
 8247.274916 39091 900 900 900 900 73 46 0 73 52 0 73 42 0 73 44 0 14518 1210000 16940 455936 920000 418600
 8247.474940 39092 900 900 900 900 73 46 0 73 52 0 73 42 0 73 44 0 14518 1210000 16940 455936 920000 418600
 8247.674940 39093 900 900 900 900 73 46 0 73 52 0 73 42 0 73 44 0 14518 1210000 16940 455662 920000 418600
 8247.874935 39094 900 900 900 900 73 46 0 73 52 0 73 42 0 73 44 0 14518 1208750 16912 455662 920000 418600
 8248.074954 39095 900 900 900 900 73 46 0 73 52 0 73 42 0 73 44 0 14518 1210000 16940 456484 920000 419520
 8248.274939 39096 900 900 900 900 73 46 0 73 52 0 73 42 0 73 44 0 14518 1210000 16940 456484 920000 419520
 8248.474940 39097 900 900 900 900 73 46 0 73 52 0 73 42 0 73 44 0 14518 1210000 16940 455936 920000 418600
 8248.674941 39098 900 900 900 900 73 46 0 73 52 0 73 42 0 73 44 0 14274 1210000 16940 454566 920000 417680
 8248.874941 39099 900 900 900 900 73 46 0 73 52 0 73 42 0 73 44 0 14274 1210000 16940 454840 920000 417680
 8249.074955 39100 900 900 900 900 73 46 0 73 52 0 73 42 0 73 44 0 14274 1210000 16940 454840 920000 417680
 8249.274941 39101 900 900 900 900 73 46 0 73 52 0 73 42 0 73 44 0 14518 1210000 16940 454840 920000 417680
 8249.474939 39102 900 900 900 900 73 46 0 73 52 0 73 42 0 73 44 0 14518 1210000 16940 455662 920000 418600
 8249.674939 39103 900 900 900 900 73 46 0 73 52 0 73 42 0 73 44 0 14518 1210000 16940 455114 920000 418600
 8249.874941 39104 900 900 900 900 73 46 0 73 52 0 73 42 0 73 44 0 14518 1210000 16940 455114 920000 418600
 8250.074954 39105 900 900 900 900 73 46 0 73 52 0 73 42 0 73 44 0 14518 1210000 16940 457032 920000 420440
 8250.274935 39106 900 900 900 900 73 46 0 73 52 0 73 42 0 73 44 0 14518 1210000 16940 457032 920000 420440
 8250.474940 39107 900 900 900 900 73 46 0 73 52 0 73 42 0 73 44 0 14518 1210000 16940 456210 920000 419520
 8250.674941 39108 900 900 900 900 73 46 0 73 52 0 73 42 0 73 44 0 14518 1210000 16940 456210 920000 419520
 8250.874940 39109 900 900 900 900 73 46 0 73 52 0 73 42 0 73 44 0 14518 1210000 16940 456758 920000 419520
 8251.074957 39110 900 900 900 900 73 46 0 73 52 0 73 42 0 73 44 0 14518 1210000 16940 457306 920000 420440
 8251.274940 39111 900 900 900 900 73 46 0 73 52 0 73 42 0 73 44 0 14518 1210000 16940 457854 920000 420440
 8251.474941 39112 900 900 900 900 73 46 0 73 52 0 73 42 0 73 44 0 14518 1210000 16940 457854 920000 420440
 8251.674943 39113 900 900 900 900 73 46 0 73 52 0 73 42 0 73 44 0 14762 1210000 16940 458676 920000 421360
 8251.874941 39114 900 900 900 900 73 46 0 73 52 0 73 42 0 73 44 0 14518 1210000 16940 458128 920000 421360
 8252.074955 39115 900 900 900 900 73 46 0 73 52 0 73 42 0 73 44 0 14518 1210000 16940 458402 920000 421360
 8252.274939 39116 900 900 900 900 73 46 0 73 52 0 73 42 0 73 44 0 14518 1210000 16940 458402 920000 421360
 8252.474940 39117 900 900 900 900 73 46 0 73 52 0 73 42 0 73 44 0 14518 1210000 16940 456484 920000 419520
 8252.674935 39118 900 900 900 900 73 46 0 73 52 0 73 42 0 73 44 0 14518 1210000 16940 455936 920000 418600
 8252.874941 39119 900 900 900 900 73 46 0 73 52 0 73 42 0 73 44 0 14518 1210000 16940 455936 920000 418600
 8253.074936 39120 900 900 900 900 73 46 0 73 52 0 73 42 0 73 44 0 14518 1210000 16940 455936 920000 418600
 8253.274939 39121 900 900 900 900 73 46 0 73 52 0 73 42 0 73 44 0 14518 1208750 16912 456758 920000 419520
 8253.474940 39122 900 900 900 900 73 46 0 73 52 0 73 42 0 73 44 0 14274 1210000 16940 457306 920000 420440
 8253.674940 39123 900 900 900 900 73 46 0 73 52 0 73 42 0 73 44 0 14518 1210000 16940 457032 920000 420440
 8253.874941 39124 900 900 900 900 73 46 0 73 52 0 73 42 0 73 44 0 14518 1210000 16940 457854 920000 420440
 8254.074954 39125 900 900 900 900 73 46 0 73 52 0 73 42 0 73 44 0 14518 1210000 16940 457854 920000 420440
 8254.274941 39126 900 900 900 900 73 46 0 73 52 0 73 42 0 73 44 0 14274 1210000 16940 456210 920000 419520
 8254.474941 39127 900 900 900 900 73 46 0 73 52 0 73 42 0 73 44 0 14518 1210000 16940 456484 920000 419520
 8254.674941 39128 900 900 900 900 73 46 0 73 52 0 73 42 0 73 44 0 14274 1210000 16940 456484 920000 419520
 8254.874940 39129 900 900 900 900 73 46 0 73 52 0 73 42 0 73 44 0 14274 1210000 16940 456484 920000 419520
 8255.074950 39130 900 900 900 900 73 46 0 73 52 0 73 42 0 73 44 0 14274 1208750 16912 458128 920000 421360
 8255.274939 39131 900 900 900 900 73 46 0 73 52 0 73 42 0 73 44 0 14518 1208750 16912 458402 920000 421360
 8255.474939 39132 900 900 900 900 73 46 0 73 52 0 73 42 0 73 44 0 14274 1208750 16912 458402 920000 421360
 8255.674939 39133 900 900 900 900 73 46 0 73 52 0 73 42 0 73 44 0 14274 1208750 16912 458402 920000 421360
 8255.874939 39134 900 900 900 900 73 46 0 73 52 0 73 42 0 73 44 0 14518 1210000 16940 457580 920000 420440
 8256.074954 39135 900 900 900 900 73 46 0 73 52 0 73 42 0 73 44 0 14518 1210000 16940 457306 920000 420440
 8256.274941 39136 900 900 900 900 73 46 0 73 52 0 73 42 0 73 44 0 14518 1210000 16940 456484 920000 419520
 8256.474939 39137 900 900 900 900 73 46 0 73 52 0 73 42 0 73 44 0 14518 1210000 16940 456484 920000 419520
 8256.674941 39138 900 900 900 900 73 46 0 73 52 0 73 42 0 73 44 0 14518 1208750 16912 456484 920000 419520
 8256.874941 39139 900 900 900 900 73 46 0 73 52 0 73 42 0 73 44 0 14518 1210000 16940 456484 920000 419520
 8257.074956 39140 900 900 900 900 73 46 0 73 52 0 73 42 0 73 44 0 14762 1208750 16912 457306 920000 420440
 8257.274940 39141 900 900 900 900 73 46 0 73 52 0 73 42 0 73 44 0 14762 1208750 16912 457306 920000 420440
 8257.474935 39142 900 900 900 900 73 46 0 73 52 0 73 42 0 73 44 0 14518 1210000 16940 457032 920000 420440
 8257.674943 39143 900 900 900 900 73 46 0 73 52 0 73 42 0 73 44 0 14762 1210000 16940 456758 920000 419520
 8257.874940 39144 900 900 900 900 73 46 0 73 52 0 73 42 0 73 44 0 14762 1210000 16940 455662 920000 418600
 8258.074956 39145 900 900 900 900 73 46 0 73 52 0 73 42 0 73 44 0 14762 1210000 16940 455662 920000 418600
 8258.274940 39146 900 900 900 900 73 46 0 73 52 0 73 42 0 73 44 0 14518 1210000 16940 454840 920000 417680
 8258.474939 39147 900 900 900 900 73 46 0 73 52 0 73 42 0 73 44 0 14518 1208750 16912 455114 920000 418600
 8258.674941 39148 900 900 900 900 73 46 0 73 52 0 73 42 0 73 44 0 14274 1208750 16912 453744 920000 416760
 8258.874941 39149 900 900 900 900 73 46 0 73 52 0 73 42 0 73 44 0 14274 1208750 16912 453744 920000 416760
 8259.074954 39150 900 900 900 900 73 46 0 73 52 0 73 42 0 73 44 0 14518 1210000 16940 456210 920000 419520
 8259.274939 39151 900 900 900 900 73 46 0 73 52 0 73 42 0 73 44 0 14518 1210000 16940 455388 920000 418600
 8259.474939 39152 900 900 900 900 73 46 0 73 52 0 73 42 0 73 44 0 14518 1210000 16940 455936 920000 418600
 8259.675079 39153 900 900 900 900 73 46 0 73 52 0 73 42 0 73 44 0 14518 1210000 16940 457032 920000 420440
 8259.874939 39154 900 900 900 900 73 46 0 73 52 0 73 42 0 73 44 0 14518 1210000 16940 457032 920000 420440
 8260.074956 39155 900 900 900 900 73 46 0 73 52 0 73 42 0 73 44 0 14518 1208750 16912 455936 920000 418600
 8260.274940 39156 900 900 900 900 73 46 0 73 52 0 73 42 0 73 44 0 14518 1208750 16912 457032 920000 420440
 8260.474938 39157 900 900 900 900 73 46 0 73 52 0 73 42 0 73 44 0 14274 1210000 16940 456484 920000 419520
 8260.674941 39158 900 900 900 900 73 46 0 73 52 0 73 42 0 73 44 0 14274 1210000 16940 456484 920000 419520
 8260.874939 39159 900 900 900 900 73 46 0 73 52 0 73 42 0 73 44 0 14274 1208750 16912 458402 920000 421360
 8261.074954 39160 900 900 900 900 73 46 0 73 52 0 73 42 0 73 44 0 14274 1208750 16912 457580 920000 420440
 8261.274941 39161 900 900 900 900 73 46 0 73 52 0 73 42 0 73 44 0 14274 1210000 16940 457854 920000 420440
 8261.474940 39162 900 900 900 900 73 46 0 73 52 0 73 42 0 73 44 0 14274 1210000 16940 457854 920000 420440
 8261.674941 39163 900 900 900 900 73 46 0 73 52 0 73 42 0 73 44 0 14762 1208750 16912 457580 920000 420440
 8261.874940 39164 900 900 900 900 73 46 0 73 52 0 73 42 0 73 44 0 14274 1210000 16940 457306 920000 420440
 8262.074933 39165 900 900 900 900 73 46 0 73 52 0 73 42 0 73 44 0 14518 1210000 16940 456210 920000 419520
 8262.274941 39166 900 900 900 900 73 46 0 73 52 0 73 42 0 73 44 0 14518 1210000 16940 456210 920000 419520
 8262.474941 39167 900 900 900 900 73 46 0 73 52 0 73 42 0 73 44 0 14518 1208750 16912 456484 920000 419520
 8262.674941 39168 900 900 900 900 73 46 0 73 52 0 73 42 0 73 44 0 14518 1210000 16940 457854 920000 420440
 8262.874940 39169 900 900 900 900 73 46 0 73 52 0 73 42 0 73 44 0 14274 1208750 16912 457580 920000 420440
 8263.074956 39170 900 900 900 900 73 46 0 73 52 0 73 42 0 73 44 0 14274 1208750 16912 457580 920000 420440
 8263.274941 39171 900 900 900 900 73 46 0 73 52 0 73 42 0 73 44 0 14274 1208750 16912 457854 920000 420440
 8263.474941 39172 900 900 900 900 73 46 0 73 52 0 73 42 0 73 44 0 14518 1210000 16940 458128 920000 421360
 8263.674937 39173 900 900 900 900 73 46 0 73 52 0 73 42 0 73 44 0 14518 1208750 16912 456484 920000 419520
 8263.874940 39174 900 900 900 900 73 46 0 73 52 0 73 42 0 73 44 0 14518 1208750 16912 456484 920000 419520
 8264.074955 39175 900 900 900 900 73 46 0 73 52 0 73 42 0 73 44 0 14762 1208750 16912 457306 920000 420440
 8264.274939 39176 900 900 900 900 73 46 0 73 52 0 73 42 0 73 44 0 14518 1208750 16912 457580 920000 420440
 8264.474934 39177 900 900 900 900 73 46 0 73 52 0 73 42 0 73 44 0 14518 1210000 16940 457854 920000 420440
 8264.674939 39178 900 900 900 900 73 46 0 73 52 0 73 42 0 73 44 0 14518 1210000 16940 457854 920000 420440
 8264.874940 39179 900 900 900 900 73 46 0 73 52 0 73 42 0 73 44 0 14518 1208750 16912 479500 920000 440680
 8265.074953 39180 900 900 900 900 73 46 0 73 52 0 73 42 0 73 44 0 14518 1210000 16940 458950 920000 421360
 8265.274939 39181 900 900 900 900 73 46 0 73 52 0 73 42 0 73 44 0 14518 1210000 16940 458402 920000 421360
 8265.474939 39182 900 900 900 900 73 46 0 73 52 0 73 42 0 73 44 0 14518 1210000 16940 458402 920000 421360
 8265.674939 39183 900 900 900 900 73 46 0 73 52 0 73 42 0 73 44 0 14274 1208750 16912 456210 920000 419520
 8265.874940 39184 900 900 900 900 73 46 0 73 52 0 73 42 0 73 44 0 14274 1210000 16940 456484 920000 419520
 8266.074955 39185 900 900 900 900 73 46 0 73 52 0 73 42 0 73 44 0 14518 1210000 16940 456484 920000 419520
 8266.274914 39186 900 900 900 900 73 46 0 73 52 0 73 42 0 73 44 0 14274 1210000 16940 455936 920000 418600
 8266.474940 39187 900 900 900 900 73 46 0 73 52 0 73 42 0 73 44 0 14274 1210000 16940 455936 920000 418600
 8266.674943 39188 900 900 900 900 73 46 0 73 52 0 73 42 0 73 44 0 14518 1210000 16940 457032 920000 420440
 8266.874933 39189 900 900 900 900 73 46 0 73 52 0 73 42 0 73 44 0 14762 1210000 16940 456484 920000 419520
 8267.074955 39190 900 900 900 900 73 46 0 73 52 0 73 42 0 73 44 0 14274 1210000 16940 455662 920000 418600
 8267.274939 39191 900 900 900 900 73 46 0 73 52 0 73 42 0 73 44 0 14274 1210000 16940 455662 920000 418600
 8267.474939 39192 900 900 900 900 73 46 0 73 52 0 73 42 0 73 44 0 14518 1210000 16940 454292 920000 417680
 8267.674939 39193 900 900 900 900 73 46 0 73 52 0 73 42 0 73 44 0 14762 1210000 16940 454566 920000 417680
 8267.874939 39194 900 900 900 900 73 46 0 73 52 0 73 42 0 73 44 0 14518 1210000 16940 455662 920000 418600
 8268.074956 39195 900 900 900 900 73 46 0 73 52 0 73 42 0 73 44 0 14518 1210000 16940 455662 920000 418600
 8268.274942 39196 900 900 900 900 73 46 0 73 52 0 73 42 0 73 44 0 14518 1210000 16940 455388 920000 418600
 8268.474939 39197 900 900 900 900 73 46 0 73 52 0 73 42 0 73 44 0 14518 1210000 16940 458676 920000 421360
 8268.674941 39198 900 900 900 900 73 46 0 73 52 0 73 42 0 73 44 0 14518 1210000 16940 457032 920000 420440
 8268.874939 39199 900 900 900 900 73 46 0 73 52 0 73 42 0 73 44 0 14518 1210000 16940 457032 920000 420440
 8269.074941 39200 900 900 900 900 73 46 0 73 52 0 73 42 0 73 44 0 14518 1210000 16940 456484 920000 419520
 8269.274933 39201 900 900 900 900 73 46 0 73 52 0 73 42 0 73 44 0 14274 1210000 16940 458402 920000 421360
 8269.474940 39202 900 900 900 900 73 46 0 73 52 0 73 42 0 73 44 0 14274 1210000 16940 456758 920000 419520
 8269.674942 39203 900 900 900 900 73 46 0 73 52 0 73 42 0 73 44 0 14274 1210000 16940 456758 920000 419520
 8269.874939 39204 900 900 900 900 73 46 0 73 52 0 73 42 0 73 44 0 14518 1210000 16940 461142 920000 424120
 8270.074954 39205 900 900 900 900 73 46 0 73 52 0 73 42 0 73 44 0 14518 1210000 16940 456210 920000 419520
 8270.274939 39206 900 900 900 900 73 46 0 73 52 0 73 42 0 73 44 0 14518 1210000 16940 458402 920000 421360
 8270.474939 39207 900 900 900 900 73 46 0 73 52 0 73 42 0 73 44 0 14518 1210000 16940 458402 920000 421360
 8270.674939 39208 900 900 900 900 73 46 0 73 52 0 73 42 0 73 44 0 14518 1210000 16940 458950 920000 421360
 8270.874940 39209 900 900 900 900 73 46 0 73 52 0 73 42 0 73 44 0 14518 1210000 16940 458676 920000 421360
 8271.074954 39210 900 900 900 900 73 46 0 73 52 0 73 42 0 73 44 0 14518 1210000 16940 458676 920000 421360
 8271.274939 39211 900 900 900 900 73 46 0 73 52 0 73 42 0 73 44 0 14518 1210000 16940 458676 920000 421360
 8271.474939 39212 900 900 900 900 73 46 0 73 52 0 73 42 0 73 44 0 14274 1210000 16940 458402 920000 421360
 8271.674934 39213 900 900 900 900 73 46 0 73 52 0 73 42 0 73 44 0 14274 1210000 16940 456484 920000 419520
 8271.874939 39214 900 900 900 900 73 46 0 73 52 0 73 42 0 73 44 0 14518 1210000 16940 456484 920000 419520
 8272.074936 39215 900 900 900 900 73 46 0 73 52 0 73 42 0 73 44 0 14518 1210000 16940 456484 920000 419520
 8272.274939 39216 900 900 900 900 73 46 0 73 52 0 73 42 0 73 44 0 14518 1210000 16940 456758 920000 419520
 8272.474939 39217 900 900 900 900 73 46 0 73 52 0 73 42 0 73 44 0 14518 1210000 16940 457580 920000 420440
 8272.674941 39218 900 900 900 900 73 46 0 73 52 0 73 42 0 73 44 0 14518 1210000 16940 457306 920000 420440
 8272.874938 39219 900 900 900 900 73 46 0 73 52 0 73 42 0 73 44 0 14518 1210000 16940 457306 920000 420440
 8273.074954 39220 900 900 900 900 73 46 0 73 52 0 73 42 0 73 44 0 14518 1210000 16940 457306 920000 420440
 8273.274939 39221 900 900 900 900 73 46 0 73 52 0 73 42 0 73 44 0 14518 1210000 16940 458128 920000 421360
 8273.474939 39222 900 900 900 900 73 46 0 73 52 0 73 42 0 73 44 0 14518 1210000 16940 456484 920000 419520
 8273.674939 39223 900 900 900 900 73 46 0 73 52 0 73 42 0 73 44 0 14518 1210000 16940 456484 920000 419520
 8273.874939 39224 900 900 900 900 73 46 0 73 52 0 73 42 0 73 44 0 14518 1210000 16940 456484 920000 419520
 8274.074949 39225 900 900 900 900 73 46 0 73 52 0 73 42 0 73 44 0 14518 1208750 16912 456758 920000 419520
 8274.274940 39226 900 900 900 900 73 46 0 73 52 0 73 42 0 73 44 0 14518 1210000 16940 458676 920000 421360
 8274.474941 39227 900 900 900 900 73 46 0 73 52 0 73 42 0 73 44 0 14518 1210000 16940 458676 920000 421360
 8274.674941 39228 900 900 900 900 73 46 0 73 52 0 73 42 0 73 44 0 14518 1210000 16940 458676 920000 421360
 8274.874941 39229 900 900 900 900 73 46 0 73 52 0 73 42 0 73 44 0 14518 1210000 16940 457032 920000 420440
 8275.074954 39230 900 900 900 900 73 46 0 73 52 0 73 42 0 73 44 0 14518 1210000 16940 459224 920000 422280
 8275.274939 39231 900 900 900 900 73 46 0 73 52 0 73 42 0 73 44 0 14518 1210000 16940 456758 920000 419520
 8275.474939 39232 900 900 900 900 73 46 0 73 52 0 73 42 0 73 44 0 14518 1210000 16940 456758 920000 419520
 8275.674943 39233 900 900 900 900 73 46 0 73 52 0 73 42 0 73 44 0 14518 1210000 16940 456484 920000 419520
 8275.874940 39234 900 900 900 900 73 46 0 73 52 0 73 42 0 73 44 0 14762 1210000 16940 456210 920000 419520
 8276.074955 39235 900 900 900 900 73 46 0 73 52 0 73 42 0 73 44 0 14518 1210000 16940 457306 920000 420440
 8276.274939 39236 900 900 900 900 73 46 0 73 52 0 73 42 0 73 44 0 14518 1210000 16940 457306 920000 420440
 8276.474934 39237 900 900 900 900 73 46 0 73 52 0 73 42 0 73 44 0 14274 1210000 16940 457032 920000 420440
 8276.674940 39238 900 900 900 900 73 46 0 73 52 0 73 42 0 73 44 0 14518 1210000 16940 456484 920000 419520
 8276.874939 39239 900 900 900 900 73 46 0 73 52 0 73 42 0 73 44 0 14518 1210000 16940 455114 920000 418600
 8277.074955 39240 900 900 900 900 73 46 0 73 52 0 73 42 0 73 44 0 14518 1210000 16940 455114 920000 418600
 8277.274939 39241 900 900 900 900 73 46 0 73 52 0 73 42 0 73 44 0 14518 1210000 16940 455936 920000 418600
 8277.474939 39242 900 900 900 900 73 46 0 73 52 0 73 42 0 73 44 0 14518 1210000 16940 456210 920000 419520
 8277.674941 39243 900 900 900 900 73 46 0 73 52 0 73 42 0 73 44 0 14518 1210000 16940 455114 920000 418600
 8277.874940 39244 900 900 900 900 73 46 0 73 52 0 73 42 0 73 44 0 14518 1210000 16940 455114 920000 418600
 8278.074954 39245 900 900 900 900 73 46 0 73 52 0 73 42 0 73 44 0 14518 1210000 16940 456758 920000 419520
 8278.274940 39246 900 900 900 900 73 46 0 73 52 0 73 42 0 73 44 0 14274 1210000 16940 456210 920000 419520
 8278.474941 39247 900 900 900 900 73 46 0 73 52 0 73 42 0 73 44 0 14518 1210000 16940 456484 920000 419520
 8278.675135 39248 900 900 900 900 73 46 0 73 52 0 73 42 0 73 44 0 14762 1210000 16940 455936 920000 418600
 8278.874941 39249 900 900 900 900 73 46 0 73 52 0 73 42 0 73 44 0 14762 1210000 16940 455936 920000 418600
 8279.074954 39250 900 900 900 900 73 46 0 73 52 0 73 42 0 73 44 0 14518 1210000 16940 455388 920000 418600
 8279.274939 39251 900 900 900 900 73 46 0 73 52 0 73 42 0 73 44 0 14518 1210000 16940 455388 920000 418600
 8279.474939 39252 900 900 900 900 73 46 0 73 52 0 73 42 0 73 44 0 14518 1210000 16940 461142 920000 424120
 8279.674942 39253 900 900 900 900 73 46 0 73 52 0 73 42 0 73 44 0 14518 1210000 16940 461142 920000 424120
 8279.874941 39254 900 900 900 900 73 46 0 73 52 0 73 42 0 73 44 0 14518 1210000 16940 458402 920000 421360
 8280.074954 39255 900 900 900 900 73 46 0 73 52 0 73 42 0 73 44 0 14518 1210000 16940 457854 920000 420440
 8280.274940 39256 900 900 900 900 73 46 0 73 52 0 73 42 0 73 44 0 14518 1210000 16940 457032 920000 420440
 8280.474940 39257 900 900 900 900 73 46 0 73 52 0 73 42 0 73 44 0 14518 1210000 16940 457032 920000 420440
 8280.674939 39258 900 900 900 900 73 46 0 73 52 0 73 42 0 73 44 0 14274 1210000 16940 459224 920000 422280
 8280.874941 39259 900 900 900 900 73 46 0 73 52 0 73 42 0 73 44 0 14518 1210000 16940 457854 920000 420440
 8281.074933 39260 900 900 900 900 73 46 0 73 52 0 73 42 0 73 44 0 14518 1210000 16940 456484 920000 419520
 8281.274941 39261 900 900 900 900 73 46 0 73 52 0 73 42 0 73 44 0 14518 1210000 16940 456484 920000 419520
 8281.474941 39262 900 900 900 900 73 46 0 73 52 0 73 42 0 73 44 0 14274 1210000 16940 457032 920000 420440
 8281.674943 39263 900 900 900 900 73 46 0 73 52 0 73 42 0 73 44 0 14762 1210000 16940 457306 920000 420440
 8281.874939 39264 900 900 900 900 73 46 0 73 52 0 73 42 0 73 44 0 14518 1210000 16940 456758 920000 419520
 8282.074956 39265 900 900 900 900 73 46 0 73 52 0 73 42 0 73 44 0 14518 1210000 16940 456758 920000 419520
 8282.274940 39266 900 900 900 900 73 46 0 73 52 0 73 42 0 73 44 0 14274 1208750 16912 457854 920000 420440
 8282.474939 39267 900 900 900 900 73 46 0 73 52 0 73 42 0 73 44 0 14762 1210000 16940 456484 920000 419520
 8282.674939 39268 900 900 900 900 73 46 0 73 52 0 73 42 0 73 44 0 14518 1210000 16940 455936 920000 418600
 8282.874940 39269 900 900 900 900 73 46 0 73 52 0 73 42 0 73 44 0 14518 1210000 16940 455936 920000 418600
 8283.074954 39270 900 900 900 900 73 46 0 73 52 0 73 42 0 73 44 0 14274 1210000 16940 457032 920000 420440
 8283.274938 39271 900 900 900 900 73 46 0 73 52 0 73 42 0 73 44 0 14762 1210000 16940 457306 920000 420440
 8283.474934 39272 900 900 900 900 73 46 0 73 52 0 73 42 0 73 44 0 14518 1210000 16940 456484 920000 419520
 8283.674939 39273 900 900 900 900 73 46 0 73 52 0 73 42 0 73 44 0 14518 1210000 16940 456484 920000 419520
 8283.874939 39274 900 900 900 900 73 46 0 73 52 0 73 42 0 73 44 0 14274 1210000 16940 458402 920000 421360
 8284.074932 39275 900 900 900 900 73 46 0 73 52 0 73 42 0 73 44 0 14518 1210000 16940 458950 920000 421360
 8284.274916 39276 900 900 900 900 73 46 0 73 52 0 73 42 0 73 44 0 14518 1210000 16940 457854 920000 420440
 8284.474916 39277 900 900 900 900 73 46 0 73 52 0 73 42 0 73 44 0 14518 1210000 16940 457854 920000 420440
 8284.674918 39278 900 900 900 900 73 46 0 73 52 0 73 42 0 73 44 0 14518 1210000 16940 456484 920000 419520
 8284.874916 39279 900 900 900 900 73 46 0 73 52 0 73 42 0 73 44 0 14518 1210000 16940 456484 920000 419520
 8285.074931 39280 900 900 900 900 73 46 0 73 52 0 73 42 0 73 44 0 14274 1210000 16940 456484 920000 419520
 8285.274914 39281 900 900 900 900 73 46 0 73 52 0 73 42 0 73 44 0 14518 1210000 16940 455936 920000 418600
 8285.474917 39282 900 900 900 900 73 46 0 73 52 0 73 42 0 73 44 0 14518 1210000 16940 455936 920000 418600
 8285.674916 39283 900 900 900 900 73 46 0 73 52 0 73 42 0 73 44 0 14274 1210000 16940 455388 920000 418600
 8285.874910 39284 900 900 900 900 73 46 0 73 52 0 73 42 0 73 44 0 14274 1210000 16940 455936 920000 418600
 8286.074931 39285 900 900 900 900 73 46 0 73 52 0 73 42 0 73 44 0 14762 1210000 16940 456484 920000 419520
 8286.274862 39286 900 900 900 900 73 46 0 73 52 0 73 42 0 73 44 0 14762 1210000 16940 456484 920000 419520
 8286.474861 39287 900 900 900 900 73 46 0 73 52 0 73 42 0 73 44 0 14518 1210000 16940 455662 920000 418600
 8286.674862 39288 900 900 900 900 73 46 0 73 52 0 73 42 0 73 44 0 14762 1210000 16940 454566 920000 417680
 8286.874865 39289 900 900 900 900 73 46 0 73 52 0 73 42 0 73 44 0 14274 1210000 16940 454840 920000 417680
 8287.074936 39290 900 900 900 900 73 46 0 73 52 0 73 42 0 73 44 0 14274 1210000 16940 454840 920000 417680
 8287.274921 39291 900 900 900 900 73 46 0 73 52 0 73 42 0 73 44 0 14518 1210000 16940 454840 920000 417680
 8287.474922 39292 900 900 900 900 73 46 0 73 52 0 73 42 0 73 44 0 14518 1210000 16940 456210 920000 419520
 8287.674923 39293 900 900 900 900 73 46 0 73 52 0 73 42 0 73 44 0 14518 1210000 16940 455662 920000 418600
 8287.874921 39294 900 900 900 900 73 46 0 73 52 0 73 42 0 73 44 0 14518 1210000 16940 455662 920000 418600
 8288.074935 39295 900 900 900 900 73 46 0 73 52 0 73 42 0 73 44 0 14762 1210000 16940 456484 920000 419520
 8288.274914 39296 900 900 900 900 73 46 0 73 52 0 73 42 0 73 44 0 14518 1210000 16940 454840 920000 417680
 8288.474921 39297 900 900 900 900 73 46 0 73 52 0 73 42 0 73 44 0 14518 1210000 16940 455662 920000 418600
 8288.674923 39298 900 900 900 900 73 46 0 73 52 0 73 42 0 73 44 0 14518 1210000 16940 455662 920000 418600
 8288.874920 39299 900 900 900 900 73 46 0 73 52 0 73 42 0 73 44 0 14518 1210000 16940 455936 920000 418600
 8289.074935 39300 900 900 900 900 73 46 0 73 52 0 73 42 0 73 44 0 14518 1210000 16940 457306 920000 420440
 8289.274922 39301 900 900 900 900 73 46 0 73 52 0 73 42 0 73 44 0 14518 1210000 16940 458676 920000 421360
 8289.474921 39302 900 900 900 900 73 46 0 73 52 0 73 42 0 73 44 0 14518 1210000 16940 458676 920000 421360
 8289.674922 39303 900 900 900 900 73 46 0 73 52 0 73 42 0 73 44 0 14518 1210000 16940 458128 920000 421360
 8289.874921 39304 900 900 900 900 73 46 0 73 52 0 73 42 0 73 44 0 14518 1210000 16940 459498 920000 422280
 8290.074955 39305 900 900 900 900 73 46 0 73 52 0 73 42 0 73 44 0 14518 1210000 16940 458950 920000 421360
 8290.274940 39306 900 900 900 900 73 46 0 73 52 0 73 42 0 73 44 0 14518 1210000 16940 458950 920000 421360
 8290.474938 39307 900 900 900 900 73 46 0 73 52 0 73 42 0 73 44 0 14274 1210000 16940 457580 920000 420440
 8290.674937 39308 900 900 900 900 73 46 0 73 52 0 73 42 0 73 44 0 14518 1210000 16940 458128 920000 421360
 8290.874941 39309 900 900 900 900 73 46 0 73 52 0 73 42 0 73 44 0 14518 1210000 16940 458402 920000 421360
 8291.074937 39310 900 900 900 900 73 46 0 73 52 0 73 42 0 73 44 0 14518 1210000 16940 458402 920000 421360
 8291.274941 39311 900 900 900 900 73 46 0 73 52 0 73 42 0 73 44 0 14518 1210000 16940 458402 920000 421360
 8291.474941 39312 900 900 900 900 73 46 0 73 52 0 73 42 0 73 44 0 14518 1210000 16940 457032 920000 420440
 8291.674941 39313 900 900 900 900 73 46 0 73 52 0 73 42 0 73 44 0 14518 1210000 16940 457306 920000 420440
 8291.874935 39314 900 900 900 900 73 46 0 73 52 0 73 42 0 73 44 0 14274 1210000 16940 457580 920000 420440
 8292.074956 39315 900 900 900 900 73 46 0 73 52 0 73 42 0 73 44 0 14274 1210000 16940 457580 920000 420440
 8292.274942 39316 900 900 900 900 73 46 0 73 52 0 73 42 0 73 44 0 14518 1210000 16940 455662 920000 418600
 8292.474983 39317 900 900 900 900 73 46 0 73 52 0 73 42 0 73 44 0 14518 1210000 16940 456758 920000 419520
 8292.674934 39318 900 900 900 900 73 46 0 73 52 0 73 42 0 73 44 0 14518 1210000 16940 234818 920000 215280
 8292.874931 39319 900 900 900 900 73 46 0 73 52 0 73 42 0 73 44 0 14518 1210000 16940 234818 920000 215280
 8293.074941 39320 900 900 900 900 72 46 0 72 52 0 72 42 0 72 44 0 14518 1210000 16940 40552 921250 36840
 8293.274933 39321 900 900 900 900 72 46 0 72 52 0 72 42 0 72 44 0 14518 1210000 16940 41374 920000 37720
 8293.474932 39322 900 900 900 900 72 46 0 72 52 0 72 42 0 72 44 0 14274 1210000 16940 40278 920000 36800
