29331.369957 144510 250 250 250 250 73 46 0 73 52 0 73 42 0 73 44 0 9028 950000 8550 7124 958750 6706
29331.569956 144511 250 250 250 250 73 46 0 73 52 0 73 42 0 73 44 0 9272 950000 8550 7398 958750 6706
29331.769953 144512 250 250 250 250 73 46 0 73 52 0 73 42 0 73 44 0 9272 950000 8550 7124 958750 6706
29331.969953 144513 250 250 250 250 73 46 0 73 52 0 73 42 0 73 44 0 9272 950000 8550 7124 958750 6706
29332.170005 144514 250 250 250 250 73 46 0 73 52 0 73 42 0 73 44 0 9028 950000 8550 7124 958750 6706
29332.369962 144515 250 250 250 250 73 46 0 73 52 0 73 42 0 73 44 0 9028 950000 8550 7124 958750 6706
29332.569956 144516 250 250 250 250 73 46 0 73 52 0 73 42 0 73 44 0 31476 948750 29388 7398 958750 6706
29332.770157 144517 250 250 250 250 73 46 0 73 52 0 73 42 0 73 44 0 8723 950000 7600 7398 958750 6706
29332.969968 144518 250 250 250 250 73 46 0 73 52 0 73 42 0 73 44 0 8723 950000 7600 7398 958750 6706
29333.169995 144519 250 250 250 250 73 46 0 73 52 0 73 42 0 73 44 0 8479 950000 7600 7124 958750 6706
29333.369971 144520 250 250 250 250 73 46 0 73 52 0 73 42 0 73 44 0 47519 948750 44556 7124 958750 6706
29333.569986 144521 250 250 250 250 73 46 0 73 52 0 73 42 0 73 44 0 60268 947500 56820 7124 958750 6706
29333.769898 144522 250 250 250 250 73 46 0 73 52 0 73 42 0 73 44 0 60268 947500 56820 7124 958750 6706
29333.969888 144523 250 250 250 250 73 46 0 73 52 0 73 42 0 73 44 0 55998 948750 52140 7398 958750 6706
29334.169870 144524 250 250 250 250 73 46 0 73 52 0 73 42 0 73 44 0 53497 948750 50244 7124 958750 6706
29334.369909 144525 250 250 250 250 73 46 0 73 52 0 73 42 0 73 44 0 54229 947500 51138 7124 958750 6706
29334.569890 144526 250 250 250 250 73 46 0 73 52 0 73 42 0 73 44 0 54229 947500 51138 7124 958750 6706
29334.769891 144527 250 250 250 250 73 46 0 73 52 0 73 42 0 73 44 0 53497 948750 50244 7124 958750 6706
29334.969920 144528 250 250 250 250 73 46 0 73 52 0 73 42 0 73 44 0 53009 948750 50244 7124 958750 6706
29335.169995 144529 250 250 250 250 73 46 0 73 52 0 73 42 0 73 44 0 51972 948750 48348 7398 958750 6706
29335.375108 144530 250 250 250 250 73 46 0 73 52 0 73 42 0 73 44 0 51972 948750 48348 7398 958750 6706
29335.574956 144531 250 250 250 250 73 46 0 73 52 0 73 42 0 73 44 0 51484 948750 48348 7398 958750 6706
29335.774954 144532 250 250 250 250 73 46 0 73 52 0 73 42 0 73 44 0 48007 948750 45504 7398 958750 6706
29335.974953 144533 250 250 250 250 73 46 0 73 52 0 73 42 0 73 44 0 46238 948750 43608 7124 958750 6706
29336.174982 144534 250 250 250 250 73 46 0 73 52 0 73 42 0 73 44 0 46238 948750 43608 7124 958750 6706
29336.374953 144535 250 250 250 250 73 46 0 73 52 0 73 42 0 73 44 0 46482 948750 43608 7124 958750 6706
29336.574956 144536 250 250 250 250 73 46 0 73 52 0 73 42 0 73 44 0 46726 948750 43608 7398 958750 6706
29336.774952 144537 250 250 250 250 73 46 0 73 52 0 73 42 0 73 44 0 46238 948750 43608 7398 958750 6706
29336.974952 144538 250 250 250 250 73 46 0 73 52 0 73 42 0 73 44 0 46238 948750 43608 7398 958750 6706
29337.174979 144539 250 250 250 250 73 46 0 73 52 0 73 42 0 73 44 0 46726 948750 43608 7398 958750 6706
29337.374951 144540 250 250 250 250 73 46 0 73 52 0 73 42 0 73 44 0 45994 948750 42660 7398 958750 6706
29337.574940 144541 250 250 250 250 73 46 0 73 52 0 73 42 0 73 44 0 46238 948750 43608 7398 958750 6706
29337.774952 144542 250 250 250 250 73 46 0 73 52 0 73 42 0 73 44 0 46238 948750 43608 7398 958750 6706
29337.974951 144543 250 250 250 250 73 46 0 73 52 0 73 42 0 73 44 0 46238 948750 43608 7124 958750 6706
29338.174979 144544 250 250 250 250 73 46 0 73 52 0 73 42 0 73 44 0 46238 948750 43608 7398 958750 6706
29338.374952 144545 250 250 250 250 73 46 0 73 52 0 73 42 0 73 44 0 45994 948750 42660 7398 958750 6706
29338.575578 144546 250 250 250 250 73 46 0 73 52 0 73 42 0 73 44 0 46238 948750 43608 7124 958750 6706
29338.774953 144547 250 250 250 250 73 46 0 73 52 0 73 42 0 73 44 0 46238 948750 43608 7124 958750 6706
29338.974952 144548 250 250 250 250 73 46 0 73 52 0 73 42 0 73 44 0 46238 948750 43608 7124 958750 6706
29339.174977 144549 250 250 250 250 73 46 0 73 52 0 73 42 0 73 44 0 46238 948750 43608 7124 958750 6706
29339.374952 144550 250 250 250 250 73 46 0 73 52 0 73 42 0 73 44 0 46482 948750 43608 7398 958750 6706
29339.574955 144551 250 250 250 250 73 46 0 73 52 0 73 42 0 73 44 0 46482 948750 43608 7398 958750 6706
29339.774952 144552 250 250 250 250 73 46 0 73 52 0 73 42 0 73 44 0 46238 948750 43608 7398 958750 6706
29339.974939 144553 250 250 250 250 73 46 0 73 52 0 73 42 0 73 44 0 46238 948750 43608 7124 958750 6706
29340.174976 144554 250 250 250 250 73 46 0 73 52 0 73 42 0 73 44 0 45750 948750 42660 7398 958750 6706
29340.374952 144555 250 250 250 250 73 46 0 73 52 0 73 42 0 73 44 0 45750 948750 42660 7398 958750 6706
29340.574955 144556 250 250 250 250 73 46 0 73 52 0 73 42 0 73 44 0 46482 948750 43608 7398 958750 6706
29340.774952 144557 250 250 250 250 73 46 0 73 52 0 73 42 0 73 44 0 46238 948750 43608 7124 958750 6706
29340.974952 144558 250 250 250 250 73 46 0 73 52 0 73 42 0 73 44 0 46238 948750 43608 7398 958750 6706
29341.174976 144559 250 250 250 250 73 46 0 73 52 0 73 42 0 73 44 0 46238 948750 43608 7398 958750 6706
29341.374951 144560 250 250 250 250 73 46 0 73 52 0 73 42 0 73 44 0 46238 948750 43608 7124 958750 6706
29341.574958 144561 250 250 250 250 73 46 0 73 52 0 73 42 0 73 44 0 46238 948750 43608 7124 958750 6706
29341.774952 144562 250 250 250 250 73 46 0 73 52 0 73 42 0 73 44 0 46726 948750 43608 7398 958750 6706
29341.974952 144563 250 250 250 250 73 46 0 73 52 0 73 42 0 73 44 0 46726 948750 43608 7398 958750 6706
29342.174975 144564 250 250 250 250 73 46 0 73 52 0 73 42 0 73 44 0 45994 948750 42660 7398 958750 6706
29342.374940 144565 250 250 250 250 73 46 0 73 52 0 73 42 0 73 44 0 46238 948750 43608 7124 958750 6706
29342.574953 144566 250 250 250 250 73 46 0 73 52 0 73 42 0 73 44 0 46482 948750 43608 7398 958750 6706
29342.774954 144567 250 250 250 250 73 46 0 73 52 0 73 42 0 73 44 0 46482 948750 43608 7398 958750 6706
29342.974952 144568 250 250 250 250 73 46 0 73 52 0 73 42 0 73 44 0 46726 948750 43608 7124 958750 6706
29343.174974 144569 250 250 250 250 73 46 0 73 52 0 73 42 0 73 44 0 46238 948750 43608 7398 958750 6706
29343.374952 144570 250 250 250 250 73 46 0 73 52 0 73 42 0 73 44 0 46238 948750 43608 7124 958750 6706
29343.574954 144571 250 250 250 250 73 46 0 73 52 0 73 42 0 73 44 0 46238 948750 43608 7124 958750 6706
29343.774952 144572 250 250 250 250 73 46 0 73 52 0 73 42 0 73 44 0 46238 948750 43608 7124 958750 6706
29343.974952 144573 250 250 250 250 73 46 0 73 52 0 73 42 0 73 44 0 46238 948750 43608 7124 958750 6706
29344.174976 144574 250 250 250 250 73 46 0 73 52 0 73 42 0 73 44 0 46238 948750 43608 7398 958750 6706
29344.374955 144575 250 250 250 250 73 46 0 73 52 0 73 42 0 73 44 0 46238 948750 43608 7398 958750 6706
29344.574958 144576 250 250 250 250 73 46 0 73 52 0 73 42 0 73 44 0 46482 948750 43608 7124 958750 6706
29344.774939 144577 250 250 250 250 73 46 0 73 52 0 73 42 0 73 44 0 46238 948750 43608 7398 958750 6706
29344.974952 144578 250 250 250 250 73 46 0 73 52 0 73 42 0 73 44 0 46238 948750 43608 7398 958750 6706
29345.174949 144579 250 250 250 250 73 46 0 73 52 0 73 42 0 73 44 0 46238 948750 43608 7398 958750 6706
29345.374952 144580 250 250 250 250 73 46 0 73 52 0 73 42 0 73 44 0 46238 948750 43608 7398 958750 6706
29345.574952 144581 250 250 250 250 73 46 0 73 52 0 73 42 0 73 44 0 46238 948750 43608 7124 958750 6706
29345.774952 144582 250 250 250 250 73 46 0 73 52 0 73 42 0 73 44 0 45994 948750 42660 7398 958750 6706
29345.974952 144583 250 250 250 250 73 46 0 73 52 0 73 42 0 73 44 0 46482 948750 43608 7398 958750 6706
29346.174974 144584 250 250 250 250 73 46 0 73 52 0 73 42 0 73 44 0 46482 948750 43608 7398 958750 6706
29346.374953 144585 250 250 250 250 73 46 0 73 52 0 73 42 0 73 44 0 46482 948750 43608 7398 958750 6706
29346.574953 144586 250 250 250 250 73 46 0 73 52 0 73 42 0 73 44 0 46482 948750 43608 7124 958750 6706
29346.774951 144587 250 250 250 250 73 46 0 73 52 0 73 42 0 73 44 0 46482 948750 43608 7398 958750 6706
29346.974951 144588 250 250 250 250 73 46 0 73 52 0 73 42 0 73 44 0 46482 948750 43608 7398 958750 6706
29347.174940 144589 250 250 250 250 73 46 0 73 52 0 73 42 0 73 44 0 46238 948750 43608 7398 958750 6706
29347.374952 144590 250 250 250 250 73 46 0 73 52 0 73 42 0 73 44 0 46238 948750 43608 7124 958750 6706
29347.574957 144591 250 250 250 250 73 46 0 73 52 0 73 42 0 73 44 0 45994 948750 42660 7398 958750 6706
29347.774952 144592 250 250 250 250 73 46 0 73 52 0 73 42 0 73 44 0 45994 948750 42660 7398 958750 6706
29347.974952 144593 250 250 250 250 73 46 0 73 52 0 73 42 0 73 44 0 46482 948750 43608 7124 958750 6706
29348.174976 144594 250 250 250 250 73 46 0 73 52 0 73 42 0 73 44 0 46482 948750 43608 7124 958750 6706
29348.374952 144595 250 250 250 250 73 46 0 73 52 0 73 42 0 73 44 0 46726 948750 43608 7124 958750 6706
29348.574956 144596 250 250 250 250 73 46 0 73 52 0 73 42 0 73 44 0 46726 948750 43608 7124 958750 6706
29348.774952 144597 250 250 250 250 73 46 0 73 52 0 73 42 0 73 44 0 46238 948750 43608 7398 958750 6706
29348.974951 144598 250 250 250 250 73 46 0 73 52 0 73 42 0 73 44 0 46482 948750 43608 7398 958750 6706
29349.174975 144599 250 250 250 250 73 46 0 73 52 0 73 42 0 73 44 0 46238 948750 43608 7124 958750 6706
29349.374952 144600 250 250 250 250 73 46 0 73 52 0 73 42 0 73 44 0 46238 948750 43608 7124 958750 6706
29349.574943 144601 250 250 250 250 73 46 0 73 52 0 73 42 0 73 44 0 46482 948750 43608 7124 958750 6706
29349.774952 144602 250 250 250 250 73 46 0 73 52 0 73 42 0 73 44 0 46482 948750 43608 7398 958750 6706
29349.974952 144603 250 250 250 250 73 46 0 73 52 0 73 42 0 73 44 0 46482 948750 43608 7124 958750 6706
29350.174974 144604 250 250 250 250 73 46 0 73 52 0 73 42 0 73 44 0 46482 948750 43608 7124 958750 6706
29350.374952 144605 250 250 250 250 73 46 0 73 52 0 73 42 0 73 44 0 46238 948750 43608 7124 958750 6706
29350.574959 144606 250 250 250 250 73 46 0 73 52 0 73 42 0 73 44 0 46482 948750 43608 7398 958750 6706
29350.774952 144607 250 250 250 250 73 46 0 73 52 0 73 42 0 73 44 0 46238 948750 43608 7398 958750 6706
29350.974936 144608 250 250 250 250 73 46 0 73 52 0 73 42 0 73 44 0 46238 948750 43608 7398 958750 6706
29351.174978 144609 250 250 250 250 73 46 0 73 52 0 73 42 0 73 44 0 45994 948750 42660 7398 958750 6706
29351.374951 144610 250 250 250 250 73 46 0 73 52 0 73 42 0 73 44 0 46970 948750 43608 7124 958750 6706
29351.574952 144611 250 250 250 250 73 46 0 73 52 0 73 42 0 73 44 0 45994 948750 42660 7124 958750 6706
29351.774910 144612 250 250 250 250 73 46 0 73 52 0 73 42 0 73 44 0 46482 948750 43608 7398 958750 6706
29351.974951 144613 250 250 250 250 73 46 0 73 52 0 73 42 0 73 44 0 46482 948750 43608 7398 958750 6706
29352.174976 144614 250 250 250 250 73 46 0 73 52 0 73 42 0 73 44 0 45994 948750 42660 7398 958750 6706
29352.374951 144615 250 250 250 250 73 46 0 73 52 0 73 42 0 73 44 0 46482 948750 43608 7124 958750 6706
29352.574953 144616 250 250 250 250 73 46 0 73 52 0 73 42 0 73 44 0 46726 948750 43608 7398 958750 6706
29352.774952 144617 250 250 250 250 73 46 0 73 52 0 73 42 0 73 44 0 46726 948750 43608 7398 958750 6706
29352.974952 144618 250 250 250 250 73 46 0 73 52 0 73 42 0 73 44 0 46726 948750 43608 7398 958750 6706
29353.174975 144619 250 250 250 250 73 46 0 73 52 0 73 42 0 73 44 0 46238 948750 43608 7398 958750 6706
29353.374951 144620 250 250 250 250 73 46 0 73 52 0 73 42 0 73 44 0 46238 948750 43608 7124 958750 6706
29353.574957 144621 250 250 250 250 73 46 0 73 52 0 73 42 0 73 44 0 46238 948750 43608 7124 958750 6706
29353.774952 144622 250 250 250 250 73 46 0 73 52 0 73 42 0 73 44 0 46482 948750 43608 7124 958750 6706
29353.974952 144623 250 250 250 250 73 46 0 73 52 0 73 42 0 73 44 0 46482 948750 43608 7124 958750 6706
29354.174938 144624 250 250 250 250 73 46 0 73 52 0 73 42 0 73 44 0 46238 948750 43608 7124 958750 6706
29354.374952 144625 250 250 250 250 73 46 0 73 52 0 73 42 0 73 44 0 46238 948750 43608 7124 958750 6706
29354.574953 144626 250 250 250 250 73 46 0 73 52 0 73 42 0 73 44 0 46238 948750 43608 7398 958750 6706
29354.774952 144627 250 250 250 250 73 46 0 73 52 0 73 42 0 73 44 0 46238 948750 43608 7124 958750 6706
29354.974952 144628 250 250 250 250 73 46 0 73 52 0 73 42 0 73 44 0 46482 948750 43608 7124 958750 6706
29355.174977 144629 250 250 250 250 73 46 0 73 52 0 73 42 0 73 44 0 46482 948750 43608 7124 958750 6706
29355.374952 144630 250 250 250 250 73 46 0 73 52 0 73 42 0 73 44 0 46482 948750 43608 7124 958750 6706
29355.574952 144631 250 250 250 250 73 46 0 73 52 0 73 42 0 73 44 0 46238 948750 43608 7398 958750 6706
29355.774952 144632 250 250 250 250 73 46 0 73 52 0 73 42 0 73 44 0 46238 948750 43608 7398 958750 6706
29355.974951 144633 250 250 250 250 73 46 0 73 52 0 73 42 0 73 44 0 46238 948750 43608 7398 958750 6706
29356.174976 144634 250 250 250 250 73 46 0 73 52 0 73 42 0 73 44 0 46238 948750 43608 7124 958750 6706
29356.374951 144635 250 250 250 250 73 46 0 73 52 0 73 42 0 73 44 0 46238 948750 43608 7398 958750 6706
29356.574940 144636 250 250 250 250 73 46 0 73 52 0 73 42 0 73 44 0 46482 948750 43608 7398 958750 6706
29356.774952 144637 250 250 250 250 73 46 0 73 52 0 73 42 0 73 44 0 46482 948750 43608 7398 958750 6706
29356.974951 144638 250 250 250 250 73 46 0 73 52 0 73 42 0 73 44 0 46238 948750 43608 7124 958750 6706
29357.174975 144639 250 250 250 250 73 46 0 73 52 0 73 42 0 73 44 0 46482 948750 43608 7124 958750 6706
29357.374952 144640 250 250 250 250 73 46 0 73 52 0 73 42 0 73 44 0 46482 948750 43608 7398 958750 6706
29357.575566 144641 250 250 250 250 73 46 0 73 52 0 73 42 0 73 44 0 46238 948750 43608 7124 958750 6706
29357.774952 144642 250 250 250 250 73 46 0 73 52 0 73 42 0 73 44 0 46238 948750 43608 7124 958750 6706
29357.974951 144643 250 250 250 250 73 46 0 73 52 0 73 42 0 73 44 0 45994 948750 42660 7124 958750 6706
29358.174975 144644 250 250 250 250 73 46 0 73 52 0 73 42 0 73 44 0 45994 948750 42660 7398 958750 6706
29358.374951 144645 250 250 250 250 73 46 0 73 52 0 73 42 0 73 44 0 46482 948750 43608 7398 958750 6706
29358.574952 144646 250 250 250 250 73 46 0 73 52 0 73 42 0 73 44 0 46482 948750 43608 7398 958750 6706
29358.774951 144647 250 250 250 250 73 46 0 73 52 0 73 42 0 73 44 0 45994 948750 42660 7398 958750 6706
29358.974939 144648 250 250 250 250 73 46 0 73 52 0 73 42 0 73 44 0 46482 948750 43608 7398 958750 6706
29359.174974 144649 250 250 250 250 73 46 0 73 52 0 73 42 0 73 44 0 46238 948750 43608 7398 958750 6706
29359.374951 144650 250 250 250 250 73 46 0 73 52 0 73 42 0 73 44 0 46238 948750 43608 7398 958750 6706
29359.574956 144651 250 250 250 250 73 46 0 73 52 0 73 42 0 73 44 0 46238 948750 43608 7398 958750 6706
29359.774951 144652 250 250 250 250 73 46 0 73 52 0 73 42 0 73 44 0 46238 948750 43608 7398 958750 6706
29359.974952 144653 250 250 250 250 73 46 0 73 52 0 73 42 0 73 44 0 46482 948750 43608 7398 958750 6706
29360.174975 144654 250 250 250 250 73 46 0 73 52 0 73 42 0 73 44 0 46482 948750 43608 7398 958750 6706
29360.374952 144655 250 250 250 250 73 46 0 73 52 0 73 42 0 73 44 0 46238 948750 43608 7124 958750 6706
29360.574953 144656 250 250 250 250 73 46 0 73 52 0 73 42 0 73 44 0 46482 948750 43608 7398 958750 6706
29360.774952 144657 250 250 250 250 73 46 0 73 52 0 73 42 0 73 44 0 46238 948750 43608 7124 958750 6706
29360.974952 144658 250 250 250 250 73 46 0 73 52 0 73 42 0 73 44 0 46238 948750 43608 7124 958750 6706
29361.174975 144659 250 250 250 250 73 46 0 73 52 0 73 42 0 73 44 0 46482 948750 43608 7398 958750 6706
29361.374939 144660 250 250 250 250 73 46 0 73 52 0 73 42 0 73 44 0 46482 948750 43608 7124 958750 6706
29361.574952 144661 250 250 250 250 73 46 0 73 52 0 73 42 0 73 44 0 46482 948750 43608 7124 958750 6706
29361.774954 144662 250 250 250 250 73 46 0 73 52 0 73 42 0 73 44 0 46482 948750 43608 7124 958750 6706
29361.974952 144663 250 250 250 250 73 46 0 73 52 0 73 42 0 73 44 0 45750 948750 42660 7398 958750 6706
29362.174974 144664 250 250 250 250 73 46 0 73 52 0 73 42 0 73 44 0 46238 948750 43608 7398 958750 6706
29362.374951 144665 250 250 250 250 73 46 0 73 52 0 73 42 0 73 44 0 46238 948750 43608 7124 958750 6706
29362.574957 144666 250 250 250 250 73 46 0 73 52 0 73 42 0 73 44 0 46238 948750 43608 7124 958750 6706
29362.774952 144667 250 250 250 250 73 46 0 73 52 0 73 42 0 73 44 0 46238 948750 43608 7124 958750 6706
29362.974952 144668 250 250 250 250 73 46 0 73 52 0 73 42 0 73 44 0 46482 948750 43608 7124 958750 6706
29363.174974 144669 250 250 250 250 73 46 0 73 52 0 73 42 0 73 44 0 46482 948750 43608 7124 958750 6706
29363.374951 144670 250 250 250 250 73 46 0 73 52 0 73 42 0 73 44 0 46482 948750 43608 7124 958750 6706
29363.574952 144671 250 250 250 250 73 46 0 73 52 0 73 42 0 73 44 0 46238 948750 43608 7124 958750 6706
29363.774940 144672 250 250 250 250 73 46 0 73 52 0 73 42 0 73 44 0 45994 948750 42660 7398 958750 6706
29363.974951 144673 250 250 250 250 73 46 0 73 52 0 73 42 0 73 44 0 46482 948750 43608 7124 958750 6706
29364.174956 144674 250 250 250 250 73 46 0 73 52 0 73 42 0 73 44 0 46482 948750 43608 7398 958750 6706
29364.374952 144675 250 250 250 250 73 46 0 73 52 0 73 42 0 73 44 0 46482 948750 43608 7398 958750 6706
29364.574955 144676 250 250 250 250 73 46 0 73 52 0 73 42 0 73 44 0 46482 948750 43608 7398 958750 6706
29364.774952 144677 250 250 250 250 73 46 0 73 52 0 73 42 0 73 44 0 46482 948750 43608 7124 958750 6706
29364.974953 144678 250 250 250 250 73 46 0 73 52 0 73 42 0 73 44 0 46482 948750 43608 7124 958750 6706
29365.174974 144679 250 250 250 250 73 46 0 73 52 0 73 42 0 73 44 0 46482 948750 43608 7124 958750 6706
29365.374951 144680 250 250 250 250 73 46 0 73 52 0 73 42 0 73 44 0 46238 948750 43608 7398 958750 6706
29365.574960 144681 250 250 250 250 73 46 0 73 52 0 73 42 0 73 44 0 46238 948750 43608 7124 958750 6706
29365.774952 144682 250 250 250 250 73 46 0 73 52 0 73 42 0 73 44 0 46238 948750 43608 7398 958750 6706
29365.974952 144683 250 250 250 250 73 46 0 73 52 0 73 42 0 73 44 0 46238 948750 43608 7398 958750 6706
29366.174940 144684 250 250 250 250 73 46 0 73 52 0 73 42 0 73 44 0 45994 948750 42660 7124 958750 6706
29366.374952 144685 250 250 250 250 73 46 0 73 52 0 73 42 0 73 44 0 46482 948750 43608 7124 958750 6706
29366.574952 144686 250 250 250 250 73 46 0 73 52 0 73 42 0 73 44 0 46238 948750 43608 7398 958750 6706
29366.774952 144687 250 250 250 250 73 46 0 73 52 0 73 42 0 73 44 0 46238 948750 43608 7398 958750 6706
29366.974952 144688 250 250 250 250 73 46 0 73 52 0 73 42 0 73 44 0 45994 948750 42660 7398 958750 6706
29367.174975 144689 250 250 250 250 73 46 0 73 52 0 73 42 0 73 44 0 46482 948750 43608 7398 958750 6706
29367.374951 144690 250 250 250 250 73 46 0 73 52 0 73 42 0 73 44 0 45994 948750 42660 7124 958750 6706
29367.574952 144691 250 250 250 250 73 46 0 73 52 0 73 42 0 73 44 0 45994 948750 42660 7124 958750 6706
29367.774951 144692 250 250 250 250 73 46 0 73 52 0 73 42 0 73 44 0 46238 948750 43608 7398 958750 6706
29367.974951 144693 250 250 250 250 73 46 0 73 52 0 73 42 0 73 44 0 46238 948750 43608 7398 958750 6706
29368.174975 144694 250 250 250 250 73 46 0 73 52 0 73 42 0 73 44 0 46726 948750 43608 7124 958750 6706
29368.374954 144695 250 250 250 250 73 46 0 73 52 0 73 42 0 73 44 0 46726 948750 43608 7124 958750 6706
29368.574945 144696 250 250 250 250 73 46 0 73 52 0 73 42 0 73 44 0 46238 948750 43608 7398 958750 6706
29368.774952 144697 250 250 250 250 73 46 0 73 52 0 73 42 0 73 44 0 46726 948750 43608 7124 958750 6706
29368.974952 144698 250 250 250 250 73 46 0 73 52 0 73 42 0 73 44 0 46238 948750 43608 7124 958750 6706
29369.174974 144699 250 250 250 250 73 46 0 73 52 0 73 42 0 73 44 0 46238 948750 43608 7124 958750 6706
29369.374952 144700 250 250 250 250 73 46 0 73 52 0 73 42 0 73 44 0 45994 948750 42660 7124 958750 6706
29369.574953 144701 250 250 250 250 73 46 0 73 52 0 73 42 0 73 44 0 46482 948750 43608 7124 958750 6706
29369.774951 144702 250 250 250 250 73 46 0 73 52 0 73 42 0 73 44 0 46238 948750 43608 7398 958750 6706
29369.974932 144703 250 250 250 250 73 46 0 73 52 0 73 42 0 73 44 0 46238 948750 43608 7398 958750 6706
29370.174975 144704 250 250 250 250 73 46 0 73 52 0 73 42 0 73 44 0 46482 948750 43608 7124 958750 6706
29370.374951 144705 250 250 250 250 73 46 0 73 52 0 73 42 0 73 44 0 46238 948750 43608 7398 958750 6706
29370.574955 144706 250 250 250 250 73 46 0 73 52 0 73 42 0 73 44 0 46238 948750 43608 7124 958750 6706
29370.774913 144707 250 250 250 250 73 46 0 73 52 0 73 42 0 73 44 0 46482 948750 43608 7398 958750 6706
29370.974953 144708 250 250 250 250 73 46 0 73 52 0 73 42 0 73 44 0 46482 948750 43608 7398 958750 6706
29371.174976 144709 250 250 250 250 73 46 0 73 52 0 73 42 0 73 44 0 46482 948750 43608 7398 958750 6706
29371.374952 144710 250 250 250 250 73 46 0 73 52 0 73 42 0 73 44 0 46238 948750 43608 7398 958750 6706
29371.574957 144711 250 250 250 250 73 46 0 73 52 0 73 42 0 73 44 0 46482 948750 43608 7398 958750 6706
29371.774952 144712 250 250 250 250 73 46 0 73 52 0 73 42 0 73 44 0 46482 948750 43608 7398 958750 6706
29371.974952 144713 250 250 250 250 73 46 0 73 52 0 73 42 0 73 44 0 46238 948750 43608 7124 958750 6706
29372.174974 144714 250 250 250 250 73 46 0 73 52 0 73 42 0 73 44 0 46238 948750 43608 7124 958750 6706
29372.374952 144715 250 250 250 250 73 46 0 73 52 0 73 42 0 73 44 0 46238 948750 43608 7124 958750 6706
29372.574953 144716 250 250 250 250 73 46 0 73 52 0 73 42 0 73 44 0 46238 948750 43608 7124 958750 6706
29372.774953 144717 250 250 250 250 73 46 0 73 52 0 73 42 0 73 44 0 46238 948750 43608 7398 958750 6706
29372.974951 144718 250 250 250 250 73 46 0 73 52 0 73 42 0 73 44 0 46238 948750 43608 7124 958750 6706
29373.174939 144719 250 250 250 250 73 46 0 73 52 0 73 42 0 73 44 0 46238 948750 43608 7124 958750 6706
29373.374952 144720 250 250 250 250 73 46 0 73 52 0 73 42 0 73 44 0 46238 948750 43608 7124 958750 6706
29373.574960 144721 250 250 250 250 73 46 0 73 52 0 73 42 0 73 44 0 45994 948750 42660 7124 958750 6706
29373.774953 144722 250 250 250 250 73 46 0 73 52 0 73 42 0 73 44 0 45994 948750 42660 7398 958750 6706
29373.974952 144723 250 250 250 250 73 46 0 73 52 0 73 42 0 73 44 0 46482 948750 43608 7398 958750 6706
29374.174975 144724 250 250 250 250 73 46 0 73 52 0 73 42 0 73 44 0 46482 948750 43608 7398 958750 6706
29374.374951 144725 250 250 250 250 73 46 0 73 52 0 73 42 0 73 44 0 46238 948750 43608 7398 958750 6706
29374.574958 144726 250 250 250 250 73 46 0 73 52 0 73 42 0 73 44 0 46238 948750 43608 7124 958750 6706
29374.774951 144727 250 250 250 250 73 46 0 73 52 0 73 42 0 73 44 0 46482 948750 43608 7124 958750 6706
29374.974954 144728 250 250 250 250 73 46 0 73 52 0 73 42 0 73 44 0 46482 948750 43608 7124 958750 6706
29375.174975 144729 250 250 250 250 73 46 0 73 52 0 73 42 0 73 44 0 46238 948750 43608 7124 958750 6706
29375.374953 144730 250 250 250 250 73 46 0 73 52 0 73 42 0 73 44 0 46238 948750 43608 7124 958750 6706
29375.574939 144731 250 250 250 250 73 46 0 73 52 0 73 42 0 73 44 0 46482 948750 43608 7398 958750 6706
29375.774952 144732 250 250 250 250 73 46 0 73 52 0 73 42 0 73 44 0 46482 948750 43608 7398 958750 6706
29375.974951 144733 250 250 250 250 73 46 0 73 52 0 73 42 0 73 44 0 45994 948750 42660 7398 958750 6706
29376.174977 144734 250 250 250 250 73 46 0 73 52 0 73 42 0 73 44 0 46482 948750 43608 7398 958750 6706
29376.374950 144735 250 250 250 250 73 46 0 73 52 0 73 42 0 73 44 0 45994 948750 42660 7124 958750 6706
29376.575293 144736 250 250 250 250 73 46 0 73 52 0 73 42 0 73 44 0 45994 948750 42660 7124 958750 6706
29376.774952 144737 250 250 250 250 73 46 0 73 52 0 73 42 0 73 44 0 46482 948750 43608 7124 958750 6706
29376.974953 144738 250 250 250 250 73 46 0 73 52 0 73 42 0 73 44 0 46726 948750 43608 7124 958750 6706
29377.174974 144739 250 250 250 250 73 46 0 73 52 0 73 42 0 73 44 0 46482 948750 43608 7124 958750 6706
29377.374951 144740 250 250 250 250 73 46 0 73 52 0 73 42 0 73 44 0 46482 948750 43608 7124 958750 6706
29377.574959 144741 250 250 250 250 73 46 0 73 52 0 73 42 0 73 44 0 46482 948750 43608 7124 958750 6706
29377.774952 144742 250 250 250 250 73 46 0 73 52 0 73 42 0 73 44 0 45994 948750 42660 7124 958750 6706
29377.974939 144743 250 250 250 250 73 46 0 73 52 0 73 42 0 73 44 0 46726 948750 43608 7398 958750 6706
29378.174975 144744 250 250 250 250 73 46 0 73 52 0 73 42 0 73 44 0 46238 948750 43608 7398 958750 6706
29378.374955 144745 250 250 250 250 73 46 0 73 52 0 73 42 0 73 44 0 46238 948750 43608 7398 958750 6706
29378.574955 144746 250 250 250 250 73 46 0 73 52 0 73 42 0 73 44 0 46238 948750 43608 7398 958750 6706
29378.774952 144747 250 250 250 250 73 46 0 73 52 0 73 42 0 73 44 0 46238 948750 43608 7398 958750 6706
29378.974951 144748 250 250 250 250 73 46 0 73 52 0 73 42 0 73 44 0 46482 948750 43608 7398 958750 6706
29379.174974 144749 250 250 250 250 73 46 0 73 52 0 73 42 0 73 44 0 46482 948750 43608 7398 958750 6706
29379.374951 144750 250 250 250 250 73 46 0 73 52 0 73 42 0 73 44 0 46482 948750 43608 7124 958750 6706
29379.574952 144751 250 250 250 250 73 46 0 73 52 0 73 42 0 73 44 0 46238 948750 43608 7398 958750 6706
29379.774951 144752 250 250 250 250 73 46 0 73 52 0 73 42 0 73 44 0 46238 948750 43608 7398 958750 6706
29379.974951 144753 250 250 250 250 73 46 0 73 52 0 73 42 0 73 44 0 46238 948750 43608 7398 958750 6706
29380.174974 144754 250 250 250 250 73 46 0 73 52 0 73 42 0 73 44 0 46482 948750 43608 7124 958750 6706
29380.374939 144755 250 250 250 250 73 46 0 73 52 0 73 42 0 73 44 0 46482 948750 43608 7398 958750 6706
29380.574956 144756 250 250 250 250 73 46 0 73 52 0 73 42 0 73 44 0 46238 948750 43608 7398 958750 6706
29380.774955 144757 250 250 250 250 73 46 0 73 52 0 73 42 0 73 44 0 46238 948750 43608 7398 958750 6706
29380.974951 144758 250 250 250 250 73 46 0 73 52 0 73 42 0 73 44 0 46482 948750 43608 7398 958750 6706
29381.174976 144759 250 250 250 250 73 46 0 73 52 0 73 42 0 73 44 0 45994 948750 42660 7124 958750 6706
29381.374951 144760 250 250 250 250 73 46 0 73 52 0 73 42 0 73 44 0 45994 948750 42660 7124 958750 6706
29381.574955 144761 250 250 250 250 73 46 0 73 52 0 73 42 0 73 44 0 45994 948750 42660 7124 958750 6706
29381.774953 144762 250 250 250 250 73 46 0 73 52 0 73 42 0 73 44 0 46238 948750 43608 7398 958750 6706
29381.974951 144763 250 250 250 250 73 46 0 73 52 0 73 42 0 73 44 0 46726 948750 43608 7124 958750 6706
29382.174974 144764 250 250 250 250 73 46 0 73 52 0 73 42 0 73 44 0 45750 948750 42660 7124 958750 6706
29382.374951 144765 250 250 250 250 73 46 0 73 52 0 73 42 0 73 44 0 45750 948750 42660 7124 958750 6706
29382.574954 144766 250 250 250 250 73 46 0 73 52 0 73 42 0 73 44 0 46238 948750 43608 7124 958750 6706
29382.774939 144767 250 250 250 250 73 46 0 73 52 0 73 42 0 73 44 0 46238 948750 43608 7398 958750 6706
29382.974951 144768 250 250 250 250 73 46 0 73 52 0 73 42 0 73 44 0 45994 948750 42660 7398 958750 6706
29383.174948 144769 250 250 250 250 73 46 0 73 52 0 73 42 0 73 44 0 45994 948750 42660 7124 958750 6706
29383.374951 144770 250 250 250 250 73 46 0 73 52 0 73 42 0 73 44 0 45994 948750 42660 7124 958750 6706
29383.574958 144771 250 250 250 250 73 46 0 73 52 0 73 42 0 73 44 0 46238 948750 43608 7124 958750 6706
29383.774952 144772 250 250 250 250 73 46 0 73 52 0 73 42 0 73 44 0 46238 948750 43608 7124 958750 6706
29383.974951 144773 250 250 250 250 73 46 0 73 52 0 73 42 0 73 44 0 46482 948750 43608 7124 958750 6706
29384.174975 144774 250 250 250 250 73 46 0 73 52 0 73 42 0 73 44 0 46482 948750 43608 7124 958750 6706
29384.374951 144775 250 250 250 250 73 46 0 73 52 0 73 42 0 73 44 0 46238 948750 43608 7124 958750 6706
29384.574953 144776 250 250 250 250 73 46 0 73 52 0 73 42 0 73 44 0 45994 948750 42660 7124 958750 6706
29384.774951 144777 250 250 250 250 73 46 0 73 52 0 73 42 0 73 44 0 46238 948750 43608 7398 958750 6706
29384.974952 144778 250 250 250 250 73 46 0 73 52 0 73 42 0 73 44 0 46238 948750 43608 7398 958750 6706
29385.174939 144779 250 250 250 250 73 46 0 73 52 0 73 42 0 73 44 0 45994 948750 42660 7124 958750 6706
29385.374951 144780 250 250 250 250 73 46 0 73 52 0 73 42 0 73 44 0 46238 948750 43608 7398 958750 6706
29385.574954 144781 250 250 250 250 73 46 0 73 52 0 73 42 0 73 44 0 46726 948750 43608 7398 958750 6706
29385.774952 144782 250 250 250 250 73 46 0 73 52 0 73 42 0 73 44 0 46726 948750 43608 7398 958750 6706
29385.974951 144783 250 250 250 250 73 46 0 73 52 0 73 42 0 73 44 0 46726 948750 43608 7398 958750 6706
29386.174976 144784 250 250 250 250 73 46 0 73 52 0 73 42 0 73 44 0 46238 948750 43608 7398 958750 6706
29386.374951 144785 250 250 250 250 73 46 0 73 52 0 73 42 0 73 44 0 46482 948750 43608 7124 958750 6706
29386.574961 144786 250 250 250 250 73 46 0 73 52 0 73 42 0 73 44 0 46482 948750 43608 7124 958750 6706
29386.774952 144787 250 250 250 250 73 46 0 73 52 0 73 42 0 73 44 0 46238 948750 43608 7124 958750 6706
29386.974951 144788 250 250 250 250 73 46 0 73 52 0 73 42 0 73 44 0 46238 948750 43608 7398 958750 6706
29387.174974 144789 250 250 250 250 73 46 0 73 52 0 73 42 0 73 44 0 46482 948750 43608 7124 958750 6706
29387.374954 144790 250 250 250 250 73 46 0 73 52 0 73 42 0 73 44 0 46482 948750 43608 7124 958750 6706
29387.574942 144791 250 250 250 250 73 46 0 73 52 0 73 42 0 73 44 0 45994 948750 42660 7124 958750 6706
29387.774950 144792 250 250 250 250 73 46 0 73 52 0 73 42 0 73 44 0 45994 948750 42660 7124 958750 6706
29387.974952 144793 250 250 250 250 73 46 0 73 52 0 73 42 0 73 44 0 45994 948750 42660 7398 958750 6706
29388.174975 144794 250 250 250 250 73 46 0 73 52 0 73 42 0 73 44 0 45994 948750 42660 7398 958750 6706
29388.374952 144795 250 250 250 250 73 46 0 73 52 0 73 42 0 73 44 0 46238 948750 43608 7398 958750 6706
29388.574953 144796 250 250 250 250 73 46 0 73 52 0 73 42 0 73 44 0 46238 948750 43608 7398 958750 6706
29388.774951 144797 250 250 250 250 73 46 0 73 52 0 73 42 0 73 44 0 46482 948750 43608 7124 958750 6706
29388.974932 144798 250 250 250 250 73 46 0 73 52 0 73 42 0 73 44 0 46482 948750 43608 7124 958750 6706
29389.174975 144799 250 250 250 250 73 46 0 73 52 0 73 42 0 73 44 0 46238 948750 43608 7124 958750 6706
29389.374952 144800 250 250 250 250 73 46 0 73 52 0 73 42 0 73 44 0 46238 948750 43608 7398 958750 6706
29389.574957 144801 250 250 250 250 73 46 0 73 52 0 73 42 0 73 44 0 46238 948750 43608 7124 958750 6706
29389.774910 144802 250 250 250 250 73 46 0 73 52 0 73 42 0 73 44 0 46482 948750 43608 7398 958750 6706
29389.974951 144803 250 250 250 250 73 46 0 73 52 0 73 42 0 73 44 0 46482 948750 43608 7398 958750 6706
29390.174974 144804 250 250 250 250 73 46 0 73 52 0 73 42 0 73 44 0 45994 948750 42660 7398 958750 6706
29390.374951 144805 250 250 250 250 73 46 0 73 52 0 73 42 0 73 44 0 45994 948750 42660 7398 958750 6706
29390.574952 144806 250 250 250 250 73 46 0 73 52 0 73 42 0 73 44 0 46238 948750 43608 7124 958750 6706
29390.774952 144807 250 250 250 250 73 46 0 73 52 0 73 42 0 73 44 0 46238 948750 43608 7124 958750 6706
29390.974952 144808 250 250 250 250 73 46 0 73 52 0 73 42 0 73 44 0 46482 948750 43608 7124 958750 6706
29391.174975 144809 250 250 250 250 73 46 0 73 52 0 73 42 0 73 44 0 46726 948750 43608 7398 958750 6706
29391.374951 144810 250 250 250 250 73 46 0 73 52 0 73 42 0 73 44 0 45994 948750 42660 7398 958750 6706
29391.574953 144811 250 250 250 250 73 46 0 73 52 0 73 42 0 73 44 0 45994 948750 42660 7398 958750 6706
29391.774952 144812 250 250 250 250 73 46 0 73 52 0 73 42 0 73 44 0 46482 948750 43608 7398 958750 6706
29391.974952 144813 250 250 250 250 73 46 0 73 52 0 73 42 0 73 44 0 46482 948750 43608 7124 958750 6706
29392.174938 144814 250 250 250 250 73 46 0 73 52 0 73 42 0 73 44 0 46238 948750 43608 7398 958750 6706
29392.374951 144815 250 250 250 250 73 46 0 73 52 0 73 42 0 73 44 0 46238 948750 43608 7398 958750 6706
29392.574957 144816 250 250 250 250 73 46 0 73 52 0 73 42 0 73 44 0 46726 948750 43608 7398 958750 6706
29392.774952 144817 250 250 250 250 73 46 0 73 52 0 73 42 0 73 44 0 46238 948750 43608 7398 958750 6706
29392.974951 144818 250 250 250 250 73 46 0 73 52 0 73 42 0 73 44 0 46482 948750 43608 7124 958750 6706
29393.174975 144819 250 250 250 250 73 46 0 73 52 0 73 42 0 73 44 0 46482 948750 43608 7124 958750 6706
29393.374951 144820 250 250 250 250 73 46 0 73 52 0 73 42 0 73 44 0 46482 948750 43608 7398 958750 6706
29393.574952 144821 250 250 250 250 73 46 0 73 52 0 73 42 0 73 44 0 46482 948750 43608 7398 958750 6706
29393.774952 144822 250 250 250 250 73 46 0 73 52 0 73 42 0 73 44 0 45994 948750 42660 7398 958750 6706
29393.974954 144823 250 250 250 250 73 46 0 73 52 0 73 42 0 73 44 0 45994 948750 42660 7398 958750 6706
29394.174974 144824 250 250 250 250 73 46 0 73 52 0 73 42 0 73 44 0 45994 948750 42660 7124 958750 6706
29394.374951 144825 250 250 250 250 73 46 0 73 52 0 73 42 0 73 44 0 45994 948750 42660 7124 958750 6706
29394.574939 144826 250 250 250 250 73 46 0 73 52 0 73 42 0 73 44 0 46238 948750 43608 7124 958750 6706
29394.774951 144827 250 250 250 250 73 46 0 73 52 0 73 42 0 73 44 0 46238 948750 43608 7124 958750 6706
29394.974951 144828 250 250 250 250 73 46 0 73 52 0 73 42 0 73 44 0 45994 948750 42660 7124 958750 6706
29395.174974 144829 250 250 250 250 73 46 0 73 52 0 73 42 0 73 44 0 46238 948750 43608 7124 958750 6706
29395.374950 144830 250 250 250 250 73 46 0 73 52 0 73 42 0 73 44 0 46238 948750 43608 7124 958750 6706
29395.575564 144831 250 250 250 250 73 46 0 73 52 0 73 42 0 73 44 0 45994 948750 42660 7124 958750 6706
29395.774955 144832 250 250 250 250 73 46 0 73 52 0 73 42 0 73 44 0 45994 948750 42660 7124 958750 6706
29395.974951 144833 250 250 250 250 73 46 0 73 52 0 73 42 0 73 44 0 45994 948750 42660 7398 958750 6706
29396.174976 144834 250 250 250 250 73 46 0 73 52 0 73 42 0 73 44 0 46238 948750 43608 7124 958750 6706
29396.374951 144835 250 250 250 250 73 46 0 73 52 0 73 42 0 73 44 0 46238 948750 43608 7398 958750 6706
29396.574954 144836 250 250 250 250 73 46 0 73 52 0 73 42 0 73 44 0 46238 948750 43608 7398 958750 6706
29396.774952 144837 250 250 250 250 73 46 0 73 52 0 73 42 0 73 44 0 46970 948750 43608 7398 958750 6706
29396.974939 144838 250 250 250 250 73 46 0 73 52 0 73 42 0 73 44 0 46238 948750 43608 7124 958750 6706
29397.174975 144839 250 250 250 250 73 46 0 73 52 0 73 42 0 73 44 0 46238 948750 43608 7398 958750 6706
29397.374951 144840 250 250 250 250 73 46 0 73 52 0 73 42 0 73 44 0 46238 948750 43608 7398 958750 6706
29397.574956 144841 250 250 250 250 73 46 0 73 52 0 73 42 0 73 44 0 45994 948750 42660 7124 958750 6706
29397.774951 144842 250 250 250 250 73 46 0 73 52 0 73 42 0 73 44 0 46238 948750 43608 7398 958750 6706
29397.974951 144843 250 250 250 250 73 46 0 73 52 0 73 42 0 73 44 0 46482 948750 43608 7398 958750 6706
29398.174974 144844 250 250 250 250 73 46 0 73 52 0 73 42 0 73 44 0 46482 948750 43608 7398 958750 6706
29398.374952 144845 250 250 250 250 73 46 0 73 52 0 73 42 0 73 44 0 46238 948750 43608 7124 958750 6706
29398.574957 144846 250 250 250 250 73 46 0 73 52 0 73 42 0 73 44 0 46238 948750 43608 7398 958750 6706
29398.774952 144847 250 250 250 250 73 46 0 73 52 0 73 42 0 73 44 0 46238 948750 43608 7398 958750 6706
29398.974952 144848 250 250 250 250 73 46 0 73 52 0 73 42 0 73 44 0 46238 948750 43608 7398 958750 6706
29399.174975 144849 250 250 250 250 73 46 0 73 52 0 73 42 0 73 44 0 46238 948750 43608 7398 958750 6706
29399.374939 144850 250 250 250 250 73 46 0 73 52 0 73 42 0 73 44 0 46238 948750 43608 7398 958750 6706
29399.574952 144851 250 250 250 250 73 46 0 73 52 0 73 42 0 73 44 0 46238 948750 43608 7398 958750 6706
29399.774955 144852 250 250 250 250 73 46 0 73 52 0 73 42 0 73 44 0 46238 948750 43608 7398 958750 6706
29399.974952 144853 250 250 250 250 73 46 0 73 52 0 73 42 0 73 44 0 45994 948750 42660 7124 958750 6706
29400.174975 144854 250 250 250 250 73 46 0 73 52 0 73 42 0 73 44 0 46238 948750 43608 7124 958750 6706
29400.374951 144855 250 250 250 250 73 46 0 73 52 0 73 42 0 73 44 0 46482 948750 43608 7398 958750 6706
29400.574953 144856 250 250 250 250 73 46 0 73 52 0 73 42 0 73 44 0 46482 948750 43608 7398 958750 6706
29400.774954 144857 250 250 250 250 73 46 0 73 52 0 73 42 0 73 44 0 46482 948750 43608 7124 958750 6706
29400.974952 144858 250 250 250 250 73 46 0 73 52 0 73 42 0 73 44 0 46238 948750 43608 7398 958750 6706
29401.174975 144859 250 250 250 250 73 46 0 73 52 0 73 42 0 73 44 0 45994 948750 42660 7124 958750 6706
29401.374951 144860 250 250 250 250 73 46 0 73 52 0 73 42 0 73 44 0 45994 948750 42660 7124 958750 6706
29401.574957 144861 250 250 250 250 73 46 0 73 52 0 73 42 0 73 44 0 46238 948750 43608 7124 958750 6706
29401.774940 144862 250 250 250 250 73 46 0 73 52 0 73 42 0 73 44 0 46482 948750 43608 7398 958750 6706
29401.974951 144863 250 250 250 250 73 46 0 73 52 0 73 42 0 73 44 0 46482 948750 43608 7124 958750 6706
29402.174949 144864 250 250 250 250 73 46 0 73 52 0 73 42 0 73 44 0 46238 948750 43608 7398 958750 6706
29402.374951 144865 250 250 250 250 73 46 0 73 52 0 73 42 0 73 44 0 46238 948750 43608 7398 958750 6706
29402.574953 144866 250 250 250 250 73 46 0 73 52 0 73 42 0 73 44 0 46238 948750 43608 7398 958750 6706
29402.774952 144867 250 250 250 250 73 46 0 73 52 0 73 42 0 73 44 0 45994 948750 42660 7124 958750 6706
29402.974951 144868 250 250 250 250 73 46 0 73 52 0 73 42 0 73 44 0 45994 948750 42660 7124 958750 6706
29403.174974 144869 250 250 250 250 73 46 0 73 52 0 73 42 0 73 44 0 45994 948750 42660 7124 958750 6706
29403.374951 144870 250 250 250 250 73 46 0 73 52 0 73 42 0 73 44 0 46238 948750 43608 7398 958750 6706
29403.574952 144871 250 250 250 250 73 46 0 73 52 0 73 42 0 73 44 0 46482 948750 43608 7124 958750 6706
29403.774952 144872 250 250 250 250 73 46 0 73 52 0 73 42 0 73 44 0 46238 948750 43608 7124 958750 6706
29403.974954 144873 250 250 250 250 73 46 0 73 52 0 73 42 0 73 44 0 46238 948750 43608 7124 958750 6706
29404.174943 144874 250 250 250 250 73 46 0 73 52 0 73 42 0 73 44 0 46238 948750 43608 7124 958750 6706
29404.374951 144875 250 250 250 250 73 46 0 73 52 0 73 42 0 73 44 0 46726 948750 43608 7124 958750 6706
