25527.639928 125492 400 400 400 400 73 46 0 73 52 0 73 42 0 73 44 0 12261 975000 11700 7124 958750 6706
25527.839929 125493 400 400 400 400 73 46 0 73 52 0 73 42 0 73 44 0 12261 975000 11700 7124 958750 6706
25528.039942 125494 400 400 400 400 73 46 0 73 52 0 73 42 0 73 44 0 12017 975000 11700 7124 958750 6706
25528.239924 125495 400 400 400 400 73 46 0 73 52 0 73 42 0 73 44 0 12261 975000 11700 7398 958750 6706
25528.439926 125496 400 400 400 400 73 46 0 73 52 0 73 42 0 73 44 0 12017 975000 11700 7398 958750 6706
25528.639926 125497 400 400 400 400 73 46 0 73 52 0 73 42 0 73 44 0 12017 975000 11700 7398 958750 6706
25528.839925 125498 400 400 400 400 73 46 0 73 52 0 73 42 0 73 44 0 11773 975000 10725 7398 958750 6706
25529.039937 125499 400 400 400 400 73 46 0 73 52 0 73 42 0 73 44 0 11773 975000 10725 7124 958750 6706
25529.239924 125500 400 400 400 400 73 46 0 73 52 0 73 42 0 73 44 0 11773 975000 10725 7398 958750 6706
25529.439926 125501 400 400 400 400 73 46 0 73 52 0 73 42 0 73 44 0 11773 975000 10725 7398 958750 6706
25529.639922 125502 400 400 400 400 73 46 0 73 52 0 73 42 0 73 44 0 11529 975000 10725 7398 958750 6706
25529.839916 125503 400 400 400 400 73 46 0 73 52 0 73 42 0 73 44 0 11773 975000 10725 7398 958750 6706
25530.040028 125504 400 400 400 400 73 46 0 73 52 0 73 42 0 73 44 0 16470 975000 15600 7124 958750 6706
25530.239930 125505 400 400 400 400 73 46 0 73 52 0 73 42 0 73 44 0 16470 975000 15600 7124 958750 6706
25530.439928 125506 400 400 400 400 73 46 0 73 52 0 73 42 0 73 44 0 28975 975000 27300 7398 958750 6706
25530.639925 125507 400 400 400 400 73 46 0 73 52 0 73 42 0 73 44 0 12017 975000 11700 7398 958750 6706
25530.839933 125508 400 400 400 400 73 46 0 73 52 0 73 42 0 73 44 0 31720 975000 30225 7398 958750 6706
25531.039963 125509 400 400 400 400 73 46 0 73 52 0 73 42 0 73 44 0 31720 975000 30225 7398 958750 6706
25531.239927 125510 400 400 400 400 73 46 0 73 52 0 73 42 0 73 44 0 83021 972500 80676 7124 958750 6706
25531.439984 125511 400 400 400 400 73 46 0 73 52 0 73 42 0 73 44 0 84729 972500 81648 7124 958750 6706
25531.639984 125512 400 400 400 400 73 46 0 73 52 0 73 42 0 73 44 0 84973 973750 81732 7124 958750 6706
25531.839982 125513 400 400 400 400 73 46 0 73 52 0 73 42 0 73 44 0 84973 973750 81732 7124 958750 6706
25532.039999 125514 400 400 400 400 73 46 0 73 52 0 73 42 0 73 44 0 82472 973750 79786 7398 958750 6706
25532.239881 125515 400 400 400 400 73 46 0 73 52 0 73 42 0 73 44 0 81008 972500 78732 7398 958750 6706
25532.439928 125516 400 400 400 400 73 46 0 73 52 0 73 42 0 73 44 0 78751 972500 75816 7398 958750 6706
25532.639926 125517 400 400 400 400 73 46 0 73 52 0 73 42 0 73 44 0 78751 972500 75816 7398 958750 6706
25532.839929 125518 400 400 400 400 73 46 0 73 52 0 73 42 0 73 44 0 73017 973750 71029 7398 958750 6706
25533.039944 125519 400 400 400 400 73 46 0 73 52 0 73 42 0 73 44 0 73017 973750 71029 7398 958750 6706
25533.239924 125520 400 400 400 400 73 46 0 73 52 0 73 42 0 73 44 0 72773 973750 70056 7124 958750 6706
25533.439854 125521 400 400 400 400 73 46 0 73 52 0 73 42 0 73 44 0 72773 973750 70056 7398 958750 6706
25533.639924 125522 400 400 400 400 73 46 0 73 52 0 73 42 0 73 44 0 72773 973750 70056 7398 958750 6706
25533.839924 125523 400 400 400 400 73 46 0 73 52 0 73 42 0 73 44 0 72773 972500 69984 7398 958750 6706
25534.039939 125524 400 400 400 400 73 46 0 73 52 0 73 42 0 73 44 0 72773 972500 69984 7398 958750 6706
25534.239923 125525 400 400 400 400 73 46 0 73 52 0 73 42 0 73 44 0 72468 973750 70056 7398 958750 6706
25534.439925 125526 400 400 400 400 73 46 0 73 52 0 73 42 0 73 44 0 72468 973750 70056 7398 958750 6706
25534.639916 125527 400 400 400 400 73 46 0 73 52 0 73 42 0 73 44 0 72773 973750 70056 7398 958750 6706
25534.839923 125528 400 400 400 400 73 46 0 73 52 0 73 42 0 73 44 0 72773 972500 69984 7398 958750 6706
25535.039966 125529 400 400 400 400 73 46 0 73 52 0 73 42 0 73 44 0 73017 972500 70956 7124 958750 6706
25535.239925 125530 400 400 400 400 73 46 0 73 52 0 73 42 0 73 44 0 73017 972500 70956 7124 958750 6706
25535.439941 125531 400 400 400 400 73 46 0 73 52 0 73 42 0 73 44 0 73017 973750 71029 7398 958750 6706
25535.639924 125532 400 400 400 400 73 46 0 73 52 0 73 42 0 73 44 0 73505 973750 71029 7398 958750 6706
25535.839925 125533 400 400 400 400 73 46 0 73 52 0 73 42 0 73 44 0 76250 973750 73948 7398 958750 6706
25536.039942 125534 400 400 400 400 73 46 0 73 52 0 73 42 0 73 44 0 76250 973750 73948 7398 958750 6706
25536.239924 125535 400 400 400 400 73 46 0 73 52 0 73 42 0 73 44 0 72773 973750 70056 7398 958750 6706
25536.439923 125536 400 400 400 400 73 46 0 73 52 0 73 42 0 73 44 0 73017 972500 70956 7398 958750 6706
25536.639923 125537 400 400 400 400 73 46 0 73 52 0 73 42 0 73 44 0 73017 972500 70956 7398 958750 6706
25536.839926 125538 400 400 400 400 73 46 0 73 52 0 73 42 0 73 44 0 73017 972500 70956 7398 958750 6706
25537.039931 125539 400 400 400 400 73 46 0 73 52 0 73 42 0 73 44 0 72773 972500 69984 7398 958750 6706
25537.239923 125540 400 400 400 400 73 46 0 73 52 0 73 42 0 73 44 0 73261 973750 71029 7398 958750 6706
25537.439923 125541 400 400 400 400 73 46 0 73 52 0 73 42 0 73 44 0 73017 972500 70956 7398 958750 6706
25537.639925 125542 400 400 400 400 73 46 0 73 52 0 73 42 0 73 44 0 73017 972500 70956 7398 958750 6706
25537.839924 125543 400 400 400 400 73 46 0 73 52 0 73 42 0 73 44 0 72773 972500 69984 7398 958750 6706
25538.039938 125544 400 400 400 400 73 46 0 73 52 0 73 42 0 73 44 0 72468 972500 69984 7398 958750 6706
25538.239923 125545 400 400 400 400 73 46 0 73 52 0 73 42 0 73 44 0 72468 972500 69984 7398 958750 6706
25538.439926 125546 400 400 400 400 73 46 0 73 52 0 73 42 0 73 44 0 72468 972500 69984 7398 958750 6706
25538.639923 125547 400 400 400 400 73 46 0 73 52 0 73 42 0 73 44 0 72468 973750 70056 7398 958750 6706
25538.839924 125548 400 400 400 400 73 46 0 73 52 0 73 42 0 73 44 0 73017 973750 71029 7398 958750 6706
25539.039939 125549 400 400 400 400 73 46 0 73 52 0 73 42 0 73 44 0 72773 973750 70056 7398 958750 6706
25539.239907 125550 400 400 400 400 73 46 0 73 52 0 73 42 0 73 44 0 72773 973750 70056 7398 958750 6706
25539.439916 125551 400 400 400 400 73 46 0 73 52 0 73 42 0 73 44 0 72773 972500 69984 7398 958750 6706
25539.639923 125552 400 400 400 400 73 46 0 73 52 0 73 42 0 73 44 0 72468 972500 69984 7398 958750 6706
25539.839924 125553 400 400 400 400 73 46 0 73 52 0 73 42 0 73 44 0 72773 972500 69984 7398 958750 6706
25540.039914 125554 400 400 400 400 73 46 0 73 52 0 73 42 0 73 44 0 72773 972500 69984 7398 958750 6706
25540.239922 125555 400 400 400 400 73 46 0 73 52 0 73 42 0 73 44 0 72773 972500 69984 7398 958750 6706
25540.439916 125556 400 400 400 400 73 46 0 73 52 0 73 42 0 73 44 0 72773 972500 69984 7398 958750 6706
25540.639923 125557 400 400 400 400 73 46 0 73 52 0 73 42 0 73 44 0 73017 973750 71029 7398 958750 6706
25540.839923 125558 400 400 400 400 73 46 0 73 52 0 73 42 0 73 44 0 73017 972500 70956 7398 958750 6706
25541.039939 125559 400 400 400 400 73 46 0 73 52 0 73 42 0 73 44 0 73017 972500 70956 7398 958750 6706
25541.239923 125560 400 400 400 400 73 46 0 73 52 0 73 42 0 73 44 0 73017 972500 70956 7124 958750 6706
25541.439926 125561 400 400 400 400 73 46 0 73 52 0 73 42 0 73 44 0 72773 973750 70056 7398 958750 6706
25541.639923 125562 400 400 400 400 73 46 0 73 52 0 73 42 0 73 44 0 72773 973750 70056 7398 958750 6706
25541.839924 125563 400 400 400 400 73 46 0 73 52 0 73 42 0 73 44 0 72773 973750 70056 7398 958750 6706
25542.039938 125564 400 400 400 400 73 46 0 73 52 0 73 42 0 73 44 0 73017 973750 71029 7398 958750 6706
25542.239922 125565 400 400 400 400 73 46 0 73 52 0 73 42 0 73 44 0 73017 972500 70956 7398 958750 6706
25542.439923 125566 400 400 400 400 73 46 0 73 52 0 73 42 0 73 44 0 73261 972500 70956 7398 958750 6706
25542.639924 125567 400 400 400 400 73 46 0 73 52 0 73 42 0 73 44 0 73261 972500 70956 7398 958750 6706
25542.839916 125568 400 400 400 400 73 46 0 73 52 0 73 42 0 73 44 0 72773 972500 69984 7398 958750 6706
25543.039938 125569 400 400 400 400 73 46 0 73 52 0 73 42 0 73 44 0 73017 972500 70956 7398 958750 6706
25543.239922 125570 400 400 400 400 73 46 0 73 52 0 73 42 0 73 44 0 72468 972500 69984 7398 958750 6706
25543.439924 125571 400 400 400 400 73 46 0 73 52 0 73 42 0 73 44 0 72468 972500 69984 7398 958750 6706
25543.639924 125572 400 400 400 400 73 46 0 73 52 0 73 42 0 73 44 0 72224 972500 69984 7398 958750 6706
25543.839923 125573 400 400 400 400 73 46 0 73 52 0 73 42 0 73 44 0 72468 972500 69984 7398 958750 6706
25544.039938 125574 400 400 400 400 73 46 0 73 52 0 73 42 0 73 44 0 72773 972500 69984 7398 958750 6706
25544.239924 125575 400 400 400 400 73 46 0 73 52 0 73 42 0 73 44 0 72773 972500 69984 7398 958750 6706
25544.439926 125576 400 400 400 400 73 46 0 73 52 0 73 42 0 73 44 0 73017 972500 70956 7398 958750 6706
25544.639923 125577 400 400 400 400 73 46 0 73 52 0 73 42 0 73 44 0 72468 972500 69984 7398 958750 6706
25544.839924 125578 400 400 400 400 73 46 0 73 52 0 73 42 0 73 44 0 72773 972500 69984 7398 958750 6706
25545.039939 125579 400 400 400 400 73 46 0 73 52 0 73 42 0 73 44 0 72773 972500 69984 7398 958750 6706
25545.239916 125580 400 400 400 400 73 46 0 73 52 0 73 42 0 73 44 0 72468 972500 69984 7398 958750 6706
25545.439923 125581 400 400 400 400 73 46 0 73 52 0 73 42 0 73 44 0 73017 973750 71029 7398 958750 6706
25545.639923 125582 400 400 400 400 73 46 0 73 52 0 73 42 0 73 44 0 72468 972500 69984 7398 958750 6706
25545.839906 125583 400 400 400 400 73 46 0 73 52 0 73 42 0 73 44 0 72468 972500 69984 7398 958750 6706
25546.039938 125584 400 400 400 400 73 46 0 73 52 0 73 42 0 73 44 0 72773 972500 69984 7398 958750 6706
25546.239923 125585 400 400 400 400 73 46 0 73 52 0 73 42 0 73 44 0 72773 972500 69984 7398 958750 6706
25546.439923 125586 400 400 400 400 73 46 0 73 52 0 73 42 0 73 44 0 73017 972500 70956 7398 958750 6706
25546.639923 125587 400 400 400 400 73 46 0 73 52 0 73 42 0 73 44 0 72773 973750 70056 7398 958750 6706
25546.839924 125588 400 400 400 400 73 46 0 73 52 0 73 42 0 73 44 0 72773 973750 70056 7398 958750 6706
25547.039939 125589 400 400 400 400 73 46 0 73 52 0 73 42 0 73 44 0 72773 972500 69984 7398 958750 6706
25547.239922 125590 400 400 400 400 73 46 0 73 52 0 73 42 0 73 44 0 72773 972500 69984 7398 958750 6706
25547.439915 125591 400 400 400 400 73 46 0 73 52 0 73 42 0 73 44 0 73017 972500 70956 7398 958750 6706
25547.639925 125592 400 400 400 400 73 46 0 73 52 0 73 42 0 73 44 0 73017 972500 70956 7398 958750 6706
25547.839923 125593 400 400 400 400 73 46 0 73 52 0 73 42 0 73 44 0 73017 973750 71029 7398 958750 6706
25548.039938 125594 400 400 400 400 73 46 0 73 52 0 73 42 0 73 44 0 72773 972500 69984 7398 958750 6706
25548.239923 125595 400 400 400 400 73 46 0 73 52 0 73 42 0 73 44 0 73017 972500 70956 7398 958750 6706
25548.439923 125596 400 400 400 400 73 46 0 73 52 0 73 42 0 73 44 0 73017 972500 70956 7398 958750 6706
25548.639924 125597 400 400 400 400 73 46 0 73 52 0 73 42 0 73 44 0 72468 972500 69984 7398 958750 6706
25548.839923 125598 400 400 400 400 73 46 0 73 52 0 73 42 0 73 44 0 72468 972500 69984 7398 958750 6706
25549.039939 125599 400 400 400 400 73 46 0 73 52 0 73 42 0 73 44 0 73017 972500 70956 7124 958750 6706
25549.239923 125600 400 400 400 400 73 46 0 73 52 0 73 42 0 73 44 0 73017 972500 70956 7124 958750 6706
25549.439924 125601 400 400 400 400 73 46 0 73 52 0 73 42 0 73 44 0 73017 972500 70956 7398 958750 6706
25549.639923 125602 400 400 400 400 73 46 0 73 52 0 73 42 0 73 44 0 73017 972500 70956 7398 958750 6706
25549.839915 125603 400 400 400 400 73 46 0 73 52 0 73 42 0 73 44 0 73017 972500 70956 7398 958750 6706
25550.039938 125604 400 400 400 400 73 46 0 73 52 0 73 42 0 73 44 0 73017 972500 70956 7398 958750 6706
25550.239923 125605 400 400 400 400 73 46 0 73 52 0 73 42 0 73 44 0 72773 972500 69984 7398 958750 6706
25550.439924 125606 400 400 400 400 73 46 0 73 52 0 73 42 0 73 44 0 72773 972500 69984 7398 958750 6706
25550.639924 125607 400 400 400 400 73 46 0 73 52 0 73 42 0 73 44 0 73017 972500 70956 7398 958750 6706
25550.839927 125608 400 400 400 400 73 46 0 73 52 0 73 42 0 73 44 0 73017 972500 70956 7398 958750 6706
25551.039938 125609 400 400 400 400 73 46 0 73 52 0 73 42 0 73 44 0 72773 972500 69984 7398 958750 6706
25551.239923 125610 400 400 400 400 73 46 0 73 52 0 73 42 0 73 44 0 73017 972500 70956 7398 958750 6706
25551.439922 125611 400 400 400 400 73 46 0 73 52 0 73 42 0 73 44 0 72773 972500 69984 7398 958750 6706
25551.639926 125612 400 400 400 400 73 46 0 73 52 0 73 42 0 73 44 0 72773 972500 69984 7398 958750 6706
25551.839924 125613 400 400 400 400 73 46 0 73 52 0 73 42 0 73 44 0 72468 972500 69984 7398 958750 6706
25552.039939 125614 400 400 400 400 73 46 0 73 52 0 73 42 0 73 44 0 72773 972500 69984 7398 958750 6706
25552.239915 125615 400 400 400 400 73 46 0 73 52 0 73 42 0 73 44 0 72468 972500 69984 7398 958750 6706
25552.439899 125616 400 400 400 400 73 46 0 73 52 0 73 42 0 73 44 0 72468 972500 69984 7398 958750 6706
25552.639923 125617 400 400 400 400 73 46 0 73 52 0 73 42 0 73 44 0 72468 972500 69984 7398 958750 6706
25552.839924 125618 400 400 400 400 73 46 0 73 52 0 73 42 0 73 44 0 72773 972500 69984 7398 958750 6706
25553.039938 125619 400 400 400 400 73 46 0 73 52 0 73 42 0 73 44 0 72773 972500 69984 7398 958750 6706
25553.239914 125620 400 400 400 400 73 46 0 73 52 0 73 42 0 73 44 0 73017 972500 70956 7398 958750 6706
25553.439926 125621 400 400 400 400 73 46 0 73 52 0 73 42 0 73 44 0 73017 972500 70956 7398 958750 6706
25553.639923 125622 400 400 400 400 73 46 0 73 52 0 73 42 0 73 44 0 73017 972500 70956 7398 958750 6706
25553.839924 125623 400 400 400 400 73 46 0 73 52 0 73 42 0 73 44 0 72773 972500 69984 7398 958750 6706
25554.039938 125624 400 400 400 400 73 46 0 73 52 0 73 42 0 73 44 0 72773 972500 69984 7398 958750 6706
25554.239925 125625 400 400 400 400 73 46 0 73 52 0 73 42 0 73 44 0 72773 972500 69984 7398 958750 6706
25554.439923 125626 400 400 400 400 73 46 0 73 52 0 73 42 0 73 44 0 72773 972500 69984 7398 958750 6706
25554.639922 125627 400 400 400 400 73 46 0 73 52 0 73 42 0 73 44 0 73017 972500 70956 7398 958750 6706
25554.839923 125628 400 400 400 400 73 46 0 73 52 0 73 42 0 73 44 0 73261 973750 71029 7124 958750 6706
25555.039938 125629 400 400 400 400 73 46 0 73 52 0 73 42 0 73 44 0 73261 973750 71029 7124 958750 6706
25555.239922 125630 400 400 400 400 73 46 0 73 52 0 73 42 0 73 44 0 73261 972500 70956 7398 958750 6706
25555.439922 125631 400 400 400 400 73 46 0 73 52 0 73 42 0 73 44 0 72773 972500 69984 7398 958750 6706
25555.639914 125632 400 400 400 400 73 46 0 73 52 0 73 42 0 73 44 0 72773 972500 69984 7398 958750 6706
25555.839923 125633 400 400 400 400 73 46 0 73 52 0 73 42 0 73 44 0 72773 972500 69984 7398 958750 6706
25556.039938 125634 400 400 400 400 73 46 0 73 52 0 73 42 0 73 44 0 72773 972500 69984 7398 958750 6706
25556.239923 125635 400 400 400 400 73 46 0 73 52 0 73 42 0 73 44 0 72773 972500 69984 7398 958750 6706
25556.439925 125636 400 400 400 400 73 46 0 73 52 0 73 42 0 73 44 0 72773 972500 69984 7398 958750 6706
25556.639925 125637 400 400 400 400 73 46 0 73 52 0 73 42 0 73 44 0 72773 972500 69984 7398 958750 6706
25556.839924 125638 400 400 400 400 73 46 0 73 52 0 73 42 0 73 44 0 72773 973750 70056 7398 958750 6706
25557.039939 125639 400 400 400 400 73 46 0 73 52 0 73 42 0 73 44 0 73017 972500 70956 7398 958750 6706
25557.239922 125640 400 400 400 400 73 46 0 73 52 0 73 42 0 73 44 0 72468 973750 70056 7398 958750 6706
25557.439925 125641 400 400 400 400 73 46 0 73 52 0 73 42 0 73 44 0 72468 973750 70056 7398 958750 6706
25557.639922 125642 400 400 400 400 73 46 0 73 52 0 73 42 0 73 44 0 72468 972500 69984 7398 958750 6706
25557.839923 125643 400 400 400 400 73 46 0 73 52 0 73 42 0 73 44 0 72468 972500 69984 7398 958750 6706
25558.039929 125644 400 400 400 400 73 46 0 73 52 0 73 42 0 73 44 0 72773 972500 69984 7398 958750 6706
25558.239904 125645 400 400 400 400 73 46 0 73 52 0 73 42 0 73 44 0 72773 972500 69984 7398 958750 6706
25558.439924 125646 400 400 400 400 73 46 0 73 52 0 73 42 0 73 44 0 73017 972500 70956 7398 958750 6706
25558.639922 125647 400 400 400 400 73 46 0 73 52 0 73 42 0 73 44 0 73017 972500 70956 7398 958750 6706
25558.839925 125648 400 400 400 400 73 46 0 73 52 0 73 42 0 73 44 0 72468 972500 69984 7398 958750 6706
25559.039915 125649 400 400 400 400 73 46 0 73 52 0 73 42 0 73 44 0 72773 972500 69984 7398 958750 6706
25559.239923 125650 400 400 400 400 73 46 0 73 52 0 73 42 0 73 44 0 72773 972500 69984 7398 958750 6706
25559.439926 125651 400 400 400 400 73 46 0 73 52 0 73 42 0 73 44 0 72773 972500 69984 7398 958750 6706
25559.639923 125652 400 400 400 400 73 46 0 73 52 0 73 42 0 73 44 0 72773 972500 69984 7398 958750 6706
25559.839923 125653 400 400 400 400 73 46 0 73 52 0 73 42 0 73 44 0 72468 972500 69984 7398 958750 6706
25560.039941 125654 400 400 400 400 73 46 0 73 52 0 73 42 0 73 44 0 72468 972500 69984 7398 958750 6706
25560.239923 125655 400 400 400 400 73 46 0 73 52 0 73 42 0 73 44 0 72773 972500 69984 7398 958750 6706
25560.439919 125656 400 400 400 400 73 46 0 73 52 0 73 42 0 73 44 0 73017 972500 70956 7124 958750 6706
25560.639923 125657 400 400 400 400 73 46 0 73 52 0 73 42 0 73 44 0 73261 972500 70956 7398 958750 6706
25560.839924 125658 400 400 400 400 73 46 0 73 52 0 73 42 0 73 44 0 73261 972500 70956 7398 958750 6706
25561.039971 125659 400 400 400 400 73 46 0 73 52 0 73 42 0 73 44 0 73017 973750 71029 7124 958750 6706
25561.239925 125660 400 400 400 400 73 46 0 73 52 0 73 42 0 73 44 0 72468 972500 69984 7398 958750 6706
25561.439924 125661 400 400 400 400 73 46 0 73 52 0 73 42 0 73 44 0 72468 972500 69984 7398 958750 6706
25561.639924 125662 400 400 400 400 73 46 0 73 52 0 73 42 0 73 44 0 72468 972500 69984 7398 958750 6706
25561.839925 125663 400 400 400 400 73 46 0 73 52 0 73 42 0 73 44 0 72224 972500 69984 7398 958750 6706
25562.039938 125664 400 400 400 400 73 46 0 73 52 0 73 42 0 73 44 0 72773 972500 69984 7398 958750 6706
25562.239923 125665 400 400 400 400 73 46 0 73 52 0 73 42 0 73 44 0 72468 973750 70056 7398 958750 6706
25562.439928 125666 400 400 400 400 73 46 0 73 52 0 73 42 0 73 44 0 72468 973750 70056 7398 958750 6706
25562.639923 125667 400 400 400 400 73 46 0 73 52 0 73 42 0 73 44 0 72468 973750 70056 7398 958750 6706
25562.839917 125668 400 400 400 400 73 46 0 73 52 0 73 42 0 73 44 0 73017 973750 71029 7398 958750 6706
25563.039939 125669 400 400 400 400 73 46 0 73 52 0 73 42 0 73 44 0 72468 973750 70056 7398 958750 6706
25563.239925 125670 400 400 400 400 73 46 0 73 52 0 73 42 0 73 44 0 72468 973750 70056 7398 958750 6706
25563.439924 125671 400 400 400 400 73 46 0 73 52 0 73 42 0 73 44 0 73261 973750 71029 7398 958750 6706
25563.639923 125672 400 400 400 400 73 46 0 73 52 0 73 42 0 73 44 0 72773 973750 70056 7398 958750 6706
25563.839924 125673 400 400 400 400 73 46 0 73 52 0 73 42 0 73 44 0 72773 972500 69984 7398 958750 6706
25564.039938 125674 400 400 400 400 73 46 0 73 52 0 73 42 0 73 44 0 72773 972500 69984 7398 958750 6706
25564.239923 125675 400 400 400 400 73 46 0 73 52 0 73 42 0 73 44 0 73017 973750 71029 7398 958750 6706
25564.439925 125676 400 400 400 400 73 46 0 73 52 0 73 42 0 73 44 0 72773 973750 70056 7398 958750 6706
25564.639924 125677 400 400 400 400 73 46 0 73 52 0 73 42 0 73 44 0 72773 973750 70056 7398 958750 6706
25564.839906 125678 400 400 400 400 73 46 0 73 52 0 73 42 0 73 44 0 72773 973750 70056 7398 958750 6706
25565.039939 125679 400 400 400 400 73 46 0 73 52 0 73 42 0 73 44 0 73017 973750 71029 7398 958750 6706
25565.239916 125680 400 400 400 400 73 46 0 73 52 0 73 42 0 73 44 0 73017 972500 70956 7398 958750 6706
25565.439923 125681 400 400 400 400 73 46 0 73 52 0 73 42 0 73 44 0 72773 973750 70056 7398 958750 6706
25565.639924 125682 400 400 400 400 73 46 0 73 52 0 73 42 0 73 44 0 72773 972500 69984 7398 958750 6706
25565.839925 125683 400 400 400 400 73 46 0 73 52 0 73 42 0 73 44 0 72773 972500 69984 7398 958750 6706
25566.039940 125684 400 400 400 400 73 46 0 73 52 0 73 42 0 73 44 0 72773 972500 69984 7398 958750 6706
25566.239916 125685 400 400 400 400 73 46 0 73 52 0 73 42 0 73 44 0 73261 972500 70956 7398 958750 6706
25566.439923 125686 400 400 400 400 73 46 0 73 52 0 73 42 0 73 44 0 73017 972500 70956 7398 958750 6706
25566.639923 125687 400 400 400 400 73 46 0 73 52 0 73 42 0 73 44 0 73017 972500 70956 7398 958750 6706
25566.839923 125688 400 400 400 400 73 46 0 73 52 0 73 42 0 73 44 0 72773 972500 69984 7398 958750 6706
25567.039938 125689 400 400 400 400 73 46 0 73 52 0 73 42 0 73 44 0 73017 973750 71029 7398 958750 6706
25567.239924 125690 400 400 400 400 73 46 0 73 52 0 73 42 0 73 44 0 73017 972500 70956 7398 958750 6706
25567.439925 125691 400 400 400 400 73 46 0 73 52 0 73 42 0 73 44 0 73017 972500 70956 7398 958750 6706
25567.639923 125692 400 400 400 400 73 46 0 73 52 0 73 42 0 73 44 0 73017 973750 71029 7398 958750 6706
25567.839923 125693 400 400 400 400 73 46 0 73 52 0 73 42 0 73 44 0 72773 972500 69984 7398 958750 6706
25568.039937 125694 400 400 400 400 73 46 0 73 52 0 73 42 0 73 44 0 72773 973750 70056 7398 958750 6706
25568.239923 125695 400 400 400 400 73 46 0 73 52 0 73 42 0 73 44 0 72773 973750 70056 7398 958750 6706
25568.439927 125696 400 400 400 400 73 46 0 73 52 0 73 42 0 73 44 0 72468 972500 69984 7398 958750 6706
25568.639915 125697 400 400 400 400 73 46 0 73 52 0 73 42 0 73 44 0 73017 972500 70956 7398 958750 6706
25568.839923 125698 400 400 400 400 73 46 0 73 52 0 73 42 0 73 44 0 72773 973750 70056 7398 958750 6706
25569.039938 125699 400 400 400 400 73 46 0 73 52 0 73 42 0 73 44 0 72773 973750 70056 7398 958750 6706
25569.239923 125700 400 400 400 400 73 46 0 73 52 0 73 42 0 73 44 0 73017 973750 71029 7398 958750 6706
25569.439923 125701 400 400 400 400 73 46 0 73 52 0 73 42 0 73 44 0 72773 973750 70056 7398 958750 6706
25569.639923 125702 400 400 400 400 73 46 0 73 52 0 73 42 0 73 44 0 72468 973750 70056 7398 958750 6706
25569.839924 125703 400 400 400 400 73 46 0 73 52 0 73 42 0 73 44 0 72468 973750 70056 7398 958750 6706
25570.039938 125704 400 400 400 400 73 46 0 73 52 0 73 42 0 73 44 0 72468 973750 70056 7398 958750 6706
25570.239923 125705 400 400 400 400 73 46 0 73 52 0 73 42 0 73 44 0 72773 972500 69984 7398 958750 6706
25570.439928 125706 400 400 400 400 73 46 0 73 52 0 73 42 0 73 44 0 72773 972500 69984 7124 958750 6706
25570.639926 125707 400 400 400 400 73 46 0 73 52 0 73 42 0 73 44 0 72773 972500 69984 7124 958750 6706
25570.839926 125708 400 400 400 400 73 46 0 73 52 0 73 42 0 73 44 0 74237 973750 72002 7398 958750 6706
25571.039959 125709 400 400 400 400 73 46 0 73 52 0 73 42 0 73 44 0 73017 973750 71029 7398 958750 6706
25571.239924 125710 400 400 400 400 73 46 0 73 52 0 73 42 0 73 44 0 72468 973750 70056 7398 958750 6706
25571.439904 125711 400 400 400 400 73 46 0 73 52 0 73 42 0 73 44 0 73993 972500 70956 7398 958750 6706
25571.639923 125712 400 400 400 400 73 46 0 73 52 0 73 42 0 73 44 0 73993 972500 70956 7398 958750 6706
25571.839924 125713 400 400 400 400 73 46 0 73 52 0 73 42 0 73 44 0 73017 973750 71029 7124 958750 6706
25572.039941 125714 400 400 400 400 73 46 0 73 52 0 73 42 0 73 44 0 72773 973750 70056 7398 958750 6706
25572.239924 125715 400 400 400 400 73 46 0 73 52 0 73 42 0 73 44 0 72773 973750 70056 7398 958750 6706
25572.439924 125716 400 400 400 400 73 46 0 73 52 0 73 42 0 73 44 0 72773 973750 70056 7398 958750 6706
25572.639924 125717 400 400 400 400 73 46 0 73 52 0 73 42 0 73 44 0 73017 973750 71029 7398 958750 6706
25572.839925 125718 400 400 400 400 73 46 0 73 52 0 73 42 0 73 44 0 73261 972500 70956 7398 958750 6706
25573.039939 125719 400 400 400 400 73 46 0 73 52 0 73 42 0 73 44 0 72773 972500 69984 7398 958750 6706
25573.239926 125720 400 400 400 400 73 46 0 73 52 0 73 42 0 73 44 0 72773 972500 69984 7398 958750 6706
25573.439916 125721 400 400 400 400 73 46 0 73 52 0 73 42 0 73 44 0 73017 972500 70956 7398 958750 6706
25573.639924 125722 400 400 400 400 73 46 0 73 52 0 73 42 0 73 44 0 72468 972500 69984 7398 958750 6706
25573.839925 125723 400 400 400 400 73 46 0 73 52 0 73 42 0 73 44 0 73017 972500 70956 7398 958750 6706
25574.039939 125724 400 400 400 400 73 46 0 73 52 0 73 42 0 73 44 0 73017 972500 70956 7398 958750 6706
25574.239923 125725 400 400 400 400 73 46 0 73 52 0 73 42 0 73 44 0 72224 972500 69984 7398 958750 6706
25574.439926 125726 400 400 400 400 73 46 0 73 52 0 73 42 0 73 44 0 72773 972500 69984 7398 958750 6706
25574.639923 125727 400 400 400 400 73 46 0 73 52 0 73 42 0 73 44 0 72773 972500 69984 7124 958750 6706
25574.839924 125728 400 400 400 400 73 46 0 73 52 0 73 42 0 73 44 0 72773 972500 69984 7124 958750 6706
25575.039939 125729 400 400 400 400 73 46 0 73 52 0 73 42 0 73 44 0 72773 972500 69984 7398 958750 6706
25575.239924 125730 400 400 400 400 73 46 0 73 52 0 73 42 0 73 44 0 72468 973750 70056 7398 958750 6706
25575.439926 125731 400 400 400 400 73 46 0 73 52 0 73 42 0 73 44 0 72773 972500 69984 7398 958750 6706
25575.639925 125732 400 400 400 400 73 46 0 73 52 0 73 42 0 73 44 0 72773 972500 69984 7398 958750 6706
25575.839919 125733 400 400 400 400 73 46 0 73 52 0 73 42 0 73 44 0 24522 975000 23400 7398 958750 6706
25576.039943 125734 400 400 400 400 73 46 0 73 52 0 73 42 0 73 44 0 12017 975000 11700 7398 958750 6706
25576.239925 125735 400 400 400 400 73 46 0 73 52 0 73 42 0 73 44 0 12505 975000 11700 7124 958750 6706
25576.439928 125736 400 400 400 400 73 46 0 73 52 0 73 42 0 73 44 0 12505 975000 11700 7124 958750 6706
25576.639924 125737 400 400 400 400 73 46 0 73 52 0 73 42 0 73 44 0 12261 975000 11700 7398 958750 6706
25576.839924 125738 400 400 400 400 73 46 0 73 52 0 73 42 0 73 44 0 12261 975000 11700 7398 958750 6706
25577.039942 125739 400 400 400 400 73 46 0 73 52 0 73 42 0 73 44 0 12505 975000 11700 7398 958750 6706
25577.239905 125740 400 400 400 400 73 46 0 73 52 0 73 42 0 73 44 0 12505 975000 11700 7398 958750 6706
