27847.124937 137089 300 300 300 300 73 46 0 73 52 0 73 42 0 73 44 0 10248 950000 9500 7398 958750 6706
27847.324969 137090 300 300 300 300 73 46 0 73 52 0 73 42 0 73 44 0 10248 950000 9500 7398 958750 6706
27847.524938 137091 300 300 300 300 73 46 0 73 52 0 73 42 0 73 44 0 35014 950000 33250 7398 958750 6706
27847.724940 137092 300 300 300 300 73 46 0 73 52 0 73 42 0 73 44 0 10248 950000 9500 7124 958750 6706
27847.924940 137093 300 300 300 300 73 46 0 73 52 0 73 42 0 73 44 0 10004 950000 9500 7124 958750 6706
27848.124951 137094 300 300 300 300 73 46 0 73 52 0 73 42 0 73 44 0 10004 950000 9500 7124 958750 6706
27848.324973 137095 300 300 300 300 73 46 0 73 52 0 73 42 0 73 44 0 40992 948750 37920 7124 958750 6706
27848.524971 137096 300 300 300 300 73 46 0 73 52 0 73 42 0 73 44 0 55754 948750 52140 7124 958750 6706
27848.724885 137097 300 300 300 300 73 46 0 73 52 0 73 42 0 73 44 0 64721 947500 60608 7124 958750 6706
27848.924867 137098 300 300 300 300 73 46 0 73 52 0 73 42 0 73 44 0 62769 947500 58714 7398 958750 6706
27849.124876 137099 300 300 300 300 73 46 0 73 52 0 73 42 0 73 44 0 62769 947500 58714 7398 958750 6706
27849.324899 137100 300 300 300 300 73 46 0 73 52 0 73 42 0 73 44 0 63257 947500 59661 7398 958750 6706
27849.524915 137101 300 300 300 300 73 46 0 73 52 0 73 42 0 73 44 0 63257 947500 59661 7124 958750 6706
27849.724925 137102 300 300 300 300 73 46 0 73 52 0 73 42 0 73 44 0 62525 948750 58776 7124 958750 6706
27849.924979 137103 300 300 300 300 73 46 0 73 52 0 73 42 0 73 44 0 62525 948750 58776 7124 958750 6706
27850.124985 137104 300 300 300 300 73 46 0 73 52 0 73 42 0 73 44 0 63257 947500 59661 7398 958750 6706
27850.324945 137105 300 300 300 300 73 46 0 73 52 0 73 42 0 73 44 0 59231 947500 55873 7398 958750 6706
27850.524940 137106 300 300 300 300 73 46 0 73 52 0 73 42 0 73 44 0 58255 948750 54984 7398 958750 6706
27850.724940 137107 300 300 300 300 73 46 0 73 52 0 73 42 0 73 44 0 58255 948750 54984 7398 958750 6706
27850.924930 137108 300 300 300 300 73 46 0 73 52 0 73 42 0 73 44 0 54717 948750 51192 7398 958750 6706
27851.124969 137109 300 300 300 300 73 46 0 73 52 0 73 42 0 73 44 0 54473 948750 51192 7398 958750 6706
27851.324941 137110 300 300 300 300 73 46 0 73 52 0 73 42 0 73 44 0 54473 947500 51138 7398 958750 6706
27851.524940 137111 300 300 300 300 73 46 0 73 52 0 73 42 0 73 44 0 54473 947500 51138 7398 958750 6706
27851.724939 137112 300 300 300 300 73 46 0 73 52 0 73 42 0 73 44 0 54473 948750 51192 7398 958750 6706
27851.924939 137113 300 300 300 300 73 46 0 73 52 0 73 42 0 73 44 0 54229 948750 51192 7398 958750 6706
27852.124961 137114 300 300 300 300 73 46 0 73 52 0 73 42 0 73 44 0 54229 947500 51138 7398 958750 6706
27852.324942 137115 300 300 300 300 73 46 0 73 52 0 73 42 0 73 44 0 54229 947500 51138 7398 958750 6706
27852.524939 137116 300 300 300 300 73 46 0 73 52 0 73 42 0 73 44 0 54229 948750 51192 7124 958750 6706
27852.724939 137117 300 300 300 300 73 46 0 73 52 0 73 42 0 73 44 0 54473 947500 51138 7398 958750 6706
27852.924938 137118 300 300 300 300 73 46 0 73 52 0 73 42 0 73 44 0 54473 947500 51138 7398 958750 6706
27853.124965 137119 300 300 300 300 73 46 0 73 52 0 73 42 0 73 44 0 54473 947500 51138 7398 958750 6706
27853.324932 137120 300 300 300 300 73 46 0 73 52 0 73 42 0 73 44 0 54473 948750 51192 7124 958750 6706
27853.524940 137121 300 300 300 300 73 46 0 73 52 0 73 42 0 73 44 0 55022 948750 52140 7124 958750 6706
27853.724939 137122 300 300 300 300 73 46 0 73 52 0 73 42 0 73 44 0 54717 947500 51138 7398 958750 6706
27853.924939 137123 300 300 300 300 73 46 0 73 52 0 73 42 0 73 44 0 54717 947500 51138 7398 958750 6706
27854.124959 137124 300 300 300 300 73 46 0 73 52 0 73 42 0 73 44 0 54473 948750 51192 7124 958750 6706
27854.324940 137125 300 300 300 300 73 46 0 73 52 0 73 42 0 73 44 0 53985 947500 50191 7398 958750 6706
27854.524939 137126 300 300 300 300 73 46 0 73 52 0 73 42 0 73 44 0 54473 948750 51192 7124 958750 6706
27854.724921 137127 300 300 300 300 73 46 0 73 52 0 73 42 0 73 44 0 54473 948750 51192 7124 958750 6706
27854.924938 137128 300 300 300 300 73 46 0 73 52 0 73 42 0 73 44 0 54473 948750 51192 7398 958750 6706
27855.124959 137129 300 300 300 300 73 46 0 73 52 0 73 42 0 73 44 0 54717 948750 51192 7398 958750 6706
27855.324938 137130 300 300 300 300 73 46 0 73 52 0 73 42 0 73 44 0 54717 948750 51192 7124 958750 6706
27855.524902 137131 300 300 300 300 73 46 0 73 52 0 73 42 0 73 44 0 54229 948750 51192 7124 958750 6706
27855.724941 137132 300 300 300 300 73 46 0 73 52 0 73 42 0 73 44 0 54229 948750 51192 7124 958750 6706
27855.924939 137133 300 300 300 300 73 46 0 73 52 0 73 42 0 73 44 0 54473 948750 51192 7124 958750 6706
27856.124962 137134 300 300 300 300 73 46 0 73 52 0 73 42 0 73 44 0 54229 948750 51192 7124 958750 6706
27856.324939 137135 300 300 300 300 73 46 0 73 52 0 73 42 0 73 44 0 54473 948750 51192 7398 958750 6706
27856.524939 137136 300 300 300 300 73 46 0 73 52 0 73 42 0 73 44 0 54473 948750 51192 7398 958750 6706
27856.724939 137137 300 300 300 300 73 46 0 73 52 0 73 42 0 73 44 0 54473 948750 51192 7398 958750 6706
27856.924939 137138 300 300 300 300 73 46 0 73 52 0 73 42 0 73 44 0 54473 948750 51192 7124 958750 6706
27857.124959 137139 300 300 300 300 73 46 0 73 52 0 73 42 0 73 44 0 54473 948750 51192 7398 958750 6706
27857.324940 137140 300 300 300 300 73 46 0 73 52 0 73 42 0 73 44 0 54473 948750 51192 7398 958750 6706
27857.524938 137141 300 300 300 300 73 46 0 73 52 0 73 42 0 73 44 0 54717 948750 51192 7398 958750 6706
27857.724939 137142 300 300 300 300 73 46 0 73 52 0 73 42 0 73 44 0 54473 948750 51192 7124 958750 6706
27857.924928 137143 300 300 300 300 73 46 0 73 52 0 73 42 0 73 44 0 53985 948750 50244 7124 958750 6706
27858.124959 137144 300 300 300 300 73 46 0 73 52 0 73 42 0 73 44 0 53985 948750 50244 7124 958750 6706
27858.324939 137145 300 300 300 300 73 46 0 73 52 0 73 42 0 73 44 0 54229 948750 51192 7124 958750 6706
27858.524939 137146 300 300 300 300 73 46 0 73 52 0 73 42 0 73 44 0 54229 947500 51138 7398 958750 6706
27858.724938 137147 300 300 300 300 73 46 0 73 52 0 73 42 0 73 44 0 54473 948750 51192 7124 958750 6706
27858.924941 137148 300 300 300 300 73 46 0 73 52 0 73 42 0 73 44 0 54473 948750 51192 7124 958750 6706
27859.124963 137149 300 300 300 300 73 46 0 73 52 0 73 42 0 73 44 0 54229 948750 51192 7398 958750 6706
27859.324939 137150 300 300 300 300 73 46 0 73 52 0 73 42 0 73 44 0 54717 948750 51192 7398 958750 6706
27859.524938 137151 300 300 300 300 73 46 0 73 52 0 73 42 0 73 44 0 54473 948750 51192 7398 958750 6706
27859.724938 137152 300 300 300 300 73 46 0 73 52 0 73 42 0 73 44 0 54473 948750 51192 7398 958750 6706
27859.924940 137153 300 300 300 300 73 46 0 73 52 0 73 42 0 73 44 0 54717 947500 51138 7398 958750 6706
27860.124989 137154 300 300 300 300 73 46 0 73 52 0 73 42 0 73 44 0 54717 948750 51192 7124 958750 6706
27860.325096 137155 300 300 300 300 73 46 0 73 52 0 73 42 0 73 44 0 54473 948750 51192 7124 958750 6706
27860.524940 137156 300 300 300 300 73 46 0 73 52 0 73 42 0 73 44 0 54473 948750 51192 7124 958750 6706
27860.724939 137157 300 300 300 300 73 46 0 73 52 0 73 42 0 73 44 0 54473 948750 51192 7398 958750 6706
27860.924939 137158 300 300 300 300 73 46 0 73 52 0 73 42 0 73 44 0 54229 947500 51138 7398 958750 6706
27861.124959 137159 300 300 300 300 73 46 0 73 52 0 73 42 0 73 44 0 54473 947500 51138 7398 958750 6706
27861.325487 137160 300 300 300 300 73 46 0 73 52 0 73 42 0 73 44 0 54229 947500 51138 7398 958750 6706
27861.524938 137161 300 300 300 300 73 46 0 73 52 0 73 42 0 73 44 0 54229 947500 51138 7398 958750 6706
27861.724939 137162 300 300 300 300 73 46 0 73 52 0 73 42 0 73 44 0 54473 948750 51192 7398 958750 6706
27861.924938 137163 300 300 300 300 73 46 0 73 52 0 73 42 0 73 44 0 54473 948750 51192 7398 958750 6706
27862.124964 137164 300 300 300 300 73 46 0 73 52 0 73 42 0 73 44 0 54717 948750 51192 7124 958750 6706
27862.324942 137165 300 300 300 300 73 46 0 73 52 0 73 42 0 73 44 0 54717 948750 51192 7124 958750 6706
27862.524939 137166 300 300 300 300 73 46 0 73 52 0 73 42 0 73 44 0 54717 947500 51138 7124 958750 6706
27862.724928 137167 300 300 300 300 73 46 0 73 52 0 73 42 0 73 44 0 54229 948750 51192 7124 958750 6706
27862.924938 137168 300 300 300 300 73 46 0 73 52 0 73 42 0 73 44 0 54229 948750 51192 7398 958750 6706
27863.124958 137169 300 300 300 300 73 46 0 73 52 0 73 42 0 73 44 0 54229 948750 51192 7398 958750 6706
27863.324939 137170 300 300 300 300 73 46 0 73 52 0 73 42 0 73 44 0 54229 947500 51138 7124 958750 6706
27863.524939 137171 300 300 300 300 73 46 0 73 52 0 73 42 0 73 44 0 54473 948750 51192 7124 958750 6706
27863.724939 137172 300 300 300 300 73 46 0 73 52 0 73 42 0 73 44 0 54717 948750 51192 7398 958750 6706
27863.924938 137173 300 300 300 300 73 46 0 73 52 0 73 42 0 73 44 0 54717 948750 51192 7398 958750 6706
27864.124959 137174 300 300 300 300 73 46 0 73 52 0 73 42 0 73 44 0 54229 948750 51192 7124 958750 6706
27864.324939 137175 300 300 300 300 73 46 0 73 52 0 73 42 0 73 44 0 54473 948750 51192 7124 958750 6706
27864.524939 137176 300 300 300 300 73 46 0 73 52 0 73 42 0 73 44 0 54717 948750 51192 7124 958750 6706
27864.724941 137177 300 300 300 300 73 46 0 73 52 0 73 42 0 73 44 0 54717 948750 51192 7124 958750 6706
27864.924939 137178 300 300 300 300 73 46 0 73 52 0 73 42 0 73 44 0 54473 948750 51192 7398 958750 6706
27865.124933 137179 300 300 300 300 73 46 0 73 52 0 73 42 0 73 44 0 54717 948750 51192 7398 958750 6706
27865.324941 137180 300 300 300 300 73 46 0 73 52 0 73 42 0 73 44 0 55022 947500 52085 7398 958750 6706
27865.524941 137181 300 300 300 300 73 46 0 73 52 0 73 42 0 73 44 0 55022 947500 52085 7398 958750 6706
27865.724940 137182 300 300 300 300 73 46 0 73 52 0 73 42 0 73 44 0 54717 947500 51138 7398 958750 6706
27865.924940 137183 300 300 300 300 73 46 0 73 52 0 73 42 0 73 44 0 54229 948750 51192 7124 958750 6706
27866.124929 137184 300 300 300 300 73 46 0 73 52 0 73 42 0 73 44 0 54717 948750 51192 7124 958750 6706
27866.324941 137185 300 300 300 300 73 46 0 73 52 0 73 42 0 73 44 0 54717 948750 51192 7124 958750 6706
27866.524939 137186 300 300 300 300 73 46 0 73 52 0 73 42 0 73 44 0 54717 948750 51192 7124 958750 6706
27866.724939 137187 300 300 300 300 73 46 0 73 52 0 73 42 0 73 44 0 54717 948750 51192 7124 958750 6706
27866.924938 137188 300 300 300 300 73 46 0 73 52 0 73 42 0 73 44 0 54717 948750 51192 7124 958750 6706
27867.124958 137189 300 300 300 300 73 46 0 73 52 0 73 42 0 73 44 0 54717 948750 51192 7124 958750 6706
27867.324939 137190 300 300 300 300 73 46 0 73 52 0 73 42 0 73 44 0 54473 948750 51192 7124 958750 6706
27867.524937 137191 300 300 300 300 73 46 0 73 52 0 73 42 0 73 44 0 54473 948750 51192 7124 958750 6706
27867.724938 137192 300 300 300 300 73 46 0 73 52 0 73 42 0 73 44 0 54229 948750 51192 7124 958750 6706
27867.924914 137193 300 300 300 300 73 46 0 73 52 0 73 42 0 73 44 0 54473 947500 51138 7124 958750 6706
27868.124964 137194 300 300 300 300 73 46 0 73 52 0 73 42 0 73 44 0 54473 947500 51138 7124 958750 6706
27868.324940 137195 300 300 300 300 73 46 0 73 52 0 73 42 0 73 44 0 54473 948750 51192 7398 958750 6706
27868.524928 137196 300 300 300 300 73 46 0 73 52 0 73 42 0 73 44 0 54229 948750 51192 7398 958750 6706
27868.724938 137197 300 300 300 300 73 46 0 73 52 0 73 42 0 73 44 0 54229 948750 51192 7124 958750 6706
27868.924941 137198 300 300 300 300 73 46 0 73 52 0 73 42 0 73 44 0 54229 948750 51192 7124 958750 6706
27869.124958 137199 300 300 300 300 73 46 0 73 52 0 73 42 0 73 44 0 54229 948750 51192 7398 958750 6706
27869.324939 137200 300 300 300 300 73 46 0 73 52 0 73 42 0 73 44 0 54229 948750 51192 7398 958750 6706
27869.524939 137201 300 300 300 300 73 46 0 73 52 0 73 42 0 73 44 0 53985 948750 50244 7124 958750 6706
27869.724938 137202 300 300 300 300 73 46 0 73 52 0 73 42 0 73 44 0 53985 948750 50244 7124 958750 6706
27869.924939 137203 300 300 300 300 73 46 0 73 52 0 73 42 0 73 44 0 54229 948750 51192 7124 958750 6706
27870.124958 137204 300 300 300 300 73 46 0 73 52 0 73 42 0 73 44 0 54473 948750 51192 7124 958750 6706
27870.324940 137205 300 300 300 300 73 46 0 73 52 0 73 42 0 73 44 0 54717 948750 51192 7398 958750 6706
27870.524941 137206 300 300 300 300 73 46 0 73 52 0 73 42 0 73 44 0 54717 948750 51192 7398 958750 6706
27870.724939 137207 300 300 300 300 73 46 0 73 52 0 73 42 0 73 44 0 55022 948750 52140 7398 958750 6706
27870.924929 137208 300 300 300 300 73 46 0 73 52 0 73 42 0 73 44 0 54717 948750 51192 7124 958750 6706
27871.124967 137209 300 300 300 300 73 46 0 73 52 0 73 42 0 73 44 0 54473 948750 51192 7124 958750 6706
27871.324941 137210 300 300 300 300 73 46 0 73 52 0 73 42 0 73 44 0 54473 948750 51192 7124 958750 6706
27871.524940 137211 300 300 300 300 73 46 0 73 52 0 73 42 0 73 44 0 54473 948750 51192 7398 958750 6706
27871.724938 137212 300 300 300 300 73 46 0 73 52 0 73 42 0 73 44 0 54473 948750 51192 7398 958750 6706
27871.924938 137213 300 300 300 300 73 46 0 73 52 0 73 42 0 73 44 0 54717 948750 51192 7398 958750 6706
27872.124959 137214 300 300 300 300 73 46 0 73 52 0 73 42 0 73 44 0 54717 948750 51192 7398 958750 6706
27872.324939 137215 300 300 300 300 73 46 0 73 52 0 73 42 0 73 44 0 54717 948750 51192 7398 958750 6706
27872.524939 137216 300 300 300 300 73 46 0 73 52 0 73 42 0 73 44 0 55022 948750 52140 7124 958750 6706
27872.724939 137217 300 300 300 300 73 46 0 73 52 0 73 42 0 73 44 0 54473 948750 51192 7124 958750 6706
27872.924939 137218 300 300 300 300 73 46 0 73 52 0 73 42 0 73 44 0 54473 948750 51192 7124 958750 6706
27873.124960 137219 300 300 300 300 73 46 0 73 52 0 73 42 0 73 44 0 54229 948750 51192 7124 958750 6706
27873.324929 137220 300 300 300 300 73 46 0 73 52 0 73 42 0 73 44 0 54229 948750 51192 7124 958750 6706
27873.524939 137221 300 300 300 300 73 46 0 73 52 0 73 42 0 73 44 0 54473 947500 51138 7398 958750 6706
27873.724920 137222 300 300 300 300 73 46 0 73 52 0 73 42 0 73 44 0 54473 947500 51138 7398 958750 6706
27873.924938 137223 300 300 300 300 73 46 0 73 52 0 73 42 0 73 44 0 53985 948750 50244 7124 958750 6706
27874.124963 137224 300 300 300 300 73 46 0 73 52 0 73 42 0 73 44 0 54473 948750 51192 7398 958750 6706
27874.324940 137225 300 300 300 300 73 46 0 73 52 0 73 42 0 73 44 0 54717 948750 51192 7398 958750 6706
27874.524938 137226 300 300 300 300 73 46 0 73 52 0 73 42 0 73 44 0 54473 948750 51192 7124 958750 6706
27874.724938 137227 300 300 300 300 73 46 0 73 52 0 73 42 0 73 44 0 54473 948750 51192 7124 958750 6706
27874.924938 137228 300 300 300 300 73 46 0 73 52 0 73 42 0 73 44 0 54473 948750 51192 7124 958750 6706
27875.124959 137229 300 300 300 300 73 46 0 73 52 0 73 42 0 73 44 0 54473 948750 51192 7398 958750 6706
27875.324939 137230 300 300 300 300 73 46 0 73 52 0 73 42 0 73 44 0 54473 948750 51192 7124 958750 6706
27875.524938 137231 300 300 300 300 73 46 0 73 52 0 73 42 0 73 44 0 54473 948750 51192 7124 958750 6706
27875.724928 137232 300 300 300 300 73 46 0 73 52 0 73 42 0 73 44 0 54717 948750 51192 7124 958750 6706
27875.924938 137233 300 300 300 300 73 46 0 73 52 0 73 42 0 73 44 0 54717 948750 51192 7398 958750 6706
27876.124959 137234 300 300 300 300 73 46 0 73 52 0 73 42 0 73 44 0 54717 948750 51192 7398 958750 6706
27876.324940 137235 300 300 300 300 73 46 0 73 52 0 73 42 0 73 44 0 54717 948750 51192 7398 958750 6706
27876.524939 137236 300 300 300 300 73 46 0 73 52 0 73 42 0 73 44 0 55266 948750 52140 7398 958750 6706
27876.724939 137237 300 300 300 300 73 46 0 73 52 0 73 42 0 73 44 0 54473 948750 51192 7398 958750 6706
27876.924939 137238 300 300 300 300 73 46 0 73 52 0 73 42 0 73 44 0 54473 948750 51192 7124 958750 6706
27877.124962 137239 300 300 300 300 73 46 0 73 52 0 73 42 0 73 44 0 54473 948750 51192 7124 958750 6706
27877.324940 137240 300 300 300 300 73 46 0 73 52 0 73 42 0 73 44 0 54717 948750 51192 7398 958750 6706
27877.524939 137241 300 300 300 300 73 46 0 73 52 0 73 42 0 73 44 0 55022 948750 52140 7398 958750 6706
27877.724939 137242 300 300 300 300 73 46 0 73 52 0 73 42 0 73 44 0 54473 948750 51192 7398 958750 6706
27877.924939 137243 300 300 300 300 73 46 0 73 52 0 73 42 0 73 44 0 54473 948750 51192 7398 958750 6706
27878.124949 137244 300 300 300 300 73 46 0 73 52 0 73 42 0 73 44 0 54473 948750 51192 7124 958750 6706
27878.324939 137245 300 300 300 300 73 46 0 73 52 0 73 42 0 73 44 0 54473 948750 51192 7124 958750 6706
27878.524939 137246 300 300 300 300 73 46 0 73 52 0 73 42 0 73 44 0 54473 948750 51192 7124 958750 6706
27878.724941 137247 300 300 300 300 73 46 0 73 52 0 73 42 0 73 44 0 54473 948750 51192 7124 958750 6706
27878.924939 137248 300 300 300 300 73 46 0 73 52 0 73 42 0 73 44 0 54229 948750 51192 7124 958750 6706
27879.124938 137249 300 300 300 300 73 46 0 73 52 0 73 42 0 73 44 0 54229 948750 51192 7124 958750 6706
27879.324939 137250 300 300 300 300 73 46 0 73 52 0 73 42 0 73 44 0 53985 948750 50244 7124 958750 6706
27879.524938 137251 300 300 300 300 73 46 0 73 52 0 73 42 0 73 44 0 53985 948750 50244 7124 958750 6706
27879.724938 137252 300 300 300 300 73 46 0 73 52 0 73 42 0 73 44 0 55022 948750 52140 7124 958750 6706
27879.924938 137253 300 300 300 300 73 46 0 73 52 0 73 42 0 73 44 0 54229 948750 51192 7124 958750 6706
27880.124964 137254 300 300 300 300 73 46 0 73 52 0 73 42 0 73 44 0 54473 948750 51192 7398 958750 6706
27880.325140 137255 300 300 300 300 73 46 0 73 52 0 73 42 0 73 44 0 54229 947500 51138 7124 958750 6706
27880.524942 137256 300 300 300 300 73 46 0 73 52 0 73 42 0 73 44 0 54229 947500 51138 7124 958750 6706
27880.724939 137257 300 300 300 300 73 46 0 73 52 0 73 42 0 73 44 0 54717 948750 51192 7124 958750 6706
27880.924938 137258 300 300 300 300 73 46 0 73 52 0 73 42 0 73 44 0 56974 948750 53088 7124 958750 6706
27881.124961 137259 300 300 300 300 73 46 0 73 52 0 73 42 0 73 44 0 54473 947500 51138 7124 958750 6706
27881.324941 137260 300 300 300 300 73 46 0 73 52 0 73 42 0 73 44 0 54473 947500 51138 7124 958750 6706
27881.524939 137261 300 300 300 300 73 46 0 73 52 0 73 42 0 73 44 0 54717 948750 51192 7124 958750 6706
27881.724941 137262 300 300 300 300 73 46 0 73 52 0 73 42 0 73 44 0 54473 948750 51192 7398 958750 6706
27881.924938 137263 300 300 300 300 73 46 0 73 52 0 73 42 0 73 44 0 54473 948750 51192 7124 958750 6706
27882.124958 137264 300 300 300 300 73 46 0 73 52 0 73 42 0 73 44 0 54473 948750 51192 7124 958750 6706
27882.324939 137265 300 300 300 300 73 46 0 73 52 0 73 42 0 73 44 0 54473 948750 51192 7124 958750 6706
27882.524939 137266 300 300 300 300 73 46 0 73 52 0 73 42 0 73 44 0 54229 948750 51192 7124 958750 6706
27882.724928 137267 300 300 300 300 73 46 0 73 52 0 73 42 0 73 44 0 54229 948750 51192 7398 958750 6706
27882.924940 137268 300 300 300 300 73 46 0 73 52 0 73 42 0 73 44 0 54229 948750 51192 7398 958750 6706
27883.124965 137269 300 300 300 300 73 46 0 73 52 0 73 42 0 73 44 0 54473 948750 51192 7124 958750 6706
27883.324939 137270 300 300 300 300 73 46 0 73 52 0 73 42 0 73 44 0 54473 948750 51192 7398 958750 6706
27883.524939 137271 300 300 300 300 73 46 0 73 52 0 73 42 0 73 44 0 55022 948750 52140 7124 958750 6706
27883.724939 137272 300 300 300 300 73 46 0 73 52 0 73 42 0 73 44 0 55022 948750 52140 7124 958750 6706
27883.924938 137273 300 300 300 300 73 46 0 73 52 0 73 42 0 73 44 0 54473 948750 51192 7398 958750 6706
27884.124960 137274 300 300 300 300 73 46 0 73 52 0 73 42 0 73 44 0 54229 948750 51192 7398 958750 6706
27884.324938 137275 300 300 300 300 73 46 0 73 52 0 73 42 0 73 44 0 54229 948750 51192 7124 958750 6706
27884.524938 137276 300 300 300 300 73 46 0 73 52 0 73 42 0 73 44 0 54229 948750 51192 7124 958750 6706
27884.724937 137277 300 300 300 300 73 46 0 73 52 0 73 42 0 73 44 0 54229 948750 51192 7398 958750 6706
27884.924939 137278 300 300 300 300 73 46 0 73 52 0 73 42 0 73 44 0 54717 948750 51192 7124 958750 6706
27885.124927 137279 300 300 300 300 73 46 0 73 52 0 73 42 0 73 44 0 54473 948750 51192 7398 958750 6706
27885.324940 137280 300 300 300 300 73 46 0 73 52 0 73 42 0 73 44 0 54473 948750 51192 7398 958750 6706
27885.524937 137281 300 300 300 300 73 46 0 73 52 0 73 42 0 73 44 0 54229 947500 51138 7398 958750 6706
27885.724939 137282 300 300 300 300 73 46 0 73 52 0 73 42 0 73 44 0 55022 948750 52140 7398 958750 6706
27885.924938 137283 300 300 300 300 73 46 0 73 52 0 73 42 0 73 44 0 54473 948750 51192 7124 958750 6706
27886.124964 137284 300 300 300 300 73 46 0 73 52 0 73 42 0 73 44 0 54473 948750 51192 7124 958750 6706
27886.324940 137285 300 300 300 300 73 46 0 73 52 0 73 42 0 73 44 0 54473 948750 51192 7398 958750 6706
27886.524938 137286 300 300 300 300 73 46 0 73 52 0 73 42 0 73 44 0 54473 948750 51192 7398 958750 6706
27886.724939 137287 300 300 300 300 73 46 0 73 52 0 73 42 0 73 44 0 54229 948750 51192 7398 958750 6706
27886.924914 137288 300 300 300 300 73 46 0 73 52 0 73 42 0 73 44 0 54229 948750 51192 7124 958750 6706
27887.124958 137289 300 300 300 300 73 46 0 73 52 0 73 42 0 73 44 0 54229 948750 51192 7124 958750 6706
27887.324938 137290 300 300 300 300 73 46 0 73 52 0 73 42 0 73 44 0 54473 947500 51138 7124 958750 6706
27887.524928 137291 300 300 300 300 73 46 0 73 52 0 73 42 0 73 44 0 54473 948750 51192 7398 958750 6706
27887.724939 137292 300 300 300 300 73 46 0 73 52 0 73 42 0 73 44 0 54229 948750 51192 7398 958750 6706
27887.924938 137293 300 300 300 300 73 46 0 73 52 0 73 42 0 73 44 0 54229 948750 51192 7398 958750 6706
27888.124958 137294 300 300 300 300 73 46 0 73 52 0 73 42 0 73 44 0 54229 948750 51192 7124 958750 6706
27888.324941 137295 300 300 300 300 73 46 0 73 52 0 73 42 0 73 44 0 54229 948750 51192 7124 958750 6706
27888.524938 137296 300 300 300 300 73 46 0 73 52 0 73 42 0 73 44 0 54717 948750 51192 7398 958750 6706
27888.724937 137297 300 300 300 300 73 46 0 73 52 0 73 42 0 73 44 0 54717 948750 51192 7398 958750 6706
27888.924938 137298 300 300 300 300 73 46 0 73 52 0 73 42 0 73 44 0 54717 948750 51192 7124 958750 6706
27889.124964 137299 300 300 300 300 73 46 0 73 52 0 73 42 0 73 44 0 54717 948750 51192 7398 958750 6706
27889.324940 137300 300 300 300 300 73 46 0 73 52 0 73 42 0 73 44 0 54717 948750 51192 7398 958750 6706
27889.524941 137301 300 300 300 300 73 46 0 73 52 0 73 42 0 73 44 0 54717 948750 51192 7398 958750 6706
27889.724938 137302 300 300 300 300 73 46 0 73 52 0 73 42 0 73 44 0 55022 948750 52140 7398 958750 6706
27889.924928 137303 300 300 300 300 73 46 0 73 52 0 73 42 0 73 44 0 53985 947500 50191 7124 958750 6706
27890.124957 137304 300 300 300 300 73 46 0 73 52 0 73 42 0 73 44 0 54473 948750 51192 7398 958750 6706
27890.324938 137305 300 300 300 300 73 46 0 73 52 0 73 42 0 73 44 0 54473 948750 51192 7398 958750 6706
27890.524939 137306 300 300 300 300 73 46 0 73 52 0 73 42 0 73 44 0 54229 948750 51192 7124 958750 6706
27890.724938 137307 300 300 300 300 73 46 0 73 52 0 73 42 0 73 44 0 54473 948750 51192 7398 958750 6706
27890.924938 137308 300 300 300 300 73 46 0 73 52 0 73 42 0 73 44 0 54473 948750 51192 7398 958750 6706
27891.124958 137309 300 300 300 300 73 46 0 73 52 0 73 42 0 73 44 0 54473 948750 51192 7398 958750 6706
27891.324938 137310 300 300 300 300 73 46 0 73 52 0 73 42 0 73 44 0 54473 948750 51192 7124 958750 6706
27891.524938 137311 300 300 300 300 73 46 0 73 52 0 73 42 0 73 44 0 54229 948750 51192 7398 958750 6706
27891.724939 137312 300 300 300 300 73 46 0 73 52 0 73 42 0 73 44 0 54717 948750 51192 7398 958750 6706
27891.924937 137313 300 300 300 300 73 46 0 73 52 0 73 42 0 73 44 0 54717 948750 51192 7398 958750 6706
27892.124963 137314 300 300 300 300 73 46 0 73 52 0 73 42 0 73 44 0 54229 948750 51192 7398 958750 6706
27892.324929 137315 300 300 300 300 73 46 0 73 52 0 73 42 0 73 44 0 54717 947500 51138 7124 958750 6706
27892.524938 137316 300 300 300 300 73 46 0 73 52 0 73 42 0 73 44 0 54717 948750 51192 7398 958750 6706
27892.724922 137317 300 300 300 300 73 46 0 73 52 0 73 42 0 73 44 0 54717 948750 51192 7398 958750 6706
27892.924938 137318 300 300 300 300 73 46 0 73 52 0 73 42 0 73 44 0 54473 948750 51192 7398 958750 6706
27893.124959 137319 300 300 300 300 73 46 0 73 52 0 73 42 0 73 44 0 54473 948750 51192 7124 958750 6706
27893.324939 137320 300 300 300 300 73 46 0 73 52 0 73 42 0 73 44 0 54229 948750 51192 7398 958750 6706
27893.524938 137321 300 300 300 300 73 46 0 73 52 0 73 42 0 73 44 0 53985 948750 50244 7124 958750 6706
27893.724939 137322 300 300 300 300 73 46 0 73 52 0 73 42 0 73 44 0 53985 948750 50244 7124 958750 6706
27893.924939 137323 300 300 300 300 73 46 0 73 52 0 73 42 0 73 44 0 54473 948750 51192 7124 958750 6706
27894.124958 137324 300 300 300 300 73 46 0 73 52 0 73 42 0 73 44 0 54473 948750 51192 7398 958750 6706
27894.324939 137325 300 300 300 300 73 46 0 73 52 0 73 42 0 73 44 0 54229 948750 51192 7398 958750 6706
27894.524937 137326 300 300 300 300 73 46 0 73 52 0 73 42 0 73 44 0 54229 948750 51192 7398 958750 6706
27894.724929 137327 300 300 300 300 73 46 0 73 52 0 73 42 0 73 44 0 54229 948750 51192 7124 958750 6706
27894.924938 137328 300 300 300 300 73 46 0 73 52 0 73 42 0 73 44 0 53985 948750 50244 7124 958750 6706
27895.124963 137329 300 300 300 300 73 46 0 73 52 0 73 42 0 73 44 0 54473 947500 51138 7398 958750 6706
27895.324939 137330 300 300 300 300 73 46 0 73 52 0 73 42 0 73 44 0 54473 947500 51138 7398 958750 6706
27895.524937 137331 300 300 300 300 73 46 0 73 52 0 73 42 0 73 44 0 54717 947500 51138 7124 958750 6706
27895.724928 137332 300 300 300 300 73 46 0 73 52 0 73 42 0 73 44 0 54717 948750 51192 7124 958750 6706
27895.924938 137333 300 300 300 300 73 46 0 73 52 0 73 42 0 73 44 0 54229 948750 51192 7398 958750 6706
27896.124960 137334 300 300 300 300 73 46 0 73 52 0 73 42 0 73 44 0 54229 948750 51192 7398 958750 6706
27896.324938 137335 300 300 300 300 73 46 0 73 52 0 73 42 0 73 44 0 54473 948750 51192 7398 958750 6706
27896.524938 137336 300 300 300 300 73 46 0 73 52 0 73 42 0 73 44 0 54473 947500 51138 7398 958750 6706
27896.724938 137337 300 300 300 300 73 46 0 73 52 0 73 42 0 73 44 0 54229 948750 51192 7124 958750 6706
27896.924938 137338 300 300 300 300 73 46 0 73 52 0 73 42 0 73 44 0 54229 948750 51192 7124 958750 6706
27897.124947 137339 300 300 300 300 73 46 0 73 52 0 73 42 0 73 44 0 54473 948750 51192 7124 958750 6706
27897.324938 137340 300 300 300 300 73 46 0 73 52 0 73 42 0 73 44 0 54473 948750 51192 7124 958750 6706
27897.524938 137341 300 300 300 300 73 46 0 73 52 0 73 42 0 73 44 0 54717 948750 51192 7124 958750 6706
27897.724938 137342 300 300 300 300 73 46 0 73 52 0 73 42 0 73 44 0 54717 948750 51192 7124 958750 6706
27897.924939 137343 300 300 300 300 73 46 0 73 52 0 73 42 0 73 44 0 54717 948750 51192 7398 958750 6706
27898.124932 137344 300 300 300 300 73 46 0 73 52 0 73 42 0 73 44 0 53985 948750 50244 7124 958750 6706
27898.324939 137345 300 300 300 300 73 46 0 73 52 0 73 42 0 73 44 0 55022 948750 52140 7124 958750 6706
27898.524938 137346 300 300 300 300 73 46 0 73 52 0 73 42 0 73 44 0 55022 948750 52140 7124 958750 6706
27898.724938 137347 300 300 300 300 73 46 0 73 52 0 73 42 0 73 44 0 53985 948750 50244 7124 958750 6706
27898.924938 137348 300 300 300 300 73 46 0 73 52 0 73 42 0 73 44 0 54717 948750 51192 7124 958750 6706
27899.124957 137349 300 300 300 300 73 46 0 73 52 0 73 42 0 73 44 0 54473 948750 51192 7398 958750 6706
27899.324862 137350 300 300 300 300 73 46 0 73 52 0 73 42 0 73 44 0 55022 948750 52140 7124 958750 6706
27899.524939 137351 300 300 300 300 73 46 0 73 52 0 73 42 0 73 44 0 55022 948750 52140 7124 958750 6706
27899.724938 137352 300 300 300 300 73 46 0 73 52 0 73 42 0 73 44 0 54473 948750 51192 7124 958750 6706
27899.924938 137353 300 300 300 300 73 46 0 73 52 0 73 42 0 73 44 0 55022 948750 52140 7398 958750 6706
27900.124957 137354 300 300 300 300 73 46 0 73 52 0 73 42 0 73 44 0 54229 948750 51192 7124 958750 6706
27900.324941 137355 300 300 300 300 73 46 0 73 52 0 73 42 0 73 44 0 54229 948750 51192 7124 958750 6706
27900.524929 137356 300 300 300 300 73 46 0 73 52 0 73 42 0 73 44 0 54473 948750 51192 7124 958750 6706
27900.724939 137357 300 300 300 300 73 46 0 73 52 0 73 42 0 73 44 0 54473 948750 51192 7398 958750 6706
27900.924938 137358 300 300 300 300 73 46 0 73 52 0 73 42 0 73 44 0 54473 948750 51192 7398 958750 6706
27901.124962 137359 300 300 300 300 73 46 0 73 52 0 73 42 0 73 44 0 54473 948750 51192 7398 958750 6706
27901.324939 137360 300 300 300 300 73 46 0 73 52 0 73 42 0 73 44 0 54229 948750 51192 7124 958750 6706
27901.524939 137361 300 300 300 300 73 46 0 73 52 0 73 42 0 73 44 0 54717 948750 51192 7398 958750 6706
27901.724938 137362 300 300 300 300 73 46 0 73 52 0 73 42 0 73 44 0 54473 948750 51192 7398 958750 6706
27901.924938 137363 300 300 300 300 73 46 0 73 52 0 73 42 0 73 44 0 54473 948750 51192 7398 958750 6706
27902.124958 137364 300 300 300 300 73 46 0 73 52 0 73 42 0 73 44 0 54473 947500 51138 7124 958750 6706
27902.324938 137365 300 300 300 300 73 46 0 73 52 0 73 42 0 73 44 0 54717 948750 51192 7398 958750 6706
27902.524939 137366 300 300 300 300 73 46 0 73 52 0 73 42 0 73 44 0 54229 948750 51192 7398 958750 6706
27902.724938 137367 300 300 300 300 73 46 0 73 52 0 73 42 0 73 44 0 54229 948750 51192 7398 958750 6706
27902.924929 137368 300 300 300 300 73 46 0 73 52 0 73 42 0 73 44 0 54473 947500 51138 7124 958750 6706
27903.124958 137369 300 300 300 300 73 46 0 73 52 0 73 42 0 73 44 0 54717 948750 51192 7124 958750 6706
27903.324939 137370 300 300 300 300 73 46 0 73 52 0 73 42 0 73 44 0 54229 948750 51192 7124 958750 6706
27903.524940 137371 300 300 300 300 73 46 0 73 52 0 73 42 0 73 44 0 54229 948750 51192 7124 958750 6706
27903.724938 137372 300 300 300 300 73 46 0 73 52 0 73 42 0 73 44 0 54473 948750 51192 7398 958750 6706
27903.924938 137373 300 300 300 300 73 46 0 73 52 0 73 42 0 73 44 0 54473 948750 51192 7398 958750 6706
27904.124963 137374 300 300 300 300 73 46 0 73 52 0 73 42 0 73 44 0 54229 948750 51192 7124 958750 6706
27904.324939 137375 300 300 300 300 73 46 0 73 52 0 73 42 0 73 44 0 54229 948750 51192 7124 958750 6706
27904.524939 137376 300 300 300 300 73 46 0 73 52 0 73 42 0 73 44 0 54717 948750 51192 7124 958750 6706
27904.724939 137377 300 300 300 300 73 46 0 73 52 0 73 42 0 73 44 0 54229 948750 51192 7124 958750 6706
27904.924938 137378 300 300 300 300 73 46 0 73 52 0 73 42 0 73 44 0 54473 948750 51192 7398 958750 6706
27905.124940 137379 300 300 300 300 73 46 0 73 52 0 73 42 0 73 44 0 54473 948750 51192 7398 958750 6706
27905.324930 137380 300 300 300 300 73 46 0 73 52 0 73 42 0 73 44 0 54229 948750 51192 7398 958750 6706
27905.524940 137381 300 300 300 300 73 46 0 73 52 0 73 42 0 73 44 0 54473 948750 51192 7124 958750 6706
27905.724939 137382 300 300 300 300 73 46 0 73 52 0 73 42 0 73 44 0 54717 948750 51192 7398 958750 6706
27905.924914 137383 300 300 300 300 73 46 0 73 52 0 73 42 0 73 44 0 54229 948750 51192 7124 958750 6706
27906.124960 137384 300 300 300 300 73 46 0 73 52 0 73 42 0 73 44 0 54229 948750 51192 7124 958750 6706
27906.324940 137385 300 300 300 300 73 46 0 73 52 0 73 42 0 73 44 0 54473 948750 51192 7398 958750 6706
27906.524939 137386 300 300 300 300 73 46 0 73 52 0 73 42 0 73 44 0 54717 948750 51192 7124 958750 6706
27906.724938 137387 300 300 300 300 73 46 0 73 52 0 73 42 0 73 44 0 54473 948750 51192 7398 958750 6706
27906.924939 137388 300 300 300 300 73 46 0 73 52 0 73 42 0 73 44 0 54473 948750 51192 7398 958750 6706
27907.124965 137389 300 300 300 300 73 46 0 73 52 0 73 42 0 73 44 0 54473 948750 51192 7124 958750 6706
27907.324940 137390 300 300 300 300 73 46 0 73 52 0 73 42 0 73 44 0 54473 948750 51192 7124 958750 6706
27907.524952 137391 300 300 300 300 73 46 0 73 52 0 73 42 0 73 44 0 53985 948750 50244 7124 958750 6706
27907.724946 137392 300 300 300 300 73 46 0 73 52 0 73 42 0 73 44 0 53985 948750 50244 7124 958750 6706
27907.924940 137393 300 300 300 300 73 46 0 73 52 0 73 42 0 73 44 0 48983 948750 45504 7124 958750 6706
27908.124961 137394 300 300 300 300 73 46 0 73 52 0 73 42 0 73 44 0 9760 950000 8550 7124 958750 6706
27908.324940 137395 300 300 300 300 73 46 0 73 52 0 73 42 0 73 44 0 9760 950000 8550 7398 958750 6706
27908.524939 137396 300 300 300 300 73 46 0 73 52 0 73 42 0 73 44 0 9760 950000 8550 7398 958750 6706
27908.724938 137397 300 300 300 300 73 46 0 73 52 0 73 42 0 73 44 0 9760 950000 8550 7398 958750 6706
27908.924938 137398 300 300 300 300 73 46 0 73 52 0 73 42 0 73 44 0 9760 950000 8550 7124 958750 6706
27909.124962 137399 300 300 300 300 73 46 0 73 52 0 73 42 0 73 44 0 9516 950000 8550 7124 958750 6706
27909.324941 137400 300 300 300 300 73 46 0 73 52 0 73 42 0 73 44 0 9516 950000 8550 7124 958750 6706
27909.524939 137401 300 300 300 300 73 46 0 73 52 0 73 42 0 73 44 0 9516 950000 8550 7124 958750 6706
27909.724936 137402 300 300 300 300 73 46 0 73 52 0 73 42 0 73 44 0 9760 950000 8550 7124 958750 6706
27909.924924 137403 300 300 300 300 73 46 0 73 52 0 73 42 0 73 44 0 9516 950000 8550 7398 958750 6706
