 5330.523840 26132 1300 1300 1300 1300 75 46 0 75 52 0 75 42 0 75 44 0 15006 1210000 18150 63294 1057500 66591
 5330.723793 26133 1300 1300 1300 1300 75 46 0 75 52 0 75 42 0 75 44 0 15006 1210000 18150 62198 1057500 65534
 5330.923794 26134 1300 1300 1300 1300 75 46 0 75 52 0 75 42 0 75 44 0 15006 1210000 18150 61650 1057500 64477
 5331.123739 26135 1300 1300 1300 1300 74 46 0 74 52 0 74 42 0 74 44 0 15006 1210000 18150 56992 1057500 59192
 5331.323796 26136 1300 1300 1300 1300 74 46 0 74 52 0 74 42 0 74 44 0 15006 1210000 18150 56992 1057500 59192
 5331.523791 26137 1300 1300 1300 1300 74 46 0 74 52 0 74 42 0 74 44 0 15006 1210000 18150 58362 1057500 61306
 5331.723951 26138 1300 1300 1300 1300 74 46 0 74 52 0 74 42 0 74 44 0 14762 1210000 16940 59732 1057500 62363
 5331.923792 26139 1300 1300 1300 1300 74 46 0 74 52 0 74 42 0 74 44 0 15006 1210000 18150 243038 1058750 257094
 5332.123820 26140 1300 1300 1300 1300 74 46 0 74 52 0 74 42 0 74 44 0 15006 1210000 18150 243038 1058750 257094
 5332.323794 26141 1300 1300 1300 1300 74 46 0 74 52 0 74 42 0 74 44 0 15006 1210000 18150 84940 1057500 88788
 5332.523748 26142 1300 1300 1300 1300 74 46 0 74 52 0 74 42 0 74 44 0 14762 1210000 16940 64664 1057500 67648
 5332.723781 26143 1300 1300 1300 1300 74 46 0 74 52 0 74 42 0 74 44 0 14762 1210000 16940 202212 1058750 213716
 5332.923760 26144 1300 1300 1300 1300 74 46 0 74 52 0 74 42 0 74 44 0 14762 1210000 16940 202212 1058750 213716
 5333.123900 26145 1300 1300 1300 1300 75 46 0 75 52 0 75 42 0 75 44 0 15006 1210000 18150 796518 1061250 844556
 5333.323844 26146 1300 1300 1300 1300 75 46 0 75 52 0 75 42 0 75 44 0 15006 1210000 18150 925572 1061250 981425
 5333.523824 26147 1300 1300 1300 1300 75 46 0 75 52 0 75 42 0 75 44 0 14762 1210000 16940 723634 1061250 767103
 5333.723819 26148 1300 1300 1300 1300 75 46 0 75 52 0 75 42 0 75 44 0 14762 1210000 16940 723634 1061250 767103
 5333.923819 26149 1300 1300 1300 1300 75 46 0 75 52 0 75 42 0 75 44 0 15006 1210000 18150 780900 1060000 826800
 5334.123819 26150 1300 1300 1300 1300 75 46 0 75 52 0 75 42 0 75 44 0 15006 1210000 18150 774872 1060000 820440
 5334.323819 26151 1300 1300 1300 1300 75 46 0 75 52 0 75 42 0 75 44 0 14762 1210000 16940 776516 1060000 822560
 5334.523820 26152 1300 1300 1300 1300 75 46 0 75 52 0 75 42 0 75 44 0 14762 1210000 16940 776516 1060000 822560
 5334.723819 26153 1300 1300 1300 1300 75 46 0 75 52 0 75 42 0 75 44 0 15006 1210000 18150 775968 1060000 821500
 5334.923819 26154 1300 1300 1300 1300 75 46 0 75 52 0 75 42 0 75 44 0 15006 1210000 18150 774598 1060000 820440
 5335.123819 26155 1300 1300 1300 1300 75 46 0 75 52 0 75 42 0 75 44 0 14762 1210000 16940 814602 1060000 862840
 5335.323819 26156 1300 1300 1300 1300 75 46 0 75 52 0 75 42 0 75 44 0 14762 1210000 16940 814602 1060000 862840
 5335.523820 26157 1300 1300 1300 1300 75 46 0 75 52 0 75 42 0 75 44 0 15006 1210000 18150 772680 1060000 818320
 5335.723816 26158 1300 1300 1300 1300 75 46 0 75 52 0 75 42 0 75 44 0 14762 1210000 16940 774324 1060000 820440
 5335.923818 26159 1300 1300 1300 1300 75 46 0 75 52 0 75 42 0 75 44 0 15006 1210000 18150 775420 1060000 821500
 5336.123820 26160 1300 1300 1300 1300 76 46 0 76 52 0 76 42 0 76 44 0 15006 1210000 18150 775420 1060000 821500
 5336.323822 26161 1300 1300 1300 1300 76 46 0 76 52 0 76 42 0 76 44 0 15250 1210000 18150 773776 1060000 819380
 5336.523820 26162 1300 1300 1300 1300 76 46 0 76 52 0 76 42 0 76 44 0 15006 1210000 18150 772680 1060000 818320
 5336.723819 26163 1300 1300 1300 1300 76 46 0 76 52 0 76 42 0 76 44 0 15006 1210000 18150 774872 1060000 820440
 5336.923801 26164 1300 1300 1300 1300 76 46 0 76 52 0 76 42 0 76 44 0 15006 1210000 18150 774872 1060000 820440
 5337.123819 26165 1300 1300 1300 1300 76 46 0 76 52 0 76 42 0 76 44 0 14762 1210000 16940 774598 1060000 820440
 5337.323819 26166 1300 1300 1300 1300 76 46 0 76 52 0 76 42 0 76 44 0 15006 1210000 18150 774324 1060000 820440
 5337.523879 26167 1300 1300 1300 1300 76 46 0 76 52 0 76 42 0 76 44 0 15006 1210000 18150 774324 1060000 820440
 5337.723797 26168 1300 1300 1300 1300 76 46 0 76 52 0 76 42 0 76 44 0 15006 1210000 18150 775968 1060000 821500
 5337.923819 26169 1300 1300 1300 1300 76 46 0 76 52 0 76 42 0 76 44 0 15006 1210000 18150 775968 1060000 821500
 5338.123816 26170 1300 1300 1300 1300 76 46 0 76 52 0 76 42 0 76 44 0 15006 1210000 18150 773776 1060000 819380
 5338.323819 26171 1300 1300 1300 1300 76 46 0 76 52 0 76 42 0 76 44 0 15006 1210000 18150 773502 1060000 819380
 5338.523820 26172 1300 1300 1300 1300 76 46 0 76 52 0 76 42 0 76 44 0 15006 1210000 18150 773228 1060000 819380
 5338.723819 26173 1300 1300 1300 1300 76 46 0 76 52 0 76 42 0 76 44 0 15006 1210000 18150 773228 1060000 819380
 5338.923819 26174 1300 1300 1300 1300 76 46 0 76 52 0 76 42 0 76 44 0 15006 1210000 18150 774872 1060000 820440
 5339.123819 26175 1300 1300 1300 1300 76 46 0 76 52 0 76 42 0 76 44 0 15250 1210000 18150 774872 1060000 820440
 5339.323821 26176 1300 1300 1300 1300 76 46 0 76 52 0 76 42 0 76 44 0 15006 1210000 18150 776516 1060000 822560
 5339.523819 26177 1300 1300 1300 1300 76 46 0 76 52 0 76 42 0 76 44 0 15006 1210000 18150 776516 1060000 822560
 5339.723818 26178 1300 1300 1300 1300 76 46 0 76 52 0 76 42 0 76 44 0 14762 1210000 16940 777338 1060000 823620
 5339.923819 26179 1300 1300 1300 1300 76 46 0 76 52 0 76 42 0 76 44 0 15006 1210000 18150 775694 1060000 821500
 5340.123819 26180 1300 1300 1300 1300 76 46 0 76 52 0 76 42 0 76 44 0 15006 1210000 18150 785010 1060000 832100
 5340.323819 26181 1300 1300 1300 1300 76 46 0 76 52 0 76 42 0 76 44 0 15006 1210000 18150 785010 1060000 832100
 5340.523816 26182 1300 1300 1300 1300 76 46 0 76 52 0 76 42 0 76 44 0 15006 1210000 18150 774872 1060000 820440
 5340.723820 26183 1300 1300 1300 1300 76 46 0 76 52 0 76 42 0 76 44 0 15006 1210000 18150 774050 1060000 820440
 5340.923818 26184 1300 1300 1300 1300 76 46 0 76 52 0 76 42 0 76 44 0 15006 1210000 18150 774324 1060000 820440
 5341.123819 26185 1300 1300 1300 1300 76 46 0 76 52 0 76 42 0 76 44 0 15006 1210000 18150 774324 1060000 820440
 5341.323819 26186 1300 1300 1300 1300 76 46 0 76 52 0 76 42 0 76 44 0 15006 1210000 18150 777338 1060000 823620
 5341.523820 26187 1300 1300 1300 1300 76 46 0 76 52 0 76 42 0 76 44 0 15006 1210000 18150 776242 1060000 822560
 5341.723819 26188 1300 1300 1300 1300 76 46 0 76 52 0 76 42 0 76 44 0 15006 1210000 18150 776516 1060000 822560
 5341.923819 26189 1300 1300 1300 1300 76 46 0 76 52 0 76 42 0 76 44 0 15006 1210000 18150 776516 1060000 822560
 5342.123831 26190 1300 1300 1300 1300 76 46 0 76 52 0 76 42 0 76 44 0 15006 1210000 18150 776242 1060000 822560
 5342.323825 26191 1300 1300 1300 1300 76 46 0 76 52 0 76 42 0 76 44 0 15250 1210000 18150 776790 1060000 822560
 5342.523820 26192 1300 1300 1300 1300 76 46 0 76 52 0 76 42 0 76 44 0 15006 1210000 18150 775694 1060000 821500
 5342.723820 26193 1300 1300 1300 1300 76 46 0 76 52 0 76 42 0 76 44 0 15006 1210000 18150 775694 1060000 821500
 5342.923815 26194 1300 1300 1300 1300 76 46 0 76 52 0 76 42 0 76 44 0 14762 1210000 16940 775146 1060000 821500
 5343.123819 26195 1300 1300 1300 1300 76 46 0 76 52 0 76 42 0 76 44 0 15006 1210000 18150 776516 1060000 822560
 5343.323819 26196 1300 1300 1300 1300 76 46 0 76 52 0 76 42 0 76 44 0 15250 1210000 18150 775694 1060000 821500
 5343.523801 26197 1300 1300 1300 1300 76 46 0 76 52 0 76 42 0 76 44 0 15250 1210000 18150 775694 1060000 821500
 5343.723818 26198 1300 1300 1300 1300 76 46 0 76 52 0 76 42 0 76 44 0 15006 1210000 18150 777338 1060000 823620
 5343.923815 26199 1300 1300 1300 1300 76 46 0 76 52 0 76 42 0 76 44 0 15006 1210000 18150 777338 1060000 823620
 5344.123819 26200 1300 1300 1300 1300 76 46 0 76 52 0 76 42 0 76 44 0 15250 1210000 18150 774872 1060000 820440
 5344.323819 26201 1300 1300 1300 1300 76 46 0 76 52 0 76 42 0 76 44 0 15006 1210000 18150 777064 1060000 823620
 5344.523820 26202 1300 1300 1300 1300 76 46 0 76 52 0 76 42 0 76 44 0 15006 1210000 18150 777064 1060000 823620
 5344.723819 26203 1300 1300 1300 1300 76 46 0 76 52 0 76 42 0 76 44 0 15006 1210000 18150 774598 1060000 820440
 5344.923820 26204 1300 1300 1300 1300 76 46 0 76 52 0 76 42 0 76 44 0 15006 1210000 18150 775968 1060000 821500
 5345.123819 26205 1300 1300 1300 1300 76 46 0 76 52 0 76 42 0 76 44 0 15006 1210000 18150 778160 1060000 824680
 5345.323825 26206 1300 1300 1300 1300 76 46 0 76 52 0 76 42 0 76 44 0 15006 1210000 18150 778160 1060000 824680
 5345.523819 26207 1300 1300 1300 1300 76 46 0 76 52 0 76 42 0 76 44 0 15250 1210000 18150 778160 1060000 824680
 5345.723819 26208 1300 1300 1300 1300 76 46 0 76 52 0 76 42 0 76 44 0 15250 1210000 18150 776516 1060000 822560
 5345.923819 26209 1300 1300 1300 1300 76 46 0 76 52 0 76 42 0 76 44 0 15006 1210000 18150 775420 1060000 821500
 5346.123820 26210 1300 1300 1300 1300 76 46 0 76 52 0 76 42 0 76 44 0 15006 1210000 18150 775420 1060000 821500
 5346.323815 26211 1300 1300 1300 1300 76 46 0 76 52 0 76 42 0 76 44 0 14762 1210000 16940 775146 1060000 821500
 5346.523819 26212 1300 1300 1300 1300 76 46 0 76 52 0 76 42 0 76 44 0 15250 1210000 18150 774050 1060000 820440
 5346.723819 26213 1300 1300 1300 1300 76 46 0 76 52 0 76 42 0 76 44 0 15006 1210000 18150 777064 1060000 823620
 5346.923820 26214 1300 1300 1300 1300 76 46 0 76 52 0 76 42 0 76 44 0 15006 1210000 18150 777064 1060000 823620
 5347.123820 26215 1300 1300 1300 1300 76 46 0 76 52 0 76 42 0 76 44 0 15006 1210000 18150 775968 1060000 821500
 5347.323819 26216 1300 1300 1300 1300 76 46 0 76 52 0 76 42 0 76 44 0 15006 1210000 18150 774872 1060000 820440
 5347.523819 26217 1300 1300 1300 1300 76 46 0 76 52 0 76 42 0 76 44 0 15006 1210000 18150 775968 1060000 821500
 5347.723819 26218 1300 1300 1300 1300 76 46 0 76 52 0 76 42 0 76 44 0 15006 1210000 18150 775968 1060000 821500
 5347.923819 26219 1300 1300 1300 1300 76 46 0 76 52 0 76 42 0 76 44 0 14762 1208750 16912 774598 1060000 820440
 5348.123819 26220 1300 1300 1300 1300 76 46 0 76 52 0 76 42 0 76 44 0 15006 1210000 18150 774872 1060000 820440
 5348.323821 26221 1300 1300 1300 1300 76 46 0 76 52 0 76 42 0 76 44 0 15006 1210000 18150 776516 1060000 822560
 5348.523819 26222 1300 1300 1300 1300 76 46 0 76 52 0 76 42 0 76 44 0 15006 1210000 18150 776516 1060000 822560
 5348.723816 26223 1300 1300 1300 1300 76 46 0 76 52 0 76 42 0 76 44 0 15006 1210000 18150 776242 1060000 822560
 5348.923820 26224 1300 1300 1300 1300 76 46 0 76 52 0 76 42 0 76 44 0 15006 1210000 18150 777064 1060000 823620
 5349.123821 26225 1300 1300 1300 1300 76 46 0 76 52 0 76 42 0 76 44 0 15250 1210000 18150 778434 1060000 824680
 5349.323819 26226 1300 1300 1300 1300 76 46 0 76 52 0 76 42 0 76 44 0 15250 1210000 18150 778434 1060000 824680
 5349.523820 26227 1300 1300 1300 1300 76 46 0 76 52 0 76 42 0 76 44 0 15006 1210000 18150 780352 1060000 826800
 5349.723833 26228 1300 1300 1300 1300 76 46 0 76 52 0 76 42 0 76 44 0 15006 1210000 18150 775968 1060000 821500
 5349.923819 26229 1300 1300 1300 1300 76 46 0 76 52 0 76 42 0 76 44 0 15006 1210000 18150 775694 1060000 821500
 5350.123796 26230 1300 1300 1300 1300 76 46 0 76 52 0 76 42 0 76 44 0 14762 1210000 16940 775968 1060000 821500
 5350.323819 26231 1300 1300 1300 1300 76 46 0 76 52 0 76 42 0 76 44 0 14762 1210000 16940 775968 1060000 821500
 5350.523820 26232 1300 1300 1300 1300 76 46 0 76 52 0 76 42 0 76 44 0 15006 1210000 18150 775420 1060000 821500
 5350.723819 26233 1300 1300 1300 1300 76 46 0 76 52 0 76 42 0 76 44 0 15250 1210000 18150 778434 1060000 824680
 5350.923815 26234 1300 1300 1300 1300 76 46 0 76 52 0 76 42 0 76 44 0 15006 1210000 18150 777064 1060000 823620
 5351.123819 26235 1300 1300 1300 1300 76 46 0 76 52 0 76 42 0 76 44 0 15006 1210000 18150 777064 1060000 823620
 5351.323820 26236 1300 1300 1300 1300 76 46 0 76 52 0 76 42 0 76 44 0 15006 1210000 18150 779256 1060000 825740
 5351.523820 26237 1300 1300 1300 1300 76 46 0 76 52 0 76 42 0 76 44 0 15006 1210000 18150 775694 1060000 821500
 5351.723819 26238 1300 1300 1300 1300 76 46 0 76 52 0 76 42 0 76 44 0 15250 1210000 18150 773228 1060000 819380
 5351.923819 26239 1300 1300 1300 1300 76 46 0 76 52 0 76 42 0 76 44 0 15250 1210000 18150 773228 1060000 819380
 5352.123819 26240 1300 1300 1300 1300 76 46 0 76 52 0 76 42 0 76 44 0 15006 1210000 18150 774324 1060000 820440
 5352.323819 26241 1300 1300 1300 1300 76 46 0 76 52 0 76 42 0 76 44 0 15006 1210000 18150 775146 1060000 821500
 5352.523820 26242 1300 1300 1300 1300 76 46 0 76 52 0 76 42 0 76 44 0 15250 1210000 18150 775146 1060000 821500
 5352.723819 26243 1300 1300 1300 1300 76 46 0 76 52 0 76 42 0 76 44 0 15250 1210000 18150 775146 1060000 821500
 5352.923820 26244 1300 1300 1300 1300 76 46 0 76 52 0 76 42 0 76 44 0 15006 1210000 18150 775968 1060000 821500
 5353.123820 26245 1300 1300 1300 1300 76 46 0 76 52 0 76 42 0 76 44 0 15006 1210000 18150 776516 1060000 822560
 5353.323816 26246 1300 1300 1300 1300 76 46 0 76 52 0 76 42 0 76 44 0 15250 1210000 18150 775420 1060000 821500
 5353.523819 26247 1300 1300 1300 1300 76 46 0 76 52 0 76 42 0 76 44 0 15250 1210000 18150 775420 1060000 821500
 5353.723820 26248 1300 1300 1300 1300 76 46 0 76 52 0 76 42 0 76 44 0 15006 1210000 18150 775694 1060000 821500
 5353.923862 26249 1300 1300 1300 1300 76 46 0 76 52 0 76 42 0 76 44 0 15006 1210000 18150 775968 1060000 821500
 5354.123819 26250 1300 1300 1300 1300 77 46 0 77 52 0 77 42 0 77 44 0 15006 1210000 18150 777612 1060000 823620
 5354.323824 26251 1300 1300 1300 1300 77 46 0 77 52 0 77 42 0 77 44 0 15006 1210000 18150 777612 1060000 823620
 5354.523819 26252 1300 1300 1300 1300 77 46 0 77 52 0 77 42 0 77 44 0 15006 1210000 18150 780626 1060000 826800
 5354.723819 26253 1300 1300 1300 1300 77 46 0 77 52 0 77 42 0 77 44 0 15250 1210000 18150 777612 1060000 823620
 5354.923819 26254 1300 1300 1300 1300 77 46 0 77 52 0 77 42 0 77 44 0 15250 1210000 18150 778982 1060000 824680
 5355.123819 26255 1300 1300 1300 1300 76 46 0 76 52 0 76 42 0 76 44 0 15250 1210000 18150 778982 1060000 824680
 5355.323819 26256 1300 1300 1300 1300 76 46 0 76 52 0 76 42 0 76 44 0 15006 1210000 18150 779256 1060000 825740
 5355.523819 26257 1300 1300 1300 1300 76 46 0 76 52 0 76 42 0 76 44 0 15250 1210000 18150 777886 1060000 823620
 5355.723814 26258 1300 1300 1300 1300 76 46 0 76 52 0 76 42 0 76 44 0 15006 1210000 18150 777612 1060000 823620
 5355.923801 26259 1300 1300 1300 1300 76 46 0 76 52 0 76 42 0 76 44 0 15006 1210000 18150 777612 1060000 823620
 5356.123821 26260 1300 1300 1300 1300 77 46 0 77 52 0 77 42 0 77 44 0 15006 1210000 18150 777886 1060000 823620
 5356.323818 26261 1300 1300 1300 1300 77 46 0 77 52 0 77 42 0 77 44 0 15006 1210000 18150 779530 1060000 825740
 5356.523819 26262 1300 1300 1300 1300 77 46 0 77 52 0 77 42 0 77 44 0 15006 1210000 18150 778708 1060000 824680
 5356.723797 26263 1300 1300 1300 1300 77 46 0 77 52 0 77 42 0 77 44 0 15006 1210000 18150 777064 1060000 823620
 5356.923818 26264 1300 1300 1300 1300 77 46 0 77 52 0 77 42 0 77 44 0 15006 1210000 18150 777064 1060000 823620
 5357.123819 26265 1300 1300 1300 1300 76 46 0 76 52 0 76 42 0 76 44 0 14762 1210000 16940 778434 1060000 824680
 5357.323821 26266 1300 1300 1300 1300 76 46 0 76 52 0 76 42 0 76 44 0 15006 1210000 18150 775694 1060000 821500
 5357.523821 26267 1300 1300 1300 1300 76 46 0 76 52 0 76 42 0 76 44 0 15006 1210000 18150 776790 1060000 822560
 5357.723818 26268 1300 1300 1300 1300 76 46 0 76 52 0 76 42 0 76 44 0 15006 1210000 18150 776790 1060000 822560
 5357.923817 26269 1300 1300 1300 1300 76 46 0 76 52 0 76 42 0 76 44 0 15006 1210000 18150 774050 1060000 820440
 5358.123814 26270 1300 1300 1300 1300 76 46 0 76 52 0 76 42 0 76 44 0 15006 1210000 18150 775420 1060000 821500
 5358.323819 26271 1300 1300 1300 1300 76 46 0 76 52 0 76 42 0 76 44 0 15006 1210000 18150 774872 1060000 820440
 5358.523819 26272 1300 1300 1300 1300 76 46 0 76 52 0 76 42 0 76 44 0 15006 1210000 18150 774872 1060000 820440
 5358.723819 26273 1300 1300 1300 1300 76 46 0 76 52 0 76 42 0 76 44 0 15006 1210000 18150 775694 1060000 821500
 5358.923818 26274 1300 1300 1300 1300 76 46 0 76 52 0 76 42 0 76 44 0 15006 1210000 18150 775694 1060000 821500
 5359.123815 26275 1300 1300 1300 1300 77 46 0 77 52 0 77 42 0 77 44 0 15006 1210000 18150 774872 1060000 820440
 5359.323818 26276 1300 1300 1300 1300 77 46 0 77 52 0 77 42 0 77 44 0 15006 1210000 18150 774872 1060000 820440
 5359.523819 26277 1300 1300 1300 1300 77 46 0 77 52 0 77 42 0 77 44 0 15250 1210000 18150 774598 1060000 820440
 5359.723818 26278 1300 1300 1300 1300 77 46 0 77 52 0 77 42 0 77 44 0 15250 1210000 18150 773776 1060000 819380
 5359.923818 26279 1300 1300 1300 1300 77 46 0 77 52 0 77 42 0 77 44 0 15250 1210000 18150 775694 1060000 821500
 5360.123819 26280 1300 1300 1300 1300 77 46 0 77 52 0 77 42 0 77 44 0 15250 1210000 18150 775694 1060000 821500
 5360.323820 26281 1300 1300 1300 1300 77 46 0 77 52 0 77 42 0 77 44 0 15250 1210000 18150 778160 1060000 824680
 5360.523816 26282 1300 1300 1300 1300 77 46 0 77 52 0 77 42 0 77 44 0 15006 1210000 18150 778982 1060000 824680
 5360.723819 26283 1300 1300 1300 1300 77 46 0 77 52 0 77 42 0 77 44 0 15006 1210000 18150 779256 1060000 825740
 5360.923818 26284 1300 1300 1300 1300 77 46 0 77 52 0 77 42 0 77 44 0 15006 1210000 18150 779256 1060000 825740
 5361.123818 26285 1300 1300 1300 1300 76 46 0 76 52 0 76 42 0 76 44 0 15006 1208750 18120 775968 1060000 821500
 5361.323818 26286 1300 1300 1300 1300 76 46 0 76 52 0 76 42 0 76 44 0 15006 1210000 18150 775420 1060000 821500
 5361.523815 26287 1300 1300 1300 1300 76 46 0 76 52 0 76 42 0 76 44 0 15250 1210000 18150 776516 1060000 822560
 5361.723819 26288 1300 1300 1300 1300 76 46 0 76 52 0 76 42 0 76 44 0 15250 1210000 18150 776516 1060000 822560
 5361.923819 26289 1300 1300 1300 1300 76 46 0 76 52 0 76 42 0 76 44 0 15006 1210000 18150 776790 1060000 822560
 5362.123818 26290 1300 1300 1300 1300 77 46 0 77 52 0 77 42 0 77 44 0 15006 1210000 18150 777886 1060000 823620
 5362.323844 26291 1300 1300 1300 1300 77 46 0 77 52 0 77 42 0 77 44 0 14762 1210000 16940 779256 1060000 825740
 5362.523800 26292 1300 1300 1300 1300 77 46 0 77 52 0 77 42 0 77 44 0 14762 1210000 16940 779256 1060000 825740
 5362.723819 26293 1300 1300 1300 1300 77 46 0 77 52 0 77 42 0 77 44 0 15006 1210000 18150 778434 1060000 824680
 5362.923818 26294 1300 1300 1300 1300 77 46 0 77 52 0 77 42 0 77 44 0 15250 1210000 18150 776242 1060000 822560
 5363.123821 26295 1300 1300 1300 1300 77 46 0 77 52 0 77 42 0 77 44 0 15006 1210000 18150 774050 1060000 820440
 5363.323821 26296 1300 1300 1300 1300 77 46 0 77 52 0 77 42 0 77 44 0 15250 1210000 18150 774872 1060000 820440
 5363.523817 26297 1300 1300 1300 1300 77 46 0 77 52 0 77 42 0 77 44 0 15250 1210000 18150 774872 1060000 820440
 5363.723818 26298 1300 1300 1300 1300 77 46 0 77 52 0 77 42 0 77 44 0 15006 1210000 18150 775694 1060000 821500
 5363.923814 26299 1300 1300 1300 1300 77 46 0 77 52 0 77 42 0 77 44 0 15006 1210000 18150 777064 1060000 823620
 5364.123819 26300 1300 1300 1300 1300 77 46 0 77 52 0 77 42 0 77 44 0 15250 1210000 18150 778982 1060000 824680
 5364.323819 26301 1300 1300 1300 1300 77 46 0 77 52 0 77 42 0 77 44 0 15250 1210000 18150 778982 1060000 824680
 5364.523818 26302 1300 1300 1300 1300 77 46 0 77 52 0 77 42 0 77 44 0 15250 1210000 18150 780078 1060000 826800
 5364.723818 26303 1300 1300 1300 1300 77 46 0 77 52 0 77 42 0 77 44 0 15006 1210000 18150 777338 1060000 823620
 5364.923819 26304 1300 1300 1300 1300 77 46 0 77 52 0 77 42 0 77 44 0 15006 1210000 18150 777612 1060000 823620
 5365.123819 26305 1300 1300 1300 1300 77 46 0 77 52 0 77 42 0 77 44 0 15006 1210000 18150 777612 1060000 823620
 5365.323819 26306 1300 1300 1300 1300 77 46 0 77 52 0 77 42 0 77 44 0 15250 1210000 18150 779256 1060000 825740
 5365.523818 26307 1300 1300 1300 1300 77 46 0 77 52 0 77 42 0 77 44 0 15006 1210000 18150 777338 1060000 823620
 5365.723819 26308 1300 1300 1300 1300 77 46 0 77 52 0 77 42 0 77 44 0 15250 1210000 18150 779530 1060000 825740
 5365.923819 26309 1300 1300 1300 1300 77 46 0 77 52 0 77 42 0 77 44 0 15250 1210000 18150 779530 1060000 825740
 5366.123819 26310 1300 1300 1300 1300 77 46 0 77 52 0 77 42 0 77 44 0 15006 1210000 18150 778160 1060000 824680
 5366.323817 26311 1300 1300 1300 1300 77 46 0 77 52 0 77 42 0 77 44 0 14762 1210000 16940 777338 1060000 823620
 5366.523819 26312 1300 1300 1300 1300 77 46 0 77 52 0 77 42 0 77 44 0 15006 1210000 18150 774598 1060000 820440
 5366.723819 26313 1300 1300 1300 1300 77 46 0 77 52 0 77 42 0 77 44 0 15006 1210000 18150 774598 1060000 820440
 5366.923818 26314 1300 1300 1300 1300 77 46 0 77 52 0 77 42 0 77 44 0 15006 1210000 18150 774872 1060000 820440
 5367.123818 26315 1300 1300 1300 1300 77 46 0 77 52 0 77 42 0 77 44 0 15250 1210000 18150 773502 1060000 819380
 5367.323819 26316 1300 1300 1300 1300 77 46 0 77 52 0 77 42 0 77 44 0 15006 1210000 18150 772954 1060000 818320
 5367.523817 26317 1300 1300 1300 1300 77 46 0 77 52 0 77 42 0 77 44 0 15006 1210000 18150 772954 1060000 818320
 5367.723818 26318 1300 1300 1300 1300 77 46 0 77 52 0 77 42 0 77 44 0 15006 1210000 18150 775968 1060000 821500
 5367.923818 26319 1300 1300 1300 1300 77 46 0 77 52 0 77 42 0 77 44 0 15006 1210000 18150 775694 1060000 821500
 5368.123820 26320 1300 1300 1300 1300 77 46 0 77 52 0 77 42 0 77 44 0 15250 1210000 18150 774872 1060000 820440
 5368.323818 26321 1300 1300 1300 1300 77 46 0 77 52 0 77 42 0 77 44 0 15250 1210000 18150 774872 1060000 820440
 5368.523818 26322 1300 1300 1300 1300 77 46 0 77 52 0 77 42 0 77 44 0 15250 1210000 18150 774324 1060000 820440
 5368.723815 26323 1300 1300 1300 1300 77 46 0 77 52 0 77 42 0 77 44 0 15250 1210000 18150 774872 1060000 820440
 5368.923819 26324 1300 1300 1300 1300 77 46 0 77 52 0 77 42 0 77 44 0 15250 1210000 18150 772954 1060000 818320
 5369.123811 26325 1300 1300 1300 1300 77 46 0 77 52 0 77 42 0 77 44 0 15006 1210000 18150 773776 1060000 819380
 5369.323820 26326 1300 1300 1300 1300 77 46 0 77 52 0 77 42 0 77 44 0 15006 1210000 18150 773776 1060000 819380
 5369.523817 26327 1300 1300 1300 1300 77 46 0 77 52 0 77 42 0 77 44 0 15250 1210000 18150 777064 1060000 823620
 5369.723818 26328 1300 1300 1300 1300 77 46 0 77 52 0 77 42 0 77 44 0 15006 1210000 18150 775694 1060000 821500
 5369.923852 26329 1300 1300 1300 1300 77 46 0 77 52 0 77 42 0 77 44 0 15006 1210000 18150 777338 1060000 823620
 5370.123850 26330 1300 1300 1300 1300 76 46 0 76 52 0 76 42 0 76 44 0 15006 1210000 18150 777338 1060000 823620
 5370.323850 26331 1300 1300 1300 1300 76 46 0 76 52 0 76 42 0 76 44 0 15250 1210000 18150 284960 1058750 300472
 5370.523853 26332 1300 1300 1300 1300 76 46 0 76 52 0 76 42 0 76 44 0 15250 1210000 18150 61650 1057500 64477
 5370.723850 26333 1300 1300 1300 1300 76 46 0 76 52 0 76 42 0 76 44 0 15006 1210000 18150 62472 1057500 65534
 5370.923850 26334 1300 1300 1300 1300 76 46 0 76 52 0 76 42 0 76 44 0 15006 1210000 18150 62472 1057500 65534
 5371.123846 26335 1300 1300 1300 1300 75 46 0 75 52 0 75 42 0 75 44 0 14762 1210000 16940 61102 1057500 64477
 5371.323852 26336 1300 1300 1300 1300 75 46 0 75 52 0 75 42 0 75 44 0 15006 1210000 18150 66034 1057500 69762
 5371.523853 26337 1300 1300 1300 1300 75 46 0 75 52 0 75 42 0 75 44 0 14762 1210000 16940 63568 1057500 66591
 5371.723850 26338 1300 1300 1300 1300 75 46 0 75 52 0 75 42 0 75 44 0 14762 1210000 16940 63568 1057500 66591
 5371.923849 26339 1300 1300 1300 1300 75 46 0 75 52 0 75 42 0 75 44 0 15006 1210000 18150 64664 1057500 67648
 5372.123858 26340 1300 1300 1300 1300 74 46 0 74 52 0 74 42 0 74 44 0 15006 1210000 18150 63568 1057500 66591
