 6807.213816 33515 1000 1000 1000 1000 73 46 0 73 52 0 73 42 0 73 44 0 14762 1210000 16940 44936 957500 42108
 6807.413821 33516 1000 1000 1000 1000 73 46 0 73 52 0 73 42 0 73 44 0 14762 1210000 16940 44936 957500 42108
 6807.613818 33517 1000 1000 1000 1000 73 46 0 73 52 0 73 42 0 73 44 0 14518 1210000 16940 49594 957500 46893
 6807.813821 33518 1000 1000 1000 1000 73 46 0 73 52 0 73 42 0 73 44 0 14762 1210000 16940 200294 958750 191600
 6808.013820 33519 1000 1000 1000 1000 72 46 0 72 52 0 72 42 0 72 44 0 14762 1210000 16940 57540 957500 54549
 6808.213820 33520 1000 1000 1000 1000 72 46 0 72 52 0 72 42 0 72 44 0 14762 1210000 16940 57540 957500 54549
 6808.413735 33521 1000 1000 1000 1000 72 46 0 72 52 0 72 42 0 72 44 0 14518 1210000 16940 46854 957500 44022
 6808.613917 33522 1000 1000 1000 1000 72 46 0 72 52 0 72 42 0 72 44 0 14762 1210000 16940 167962 957500 159819
 6808.813816 33523 1000 1000 1000 1000 72 46 0 72 52 0 72 42 0 72 44 0 14762 1210000 16940 562522 958750 538396
 6809.013950 33524 1000 1000 1000 1000 76 46 0 76 52 0 76 42 0 76 44 0 14762 1210000 16940 562522 958750 538396
 6809.213971 33525 1000 1000 1000 1000 76 46 0 76 52 0 76 42 0 76 44 0 14762 1210000 16940 660888 960000 633600
 6809.413735 33526 1000 1000 1000 1000 76 46 0 76 52 0 76 42 0 76 44 0 14518 1210000 16940 629926 958750 602582
 6809.613734 33527 1000 1000 1000 1000 76 46 0 76 52 0 76 42 0 76 44 0 14762 1210000 16940 550192 958750 526900
 6809.813734 33528 1000 1000 1000 1000 76 46 0 76 52 0 76 42 0 76 44 0 14762 1210000 16940 550192 958750 526900
 6810.013734 33529 1000 1000 1000 1000 74 46 0 74 52 0 74 42 0 74 44 0 14518 1208750 16912 528820 958750 505824
 6810.213733 33530 1000 1000 1000 1000 74 46 0 74 52 0 74 42 0 74 44 0 14762 1210000 16940 528820 958750 505824
 6810.413734 33531 1000 1000 1000 1000 74 46 0 74 52 0 74 42 0 74 44 0 15006 1210000 18150 527724 958750 504866
 6810.613734 33532 1000 1000 1000 1000 74 46 0 74 52 0 74 42 0 74 44 0 15006 1210000 18150 527724 958750 504866
 6810.813733 33533 1000 1000 1000 1000 74 46 0 74 52 0 74 42 0 74 44 0 15006 1210000 18150 528272 958750 505824
 6811.013741 33534 1000 1000 1000 1000 74 46 0 74 52 0 74 42 0 74 44 0 15006 1210000 18150 528272 958750 505824
 6811.213734 33535 1000 1000 1000 1000 74 46 0 74 52 0 74 42 0 74 44 0 15006 1210000 18150 529368 958750 506782
 6811.413734 33536 1000 1000 1000 1000 74 46 0 74 52 0 74 42 0 74 44 0 15006 1210000 18150 529368 958750 506782
 6811.613734 33537 1000 1000 1000 1000 74 46 0 74 52 0 74 42 0 74 44 0 14762 1210000 16940 527998 958750 504866
 6811.813733 33538 1000 1000 1000 1000 74 46 0 74 52 0 74 42 0 74 44 0 14762 1210000 16940 527724 958750 504866
 6812.013734 33539 1000 1000 1000 1000 74 46 0 74 52 0 74 42 0 74 44 0 14762 1208750 16912 529368 958750 506782
 6812.213735 33540 1000 1000 1000 1000 74 46 0 74 52 0 74 42 0 74 44 0 14762 1208750 16912 529368 958750 506782
 6812.413735 33541 1000 1000 1000 1000 74 46 0 74 52 0 74 42 0 74 44 0 14762 1210000 16940 528546 958750 505824
 6812.613735 33542 1000 1000 1000 1000 74 46 0 74 52 0 74 42 0 74 44 0 14762 1210000 16940 529094 958750 506782
 6812.813735 33543 1000 1000 1000 1000 74 46 0 74 52 0 74 42 0 74 44 0 14762 1210000 16940 527450 958750 504866
 6813.013735 33544 1000 1000 1000 1000 74 46 0 74 52 0 74 42 0 74 44 0 14762 1210000 16940 529368 958750 506782
 6813.213735 33545 1000 1000 1000 1000 74 46 0 74 52 0 74 42 0 74 44 0 14762 1210000 16940 529368 958750 506782
 6813.413735 33546 1000 1000 1000 1000 74 46 0 74 52 0 74 42 0 74 44 0 14762 1210000 16940 527450 958750 504866
 6813.613734 33547 1000 1000 1000 1000 74 46 0 74 52 0 74 42 0 74 44 0 14762 1210000 16940 527450 958750 504866
 6813.813735 33548 1000 1000 1000 1000 74 46 0 74 52 0 74 42 0 74 44 0 15006 1210000 18150 527176 958750 504866
 6814.013734 33549 1000 1000 1000 1000 74 46 0 74 52 0 74 42 0 74 44 0 15006 1210000 18150 527176 958750 504866
 6814.213734 33550 1000 1000 1000 1000 74 46 0 74 52 0 74 42 0 74 44 0 14762 1210000 16940 527176 958750 504866
 6814.413734 33551 1000 1000 1000 1000 74 46 0 74 52 0 74 42 0 74 44 0 14762 1210000 16940 527450 958750 504866
 6814.613734 33552 1000 1000 1000 1000 74 46 0 74 52 0 74 42 0 74 44 0 14762 1210000 16940 527450 958750 504866
 6814.813735 33553 1000 1000 1000 1000 74 46 0 74 52 0 74 42 0 74 44 0 14762 1210000 16940 527450 958750 504866
 6815.013734 33554 1000 1000 1000 1000 74 46 0 74 52 0 74 42 0 74 44 0 15006 1210000 18150 527724 958750 504866
 6815.213734 33555 1000 1000 1000 1000 74 46 0 74 52 0 74 42 0 74 44 0 14762 1210000 16940 527450 958750 504866
 6815.413735 33556 1000 1000 1000 1000 74 46 0 74 52 0 74 42 0 74 44 0 14762 1210000 16940 527176 958750 504866
 6815.613734 33557 1000 1000 1000 1000 74 46 0 74 52 0 74 42 0 74 44 0 14762 1210000 16940 527176 958750 504866
 6815.813735 33558 1000 1000 1000 1000 74 46 0 74 52 0 74 42 0 74 44 0 15006 1210000 18150 527450 958750 504866
 6816.013739 33559 1000 1000 1000 1000 74 46 0 74 52 0 74 42 0 74 44 0 15006 1210000 18150 527176 958750 504866
 6816.213735 33560 1000 1000 1000 1000 74 46 0 74 52 0 74 42 0 74 44 0 15006 1210000 18150 527450 958750 504866
 6816.413734 33561 1000 1000 1000 1000 74 46 0 74 52 0 74 42 0 74 44 0 15006 1210000 18150 527450 958750 504866
 6816.613734 33562 1000 1000 1000 1000 74 46 0 74 52 0 74 42 0 74 44 0 14762 1210000 16940 527998 958750 504866
 6816.813734 33563 1000 1000 1000 1000 74 46 0 74 52 0 74 42 0 74 44 0 14762 1210000 16940 527998 958750 504866
 6817.013734 33564 1000 1000 1000 1000 74 46 0 74 52 0 74 42 0 74 44 0 15006 1210000 18150 528546 958750 505824
 6817.213734 33565 1000 1000 1000 1000 74 46 0 74 52 0 74 42 0 74 44 0 15006 1210000 18150 528546 958750 505824
 6817.413734 33566 1000 1000 1000 1000 74 46 0 74 52 0 74 42 0 74 44 0 15250 1210000 18150 527724 958750 504866
 6817.613734 33567 1000 1000 1000 1000 74 46 0 74 52 0 74 42 0 74 44 0 14762 1210000 16940 527176 958750 504866
 6817.813734 33568 1000 1000 1000 1000 74 46 0 74 52 0 74 42 0 74 44 0 14762 1210000 16940 527450 958750 504866
 6818.013734 33569 1000 1000 1000 1000 74 46 0 74 52 0 74 42 0 74 44 0 14762 1210000 16940 527450 958750 504866
 6818.213734 33570 1000 1000 1000 1000 74 46 0 74 52 0 74 42 0 74 44 0 14518 1210000 16940 529094 958750 506782
 6818.413735 33571 1000 1000 1000 1000 74 46 0 74 52 0 74 42 0 74 44 0 14518 1210000 16940 527724 958750 504866
 6818.613735 33572 1000 1000 1000 1000 74 46 0 74 52 0 74 42 0 74 44 0 14762 1210000 16940 528272 958750 505824
 6818.813735 33573 1000 1000 1000 1000 74 46 0 74 52 0 74 42 0 74 44 0 14518 1210000 16940 527724 958750 504866
 6819.013734 33574 1000 1000 1000 1000 74 46 0 74 52 0 74 42 0 74 44 0 14518 1210000 16940 527724 958750 504866
 6819.213733 33575 1000 1000 1000 1000 74 46 0 74 52 0 74 42 0 74 44 0 15006 1210000 18150 529916 958750 506782
 6819.413734 33576 1000 1000 1000 1000 74 46 0 74 52 0 74 42 0 74 44 0 14762 1210000 16940 528546 958750 505824
 6819.613735 33577 1000 1000 1000 1000 74 46 0 74 52 0 74 42 0 74 44 0 14762 1210000 16940 528820 958750 505824
 6819.813734 33578 1000 1000 1000 1000 74 46 0 74 52 0 74 42 0 74 44 0 14762 1210000 16940 528820 958750 505824
 6820.013734 33579 1000 1000 1000 1000 74 46 0 74 52 0 74 42 0 74 44 0 15006 1210000 18150 529368 958750 506782
 6820.213734 33580 1000 1000 1000 1000 74 46 0 74 52 0 74 42 0 74 44 0 14762 1210000 16940 528272 958750 505824
 6820.413734 33581 1000 1000 1000 1000 74 46 0 74 52 0 74 42 0 74 44 0 14762 1210000 16940 529368 958750 506782
 6820.613734 33582 1000 1000 1000 1000 74 46 0 74 52 0 74 42 0 74 44 0 14762 1210000 16940 529368 958750 506782
 6820.813734 33583 1000 1000 1000 1000 74 46 0 74 52 0 74 42 0 74 44 0 14518 1210000 16940 528820 958750 505824
 6821.013740 33584 1000 1000 1000 1000 74 46 0 74 52 0 74 42 0 74 44 0 14762 1210000 16940 529916 958750 506782
 6821.213735 33585 1000 1000 1000 1000 74 46 0 74 52 0 74 42 0 74 44 0 14762 1208750 16912 528546 958750 505824
 6821.413735 33586 1000 1000 1000 1000 74 46 0 74 52 0 74 42 0 74 44 0 14762 1208750 16912 528546 958750 505824
 6821.613736 33587 1000 1000 1000 1000 74 46 0 74 52 0 74 42 0 74 44 0 15006 1210000 18150 529642 958750 506782
 6821.813735 33588 1000 1000 1000 1000 74 46 0 74 52 0 74 42 0 74 44 0 14762 1210000 16940 529642 958750 506782
 6822.013736 33589 1000 1000 1000 1000 74 46 0 74 52 0 74 42 0 74 44 0 15006 1210000 18150 529368 958750 506782
 6822.213735 33590 1000 1000 1000 1000 74 46 0 74 52 0 74 42 0 74 44 0 15006 1210000 18150 529368 958750 506782
 6822.413735 33591 1000 1000 1000 1000 74 46 0 74 52 0 74 42 0 74 44 0 14762 1210000 16940 528820 958750 505824
 6822.613735 33592 1000 1000 1000 1000 74 46 0 74 52 0 74 42 0 74 44 0 14762 1210000 16940 529094 958750 506782
 6822.813735 33593 1000 1000 1000 1000 74 46 0 74 52 0 74 42 0 74 44 0 14762 1210000 16940 528820 958750 505824
 6823.013735 33594 1000 1000 1000 1000 74 46 0 74 52 0 74 42 0 74 44 0 14762 1210000 16940 528820 958750 505824
 6823.213735 33595 1000 1000 1000 1000 74 46 0 74 52 0 74 42 0 74 44 0 15006 1208750 18120 528272 958750 505824
 6823.413734 33596 1000 1000 1000 1000 74 46 0 74 52 0 74 42 0 74 44 0 14762 1210000 16940 528272 958750 505824
 6823.613736 33597 1000 1000 1000 1000 74 46 0 74 52 0 74 42 0 74 44 0 15006 1210000 18150 529094 958750 506782
 6823.813735 33598 1000 1000 1000 1000 74 46 0 74 52 0 74 42 0 74 44 0 15006 1210000 18150 529094 958750 506782
 6824.013735 33599 1000 1000 1000 1000 74 46 0 74 52 0 74 42 0 74 44 0 14762 1210000 16940 529094 958750 506782
 6824.213736 33600 1000 1000 1000 1000 74 46 0 74 52 0 74 42 0 74 44 0 15006 1210000 18150 528820 958750 505824
 6824.413735 33601 1000 1000 1000 1000 74 46 0 74 52 0 74 42 0 74 44 0 14762 1210000 16940 528820 958750 505824
 6824.613735 33602 1000 1000 1000 1000 74 46 0 74 52 0 74 42 0 74 44 0 14762 1210000 16940 528820 958750 505824
 6824.813735 33603 1000 1000 1000 1000 74 46 0 74 52 0 74 42 0 74 44 0 14762 1210000 16940 526902 958750 503908
 6825.013735 33604 1000 1000 1000 1000 74 46 0 74 52 0 74 42 0 74 44 0 14762 1210000 16940 526902 958750 503908
 6825.213735 33605 1000 1000 1000 1000 74 46 0 74 52 0 74 42 0 74 44 0 14762 1210000 16940 527176 958750 504866
 6825.413735 33606 1000 1000 1000 1000 74 46 0 74 52 0 74 42 0 74 44 0 14762 1210000 16940 527450 958750 504866
 6825.613735 33607 1000 1000 1000 1000 74 46 0 74 52 0 74 42 0 74 44 0 14762 1210000 16940 527450 958750 504866
 6825.813735 33608 1000 1000 1000 1000 74 46 0 74 52 0 74 42 0 74 44 0 14762 1210000 16940 527450 958750 504866
 6826.013740 33609 1000 1000 1000 1000 74 46 0 74 52 0 74 42 0 74 44 0 15006 1210000 18150 527450 958750 504866
 6826.213735 33610 1000 1000 1000 1000 74 46 0 74 52 0 74 42 0 74 44 0 15006 1210000 18150 527176 958750 504866
 6826.413735 33611 1000 1000 1000 1000 74 46 0 74 52 0 74 42 0 74 44 0 15006 1210000 18150 527176 958750 504866
 6826.613735 33612 1000 1000 1000 1000 74 46 0 74 52 0 74 42 0 74 44 0 14762 1210000 16940 527450 958750 504866
 6826.813735 33613 1000 1000 1000 1000 74 46 0 74 52 0 74 42 0 74 44 0 15006 1210000 18150 527724 958750 504866
 6827.013747 33614 1000 1000 1000 1000 74 46 0 74 52 0 74 42 0 74 44 0 14762 1210000 16940 528546 958750 505824
 6827.213734 33615 1000 1000 1000 1000 74 46 0 74 52 0 74 42 0 74 44 0 14762 1210000 16940 528546 958750 505824
 6827.413735 33616 1000 1000 1000 1000 74 46 0 74 52 0 74 42 0 74 44 0 14762 1208750 16912 527724 958750 504866
 6827.613734 33617 1000 1000 1000 1000 74 46 0 74 52 0 74 42 0 74 44 0 14762 1210000 16940 528546 958750 505824
 6827.813735 33618 1000 1000 1000 1000 74 46 0 74 52 0 74 42 0 74 44 0 15006 1210000 18150 527998 958750 504866
 6828.013734 33619 1000 1000 1000 1000 74 46 0 74 52 0 74 42 0 74 44 0 15006 1210000 18150 527998 958750 504866
 6828.213735 33620 1000 1000 1000 1000 74 46 0 74 52 0 74 42 0 74 44 0 15006 1210000 18150 529094 958750 506782
 6828.413734 33621 1000 1000 1000 1000 74 46 0 74 52 0 74 42 0 74 44 0 14762 1210000 16940 527724 958750 504866
 6828.613735 33622 1000 1000 1000 1000 74 46 0 74 52 0 74 42 0 74 44 0 15006 1210000 18150 527724 958750 504866
 6828.813735 33623 1000 1000 1000 1000 74 46 0 74 52 0 74 42 0 74 44 0 15006 1210000 18150 527724 958750 504866
 6829.013734 33624 1000 1000 1000 1000 74 46 0 74 52 0 74 42 0 74 44 0 15006 1210000 18150 529368 958750 506782
 6829.213735 33625 1000 1000 1000 1000 74 46 0 74 52 0 74 42 0 74 44 0 14518 1210000 16940 528272 958750 505824
 6829.413735 33626 1000 1000 1000 1000 74 46 0 74 52 0 74 42 0 74 44 0 14762 1210000 16940 527998 958750 504866
 6829.613734 33627 1000 1000 1000 1000 74 46 0 74 52 0 74 42 0 74 44 0 14762 1210000 16940 527998 958750 504866
 6829.813734 33628 1000 1000 1000 1000 74 46 0 74 52 0 74 42 0 74 44 0 14762 1210000 16940 526902 958750 503908
 6830.013735 33629 1000 1000 1000 1000 74 46 0 74 52 0 74 42 0 74 44 0 14518 1210000 16940 527998 958750 504866
 6830.213735 33630 1000 1000 1000 1000 74 46 0 74 52 0 74 42 0 74 44 0 14762 1210000 16940 527450 958750 504866
 6830.413734 33631 1000 1000 1000 1000 74 46 0 74 52 0 74 42 0 74 44 0 14762 1210000 16940 527450 958750 504866
 6830.613736 33632 1000 1000 1000 1000 74 46 0 74 52 0 74 42 0 74 44 0 14762 1210000 16940 528546 958750 505824
 6830.813734 33633 1000 1000 1000 1000 74 46 0 74 52 0 74 42 0 74 44 0 15006 1210000 18150 528820 958750 505824
 6831.013739 33634 1000 1000 1000 1000 74 46 0 74 52 0 74 42 0 74 44 0 14762 1210000 16940 528272 958750 505824
 6831.213736 33635 1000 1000 1000 1000 74 46 0 74 52 0 74 42 0 74 44 0 14762 1210000 16940 528820 958750 505824
 6831.413734 33636 1000 1000 1000 1000 74 46 0 74 52 0 74 42 0 74 44 0 14762 1210000 16940 528820 958750 505824
 6831.613734 33637 1000 1000 1000 1000 74 46 0 74 52 0 74 42 0 74 44 0 15006 1210000 18150 528546 958750 505824
 6831.813734 33638 1000 1000 1000 1000 74 46 0 74 52 0 74 42 0 74 44 0 14762 1210000 16940 529642 958750 506782
 6832.013735 33639 1000 1000 1000 1000 74 46 0 74 52 0 74 42 0 74 44 0 15006 1210000 18150 529368 958750 506782
 6832.213734 33640 1000 1000 1000 1000 74 46 0 74 52 0 74 42 0 74 44 0 15006 1210000 18150 529368 958750 506782
 6832.413734 33641 1000 1000 1000 1000 74 46 0 74 52 0 74 42 0 74 44 0 14762 1210000 16940 528820 958750 505824
 6832.613735 33642 1000 1000 1000 1000 74 46 0 74 52 0 74 42 0 74 44 0 15006 1210000 18150 528820 958750 505824
 6832.813735 33643 1000 1000 1000 1000 74 46 0 74 52 0 74 42 0 74 44 0 14762 1210000 16940 528546 958750 505824
 6833.013734 33644 1000 1000 1000 1000 74 46 0 74 52 0 74 42 0 74 44 0 14762 1210000 16940 528546 958750 505824
 6833.213734 33645 1000 1000 1000 1000 74 46 0 74 52 0 74 42 0 74 44 0 14762 1210000 16940 529368 958750 506782
 6833.413734 33646 1000 1000 1000 1000 74 46 0 74 52 0 74 42 0 74 44 0 15006 1210000 18150 529368 958750 506782
 6833.613735 33647 1000 1000 1000 1000 74 46 0 74 52 0 74 42 0 74 44 0 14762 1210000 16940 529094 958750 506782
 6833.813734 33648 1000 1000 1000 1000 74 46 0 74 52 0 74 42 0 74 44 0 14762 1210000 16940 529094 958750 506782
 6834.013734 33649 1000 1000 1000 1000 74 46 0 74 52 0 74 42 0 74 44 0 15006 1210000 18150 528820 958750 505824
 6834.213735 33650 1000 1000 1000 1000 74 46 0 74 52 0 74 42 0 74 44 0 14762 1210000 16940 528546 958750 505824
 6834.413734 33651 1000 1000 1000 1000 74 46 0 74 52 0 74 42 0 74 44 0 14762 1210000 16940 528820 958750 505824
 6834.613734 33652 1000 1000 1000 1000 74 46 0 74 52 0 74 42 0 74 44 0 14762 1210000 16940 528820 958750 505824
 6834.813734 33653 1000 1000 1000 1000 74 46 0 74 52 0 74 42 0 74 44 0 15006 1210000 18150 529368 958750 506782
 6835.013734 33654 1000 1000 1000 1000 74 46 0 74 52 0 74 42 0 74 44 0 14518 1210000 16940 529094 958750 506782
 6835.213734 33655 1000 1000 1000 1000 74 46 0 74 52 0 74 42 0 74 44 0 15006 1210000 18150 530190 958750 507740
 6835.413734 33656 1000 1000 1000 1000 74 46 0 74 52 0 74 42 0 74 44 0 15006 1210000 18150 530190 958750 507740
 6835.613734 33657 1000 1000 1000 1000 74 46 0 74 52 0 74 42 0 74 44 0 14762 1210000 16940 528820 958750 505824
 6835.813734 33658 1000 1000 1000 1000 74 46 0 74 52 0 74 42 0 74 44 0 14762 1210000 16940 528272 958750 505824
 6836.013738 33659 1000 1000 1000 1000 74 46 0 74 52 0 74 42 0 74 44 0 14762 1210000 16940 529368 958750 506782
 6836.213734 33660 1000 1000 1000 1000 74 46 0 74 52 0 74 42 0 74 44 0 14762 1210000 16940 529368 958750 506782
 6836.413735 33661 1000 1000 1000 1000 74 46 0 74 52 0 74 42 0 74 44 0 15006 1210000 18150 530190 958750 507740
 6836.613735 33662 1000 1000 1000 1000 74 46 0 74 52 0 74 42 0 74 44 0 14762 1210000 16940 529916 958750 506782
 6836.813734 33663 1000 1000 1000 1000 74 46 0 74 52 0 74 42 0 74 44 0 14762 1210000 16940 527724 958750 504866
 6837.013734 33664 1000 1000 1000 1000 74 46 0 74 52 0 74 42 0 74 44 0 14762 1210000 16940 527724 958750 504866
 6837.213734 33665 1000 1000 1000 1000 74 46 0 74 52 0 74 42 0 74 44 0 14762 1210000 16940 529368 958750 506782
 6837.413734 33666 1000 1000 1000 1000 74 46 0 74 52 0 74 42 0 74 44 0 14762 1210000 16940 527998 958750 504866
 6837.613734 33667 1000 1000 1000 1000 74 46 0 74 52 0 74 42 0 74 44 0 14762 1210000 16940 528272 958750 505824
 6837.813735 33668 1000 1000 1000 1000 74 46 0 74 52 0 74 42 0 74 44 0 14762 1210000 16940 527724 958750 504866
 6838.013734 33669 1000 1000 1000 1000 74 46 0 74 52 0 74 42 0 74 44 0 14762 1210000 16940 527724 958750 504866
 6838.213734 33670 1000 1000 1000 1000 74 46 0 74 52 0 74 42 0 74 44 0 15006 1210000 18150 528820 958750 505824
 6838.413735 33671 1000 1000 1000 1000 74 46 0 74 52 0 74 42 0 74 44 0 14762 1210000 16940 527724 958750 504866
 6838.613734 33672 1000 1000 1000 1000 74 46 0 74 52 0 74 42 0 74 44 0 14762 1210000 16940 528272 958750 505824
 6838.813734 33673 1000 1000 1000 1000 74 46 0 74 52 0 74 42 0 74 44 0 14762 1210000 16940 528272 958750 505824
 6839.013734 33674 1000 1000 1000 1000 74 46 0 74 52 0 74 42 0 74 44 0 14762 1210000 16940 527998 958750 504866
 6839.213735 33675 1000 1000 1000 1000 74 46 0 74 52 0 74 42 0 74 44 0 15006 1210000 18150 528546 958750 505824
 6839.413735 33676 1000 1000 1000 1000 74 46 0 74 52 0 74 42 0 74 44 0 14762 1210000 16940 529094 958750 506782
 6839.613734 33677 1000 1000 1000 1000 74 46 0 74 52 0 74 42 0 74 44 0 14762 1210000 16940 529094 958750 506782
 6839.813734 33678 1000 1000 1000 1000 74 46 0 74 52 0 74 42 0 74 44 0 14762 1210000 16940 528820 958750 505824
 6840.013733 33679 1000 1000 1000 1000 74 46 0 74 52 0 74 42 0 74 44 0 15006 1210000 18150 527998 958750 504866
 6840.213733 33680 1000 1000 1000 1000 74 46 0 74 52 0 74 42 0 74 44 0 15006 1210000 18150 527998 958750 504866
 6840.413734 33681 1000 1000 1000 1000 74 46 0 74 52 0 74 42 0 74 44 0 15006 1210000 18150 527998 958750 504866
 6840.613734 33682 1000 1000 1000 1000 74 46 0 74 52 0 74 42 0 74 44 0 14762 1210000 16940 528546 958750 505824
 6840.813734 33683 1000 1000 1000 1000 74 46 0 74 52 0 74 42 0 74 44 0 15006 1210000 18150 527998 958750 504866
 6841.013739 33684 1000 1000 1000 1000 74 46 0 74 52 0 74 42 0 74 44 0 14762 1210000 16940 527998 958750 504866
 6841.213733 33685 1000 1000 1000 1000 74 46 0 74 52 0 74 42 0 74 44 0 14762 1210000 16940 527998 958750 504866
 6841.413734 33686 1000 1000 1000 1000 74 46 0 74 52 0 74 42 0 74 44 0 15006 1210000 18150 527724 958750 504866
 6841.613734 33687 1000 1000 1000 1000 74 46 0 74 52 0 74 42 0 74 44 0 14762 1210000 16940 527724 958750 504866
 6841.813734 33688 1000 1000 1000 1000 74 46 0 74 52 0 74 42 0 74 44 0 15006 1210000 18150 527450 958750 504866
 6842.013734 33689 1000 1000 1000 1000 74 46 0 74 52 0 74 42 0 74 44 0 15006 1210000 18150 527450 958750 504866
 6842.213735 33690 1000 1000 1000 1000 74 46 0 74 52 0 74 42 0 74 44 0 14762 1210000 16940 528546 958750 505824
 6842.413734 33691 1000 1000 1000 1000 74 46 0 74 52 0 74 42 0 74 44 0 14518 1210000 16940 528820 958750 505824
 6842.613734 33692 1000 1000 1000 1000 74 46 0 74 52 0 74 42 0 74 44 0 14762 1210000 16940 527998 958750 504866
 6842.813734 33693 1000 1000 1000 1000 74 46 0 74 52 0 74 42 0 74 44 0 14762 1210000 16940 527998 958750 504866
 6843.013734 33694 1000 1000 1000 1000 74 46 0 74 52 0 74 42 0 74 44 0 15006 1210000 18150 527724 958750 504866
 6843.213734 33695 1000 1000 1000 1000 74 46 0 74 52 0 74 42 0 74 44 0 14762 1210000 16940 527450 958750 504866
 6843.413773 33696 1000 1000 1000 1000 74 46 0 74 52 0 74 42 0 74 44 0 14762 1210000 16940 528820 958750 505824
 6843.613736 33697 1000 1000 1000 1000 74 46 0 74 52 0 74 42 0 74 44 0 15006 1208750 18120 531012 958750 508698
 6843.813734 33698 1000 1000 1000 1000 74 46 0 74 52 0 74 42 0 74 44 0 15006 1208750 18120 531012 958750 508698
 6844.013734 33699 1000 1000 1000 1000 74 46 0 74 52 0 74 42 0 74 44 0 14762 1210000 16940 529642 958750 506782
 6844.213735 33700 1000 1000 1000 1000 74 46 0 74 52 0 74 42 0 74 44 0 14762 1210000 16940 531012 958750 508698
 6844.413734 33701 1000 1000 1000 1000 74 46 0 74 52 0 74 42 0 74 44 0 14762 1210000 16940 530464 958750 507740
 6844.613734 33702 1000 1000 1000 1000 74 46 0 74 52 0 74 42 0 74 44 0 14762 1210000 16940 530464 958750 507740
 6844.813734 33703 1000 1000 1000 1000 74 46 0 74 52 0 74 42 0 74 44 0 14762 1210000 16940 529094 958750 506782
 6845.013734 33704 1000 1000 1000 1000 74 46 0 74 52 0 74 42 0 74 44 0 15006 1210000 18150 529916 958750 506782
 6845.213734 33705 1000 1000 1000 1000 74 46 0 74 52 0 74 42 0 74 44 0 14762 1210000 16940 527998 958750 504866
 6845.413734 33706 1000 1000 1000 1000 74 46 0 74 52 0 74 42 0 74 44 0 14762 1210000 16940 527998 958750 504866
 6845.613734 33707 1000 1000 1000 1000 74 46 0 74 52 0 74 42 0 74 44 0 15006 1210000 18150 529094 958750 506782
 6845.813734 33708 1000 1000 1000 1000 74 46 0 74 52 0 74 42 0 74 44 0 15006 1210000 18150 529642 958750 506782
 6846.013739 33709 1000 1000 1000 1000 74 46 0 74 52 0 74 42 0 74 44 0 14762 1210000 16940 530190 958750 507740
 6846.213735 33710 1000 1000 1000 1000 74 46 0 74 52 0 74 42 0 74 44 0 14762 1210000 16940 530190 958750 507740
 6846.413734 33711 1000 1000 1000 1000 74 46 0 74 52 0 74 42 0 74 44 0 14762 1210000 16940 529368 958750 506782
 6846.613734 33712 1000 1000 1000 1000 74 46 0 74 52 0 74 42 0 74 44 0 15006 1210000 18150 529094 958750 506782
 6846.813734 33713 1000 1000 1000 1000 74 46 0 74 52 0 74 42 0 74 44 0 14762 1210000 16940 528272 958750 505824
 6847.013734 33714 1000 1000 1000 1000 74 46 0 74 52 0 74 42 0 74 44 0 14762 1210000 16940 528272 958750 505824
 6847.213734 33715 1000 1000 1000 1000 74 46 0 74 52 0 74 42 0 74 44 0 14518 1210000 16940 529916 958750 506782
 6847.413734 33716 1000 1000 1000 1000 74 46 0 74 52 0 74 42 0 74 44 0 15006 1210000 18150 529094 958750 506782
 6847.613734 33717 1000 1000 1000 1000 74 46 0 74 52 0 74 42 0 74 44 0 14762 1210000 16940 529094 958750 506782
 6847.813734 33718 1000 1000 1000 1000 74 46 0 74 52 0 74 42 0 74 44 0 14762 1210000 16940 529094 958750 506782
 6848.013734 33719 1000 1000 1000 1000 74 46 0 74 52 0 74 42 0 74 44 0 14762 1210000 16940 528820 958750 505824
 6848.213734 33720 1000 1000 1000 1000 74 46 0 74 52 0 74 42 0 74 44 0 14762 1210000 16940 529094 958750 506782
 6848.413734 33721 1000 1000 1000 1000 74 46 0 74 52 0 74 42 0 74 44 0 15006 1210000 18150 529916 958750 506782
 6848.613734 33722 1000 1000 1000 1000 74 46 0 74 52 0 74 42 0 74 44 0 15006 1210000 18150 529916 958750 506782
 6848.813734 33723 1000 1000 1000 1000 74 46 0 74 52 0 74 42 0 74 44 0 15006 1210000 18150 527450 958750 504866
 6849.013734 33724 1000 1000 1000 1000 74 46 0 74 52 0 74 42 0 74 44 0 15006 1210000 18150 527724 958750 504866
 6849.213734 33725 1000 1000 1000 1000 74 46 0 74 52 0 74 42 0 74 44 0 15006 1210000 18150 527450 958750 504866
 6849.413735 33726 1000 1000 1000 1000 74 46 0 74 52 0 74 42 0 74 44 0 15006 1210000 18150 527450 958750 504866
 6849.613734 33727 1000 1000 1000 1000 74 46 0 74 52 0 74 42 0 74 44 0 14762 1210000 16940 527450 958750 504866
 6849.813735 33728 1000 1000 1000 1000 74 46 0 74 52 0 74 42 0 74 44 0 14762 1210000 16940 527450 958750 504866
 6850.013734 33729 1000 1000 1000 1000 74 46 0 74 52 0 74 42 0 74 44 0 14518 1210000 16940 527724 958750 504866
 6850.213734 33730 1000 1000 1000 1000 74 46 0 74 52 0 74 42 0 74 44 0 14762 1210000 16940 527998 958750 504866
 6850.413734 33731 1000 1000 1000 1000 74 46 0 74 52 0 74 42 0 74 44 0 14762 1210000 16940 527998 958750 504866
 6850.613735 33732 1000 1000 1000 1000 74 46 0 74 52 0 74 42 0 74 44 0 14762 1210000 16940 527998 958750 504866
 6850.813735 33733 1000 1000 1000 1000 74 46 0 74 52 0 74 42 0 74 44 0 14762 1210000 16940 527450 958750 504866
 6851.013739 33734 1000 1000 1000 1000 74 46 0 74 52 0 74 42 0 74 44 0 14762 1210000 16940 527450 958750 504866
 6851.213734 33735 1000 1000 1000 1000 74 46 0 74 52 0 74 42 0 74 44 0 14762 1210000 16940 527450 958750 504866
 6851.413734 33736 1000 1000 1000 1000 74 46 0 74 52 0 74 42 0 74 44 0 14762 1210000 16940 527998 958750 504866
 6851.613734 33737 1000 1000 1000 1000 74 46 0 74 52 0 74 42 0 74 44 0 14762 1210000 16940 527998 958750 504866
 6851.813734 33738 1000 1000 1000 1000 74 46 0 74 52 0 74 42 0 74 44 0 14762 1210000 16940 527998 958750 504866
 6852.013735 33739 1000 1000 1000 1000 74 46 0 74 52 0 74 42 0 74 44 0 14762 1210000 16940 527998 958750 504866
 6852.213735 33740 1000 1000 1000 1000 74 46 0 74 52 0 74 42 0 74 44 0 14762 1210000 16940 529094 958750 506782
 6852.413734 33741 1000 1000 1000 1000 74 46 0 74 52 0 74 42 0 74 44 0 15006 1210000 18150 528820 958750 505824
 6852.613734 33742 1000 1000 1000 1000 74 46 0 74 52 0 74 42 0 74 44 0 14762 1210000 16940 527998 958750 504866
 6852.813734 33743 1000 1000 1000 1000 74 46 0 74 52 0 74 42 0 74 44 0 14762 1210000 16940 527998 958750 504866
 6853.013734 33744 1000 1000 1000 1000 74 46 0 74 52 0 74 42 0 74 44 0 14762 1210000 16940 527724 958750 504866
 6853.213734 33745 1000 1000 1000 1000 74 46 0 74 52 0 74 42 0 74 44 0 14762 1210000 16940 529642 958750 506782
 6853.413734 33746 1000 1000 1000 1000 74 46 0 74 52 0 74 42 0 74 44 0 14762 1210000 16940 529094 958750 506782
 6853.613734 33747 1000 1000 1000 1000 74 46 0 74 52 0 74 42 0 74 44 0 14762 1210000 16940 529094 958750 506782
 6853.813734 33748 1000 1000 1000 1000 74 46 0 74 52 0 74 42 0 74 44 0 15006 1210000 18150 528546 958750 505824
 6854.013734 33749 1000 1000 1000 1000 74 46 0 74 52 0 74 42 0 74 44 0 15006 1210000 18150 530190 958750 507740
 6854.213734 33750 1000 1000 1000 1000 74 46 0 74 52 0 74 42 0 74 44 0 15006 1210000 18150 527998 958750 504866
 6854.413735 33751 1000 1000 1000 1000 74 46 0 74 52 0 74 42 0 74 44 0 15006 1210000 18150 527998 958750 504866
 6854.613734 33752 1000 1000 1000 1000 74 46 0 74 52 0 74 42 0 74 44 0 14762 1210000 16940 527998 958750 504866
 6854.813735 33753 1000 1000 1000 1000 74 46 0 74 52 0 74 42 0 74 44 0 15006 1210000 18150 528546 958750 505824
 6855.013734 33754 1000 1000 1000 1000 74 46 0 74 52 0 74 42 0 74 44 0 15006 1210000 18150 528820 958750 505824
 6855.213734 33755 1000 1000 1000 1000 74 46 0 74 52 0 74 42 0 74 44 0 15006 1210000 18150 528820 958750 505824
 6855.413734 33756 1000 1000 1000 1000 74 46 0 74 52 0 74 42 0 74 44 0 15006 1210000 18150 527450 958750 504866
 6855.613734 33757 1000 1000 1000 1000 74 46 0 74 52 0 74 42 0 74 44 0 14762 1210000 16940 527998 958750 504866
 6855.813734 33758 1000 1000 1000 1000 74 46 0 74 52 0 74 42 0 74 44 0 15006 1210000 18150 528272 958750 505824
 6856.013741 33759 1000 1000 1000 1000 74 46 0 74 52 0 74 42 0 74 44 0 15006 1210000 18150 528272 958750 505824
 6856.213734 33760 1000 1000 1000 1000 74 46 0 74 52 0 74 42 0 74 44 0 15006 1210000 18150 528272 958750 505824
 6856.413734 33761 1000 1000 1000 1000 74 46 0 74 52 0 74 42 0 74 44 0 14762 1210000 16940 527998 958750 504866
 6856.613734 33762 1000 1000 1000 1000 74 46 0 74 52 0 74 42 0 74 44 0 14762 1210000 16940 527724 958750 504866
 6856.813791 33763 1000 1000 1000 1000 74 46 0 74 52 0 74 42 0 74 44 0 15006 1210000 18150 364420 958750 348712
 6857.013798 33764 1000 1000 1000 1000 74 46 0 74 52 0 74 42 0 74 44 0 15006 1210000 18150 364420 958750 348712
 6857.213798 33765 1000 1000 1000 1000 74 46 0 74 52 0 74 42 0 74 44 0 15006 1210000 18150 45210 957500 43065
