 4909.493805 24027 1400 1400 1400 1400 74 46 0 74 52 0 74 42 0 74 44 0 15006 1210000 18150 71514 1095000 77745
 4909.693806 24028 1400 1400 1400 1400 74 46 0 74 52 0 74 42 0 74 44 0 15006 1210000 18150 71514 1095000 77745
 4909.893806 24029 1400 1400 1400 1400 74 46 0 74 52 0 74 42 0 74 44 0 15006 1210000 18150 70144 1095000 76650
 4910.093806 24030 1400 1400 1400 1400 73 46 0 73 52 0 73 42 0 73 44 0 14762 1210000 16940 68774 1095000 74460
 4910.293806 24031 1400 1400 1400 1400 73 46 0 73 52 0 73 42 0 73 44 0 15006 1210000 18150 69596 1095000 75555
 4910.493806 24032 1400 1400 1400 1400 73 46 0 73 52 0 73 42 0 73 44 0 15006 1210000 18150 69596 1095000 75555
 4910.693806 24033 1400 1400 1400 1400 73 46 0 73 52 0 73 42 0 73 44 0 14518 1210000 16940 68226 1095000 74460
 4910.893806 24034 1400 1400 1400 1400 73 46 0 73 52 0 73 42 0 73 44 0 14762 1210000 16940 74254 1095000 81030
 4911.093803 24035 1400 1400 1400 1400 74 46 0 74 52 0 74 42 0 74 44 0 14762 1210000 16940 69322 1095000 75555
 4911.293806 24036 1400 1400 1400 1400 74 46 0 74 52 0 74 42 0 74 44 0 14762 1210000 16940 69322 1095000 75555
 4911.493806 24037 1400 1400 1400 1400 74 46 0 74 52 0 74 42 0 74 44 0 14762 1210000 16940 290988 1096250 317840
 4911.693806 24038 1400 1400 1400 1400 74 46 0 74 52 0 74 42 0 74 44 0 15006 1210000 18150 64390 1095000 70080
 4911.893731 24039 1400 1400 1400 1400 74 46 0 74 52 0 74 42 0 74 44 0 14762 1210000 16940 64116 1095000 70080
 4912.093803 24040 1400 1400 1400 1400 76 46 0 76 52 0 76 42 0 76 44 0 14762 1210000 16940 64116 1095000 70080
 4912.293826 24041 1400 1400 1400 1400 76 46 0 76 52 0 76 42 0 76 44 0 14762 1208750 16912 335376 1096250 367160
 4912.493842 24042 1400 1400 1400 1400 76 46 0 76 52 0 76 42 0 76 44 0 14762 1210000 16940 1083670 1100000 1191300
 4912.693817 24043 1400 1400 1400 1400 76 46 0 76 52 0 76 42 0 76 44 0 14762 1210000 16940 1024486 1100000 1126400
 4912.893817 24044 1400 1400 1400 1400 76 46 0 76 52 0 76 42 0 76 44 0 14762 1210000 16940 886390 1098750 972828
 4913.093818 24045 1400 1400 1400 1400 74 46 0 74 52 0 74 42 0 74 44 0 14762 1210000 16940 886390 1098750 972828
 4913.293816 24046 1400 1400 1400 1400 74 46 0 74 52 0 74 42 0 74 44 0 15006 1210000 18150 864196 1098750 948672
 4913.493812 24047 1400 1400 1400 1400 74 46 0 74 52 0 74 42 0 74 44 0 14762 1210000 16940 866388 1098750 950868
 4913.693817 24048 1400 1400 1400 1400 74 46 0 74 52 0 74 42 0 74 44 0 15006 1210000 18150 865566 1098750 949770
 4913.893816 24049 1400 1400 1400 1400 74 46 0 74 52 0 74 42 0 74 44 0 15006 1210000 18150 865566 1098750 949770
 4914.093816 24050 1400 1400 1400 1400 74 46 0 74 52 0 74 42 0 74 44 0 15006 1210000 18150 865566 1098750 949770
 4914.293815 24051 1400 1400 1400 1400 74 46 0 74 52 0 74 42 0 74 44 0 15006 1210000 18150 865840 1098750 949770
 4914.493817 24052 1400 1400 1400 1400 74 46 0 74 52 0 74 42 0 74 44 0 14762 1210000 16940 868032 1098750 953064
 4914.693817 24053 1400 1400 1400 1400 74 46 0 74 52 0 74 42 0 74 44 0 14762 1210000 16940 868032 1098750 953064
 4914.893817 24054 1400 1400 1400 1400 74 46 0 74 52 0 74 42 0 74 44 0 15006 1210000 18150 869676 1098750 954162
 4915.093816 24055 1400 1400 1400 1400 75 46 0 75 52 0 75 42 0 75 44 0 14518 1210000 16940 870498 1098750 955260
 4915.293817 24056 1400 1400 1400 1400 75 46 0 75 52 0 75 42 0 75 44 0 15006 1210000 18150 869676 1098750 954162
 4915.493863 24057 1400 1400 1400 1400 75 46 0 75 52 0 75 42 0 75 44 0 15006 1210000 18150 869676 1098750 954162
 4915.693817 24058 1400 1400 1400 1400 75 46 0 75 52 0 75 42 0 75 44 0 15006 1210000 18150 868306 1098750 953064
 4915.893813 24059 1400 1400 1400 1400 75 46 0 75 52 0 75 42 0 75 44 0 15006 1210000 18150 868580 1098750 953064
 4916.093817 24060 1400 1400 1400 1400 75 46 0 75 52 0 75 42 0 75 44 0 14762 1208750 16912 867758 1098750 951966
 4916.293816 24061 1400 1400 1400 1400 75 46 0 75 52 0 75 42 0 75 44 0 14762 1208750 16912 867758 1098750 951966
 4916.493817 24062 1400 1400 1400 1400 75 46 0 75 52 0 75 42 0 75 44 0 15006 1208750 18120 871594 1098750 956358
 4916.693815 24063 1400 1400 1400 1400 75 46 0 75 52 0 75 42 0 75 44 0 15006 1208750 18120 872142 1098750 957456
 4916.893816 24064 1400 1400 1400 1400 75 46 0 75 52 0 75 42 0 75 44 0 15006 1210000 18150 868306 1098750 953064
 4917.093815 24065 1400 1400 1400 1400 75 46 0 75 52 0 75 42 0 75 44 0 15006 1210000 18150 868306 1098750 953064
 4917.293816 24066 1400 1400 1400 1400 75 46 0 75 52 0 75 42 0 75 44 0 14762 1210000 16940 869950 1098750 954162
 4917.493816 24067 1400 1400 1400 1400 75 46 0 75 52 0 75 42 0 75 44 0 14762 1210000 16940 867210 1098750 951966
 4917.693816 24068 1400 1400 1400 1400 75 46 0 75 52 0 75 42 0 75 44 0 15006 1208750 18120 867210 1098750 951966
 4917.893816 24069 1400 1400 1400 1400 75 46 0 75 52 0 75 42 0 75 44 0 15006 1208750 18120 867210 1098750 951966
 4918.093816 24070 1400 1400 1400 1400 75 46 0 75 52 0 75 42 0 75 44 0 15006 1210000 18150 866936 1098750 950868
 4918.293813 24071 1400 1400 1400 1400 75 46 0 75 52 0 75 42 0 75 44 0 15006 1210000 18150 869128 1098750 954162
 4918.493857 24072 1400 1400 1400 1400 75 46 0 75 52 0 75 42 0 75 44 0 15006 1210000 18150 870224 1098750 955260
 4918.693795 24073 1400 1400 1400 1400 75 46 0 75 52 0 75 42 0 75 44 0 15006 1210000 18150 873786 1098750 958554
 4918.893815 24074 1400 1400 1400 1400 75 46 0 75 52 0 75 42 0 75 44 0 15006 1210000 18150 873786 1098750 958554
 4919.093816 24075 1400 1400 1400 1400 75 46 0 75 52 0 75 42 0 75 44 0 15006 1210000 18150 868580 1098750 953064
 4919.293813 24076 1400 1400 1400 1400 75 46 0 75 52 0 75 42 0 75 44 0 15006 1210000 18150 868306 1098750 953064
 4919.493816 24077 1400 1400 1400 1400 75 46 0 75 52 0 75 42 0 75 44 0 15006 1210000 18150 867758 1098750 951966
 4919.693816 24078 1400 1400 1400 1400 75 46 0 75 52 0 75 42 0 75 44 0 15006 1210000 18150 867758 1098750 951966
 4919.893816 24079 1400 1400 1400 1400 75 46 0 75 52 0 75 42 0 75 44 0 14762 1210000 16940 868580 1098750 953064
 4920.093816 24080 1400 1400 1400 1400 75 46 0 75 52 0 75 42 0 75 44 0 15006 1210000 18150 908584 1098750 996984
 4920.293816 24081 1400 1400 1400 1400 75 46 0 75 52 0 75 42 0 75 44 0 14762 1208750 16912 879540 1098750 965142
 4920.493816 24082 1400 1400 1400 1400 75 46 0 75 52 0 75 42 0 75 44 0 14762 1208750 16912 879540 1098750 965142
 4920.693816 24083 1400 1400 1400 1400 75 46 0 75 52 0 75 42 0 75 44 0 14762 1210000 16940 872416 1098750 957456
 4920.893816 24084 1400 1400 1400 1400 75 46 0 75 52 0 75 42 0 75 44 0 15006 1210000 18150 870772 1098750 955260
 4921.093817 24085 1400 1400 1400 1400 75 46 0 75 52 0 75 42 0 75 44 0 14762 1210000 16940 867758 1098750 951966
 4921.293816 24086 1400 1400 1400 1400 75 46 0 75 52 0 75 42 0 75 44 0 14762 1210000 16940 867758 1098750 951966
 4921.493858 24087 1400 1400 1400 1400 75 46 0 75 52 0 75 42 0 75 44 0 15006 1210000 18150 868032 1098750 953064
 4921.693812 24088 1400 1400 1400 1400 75 46 0 75 52 0 75 42 0 75 44 0 15250 1210000 18150 866662 1098750 950868
 4921.893816 24089 1400 1400 1400 1400 75 46 0 75 52 0 75 42 0 75 44 0 15006 1210000 18150 868580 1098750 953064
 4922.093816 24090 1400 1400 1400 1400 75 46 0 75 52 0 75 42 0 75 44 0 15006 1210000 18150 868580 1098750 953064
 4922.293816 24091 1400 1400 1400 1400 75 46 0 75 52 0 75 42 0 75 44 0 15006 1210000 18150 869676 1098750 954162
 4922.493816 24092 1400 1400 1400 1400 75 46 0 75 52 0 75 42 0 75 44 0 15006 1210000 18150 870224 1098750 955260
 4922.693816 24093 1400 1400 1400 1400 75 46 0 75 52 0 75 42 0 75 44 0 15006 1210000 18150 871046 1098750 956358
 4922.893817 24094 1400 1400 1400 1400 75 46 0 75 52 0 75 42 0 75 44 0 15006 1210000 18150 871046 1098750 956358
 4923.093816 24095 1400 1400 1400 1400 76 46 0 76 52 0 76 42 0 76 44 0 15006 1210000 18150 869402 1098750 954162
 4923.293816 24096 1400 1400 1400 1400 76 46 0 76 52 0 76 42 0 76 44 0 15006 1208750 18120 869402 1098750 954162
 4923.493816 24097 1400 1400 1400 1400 76 46 0 76 52 0 76 42 0 76 44 0 15006 1210000 18150 869128 1098750 954162
 4923.693816 24098 1400 1400 1400 1400 76 46 0 76 52 0 76 42 0 76 44 0 15006 1210000 18150 869128 1098750 954162
 4923.893816 24099 1400 1400 1400 1400 76 46 0 76 52 0 76 42 0 76 44 0 15006 1210000 18150 869950 1098750 954162
 4924.093812 24100 1400 1400 1400 1400 75 46 0 75 52 0 75 42 0 75 44 0 15006 1210000 18150 871320 1098750 956358
 4924.293816 24101 1400 1400 1400 1400 75 46 0 75 52 0 75 42 0 75 44 0 15006 1210000 18150 870498 1098750 955260
 4924.493839 24102 1400 1400 1400 1400 75 46 0 75 52 0 75 42 0 75 44 0 15006 1210000 18150 870498 1098750 955260
 4924.693816 24103 1400 1400 1400 1400 75 46 0 75 52 0 75 42 0 75 44 0 15006 1208750 18120 872416 1098750 957456
 4924.893817 24104 1400 1400 1400 1400 75 46 0 75 52 0 75 42 0 75 44 0 15006 1210000 18150 873238 1098750 958554
 4925.093816 24105 1400 1400 1400 1400 76 46 0 76 52 0 76 42 0 76 44 0 15250 1210000 18150 869676 1098750 954162
 4925.293817 24106 1400 1400 1400 1400 76 46 0 76 52 0 76 42 0 76 44 0 15006 1210000 18150 868580 1098750 953064
 4925.493816 24107 1400 1400 1400 1400 76 46 0 76 52 0 76 42 0 76 44 0 15006 1210000 18150 868580 1098750 953064
 4925.693816 24108 1400 1400 1400 1400 76 46 0 76 52 0 76 42 0 76 44 0 15006 1210000 18150 870224 1098750 955260
 4925.893815 24109 1400 1400 1400 1400 76 46 0 76 52 0 76 42 0 76 44 0 14762 1210000 16940 872690 1098750 957456
 4926.093816 24110 1400 1400 1400 1400 76 46 0 76 52 0 76 42 0 76 44 0 15250 1210000 18150 872416 1098750 957456
 4926.293816 24111 1400 1400 1400 1400 76 46 0 76 52 0 76 42 0 76 44 0 15250 1210000 18150 872416 1098750 957456
 4926.493812 24112 1400 1400 1400 1400 76 46 0 76 52 0 76 42 0 76 44 0 15006 1210000 18150 873512 1098750 958554
 4926.693817 24113 1400 1400 1400 1400 76 46 0 76 52 0 76 42 0 76 44 0 15250 1210000 18150 873786 1098750 958554
 4926.893816 24114 1400 1400 1400 1400 76 46 0 76 52 0 76 42 0 76 44 0 14762 1210000 16940 868032 1098750 953064
 4927.093816 24115 1400 1400 1400 1400 76 46 0 76 52 0 76 42 0 76 44 0 14762 1210000 16940 868032 1098750 953064
 4927.293815 24116 1400 1400 1400 1400 76 46 0 76 52 0 76 42 0 76 44 0 14762 1210000 16940 868032 1098750 953064
 4927.493858 24117 1400 1400 1400 1400 76 46 0 76 52 0 76 42 0 76 44 0 15006 1210000 18150 874608 1098750 959652
 4927.693815 24118 1400 1400 1400 1400 76 46 0 76 52 0 76 42 0 76 44 0 15006 1208750 18120 873238 1098750 958554
 4927.893816 24119 1400 1400 1400 1400 76 46 0 76 52 0 76 42 0 76 44 0 15006 1208750 18120 873238 1098750 958554
 4928.093816 24120 1400 1400 1400 1400 76 46 0 76 52 0 76 42 0 76 44 0 15006 1210000 18150 871868 1098750 956358
 4928.293815 24121 1400 1400 1400 1400 76 46 0 76 52 0 76 42 0 76 44 0 15006 1208750 18120 873512 1098750 958554
 4928.493816 24122 1400 1400 1400 1400 76 46 0 76 52 0 76 42 0 76 44 0 15006 1210000 18150 875156 1098750 960750
 4928.693869 24123 1400 1400 1400 1400 76 46 0 76 52 0 76 42 0 76 44 0 15006 1210000 18150 875156 1098750 960750
 4928.893815 24124 1400 1400 1400 1400 76 46 0 76 52 0 76 42 0 76 44 0 15006 1210000 18150 981468 1100000 1079100
 4929.093814 24125 1400 1400 1400 1400 76 46 0 76 52 0 76 42 0 76 44 0 15006 1210000 18150 880636 1098750 966240
 4929.293817 24126 1400 1400 1400 1400 76 46 0 76 52 0 76 42 0 76 44 0 15250 1210000 18150 872142 1098750 957456
 4929.493818 24127 1400 1400 1400 1400 76 46 0 76 52 0 76 42 0 76 44 0 15250 1210000 18150 872142 1098750 957456
 4929.693815 24128 1400 1400 1400 1400 76 46 0 76 52 0 76 42 0 76 44 0 15006 1210000 18150 872416 1098750 957456
 4929.893816 24129 1400 1400 1400 1400 76 46 0 76 52 0 76 42 0 76 44 0 15006 1210000 18150 875978 1098750 960750
 4930.093816 24130 1400 1400 1400 1400 76 46 0 76 52 0 76 42 0 76 44 0 15006 1210000 18150 875156 1098750 960750
 4930.293816 24131 1400 1400 1400 1400 76 46 0 76 52 0 76 42 0 76 44 0 15006 1210000 18150 875156 1098750 960750
 4930.493861 24132 1400 1400 1400 1400 76 46 0 76 52 0 76 42 0 76 44 0 15006 1210000 18150 875430 1098750 960750
 4930.693817 24133 1400 1400 1400 1400 76 46 0 76 52 0 76 42 0 76 44 0 15006 1210000 18150 873786 1098750 958554
 4930.893815 24134 1400 1400 1400 1400 76 46 0 76 52 0 76 42 0 76 44 0 15250 1210000 18150 869950 1098750 954162
 4931.093797 24135 1400 1400 1400 1400 76 46 0 76 52 0 76 42 0 76 44 0 15250 1210000 18150 869402 1098750 954162
 4931.293815 24136 1400 1400 1400 1400 76 46 0 76 52 0 76 42 0 76 44 0 15250 1210000 18150 869402 1098750 954162
 4931.493815 24137 1400 1400 1400 1400 76 46 0 76 52 0 76 42 0 76 44 0 15006 1210000 18150 868306 1098750 953064
 4931.693816 24138 1400 1400 1400 1400 76 46 0 76 52 0 76 42 0 76 44 0 15006 1210000 18150 871046 1098750 956358
 4931.893816 24139 1400 1400 1400 1400 76 46 0 76 52 0 76 42 0 76 44 0 15006 1210000 18150 871594 1098750 956358
 4932.093816 24140 1400 1400 1400 1400 76 46 0 76 52 0 76 42 0 76 44 0 15006 1210000 18150 871594 1098750 956358
 4932.293813 24141 1400 1400 1400 1400 76 46 0 76 52 0 76 42 0 76 44 0 15006 1210000 18150 873238 1098750 958554
 4932.493815 24142 1400 1400 1400 1400 76 46 0 76 52 0 76 42 0 76 44 0 15250 1210000 18150 871594 1098750 956358
 4932.693816 24143 1400 1400 1400 1400 76 46 0 76 52 0 76 42 0 76 44 0 15006 1210000 18150 869676 1098750 954162
 4932.893816 24144 1400 1400 1400 1400 76 46 0 76 52 0 76 42 0 76 44 0 15006 1210000 18150 869676 1098750 954162
 4933.093815 24145 1400 1400 1400 1400 76 46 0 76 52 0 76 42 0 76 44 0 15006 1210000 18150 868580 1098750 953064
 4933.293815 24146 1400 1400 1400 1400 76 46 0 76 52 0 76 42 0 76 44 0 15250 1210000 18150 868580 1098750 953064
 4933.493858 24147 1400 1400 1400 1400 76 46 0 76 52 0 76 42 0 76 44 0 15006 1208750 18120 871046 1098750 956358
 4933.693772 24148 1400 1400 1400 1400 76 46 0 76 52 0 76 42 0 76 44 0 15006 1208750 18120 871046 1098750 956358
 4933.893771 24149 1400 1400 1400 1400 76 46 0 76 52 0 76 42 0 76 44 0 15250 1210000 18150 874608 1098750 959652
 4934.093773 24150 1400 1400 1400 1400 76 46 0 76 52 0 76 42 0 76 44 0 15006 1210000 18150 874334 1098750 959652
 4934.293772 24151 1400 1400 1400 1400 76 46 0 76 52 0 76 42 0 76 44 0 14762 1210000 16940 874060 1098750 959652
 4934.493772 24152 1400 1400 1400 1400 76 46 0 76 52 0 76 42 0 76 44 0 14762 1210000 16940 874060 1098750 959652
 4934.693769 24153 1400 1400 1400 1400 76 46 0 76 52 0 76 42 0 76 44 0 14762 1210000 16940 871868 1098750 956358
 4934.893773 24154 1400 1400 1400 1400 76 46 0 76 52 0 76 42 0 76 44 0 15250 1210000 18150 869950 1098750 954162
 4935.093817 24155 1400 1400 1400 1400 76 46 0 76 52 0 76 42 0 76 44 0 14762 1210000 16940 871046 1098750 956358
 4935.293799 24156 1400 1400 1400 1400 76 46 0 76 52 0 76 42 0 76 44 0 14762 1210000 16940 871046 1098750 956358
 4935.493799 24157 1400 1400 1400 1400 76 46 0 76 52 0 76 42 0 76 44 0 15250 1210000 18150 874334 1098750 959652
 4935.693798 24158 1400 1400 1400 1400 76 46 0 76 52 0 76 42 0 76 44 0 15250 1210000 18150 873512 1098750 958554
 4935.893799 24159 1400 1400 1400 1400 76 46 0 76 52 0 76 42 0 76 44 0 15006 1210000 18150 874334 1098750 959652
 4936.093798 24160 1400 1400 1400 1400 76 46 0 76 52 0 76 42 0 76 44 0 15006 1210000 18150 874334 1098750 959652
 4936.293799 24161 1400 1400 1400 1400 76 46 0 76 52 0 76 42 0 76 44 0 15006 1210000 18150 873786 1098750 958554
 4936.493844 24162 1400 1400 1400 1400 76 46 0 76 52 0 76 42 0 76 44 0 15006 1210000 18150 871594 1098750 956358
 4936.693799 24163 1400 1400 1400 1400 76 46 0 76 52 0 76 42 0 76 44 0 15006 1210000 18150 872416 1098750 957456
 4936.893798 24164 1400 1400 1400 1400 76 46 0 76 52 0 76 42 0 76 44 0 15006 1210000 18150 872416 1098750 957456
 4937.093796 24165 1400 1400 1400 1400 76 46 0 76 52 0 76 42 0 76 44 0 15006 1210000 18150 869402 1098750 954162
 4937.293799 24166 1400 1400 1400 1400 76 46 0 76 52 0 76 42 0 76 44 0 15006 1210000 18150 872690 1098750 957456
 4937.493799 24167 1400 1400 1400 1400 76 46 0 76 52 0 76 42 0 76 44 0 15006 1210000 18150 872142 1098750 957456
 4937.693795 24168 1400 1400 1400 1400 76 46 0 76 52 0 76 42 0 76 44 0 15250 1210000 18150 871594 1098750 956358
 4937.893798 24169 1400 1400 1400 1400 76 46 0 76 52 0 76 42 0 76 44 0 15250 1210000 18150 871594 1098750 956358
 4938.093800 24170 1400 1400 1400 1400 76 46 0 76 52 0 76 42 0 76 44 0 15006 1210000 18150 871594 1098750 956358
 4938.293800 24171 1400 1400 1400 1400 76 46 0 76 52 0 76 42 0 76 44 0 15006 1210000 18150 872416 1098750 957456
 4938.493799 24172 1400 1400 1400 1400 76 46 0 76 52 0 76 42 0 76 44 0 15006 1210000 18150 871320 1098750 956358
 4938.693799 24173 1400 1400 1400 1400 76 46 0 76 52 0 76 42 0 76 44 0 15006 1210000 18150 871320 1098750 956358
 4938.893799 24174 1400 1400 1400 1400 76 46 0 76 52 0 76 42 0 76 44 0 15006 1210000 18150 869402 1098750 954162
 4939.093799 24175 1400 1400 1400 1400 76 46 0 76 52 0 76 42 0 76 44 0 14762 1210000 16940 873512 1098750 958554
 4939.293795 24176 1400 1400 1400 1400 76 46 0 76 52 0 76 42 0 76 44 0 15006 1210000 18150 874334 1098750 959652
 4939.493820 24177 1400 1400 1400 1400 76 46 0 76 52 0 76 42 0 76 44 0 15006 1210000 18150 874334 1098750 959652
 4939.693800 24178 1400 1400 1400 1400 76 46 0 76 52 0 76 42 0 76 44 0 15006 1210000 18150 873786 1098750 958554
 4939.893799 24179 1400 1400 1400 1400 76 46 0 76 52 0 76 42 0 76 44 0 15006 1210000 18150 875704 1098750 960750
 4940.093799 24180 1400 1400 1400 1400 76 46 0 76 52 0 76 42 0 76 44 0 15006 1210000 18150 870224 1098750 955260
 4940.293799 24181 1400 1400 1400 1400 76 46 0 76 52 0 76 42 0 76 44 0 15006 1210000 18150 870224 1098750 955260
 4940.493798 24182 1400 1400 1400 1400 76 46 0 76 52 0 76 42 0 76 44 0 14762 1210000 16940 870498 1098750 955260
 4940.693798 24183 1400 1400 1400 1400 76 46 0 76 52 0 76 42 0 76 44 0 15006 1210000 18150 869950 1098750 954162
 4940.893799 24184 1400 1400 1400 1400 76 46 0 76 52 0 76 42 0 76 44 0 15006 1210000 18150 870772 1098750 955260
 4941.093799 24185 1400 1400 1400 1400 76 46 0 76 52 0 76 42 0 76 44 0 15006 1210000 18150 870772 1098750 955260
 4941.293799 24186 1400 1400 1400 1400 76 46 0 76 52 0 76 42 0 76 44 0 14762 1210000 16940 872690 1098750 957456
 4941.493799 24187 1400 1400 1400 1400 76 46 0 76 52 0 76 42 0 76 44 0 15006 1210000 18150 874060 1098750 959652
 4941.693795 24188 1400 1400 1400 1400 76 46 0 76 52 0 76 42 0 76 44 0 15006 1210000 18150 872964 1098750 957456
 4941.893799 24189 1400 1400 1400 1400 76 46 0 76 52 0 76 42 0 76 44 0 15006 1210000 18150 872964 1098750 957456
 4942.093799 24190 1400 1400 1400 1400 76 46 0 76 52 0 76 42 0 76 44 0 15006 1210000 18150 869676 1098750 954162
 4942.293799 24191 1400 1400 1400 1400 76 46 0 76 52 0 76 42 0 76 44 0 15006 1210000 18150 869402 1098750 954162
 4942.493817 24192 1400 1400 1400 1400 76 46 0 76 52 0 76 42 0 76 44 0 15006 1210000 18150 872964 1098750 957456
 4942.693796 24193 1400 1400 1400 1400 76 46 0 76 52 0 76 42 0 76 44 0 15006 1210000 18150 872964 1098750 957456
 4942.893795 24194 1400 1400 1400 1400 76 46 0 76 52 0 76 42 0 76 44 0 15006 1210000 18150 872416 1098750 957456
 4943.093799 24195 1400 1400 1400 1400 76 46 0 76 52 0 76 42 0 76 44 0 15006 1210000 18150 873238 1098750 958554
 4943.293816 24196 1400 1400 1400 1400 76 46 0 76 52 0 76 42 0 76 44 0 15006 1210000 18150 872690 1098750 957456
 4943.493799 24197 1400 1400 1400 1400 76 46 0 76 52 0 76 42 0 76 44 0 15006 1210000 18150 872690 1098750 957456
 4943.693817 24198 1400 1400 1400 1400 76 46 0 76 52 0 76 42 0 76 44 0 15250 1210000 18150 871594 1098750 956358
 4943.893817 24199 1400 1400 1400 1400 76 46 0 76 52 0 76 42 0 76 44 0 15006 1208750 18120 873512 1098750 958554
 4944.093813 24200 1400 1400 1400 1400 76 46 0 76 52 0 76 42 0 76 44 0 15006 1210000 18150 872690 1098750 957456
 4944.293818 24201 1400 1400 1400 1400 76 46 0 76 52 0 76 42 0 76 44 0 15006 1210000 18150 871594 1098750 956358
 4944.493816 24202 1400 1400 1400 1400 76 46 0 76 52 0 76 42 0 76 44 0 15006 1210000 18150 871594 1098750 956358
 4944.693816 24203 1400 1400 1400 1400 76 46 0 76 52 0 76 42 0 76 44 0 15006 1210000 18150 873512 1098750 958554
 4944.893816 24204 1400 1400 1400 1400 76 46 0 76 52 0 76 42 0 76 44 0 15006 1210000 18150 874608 1098750 959652
 4945.093813 24205 1400 1400 1400 1400 76 46 0 76 52 0 76 42 0 76 44 0 15006 1210000 18150 877348 1098750 962946
 4945.293816 24206 1400 1400 1400 1400 76 46 0 76 52 0 76 42 0 76 44 0 15006 1210000 18150 877348 1098750 962946
 4945.493847 24207 1400 1400 1400 1400 76 46 0 76 52 0 76 42 0 76 44 0 15006 1210000 18150 874608 1098750 959652
 4945.693816 24208 1400 1400 1400 1400 76 46 0 76 52 0 76 42 0 76 44 0 15006 1210000 18150 875156 1098750 960750
 4945.893817 24209 1400 1400 1400 1400 76 46 0 76 52 0 76 42 0 76 44 0 15250 1210000 18150 872416 1098750 957456
 4946.093817 24210 1400 1400 1400 1400 76 46 0 76 52 0 76 42 0 76 44 0 15250 1210000 18150 872416 1098750 957456
 4946.293817 24211 1400 1400 1400 1400 76 46 0 76 52 0 76 42 0 76 44 0 15006 1210000 18150 872142 1098750 957456
 4946.493862 24212 1400 1400 1400 1400 76 46 0 76 52 0 76 42 0 76 44 0 14762 1210000 16940 871320 1098750 956358
 4946.693763 24213 1400 1400 1400 1400 76 46 0 76 52 0 76 42 0 76 44 0 15250 1210000 18150 776242 1098750 852048
 4946.893807 24214 1400 1400 1400 1400 76 46 0 76 52 0 76 42 0 76 44 0 15250 1210000 18150 776242 1098750 852048
 4947.093828 24215 1400 1400 1400 1400 75 46 0 75 52 0 75 42 0 75 44 0 15006 1210000 18150 76720 1095000 83220
 4947.293807 24216 1400 1400 1400 1400 75 46 0 75 52 0 75 42 0 75 44 0 15250 1210000 18150 71788 1095000 77745
 4947.493803 24217 1400 1400 1400 1400 75 46 0 75 52 0 75 42 0 75 44 0 15250 1210000 18150 75350 1095000 82125
 4947.693807 24218 1400 1400 1400 1400 74 46 0 74 52 0 74 42 0 74 44 0 15250 1210000 18150 75350 1095000 82125
 4947.893808 24219 1400 1400 1400 1400 74 46 0 74 52 0 74 42 0 74 44 0 15250 1210000 18150 70418 1095000 76650
 4948.093807 24220 1400 1400 1400 1400 74 46 0 74 52 0 74 42 0 74 44 0 15250 1210000 18150 66308 1095000 72270
 4948.293806 24221 1400 1400 1400 1400 74 46 0 74 52 0 74 42 0 74 44 0 15006 1210000 18150 67404 1095000 73365
