24589.024931 120799 500 500 500 500 73 46 0 73 52 0 73 42 0 73 44 0 16226 1085000 17360 7398 958750 6706
24589.224914 120800 500 500 500 500 73 46 0 73 52 0 73 42 0 73 44 0 16226 1085000 17360 7398 958750 6706
24589.424915 120801 500 500 500 500 73 46 0 73 52 0 73 42 0 73 44 0 15982 1085000 16275 7398 958750 6706
24589.624914 120802 500 500 500 500 73 46 0 73 52 0 73 42 0 73 44 0 16775 1085000 17360 7124 958750 6706
24589.824913 120803 500 500 500 500 73 46 0 73 52 0 73 42 0 73 44 0 16775 1085000 17360 7124 958750 6706
24590.024926 120804 500 500 500 500 73 46 0 73 52 0 73 42 0 73 44 0 16470 1086250 17376 7398 958750 6706
24590.224913 120805 500 500 500 500 73 46 0 73 52 0 73 42 0 73 44 0 16226 1085000 17360 7124 958750 6706
24590.424914 120806 500 500 500 500 73 46 0 73 52 0 73 42 0 73 44 0 16226 1085000 17360 7398 958750 6706
24590.624914 120807 500 500 500 500 73 46 0 73 52 0 73 42 0 73 44 0 16226 1085000 17360 7398 958750 6706
24590.824881 120808 500 500 500 500 73 46 0 73 52 0 73 42 0 73 44 0 16775 1085000 17360 7398 958750 6706
24591.024935 120809 500 500 500 500 73 46 0 73 52 0 73 42 0 73 44 0 43737 1085000 46655 7124 958750 6706
24591.224915 120810 500 500 500 500 73 46 0 73 52 0 73 42 0 73 44 0 17507 1085000 18445 7398 958750 6706
24591.424915 120811 500 500 500 500 73 46 0 73 52 0 73 42 0 73 44 0 17507 1085000 18445 7398 958750 6706
24591.624924 120812 500 500 500 500 73 46 0 73 52 0 73 42 0 73 44 0 16775 1086250 17376 7124 958750 6706
24591.824916 120813 500 500 500 500 73 46 0 73 52 0 73 42 0 73 44 0 57767 1085000 61845 7124 958750 6706
24592.029883 120814 500 500 500 500 73 46 0 73 52 0 73 42 0 73 44 0 124257 1083750 134292 7398 958750 6706
24592.229880 120815 500 500 500 500 73 46 0 73 52 0 73 42 0 73 44 0 117242 1083750 126711 7398 958750 6706
24592.429978 120816 500 500 500 500 73 46 0 73 52 0 73 42 0 73 44 0 117242 1083750 126711 7398 958750 6706
24592.630001 120817 500 500 500 500 73 46 0 73 52 0 73 42 0 73 44 0 114253 1083750 123462 7398 958750 6706
24592.829983 120818 500 500 500 500 73 46 0 73 52 0 73 42 0 73 44 0 112240 1083750 121296 7124 958750 6706
24593.029933 120819 500 500 500 500 74 46 0 74 52 0 74 42 0 74 44 0 111020 1083750 120213 7398 958750 6706
24593.229917 120820 500 500 500 500 74 46 0 74 52 0 74 42 0 74 44 0 111020 1083750 120213 7398 958750 6706
24593.429915 120821 500 500 500 500 74 46 0 74 52 0 74 42 0 74 44 0 101748 1083750 109383 7398 958750 6706
24593.629916 120822 500 500 500 500 73 46 0 73 52 0 73 42 0 73 44 0 101748 1083750 109383 7398 958750 6706
24593.829914 120823 500 500 500 500 73 46 0 73 52 0 73 42 0 73 44 0 101992 1083750 109383 7398 958750 6706
24594.029930 120824 500 500 500 500 73 46 0 73 52 0 73 42 0 73 44 0 101992 1083750 109383 7398 958750 6706
24594.229908 120825 500 500 500 500 73 46 0 73 52 0 73 42 0 73 44 0 101504 1083750 109383 7398 958750 6706
24594.429913 120826 500 500 500 500 73 46 0 73 52 0 73 42 0 73 44 0 101748 1083750 109383 7398 958750 6706
24594.629914 120827 500 500 500 500 73 46 0 73 52 0 73 42 0 73 44 0 101992 1083750 109383 7398 958750 6706
24594.829914 120828 500 500 500 500 73 46 0 73 52 0 73 42 0 73 44 0 101992 1083750 109383 7398 958750 6706
24595.029928 120829 500 500 500 500 73 46 0 73 52 0 73 42 0 73 44 0 102236 1083750 110466 7398 958750 6706
24595.229914 120830 500 500 500 500 73 46 0 73 52 0 73 42 0 73 44 0 101992 1083750 109383 7398 958750 6706
24595.429913 120831 500 500 500 500 73 46 0 73 52 0 73 42 0 73 44 0 101992 1083750 109383 7398 958750 6706
24595.629915 120832 500 500 500 500 73 46 0 73 52 0 73 42 0 73 44 0 101992 1083750 109383 7398 958750 6706
24595.829914 120833 500 500 500 500 73 46 0 73 52 0 73 42 0 73 44 0 102236 1083750 110466 7398 958750 6706
24596.029930 120834 500 500 500 500 73 46 0 73 52 0 73 42 0 73 44 0 101992 1083750 109383 7398 958750 6706
24596.229915 120835 500 500 500 500 73 46 0 73 52 0 73 42 0 73 44 0 102236 1083750 110466 7398 958750 6706
24596.429914 120836 500 500 500 500 73 46 0 73 52 0 73 42 0 73 44 0 102236 1083750 110466 7398 958750 6706
24596.629910 120837 500 500 500 500 73 46 0 73 52 0 73 42 0 73 44 0 102480 1083750 110466 7398 958750 6706
24596.829914 120838 500 500 500 500 73 46 0 73 52 0 73 42 0 73 44 0 102236 1083750 110466 7398 958750 6706
24597.029927 120839 500 500 500 500 73 46 0 73 52 0 73 42 0 73 44 0 101992 1083750 109383 7398 958750 6706
24597.229913 120840 500 500 500 500 73 46 0 73 52 0 73 42 0 73 44 0 101992 1083750 109383 7398 958750 6706
24597.429914 120841 500 500 500 500 73 46 0 73 52 0 73 42 0 73 44 0 101504 1083750 109383 7398 958750 6706
24597.629915 120842 500 500 500 500 73 46 0 73 52 0 73 42 0 73 44 0 102480 1083750 110466 7398 958750 6706
24597.829915 120843 500 500 500 500 73 46 0 73 52 0 73 42 0 73 44 0 101504 1083750 109383 7398 958750 6706
24598.029905 120844 500 500 500 500 74 46 0 74 52 0 74 42 0 74 44 0 101992 1083750 109383 7398 958750 6706
24598.229916 120845 500 500 500 500 74 46 0 74 52 0 74 42 0 74 44 0 101992 1083750 109383 7398 958750 6706
24598.429915 120846 500 500 500 500 74 46 0 74 52 0 74 42 0 74 44 0 101992 1083750 109383 7398 958750 6706
24598.629913 120847 500 500 500 500 74 46 0 74 52 0 74 42 0 74 44 0 101992 1083750 109383 7398 958750 6706
24598.829906 120848 500 500 500 500 74 46 0 74 52 0 74 42 0 74 44 0 102236 1083750 110466 7398 958750 6706
24599.029931 120849 500 500 500 500 73 46 0 73 52 0 73 42 0 73 44 0 102236 1083750 110466 7398 958750 6706
24599.229915 120850 500 500 500 500 73 46 0 73 52 0 73 42 0 73 44 0 101992 1083750 109383 7398 958750 6706
24599.429914 120851 500 500 500 500 73 46 0 73 52 0 73 42 0 73 44 0 101992 1083750 109383 7398 958750 6706
24599.629914 120852 500 500 500 500 73 46 0 73 52 0 73 42 0 73 44 0 101748 1083750 109383 7398 958750 6706
24599.829914 120853 500 500 500 500 73 46 0 73 52 0 73 42 0 73 44 0 101748 1083750 109383 7398 958750 6706
24600.029926 120854 500 500 500 500 73 46 0 73 52 0 73 42 0 73 44 0 101992 1083750 109383 7398 958750 6706
24600.229914 120855 500 500 500 500 73 46 0 73 52 0 73 42 0 73 44 0 101992 1083750 109383 7398 958750 6706
24600.429914 120856 500 500 500 500 73 46 0 73 52 0 73 42 0 73 44 0 102236 1083750 110466 7398 958750 6706
24600.629915 120857 500 500 500 500 73 46 0 73 52 0 73 42 0 73 44 0 102236 1083750 110466 7398 958750 6706
24600.829914 120858 500 500 500 500 73 46 0 73 52 0 73 42 0 73 44 0 101748 1083750 109383 7398 958750 6706
24601.029927 120859 500 500 500 500 73 46 0 73 52 0 73 42 0 73 44 0 102236 1083750 110466 7398 958750 6706
24601.229914 120860 500 500 500 500 73 46 0 73 52 0 73 42 0 73 44 0 101504 1083750 109383 7398 958750 6706
24601.429915 120861 500 500 500 500 73 46 0 73 52 0 73 42 0 73 44 0 101504 1083750 109383 7398 958750 6706
24601.629914 120862 500 500 500 500 73 46 0 73 52 0 73 42 0 73 44 0 101992 1083750 109383 7398 958750 6706
24601.829913 120863 500 500 500 500 73 46 0 73 52 0 73 42 0 73 44 0 101992 1083750 109383 7398 958750 6706
24602.029928 120864 500 500 500 500 73 46 0 73 52 0 73 42 0 73 44 0 101748 1083750 109383 7398 958750 6706
24602.229914 120865 500 500 500 500 73 46 0 73 52 0 73 42 0 73 44 0 101748 1083750 109383 7398 958750 6706
24602.429908 120866 500 500 500 500 73 46 0 73 52 0 73 42 0 73 44 0 102480 1083750 110466 7398 958750 6706
24602.629914 120867 500 500 500 500 73 46 0 73 52 0 73 42 0 73 44 0 101992 1083750 109383 7124 958750 6706
24602.829913 120868 500 500 500 500 73 46 0 73 52 0 73 42 0 73 44 0 101992 1083750 109383 7398 958750 6706
24603.029926 120869 500 500 500 500 73 46 0 73 52 0 73 42 0 73 44 0 101992 1083750 109383 7398 958750 6706
24603.229914 120870 500 500 500 500 73 46 0 73 52 0 73 42 0 73 44 0 101748 1083750 109383 7398 958750 6706
24603.429914 120871 500 500 500 500 73 46 0 73 52 0 73 42 0 73 44 0 101992 1083750 109383 7398 958750 6706
24603.629913 120872 500 500 500 500 74 46 0 74 52 0 74 42 0 74 44 0 101992 1083750 109383 7398 958750 6706
24603.829895 120873 500 500 500 500 74 46 0 74 52 0 74 42 0 74 44 0 101992 1083750 109383 7398 958750 6706
24604.029926 120874 500 500 500 500 74 46 0 74 52 0 74 42 0 74 44 0 102236 1083750 110466 7398 958750 6706
24604.229914 120875 500 500 500 500 74 46 0 74 52 0 74 42 0 74 44 0 101992 1083750 109383 7398 958750 6706
24604.429914 120876 500 500 500 500 74 46 0 74 52 0 74 42 0 74 44 0 101992 1083750 109383 7124 958750 6706
24604.629884 120877 500 500 500 500 74 46 0 74 52 0 74 42 0 74 44 0 101992 1083750 109383 7398 958750 6706
24604.829915 120878 500 500 500 500 74 46 0 74 52 0 74 42 0 74 44 0 101992 1083750 109383 7398 958750 6706
24605.029928 120879 500 500 500 500 73 46 0 73 52 0 73 42 0 73 44 0 101504 1083750 109383 7398 958750 6706
24605.229914 120880 500 500 500 500 73 46 0 73 52 0 73 42 0 73 44 0 102480 1083750 110466 7398 958750 6706
24605.429915 120881 500 500 500 500 73 46 0 73 52 0 73 42 0 73 44 0 102236 1083750 110466 7124 958750 6706
24605.629915 120882 500 500 500 500 73 46 0 73 52 0 73 42 0 73 44 0 102236 1083750 110466 7124 958750 6706
24605.829914 120883 500 500 500 500 73 46 0 73 52 0 73 42 0 73 44 0 100772 1083750 108300 7398 958750 6706
24606.029928 120884 500 500 500 500 73 46 0 73 52 0 73 42 0 73 44 0 102236 1083750 110466 7398 958750 6706
24606.229891 120885 500 500 500 500 73 46 0 73 52 0 73 42 0 73 44 0 101992 1083750 109383 7398 958750 6706
24606.429892 120886 500 500 500 500 73 46 0 73 52 0 73 42 0 73 44 0 101992 1083750 109383 7398 958750 6706
24606.629892 120887 500 500 500 500 73 46 0 73 52 0 73 42 0 73 44 0 101992 1083750 109383 7398 958750 6706
24606.829891 120888 500 500 500 500 73 46 0 73 52 0 73 42 0 73 44 0 101992 1083750 109383 7398 958750 6706
24607.029884 120889 500 500 500 500 74 46 0 74 52 0 74 42 0 74 44 0 102236 1083750 110466 7398 958750 6706
24607.229891 120890 500 500 500 500 74 46 0 74 52 0 74 42 0 74 44 0 102236 1083750 110466 7398 958750 6706
24607.429891 120891 500 500 500 500 74 46 0 74 52 0 74 42 0 74 44 0 101748 1083750 109383 7398 958750 6706
24607.629891 120892 500 500 500 500 74 46 0 74 52 0 74 42 0 74 44 0 101992 1083750 109383 7398 958750 6706
24607.829891 120893 500 500 500 500 74 46 0 74 52 0 74 42 0 74 44 0 101992 1083750 109383 7398 958750 6706
24608.029905 120894 500 500 500 500 73 46 0 73 52 0 73 42 0 73 44 0 101992 1083750 109383 7398 958750 6706
24608.229891 120895 500 500 500 500 73 46 0 73 52 0 73 42 0 73 44 0 102236 1083750 110466 7124 958750 6706
24608.429891 120896 500 500 500 500 73 46 0 73 52 0 73 42 0 73 44 0 101992 1083750 109383 7398 958750 6706
24608.629892 120897 500 500 500 500 73 46 0 73 52 0 73 42 0 73 44 0 102236 1083750 110466 7398 958750 6706
24608.829847 120898 500 500 500 500 73 46 0 73 52 0 73 42 0 73 44 0 102236 1083750 110466 7398 958750 6706
24609.029860 120899 500 500 500 500 73 46 0 73 52 0 73 42 0 73 44 0 101992 1083750 109383 7398 958750 6706
24609.229847 120900 500 500 500 500 73 46 0 73 52 0 73 42 0 73 44 0 102236 1083750 110466 7398 958750 6706
24609.429884 120901 500 500 500 500 73 46 0 73 52 0 73 42 0 73 44 0 102236 1083750 110466 7398 958750 6706
24609.629897 120902 500 500 500 500 73 46 0 73 52 0 73 42 0 73 44 0 102236 1083750 110466 7398 958750 6706
24609.829896 120903 500 500 500 500 73 46 0 73 52 0 73 42 0 73 44 0 101992 1083750 109383 7398 958750 6706
24610.029908 120904 500 500 500 500 73 46 0 73 52 0 73 42 0 73 44 0 102236 1083750 110466 7398 958750 6706
24610.229896 120905 500 500 500 500 73 46 0 73 52 0 73 42 0 73 44 0 102236 1083750 110466 7398 958750 6706
24610.430283 120906 500 500 500 500 73 46 0 73 52 0 73 42 0 73 44 0 101748 1083750 109383 7398 958750 6706
24610.629891 120907 500 500 500 500 73 46 0 73 52 0 73 42 0 73 44 0 101748 1083750 109383 7398 958750 6706
24610.829897 120908 500 500 500 500 73 46 0 73 52 0 73 42 0 73 44 0 101992 1083750 109383 7398 958750 6706
24611.029913 120909 500 500 500 500 73 46 0 73 52 0 73 42 0 73 44 0 102236 1083750 110466 7398 958750 6706
24611.229896 120910 500 500 500 500 73 46 0 73 52 0 73 42 0 73 44 0 102236 1083750 110466 7398 958750 6706
24611.429898 120911 500 500 500 500 73 46 0 73 52 0 73 42 0 73 44 0 102236 1083750 110466 7398 958750 6706
24611.629897 120912 500 500 500 500 73 46 0 73 52 0 73 42 0 73 44 0 101992 1083750 109383 7398 958750 6706
24611.829896 120913 500 500 500 500 73 46 0 73 52 0 73 42 0 73 44 0 101992 1083750 109383 7398 958750 6706
24612.029908 120914 500 500 500 500 74 46 0 74 52 0 74 42 0 74 44 0 101748 1083750 109383 7398 958750 6706
24612.229896 120915 500 500 500 500 74 46 0 74 52 0 74 42 0 74 44 0 101748 1083750 109383 7398 958750 6706
24612.429896 120916 500 500 500 500 74 46 0 74 52 0 74 42 0 74 44 0 101992 1083750 109383 7398 958750 6706
24612.629897 120917 500 500 500 500 74 46 0 74 52 0 74 42 0 74 44 0 101992 1083750 109383 7398 958750 6706
24612.829889 120918 500 500 500 500 74 46 0 74 52 0 74 42 0 74 44 0 101992 1083750 109383 7398 958750 6706
24613.029927 120919 500 500 500 500 73 46 0 73 52 0 73 42 0 73 44 0 101992 1083750 109383 7398 958750 6706
24613.229913 120920 500 500 500 500 73 46 0 73 52 0 73 42 0 73 44 0 102236 1083750 110466 7398 958750 6706
24613.429913 120921 500 500 500 500 73 46 0 73 52 0 73 42 0 73 44 0 101992 1083750 109383 7398 958750 6706
24613.629915 120922 500 500 500 500 74 46 0 74 52 0 74 42 0 74 44 0 101748 1083750 109383 7398 958750 6706
24613.829913 120923 500 500 500 500 74 46 0 74 52 0 74 42 0 74 44 0 101748 1083750 109383 7398 958750 6706
24614.029928 120924 500 500 500 500 74 46 0 74 52 0 74 42 0 74 44 0 102480 1083750 110466 7398 958750 6706
24614.229913 120925 500 500 500 500 74 46 0 74 52 0 74 42 0 74 44 0 101992 1083750 109383 7398 958750 6706
24614.429913 120926 500 500 500 500 74 46 0 74 52 0 74 42 0 74 44 0 102236 1083750 110466 7398 958750 6706
24614.629914 120927 500 500 500 500 74 46 0 74 52 0 74 42 0 74 44 0 102236 1083750 110466 7398 958750 6706
24614.829914 120928 500 500 500 500 74 46 0 74 52 0 74 42 0 74 44 0 101992 1083750 109383 7398 958750 6706
24615.029926 120929 500 500 500 500 74 46 0 74 52 0 74 42 0 74 44 0 101992 1083750 109383 7398 958750 6706
24615.229906 120930 500 500 500 500 74 46 0 74 52 0 74 42 0 74 44 0 101748 1083750 109383 7124 958750 6706
24615.429915 120931 500 500 500 500 74 46 0 74 52 0 74 42 0 74 44 0 101748 1083750 109383 7124 958750 6706
24615.629914 120932 500 500 500 500 73 46 0 73 52 0 73 42 0 73 44 0 102236 1083750 110466 7398 958750 6706
24615.829913 120933 500 500 500 500 73 46 0 73 52 0 73 42 0 73 44 0 101504 1083750 109383 7398 958750 6706
24616.029928 120934 500 500 500 500 74 46 0 74 52 0 74 42 0 74 44 0 101992 1083750 109383 7398 958750 6706
24616.229914 120935 500 500 500 500 74 46 0 74 52 0 74 42 0 74 44 0 101992 1083750 109383 7398 958750 6706
24616.429912 120936 500 500 500 500 74 46 0 74 52 0 74 42 0 74 44 0 101992 1083750 109383 7398 958750 6706
24616.629914 120937 500 500 500 500 74 46 0 74 52 0 74 42 0 74 44 0 101992 1083750 109383 7398 958750 6706
24616.829915 120938 500 500 500 500 74 46 0 74 52 0 74 42 0 74 44 0 102236 1083750 110466 7398 958750 6706
24617.029906 120939 500 500 500 500 74 46 0 74 52 0 74 42 0 74 44 0 101748 1083750 109383 7398 958750 6706
24617.229913 120940 500 500 500 500 74 46 0 74 52 0 74 42 0 74 44 0 101748 1083750 109383 7398 958750 6706
24617.429913 120941 500 500 500 500 74 46 0 74 52 0 74 42 0 74 44 0 101504 1083750 109383 7398 958750 6706
24617.629907 120942 500 500 500 500 73 46 0 73 52 0 73 42 0 73 44 0 101504 1083750 109383 7398 958750 6706
24617.829913 120943 500 500 500 500 73 46 0 73 52 0 73 42 0 73 44 0 101992 1083750 109383 7398 958750 6706
24618.029926 120944 500 500 500 500 74 46 0 74 52 0 74 42 0 74 44 0 101992 1083750 109383 7398 958750 6706
24618.229913 120945 500 500 500 500 74 46 0 74 52 0 74 42 0 74 44 0 101748 1083750 109383 7398 958750 6706
24618.429913 120946 500 500 500 500 74 46 0 74 52 0 74 42 0 74 44 0 101504 1083750 109383 7398 958750 6706
24618.629907 120947 500 500 500 500 74 46 0 74 52 0 74 42 0 74 44 0 101748 1083750 109383 7398 958750 6706
24618.829912 120948 500 500 500 500 74 46 0 74 52 0 74 42 0 74 44 0 101748 1083750 109383 7398 958750 6706
24619.029926 120949 500 500 500 500 73 46 0 73 52 0 73 42 0 73 44 0 101748 1083750 109383 7398 958750 6706
24619.229913 120950 500 500 500 500 73 46 0 73 52 0 73 42 0 73 44 0 102236 1083750 110466 7398 958750 6706
24619.429913 120951 500 500 500 500 73 46 0 73 52 0 73 42 0 73 44 0 101504 1083750 109383 7398 958750 6706
24619.629913 120952 500 500 500 500 74 46 0 74 52 0 74 42 0 74 44 0 101504 1083750 109383 7398 958750 6706
24619.829912 120953 500 500 500 500 74 46 0 74 52 0 74 42 0 74 44 0 102236 1083750 110466 7398 958750 6706
24620.029928 120954 500 500 500 500 73 46 0 73 52 0 73 42 0 73 44 0 102236 1083750 110466 7398 958750 6706
24620.229914 120955 500 500 500 500 73 46 0 73 52 0 73 42 0 73 44 0 102236 1083750 110466 7398 958750 6706
24620.429915 120956 500 500 500 500 73 46 0 73 52 0 73 42 0 73 44 0 102236 1083750 110466 7398 958750 6706
24620.629915 120957 500 500 500 500 73 46 0 73 52 0 73 42 0 73 44 0 101992 1083750 109383 7398 958750 6706
24620.829914 120958 500 500 500 500 73 46 0 73 52 0 73 42 0 73 44 0 101992 1083750 109383 7398 958750 6706
24621.029920 120959 500 500 500 500 73 46 0 73 52 0 73 42 0 73 44 0 101504 1083750 109383 7398 958750 6706
24621.229913 120960 500 500 500 500 73 46 0 73 52 0 73 42 0 73 44 0 101504 1083750 109383 7398 958750 6706
24621.429913 120961 500 500 500 500 73 46 0 73 52 0 73 42 0 73 44 0 102236 1083750 110466 7398 958750 6706
24621.629914 120962 500 500 500 500 74 46 0 74 52 0 74 42 0 74 44 0 102236 1083750 110466 7398 958750 6706
24621.829913 120963 500 500 500 500 74 46 0 74 52 0 74 42 0 74 44 0 101992 1083750 109383 7398 958750 6706
24622.029925 120964 500 500 500 500 73 46 0 73 52 0 73 42 0 73 44 0 101992 1083750 109383 7398 958750 6706
24622.229917 120965 500 500 500 500 73 46 0 73 52 0 73 42 0 73 44 0 101992 1083750 109383 7398 958750 6706
24622.429913 120966 500 500 500 500 73 46 0 73 52 0 73 42 0 73 44 0 102480 1083750 110466 7398 958750 6706
24622.629914 120967 500 500 500 500 73 46 0 73 52 0 73 42 0 73 44 0 102236 1083750 110466 7398 958750 6706
24622.829895 120968 500 500 500 500 73 46 0 73 52 0 73 42 0 73 44 0 102236 1083750 110466 7398 958750 6706
24623.029930 120969 500 500 500 500 74 46 0 74 52 0 74 42 0 74 44 0 101992 1083750 109383 7398 958750 6706
24623.229913 120970 500 500 500 500 74 46 0 74 52 0 74 42 0 74 44 0 102236 1083750 110466 7398 958750 6706
24623.429907 120971 500 500 500 500 74 46 0 74 52 0 74 42 0 74 44 0 101992 1083750 109383 7398 958750 6706
24623.629907 120972 500 500 500 500 73 46 0 73 52 0 73 42 0 73 44 0 102236 1083750 110466 7398 958750 6706
24623.829913 120973 500 500 500 500 73 46 0 73 52 0 73 42 0 73 44 0 102236 1083750 110466 7398 958750 6706
24624.029926 120974 500 500 500 500 73 46 0 73 52 0 73 42 0 73 44 0 101992 1083750 109383 7398 958750 6706
24624.229913 120975 500 500 500 500 73 46 0 73 52 0 73 42 0 73 44 0 102236 1083750 110466 7398 958750 6706
24624.429913 120976 500 500 500 500 73 46 0 73 52 0 73 42 0 73 44 0 102236 1083750 110466 7398 958750 6706
24624.629913 120977 500 500 500 500 73 46 0 73 52 0 73 42 0 73 44 0 102236 1083750 110466 7398 958750 6706
24624.829913 120978 500 500 500 500 73 46 0 73 52 0 73 42 0 73 44 0 101748 1083750 109383 7398 958750 6706
24625.029926 120979 500 500 500 500 73 46 0 73 52 0 73 42 0 73 44 0 101992 1083750 109383 7398 958750 6706
24625.229913 120980 500 500 500 500 73 46 0 73 52 0 73 42 0 73 44 0 101992 1083750 109383 7398 958750 6706
24625.429919 120981 500 500 500 500 73 46 0 73 52 0 73 42 0 73 44 0 101992 1083750 109383 7398 958750 6706
24625.629916 120982 500 500 500 500 74 46 0 74 52 0 74 42 0 74 44 0 101992 1083750 109383 7398 958750 6706
24625.829907 120983 500 500 500 500 74 46 0 74 52 0 74 42 0 74 44 0 101260 1083750 109383 7124 958750 6706
24626.029929 120984 500 500 500 500 74 46 0 74 52 0 74 42 0 74 44 0 101748 1083750 109383 7398 958750 6706
24626.229913 120985 500 500 500 500 74 46 0 74 52 0 74 42 0 74 44 0 101748 1083750 109383 7398 958750 6706
24626.429914 120986 500 500 500 500 74 46 0 74 52 0 74 42 0 74 44 0 101748 1083750 109383 7398 958750 6706
24626.629907 120987 500 500 500 500 74 46 0 74 52 0 74 42 0 74 44 0 101992 1083750 109383 7398 958750 6706
24626.829914 120988 500 500 500 500 74 46 0 74 52 0 74 42 0 74 44 0 102236 1083750 110466 7398 958750 6706
24627.029925 120989 500 500 500 500 73 46 0 73 52 0 73 42 0 73 44 0 102236 1083750 110466 7398 958750 6706
24627.229913 120990 500 500 500 500 73 46 0 73 52 0 73 42 0 73 44 0 101992 1083750 109383 7398 958750 6706
24627.429916 120991 500 500 500 500 73 46 0 73 52 0 73 42 0 73 44 0 102480 1083750 110466 7398 958750 6706
24627.629914 120992 500 500 500 500 73 46 0 73 52 0 73 42 0 73 44 0 76250 1083750 82308 7398 958750 6706
24627.829914 120993 500 500 500 500 73 46 0 73 52 0 73 42 0 73 44 0 76250 1083750 82308 7398 958750 6706
24628.029928 120994 500 500 500 500 73 46 0 73 52 0 73 42 0 73 44 0 17019 1085000 18445 7398 958750 6706
24628.229913 120995 500 500 500 500 73 46 0 73 52 0 73 42 0 73 44 0 16470 1085000 17360 7398 958750 6706
24628.429913 120996 500 500 500 500 73 46 0 73 52 0 73 42 0 73 44 0 16775 1085000 17360 7398 958750 6706
24628.629913 120997 500 500 500 500 73 46 0 73 52 0 73 42 0 73 44 0 16775 1085000 17360 7398 958750 6706
24628.829913 120998 500 500 500 500 73 46 0 73 52 0 73 42 0 73 44 0 16470 1085000 17360 7398 958750 6706
