 5782.968867 28394 1200 1200 1200 1200 75 46 0 75 52 0 75 42 0 75 44 0 14762 1210000 16940 55896 1020000 56100
 5783.168812 28395 1200 1200 1200 1200 74 46 0 74 52 0 74 42 0 74 44 0 14762 1210000 16940 54800 1020000 55080
 5783.368813 28396 1200 1200 1200 1200 74 46 0 74 52 0 74 42 0 74 44 0 14762 1210000 16940 54800 1020000 55080
 5783.568813 28397 1200 1200 1200 1200 74 46 0 74 52 0 74 42 0 74 44 0 15006 1210000 18150 57814 1020000 58140
 5783.768812 28398 1200 1200 1200 1200 74 46 0 74 52 0 74 42 0 74 44 0 15006 1210000 18150 57814 1020000 58140
 5783.968808 28399 1200 1200 1200 1200 74 46 0 74 52 0 74 42 0 74 44 0 15006 1210000 18150 60006 1020000 61200
 5784.168790 28400 1200 1200 1200 1200 74 46 0 74 52 0 74 42 0 74 44 0 15006 1210000 18150 60006 1020000 61200
 5784.368929 28401 1200 1200 1200 1200 74 46 0 74 52 0 74 42 0 74 44 0 14762 1210000 16940 56992 1020000 57120
 5784.568792 28402 1200 1200 1200 1200 74 46 0 74 52 0 74 42 0 74 44 0 14762 1210000 16940 58636 1020000 59160
 5784.768745 28403 1200 1200 1200 1200 74 46 0 74 52 0 74 42 0 74 44 0 14762 1210000 16940 264136 1021250 269544
 5784.969371 28404 1200 1200 1200 1200 74 46 0 74 52 0 74 42 0 74 44 0 14762 1210000 16940 62198 1020000 63240
 5785.168755 28405 1200 1200 1200 1200 73 46 0 73 52 0 73 42 0 73 44 0 14762 1210000 16940 62198 1020000 63240
 5785.368808 28406 1200 1200 1200 1200 73 46 0 73 52 0 73 42 0 73 44 0 15006 1210000 18150 76720 1020000 77520
 5785.568815 28407 1200 1200 1200 1200 73 46 0 73 52 0 73 42 0 73 44 0 15006 1210000 18150 672670 1022500 686784
 5785.768901 28408 1200 1200 1200 1200 73 46 0 73 52 0 73 42 0 73 44 0 14762 1210000 16940 841454 1023750 860343
 5785.968799 28409 1200 1200 1200 1200 73 46 0 73 52 0 73 42 0 73 44 0 14762 1210000 16940 841454 1023750 860343
 5786.168800 28410 1200 1200 1200 1200 75 46 0 75 52 0 75 42 0 75 44 0 14762 1210000 16940 789942 1022500 806358
 5786.368812 28411 1200 1200 1200 1200 75 46 0 75 52 0 75 42 0 75 44 0 15006 1210000 18150 700618 1022500 715400
 5786.568799 28412 1200 1200 1200 1200 75 46 0 75 52 0 75 42 0 75 44 0 14762 1210000 16940 680068 1022500 694960
 5786.768750 28413 1200 1200 1200 1200 75 46 0 75 52 0 75 42 0 75 44 0 14762 1210000 16940 680068 1022500 694960
 5786.968750 28414 1200 1200 1200 1200 75 46 0 75 52 0 75 42 0 75 44 0 14762 1210000 16940 679520 1021250 693259
 5787.168750 28415 1200 1200 1200 1200 75 46 0 75 52 0 75 42 0 75 44 0 14762 1210000 16940 679794 1022500 693938
 5787.368746 28416 1200 1200 1200 1200 75 46 0 75 52 0 75 42 0 75 44 0 15006 1210000 18150 680342 1022500 694960
 5787.568803 28417 1200 1200 1200 1200 75 46 0 75 52 0 75 42 0 75 44 0 15006 1210000 18150 680342 1022500 694960
 5787.768804 28418 1200 1200 1200 1200 75 46 0 75 52 0 75 42 0 75 44 0 14762 1210000 16940 681986 1022500 695982
 5787.968803 28419 1200 1200 1200 1200 75 46 0 75 52 0 75 42 0 75 44 0 14762 1210000 16940 681986 1022500 695982
 5788.168804 28420 1200 1200 1200 1200 75 46 0 75 52 0 75 42 0 75 44 0 15006 1210000 18150 681712 1022500 695982
 5788.368805 28421 1200 1200 1200 1200 75 46 0 75 52 0 75 42 0 75 44 0 15006 1210000 18150 681712 1022500 695982
 5788.568804 28422 1200 1200 1200 1200 75 46 0 75 52 0 75 42 0 75 44 0 14762 1210000 16940 680342 1022500 694960
 5788.768804 28423 1200 1200 1200 1200 75 46 0 75 52 0 75 42 0 75 44 0 15006 1210000 18150 681164 1022500 695982
 5788.968803 28424 1200 1200 1200 1200 75 46 0 75 52 0 75 42 0 75 44 0 15006 1210000 18150 681438 1022500 695982
 5789.168804 28425 1200 1200 1200 1200 75 46 0 75 52 0 75 42 0 75 44 0 15006 1210000 18150 681438 1022500 695982
 5789.368803 28426 1200 1200 1200 1200 75 46 0 75 52 0 75 42 0 75 44 0 15006 1210000 18150 688014 1022500 703136
 5789.568804 28427 1200 1200 1200 1200 75 46 0 75 52 0 75 42 0 75 44 0 14762 1210000 16940 684726 1022500 699048
 5789.768795 28428 1200 1200 1200 1200 75 46 0 75 52 0 75 42 0 75 44 0 15006 1210000 18150 684452 1022500 699048
 5789.968805 28429 1200 1200 1200 1200 75 46 0 75 52 0 75 42 0 75 44 0 15006 1210000 18150 684452 1022500 699048
 5790.168803 28430 1200 1200 1200 1200 75 46 0 75 52 0 75 42 0 75 44 0 15006 1210000 18150 683630 1022500 698026
 5790.368804 28431 1200 1200 1200 1200 75 46 0 75 52 0 75 42 0 75 44 0 14762 1210000 16940 681712 1022500 695982
 5790.568805 28432 1200 1200 1200 1200 75 46 0 75 52 0 75 42 0 75 44 0 15006 1210000 18150 682260 1022500 697004
 5790.768821 28433 1200 1200 1200 1200 75 46 0 75 52 0 75 42 0 75 44 0 15006 1210000 18150 682260 1022500 697004
 5790.968821 28434 1200 1200 1200 1200 75 46 0 75 52 0 75 42 0 75 44 0 15006 1210000 18150 683630 1022500 698026
 5791.168822 28435 1200 1200 1200 1200 75 46 0 75 52 0 75 42 0 75 44 0 15006 1210000 18150 681986 1022500 695982
 5791.368821 28436 1200 1200 1200 1200 75 46 0 75 52 0 75 42 0 75 44 0 15006 1210000 18150 683904 1022500 698026
 5791.568799 28437 1200 1200 1200 1200 75 46 0 75 52 0 75 42 0 75 44 0 15006 1210000 18150 685274 1022500 700070
 5791.768820 28438 1200 1200 1200 1200 75 46 0 75 52 0 75 42 0 75 44 0 15006 1210000 18150 685274 1022500 700070
 5791.968820 28439 1200 1200 1200 1200 75 46 0 75 52 0 75 42 0 75 44 0 14762 1210000 16940 684178 1022500 699048
 5792.168818 28440 1200 1200 1200 1200 76 46 0 76 52 0 76 42 0 76 44 0 15006 1210000 18150 684452 1022500 699048
 5792.368822 28441 1200 1200 1200 1200 76 46 0 76 52 0 76 42 0 76 44 0 15006 1210000 18150 683904 1022500 698026
 5792.568822 28442 1200 1200 1200 1200 76 46 0 76 52 0 76 42 0 76 44 0 15006 1210000 18150 683904 1022500 698026
 5792.768822 28443 1200 1200 1200 1200 76 46 0 76 52 0 76 42 0 76 44 0 15006 1210000 18150 683082 1022500 698026
 5792.968820 28444 1200 1200 1200 1200 76 46 0 76 52 0 76 42 0 76 44 0 15006 1210000 18150 683630 1022500 698026
 5793.168820 28445 1200 1200 1200 1200 76 46 0 76 52 0 76 42 0 76 44 0 15250 1210000 18150 686096 1022500 701092
 5793.368821 28446 1200 1200 1200 1200 76 46 0 76 52 0 76 42 0 76 44 0 15250 1210000 18150 686096 1022500 701092
 5793.568821 28447 1200 1200 1200 1200 76 46 0 76 52 0 76 42 0 76 44 0 14762 1210000 16940 685822 1022500 700070
 5793.768820 28448 1200 1200 1200 1200 76 46 0 76 52 0 76 42 0 76 44 0 15006 1210000 18150 685822 1022500 700070
 5793.968821 28449 1200 1200 1200 1200 76 46 0 76 52 0 76 42 0 76 44 0 15006 1210000 18150 684726 1022500 699048
 5794.168822 28450 1200 1200 1200 1200 76 46 0 76 52 0 76 42 0 76 44 0 15006 1210000 18150 684726 1022500 699048
 5794.368821 28451 1200 1200 1200 1200 76 46 0 76 52 0 76 42 0 76 44 0 15006 1210000 18150 683356 1022500 698026
 5794.568817 28452 1200 1200 1200 1200 76 46 0 76 52 0 76 42 0 76 44 0 14762 1210000 16940 683082 1022500 698026
 5794.768799 28453 1200 1200 1200 1200 76 46 0 76 52 0 76 42 0 76 44 0 15006 1210000 18150 683904 1022500 698026
 5794.968821 28454 1200 1200 1200 1200 76 46 0 76 52 0 76 42 0 76 44 0 15006 1210000 18150 683904 1022500 698026
 5795.168821 28455 1200 1200 1200 1200 76 46 0 76 52 0 76 42 0 76 44 0 15006 1210000 18150 687740 1022500 702114
 5795.368822 28456 1200 1200 1200 1200 76 46 0 76 52 0 76 42 0 76 44 0 15006 1210000 18150 692398 1022500 707224
 5795.568821 28457 1200 1200 1200 1200 76 46 0 76 52 0 76 42 0 76 44 0 15006 1210000 18150 685000 1022500 700070
 5795.768821 28458 1200 1200 1200 1200 76 46 0 76 52 0 76 42 0 76 44 0 15006 1210000 18150 685000 1022500 700070
 5795.968821 28459 1200 1200 1200 1200 76 46 0 76 52 0 76 42 0 76 44 0 15006 1210000 18150 683904 1022500 698026
 5796.168821 28460 1200 1200 1200 1200 76 46 0 76 52 0 76 42 0 76 44 0 15006 1210000 18150 680616 1022500 694960
 5796.368822 28461 1200 1200 1200 1200 76 46 0 76 52 0 76 42 0 76 44 0 15006 1210000 18150 681438 1022500 695982
 5796.568821 28462 1200 1200 1200 1200 76 46 0 76 52 0 76 42 0 76 44 0 15006 1210000 18150 681438 1022500 695982
 5796.768822 28463 1200 1200 1200 1200 76 46 0 76 52 0 76 42 0 76 44 0 14762 1210000 16940 680890 1022500 694960
 5796.968818 28464 1200 1200 1200 1200 76 46 0 76 52 0 76 42 0 76 44 0 15006 1210000 18150 682534 1022500 697004
 5797.168778 28465 1200 1200 1200 1200 76 46 0 76 52 0 76 42 0 76 44 0 15006 1210000 18150 683904 1022500 698026
 5797.368757 28466 1200 1200 1200 1200 76 46 0 76 52 0 76 42 0 76 44 0 15006 1210000 18150 683904 1022500 698026
 5797.568777 28467 1200 1200 1200 1200 76 46 0 76 52 0 76 42 0 76 44 0 15006 1210000 18150 683356 1022500 698026
 5797.768776 28468 1200 1200 1200 1200 76 46 0 76 52 0 76 42 0 76 44 0 15006 1210000 18150 684178 1022500 699048
 5797.968777 28469 1200 1200 1200 1200 76 46 0 76 52 0 76 42 0 76 44 0 14762 1210000 16940 680890 1022500 694960
 5798.168776 28470 1200 1200 1200 1200 76 46 0 76 52 0 76 42 0 76 44 0 15006 1210000 18150 682534 1022500 697004
 5798.368776 28471 1200 1200 1200 1200 76 46 0 76 52 0 76 42 0 76 44 0 15006 1210000 18150 682534 1022500 697004
 5798.568827 28472 1200 1200 1200 1200 76 46 0 76 52 0 76 42 0 76 44 0 15250 1210000 18150 680890 1022500 694960
 5798.768804 28473 1200 1200 1200 1200 76 46 0 76 52 0 76 42 0 76 44 0 14762 1210000 16940 684178 1022500 699048
 5798.968805 28474 1200 1200 1200 1200 76 46 0 76 52 0 76 42 0 76 44 0 15250 1210000 18150 685274 1022500 700070
 5799.168805 28475 1200 1200 1200 1200 76 46 0 76 52 0 76 42 0 76 44 0 15250 1210000 18150 685274 1022500 700070
 5799.368800 28476 1200 1200 1200 1200 76 46 0 76 52 0 76 42 0 76 44 0 15006 1210000 18150 686096 1022500 701092
 5799.568805 28477 1200 1200 1200 1200 76 46 0 76 52 0 76 42 0 76 44 0 15006 1210000 18150 686096 1022500 701092
 5799.768799 28478 1200 1200 1200 1200 76 46 0 76 52 0 76 42 0 76 44 0 14762 1210000 16940 683082 1022500 698026
 5799.968804 28479 1200 1200 1200 1200 76 46 0 76 52 0 76 42 0 76 44 0 14762 1210000 16940 683082 1022500 698026
 5800.168807 28480 1200 1200 1200 1200 76 46 0 76 52 0 76 42 0 76 44 0 15006 1210000 18150 683082 1022500 698026
 5800.368800 28481 1200 1200 1200 1200 76 46 0 76 52 0 76 42 0 76 44 0 15006 1210000 18150 684452 1022500 699048
 5800.568804 28482 1200 1200 1200 1200 76 46 0 76 52 0 76 42 0 76 44 0 15006 1210000 18150 685274 1022500 700070
 5800.768805 28483 1200 1200 1200 1200 76 46 0 76 52 0 76 42 0 76 44 0 15006 1210000 18150 685274 1022500 700070
 5800.968806 28484 1200 1200 1200 1200 76 46 0 76 52 0 76 42 0 76 44 0 14762 1210000 16940 686644 1022500 701092
 5801.168806 28485 1200 1200 1200 1200 76 46 0 76 52 0 76 42 0 76 44 0 14762 1210000 16940 686918 1022500 701092
 5801.368804 28486 1200 1200 1200 1200 76 46 0 76 52 0 76 42 0 76 44 0 15006 1210000 18150 685000 1022500 700070
 5801.568804 28487 1200 1200 1200 1200 76 46 0 76 52 0 76 42 0 76 44 0 15006 1210000 18150 685000 1022500 700070
 5801.768800 28488 1200 1200 1200 1200 76 46 0 76 52 0 76 42 0 76 44 0 15006 1210000 18150 683904 1022500 698026
 5801.968805 28489 1200 1200 1200 1200 76 46 0 76 52 0 76 42 0 76 44 0 15006 1210000 18150 684452 1022500 699048
 5802.168805 28490 1200 1200 1200 1200 76 46 0 76 52 0 76 42 0 76 44 0 15006 1210000 18150 683630 1022500 698026
 5802.368804 28491 1200 1200 1200 1200 76 46 0 76 52 0 76 42 0 76 44 0 15006 1210000 18150 683630 1022500 698026
 5802.568804 28492 1200 1200 1200 1200 76 46 0 76 52 0 76 42 0 76 44 0 15250 1210000 18150 683356 1022500 698026
 5802.768804 28493 1200 1200 1200 1200 76 46 0 76 52 0 76 42 0 76 44 0 15250 1210000 18150 685548 1022500 700070
 5802.968805 28494 1200 1200 1200 1200 76 46 0 76 52 0 76 42 0 76 44 0 15006 1210000 18150 683904 1022500 698026
 5803.168804 28495 1200 1200 1200 1200 76 46 0 76 52 0 76 42 0 76 44 0 15006 1210000 18150 683904 1022500 698026
 5803.368803 28496 1200 1200 1200 1200 76 46 0 76 52 0 76 42 0 76 44 0 15006 1210000 18150 684726 1022500 699048
 5803.568805 28497 1200 1200 1200 1200 76 46 0 76 52 0 76 42 0 76 44 0 15006 1210000 18150 683630 1022500 698026
 5803.768805 28498 1200 1200 1200 1200 76 46 0 76 52 0 76 42 0 76 44 0 15006 1210000 18150 683082 1022500 698026
 5803.968767 28499 1200 1200 1200 1200 76 46 0 76 52 0 76 42 0 76 44 0 15006 1210000 18150 685000 1022500 700070
 5804.168806 28500 1200 1200 1200 1200 76 46 0 76 52 0 76 42 0 76 44 0 15006 1210000 18150 685000 1022500 700070
 5804.368805 28501 1200 1200 1200 1200 76 46 0 76 52 0 76 42 0 76 44 0 15006 1210000 18150 685274 1022500 700070
 5804.568805 28502 1200 1200 1200 1200 76 46 0 76 52 0 76 42 0 76 44 0 15006 1210000 18150 684726 1022500 699048
 5804.768799 28503 1200 1200 1200 1200 76 46 0 76 52 0 76 42 0 76 44 0 14762 1210000 16940 685548 1022500 700070
 5804.968805 28504 1200 1200 1200 1200 76 46 0 76 52 0 76 42 0 76 44 0 14762 1210000 16940 685548 1022500 700070
 5805.168801 28505 1200 1200 1200 1200 76 46 0 76 52 0 76 42 0 76 44 0 15006 1210000 18150 685822 1022500 700070
 5805.368802 28506 1200 1200 1200 1200 76 46 0 76 52 0 76 42 0 76 44 0 14762 1210000 16940 683082 1022500 698026
 5805.568804 28507 1200 1200 1200 1200 76 46 0 76 52 0 76 42 0 76 44 0 15250 1210000 18150 683356 1022500 698026
 5805.768805 28508 1200 1200 1200 1200 76 46 0 76 52 0 76 42 0 76 44 0 15250 1210000 18150 683356 1022500 698026
 5805.968820 28509 1200 1200 1200 1200 76 46 0 76 52 0 76 42 0 76 44 0 15006 1210000 18150 682534 1022500 697004
 5806.168805 28510 1200 1200 1200 1200 76 46 0 76 52 0 76 42 0 76 44 0 15006 1210000 18150 681986 1022500 695982
 5806.368804 28511 1200 1200 1200 1200 76 46 0 76 52 0 76 42 0 76 44 0 15006 1210000 18150 683356 1022500 698026
 5806.568817 28512 1200 1200 1200 1200 76 46 0 76 52 0 76 42 0 76 44 0 15006 1210000 18150 683356 1022500 698026
 5806.768822 28513 1200 1200 1200 1200 76 46 0 76 52 0 76 42 0 76 44 0 15006 1210000 18150 683904 1022500 698026
 5806.968823 28514 1200 1200 1200 1200 76 46 0 76 52 0 76 42 0 76 44 0 14762 1210000 16940 683356 1022500 698026
 5807.168822 28515 1200 1200 1200 1200 76 46 0 76 52 0 76 42 0 76 44 0 14762 1210000 16940 683356 1022500 698026
 5807.368820 28516 1200 1200 1200 1200 76 46 0 76 52 0 76 42 0 76 44 0 14762 1210000 16940 683356 1022500 698026
 5807.568818 28517 1200 1200 1200 1200 76 46 0 76 52 0 76 42 0 76 44 0 15006 1210000 18150 686370 1022500 701092
 5807.768821 28518 1200 1200 1200 1200 76 46 0 76 52 0 76 42 0 76 44 0 15006 1210000 18150 683630 1022500 698026
 5807.968822 28519 1200 1200 1200 1200 76 46 0 76 52 0 76 42 0 76 44 0 15006 1210000 18150 682808 1022500 697004
 5808.168823 28520 1200 1200 1200 1200 76 46 0 76 52 0 76 42 0 76 44 0 15006 1210000 18150 682808 1022500 697004
 5808.368821 28521 1200 1200 1200 1200 76 46 0 76 52 0 76 42 0 76 44 0 15006 1210000 18150 683356 1022500 698026
 5808.568823 28522 1200 1200 1200 1200 76 46 0 76 52 0 76 42 0 76 44 0 15006 1210000 18150 683904 1022500 698026
 5808.768822 28523 1200 1200 1200 1200 76 46 0 76 52 0 76 42 0 76 44 0 15006 1210000 18150 683356 1022500 698026
 5808.968821 28524 1200 1200 1200 1200 76 46 0 76 52 0 76 42 0 76 44 0 15006 1210000 18150 683356 1022500 698026
 5809.168821 28525 1200 1200 1200 1200 76 46 0 76 52 0 76 42 0 76 44 0 15250 1210000 18150 684726 1022500 699048
 5809.368823 28526 1200 1200 1200 1200 76 46 0 76 52 0 76 42 0 76 44 0 14762 1210000 16940 684452 1022500 699048
 5809.568821 28527 1200 1200 1200 1200 76 46 0 76 52 0 76 42 0 76 44 0 15006 1210000 18150 684178 1022500 699048
 5809.768799 28528 1200 1200 1200 1200 76 46 0 76 52 0 76 42 0 76 44 0 15006 1210000 18150 684178 1022500 699048
 5809.968819 28529 1200 1200 1200 1200 76 46 0 76 52 0 76 42 0 76 44 0 15006 1210000 18150 684178 1022500 699048
 5810.168822 28530 1200 1200 1200 1200 76 46 0 76 52 0 76 42 0 76 44 0 15006 1210000 18150 684452 1022500 699048
 5810.368823 28531 1200 1200 1200 1200 76 46 0 76 52 0 76 42 0 76 44 0 15006 1210000 18150 686096 1022500 701092
 5810.568800 28532 1200 1200 1200 1200 76 46 0 76 52 0 76 42 0 76 44 0 15006 1210000 18150 685822 1022500 700070
 5810.768822 28533 1200 1200 1200 1200 76 46 0 76 52 0 76 42 0 76 44 0 15006 1210000 18150 685822 1022500 700070
 5810.968822 28534 1200 1200 1200 1200 76 46 0 76 52 0 76 42 0 76 44 0 15006 1210000 18150 686370 1022500 701092
 5811.168823 28535 1200 1200 1200 1200 76 46 0 76 52 0 76 42 0 76 44 0 14762 1210000 16940 684452 1022500 699048
 5811.368823 28536 1200 1200 1200 1200 76 46 0 76 52 0 76 42 0 76 44 0 14762 1210000 16940 684178 1022500 699048
 5811.568822 28537 1200 1200 1200 1200 76 46 0 76 52 0 76 42 0 76 44 0 14762 1210000 16940 684178 1022500 699048
 5811.768821 28538 1200 1200 1200 1200 76 46 0 76 52 0 76 42 0 76 44 0 15006 1210000 18150 683904 1022500 698026
 5811.968821 28539 1200 1200 1200 1200 76 46 0 76 52 0 76 42 0 76 44 0 14762 1210000 16940 684452 1022500 699048
 5812.168818 28540 1200 1200 1200 1200 76 46 0 76 52 0 76 42 0 76 44 0 14762 1210000 16940 684178 1022500 699048
 5812.368822 28541 1200 1200 1200 1200 76 46 0 76 52 0 76 42 0 76 44 0 14762 1210000 16940 684178 1022500 699048
 5812.568822 28542 1200 1200 1200 1200 76 46 0 76 52 0 76 42 0 76 44 0 14762 1210000 16940 686370 1022500 701092
 5812.768822 28543 1200 1200 1200 1200 76 46 0 76 52 0 76 42 0 76 44 0 15006 1210000 18150 684452 1022500 699048
 5812.968823 28544 1200 1200 1200 1200 76 46 0 76 52 0 76 42 0 76 44 0 15006 1210000 18150 684452 1022500 699048
 5813.168822 28545 1200 1200 1200 1200 76 46 0 76 52 0 76 42 0 76 44 0 15006 1210000 18150 684452 1022500 699048
 5813.368823 28546 1200 1200 1200 1200 76 46 0 76 52 0 76 42 0 76 44 0 15006 1210000 18150 686370 1022500 701092
 5813.568822 28547 1200 1200 1200 1200 76 46 0 76 52 0 76 42 0 76 44 0 15250 1210000 18150 684178 1022500 699048
 5813.768822 28548 1200 1200 1200 1200 76 46 0 76 52 0 76 42 0 76 44 0 15006 1210000 18150 685548 1022500 700070
 5813.968822 28549 1200 1200 1200 1200 76 46 0 76 52 0 76 42 0 76 44 0 15006 1210000 18150 685548 1022500 700070
 5814.168822 28550 1200 1200 1200 1200 76 46 0 76 52 0 76 42 0 76 44 0 15250 1210000 18150 684726 1022500 699048
 5814.368822 28551 1200 1200 1200 1200 76 46 0 76 52 0 76 42 0 76 44 0 15006 1210000 18150 685274 1022500 700070
 5814.568817 28552 1200 1200 1200 1200 76 46 0 76 52 0 76 42 0 76 44 0 15006 1210000 18150 685822 1022500 700070
 5814.768762 28553 1200 1200 1200 1200 76 46 0 76 52 0 76 42 0 76 44 0 15006 1210000 18150 685822 1022500 700070
 5814.968819 28554 1200 1200 1200 1200 76 46 0 76 52 0 76 42 0 76 44 0 15006 1210000 18150 683904 1022500 698026
 5815.168822 28555 1200 1200 1200 1200 76 46 0 76 52 0 76 42 0 76 44 0 15006 1210000 18150 687740 1022500 702114
 5815.368822 28556 1200 1200 1200 1200 76 46 0 76 52 0 76 42 0 76 44 0 15006 1210000 18150 685548 1022500 700070
 5815.568823 28557 1200 1200 1200 1200 76 46 0 76 52 0 76 42 0 76 44 0 15006 1210000 18150 685548 1022500 700070
 5815.768822 28558 1200 1200 1200 1200 76 46 0 76 52 0 76 42 0 76 44 0 15006 1210000 18150 683904 1022500 698026
 5815.968821 28559 1200 1200 1200 1200 76 46 0 76 52 0 76 42 0 76 44 0 15006 1210000 18150 685548 1022500 700070
 5816.168821 28560 1200 1200 1200 1200 76 46 0 76 52 0 76 42 0 76 44 0 15006 1210000 18150 686644 1022500 701092
 5816.368805 28561 1200 1200 1200 1200 76 46 0 76 52 0 76 42 0 76 44 0 15006 1210000 18150 686644 1022500 701092
 5816.568838 28562 1200 1200 1200 1200 76 46 0 76 52 0 76 42 0 76 44 0 14762 1210000 16940 683904 1022500 698026
 5816.768823 28563 1200 1200 1200 1200 76 46 0 76 52 0 76 42 0 76 44 0 14762 1210000 16940 681438 1022500 695982
 5816.968817 28564 1200 1200 1200 1200 76 46 0 76 52 0 76 42 0 76 44 0 15006 1210000 18150 681712 1022500 695982
 5817.168822 28565 1200 1200 1200 1200 76 46 0 76 52 0 76 42 0 76 44 0 14762 1210000 16940 682534 1022500 697004
 5817.368823 28566 1200 1200 1200 1200 76 46 0 76 52 0 76 42 0 76 44 0 14762 1210000 16940 682534 1022500 697004
 5817.568823 28567 1200 1200 1200 1200 76 46 0 76 52 0 76 42 0 76 44 0 15006 1210000 18150 682808 1022500 697004
 5817.768821 28568 1200 1200 1200 1200 76 46 0 76 52 0 76 42 0 76 44 0 15006 1210000 18150 684452 1022500 699048
 5817.968822 28569 1200 1200 1200 1200 76 46 0 76 52 0 76 42 0 76 44 0 15006 1210000 18150 683082 1022500 698026
 5818.168822 28570 1200 1200 1200 1200 76 46 0 76 52 0 76 42 0 76 44 0 15006 1210000 18150 683082 1022500 698026
 5818.368822 28571 1200 1200 1200 1200 76 46 0 76 52 0 76 42 0 76 44 0 15006 1210000 18150 683630 1022500 698026
 5818.568822 28572 1200 1200 1200 1200 76 46 0 76 52 0 76 42 0 76 44 0 15006 1210000 18150 681986 1022500 695982
 5818.768820 28573 1200 1200 1200 1200 76 46 0 76 52 0 76 42 0 76 44 0 15006 1210000 18150 682534 1022500 697004
 5818.968823 28574 1200 1200 1200 1200 76 46 0 76 52 0 76 42 0 76 44 0 15006 1210000 18150 682534 1022500 697004
 5819.168823 28575 1200 1200 1200 1200 76 46 0 76 52 0 76 42 0 76 44 0 15006 1210000 18150 683356 1022500 698026
 5819.368819 28576 1200 1200 1200 1200 76 46 0 76 52 0 76 42 0 76 44 0 15006 1210000 18150 685822 1022500 700070
 5819.568818 28577 1200 1200 1200 1200 76 46 0 76 52 0 76 42 0 76 44 0 15006 1210000 18150 686370 1022500 701092
 5819.768800 28578 1200 1200 1200 1200 76 46 0 76 52 0 76 42 0 76 44 0 15006 1210000 18150 686370 1022500 701092
 5819.968818 28579 1200 1200 1200 1200 76 46 0 76 52 0 76 42 0 76 44 0 14762 1210000 16940 686370 1022500 701092
 5820.168822 28580 1200 1200 1200 1200 76 46 0 76 52 0 76 42 0 76 44 0 14762 1210000 16940 713770 1022500 728686
 5820.368822 28581 1200 1200 1200 1200 76 46 0 76 52 0 76 42 0 76 44 0 15006 1210000 18150 686918 1022500 701092
 5820.568822 28582 1200 1200 1200 1200 76 46 0 76 52 0 76 42 0 76 44 0 15006 1210000 18150 686918 1022500 701092
 5820.768823 28583 1200 1200 1200 1200 76 46 0 76 52 0 76 42 0 76 44 0 15250 1210000 18150 685548 1022500 700070
 5820.968823 28584 1200 1200 1200 1200 76 46 0 76 52 0 76 42 0 76 44 0 15006 1210000 18150 685000 1022500 700070
 5821.168823 28585 1200 1200 1200 1200 76 46 0 76 52 0 76 42 0 76 44 0 15006 1210000 18150 685548 1022500 700070
 5821.368822 28586 1200 1200 1200 1200 76 46 0 76 52 0 76 42 0 76 44 0 15006 1210000 18150 685548 1022500 700070
 5821.568822 28587 1200 1200 1200 1200 76 46 0 76 52 0 76 42 0 76 44 0 15006 1210000 18150 687466 1022500 702114
 5821.768819 28588 1200 1200 1200 1200 76 46 0 76 52 0 76 42 0 76 44 0 14762 1210000 16940 685548 1022500 700070
 5821.968823 28589 1200 1200 1200 1200 76 46 0 76 52 0 76 42 0 76 44 0 14762 1210000 16940 685274 1022500 700070
 5822.168822 28590 1200 1200 1200 1200 76 46 0 76 52 0 76 42 0 76 44 0 14762 1210000 16940 685274 1022500 700070
 5822.368822 28591 1200 1200 1200 1200 76 46 0 76 52 0 76 42 0 76 44 0 15006 1210000 18150 686370 1022500 701092
 5822.568822 28592 1200 1200 1200 1200 76 46 0 76 52 0 76 42 0 76 44 0 15006 1210000 18150 683904 1022500 698026
 5822.768822 28593 1200 1200 1200 1200 76 46 0 76 52 0 76 42 0 76 44 0 14762 1210000 16940 683904 1022500 698026
 5822.968750 28594 1200 1200 1200 1200 76 46 0 76 52 0 76 42 0 76 44 0 14762 1210000 16940 684452 1022500 699048
 5823.168822 28595 1200 1200 1200 1200 76 46 0 76 52 0 76 42 0 76 44 0 14762 1210000 16940 684452 1022500 699048
 5823.368822 28596 1200 1200 1200 1200 76 46 0 76 52 0 76 42 0 76 44 0 15006 1210000 18150 684726 1022500 699048
 5823.568822 28597 1200 1200 1200 1200 76 46 0 76 52 0 76 42 0 76 44 0 14762 1210000 16940 684452 1022500 699048
 5823.768822 28598 1200 1200 1200 1200 76 46 0 76 52 0 76 42 0 76 44 0 15006 1210000 18150 684452 1022500 699048
 5823.968822 28599 1200 1200 1200 1200 76 46 0 76 52 0 76 42 0 76 44 0 15006 1210000 18150 684452 1022500 699048
 5824.168818 28600 1200 1200 1200 1200 76 46 0 76 52 0 76 42 0 76 44 0 15006 1210000 18150 684452 1022500 699048
 5824.368822 28601 1200 1200 1200 1200 76 46 0 76 52 0 76 42 0 76 44 0 15006 1210000 18150 684726 1022500 699048
 5824.568849 28602 1200 1200 1200 1200 76 46 0 76 52 0 76 42 0 76 44 0 14762 1210000 16940 683904 1022500 698026
 5824.768750 28603 1200 1200 1200 1200 76 46 0 76 52 0 76 42 0 76 44 0 14762 1210000 16940 683904 1022500 698026
 5824.968822 28604 1200 1200 1200 1200 76 46 0 76 52 0 76 42 0 76 44 0 14762 1210000 16940 683904 1022500 698026
 5825.168818 28605 1200 1200 1200 1200 76 46 0 76 52 0 76 42 0 76 44 0 15250 1210000 18150 687740 1022500 702114
 5825.368822 28606 1200 1200 1200 1200 76 46 0 76 52 0 76 42 0 76 44 0 15006 1210000 18150 691576 1022500 706202
 5825.568815 28607 1200 1200 1200 1200 76 46 0 76 52 0 76 42 0 76 44 0 15006 1210000 18150 691576 1022500 706202
 5825.768813 28608 1200 1200 1200 1200 76 46 0 76 52 0 76 42 0 76 44 0 14762 1210000 16940 609102 1021250 621789
 5825.968813 28609 1200 1200 1200 1200 76 46 0 76 52 0 76 42 0 76 44 0 15250 1210000 18150 61650 1020000 62220
 5826.168814 28610 1200 1200 1200 1200 75 46 0 75 52 0 75 42 0 75 44 0 14762 1210000 16940 56170 1020000 57120
 5826.368814 28611 1200 1200 1200 1200 75 46 0 75 52 0 75 42 0 75 44 0 14762 1210000 16940 56170 1020000 57120
 5826.568813 28612 1200 1200 1200 1200 75 46 0 75 52 0 75 42 0 75 44 0 15006 1210000 18150 54800 1020000 55080
 5826.768813 28613 1200 1200 1200 1200 75 46 0 75 52 0 75 42 0 75 44 0 15006 1210000 18150 54800 1020000 55080
 5826.968814 28614 1200 1200 1200 1200 75 46 0 75 52 0 75 42 0 75 44 0 14762 1210000 16940 55348 1020000 56100
 5827.168814 28615 1200 1200 1200 1200 74 46 0 74 52 0 74 42 0 74 44 0 14762 1210000 16940 55348 1020000 56100
 5827.368814 28616 1200 1200 1200 1200 74 46 0 74 52 0 74 42 0 74 44 0 15006 1210000 18150 55348 1020000 56100
 5827.568810 28617 1200 1200 1200 1200 74 46 0 74 52 0 74 42 0 74 44 0 15006 1210000 18150 54252 1020000 55080
 5827.768813 28618 1200 1200 1200 1200 74 46 0 74 52 0 74 42 0 74 44 0 15006 1210000 18150 55896 1020000 56100
