 3996.033803 19460 1600 1600 1600 1600 75 46 0 75 52 0 75 42 0 75 44 0 15250 1210000 18150 89598 1157500 102973
 3996.233804 19461 1600 1600 1600 1600 75 46 0 75 52 0 75 42 0 75 44 0 15250 1210000 18150 313182 1158750 362454
 3996.433803 19462 1600 1600 1600 1600 75 46 0 75 52 0 75 42 0 75 44 0 15250 1210000 18150 313182 1158750 362454
 3996.633803 19463 1600 1600 1600 1600 75 46 0 75 52 0 75 42 0 75 44 0 15006 1210000 18150 130424 1157500 150410
 3996.833803 19464 1600 1600 1600 1600 75 46 0 75 52 0 75 42 0 75 44 0 14762 1210000 16940 89324 1157500 102973
 3997.033824 19465 1600 1600 1600 1600 74 46 0 74 52 0 74 42 0 74 44 0 15006 1210000 18150 242216 1158750 280236
 3997.233822 19466 1600 1600 1600 1600 74 46 0 74 52 0 74 42 0 74 44 0 15006 1210000 18150 242216 1158750 280236
 3997.438995 19467 1600 1600 1600 1600 74 46 0 74 52 0 74 42 0 74 44 0 14762 1210000 16940 1173542 1165000 1366545
 3997.638814 19468 1600 1600 1600 1600 74 46 0 74 52 0 74 42 0 74 44 0 14762 1208750 16912 1240946 1165000 1444600
 3997.838813 19469 1600 1600 1600 1600 74 46 0 74 52 0 74 42 0 74 44 0 15006 1210000 18150 1025856 1162500 1191050
 3998.038814 19470 1600 1600 1600 1600 76 46 0 76 52 0 76 42 0 76 44 0 15006 1210000 18150 1025856 1162500 1191050
 3998.238814 19471 1600 1600 1600 1600 76 46 0 76 52 0 76 42 0 76 44 0 15006 1210000 18150 1071066 1162500 1244502
 3998.438813 19472 1600 1600 1600 1600 76 46 0 76 52 0 76 42 0 76 44 0 15006 1210000 18150 1073258 1162500 1246826
 3998.638813 19473 1600 1600 1600 1600 76 46 0 76 52 0 76 42 0 76 44 0 15006 1208750 18120 1075450 1162500 1249150
 3998.838813 19474 1600 1600 1600 1600 76 46 0 76 52 0 76 42 0 76 44 0 15006 1208750 18120 1075450 1162500 1249150
 3999.038814 19475 1600 1600 1600 1600 77 46 0 77 52 0 77 42 0 77 44 0 14762 1210000 16940 1076820 1162500 1250312
 3999.238813 19476 1600 1600 1600 1600 77 46 0 77 52 0 77 42 0 77 44 0 15006 1208750 18120 1078464 1162500 1252636
 3999.438810 19477 1600 1600 1600 1600 77 46 0 77 52 0 77 42 0 77 44 0 15006 1208750 18120 1076272 1162500 1250312
 3999.638813 19478 1600 1600 1600 1600 77 46 0 77 52 0 77 42 0 77 44 0 15006 1208750 18120 1076272 1162500 1250312
 3999.838814 19479 1600 1600 1600 1600 77 46 0 77 52 0 77 42 0 77 44 0 15006 1210000 18150 1074628 1162500 1247988
 4000.038813 19480 1600 1600 1600 1600 77 46 0 77 52 0 77 42 0 77 44 0 15250 1208750 18120 1075998 1162500 1249150
 4000.238813 19481 1600 1600 1600 1600 77 46 0 77 52 0 77 42 0 77 44 0 15250 1210000 18150 1075724 1162500 1249150
 4000.439371 19482 1600 1600 1600 1600 77 46 0 77 52 0 77 42 0 77 44 0 15250 1210000 18150 1079012 1162500 1253798
 4000.638810 19483 1600 1600 1600 1600 77 46 0 77 52 0 77 42 0 77 44 0 15250 1210000 18150 1079012 1162500 1253798
 4000.838813 19484 1600 1600 1600 1600 77 46 0 77 52 0 77 42 0 77 44 0 15006 1210000 18150 1080656 1162500 1254960
 4001.038792 19485 1600 1600 1600 1600 77 46 0 77 52 0 77 42 0 77 44 0 15250 1210000 18150 1079560 1162500 1253798
 4001.238813 19486 1600 1600 1600 1600 77 46 0 77 52 0 77 42 0 77 44 0 15250 1208750 18120 1080656 1162500 1254960
 4001.438813 19487 1600 1600 1600 1600 77 46 0 77 52 0 77 42 0 77 44 0 15250 1208750 18120 1080656 1162500 1254960
 4001.638814 19488 1600 1600 1600 1600 77 46 0 77 52 0 77 42 0 77 44 0 15250 1210000 18150 1078738 1162500 1252636
 4001.838810 19489 1600 1600 1600 1600 77 46 0 77 52 0 77 42 0 77 44 0 15006 1208750 18120 1077642 1162500 1251474
 4002.038814 19490 1600 1600 1600 1600 78 46 0 78 52 0 78 42 0 78 44 0 15250 1210000 18150 1077642 1162500 1251474
 4002.238813 19491 1600 1600 1600 1600 78 46 0 78 52 0 78 42 0 78 44 0 15250 1210000 18150 1077642 1162500 1251474
 4002.438814 19492 1600 1600 1600 1600 78 46 0 78 52 0 78 42 0 78 44 0 15250 1210000 18150 1080656 1162500 1254960
 4002.638814 19493 1600 1600 1600 1600 78 46 0 78 52 0 78 42 0 78 44 0 15250 1210000 18150 1080930 1162500 1254960
 4002.838813 19494 1600 1600 1600 1600 78 46 0 78 52 0 78 42 0 78 44 0 15250 1208750 18120 1081204 1162500 1256122
 4003.038813 19495 1600 1600 1600 1600 78 46 0 78 52 0 78 42 0 78 44 0 15250 1208750 18120 1081204 1162500 1256122
 4003.238813 19496 1600 1600 1600 1600 78 46 0 78 52 0 78 42 0 78 44 0 15250 1210000 18150 1081204 1162500 1256122
 4003.438813 19497 1600 1600 1600 1600 78 46 0 78 52 0 78 42 0 78 44 0 14762 1210000 16940 1080108 1162500 1254960
 4003.638813 19498 1600 1600 1600 1600 78 46 0 78 52 0 78 42 0 78 44 0 15250 1210000 18150 1081478 1162500 1256122
 4003.838813 19499 1600 1600 1600 1600 78 46 0 78 52 0 78 42 0 78 44 0 15250 1210000 18150 1081478 1162500 1256122
 4004.038814 19500 1600 1600 1600 1600 78 46 0 78 52 0 78 42 0 78 44 0 15006 1210000 18150 1079834 1162500 1253798
 4004.238814 19501 1600 1600 1600 1600 78 46 0 78 52 0 78 42 0 78 44 0 15250 1210000 18150 1082574 1162500 1257284
 4004.438813 19502 1600 1600 1600 1600 78 46 0 78 52 0 78 42 0 78 44 0 15250 1210000 18150 1083944 1162500 1258446
 4004.638813 19503 1600 1600 1600 1600 78 46 0 78 52 0 78 42 0 78 44 0 15250 1210000 18150 1083944 1162500 1258446
 4004.838814 19504 1600 1600 1600 1600 78 46 0 78 52 0 78 42 0 78 44 0 15006 1210000 18150 1083396 1162500 1258446
 4005.038813 19505 1600 1600 1600 1600 78 46 0 78 52 0 78 42 0 78 44 0 15250 1210000 18150 1082026 1162500 1257284
 4005.238810 19506 1600 1600 1600 1600 78 46 0 78 52 0 78 42 0 78 44 0 15250 1210000 18150 1080656 1162500 1254960
 4005.438813 19507 1600 1600 1600 1600 78 46 0 78 52 0 78 42 0 78 44 0 15250 1210000 18150 1080656 1162500 1254960
 4005.638813 19508 1600 1600 1600 1600 78 46 0 78 52 0 78 42 0 78 44 0 15006 1210000 18150 1081204 1162500 1256122
 4005.838813 19509 1600 1600 1600 1600 78 46 0 78 52 0 78 42 0 78 44 0 15494 1210000 18150 1079012 1162500 1253798
 4006.038813 19510 1600 1600 1600 1600 78 46 0 78 52 0 78 42 0 78 44 0 15250 1210000 18150 1082300 1162500 1257284
 4006.238813 19511 1600 1600 1600 1600 78 46 0 78 52 0 78 42 0 78 44 0 15250 1210000 18150 1082300 1162500 1257284
 4006.438813 19512 1600 1600 1600 1600 78 46 0 78 52 0 78 42 0 78 44 0 15494 1210000 18150 1082300 1162500 1257284
 4006.638813 19513 1600 1600 1600 1600 78 46 0 78 52 0 78 42 0 78 44 0 15250 1210000 18150 1083122 1162500 1258446
 4006.838813 19514 1600 1600 1600 1600 78 46 0 78 52 0 78 42 0 78 44 0 15250 1210000 18150 1083122 1162500 1258446
 4007.038791 19515 1600 1600 1600 1600 78 46 0 78 52 0 78 42 0 78 44 0 15250 1210000 18150 1085314 1162500 1260770
 4007.238813 19516 1600 1600 1600 1600 78 46 0 78 52 0 78 42 0 78 44 0 15250 1210000 18150 1085314 1162500 1260770
 4007.438813 19517 1600 1600 1600 1600 78 46 0 78 52 0 78 42 0 78 44 0 15494 1208750 18120 1082300 1162500 1257284
 4007.638810 19518 1600 1600 1600 1600 78 46 0 78 52 0 78 42 0 78 44 0 15250 1210000 18150 1081752 1162500 1256122
 4007.838813 19519 1600 1600 1600 1600 78 46 0 78 52 0 78 42 0 78 44 0 15006 1210000 18150 1083670 1162500 1258446
 4008.038813 19520 1600 1600 1600 1600 78 46 0 78 52 0 78 42 0 78 44 0 15006 1210000 18150 1083670 1162500 1258446
 4008.238813 19521 1600 1600 1600 1600 78 46 0 78 52 0 78 42 0 78 44 0 15250 1210000 18150 1083670 1162500 1258446
 4008.438813 19522 1600 1600 1600 1600 78 46 0 78 52 0 78 42 0 78 44 0 15250 1210000 18150 1084218 1162500 1259608
 4008.638813 19523 1600 1600 1600 1600 78 46 0 78 52 0 78 42 0 78 44 0 15250 1210000 18150 1084218 1162500 1259608
 4008.838813 19524 1600 1600 1600 1600 78 46 0 78 52 0 78 42 0 78 44 0 15250 1210000 18150 1084218 1162500 1259608
 4009.038813 19525 1600 1600 1600 1600 78 46 0 78 52 0 78 42 0 78 44 0 15250 1210000 18150 1082574 1162500 1257284
 4009.238813 19526 1600 1600 1600 1600 78 46 0 78 52 0 78 42 0 78 44 0 15250 1208750 18120 1083670 1162500 1258446
 4009.438813 19527 1600 1600 1600 1600 78 46 0 78 52 0 78 42 0 78 44 0 15250 1210000 18150 1084218 1162500 1259608
 4009.638813 19528 1600 1600 1600 1600 78 46 0 78 52 0 78 42 0 78 44 0 15250 1210000 18150 1084218 1162500 1259608
 4009.838814 19529 1600 1600 1600 1600 78 46 0 78 52 0 78 42 0 78 44 0 15250 1210000 18150 1084766 1162500 1259608
 4010.038810 19530 1600 1600 1600 1600 78 46 0 78 52 0 78 42 0 78 44 0 15250 1210000 18150 1086684 1162500 1261932
 4010.238813 19531 1600 1600 1600 1600 78 46 0 78 52 0 78 42 0 78 44 0 15250 1208750 18120 1086410 1162500 1261932
 4010.438813 19532 1600 1600 1600 1600 78 46 0 78 52 0 78 42 0 78 44 0 15250 1208750 18120 1086410 1162500 1261932
 4010.638813 19533 1600 1600 1600 1600 78 46 0 78 52 0 78 42 0 78 44 0 15250 1210000 18150 1084766 1163750 1260692
 4010.838813 19534 1600 1600 1600 1600 78 46 0 78 52 0 78 42 0 78 44 0 15494 1210000 18150 1082848 1162500 1257284
 4011.038813 19535 1600 1600 1600 1600 78 46 0 78 52 0 78 42 0 78 44 0 15250 1210000 18150 1083396 1162500 1258446
 4011.238813 19536 1600 1600 1600 1600 78 46 0 78 52 0 78 42 0 78 44 0 15250 1210000 18150 1083396 1162500 1258446
 4011.438813 19537 1600 1600 1600 1600 78 46 0 78 52 0 78 42 0 78 44 0 15250 1210000 18150 1083396 1162500 1258446
 4011.638813 19538 1600 1600 1600 1600 78 46 0 78 52 0 78 42 0 78 44 0 15006 1210000 18150 1084492 1162500 1259608
 4011.838814 19539 1600 1600 1600 1600 78 46 0 78 52 0 78 42 0 78 44 0 15250 1210000 18150 1084766 1162500 1259608
 4012.038813 19540 1600 1600 1600 1600 78 46 0 78 52 0 78 42 0 78 44 0 15250 1210000 18150 1084766 1162500 1259608
 4012.238813 19541 1600 1600 1600 1600 78 46 0 78 52 0 78 42 0 78 44 0 15494 1210000 18150 1084218 1162500 1259608
 4012.438810 19542 1600 1600 1600 1600 78 46 0 78 52 0 78 42 0 78 44 0 15250 1208750 18120 1084218 1163750 1260692
 4012.638813 19543 1600 1600 1600 1600 78 46 0 78 52 0 78 42 0 78 44 0 15006 1210000 18150 1083396 1162500 1258446
 4012.838795 19544 1600 1600 1600 1600 78 46 0 78 52 0 78 42 0 78 44 0 15006 1210000 18150 1083396 1162500 1258446
 4013.038813 19545 1600 1600 1600 1600 78 46 0 78 52 0 78 42 0 78 44 0 15250 1210000 18150 1083396 1163750 1259529
 4013.238813 19546 1600 1600 1600 1600 78 46 0 78 52 0 78 42 0 78 44 0 15494 1210000 18150 1083670 1162500 1258446
 4013.438813 19547 1600 1600 1600 1600 78 46 0 78 52 0 78 42 0 78 44 0 15494 1210000 18150 1084492 1162500 1259608
 4013.638813 19548 1600 1600 1600 1600 78 46 0 78 52 0 78 42 0 78 44 0 15250 1210000 18150 1086410 1162500 1261932
 4013.838813 19549 1600 1600 1600 1600 78 46 0 78 52 0 78 42 0 78 44 0 15250 1210000 18150 1086410 1162500 1261932
 4014.038812 19550 1600 1600 1600 1600 78 46 0 78 52 0 78 42 0 78 44 0 15250 1210000 18150 1084492 1162500 1259608
 4014.238813 19551 1600 1600 1600 1600 78 46 0 78 52 0 78 42 0 78 44 0 15494 1210000 18150 1084766 1162500 1259608
 4014.438813 19552 1600 1600 1600 1600 78 46 0 78 52 0 78 42 0 78 44 0 15494 1210000 18150 1082848 1162500 1257284
 4014.638813 19553 1600 1600 1600 1600 78 46 0 78 52 0 78 42 0 78 44 0 15494 1210000 18150 1082848 1162500 1257284
 4014.838810 19554 1600 1600 1600 1600 78 46 0 78 52 0 78 42 0 78 44 0 15494 1210000 18150 1083670 1162500 1258446
 4015.038813 19555 1600 1600 1600 1600 78 46 0 78 52 0 78 42 0 78 44 0 15738 1210000 18150 1084766 1162500 1259608
 4015.238814 19556 1600 1600 1600 1600 78 46 0 78 52 0 78 42 0 78 44 0 15494 1210000 18150 1084766 1162500 1259608
 4015.438813 19557 1600 1600 1600 1600 78 46 0 78 52 0 78 42 0 78 44 0 15494 1210000 18150 1084766 1162500 1259608
 4015.638813 19558 1600 1600 1600 1600 78 46 0 78 52 0 78 42 0 78 44 0 15250 1210000 18150 1086136 1162500 1261932
 4015.838813 19559 1600 1600 1600 1600 78 46 0 78 52 0 78 42 0 78 44 0 15250 1210000 18150 1088328 1162500 1264256
 4016.038813 19560 1600 1600 1600 1600 79 46 0 79 52 0 79 42 0 79 44 0 15250 1210000 18150 1087232 1162500 1263094
 4016.238813 19561 1600 1600 1600 1600 79 46 0 79 52 0 79 42 0 79 44 0 15250 1210000 18150 1087232 1162500 1263094
 4016.438813 19562 1600 1600 1600 1600 79 46 0 79 52 0 79 42 0 79 44 0 15250 1208750 18120 1084492 1163750 1260692
 4016.638814 19563 1600 1600 1600 1600 79 46 0 79 52 0 79 42 0 79 44 0 15494 1210000 18150 1086136 1163750 1263018
 4016.838813 19564 1600 1600 1600 1600 79 46 0 79 52 0 79 42 0 79 44 0 15250 1210000 18150 1085040 1162500 1260770
 4017.038813 19565 1600 1600 1600 1600 78 46 0 78 52 0 78 42 0 78 44 0 15250 1210000 18150 1085040 1162500 1260770
 4017.238812 19566 1600 1600 1600 1600 78 46 0 78 52 0 78 42 0 78 44 0 15250 1210000 18150 1084766 1162500 1259608
 4017.438814 19567 1600 1600 1600 1600 78 46 0 78 52 0 78 42 0 78 44 0 15250 1208750 18120 1089150 1162500 1265418
 4017.638813 19568 1600 1600 1600 1600 78 46 0 78 52 0 78 42 0 78 44 0 15250 1210000 18150 1087780 1162500 1263094
 4017.838813 19569 1600 1600 1600 1600 78 46 0 78 52 0 78 42 0 78 44 0 15250 1210000 18150 1087780 1162500 1263094
 4018.038813 19570 1600 1600 1600 1600 79 46 0 79 52 0 79 42 0 79 44 0 15494 1208750 18120 1085588 1162500 1260770
 4018.238810 19571 1600 1600 1600 1600 79 46 0 79 52 0 79 42 0 79 44 0 15494 1208750 18120 1083670 1162500 1258446
 4018.438813 19572 1600 1600 1600 1600 79 46 0 79 52 0 79 42 0 79 44 0 15250 1208750 18120 1083944 1162500 1258446
 4018.638813 19573 1600 1600 1600 1600 79 46 0 79 52 0 79 42 0 79 44 0 15250 1208750 18120 1083944 1162500 1258446
 4018.838813 19574 1600 1600 1600 1600 79 46 0 79 52 0 79 42 0 79 44 0 15250 1210000 18150 1084218 1162500 1259608
 4019.038813 19575 1600 1600 1600 1600 79 46 0 79 52 0 79 42 0 79 44 0 15250 1210000 18150 1086410 1162500 1261932
 4019.238813 19576 1600 1600 1600 1600 79 46 0 79 52 0 79 42 0 79 44 0 15494 1208750 18120 1086136 1162500 1261932
 4019.438745 19577 1600 1600 1600 1600 79 46 0 79 52 0 79 42 0 79 44 0 15494 1210000 18150 1087232 1162500 1263094
 4019.638813 19578 1600 1600 1600 1600 79 46 0 79 52 0 79 42 0 79 44 0 15494 1210000 18150 1087232 1162500 1263094
 4019.838810 19579 1600 1600 1600 1600 79 46 0 79 52 0 79 42 0 79 44 0 15494 1210000 18150 1084766 1162500 1259608
 4020.038813 19580 1600 1600 1600 1600 79 46 0 79 52 0 79 42 0 79 44 0 15494 1210000 18150 1117098 1163750 1299071
 4020.238813 19581 1600 1600 1600 1600 79 46 0 79 52 0 79 42 0 79 44 0 15250 1210000 18150 1083670 1162500 1258446
 4020.438813 19582 1600 1600 1600 1600 79 46 0 79 52 0 79 42 0 79 44 0 15250 1210000 18150 1083670 1162500 1258446
 4020.638810 19583 1600 1600 1600 1600 79 46 0 79 52 0 79 42 0 79 44 0 15250 1210000 18150 1082574 1162500 1257284
 4020.838813 19584 1600 1600 1600 1600 79 46 0 79 52 0 79 42 0 79 44 0 15494 1208750 18120 1083396 1162500 1258446
 4021.038814 19585 1600 1600 1600 1600 79 46 0 79 52 0 79 42 0 79 44 0 15738 1210000 18150 1086136 1162500 1261932
 4021.238813 19586 1600 1600 1600 1600 79 46 0 79 52 0 79 42 0 79 44 0 15738 1210000 18150 1086136 1162500 1261932
 4021.438813 19587 1600 1600 1600 1600 79 46 0 79 52 0 79 42 0 79 44 0 15250 1208750 18120 1086136 1162500 1261932
 4021.638813 19588 1600 1600 1600 1600 79 46 0 79 52 0 79 42 0 79 44 0 15250 1208750 18120 1086136 1162500 1261932
 4021.838813 19589 1600 1600 1600 1600 79 46 0 79 52 0 79 42 0 79 44 0 15494 1208750 18120 1085314 1162500 1260770
 4022.038813 19590 1600 1600 1600 1600 79 46 0 79 52 0 79 42 0 79 44 0 15494 1208750 18120 1085314 1162500 1260770
 4022.238812 19591 1600 1600 1600 1600 79 46 0 79 52 0 79 42 0 79 44 0 15494 1210000 18150 1082026 1163750 1258366
 4022.438813 19592 1600 1600 1600 1600 79 46 0 79 52 0 79 42 0 79 44 0 15250 1210000 18150 1082300 1162500 1257284
 4022.638813 19593 1600 1600 1600 1600 79 46 0 79 52 0 79 42 0 79 44 0 15250 1210000 18150 1084218 1162500 1259608
 4022.838812 19594 1600 1600 1600 1600 79 46 0 79 52 0 79 42 0 79 44 0 15250 1210000 18150 1084218 1162500 1259608
 4023.038809 19595 1600 1600 1600 1600 79 46 0 79 52 0 79 42 0 79 44 0 15006 1210000 18150 1086136 1162500 1261932
 4023.238812 19596 1600 1600 1600 1600 79 46 0 79 52 0 79 42 0 79 44 0 15250 1210000 18150 1086410 1162500 1261932
 4023.438813 19597 1600 1600 1600 1600 79 46 0 79 52 0 79 42 0 79 44 0 15250 1210000 18150 1086684 1162500 1261932
 4023.638813 19598 1600 1600 1600 1600 79 46 0 79 52 0 79 42 0 79 44 0 15250 1210000 18150 1086684 1162500 1261932
 4023.838812 19599 1600 1600 1600 1600 79 46 0 79 52 0 79 42 0 79 44 0 15250 1210000 18150 1086958 1162500 1261932
 4024.038812 19600 1600 1600 1600 1600 78 46 0 78 52 0 78 42 0 78 44 0 15494 1210000 18150 1082848 1162500 1257284
 4024.238812 19601 1600 1600 1600 1600 78 46 0 78 52 0 78 42 0 78 44 0 15250 1210000 18150 1083670 1162500 1258446
 4024.438813 19602 1600 1600 1600 1600 78 46 0 78 52 0 78 42 0 78 44 0 15250 1210000 18150 1083670 1162500 1258446
 4024.638812 19603 1600 1600 1600 1600 78 46 0 78 52 0 78 42 0 78 44 0 15250 1208750 18120 1085862 1162500 1260770
 4024.838812 19604 1600 1600 1600 1600 78 46 0 78 52 0 78 42 0 78 44 0 15494 1208750 18120 1087780 1162500 1263094
 4025.038813 19605 1600 1600 1600 1600 79 46 0 79 52 0 79 42 0 79 44 0 15250 1208750 18120 1088054 1162500 1264256
 4025.238795 19606 1600 1600 1600 1600 79 46 0 79 52 0 79 42 0 79 44 0 15250 1208750 18120 1088054 1162500 1264256
 4025.438809 19607 1600 1600 1600 1600 79 46 0 79 52 0 79 42 0 79 44 0 15250 1210000 18150 1086958 1162500 1261932
 4025.638813 19608 1600 1600 1600 1600 79 46 0 79 52 0 79 42 0 79 44 0 15494 1208750 18120 1087780 1163750 1264181
 4025.838812 19609 1600 1600 1600 1600 79 46 0 79 52 0 79 42 0 79 44 0 15250 1210000 18150 1084218 1162500 1259608
 4026.038792 19610 1600 1600 1600 1600 78 46 0 78 52 0 78 42 0 78 44 0 15250 1210000 18150 1083670 1162500 1258446
 4026.238812 19611 1600 1600 1600 1600 78 46 0 78 52 0 78 42 0 78 44 0 15250 1210000 18150 1083670 1162500 1258446
 4026.438812 19612 1600 1600 1600 1600 78 46 0 78 52 0 78 42 0 78 44 0 15250 1210000 18150 1083944 1162500 1258446
 4026.638813 19613 1600 1600 1600 1600 78 46 0 78 52 0 78 42 0 78 44 0 15494 1208750 18120 1086136 1162500 1261932
 4026.838813 19614 1600 1600 1600 1600 78 46 0 78 52 0 78 42 0 78 44 0 15250 1208750 18120 1086958 1162500 1261932
 4027.038793 19615 1600 1600 1600 1600 78 46 0 78 52 0 78 42 0 78 44 0 15250 1208750 18120 1086958 1162500 1261932
 4027.238855 19616 1600 1600 1600 1600 78 46 0 78 52 0 78 42 0 78 44 0 15494 1210000 18150 1085862 1162500 1260770
 4027.438802 19617 1600 1600 1600 1600 78 46 0 78 52 0 78 42 0 78 44 0 15006 1210000 18150 843646 1161250 978723
